,date,time,venue,attendance,duration,time_of_day,winner,winning_name,winning_abbr,losing_name,losing_abbr,away_at_bats,away_runs,away_hits,away_rbi,away_earned_runs,away_bases_on_balls,away_strikeouts,away_plate_appearances,away_batting_average,away_on_base_percentage,away_slugging_percentage,away_on_base_plus,away_pitches,away_strikes,away_win_probability_for_offensive_player,away_average_leverage_index,away_win_probability_added,away_win_probability_subtracted,away_base_out_runs_added,away_putouts,away_assists,away_innings_pitched,away_home_runs,away_strikes_by_contact,away_strikes_swinging,away_strikes_looking,away_grounded_balls,away_fly_balls,away_line_drives,away_unknown_bat_type,away_game_score,away_inherited_runners,away_inherited_score,away_win_probability_by_pitcher,away_base_out_runs_saved,home_at_bats,home_runs,home_hits,home_rbi,home_earned_runs,home_bases_on_balls,home_strikeouts,home_plate_appearances,home_batting_average,home_on_base_percentage,home_slugging_percentage,home_on_base_plus,home_pitches,home_strikes,home_win_probability_for_offensive_player,home_average_leverage_index,home_win_probability_added,home_win_probability_subtracted,home_base_out_runs_added,home_putouts,home_assists,home_innings_pitched,home_home_runs,home_strikes_by_contact,home_strikes_swinging,home_strikes_looking,home_grounded_balls,home_fly_balls,home_line_drives,home_unknown_bat_type,home_game_score,home_inherited_runners,home_inherited_score,home_win_probability_by_pitcher,home_base_out_runs_saved
CIN/CIN201704030,"Monday, April 3, 2017",4:10 p.m. Local,Great American Ball Park,43804,3:04,Day,Away,Philadelphia Phillies,PHI,Cincinnati Reds,CIN,35,4,10,4,4.0,5,8,40,0.286,0.375,0.629,1.004,117,99,0.094,1.33,0.54,,-0.7,27,7,9.0,1,56,17,26,11,16,6,0,51,1,0,0.408,1.7,32,3,9,3,3.0,2,6,37,0.281,0.333,0.469,0.802,170,81,-0.407,0.59,0.614,,-1.7,27,8,9.0,2,52,13,16,8,20,10,0,42,2,0,-0.093,0.7
CIN/CIN201704050,"Wednesday, April 5, 2017",8:00 p.m. Local,Great American Ball Park,19944,2:25,Night,Home,Cincinnati Reds,CIN,Philadelphia Phillies,PHI,31,0,4,0,0.0,1,13,32,0.129,0.156,0.129,0.285,99,87,-0.605,0.94,0.269,,-4.7,24,9,8.0,1,44,20,23,14,4,2,0,61,1,0,0.105,2.2,28,2,5,2,2.25,1,8,29,0.179,0.207,0.357,0.564,133,62,-0.107,1.27,0.452,,-2.2,27,11,9.0,0,37,8,17,10,10,5,0,83,0,0,0.605,4.7
CIN/CIN201704060,"Thursday, April 6, 2017",12:36 p.m. Local,Great American Ball Park,10586,3:05,Day,Home,Cincinnati Reds,CIN,Philadelphia Phillies,PHI,30,4,6,3,4.0,6,12,36,0.2,0.333,0.433,0.767,133,94,-0.084,1.15,0.735,,-0.7,24,8,8.0,2,51,17,26,8,10,4,0,36,1,0,-0.416,-2.8,34,7,13,7,7.88,2,6,38,0.382,0.395,0.618,1.012,162,92,0.414,1.02,0.986,,2.8,27,9,9.0,2,61,9,22,11,18,11,1,35,0,0,0.085,0.7
SLN/SLN201704070,"Friday, April 7, 2017",7:16 p.m. Local,Busch Stadium III,44653,2:17,Night,Away,Cincinnati Reds,CIN,St. Louis Cardinals,STL,32,2,7,2,2.0,3,7,35,0.219,0.286,0.375,0.661,120,76,-0.214,1.16,0.569,,-2.6,27,9,9.0,0,43,9,25,11,14,8,0,70,0,0,0.714,4.6,28,0,2,0,0.0,3,8,31,0.071,0.161,0.071,0.233,116,80,-0.713,0.99,0.143,,-4.6,27,9,9.0,1,45,14,22,9,11,4,0,71,0,0,0.213,2.6
SLN/SLN201704080,"Saturday, April 8, 2017",1:15 p.m. Local,Busch Stadium III,46558,2:47,Day,Home,St. Louis Cardinals,STL,Cincinnati Reds,CIN,33,4,7,4,4.0,1,10,34,0.212,0.235,0.515,0.75,176,90,-0.154,0.39,0.194,,-0.6,24,12,8.0,2,47,15,28,12,11,3,0,26,2,0,-0.347,-5.9,33,10,10,10,11.25,12,7,46,0.303,0.489,0.545,1.034,132,94,0.347,0.46,0.6,,5.9,27,10,9.0,2,51,12,31,16,11,4,0,67,0,0,0.154,0.6
SLN/SLN201704090,"Sunday, April 9, 2017",1:15 p.m. Local,Busch Stadium III,45200,2:44,Day,Away,Cincinnati Reds,CIN,St. Louis Cardinals,STL,36,8,11,6,7.0,4,3,43,0.306,0.405,0.611,1.016,134,99,0.18,0.6,0.62,,3.4,27,11,9.0,0,62,10,27,10,24,11,0,69,2,0,0.322,4.6,31,0,6,0,0.0,1,9,32,0.194,0.219,0.258,0.477,154,92,-0.32,0.54,0.156,,-4.6,27,11,9.0,2,54,19,19,12,10,5,0,35,2,2,-0.178,-3.4
PIT/PIT201704100,"Monday, April 10, 2017",7:08 p.m. Local,PNC Park,28264,3:05,Night,Away,Cincinnati Reds,CIN,Pittsburgh Pirates,PIT,35,7,8,7,7.0,6,3,42,0.229,0.341,0.4,0.741,149,96,0.318,0.97,0.498,,2.5,27,9,9.0,0,58,9,29,13,20,9,0,43,3,0,0.181,3.5,31,1,4,1,1.0,5,13,36,0.129,0.25,0.129,0.379,167,90,-0.181,0.54,0.44,,-3.5,27,9,9.0,2,36,31,23,12,6,3,0,23,2,0,-0.319,-2.5
PIT/PIT201704110,"Tuesday, April 11, 2017",8:19 p.m. Local,PNC Park,11027,3:04,Night,Away,Cincinnati Reds,CIN,Pittsburgh Pirates,PIT,36,6,10,6,6.0,1,8,39,0.278,0.316,0.5,0.816,157,93,0.276,1.21,0.968,,1.5,27,14,9.0,0,56,15,22,11,18,11,0,53,2,0,0.225,2.5,34,2,6,0,1.0,5,6,40,0.176,0.3,0.176,0.476,140,98,-0.224,1.06,0.618,,-2.5,27,9,9.0,2,54,10,34,16,12,4,0,59,0,0,-0.276,-1.5
PIT/PIT201704120,"Wednesday, April 12, 2017",7:06 p.m. Local,PNC Park,12327,2:54,Night,Away,Cincinnati Reds,CIN,Pittsburgh Pirates,PIT,41,9,15,9,8.0,3,5,44,0.366,0.409,0.488,0.897,130,98,0.209,0.47,0.595,,4.5,27,11,9.0,1,64,11,23,16,20,10,0,61,1,0,0.292,2.5,33,2,7,2,2.0,1,10,35,0.212,0.257,0.394,0.651,159,88,-0.292,0.56,0.096,,-2.5,27,13,9.0,0,50,17,21,12,11,6,0,43,1,1,-0.209,-4.5
CIN/CIN201704130,"Thursday, April 13, 2017",7:10 p.m. Local,Great American Ball Park,13574,2:25,Night,Away,Milwaukee Brewers,MIL,Cincinnati Reds,CIN,33,5,10,5,5.0,1,5,36,0.303,0.343,0.515,0.858,121,80,0.241,0.67,0.516,,0.3,27,7,9.0,0,55,6,19,12,17,6,0,68,0,0,0.259,3.7,30,1,5,1,1.0,0,6,32,0.167,0.161,0.167,0.328,119,86,-0.26,0.54,0.153,,-3.7,27,12,9.0,2,59,8,19,13,13,5,0,40,0,0,-0.24,-0.3
CIN/CIN201704140,"Friday, April 14, 2017",7:10 p.m. Local,Great American Ball Park,23850,3:21,Night,Away,Milwaukee Brewers,MIL,Cincinnati Reds,CIN,38,10,12,10,10.0,6,9,45,0.316,0.422,0.553,0.975,145,115,0.492,0.54,1.191,,5.3,27,10,9.0,2,65,24,26,14,15,11,0,46,0,0,0.009,0.7,35,4,8,3,3.0,1,9,37,0.229,0.27,0.4,0.67,184,94,-0.01,1.05,0.373,,-0.7,27,11,9.0,1,50,12,32,12,14,8,0,49,1,1,-0.492,-5.3
CIN/CIN201704150,"Saturday, April 15, 2017",1:11 p.m. Local,Great American Ball Park,31008,3:10,Day,Home,Cincinnati Reds,CIN,Milwaukee Brewers,MIL,32,5,7,5,5.0,6,12,39,0.219,0.342,0.563,0.905,147,94,0.005,1.16,0.886,,0.3,24,9,8.0,1,47,19,28,6,15,5,0,47,0,0,-0.506,-2.8,33,7,11,7,7.88,5,5,40,0.333,0.421,0.697,1.118,154,94,0.507,1.22,1.134,,2.8,27,6,9.0,3,64,7,23,14,16,10,0,41,1,0,-0.006,-0.3
CIN/CIN201704160,"Sunday, April 16, 2017",1:10 p.m. Local,Great American Ball Park,12625,2:56,Day,Away,Milwaukee Brewers,MIL,Cincinnati Reds,CIN,32,4,5,4,3.0,4,10,38,0.156,0.27,0.469,0.739,131,95,0.057,1.18,0.64,,-0.7,27,10,9.0,1,56,15,24,8,15,3,0,56,0,0,0.443,2.7,30,2,5,2,2.0,3,6,34,0.167,0.265,0.267,0.531,166,81,-0.444,0.89,0.499,,-2.7,27,8,9.0,3,51,8,22,11,13,4,0,41,0,0,-0.056,0.7
CIN/CIN201704180,"Tuesday, April 18, 2017",7:11 p.m. Local,Great American Ball Park,16018,3:05,Night,Home,Cincinnati Reds,CIN,Baltimore Orioles,BAL,34,3,7,3,3.0,2,10,36,0.206,0.25,0.353,0.603,184,94,-0.059,0.5,0.164,,-1.7,24,10,8.0,2,51,16,27,13,11,8,0,9,1,1,-0.442,-4.8,35,9,11,9,10.12,6,8,43,0.314,0.419,0.571,0.99,133,106,0.443,0.3,0.611,,4.8,27,10,9.0,1,65,16,25,14,14,13,0,47,0,0,0.058,1.7
CIN/CIN201704190,"Wednesday, April 19, 2017",7:10 p.m. Local,Great American Ball Park,15083,2:28,Night,Away,Baltimore Orioles,BAL,Cincinnati Reds,CIN,33,2,9,2,2.0,1,16,35,0.273,0.286,0.333,0.619,120,88,-0.15,1.25,0.403,,-2.7,27,13,9.0,0,44,23,21,9,10,5,0,74,1,0,0.647,4.7,29,0,2,0,0.0,4,4,33,0.069,0.182,0.069,0.251,119,71,-0.648,0.89,0.218,,-4.7,27,6,9.0,0,38,11,22,15,10,3,0,66,0,0,0.147,2.7
CIN/CIN201704200,"Thursday, April 20, 2017",7:10 p.m. Local,Great American Ball Park,11910,2:37,Night,Away,Baltimore Orioles,BAL,Cincinnati Reds,CIN,33,2,5,2,1.8,2,9,35,0.152,0.2,0.273,0.473,130,93,-0.286,1.31,0.6,,-3.2,30,11,10.0,1,42,27,24,10,14,8,0,84,0,0,0.787,4.2,31,1,2,1,0.9,1,14,32,0.065,0.094,0.194,0.287,143,88,-0.787,1.27,0.273,,-4.2,30,12,10.0,1,48,17,23,10,7,3,0,69,0,0,0.286,3.2
CIN/CIN201704210,"Friday, April 21, 2017",7:10 p.m. Local,Great American Ball Park,29350,3:57,Night,Away,Chicago Cubs,CHC,Cincinnati Reds,CIN,41,6,10,6,4.91,4,11,48,0.244,0.333,0.512,0.846,204,118,0.268,1.23,1.558,,0.3,33,13,11.0,1,63,21,34,10,21,8,0,33,2,1,0.231,0.7,41,5,10,5,4.09,6,12,47,0.244,0.34,0.39,0.731,179,120,-0.231,1.5,0.839,,-0.7,33,10,11.0,3,59,22,39,16,13,7,0,61,0,0,-0.269,-0.3
CIN/CIN201704220,"Saturday, April 22, 2017",1:10 p.m. Local,Great American Ball Park,27189,3:24,Day,Away,Chicago Cubs,CHC,Cincinnati Reds,CIN,36,12,9,12,12.0,8,13,45,0.25,0.4,0.639,1.039,157,111,0.656,0.7,0.996,,7.3,27,9,9.0,3,58,32,21,7,16,6,0,46,1,0,-0.157,-3.3,41,8,14,8,7.0,0,13,41,0.341,0.341,0.634,0.976,192,104,0.157,0.68,0.65,,3.3,27,5,9.0,3,49,25,30,11,17,9,0,18,0,0,-0.657,-7.3
CIN/CIN201704230,"Sunday, April 23, 2017",1:10 p.m. Local,Great American Ball Park,32670,2:26,Day,Home,Cincinnati Reds,CIN,Chicago Cubs,CHC,35,5,9,5,4.0,0,10,35,0.257,0.257,0.371,0.629,128,82,-0.183,0.72,0.513,,0.3,24,9,8.0,1,39,17,26,12,13,6,0,41,0,0,-0.317,-2.8,31,7,6,6,5.62,3,8,35,0.194,0.257,0.355,0.612,119,79,0.317,0.96,0.646,,2.8,27,9,9.0,1,51,10,18,12,12,7,0,65,2,1,0.184,-0.3
MIL/MIL201704240,"Monday, April 24, 2017",6:40 p.m. Local,Miller Park,23943,3:24,Night,Home,Milwaukee Brewers,MIL,Cincinnati Reds,CIN,38,7,9,7,3.0,6,9,44,0.237,0.341,0.5,0.841,144,113,0.028,0.35,0.542,,2.3,24,14,8.0,3,72,17,24,11,18,8,0,3,1,0,-0.529,-6.8,35,11,9,11,11.25,5,8,40,0.257,0.35,0.571,0.921,192,89,0.529,0.64,0.684,,6.8,27,6,9.0,1,56,15,18,17,10,3,0,45,1,0,-0.029,-2.3
MIL/MIL201704250,"Tuesday, April 25, 2017",6:40 p.m. Local,Miller Park,28449,2:59,Night,Home,Milwaukee Brewers,MIL,Cincinnati Reds,CIN,35,1,8,1,1.0,3,9,38,0.229,0.289,0.343,0.632,153,97,-0.292,0.54,0.321,,-3.7,24,8,8.0,2,60,11,26,11,15,3,0,41,2,0,-0.207,-4.8,34,9,10,9,9.0,7,6,41,0.294,0.415,0.618,1.032,141,92,0.207,0.73,0.51,,4.8,27,7,9.0,1,56,9,27,11,17,11,0,60,1,0,0.293,3.7
MIL/MIL201704260,"Wednesday, April 26, 2017",12:40 p.m. Local,Miller Park,19062,2:53,Day,Home,Milwaukee Brewers,MIL,Cincinnati Reds,CIN,35,4,8,4,4.0,3,9,38,0.229,0.289,0.6,0.889,142,89,-0.042,0.39,0.322,,-0.7,24,10,8.0,1,52,13,24,11,15,3,0,7,1,0,-0.458,-4.8,36,9,14,8,9.0,4,8,41,0.389,0.439,0.556,0.995,143,83,0.457,0.47,0.58,,4.8,27,9,9.0,4,46,17,20,15,14,8,0,40,2,0,0.043,0.7
SLN/SLN201704280,"Friday, April 28, 2017",7:15 p.m. Local,Busch Stadium III,42722,3:08,Night,Home,St. Louis Cardinals,STL,Cincinnati Reds,CIN,35,5,10,5,5.0,4,7,40,0.286,0.359,0.486,0.845,136,99,-0.261,0.52,0.484,,0.4,24,10,8.0,2,61,10,28,11,18,5,0,32,2,2,-0.24,-2.9,32,7,11,7,6.75,4,4,38,0.344,0.395,0.594,0.988,160,80,0.238,1.01,0.577,,2.9,27,10,9.0,2,50,12,18,15,16,7,0,59,4,2,0.261,-0.4
SLN/SLN201704300,"Sunday, April 30, 2017",1:15 p.m. Local,Busch Stadium III,45682,3:20,Day,Away,Cincinnati Reds,CIN,St. Louis Cardinals,STL,42,5,16,5,5.0,3,9,45,0.381,0.422,0.524,0.946,151,115,0.179,1.39,1.258,,0.4,27,15,9.0,0,68,15,32,14,19,14,0,34,1,0,0.32,0.6,33,4,8,3,4.0,5,7,38,0.242,0.342,0.333,0.675,175,97,-0.32,1.41,0.692,,-0.6,27,12,9.0,0,62,11,24,15,11,8,0,56,1,1,-0.18,-0.4
CIN/CIN201705010,"Monday, May 1, 2017",7:11 p.m. Local,Great American Ball Park,14753,3:13,Night,Home,Cincinnati Reds,CIN,Pittsburgh Pirates,PIT,31,3,3,3,2.7,3,8,36,0.097,0.222,0.387,0.609,163,89,-0.32,1.6,0.615,,-2.2,29,10,9.2,1,51,8,30,14,9,1,0,58,0,0,-0.181,0.9,34,4,6,4,1.86,3,10,37,0.176,0.243,0.294,0.537,142,108,0.178,1.11,1.306,,-0.9,30,14,10.0,3,60,21,27,12,12,5,0,66,0,0,0.319,2.2
CIN/CIN201705020,"Tuesday, May 2, 2017",7:10 p.m. Local,Great American Ball Park,13909,3:00,Night,Away,Pittsburgh Pirates,PIT,Cincinnati Reds,CIN,37,12,10,10,11.0,8,8,45,0.27,0.4,0.514,0.914,137,97,0.54,0.54,0.91,,7.3,27,10,9.0,1,53,13,31,12,17,11,0,53,0,0,-0.04,1.7,32,3,5,3,3.0,5,8,37,0.156,0.27,0.313,0.583,177,86,0.04,0.65,0.368,,-1.7,27,10,9.0,1,49,16,21,12,12,4,0,23,2,2,-0.54,-7.3
CIN/CIN201705030,"Wednesday, May 3, 2017",7:11 p.m. Local,Great American Ball Park,14297,2:48,Night,Home,Cincinnati Reds,CIN,Pittsburgh Pirates,PIT,29,2,5,2,2.0,7,4,39,0.172,0.351,0.379,0.731,140,84,-0.231,0.42,0.328,,-2.7,24,7,8.0,3,47,15,21,13,13,4,0,32,0,0,-0.273,-2.8,32,7,10,7,7.88,3,9,37,0.312,0.389,0.656,1.045,155,89,0.271,0.82,0.494,,2.8,27,13,9.0,1,50,14,25,10,15,10,0,58,0,0,0.229,2.7
CIN/CIN201705040,"Thursday, May 4, 2017",1:31 p.m. Local,Great American Ball Park,17896,2:40,Day,Home,Cincinnati Reds,CIN,Pittsburgh Pirates,PIT,34,2,7,2,2.0,1,8,35,0.206,0.229,0.294,0.523,120,88,-0.374,0.88,0.38,,-2.7,24,12,8.0,0,51,15,22,10,16,7,0,41,0,0,-0.125,0.2,32,4,11,4,4.5,2,6,34,0.344,0.382,0.5,0.882,128,85,0.125,1.04,0.593,,-0.2,27,10,9.0,0,50,13,22,13,13,8,0,56,0,0,0.375,2.7
CIN/CIN201705050,"Friday, May 5, 2017",8:30 p.m. Local,Great American Ball Park,22724,3:15,Night,Home,Cincinnati Reds,CIN,San Francisco Giants,SFG,33,3,7,3,2.0,2,8,35,0.212,0.257,0.394,0.651,181,90,-0.085,0.41,0.144,,-1.7,24,7,8.0,0,54,14,22,10,15,10,0,0,3,3,-0.415,-8.8,38,13,16,12,13.5,12,8,52,0.421,0.558,0.579,1.137,144,102,0.415,0.3,0.604,,8.8,27,9,9.0,1,56,11,35,13,18,12,0,51,2,1,0.085,1.7
CIN/CIN201705060,"Saturday, May 6, 2017",7:10 p.m. Local,Great American Ball Park,20213,2:46,Night,Home,Cincinnati Reds,CIN,San Francisco Giants,SFG,30,2,5,2,2.0,5,4,36,0.167,0.278,0.233,0.511,171,76,0.027,0.38,0.365,,-2.7,24,8,8.0,3,48,9,19,8,19,6,0,0,2,0,-0.529,-9.8,40,14,18,13,13.5,3,5,46,0.45,0.467,0.85,1.317,131,112,0.529,0.47,0.682,,9.8,27,10,9.0,0,65,11,36,15,23,14,0,52,0,0,-0.029,2.7
CIN/CIN201705070,"Sunday, May 7, 2017",4:10 p.m. Local,Great American Ball Park,21142,2:28,Day,Home,Cincinnati Reds,CIN,San Francisco Giants,SFG,30,0,4,0,0.0,1,5,32,0.133,0.188,0.2,0.388,134,81,-0.35,0.5,0.216,,-4.7,24,5,8.0,2,47,10,24,17,8,1,0,62,0,0,-0.148,0.2,31,4,7,4,2.25,1,12,33,0.226,0.273,0.484,0.757,119,86,0.147,0.81,0.435,,-0.2,27,15,9.0,0,44,19,23,6,13,5,0,83,,,0.352,4.7
CIN/CIN201705080,"Monday, May 8, 2017",7:11 p.m. Local,Great American Ball Park,25960,3:28,Night,Away,New York Yankees,NYY,Cincinnati Reds,CIN,36,10,13,10,9.0,7,5,48,0.361,0.489,0.528,1.017,134,110,0.363,0.98,0.751,,5.3,27,11,9.0,1,69,13,28,19,14,8,0,48,0,0,0.137,0.7,36,4,11,4,3.0,1,6,37,0.306,0.324,0.417,0.741,193,93,-0.136,0.66,0.608,,-0.7,27,17,9.0,2,53,17,23,16,14,8,0,32,2,1,-0.362,-5.3
CIN/CIN201705090,"Tuesday, May 9, 2017",7:10 p.m. Local,Great American Ball Park,22035,2:49,Night,Home,Cincinnati Reds,CIN,New York Yankees,NYY,31,3,7,3,3.0,6,7,38,0.226,0.368,0.452,0.82,126,82,-0.268,0.94,0.742,,-1.7,24,10,8.0,0,41,11,30,11,13,8,0,38,0,0,-0.232,-0.8,32,5,8,5,5.62,4,7,37,0.25,0.351,0.25,0.601,152,77,0.232,1.29,0.697,,0.8,27,11,9.0,2,42,10,25,15,10,7,0,49,0,0,0.268,1.7
SFN/SFN201705110,"Thursday, May 11, 2017",7:15 p.m. Local,AT&T Park,41193,2:36,Night,Away,Cincinnati Reds,CIN,San Francisco Giants,SFG,33,3,7,3,3.0,2,4,35,0.212,0.257,0.333,0.59,133,88,-0.01,1.7,0.825,,-1.6,27,7,9.0,2,57,10,21,15,14,6,0,54,2,0,0.507,2.6,37,2,11,2,2.0,1,6,38,0.297,0.316,0.514,0.829,124,91,-0.508,1.36,0.774,,-2.6,27,10,9.0,0,49,14,28,10,21,6,0,60,0,0,0.008,1.6
SFN/SFN201705120,"Friday, May 12, 2017",7:15 p.m. Local,AT&T Park,41325,5:28,Night,Home,San Francisco Giants,SFG,Cincinnati Reds,CIN,56,2,11,2,1.06,8,13,69,0.196,0.313,0.25,0.563,222,163,-1.558,1.64,1.16,,-6.6,49,24,16.1,2,102,27,34,23,24,9,0,56,0,0,1.058,5.3,55,3,12,3,1.65,1,9,58,0.218,0.232,0.364,0.596,269,150,-1.056,2.06,0.968,,-5.3,51,20,17.0,0,99,20,31,25,23,10,0,67,2,0,1.558,6.6
SFN/SFN201705130,"Saturday, May 13, 2017",1:05 p.m. Local,AT&T Park,41269,2:33,Day,Home,San Francisco Giants,SFG,Cincinnati Reds,CIN,35,1,8,1,1.0,4,7,39,0.229,0.308,0.371,0.679,98,92,-0.475,0.58,0.535,,-3.6,24,9,8.0,2,55,15,22,11,18,8,0,61,,,-0.024,1.1,29,3,6,3,3.38,2,5,31,0.207,0.258,0.414,0.672,145,68,0.025,1.34,0.399,,-1.1,27,8,9.0,1,40,15,13,13,11,4,0,62,1,0,0.477,3.6
SFN/SFN201705140,"Sunday, May 14, 2017",1:06 p.m. Local,AT&T Park,42122,2:55,Day,Home,San Francisco Giants,SFG,Cincinnati Reds,CIN,35,3,11,3,3.0,0,9,36,0.314,0.306,0.457,0.763,133,95,-0.132,0.34,0.16,,-1.6,24,11,8.0,1,60,11,24,9,18,11,0,31,0,0,-0.37,-3.9,33,8,9,8,7.88,4,5,39,0.273,0.359,0.485,0.844,146,79,0.368,0.38,0.489,,3.9,27,8,9.0,0,51,14,14,16,13,7,0,52,2,0,0.131,1.6
CHN/CHN201705160,"Tuesday, May 16, 2017",7:09 p.m. Local,Wrigley Field,40653,3:07,Night,Home,Chicago Cubs,CHC,Cincinnati Reds,CIN,37,5,10,4,5.0,3,5,40,0.27,0.325,0.541,0.866,141,106,-0.071,0.77,0.633,,0.2,24,12,8.0,4,65,16,25,10,22,9,0,30,3,0,-0.431,-4.7,36,9,13,9,10.12,4,4,40,0.361,0.425,0.778,1.203,168,89,0.43,0.87,0.856,,4.7,27,8,9.0,3,56,18,15,13,19,8,0,43,1,0,0.071,-0.2
CHN/CHN201705170,"Wednesday, May 17, 2017",7:06 p.m. Local,Wrigley Field,38715,3:06,Night,Home,Chicago Cubs,CHC,Cincinnati Reds,CIN,35,5,9,5,5.0,3,7,39,0.257,0.316,0.371,0.687,154,103,-0.128,0.72,0.445,,0.2,24,11,8.0,0,56,22,25,16,13,6,0,25,1,0,-0.371,-2.7,29,7,6,7,5.62,6,9,37,0.207,0.361,0.241,0.602,167,100,0.372,0.8,0.65,,2.7,27,12,9.0,1,54,18,28,14,7,4,0,54,2,2,0.13,-0.2
CHN/CHN201705180,"Thursday, May 18, 2017",1:21 p.m. Local,Wrigley Field,36023,3:03,Day,Home,Chicago Cubs,CHC,Cincinnati Reds,CIN,39,5,12,5,5.0,1,9,42,0.308,0.333,0.385,0.718,156,103,-0.16,0.39,0.192,,0.2,24,8,8.0,2,54,22,27,15,15,9,1,29,0,0,-0.341,-4.7,31,9,9,9,7.88,9,7,41,0.29,0.439,0.516,0.955,155,97,0.342,0.41,0.486,,4.7,27,11,9.0,0,54,16,27,14,11,5,0,50,5,3,0.159,-0.2
CIN/CIN201705190,"Friday, May 19, 2017",7:10 p.m. Local,Great American Ball Park,23184,3:38,Night,Away,Colorado Rockies,COL,Cincinnati Reds,CIN,40,12,16,12,12.0,7,8,50,0.4,0.49,0.65,1.14,164,129,0.316,0.59,0.682,,7.3,27,13,9.0,2,74,28,27,18,16,8,0,61,0,0,0.183,-1.3,36,6,10,5,5.0,2,11,39,0.278,0.333,0.528,0.861,203,112,-0.181,0.55,0.315,,1.3,27,11,9.0,2,70,10,32,17,8,5,0,28,1,1,-0.317,-7.3
CIN/CIN201705200,"Saturday, May 20, 2017",4:10 p.m. Local,Great American Ball Park,25188,3:32,Day,Home,Cincinnati Reds,CIN,Colorado Rockies,COL,37,8,11,8,8.0,5,7,43,0.297,0.395,0.378,0.774,165,106,0.422,1.2,0.938,,3.3,24,10,8.0,3,66,17,23,9,21,7,0,42,2,2,-0.923,-7.8,33,12,12,12,13.5,8,7,45,0.364,0.467,0.636,1.103,158,100,0.922,0.92,1.48,,7.8,27,6,9.0,0,64,15,21,14,15,7,0,26,3,2,-0.422,-3.3
CIN/CIN201705210,"Sunday, May 21, 2017",1:10 p.m. Local,Great American Ball Park,23352,3:14,Day,Away,Colorado Rockies,COL,Cincinnati Reds,CIN,37,6,11,6,6.0,3,7,42,0.297,0.357,0.703,1.06,137,94,0.2,1.41,0.635,,1.3,27,13,9.0,2,59,10,26,12,19,9,0,42,1,0,0.299,0.7,34,4,9,4,4.0,3,9,38,0.265,0.342,0.529,0.872,146,94,-0.298,0.66,0.782,,-0.7,27,8,9.0,4,55,15,24,9,15,6,1,28,1,0,-0.201,-1.3
CIN/CIN201705220,"Monday, May 22, 2017",7:10 p.m. Local,Great American Ball Park,26794,2:39,Night,Home,Cincinnati Reds,CIN,Cleveland Indians,CLE,33,1,7,1,1.0,2,12,35,0.212,0.257,0.394,0.651,95,91,-0.374,0.71,0.455,,-3.7,24,5,8.0,1,49,10,32,7,14,8,0,41,4,2,-0.126,-0.8,33,5,10,5,4.5,0,6,33,0.303,0.303,0.455,0.758,143,67,0.126,1.04,0.576,,0.8,27,11,9.0,1,45,8,14,6,21,9,0,67,0,0,0.373,3.7
CIN/CIN201705230,"Tuesday, May 23, 2017",7:10 p.m. Local,Great American Ball Park,26334,3:16,Night,Away,Cleveland Indians,CLE,Cincinnati Reds,CIN,36,8,7,7,7.0,4,6,40,0.194,0.275,0.611,0.886,169,91,0.6,1.77,1.156,,3.3,27,9,9.0,1,55,9,27,15,15,5,0,49,3,2,-0.101,-2.3,36,7,11,7,7.0,5,10,43,0.306,0.419,0.5,0.919,153,103,0.102,0.95,1.388,,2.3,27,12,9.0,4,60,19,24,9,17,8,0,26,0,0,-0.601,-3.3
CLE/CLE201705240,"Wednesday, May 24, 2017",6:10 p.m. Local,Progressive Field,19426,3:07,Night,Away,Cincinnati Reds,CIN,Cleveland Indians,CLE,34,4,7,4,4.0,3,8,39,0.206,0.289,0.294,0.584,148,96,0.218,1.31,1.377,,-1.0,27,14,9.0,1,59,7,30,13,14,7,0,42,0,0,0.281,2.0,33,3,10,3,3.0,5,6,39,0.303,0.395,0.485,0.88,159,86,-0.282,1.81,0.77,,-2.0,27,10,9.0,1,58,5,23,13,15,9,0,56,0,0,-0.218,1.0
PHI/PHI201705260,"Friday, May 26, 2017",7:08 p.m. Local,Citizens Bank Park,21388,2:34,Night,Away,Cincinnati Reds,CIN,Philadelphia Phillies,PHI,34,5,7,5,5.0,2,8,36,0.206,0.25,0.382,0.632,121,95,0.183,0.73,0.417,,0.4,27,18,9.0,0,49,14,32,14,12,5,0,82,2,1,0.318,2.6,29,2,3,2,1.0,3,5,33,0.103,0.212,0.172,0.385,134,77,-0.317,0.48,0.199,,-2.6,27,10,9.0,2,46,13,18,17,7,4,0,43,0,0,-0.181,-0.4
PHI/PHI201705270,"Saturday, May 27, 2017",4:09 p.m. Local,Citizens Bank Park,30100,2:47,Day,Home,Philadelphia Phillies,PHI,Cincinnati Reds,CIN,35,3,9,3,3.0,3,8,39,0.257,0.333,0.4,0.733,123,101,-0.326,1.12,0.755,,-1.6,24,8,8.0,3,58,16,27,10,17,10,0,48,0,0,-0.169,-0.3,29,4,7,4,4.5,1,5,31,0.241,0.267,0.586,0.853,156,80,0.169,1.5,0.799,,0.3,27,8,9.0,1,45,13,24,10,15,4,0,43,1,0,0.331,1.6
PHI/PHI201705280,"Sunday, May 28, 2017",1:38 p.m. Local,Citizens Bank Park,25413,2:50,Day,Away,Cincinnati Reds,CIN,Philadelphia Phillies,PHI,37,8,12,8,8.0,1,7,38,0.324,0.342,0.73,1.072,141,93,0.468,1.04,0.876,,3.4,27,14,9.0,1,53,16,24,12,19,7,0,39,0,0,0.031,0.6,33,4,10,4,4.0,2,6,36,0.303,0.361,0.455,0.816,137,87,-0.034,0.67,0.811,,-0.6,27,9,9.0,5,53,11,23,14,13,7,0,23,0,0,-0.468,-3.4
TOR/TOR201705290,"Monday, May 29, 2017",7:08 p.m. Local,Rogers Centre,29844,3:06,Night,Home,Toronto Blue Jays,TOR,Cincinnati Reds,CIN,32,2,6,2,2.0,1,7,34,0.188,0.235,0.281,0.517,183,87,-0.081,0.34,0.158,,-2.8,24,18,8.0,3,48,15,24,15,10,4,0,22,5,3,-0.42,-12.7,46,17,23,16,18.0,7,1,54,0.5,0.574,0.804,1.378,138,106,0.421,0.35,0.57,,12.7,27,10,9.0,1,66,12,28,22,23,12,0,59,0,0,0.08,2.8
TOR/TOR201705300,"Tuesday, May 30, 2017",7:07 p.m. Local,Rogers Centre,32747,2:53,Night,Home,Toronto Blue Jays,TOR,Cincinnati Reds,CIN,34,4,8,4,4.0,6,11,40,0.235,0.35,0.529,0.879,134,102,-0.115,0.92,0.939,,-0.8,24,8,8.0,4,53,27,22,11,12,5,0,41,0,0,-0.387,-1.7,29,6,7,6,6.75,3,8,34,0.241,0.353,0.655,1.008,168,80,0.387,1.44,0.939,,1.7,27,7,9.0,3,41,16,23,9,12,4,0,48,1,0,0.113,0.8
TOR/TOR201705310,"Wednesday, May 31, 2017",12:37 p.m. Local,Rogers Centre,44058,2:53,Day,Home,Toronto Blue Jays,TOR,Cincinnati Reds,CIN,34,4,7,4,4.0,4,15,38,0.206,0.289,0.412,0.701,134,105,-0.254,1.18,1.014,,-0.8,24,5,8.0,2,54,18,33,8,11,3,0,51,0,0,-0.247,-0.7,28,5,7,5,5.62,3,6,32,0.25,0.313,0.464,0.777,153,74,0.249,1.67,0.911,,0.7,27,6,9.0,2,44,9,21,7,16,6,0,51,2,0,0.254,0.8
CIN/CIN201706020,"Friday, June 2, 2017",7:10 p.m. Local,Great American Ball Park,27300,3:03,Night,Home,Cincinnati Reds,CIN,Atlanta Braves,ATL,38,2,12,2,1.8,1,5,41,0.316,0.325,0.447,0.772,153,99,-0.285,1.73,0.445,,-3.2,27,8,9.0,1,67,13,19,13,22,8,0,81,0,0,-0.214,1.7,32,3,6,2,3.0,3,12,36,0.188,0.257,0.344,0.601,151,90,0.215,0.93,1.351,,-1.7,30,9,10.0,1,51,12,27,13,8,3,0,51,2,0,0.287,3.2
CIN/CIN201706030,"Saturday, June 3, 2017",4:10 p.m. Local,Great American Ball Park,26485,4:20,Day,Away,Atlanta Braves,ATL,Cincinnati Reds,CIN,45,6,12,6,3.75,4,4,52,0.267,0.365,0.422,0.788,207,133,-0.054,2.09,1.363,,-0.3,36,14,12.0,1,89,15,29,16,25,14,0,37,3,3,0.553,1.3,44,5,8,5,3.0,10,11,56,0.182,0.345,0.295,0.641,205,126,-0.553,1.4,1.41,,-1.3,36,17,12.0,2,68,23,35,16,18,7,0,29,1,1,0.053,0.3
CIN/CIN201706040,"Sunday, June 4, 2017",1:11 p.m. Local,Great American Ball Park,26227,3:23,Day,Away,Atlanta Braves,ATL,Cincinnati Reds,CIN,39,13,14,12,12.0,4,4,48,0.359,0.435,0.718,1.153,161,108,0.578,0.68,0.841,,8.3,27,7,9.0,3,82,8,18,17,21,11,0,19,0,0,-0.078,-3.3,37,8,12,8,8.0,3,9,41,0.324,0.375,0.703,1.078,165,111,0.078,0.53,0.599,,3.3,27,14,9.0,3,63,19,29,8,21,11,0,8,0,0,-0.579,-8.3
CIN/CIN201706050,"Monday, June 5, 2017",7:10 p.m. Local,Great American Ball Park,16325,2:35,Night,Home,Cincinnati Reds,CIN,St. Louis Cardinals,STL,31,2,8,2,2.0,3,10,34,0.258,0.324,0.323,0.646,123,93,-0.239,1.25,0.506,,-2.7,24,9,8.0,0,54,17,22,10,11,5,0,55,2,2,-0.261,0.2,28,4,6,4,4.5,2,9,30,0.214,0.267,0.286,0.552,140,77,0.261,1.03,0.874,,-0.2,27,12,9.0,0,45,9,23,10,9,4,0,52,0,0,0.24,2.7
CIN/CIN201706060,"Tuesday, June 6, 2017",7:10 p.m. Local,Great American Ball Park,18620,2:47,Night,Home,Cincinnati Reds,CIN,St. Louis Cardinals,STL,30,1,5,1,1.0,3,7,33,0.167,0.242,0.267,0.509,169,87,-0.192,0.41,0.053,,-3.7,24,10,8.0,4,49,15,25,8,15,5,0,10,1,1,-0.31,-8.8,35,13,11,13,14.62,6,6,42,0.314,0.429,0.743,1.171,137,99,0.311,0.32,0.48,,8.8,27,9,9.0,1,56,13,30,14,15,6,0,72,0,0,0.189,3.7
CIN/CIN201706070,"Wednesday, June 7, 2017",7:10 p.m. Local,Great American Ball Park,20891,2:45,Night,Home,Cincinnati Reds,CIN,St. Louis Cardinals,STL,35,4,11,4,4.0,2,7,37,0.314,0.351,0.486,0.837,130,89,-0.016,1.02,0.563,,-0.7,24,11,8.0,3,61,9,19,13,15,8,0,59,1,1,-0.484,-1.8,32,6,10,6,6.75,2,6,34,0.312,0.353,0.656,1.009,138,81,0.484,0.79,1.079,,1.8,27,13,9.0,1,45,9,27,14,11,8,1,39,2,1,0.016,0.7
CIN/CIN201706080,"Thursday, June 8, 2017",12:35 p.m. Local,Great American Ball Park,28917,2:21,Day,Home,Cincinnati Reds,CIN,St. Louis Cardinals,STL,32,2,6,2,2.0,0,6,32,0.188,0.188,0.313,0.5,117,79,-0.377,0.85,0.166,,-2.7,24,11,8.0,1,46,12,21,13,13,9,0,40,0,0,-0.122,-0.8,35,5,12,4,4.5,2,7,38,0.343,0.395,0.457,0.852,122,81,0.125,0.79,0.696,,0.8,27,12,9.0,1,53,11,17,16,12,5,0,73,0,0,0.377,2.7
LAN/LAN201706090,"Friday, June 9, 2017",7:10 p.m. Local,Dodger Stadium,44036,3:02,Night,Home,Los Angeles Dodgers,LAD,Cincinnati Reds,CIN,32,2,5,2,2.0,3,11,35,0.156,0.229,0.25,0.479,147,108,-0.18,0.6,0.279,,-2.5,24,9,8.0,2,59,20,29,9,12,3,0,42,3,0,-0.322,-3.0,32,7,9,6,7.88,5,6,38,0.281,0.395,0.5,0.895,158,86,0.321,0.69,0.582,,3.0,27,6,9.0,1,44,12,30,13,13,3,0,61,0,0,0.179,2.5
LAN/LAN201706100,"Saturday, June 10, 2017",7:10 p.m. Local,Dodger Stadium,43439,3:04,Night,Home,Los Angeles Dodgers,LAD,Cincinnati Reds,CIN,35,4,8,4,4.0,0,11,36,0.229,0.25,0.343,0.593,141,97,-0.21,1.2,0.718,,-0.5,26,9,8.2,1,56,24,17,13,12,4,0,40,2,1,-0.289,-1.1,34,5,10,5,5.19,1,4,38,0.294,0.306,0.529,0.835,135,101,0.289,1.35,0.933,,1.1,27,7,9.0,1,71,11,19,13,20,8,0,54,2,2,0.211,0.5
LAN/LAN201706110,"Sunday, June 11, 2017",1:10 p.m. Local,Dodger Stadium,42674,2:58,Day,Home,Los Angeles Dodgers,LAD,Cincinnati Reds,CIN,38,7,12,7,7.0,2,7,41,0.316,0.341,0.684,1.026,133,102,0.343,1.33,0.723,,2.5,24,9,8.0,4,62,20,20,10,22,7,0,49,3,1,-0.843,-5.0,34,9,10,9,9.0,5,6,40,0.294,0.4,0.676,1.076,147,80,0.845,0.61,1.553,,5.0,27,6,9.0,4,50,12,18,12,16,4,0,39,0,0,-0.343,-2.5
SDN/SDN201706120,"Monday, June 12, 2017",7:12 p.m. Local,Petco Park,17006,2:39,Night,Home,San Diego Padres,SDP,Cincinnati Reds,CIN,34,3,8,3,3.0,2,8,36,0.235,0.278,0.294,0.572,142,82,0.029,0.41,0.256,,-1.4,24,10,8.0,2,44,14,24,16,10,5,0,4,1,0,-0.529,-5.1,36,9,14,9,10.12,1,7,39,0.389,0.421,0.722,1.143,129,87,0.529,0.41,0.681,,5.1,27,10,9.0,0,54,13,20,15,15,7,0,50,2,0,-0.029,1.4
SDN/SDN201706130,"Tuesday, June 13, 2017",7:10 p.m. Local,Petco Park,20463,2:35,Night,Home,San Diego Padres,SDP,Cincinnati Reds,CIN,35,2,9,2,2.0,2,6,38,0.257,0.316,0.286,0.602,131,89,-0.312,0.53,0.144,,-2.4,24,8,8.0,2,52,11,26,18,11,4,0,39,0,0,-0.188,-2.1,34,6,12,6,6.75,2,9,38,0.353,0.389,0.559,0.948,134,81,0.188,0.54,0.464,,2.1,27,9,9.0,0,38,11,32,11,16,9,0,64,3,0,0.312,2.4
SDN/SDN201706140,"Wednesday, June 14, 2017",12:42 p.m. Local,Petco Park,20386,2:26,Day,Home,San Diego Padres,SDP,Cincinnati Reds,CIN,29,2,6,2,2.0,1,5,31,0.207,0.233,0.448,0.682,137,67,-0.274,1.16,0.382,,-2.4,24,12,8.0,1,40,8,19,14,11,4,0,56,0,0,-0.226,-0.1,31,4,8,4,4.5,5,11,36,0.258,0.361,0.419,0.78,102,87,0.227,0.91,0.83,,0.1,27,14,9.0,2,50,16,21,11,9,3,0,62,0,0,0.273,2.4
CIN/CIN201706160,"Friday, June 16, 2017",7:10 p.m. Local,Great American Ball Park,35613,2:45,Night,Away,Los Angeles Dodgers,LAD,Cincinnati Reds,CIN,32,3,7,3,3.0,7,7,40,0.219,0.375,0.375,0.75,103,96,-0.06,1.2,0.432,,-1.7,27,12,9.0,1,55,15,26,14,11,7,0,75,0,0,0.561,3.7,30,1,5,1,1.0,0,8,31,0.167,0.194,0.333,0.527,164,81,-0.56,0.71,0.343,,-3.7,27,16,9.0,1,44,14,24,11,11,6,0,54,0,0,0.061,1.7
CIN/CIN201706170,"Saturday, June 17, 2017",4:12 p.m. Local,Great American Ball Park,42431,3:28,Day,Away,Los Angeles Dodgers,LAD,Cincinnati Reds,CIN,39,10,12,10,9.0,5,9,45,0.308,0.378,0.692,1.07,172,107,0.421,0.8,0.671,,5.3,27,7,9.0,0,61,16,30,14,17,6,0,48,0,0,0.079,2.7,37,2,11,1,2.0,2,11,39,0.297,0.333,0.541,0.874,168,111,-0.08,0.41,0.526,,-2.7,27,8,9.0,4,58,26,27,6,20,11,0,29,1,0,-0.421,-5.3
CIN/CIN201706180,"Sunday, June 18, 2017",1:11 p.m. Local,Great American Ball Park,27316,3:20,Day,Away,Los Angeles Dodgers,LAD,Cincinnati Reds,CIN,37,8,10,8,8.0,5,8,42,0.27,0.357,0.541,0.898,163,102,0.263,1.16,0.578,,3.3,27,9,9.0,3,53,18,31,10,19,7,0,61,1,0,0.237,-2.3,36,7,9,7,7.0,5,9,42,0.25,0.357,0.556,0.913,155,107,-0.238,0.47,0.666,,2.3,27,8,9.0,2,64,24,19,9,18,11,0,28,0,0,-0.264,-3.3
TBA/TBA201706190,"Monday, June 19, 2017",7:10 p.m. Local,Tropicana Field,17117,3:08,Night,Away,Cincinnati Reds,CIN,Tampa Bay Rays,TBR,35,7,9,6,7.0,6,6,43,0.257,0.395,0.486,0.881,133,97,0.443,1.13,0.967,,2.4,27,9,9.0,2,62,15,20,9,20,3,0,57,1,1,0.055,1.6,33,3,7,3,3.0,1,10,35,0.212,0.257,0.394,0.651,164,86,-0.056,0.85,0.735,,-1.6,27,3,9.0,2,43,15,28,11,12,5,0,56,2,2,-0.445,-2.4
TBA/TBA201706200,"Tuesday, June 20, 2017",7:11 p.m. Local,Tropicana Field,13375,3:20,Night,Home,Tampa Bay Rays,TBR,Cincinnati Reds,CIN,40,5,13,5,5.0,2,10,42,0.325,0.357,0.575,0.932,162,102,-0.128,0.66,0.532,,0.4,24,8,8.0,2,60,13,29,13,17,8,0,26,1,0,-0.371,-1.9,31,6,8,6,6.75,5,9,36,0.258,0.361,0.548,0.909,153,99,0.371,0.83,0.764,,1.9,27,9,9.0,1,58,18,25,10,12,7,0,57,0,0,0.128,-0.4
TBA/TBA201706210,"Wednesday, June 21, 2017",12:10 p.m. Local,Tropicana Field,19619,3:16,Day,Home,Tampa Bay Rays,TBR,Cincinnati Reds,CIN,32,3,5,3,3.0,6,12,38,0.156,0.289,0.313,0.602,139,96,-0.173,0.8,0.53,,-1.6,24,5,8.0,2,51,26,19,9,11,5,0,44,3,2,-0.328,-3.9,35,8,14,8,9.0,4,8,39,0.4,0.462,0.629,1.09,154,93,0.328,1.14,0.81,,3.9,27,12,9.0,1,62,12,19,7,20,9,0,59,8,1,0.173,1.6
WAS/WAS201706230,"Friday, June 23, 2017",7:06 p.m. Local,Nationals Park,36347,3:51,Night,Home,Washington Nationals,WSN,Cincinnati Reds,CIN,37,5,9,5,4.5,3,6,44,0.243,0.341,0.405,0.746,200,99,-0.234,1.76,0.608,,-0.4,29,10,9.2,4,62,8,29,12,20,9,0,49,3,0,-0.265,-1.1,37,6,13,6,5.59,9,11,48,0.351,0.468,0.676,1.144,150,121,0.264,1.04,1.633,,1.1,30,11,10.0,1,65,21,35,13,15,8,0,34,0,0,0.235,0.4
WAS/WAS201706240,"Saturday, June 24, 2017",4:06 p.m. Local,Nationals Park,40139,3:22,Day,Home,Washington Nationals,WSN,Cincinnati Reds,CIN,34,3,10,3,3.0,1,5,37,0.294,0.306,0.441,0.747,206,96,-0.12,0.33,0.136,,-1.8,24,7,8.0,2,63,12,21,12,19,8,0,10,1,1,-0.38,-13.7,40,18,19,17,20.25,7,10,51,0.475,0.52,0.75,1.27,136,122,0.379,0.33,0.531,,13.7,27,8,9.0,1,73,25,24,15,19,10,0,65,0,0,0.12,1.8
WAS/WAS201706250,"Sunday, June 25, 2017",1:35 p.m. Local,Nationals Park,35387,3:07,Day,Away,Cincinnati Reds,CIN,Washington Nationals,WSN,37,6,12,5,6.0,2,9,39,0.324,0.359,0.486,0.845,139,109,0.291,0.64,0.475,,1.2,27,11,9.0,1,66,17,26,12,17,8,0,58,1,0,0.209,2.8,34,2,8,2,2.0,2,6,36,0.235,0.278,0.353,0.631,158,85,-0.207,0.4,0.247,,-2.8,27,9,9.0,1,48,10,27,12,16,4,0,35,1,0,-0.292,-1.2
SLN/SLN201706260,"Monday, June 26, 2017",3:15 p.m. Local,Busch Stadium III,46535,2:49,Day,Home,St. Louis Cardinals,STL,Cincinnati Reds,CIN,33,2,9,2,2.0,1,7,36,0.273,0.278,0.333,0.611,140,94,-0.161,0.42,0.291,,-2.6,24,12,8.0,2,57,9,28,16,12,4,0,39,3,0,-0.339,-3.9,34,8,13,7,9.0,4,7,40,0.382,0.462,0.647,1.109,130,88,0.339,0.57,0.562,,3.9,27,10,9.0,0,48,18,22,15,13,10,0,62,0,0,0.162,2.6
CIN/CIN201706270,"Tuesday, June 27, 2017",7:11 p.m. Local,Great American Ball Park,18577,2:55,Night,Home,Cincinnati Reds,CIN,Milwaukee Brewers,MIL,34,6,9,6,6.0,4,8,39,0.265,0.359,0.559,0.918,138,95,-0.02,0.71,0.815,,1.3,24,4,8.0,4,48,20,27,11,15,4,0,13,2,1,-0.479,-3.8,32,8,10,8,9.0,3,7,37,0.312,0.378,0.719,1.097,152,87,0.481,1.12,0.834,,3.8,27,9,9.0,3,58,8,21,4,22,12,0,41,0,0,0.021,-1.3
CIN/CIN201706280,"Wednesday, June 28, 2017",7:10 p.m. Local,Great American Ball Park,21842,2:56,Night,Home,Cincinnati Reds,CIN,Milwaukee Brewers,MIL,32,3,8,3,3.0,3,14,36,0.25,0.306,0.438,0.743,145,95,-0.279,1.1,0.96,,-1.7,24,8,8.0,2,43,29,23,9,10,6,0,54,0,0,-0.222,0.2,28,4,4,4,4.5,6,5,34,0.143,0.294,0.357,0.651,151,87,0.222,1.63,0.791,,-0.2,27,8,9.0,2,49,15,23,10,13,2,0,57,1,0,0.277,1.7
CIN/CIN201706290,"Thursday, June 29, 2017",7:10 p.m. Local,Great American Ball Park,20419,3:15,Night,Away,Milwaukee Brewers,MIL,Cincinnati Reds,CIN,39,11,12,11,11.0,4,10,44,0.308,0.386,0.795,1.181,144,108,0.364,0.21,0.52,,6.3,27,12,9.0,2,59,27,22,15,14,5,0,73,0,0,0.137,1.7,33,3,7,2,3.0,2,11,35,0.212,0.257,0.455,0.712,163,94,-0.137,0.25,0.034,,-1.7,27,12,9.0,6,59,18,17,10,12,6,0,23,2,0,-0.363,-6.3
CIN/CIN201706300,"Friday, June 30, 2017",7:10 p.m. Local,Great American Ball Park,39501,2:37,Night,Home,Cincinnati Reds,CIN,Chicago Cubs,CHC,30,0,3,0,0.0,2,7,32,0.1,0.156,0.1,0.256,133,82,-0.378,0.51,0.159,,-4.7,24,8,8.0,1,51,11,20,14,9,4,0,45,0,0,-0.123,-0.8,31,5,10,4,4.5,3,10,34,0.323,0.382,0.516,0.898,134,82,0.124,0.75,0.431,,0.8,27,11,9.0,0,44,13,25,12,9,8,0,78,0,0,0.378,4.7
CIN/CIN201707010,"Saturday, July 1, 2017",4:10 p.m. Local,Great American Ball Park,39826,3:02,Day,Home,Cincinnati Reds,CIN,Chicago Cubs,CHC,33,3,8,3,3.0,2,10,36,0.242,0.306,0.485,0.79,144,105,-0.275,1.16,0.719,,-1.7,24,11,8.0,0,60,19,26,10,13,3,0,34,2,0,-0.227,-0.8,29,5,8,4,5.62,7,5,37,0.276,0.432,0.31,0.743,149,88,0.228,1.22,0.899,,0.8,27,9,9.0,2,53,14,21,12,12,5,0,50,2,0,0.272,1.7
CIN/CIN201707020,"Sunday, July 2, 2017",1:11 p.m. Local,Great American Ball Park,38536,3:08,Day,Away,Chicago Cubs,CHC,Cincinnati Reds,CIN,36,6,11,6,6.0,3,8,40,0.306,0.375,0.611,0.986,142,109,0.153,0.63,0.487,,1.3,27,10,9.0,0,64,18,27,15,13,8,0,79,4,2,0.344,2.7,32,2,5,2,2.0,3,9,35,0.156,0.229,0.156,0.385,166,98,-0.344,0.45,0.129,,-2.7,27,13,9.0,3,62,17,19,14,9,4,0,47,0,0,-0.157,-1.3
COL/COL201707030,"Monday, July 3, 2017",6:12 p.m. Local,Coors Field,49131,2:48,Night,Home,Colorado Rockies,COL,Cincinnati Reds,CIN,29,3,5,3,3.0,3,6,33,0.172,0.242,0.379,0.622,148,70,-0.31,0.94,0.507,,-2.4,24,6,8.0,2,42,8,20,14,10,1,0,42,1,0,-0.191,-0.2,32,5,10,5,5.62,3,10,36,0.312,0.361,0.625,0.986,113,87,0.191,1.11,0.756,,0.2,27,14,9.0,2,52,18,17,11,12,3,0,58,0,0,0.308,2.4
COL/COL201707040,"Tuesday, July 4, 2017",6:11 p.m. Local,Coors Field,48338,2:58,Night,Away,Cincinnati Reds,CIN,Colorado Rockies,COL,35,8,10,8,8.0,4,3,41,0.286,0.359,0.6,0.959,142,93,0.205,0.81,0.58,,2.6,27,9,9.0,0,60,7,26,16,18,7,0,55,0,0,0.295,4.4,35,1,10,1,1.0,0,8,35,0.286,0.286,0.286,0.571,150,92,-0.294,0.59,0.363,,-4.4,27,15,9.0,3,52,20,20,13,14,7,0,31,1,0,-0.204,-2.6
COL/COL201707050,"Wednesday, July 5, 2017",6:43 p.m. Local,Coors Field,32188,3:24,Night,Home,Colorado Rockies,COL,Cincinnati Reds,CIN,37,3,11,2,2.0,3,9,40,0.297,0.35,0.378,0.728,141,103,-0.396,0.75,1.055,,-2.4,24,10,8.0,2,60,13,30,18,10,7,0,46,3,0,-0.104,-0.2,29,5,6,5,5.62,3,11,34,0.207,0.303,0.414,0.717,161,86,0.103,1.71,0.527,,0.2,27,11,9.0,0,42,17,27,9,10,6,0,47,4,1,0.398,2.4
COL/COL201707060,"Thursday, July 6, 2017",1:11 p.m. Local,Coors Field,27328,3:04,Day,Away,Cincinnati Reds,CIN,Colorado Rockies,COL,35,6,13,6,6.0,5,8,42,0.371,0.45,0.657,1.107,136,97,0.113,1.16,0.88,,0.6,27,11,9.0,0,59,21,17,15,14,5,0,52,0,0,0.386,2.4,32,3,8,3,3.0,1,11,34,0.25,0.265,0.313,0.577,152,92,-0.385,0.96,0.502,,-2.4,27,16,9.0,1,44,25,25,14,8,4,0,44,1,1,-0.114,-0.6
ARI/ARI201707070,"Friday, July 7, 2017",6:40 p.m. Local,Chase Field,27006,2:57,Night,Home,Arizona Diamondbacks,ARI,Cincinnati Reds,CIN,34,3,8,3,3.0,1,8,35,0.235,0.257,0.441,0.698,138,90,-0.349,0.54,0.162,,-2.0,24,9,8.0,1,47,19,24,11,15,4,0,44,0,0,-0.151,-1.5,31,6,8,5,4.5,3,6,35,0.258,0.343,0.484,0.827,147,88,0.15,0.58,0.495,,1.5,27,9,9.0,2,51,16,21,13,12,4,0,75,1,0,0.349,2.0
ARI/ARI201707080,"Saturday, July 8, 2017",7:10 p.m. Local,Chase Field,29806,3:00,Night,Away,Cincinnati Reds,CIN,Arizona Diamondbacks,ARI,33,7,7,7,7.0,5,9,40,0.212,0.325,0.576,0.901,146,106,0.202,0.58,0.452,,2.0,27,6,9.0,0,57,16,33,8,17,8,0,75,2,0,0.298,5.0,31,0,3,0,0.0,3,10,34,0.097,0.176,0.097,0.273,166,91,-0.298,0.4,0.133,,-5.0,27,8,9.0,3,57,17,17,9,12,1,0,38,0,0,-0.203,-2.0
ARI/ARI201707090,"Sunday, July 9, 2017",1:11 p.m. Local,Chase Field,24923,2:53,Day,Away,Cincinnati Reds,CIN,Arizona Diamondbacks,ARI,35,2,8,2,2.0,2,10,37,0.229,0.27,0.314,0.585,136,92,-0.255,1.78,0.513,,-3.0,27,15,9.0,1,52,17,23,12,13,8,0,57,2,0,0.755,4.0,30,1,7,1,1.0,5,9,36,0.233,0.343,0.367,0.71,143,83,-0.752,1.07,0.713,,-4.0,27,11,9.0,0,42,16,25,12,10,7,0,57,0,0,0.255,3.0
CIN/CIN201707140,"Friday, July 14, 2017",7:10 p.m. Local,Great American Ball Park,28916,2:55,Night,Away,Washington Nationals,WSN,Cincinnati Reds,CIN,35,5,9,5,5.0,4,11,39,0.257,0.333,0.514,0.848,132,102,0.215,0.63,0.477,,0.3,27,15,9.0,0,56,20,26,8,16,8,0,79,3,0,0.285,4.7,33,0,7,0,0.0,2,7,35,0.212,0.257,0.242,0.5,160,87,-0.287,0.49,0.195,,-4.7,27,7,9.0,2,49,9,29,18,8,3,0,30,1,0,-0.214,-0.3
CIN/CIN201707150,"Saturday, July 15, 2017",7:09 p.m. Local,Great American Ball Park,36462,3:32,Night,Away,Washington Nationals,WSN,Cincinnati Reds,CIN,38,10,12,10,10.0,6,9,44,0.316,0.409,0.579,0.988,181,98,0.176,0.73,0.506,,5.3,27,3,9.0,1,57,18,23,13,15,7,1,72,3,0,0.323,-2.3,37,7,9,7,6.0,6,13,44,0.243,0.364,0.378,0.742,165,116,-0.321,0.43,0.313,,2.3,27,8,9.0,3,62,25,29,6,18,9,0,56,3,3,-0.178,-5.3
CIN/CIN201707160,"Sunday, July 16, 2017",1:10 p.m. Local,Great American Ball Park,25712,3:31,Day,Away,Washington Nationals,WSN,Cincinnati Reds,CIN,44,14,17,14,14.0,3,11,48,0.386,0.438,0.795,1.233,167,116,0.436,0.67,0.646,,9.3,27,6,9.0,0,71,18,27,13,20,6,0,60,0,0,0.063,0.7,36,4,7,4,1.0,5,11,41,0.194,0.293,0.194,0.487,181,108,-0.064,0.4,0.353,,-0.7,27,6,9.0,5,53,27,28,9,16,9,0,17,1,1,-0.436,-9.3
CIN/CIN201707170,"Monday, July 17, 2017",12:36 p.m. Local,Great American Ball Park,17574,2:58,Day,Away,Washington Nationals,WSN,Cincinnati Reds,CIN,36,6,11,6,6.0,4,8,41,0.306,0.366,0.639,1.005,130,98,0.291,0.47,0.486,,1.3,27,8,9.0,1,65,12,21,7,22,8,0,75,0,0,0.21,3.7,29,1,4,1,1.0,2,12,32,0.138,0.219,0.241,0.46,162,84,-0.209,0.35,0.142,,-3.7,27,4,9.0,3,39,21,24,8,9,1,0,22,0,0,-0.29,-1.3
CIN/CIN201707180,"Tuesday, July 18, 2017",7:10 p.m. Local,Great American Ball Park,19989,3:05,Night,Away,Arizona Diamondbacks,ARI,Cincinnati Reds,CIN,35,11,12,11,11.0,9,6,45,0.343,0.467,0.743,1.21,128,107,0.474,0.71,0.882,,6.3,27,6,9.0,1,56,12,39,14,16,7,0,57,0,0,0.026,2.7,32,2,6,2,2.0,3,7,35,0.188,0.257,0.406,0.663,184,80,-0.027,0.64,0.476,,-2.7,27,9,9.0,2,47,10,23,7,18,6,0,24,1,1,-0.474,-6.3
CIN/CIN201707190,"Wednesday, July 19, 2017",7:10 p.m. Local,Great American Ball Park,16573,3:59,Night,Home,Cincinnati Reds,CIN,Arizona Diamondbacks,ARI,42,3,8,3,2.45,2,13,44,0.19,0.227,0.333,0.561,198,109,-0.629,1.7,0.634,,-2.7,31,11,10.1,1,64,20,25,15,14,5,0,39,0,0,0.13,0.1,43,4,15,4,3.48,5,9,49,0.349,0.417,0.465,0.882,161,120,-0.128,1.46,1.269,,-0.1,33,11,11.0,1,70,17,33,16,19,9,0,53,0,0,0.628,2.7
CIN/CIN201707200,"Thursday, July 20, 2017",12:38 p.m. Local,Great American Ball Park,19711,2:47,Day,Away,Arizona Diamondbacks,ARI,Cincinnati Reds,CIN,35,12,9,12,12.0,4,13,40,0.257,0.325,0.743,1.068,126,106,0.248,0.92,0.486,,7.3,27,11,9.0,2,52,23,31,10,13,3,0,65,0,0,0.252,2.7,33,2,8,2,2.0,1,9,34,0.242,0.265,0.455,0.719,175,87,-0.252,0.38,0.424,,-2.7,27,8,9.0,4,45,20,22,12,12,2,0,54,0,0,-0.248,-7.3
CIN/CIN201707210,"Friday, July 21, 2017",8:57 p.m. Local,Great American Ball Park,21851,2:57,Night,Away,Miami Marlins,MIA,Cincinnati Reds,CIN,34,3,10,2,2.0,2,6,37,0.294,0.333,0.412,0.745,141,86,-0.059,1.66,0.677,,-1.7,27,13,9.0,0,55,12,19,14,16,10,0,64,2,0,0.559,3.7,28,1,4,1,1.0,3,6,36,0.143,0.265,0.179,0.443,124,84,-0.56,1.03,0.467,,-3.7,27,13,9.0,0,51,11,22,14,11,5,0,49,0,0,0.059,1.7
CIN/CIN201707220,"Saturday, July 22, 2017",8:10 p.m. Local,Great American Ball Park,24099,3:12,Night,Away,Miami Marlins,MIA,Cincinnati Reds,CIN,36,5,10,5,5.0,2,8,38,0.278,0.316,0.472,0.788,155,96,0.183,1.83,0.696,,0.3,27,13,9.0,1,55,17,24,17,11,7,0,44,4,0,0.316,0.7,30,4,8,3,4.0,8,9,39,0.267,0.436,0.433,0.869,142,89,-0.316,0.82,1.265,,-0.7,27,14,9.0,2,43,13,33,10,11,7,0,35,0,0,-0.184,-0.3
CIN/CIN201707230,"Sunday, July 23, 2017",1:11 p.m. Local,Great American Ball Park,20526,2:58,Day,Home,Cincinnati Reds,CIN,Miami Marlins,MIA,34,3,7,3,2.0,1,9,35,0.206,0.229,0.324,0.552,143,102,-0.27,0.72,0.323,,-1.7,24,10,8.0,3,55,16,31,13,12,7,0,29,1,0,-0.23,-1.8,30,6,9,6,5.62,3,3,36,0.3,0.4,0.6,1.0,149,83,0.23,0.83,0.584,,1.8,27,11,9.0,1,51,10,22,10,18,6,0,68,0,0,0.27,1.7
CLE/CLE201707240,"Monday, July 24, 2017",7:10 p.m. Local,Progressive Field,21500,2:26,Night,Home,Cleveland Indians,CLE,Cincinnati Reds,CIN,30,2,5,2,2.0,1,9,32,0.167,0.219,0.367,0.585,137,78,-0.301,0.79,0.377,,-3.0,24,6,8.0,2,47,10,21,5,16,6,0,41,1,1,-0.199,-1.5,29,6,9,6,6.75,4,8,35,0.31,0.371,0.621,0.992,115,87,0.2,0.92,0.644,,1.5,27,6,9.0,2,52,15,20,6,17,8,0,61,0,0,0.3,3.0
NYA/NYA201707250,"Tuesday, July 25, 2017",7:10 p.m. Local,Yankee Stadium III,44268,2:38,Night,Home,New York Yankees,NYY,Cincinnati Reds,CIN,29,2,3,2,2.0,3,8,32,0.103,0.188,0.172,0.36,132,72,-0.438,0.75,0.397,,-2.9,24,14,8.0,1,37,15,20,7,14,5,0,41,0,0,-0.062,0.4,29,4,8,3,4.5,3,6,33,0.276,0.333,0.414,0.747,128,80,0.061,1.3,0.494,,-0.4,27,9,9.0,0,51,6,23,16,8,6,0,71,3,0,0.438,2.9
NYA/NYA201707260,"Wednesday, July 26, 2017",1:09 p.m. Local,Yankee Stadium III,42421,2:52,Day,Home,New York Yankees,NYY,Cincinnati Reds,CIN,33,5,4,5,3.0,3,12,36,0.121,0.194,0.242,0.437,134,102,-0.319,0.61,0.264,,0.1,24,10,8.0,2,56,25,21,12,9,4,0,27,2,1,-0.18,-4.6,37,9,12,9,7.88,2,4,40,0.324,0.375,0.514,0.889,144,90,0.179,0.79,0.57,,4.6,27,11,9.0,1,59,12,19,19,14,7,0,74,0,0,0.319,-0.1
MIA/MIA201707270,"Thursday, July 27, 2017",7:13 p.m. Local,Marlins Park,19986,3:18,Night,Home,Miami Marlins,MIA,Cincinnati Reds,CIN,36,1,10,1,1.0,3,6,40,0.278,0.35,0.306,0.656,161,90,-0.4,0.86,0.342,,-3.2,24,7,8.0,1,54,7,29,13,17,7,0,38,3,2,-0.1,-0.3,27,4,7,4,4.5,9,8,39,0.259,0.432,0.37,0.803,145,94,0.101,0.97,0.612,,0.3,27,11,9.0,0,52,17,25,10,12,5,0,70,2,0,0.4,3.2
MIA/MIA201707280,"Friday, July 28, 2017",7:12 p.m. Local,Marlins Park,17440,2:54,Night,Home,Miami Marlins,MIA,Cincinnati Reds,CIN,32,4,7,4,4.0,3,11,36,0.219,0.306,0.406,0.712,154,83,-0.051,1.41,0.443,,-0.2,24,9,8.0,2,49,14,20,12,9,6,0,52,4,1,-0.449,-3.3,33,7,10,6,5.62,8,10,43,0.303,0.429,0.636,1.065,134,90,0.449,0.7,1.249,,3.3,27,12,9.0,2,39,20,31,11,14,6,0,43,0,0,0.052,0.2
MIA/MIA201707290,"Saturday, July 29, 2017",7:10 p.m. Local,Marlins Park,20297,2:32,Night,Home,Miami Marlins,MIA,Cincinnati Reds,CIN,31,3,6,3,3.0,3,8,36,0.194,0.286,0.419,0.705,145,81,-0.117,0.55,0.319,,-1.2,24,6,8.0,1,41,10,30,11,13,4,0,25,1,0,-0.384,-3.3,31,7,9,7,7.88,4,7,37,0.29,0.389,0.484,0.873,125,93,0.384,0.58,0.658,,3.3,27,10,9.0,2,53,19,21,10,16,8,0,66,2,0,0.117,1.2
MIA/MIA201707300,"Sunday, July 30, 2017",1:10 p.m. Local,Marlins Park,19747,3:04,Day,Away,Cincinnati Reds,CIN,Miami Marlins,MIA,34,6,8,6,6.0,9,7,45,0.235,0.395,0.235,0.631,132,108,0.243,0.81,0.716,,1.8,27,9,9.0,1,77,14,17,12,17,6,0,77,0,0,0.257,0.2,30,4,5,4,4.0,2,7,33,0.167,0.219,0.3,0.519,173,87,-0.257,0.89,0.328,,-0.2,27,7,9.0,0,44,13,30,13,11,5,0,54,3,3,-0.243,-1.8
PIT/PIT201708010,"Tuesday, August 1, 2017",7:07 p.m. Local,PNC Park,22403,3:00,Night,Away,Cincinnati Reds,CIN,Pittsburgh Pirates,PIT,39,9,14,9,9.0,3,7,46,0.359,0.409,0.718,1.127,134,103,0.443,0.51,0.621,,4.5,27,12,9.0,0,63,7,33,16,19,8,0,61,0,0,0.057,3.5,32,1,7,1,1.0,2,5,35,0.219,0.286,0.281,0.567,166,84,-0.057,0.34,0.231,,-3.5,27,11,9.0,3,49,13,22,12,15,9,0,9,2,0,-0.444,-4.5
PIT/PIT201708020,"Wednesday, August 2, 2017",7:07 p.m. Local,PNC Park,22367,3:25,Night,Away,Cincinnati Reds,CIN,Pittsburgh Pirates,PIT,35,5,10,5,5.0,4,11,41,0.286,0.35,0.514,0.864,148,113,0.16,1.47,0.936,,0.5,27,11,9.0,0,65,19,29,13,14,6,0,63,1,1,0.341,2.5,32,2,5,2,2.0,4,5,36,0.156,0.25,0.156,0.406,179,83,-0.338,1.18,0.678,,-2.5,27,8,9.0,2,50,6,27,16,11,5,0,52,3,1,-0.159,-0.5
PIT/PIT201708030,"Thursday, August 3, 2017",7:06 p.m. Local,PNC Park,25955,2:29,Night,Home,Pittsburgh Pirates,PIT,Cincinnati Reds,CIN,30,0,4,0,0.0,3,7,34,0.133,0.212,0.133,0.345,132,75,-0.288,0.39,0.182,,-4.5,24,10,8.0,0,44,7,24,10,14,5,0,43,3,2,-0.213,-2.0,36,6,13,5,6.75,0,5,37,0.361,0.351,0.417,0.768,117,91,0.214,0.69,0.391,,2.0,27,10,9.0,0,55,10,26,15,17,6,0,73,0,0,0.287,4.5
CIN/CIN201708040,"Friday, August 4, 2017",6:40 p.m. Local,Great American Ball Park,36443,2:48,Night,Home,Cincinnati Reds,CIN,St. Louis Cardinals,STL,34,2,9,2,2.0,4,9,39,0.265,0.359,0.324,0.683,95,95,-0.486,0.87,0.828,,-2.7,24,11,8.0,0,55,15,25,12,13,3,0,47,0,0,-0.013,1.2,30,3,9,3,3.38,0,4,31,0.3,0.3,0.333,0.633,157,67,0.014,1.9,0.402,,-1.2,27,7,9.0,0,38,7,22,14,13,8,0,61,2,0,0.487,2.7
CIN/CIN201708050,"Saturday, August 5, 2017",7:10 p.m. Local,Great American Ball Park,35571,3:01,Night,Away,St. Louis Cardinals,STL,Cincinnati Reds,CIN,29,4,4,3,3.0,7,9,38,0.138,0.342,0.241,0.583,147,91,0.062,1.02,0.731,,-0.7,27,10,9.0,1,42,17,32,13,7,3,0,63,0,0,0.438,3.7,31,1,5,1,1.0,4,9,35,0.161,0.257,0.323,0.58,145,97,-0.438,1.0,0.33,,-3.7,27,10,9.0,1,60,12,25,10,12,4,0,52,2,2,-0.062,0.7
CIN/CIN201708060,"Sunday, August 6, 2017",1:09 p.m. Local,Great American Ball Park,25168,3:10,Day,Away,St. Louis Cardinals,STL,Cincinnati Reds,CIN,39,13,16,13,13.0,6,8,47,0.41,0.489,0.692,1.181,161,98,0.604,0.45,0.942,,8.3,27,11,9.0,2,64,14,20,10,22,13,1,35,0,0,-0.104,0.7,33,4,8,4,4.0,5,5,38,0.242,0.342,0.424,0.766,164,104,0.104,0.66,0.383,,-0.7,27,9,9.0,1,69,12,23,14,14,6,0,-1,1,1,-0.604,-8.3
CIN/CIN201708070,"Monday, August 7, 2017",7:10 p.m. Local,Great American Ball Park,16240,3:06,Night,Home,Cincinnati Reds,CIN,San Diego Padres,SDP,34,3,8,3,3.0,1,11,36,0.235,0.257,0.5,0.757,161,91,-0.239,0.52,0.448,,-1.7,24,10,8.0,4,45,22,24,13,11,6,0,44,3,3,-0.261,-6.8,31,11,8,11,12.38,6,5,37,0.258,0.378,0.742,1.12,144,91,0.259,0.94,0.651,,6.8,27,10,9.0,2,55,6,30,11,15,6,0,47,4,0,0.24,1.7
CIN/CIN201708080,"Tuesday, August 8, 2017",7:10 p.m. Local,Great American Ball Park,13683,2:56,Night,Away,San Diego Padres,SDP,Cincinnati Reds,CIN,33,7,11,6,7.0,3,7,41,0.333,0.385,0.606,0.991,144,86,0.208,0.92,0.509,,2.3,27,10,9.0,1,53,12,21,15,15,7,0,53,2,2,0.291,1.7,32,3,9,3,3.0,6,9,38,0.281,0.395,0.375,0.77,134,90,-0.292,0.56,0.466,,-1.7,27,11,9.0,2,48,13,29,7,16,9,0,34,0,0,-0.209,-2.3
CIN/CIN201708090,"Wednesday, August 9, 2017",7:10 p.m. Local,Great American Ball Park,15450,2:59,Night,Home,Cincinnati Reds,CIN,San Diego Padres,SDP,34,3,7,3,3.0,0,8,34,0.206,0.206,0.412,0.618,160,91,-0.199,0.47,0.181,,-1.7,24,4,8.0,2,53,18,20,11,15,7,0,34,0,0,-0.301,-3.8,36,8,11,8,7.88,4,9,40,0.306,0.375,0.528,0.903,142,102,0.3,0.54,0.518,,3.8,27,9,9.0,2,63,16,23,8,19,7,0,49,1,0,0.2,1.7
CIN/CIN201708100,"Thursday, August 10, 2017",12:36 p.m. Local,Great American Ball Park,14915,2:57,Day,Home,Cincinnati Reds,CIN,San Diego Padres,SDP,33,3,8,3,3.0,4,6,38,0.242,0.324,0.364,0.688,153,85,-0.032,1.34,0.611,,-1.7,24,7,8.0,4,49,17,19,15,13,6,0,55,3,2,-0.466,-5.8,30,10,8,10,11.25,7,7,40,0.267,0.45,0.7,1.15,137,86,0.469,0.97,1.279,,5.8,27,16,9.0,1,46,16,24,7,16,3,0,49,2,0,0.032,1.7
MIL/MIL201708110,"Friday, August 11, 2017",7:11 p.m. Local,Miller Park,34517,3:55,Night,Away,Cincinnati Reds,CIN,Milwaukee Brewers,MIL,41,11,15,9,10.0,8,8,49,0.366,0.469,0.537,1.006,199,107,0.595,1.37,0.977,,6.3,27,10,9.0,3,61,18,28,18,15,7,0,49,0,0,-0.096,-5.3,42,10,16,9,10.0,7,11,49,0.381,0.469,0.619,1.088,176,123,0.096,0.63,1.203,,5.3,27,11,9.0,2,72,24,27,13,18,11,0,2,1,0,-0.596,-6.3
MIL/MIL201708120,"Saturday, August 12, 2017",6:10 p.m. Local,Miller Park,38256,3:46,Night,Home,Milwaukee Brewers,MIL,Cincinnati Reds,CIN,35,5,6,5,4.5,6,11,41,0.171,0.293,0.457,0.75,191,114,-0.241,1.8,0.811,,-0.2,29,6,9.2,3,61,22,31,10,15,6,0,41,0,0,-0.26,-1.2,39,6,12,5,5.59,6,12,47,0.308,0.413,0.59,1.003,176,118,0.258,1.21,1.577,,1.2,30,10,10.0,3,65,22,33,8,20,11,0,38,0,0,0.24,0.2
MIL/MIL201708130,"Sunday, August 13, 2017",1:11 p.m. Local,Miller Park,43248,3:07,Day,Home,Milwaukee Brewers,MIL,Cincinnati Reds,CIN,32,4,8,3,3.0,5,6,39,0.25,0.368,0.375,0.743,133,87,-0.161,0.56,0.582,,-0.7,24,8,8.0,1,52,8,27,11,16,9,0,30,0,0,-0.341,-2.8,30,7,8,6,6.75,2,10,35,0.267,0.353,0.567,0.92,145,85,0.341,0.98,0.628,,2.8,27,11,9.0,1,44,16,25,11,10,3,0,41,1,0,0.16,0.7
CHN/CHN201708140,"Monday, August 14, 2017",7:07 p.m. Local,Wrigley Field,40263,3:45,Night,Home,Chicago Cubs,CHC,Cincinnati Reds,CIN,34,5,8,4,4.0,7,5,43,0.235,0.395,0.353,0.748,171,100,-0.091,0.58,0.447,,0.2,24,6,8.0,3,56,9,35,16,13,5,0,18,2,1,-0.409,-10.7,41,15,17,15,13.5,4,8,49,0.415,0.49,0.756,1.246,180,117,0.41,0.79,0.855,,10.7,27,15,9.0,1,71,21,25,12,23,13,0,53,1,0,0.091,-0.2
CHN/CHN201708150,"Tuesday, August 15, 2017",7:06 p.m. Local,Wrigley Field,36698,3:04,Night,Away,Cincinnati Reds,CIN,Chicago Cubs,CHC,32,2,8,2,2.0,6,10,39,0.25,0.359,0.281,0.64,144,100,-0.199,2.26,0.789,,-2.8,27,8,9.0,0,54,18,28,11,12,6,0,73,2,0,0.699,3.8,32,1,7,1,1.0,4,11,38,0.219,0.324,0.219,0.543,154,97,-0.701,1.39,0.873,,-3.8,27,10,9.0,0,59,22,16,9,13,9,0,64,2,0,0.2,2.8
CHN/CHN201708160,"Wednesday, August 16, 2017",7:06 p.m. Local,Wrigley Field,37021,3:35,Night,Home,Chicago Cubs,CHC,Cincinnati Reds,CIN,34,6,9,6,6.0,3,9,38,0.265,0.316,0.588,0.904,152,93,0.037,0.91,0.816,,1.2,26,9,8.2,1,53,18,22,10,16,5,0,36,3,1,-0.538,-2.5,32,7,8,6,7.27,6,13,38,0.25,0.368,0.438,0.806,147,88,0.54,1.04,1.057,,2.5,27,9,9.0,3,41,24,23,6,13,9,0,63,1,1,-0.037,-1.2
CHN/CHN201708170,"Thursday, August 17, 2017",1:21 p.m. Local,Wrigley Field,38675,3:45,Day,Away,Cincinnati Reds,CIN,Chicago Cubs,CHC,37,13,12,13,11.0,8,7,48,0.324,0.457,0.541,0.997,155,108,0.706,1.02,1.126,,8.2,27,7,9.0,6,64,11,33,16,16,7,0,24,0,0,-0.206,-5.2,38,10,13,10,10.0,2,10,42,0.342,0.381,0.947,1.328,191,97,0.207,0.77,0.907,,5.2,27,14,9.0,2,52,20,25,10,19,9,0,8,3,2,-0.705,-8.2
ATL/ATL201708180,"Friday, August 18, 2017",7:37 p.m. Local,SunTrust Park,31174,3:09,Night,Away,Cincinnati Reds,CIN,Atlanta Braves,ATL,34,5,9,4,5.0,4,11,40,0.265,0.375,0.559,0.934,142,96,0.215,1.04,0.801,,0.3,27,11,9.0,1,54,14,28,13,11,2,0,64,2,0,0.288,1.7,34,3,8,3,3.0,4,5,38,0.235,0.316,0.382,0.698,155,82,-0.287,0.88,0.489,,-1.6,27,10,9.0,3,52,8,22,17,12,6,0,48,0,0,-0.213,-0.3
ATL/ATL201708190,"Saturday, August 19, 2017",7:11 p.m. Local,SunTrust Park,39317,3:35,Night,Away,Cincinnati Reds,CIN,Atlanta Braves,ATL,39,11,14,9,10.0,5,8,45,0.359,0.422,0.564,0.986,159,102,0.349,0.96,0.789,,6.3,27,9,9.0,3,61,15,26,13,19,11,0,55,1,1,0.153,-3.3,43,8,15,8,7.0,3,7,49,0.349,0.396,0.605,1.0,177,95,-0.151,0.68,0.693,,3.3,27,9,9.0,1,64,16,15,20,19,10,0,42,0,0,-0.349,-6.3
ATL/ATL201708200,"Sunday, August 20, 2017",1:36 p.m. Local,SunTrust Park,25758,3:11,Day,Home,Atlanta Braves,ATL,Cincinnati Reds,CIN,33,1,8,1,1.0,6,3,41,0.242,0.39,0.273,0.663,150,101,-0.283,0.6,0.37,,-3.7,24,5,8.0,1,65,8,28,16,14,8,0,52,2,0,-0.216,-3.9,36,8,12,8,9.0,4,9,41,0.333,0.415,0.611,1.026,153,102,0.217,0.79,0.561,,3.9,27,10,9.0,0,68,18,16,13,15,4,0,54,0,0,0.284,3.7
CIN/CIN201708220,"Tuesday, August 22, 2017",7:10 p.m. Local,Great American Ball Park,16467,4:04,Night,Away,Chicago Cubs,CHC,Cincinnati Reds,CIN,38,13,13,11,13.0,9,7,50,0.342,0.48,0.395,0.875,176,113,0.804,0.83,1.401,,8.3,27,9,9.0,4,72,16,25,18,14,8,0,27,3,0,-0.306,-4.3,39,9,13,8,9.0,5,6,44,0.333,0.409,0.667,1.076,200,112,0.304,1.25,0.895,,4.3,27,12,9.0,0,72,13,27,10,23,8,0,58,4,2,-0.806,-8.3
CIN/CIN201708230,"Wednesday, August 23, 2017",7:10 p.m. Local,Great American Ball Park,15355,2:55,Night,Away,Chicago Cubs,CHC,Cincinnati Reds,CIN,36,9,10,8,8.0,6,11,43,0.278,0.381,0.472,0.853,135,103,0.348,0.39,0.58,,4.3,27,14,9.0,3,55,24,23,10,15,5,0,67,0,0,0.15,1.7,33,3,7,3,3.0,1,8,34,0.212,0.235,0.485,0.72,166,87,-0.151,0.51,0.117,,-1.7,27,6,9.0,2,52,12,23,15,10,5,0,18,1,1,-0.35,-4.3
CIN/CIN201708240,"Thursday, August 24, 2017",7:10 p.m. Local,Great American Ball Park,18191,2:47,Night,Home,Cincinnati Reds,CIN,Chicago Cubs,CHC,32,2,7,2,2.0,4,11,36,0.219,0.306,0.375,0.681,147,81,-0.249,1.77,0.555,,-2.7,24,6,8.0,0,36,20,25,12,9,3,0,64,3,0,-0.25,0.2,31,4,7,3,3.38,5,11,36,0.226,0.333,0.323,0.656,127,83,0.251,1.06,1.149,,-0.2,27,9,9.0,1,47,16,20,7,13,6,0,61,0,0,0.25,2.7
CIN/CIN201708250,"Friday, August 25, 2017",7:10 p.m. Local,Great American Ball Park,20561,3:35,Night,Home,Cincinnati Reds,CIN,Pittsburgh Pirates,PIT,36,5,11,5,5.0,5,15,41,0.306,0.39,0.444,0.835,170,115,-0.039,0.79,0.566,,0.3,24,1,8.0,2,51,31,33,7,14,6,0,30,3,2,-0.46,-4.8,33,9,9,8,7.88,6,11,42,0.273,0.405,0.576,0.981,174,103,0.46,0.88,0.886,,4.8,27,9,9.0,1,63,13,27,5,18,7,0,54,3,0,0.04,-0.3
CIN/CIN201708260,"Saturday, August 26, 2017",6:40 p.m. Local,Great American Ball Park,35259,2:28,Night,Away,Pittsburgh Pirates,PIT,Cincinnati Reds,CIN,28,1,4,1,1.0,1,10,31,0.143,0.172,0.286,0.458,127,90,-0.336,1.48,0.248,,-3.7,27,13,9.0,0,53,17,20,13,7,4,0,73,0,0,0.837,4.7,30,0,5,0,0.0,0,10,31,0.167,0.167,0.167,0.333,134,88,-0.836,0.88,0.25,,-4.7,27,13,9.0,1,45,20,23,16,6,1,0,75,0,0,0.337,3.7
CIN/CIN201708270,"Sunday, August 27, 2017",1:10 p.m. Local,Great American Ball Park,26155,3:18,Day,Away,Pittsburgh Pirates,PIT,Cincinnati Reds,CIN,31,5,8,5,5.0,6,8,40,0.258,0.395,0.355,0.75,177,108,0.059,1.47,0.829,,0.3,27,8,9.0,0,67,23,18,15,10,6,0,46,2,1,0.44,2.7,32,2,6,2,1.0,7,6,40,0.188,0.325,0.219,0.544,163,109,-0.44,1.03,0.708,,-2.7,27,12,9.0,0,71,12,26,12,15,2,0,48,0,0,-0.059,-0.3
CIN/CIN201708290,"Tuesday, August 29, 2017",7:10 p.m. Local,Great American Ball Park,12946,3:30,Night,Home,Cincinnati Reds,CIN,New York Mets,NYM,35,4,10,4,4.0,5,8,40,0.286,0.375,0.343,0.718,179,100,-0.124,0.41,0.343,,-0.7,24,8,8.0,2,59,14,27,13,14,8,0,22,7,3,-0.375,-9.8,39,14,15,13,12.38,9,9,48,0.385,0.5,0.641,1.141,166,110,0.375,0.6,0.591,,9.8,27,9,9.0,0,66,16,28,15,15,9,0,51,1,0,0.124,0.7
CIN/CIN201708300,"Wednesday, August 30, 2017",7:10 p.m. Local,Great American Ball Park,12491,2:27,Night,Away,New York Mets,NYM,Cincinnati Reds,CIN,31,2,5,2,2.0,1,3,33,0.161,0.212,0.258,0.47,128,74,-0.141,1.62,0.314,,-2.7,27,7,9.0,0,46,10,20,14,15,8,0,81,3,0,0.641,4.7,28,0,3,0,0.0,4,10,32,0.107,0.219,0.179,0.397,116,83,-0.642,0.67,0.446,,-4.7,27,11,9.0,0,44,15,24,8,10,3,0,56,0,0,0.141,2.7
CIN/CIN201708310,"Thursday, August 31, 2017",12:35 p.m. Local,Great American Ball Park,13634,2:42,Day,Home,Cincinnati Reds,CIN,New York Mets,NYM,32,2,7,2,2.0,4,9,37,0.219,0.297,0.281,0.579,125,83,-0.266,0.77,0.508,,-2.7,24,9,8.0,3,42,16,25,10,14,9,0,48,1,1,-0.234,-2.8,33,7,9,6,6.75,4,5,38,0.273,0.351,0.576,0.927,137,79,0.235,1.11,0.728,,2.8,27,10,9.0,0,47,17,15,15,14,7,0,58,0,0,0.266,2.7
PIT/PIT201709010,"Friday, September 1, 2017",7:05 p.m. Local,PNC Park,23569,3:00,Night,Away,Cincinnati Reds,CIN,Pittsburgh Pirates,PIT,33,7,9,6,7.0,4,8,38,0.273,0.342,0.394,0.736,169,80,0.276,0.9,0.599,,2.5,27,12,9.0,0,41,13,26,12,14,7,0,52,0,0,0.225,1.5,33,3,7,3,3.0,2,8,36,0.212,0.257,0.273,0.53,142,109,-0.225,0.57,0.417,,-1.5,27,13,9.0,0,64,17,29,17,9,2,0,43,0,0,-0.275,-2.5
PIT/PIT201709020,"Saturday, September 2, 2017",7:06 p.m. Local,PNC Park,23529,2:53,Night,Home,Pittsburgh Pirates,PIT,Cincinnati Reds,CIN,31,0,5,0,0.0,2,6,33,0.161,0.212,0.194,0.406,154,91,-0.569,0.96,0.405,,-4.5,24,10,8.0,1,56,11,24,15,10,6,0,65,1,1,0.07,-1.0,35,5,11,4,4.5,2,5,39,0.314,0.385,0.4,0.785,142,94,-0.071,1.4,0.596,,1.0,27,15,9.0,0,61,11,22,13,17,6,0,69,0,0,0.57,4.5
PIT/PIT201709030,"Sunday, September 3, 2017",1:36 p.m. Local,PNC Park,24474,2:49,Day,Home,Pittsburgh Pirates,PIT,Cincinnati Reds,CIN,33,1,11,1,1.0,3,8,38,0.333,0.389,0.424,0.813,131,87,-0.512,0.79,0.607,,-3.5,24,10,8.0,2,63,14,10,14,13,4,0,53,3,0,0.012,1.0,28,3,5,3,2.25,5,7,34,0.179,0.303,0.429,0.732,132,85,-0.012,1.35,0.437,,-1.0,27,12,9.0,0,47,14,24,12,10,2,0,65,0,0,0.512,3.5
CIN/CIN201709040,"Monday, September 4, 2017",1:10 p.m. Local,Great American Ball Park,22403,3:03,Day,Home,Cincinnati Reds,CIN,Milwaukee Brewers,MIL,34,4,9,4,4.0,0,9,34,0.265,0.265,0.471,0.735,137,92,-0.273,1.12,0.698,,-0.7,26,8,8.2,1,51,16,25,11,14,8,0,41,2,0,-0.227,-0.4,34,5,8,5,4.15,3,6,37,0.235,0.297,0.353,0.65,139,90,0.228,1.24,0.985,,0.4,27,12,9.0,2,64,10,16,14,14,7,0,52,2,2,0.273,0.7
CIN/CIN201709050,"Tuesday, September 5, 2017",7:10 p.m. Local,Great American Ball Park,12135,3:26,Night,Home,Cincinnati Reds,CIN,Milwaukee Brewers,MIL,28,3,5,3,3.0,10,11,39,0.179,0.395,0.357,0.752,160,103,-0.344,0.74,0.78,,-1.7,24,11,8.0,1,59,20,24,5,13,6,0,54,3,2,-0.155,-4.8,32,9,11,8,9.0,4,7,39,0.344,0.405,0.5,0.905,174,95,0.154,1.52,0.62,,4.8,27,9,9.0,1,53,17,25,14,14,8,0,62,3,0,0.345,1.7
CIN/CIN201709060,"Wednesday, September 6, 2017",12:37 p.m. Local,Great American Ball Park,12626,2:44,Day,Home,Cincinnati Reds,CIN,Milwaukee Brewers,MIL,31,1,4,1,1.0,0,12,31,0.129,0.129,0.258,0.387,150,88,-0.197,0.78,0.147,,-3.7,24,8,8.0,2,41,27,20,14,5,2,0,26,4,1,-0.303,-2.8,33,7,10,6,7.88,4,8,37,0.303,0.378,0.515,0.894,124,97,0.306,0.47,0.671,,2.8,27,14,9.0,1,56,19,22,11,14,7,0,80,0,0,0.196,3.7
NYN/NYN201709070,"Thursday, September 7, 2017",7:10 p.m. Local,Citi Field,21274,2:38,Night,Home,New York Mets,NYM,Cincinnati Reds,CIN,31,2,6,2,2.0,1,6,34,0.194,0.235,0.29,0.526,148,78,-0.125,0.85,0.423,,-2.4,24,9,8.0,3,48,11,19,9,17,10,0,36,0,0,-0.374,-3.1,34,7,11,7,7.88,6,6,40,0.324,0.425,0.676,1.101,122,87,0.375,0.88,0.904,,3.1,27,9,9.0,0,40,14,33,15,13,2,0,49,0,0,0.127,2.4
NYN/NYN201709080,"Friday, September 8, 2017",7:11 p.m. Local,Citi Field,25864,2:42,Night,Home,New York Mets,NYM,Cincinnati Reds,CIN,34,1,9,1,1.0,1,7,37,0.265,0.278,0.265,0.542,126,84,-0.33,0.43,0.293,,-3.4,24,9,8.0,3,47,6,31,13,16,7,0,44,0,0,-0.169,-1.1,31,5,8,4,4.5,3,7,34,0.258,0.324,0.613,0.936,137,76,0.17,0.9,0.442,,1.1,27,7,9.0,0,40,16,20,9,15,6,0,67,4,1,0.332,3.4
NYN/NYN201709090,"Saturday, September 9, 2017",7:12 p.m. Local,Citi Field,30661,2:56,Night,Home,New York Mets,NYM,Cincinnati Reds,CIN,29,1,4,1,1.0,6,10,37,0.138,0.278,0.138,0.416,141,89,-0.336,0.62,0.373,,-3.4,24,10,8.0,1,43,18,28,11,10,2,0,42,2,2,-0.165,-2.1,31,6,9,6,6.75,3,6,37,0.29,0.389,0.484,0.873,150,79,0.166,1.16,0.559,,2.1,27,7,9.0,0,49,14,16,14,12,7,0,55,1,0,0.336,3.4
NYN/NYN201709100,"Sunday, September 10, 2017",1:11 p.m. Local,Citi Field,27590,3:38,Day,Away,Cincinnati Reds,CIN,New York Mets,NYM,35,10,10,10,10.0,7,14,45,0.286,0.409,0.486,0.895,176,107,0.588,1.11,1.278,,5.6,27,8,9.0,1,52,22,33,8,15,8,0,49,1,0,-0.087,-0.6,38,5,13,5,5.0,1,8,41,0.342,0.39,0.474,0.864,179,108,0.088,1.22,0.891,,0.6,27,6,9.0,2,60,19,31,10,20,10,0,65,3,0,-0.585,-5.6
SLN/SLN201709120,"Tuesday, September 12, 2017",7:15 p.m. Local,Busch Stadium III,40030,3:04,Night,Home,St. Louis Cardinals,STL,Cincinnati Reds,CIN,33,4,9,3,3.0,1,5,34,0.273,0.294,0.485,0.779,191,76,-0.058,0.45,0.224,,-0.6,24,8,8.0,1,49,5,22,10,18,4,0,31,3,0,-0.443,-8.9,37,13,14,13,12.38,9,9,48,0.378,0.489,0.649,1.138,121,109,0.444,0.39,0.68,,8.9,27,13,9.0,1,54,21,34,13,17,7,0,44,0,0,0.056,0.6
SLN/SLN201709130,"Wednesday, September 13, 2017",7:16 p.m. Local,Busch Stadium III,40124,2:40,Night,Away,Cincinnati Reds,CIN,St. Louis Cardinals,STL,33,6,8,6,6.0,2,5,36,0.242,0.306,0.424,0.73,142,77,0.214,0.89,0.576,,1.4,27,10,9.0,0,48,11,19,12,16,7,0,60,0,0,0.286,4.6,31,0,5,0,0.0,3,8,35,0.161,0.257,0.161,0.418,119,94,-0.286,0.75,0.281,,-4.6,27,14,9.0,2,45,20,29,12,11,3,0,44,2,2,-0.213,-1.4
SLN/SLN201709140,"Thursday, September 14, 2017",12:46 p.m. Local,Busch Stadium III,40230,2:50,Day,Home,St. Louis Cardinals,STL,Cincinnati Reds,CIN,32,2,6,1,1.0,1,11,33,0.188,0.212,0.344,0.556,144,100,-0.325,0.7,0.239,,-2.6,24,5,8.0,1,59,13,31,10,11,6,0,42,1,0,-0.177,-0.9,29,5,6,5,5.62,7,8,38,0.207,0.351,0.345,0.696,154,80,0.176,0.77,0.569,,0.9,27,12,9.0,0,47,14,19,7,16,4,0,72,0,0,0.323,2.6
CIN/CIN201709150,"Friday, September 15, 2017",7:10 p.m. Local,Great American Ball Park,17625,3:14,Night,Home,Cincinnati Reds,CIN,Pittsburgh Pirates,PIT,32,2,7,2,2.0,4,12,38,0.219,0.316,0.344,0.66,146,112,-0.36,0.62,0.407,,-2.7,24,6,8.0,4,68,21,23,8,13,9,0,35,1,0,-0.142,0.2,31,4,9,4,4.5,5,8,38,0.29,0.405,0.742,1.147,170,89,0.142,1.12,0.575,,-0.2,27,5,9.0,0,50,12,27,8,16,5,0,60,5,0,0.358,2.7
CIN/CIN201709160,"Saturday, September 16, 2017",4:11 p.m. Local,Great American Ball Park,25685,2:23,Day,Home,Cincinnati Reds,CIN,Pittsburgh Pirates,PIT,32,1,6,1,1.0,1,7,33,0.188,0.212,0.313,0.525,106,90,-0.605,0.77,0.255,,-3.7,24,6,8.0,1,58,14,18,14,11,6,0,64,2,1,0.104,2.2,26,2,4,2,2.25,2,7,28,0.154,0.214,0.308,0.522,122,63,-0.104,1.15,0.345,,-2.2,27,11,9.0,1,38,12,15,5,14,6,0,78,1,0,0.605,3.7
CIN/CIN201709170,"Sunday, September 17, 2017",1:10 p.m. Local,Great American Ball Park,22228,2:39,Day,Home,Cincinnati Reds,CIN,Pittsburgh Pirates,PIT,29,2,3,2,2.0,4,10,33,0.103,0.212,0.241,0.454,131,84,-0.405,0.63,0.276,,-2.7,24,3,8.0,2,44,20,20,5,14,3,0,47,0,0,-0.095,-0.8,28,5,4,5,5.62,5,12,34,0.143,0.294,0.429,0.723,137,80,0.096,0.82,0.464,,0.8,27,6,9.0,1,37,20,23,6,10,3,0,75,0,0,0.404,2.7
CIN/CIN201709190,"Tuesday, September 19, 2017",7:11 p.m. Local,Great American Ball Park,17165,3:23,Night,Away,St. Louis Cardinals,STL,Cincinnati Reds,CIN,38,8,8,8,7.2,4,3,43,0.211,0.302,0.474,0.776,173,104,0.475,1.47,1.315,,2.8,30,11,10.0,2,72,11,21,16,19,5,0,43,4,0,0.025,-1.8,33,7,8,7,6.3,5,11,43,0.242,0.349,0.485,0.834,170,115,-0.024,1.21,0.991,,1.8,30,13,10.0,3,63,23,29,11,14,9,0,32,1,0,-0.476,-2.8
CIN/CIN201709200,"Wednesday, September 20, 2017",7:10 p.m. Local,Great American Ball Park,12903,2:47,Night,Away,St. Louis Cardinals,STL,Cincinnati Reds,CIN,38,9,11,9,9.0,5,6,44,0.289,0.386,0.684,1.071,131,97,0.317,0.4,0.549,,4.3,27,7,9.0,0,53,13,31,9,23,10,0,56,0,0,0.183,2.7,33,2,6,2,2.0,0,11,33,0.182,0.182,0.212,0.394,162,90,-0.184,0.35,0.099,,-2.7,27,7,9.0,3,47,18,25,7,15,10,0,32,0,0,-0.316,-4.3
CIN/CIN201709210,"Thursday, September 21, 2017",7:10 p.m. Local,Great American Ball Park,14903,3:12,Night,Away,St. Louis Cardinals,STL,Cincinnati Reds,CIN,39,8,14,8,8.0,7,8,47,0.359,0.447,0.487,0.934,143,98,0.331,1.23,0.935,,3.3,27,6,9.0,3,52,15,31,14,18,9,0,44,1,0,0.168,-0.3,38,5,11,4,5.0,3,11,41,0.289,0.341,0.553,0.894,177,97,-0.17,0.84,0.748,,0.3,27,7,9.0,0,49,18,30,13,14,7,0,33,2,0,-0.332,-3.3
CIN/CIN201709220,"Friday, September 22, 2017",7:10 p.m. Local,Great American Ball Park,23463,2:45,Night,Away,Boston Red Sox,BOS,Cincinnati Reds,CIN,31,5,6,5,5.0,4,5,36,0.194,0.278,0.355,0.633,119,84,0.079,1.6,0.679,,0.3,27,6,9.0,1,49,8,27,12,15,6,0,38,2,0,0.421,0.7,33,4,9,4,4.0,4,8,39,0.273,0.368,0.394,0.762,131,74,-0.419,1.02,0.824,,-0.7,27,14,9.0,1,43,13,18,8,18,11,0,31,0,0,-0.08,-0.3
CIN/CIN201709230,"Saturday, September 23, 2017",4:10 p.m. Local,Great American Ball Park,36076,2:51,Day,Away,Boston Red Sox,BOS,Cincinnati Reds,CIN,31,5,7,5,3.0,8,6,40,0.226,0.375,0.387,0.762,146,79,0.105,0.76,0.476,,0.3,27,7,9.0,0,44,14,21,11,15,7,0,77,1,0,0.395,4.7,28,0,3,0,0.0,4,10,32,0.107,0.219,0.107,0.326,134,94,-0.395,0.57,0.152,,-4.7,27,10,9.0,1,50,18,26,7,11,5,0,52,0,0,-0.106,-0.3
CIN/CIN201709240,"Sunday, September 24, 2017",1:11 p.m. Local,Great American Ball Park,25545,3:11,Day,Away,Boston Red Sox,BOS,Cincinnati Reds,CIN,32,5,5,5,5.0,5,5,37,0.156,0.27,0.313,0.583,153,103,0.28,1.06,1.029,,0.3,27,8,9.0,0,66,6,31,16,11,4,0,47,2,0,0.219,0.7,34,4,9,2,3.0,2,14,36,0.265,0.306,0.353,0.658,161,98,-0.218,1.23,0.556,,-0.7,27,13,9.0,1,49,10,39,9,11,6,0,65,3,2,-0.283,-0.3
MIL/MIL201709260,"Tuesday, September 26, 2017",6:40 p.m. Local,Miller Park,30079,3:19,Night,Home,Milwaukee Brewers,MIL,Cincinnati Reds,CIN,36,6,11,6,6.0,3,9,41,0.306,0.366,0.639,1.005,164,99,-0.148,0.71,0.849,,1.3,24,6,8.0,1,61,22,16,13,15,7,0,30,0,0,-0.351,-2.8,34,7,10,5,5.62,5,9,40,0.294,0.375,0.5,0.875,156,92,0.351,1.36,0.752,,2.8,27,11,9.0,3,48,17,27,10,16,8,0,36,4,2,0.148,-1.3
MIL/MIL201709270,"Wednesday, September 27, 2017",7:11 p.m. Local,Miller Park,34882,3:09,Night,Away,Cincinnati Reds,CIN,Milwaukee Brewers,MIL,37,6,10,6,6.0,3,5,41,0.27,0.317,0.486,0.804,145,98,0.289,0.42,0.457,,1.3,27,10,9.0,0,62,15,21,11,22,12,0,70,0,0,0.208,4.7,29,0,4,0,0.0,4,6,34,0.138,0.265,0.138,0.403,151,90,-0.209,0.37,0.134,,-4.7,27,6,9.0,2,52,14,24,12,11,5,0,20,6,2,-0.29,-1.3
MIL/MIL201709280,"Thursday, September 28, 2017",3:10 p.m. Local,Miller Park,30293,2:56,Day,Home,Milwaukee Brewers,MIL,Cincinnati Reds,CIN,33,3,8,3,3.0,4,9,38,0.242,0.324,0.364,0.688,150,90,-0.342,1.11,0.957,,-1.7,24,11,8.0,0,54,16,20,12,13,6,0,46,2,0,-0.159,0.2,28,4,7,3,3.38,5,9,35,0.25,0.371,0.321,0.693,138,90,0.158,1.69,0.805,,-0.2,27,12,9.0,1,50,15,25,11,9,8,0,44,4,1,0.339,1.7
CHN/CHN201709290,"Friday, September 29, 2017",1:22 p.m. Local,Wrigley Field,36258,2:56,Day,Home,Chicago Cubs,CHC,Cincinnati Reds,CIN,33,4,8,4,4.0,3,8,36,0.242,0.306,0.303,0.609,130,94,-0.039,1.39,0.711,,-0.8,24,9,8.0,1,64,12,18,15,10,5,0,51,1,1,-0.46,-0.7,30,5,9,5,4.5,3,5,35,0.3,0.353,0.4,0.753,149,80,0.462,1.11,1.258,,0.7,27,12,9.0,0,45,15,20,15,12,5,0,41,1,1,0.039,0.8
CHN/CHN201709300,"Saturday, September 30, 2017",3:05 p.m. Local,Wrigley Field,41493,3:04,Day,Home,Chicago Cubs,CHC,Cincinnati Reds,CIN,33,0,8,0,0.0,1,15,35,0.242,0.286,0.273,0.558,180,90,-0.265,0.42,0.136,,-4.8,24,10,8.0,2,40,21,30,7,11,7,0,40,2,2,-0.233,-4.7,33,9,10,9,10.12,7,7,41,0.303,0.415,0.515,0.93,151,110,0.233,0.49,0.46,,4.7,27,6,9.0,0,66,14,30,12,15,6,0,66,0,0,0.267,4.8
CHN/CHN201710010,"Sunday, October 1, 2017",2:21 p.m. Local,Wrigley Field,40971,2:30,Day,Away,Cincinnati Reds,CIN,Chicago Cubs,CHC,36,3,10,3,3.0,1,9,37,0.278,0.297,0.417,0.714,112,86,-0.01,0.92,0.479,,-1.8,27,9,9.0,1,52,16,19,12,15,7,0,65,0,0,0.512,3.8,31,1,3,1,1.0,0,7,31,0.097,0.097,0.194,0.29,141,77,-0.514,0.75,0.163,,-3.8,27,10,9.0,0,49,11,17,10,14,5,0,59,0,0,0.011,1.8
