,date,time,venue,attendance,duration,time_of_day,winner,winning_name,winning_abbr,losing_name,losing_abbr,away_at_bats,away_runs,away_hits,away_rbi,away_earned_runs,away_bases_on_balls,away_strikeouts,away_plate_appearances,away_batting_average,away_on_base_percentage,away_slugging_percentage,away_on_base_plus,away_pitches,away_strikes,away_win_probability_for_offensive_player,away_average_leverage_index,away_win_probability_added,away_win_probability_subtracted,away_base_out_runs_added,away_putouts,away_assists,away_innings_pitched,away_home_runs,away_strikes_by_contact,away_strikes_swinging,away_strikes_looking,away_grounded_balls,away_fly_balls,away_line_drives,away_unknown_bat_type,away_game_score,away_inherited_runners,away_inherited_score,away_win_probability_by_pitcher,away_base_out_runs_saved,home_at_bats,home_runs,home_hits,home_rbi,home_earned_runs,home_bases_on_balls,home_strikeouts,home_plate_appearances,home_batting_average,home_on_base_percentage,home_slugging_percentage,home_on_base_plus,home_pitches,home_strikes,home_win_probability_for_offensive_player,home_average_leverage_index,home_win_probability_added,home_win_probability_subtracted,home_base_out_runs_added,home_putouts,home_assists,home_innings_pitched,home_home_runs,home_strikes_by_contact,home_strikes_swinging,home_strikes_looking,home_grounded_balls,home_fly_balls,home_line_drives,home_unknown_bat_type,home_game_score,home_inherited_runners,home_inherited_score,home_win_probability_by_pitcher,home_base_out_runs_saved
HOU/HOU201704030,"Monday, April 3, 2017",7:15 p.m. Local,Minute Maid Park,41678,2:29,Night,Home,Houston Astros,HOU,Seattle Mariners,SEA,29,0,3,0,0.0,4,8,34,0.103,0.235,0.103,0.339,104,75,-0.465,0.63,0.266,,-4.5,24,11,8.0,2,40,13,22,15,6,3,0,55,1,0,-0.037,1.0,27,3,6,3,3.38,1,6,30,0.222,0.241,0.444,0.686,122,73,0.036,1.05,0.391,,-1.0,27,11,9.0,0,44,12,16,10,12,5,0,75,0,0,0.464,4.5
HOU/HOU201704040,"Tuesday, April 4, 2017",7:11 p.m. Local,Minute Maid Park,21406,2:41,Night,Home,Houston Astros,HOU,Seattle Mariners,SEA,36,1,7,1,1.0,2,11,38,0.194,0.237,0.278,0.515,110,88,-0.606,0.8,0.561,,-3.5,24,16,8.0,2,47,18,23,19,6,3,0,55,1,0,0.105,2.0,26,2,5,2,2.25,3,3,29,0.192,0.276,0.423,0.699,129,69,-0.105,1.57,0.446,,-2.0,27,12,9.0,0,43,7,21,13,10,3,0,63,0,0,0.604,3.5
HOU/HOU201704050,"Wednesday, April 5, 2017",7:11 p.m. Local,Minute Maid Park,20303,4:25,Night,Home,Houston Astros,HOU,Seattle Mariners,SEA,45,3,6,3,2.08,8,14,53,0.133,0.264,0.244,0.509,216,123,-0.42,2.23,1.059,,-3.5,38,16,12.2,1,59,27,37,13,18,6,0,72,6,2,-0.081,1.4,51,5,13,5,3.55,3,9,55,0.255,0.296,0.392,0.688,206,139,0.082,1.46,2.445,,-1.4,39,9,13.0,1,85,27,27,23,20,11,0,56,4,1,0.419,3.5
HOU/HOU201704060,"Thursday, April 6, 2017",7:10 p.m. Local,Minute Maid Park,18362,2:57,Night,Away,Seattle Mariners,SEA,Houston Astros,HOU,33,4,7,4,4.0,4,8,38,0.212,0.316,0.303,0.619,139,93,0.133,1.12,1.085,,-0.5,27,7,9.0,2,40,17,36,10,15,8,0,50,0,0,0.366,2.5,32,2,6,2,2.0,3,10,36,0.188,0.278,0.375,0.653,143,85,-0.367,1.56,0.509,,-2.5,27,9,9.0,1,45,17,23,10,12,4,0,48,3,1,-0.134,0.5
HOU/HOU201704070,"Friday, April 7, 2017",7:11 p.m. Local,Minute Maid Park,30491,3:12,Night,Away,Kansas City Royals,KCR,Houston Astros,HOU,35,5,10,4,3.0,6,5,42,0.286,0.39,0.429,0.819,135,111,0.117,1.3,0.932,,0.5,27,10,9.0,0,66,21,23,16,14,6,0,61,3,0,0.384,3.5,30,1,6,1,1.0,3,8,33,0.2,0.273,0.233,0.506,172,86,-0.383,1.08,0.488,,-3.5,27,11,9.0,1,44,19,23,11,11,4,0,56,2,0,-0.116,-0.5
HOU/HOU201704080,"Saturday, April 8, 2017",6:11 p.m. Local,Minute Maid Park,35373,2:42,Night,Away,Kansas City Royals,KCR,Houston Astros,HOU,32,7,7,7,7.0,2,7,36,0.219,0.265,0.531,0.796,113,88,0.381,0.77,1.006,,2.5,27,16,9.0,1,51,20,17,18,9,6,0,54,0,0,0.118,1.5,32,3,9,3,3.0,2,4,35,0.281,0.343,0.406,0.749,131,70,-0.119,1.2,0.439,,-1.5,27,14,9.0,3,36,18,16,16,12,5,0,72,0,0,-0.382,-2.5
HOU/HOU201704090,"Sunday, April 9, 2017",1:11 p.m. Local,Minute Maid Park,32411,3:49,Day,Home,Houston Astros,HOU,Kansas City Royals,KCR,43,4,9,4,3.0,0,17,45,0.209,0.227,0.419,0.646,193,110,-0.185,2.06,0.927,,-2.0,35,17,11.2,3,51,28,31,11,16,8,0,54,1,0,-0.315,0.2,41,5,12,5,3.86,8,7,51,0.293,0.42,0.512,0.932,166,115,0.317,1.24,1.915,,-0.2,36,10,12.0,3,63,18,34,18,17,9,0,63,0,0,0.184,2.0
SEA/SEA201704100,"Monday, April 10, 2017",2:11 p.m. Local,Safeco Field,44856,2:56,Day,Home,Seattle Mariners,SEA,Houston Astros,HOU,32,0,6,0,0.0,3,10,35,0.188,0.257,0.219,0.476,157,84,-0.351,1.02,0.185,,-4.5,24,6,8.0,0,41,11,32,9,13,6,0,45,2,2,-0.147,-2.0,32,6,11,5,5.62,3,7,38,0.344,0.395,0.469,0.863,131,109,0.146,0.73,0.797,,2.0,27,8,9.0,0,76,14,19,11,16,9,0,75,0,0,0.353,4.5
SEA/SEA201704110,"Tuesday, April 11, 2017",7:10 p.m. Local,Safeco Field,18527,3:29,Night,Away,Houston Astros,HOU,Seattle Mariners,SEA,39,7,14,7,7.0,3,10,42,0.359,0.405,0.487,0.892,171,99,0.429,1.14,1.03,,2.5,27,9,9.0,0,60,18,21,15,14,7,0,43,1,0,0.071,-0.5,33,5,9,4,5.0,5,5,40,0.273,0.375,0.394,0.769,158,106,-0.071,1.0,0.776,,0.5,27,11,9.0,1,69,13,24,15,14,6,0,42,4,2,-0.429,-2.5
SEA/SEA201704120,"Wednesday, April 12, 2017",7:10 p.m. Local,Safeco Field,14479,3:12,Night,Away,Houston Astros,HOU,Seattle Mariners,SEA,39,10,16,9,10.0,6,4,46,0.41,0.478,0.487,0.965,147,97,0.561,0.63,1.249,,5.5,27,8,9.0,2,60,7,30,22,14,8,0,34,0,0,-0.059,-0.5,37,5,9,5,5.0,1,7,38,0.243,0.263,0.432,0.696,148,93,0.062,1.24,0.468,,0.5,27,18,9.0,0,57,13,23,14,16,4,0,35,2,2,-0.561,-5.5
OAK/OAK201704140,"Friday, April 14, 2017",7:07 p.m. Local,Oakland-Alameda County Coliseum,15385,3:07,Night,Away,Houston Astros,HOU,Oakland Athletics,OAK,37,7,10,5,2.0,4,3,44,0.27,0.364,0.432,0.796,136,87,0.204,0.81,0.92,,2.5,27,12,9.0,2,53,8,26,14,21,9,0,70,0,0,0.296,2.5,34,2,7,2,2.0,2,11,36,0.206,0.25,0.441,0.691,156,85,-0.295,1.07,0.299,,-2.5,27,8,9.0,1,37,16,32,12,11,5,0,51,4,2,-0.204,-2.5
OAK/OAK201704150,"Saturday, April 15, 2017",1:07 p.m. Local,Oakland-Alameda County Coliseum,20140,3:55,Day,Away,Houston Astros,HOU,Oakland Athletics,OAK,32,10,8,7,9.0,8,9,44,0.25,0.419,0.344,0.762,176,107,0.63,0.69,1.336,,5.5,27,7,9.0,2,63,14,30,13,12,5,0,32,1,0,-0.13,-1.5,35,6,10,6,6.0,4,11,41,0.286,0.35,0.543,0.893,189,108,0.13,1.42,0.576,,1.5,27,13,9.0,1,57,14,37,8,18,11,0,62,6,3,-0.631,-5.5
HOU/HOU201704170,"Monday, April 17, 2017",7:10 p.m. Local,Minute Maid Park,23501,2:36,Night,Home,Houston Astros,HOU,Los Angeles Angels,LAA,32,0,5,0,0.0,2,10,36,0.156,0.229,0.156,0.385,113,88,-0.512,0.61,0.295,,-4.5,24,11,8.0,0,46,14,27,13,9,5,0,60,0,0,0.012,1.0,29,3,9,3,2.25,2,5,32,0.31,0.344,0.379,0.723,140,73,-0.013,1.15,0.333,,-1.0,27,8,9.0,0,38,14,21,14,11,9,0,58,0,0,0.513,4.5
HOU/HOU201704180,"Tuesday, April 18, 2017",7:10 p.m. Local,Minute Maid Park,21760,3:05,Night,Away,Los Angeles Angels,LAA,Houston Astros,HOU,35,5,9,5,5.0,3,11,38,0.257,0.316,0.457,0.773,147,106,0.292,0.95,0.766,,0.5,27,13,9.0,2,58,20,28,10,14,4,0,51,1,0,0.208,2.5,35,2,11,2,2.0,1,7,36,0.314,0.333,0.514,0.848,153,91,-0.209,0.79,0.519,,-2.5,27,6,9.0,2,48,18,25,13,15,8,0,35,0,0,-0.292,-0.5
HOU/HOU201704190,"Wednesday, April 19, 2017",7:12 p.m. Local,Minute Maid Park,24028,2:47,Night,Home,Houston Astros,HOU,Los Angeles Angels,LAA,32,1,8,1,1.0,1,7,33,0.25,0.273,0.344,0.616,127,78,-0.351,0.85,0.452,,-3.5,24,7,8.0,1,46,9,23,15,10,5,0,52,2,1,-0.148,-1.0,29,5,9,5,5.62,2,9,33,0.31,0.375,0.552,0.927,118,80,0.147,1.06,0.682,,1.0,27,13,9.0,0,39,17,24,9,12,7,0,63,0,0,0.353,3.5
HOU/HOU201704200,"Thursday, April 20, 2017",1:11 p.m. Local,Minute Maid Park,23173,2:37,Day,Home,Houston Astros,HOU,Los Angeles Angels,LAA,31,1,6,1,1.0,3,12,35,0.194,0.286,0.29,0.576,110,89,-0.569,0.62,0.658,,-3.5,24,7,8.0,2,41,21,27,13,6,2,0,68,0,0,0.07,2.0,27,2,3,2,2.25,2,8,29,0.111,0.172,0.37,0.543,139,67,-0.068,1.58,0.324,,-2.0,27,13,9.0,1,39,13,15,7,12,4,0,73,2,0,0.57,3.5
TBA/TBA201704210,"Friday, April 21, 2017",7:11 p.m. Local,Tropicana Field,17683,3:16,Night,Away,Houston Astros,HOU,Tampa Bay Rays,TBR,35,6,11,5,6.0,3,9,39,0.314,0.359,0.486,0.845,132,103,0.185,1.01,0.94,,1.4,27,7,9.0,3,62,16,25,16,11,5,0,45,0,0,0.316,1.6,34,3,8,3,3.0,1,8,35,0.235,0.257,0.5,0.757,154,87,-0.316,1.19,0.46,,-1.6,27,12,9.0,1,47,18,22,11,15,8,0,44,3,1,-0.184,-1.4
TBA/TBA201704220,"Saturday, April 22, 2017",6:10 p.m. Local,Tropicana Field,17008,3:05,Night,Home,Tampa Bay Rays,TBR,Houston Astros,HOU,29,3,4,3,3.0,5,6,34,0.138,0.265,0.345,0.61,141,67,-0.028,1.25,0.511,,-1.6,24,7,8.0,0,36,12,19,9,14,3,0,35,5,3,-0.472,-1.9,36,6,12,6,6.75,2,10,38,0.333,0.368,0.5,0.868,127,97,0.473,0.82,1.125,,1.9,27,9,9.0,2,55,21,21,14,12,10,0,48,1,1,0.029,1.6
TBA/TBA201704230,"Sunday, April 23, 2017",1:11 p.m. Local,Tropicana Field,15548,3:39,Day,Away,Houston Astros,HOU,Tampa Bay Rays,TBR,37,6,12,6,4.5,5,5,43,0.324,0.395,0.486,0.882,164,102,0.305,1.07,1.344,,0.9,30,6,10.0,1,69,7,26,17,16,9,0,49,0,0,0.195,1.1,36,4,7,4,3.6,3,11,42,0.194,0.275,0.333,0.608,162,107,-0.192,1.68,0.654,,-1.1,30,15,10.0,2,61,19,26,10,16,6,0,45,1,0,-0.306,-0.9
CLE/CLE201704250,"Tuesday, April 25, 2017",6:10 p.m. Local,Progressive Field,14581,2:46,Night,Away,Houston Astros,HOU,Cleveland Indians,CLE,36,4,11,4,3.0,1,8,38,0.306,0.342,0.361,0.703,117,96,0.017,1.3,0.775,,-1.0,27,14,9.0,2,55,10,31,12,16,10,0,69,,,0.483,3.0,31,2,6,2,2.0,3,5,34,0.194,0.265,0.419,0.684,143,71,-0.482,0.96,0.534,,-3.0,27,10,9.0,0,33,8,30,14,12,4,0,50,1,1,-0.018,1.0
CLE/CLE201704260,"Wednesday, April 26, 2017",6:10 p.m. Local,Progressive Field,16052,3:12,Night,Home,Cleveland Indians,CLE,Houston Astros,HOU,36,6,8,6,4.0,3,13,40,0.222,0.3,0.444,0.744,144,110,-0.144,0.81,0.817,,1.0,24,8,8.0,0,59,17,34,15,8,3,0,35,2,2,-0.356,-2.5,30,7,10,7,7.88,5,10,37,0.333,0.417,0.467,0.883,176,86,0.356,1.24,0.766,,2.5,27,11,9.0,2,48,17,21,10,12,7,0,50,1,0,0.144,-1.0
CLE/CLE201704270,"Thursday, April 27, 2017",6:25 p.m. Local,Progressive Field,14452,2:50,Night,Home,Cleveland Indians,CLE,Houston Astros,HOU,36,3,11,3,3.0,4,11,40,0.306,0.375,0.472,0.847,134,94,-0.354,1.39,1.017,,-2.0,24,11,8.0,3,49,15,30,10,15,9,0,45,1,0,-0.146,0.5,30,4,8,4,4.5,4,9,34,0.267,0.353,0.6,0.953,142,80,0.146,1.62,1.164,,-0.5,27,9,9.0,1,38,19,23,13,8,2,0,55,0,0,0.353,2.0
HOU/HOU201704280,"Friday, April 28, 2017",7:11 p.m. Local,Minute Maid Park,28472,2:58,Night,Home,Houston Astros,HOU,Oakland Athletics,OAK,35,4,7,4,4.0,0,14,37,0.2,0.243,0.4,0.643,142,89,-0.045,1.01,0.507,,-0.5,24,8,8.0,1,46,16,27,10,11,6,0,28,2,1,-0.456,-5.0,36,9,14,9,6.75,2,5,41,0.389,0.41,0.583,0.994,134,91,0.456,0.75,1.15,,5.0,27,10,9.0,2,61,9,19,16,16,7,0,63,0,0,0.044,0.5
HOU/HOU201704290,"Saturday, April 29, 2017",6:10 p.m. Local,Minute Maid Park,32147,2:49,Night,Away,Oakland Athletics,OAK,Houston Astros,HOU,34,2,8,2,2.0,3,10,37,0.235,0.297,0.441,0.738,114,89,-0.188,1.56,0.457,,-2.5,27,11,9.0,1,42,19,28,7,17,5,0,76,0,0,0.687,3.5,32,1,7,1,1.0,0,9,34,0.219,0.265,0.313,0.577,137,77,-0.687,0.91,0.566,,-3.5,27,7,9.0,2,43,15,19,15,8,4,0,64,1,0,0.188,2.5
HOU/HOU201704300,"Sunday, April 30, 2017",1:12 p.m. Local,Minute Maid Park,34880,2:58,Day,Home,Houston Astros,HOU,Oakland Athletics,OAK,33,2,6,2,2.0,5,10,38,0.182,0.289,0.242,0.532,135,83,-0.348,0.62,0.169,,-2.5,24,6,8.0,1,42,21,20,9,14,11,0,48,0,0,-0.152,-3.0,33,7,10,7,6.75,1,8,36,0.303,0.343,0.455,0.797,137,86,0.153,0.6,0.515,,3.0,27,9,9.0,0,49,8,28,11,14,6,0,76,4,1,0.35,2.5
HOU/HOU201705010,"Monday, May 1, 2017",7:11 p.m. Local,Minute Maid Park,22556,2:59,Night,Home,Houston Astros,HOU,Texas Rangers,TEX,31,2,6,2,2.0,3,12,34,0.194,0.265,0.355,0.62,125,89,-0.173,1.34,0.412,,-2.5,24,12,8.0,0,35,24,30,12,7,4,0,55,3,3,-0.329,-2.0,33,6,8,5,5.62,3,4,38,0.242,0.342,0.333,0.675,153,73,0.329,0.82,1.13,,2.0,27,11,9.0,1,44,12,17,17,12,4,0,61,3,0,0.172,2.5
HOU/HOU201705020,"Tuesday, May 2, 2017",7:11 p.m. Local,Minute Maid Park,26208,3:13,Night,Home,Houston Astros,HOU,Texas Rangers,TEX,37,7,10,7,7.0,2,16,39,0.27,0.308,0.703,1.01,142,98,0.095,1.43,0.764,,2.5,24,10,8.0,3,42,28,28,11,10,4,0,43,2,0,-0.594,-4.0,35,8,11,8,9.0,3,5,38,0.314,0.368,0.6,0.968,151,85,0.594,1.01,1.422,,4.0,27,7,9.0,5,51,18,16,14,16,9,0,46,0,0,-0.095,-2.5
HOU/HOU201705030,"Wednesday, May 3, 2017",7:11 p.m. Local,Minute Maid Park,27439,3:01,Night,Home,Houston Astros,HOU,Texas Rangers,TEX,29,1,5,1,1.0,5,13,34,0.172,0.294,0.207,0.501,143,91,-0.21,0.35,0.311,,-3.5,24,12,8.0,4,41,26,24,7,9,5,0,21,1,1,-0.291,-6.0,36,10,13,10,9.0,3,1,40,0.361,0.4,0.778,1.178,150,83,0.29,0.66,0.497,,6.0,27,9,9.0,0,53,8,22,17,19,9,0,64,0,0,0.21,3.5
HOU/HOU201705040,"Thursday, May 4, 2017",1:11 p.m. Local,Minute Maid Park,27391,3:52,Day,Away,Texas Rangers,TEX,Houston Astros,HOU,36,10,11,9,9.0,4,10,42,0.306,0.366,0.639,1.005,197,105,0.433,1.27,0.717,,5.5,27,4,9.0,1,56,24,25,6,22,7,0,55,8,1,0.065,0.5,35,4,10,4,3.0,10,11,47,0.286,0.426,0.4,0.826,159,118,-0.065,0.49,0.891,,-0.5,27,5,9.0,3,64,17,37,10,16,5,0,36,0,0,-0.435,-5.5
ANA/ANA201705050,"Friday, May 5, 2017",7:08 p.m. Local,Angel Stadium of Anaheim,34556,3:05,Night,Away,Houston Astros,HOU,Los Angeles Angels,LAA,39,7,12,7,6.3,2,6,41,0.308,0.341,0.538,0.88,136,96,0.587,1.66,1.335,,1.9,30,18,10.0,2,62,8,26,12,21,10,0,51,3,3,-0.088,-0.9,36,6,10,6,5.4,2,6,38,0.278,0.316,0.444,0.76,145,83,0.086,1.08,1.174,,0.9,30,11,10.0,2,49,12,22,18,12,4,0,55,2,2,-0.587,-1.9
ANA/ANA201705060,"Saturday, May 6, 2017",6:09 p.m. Local,Angel Stadium of Anaheim,41097,2:47,Night,Home,Los Angeles Angels,LAA,Houston Astros,HOU,33,1,9,1,1.0,2,6,36,0.273,0.333,0.333,0.667,116,85,-0.587,1.48,0.579,,-3.6,25,14,8.1,0,54,10,21,13,14,9,0,73,0,0,0.089,1.7,29,2,5,2,1.08,3,6,32,0.172,0.25,0.207,0.457,140,73,-0.089,1.46,0.753,,-1.7,27,14,9.0,0,43,14,16,14,9,6,0,52,0,0,0.589,3.6
ANA/ANA201705070,"Sunday, May 7, 2017",12:38 p.m. Local,Angel Stadium of Anaheim,38385,3:00,Day,Away,Houston Astros,HOU,Los Angeles Angels,LAA,32,5,6,5,5.0,3,6,35,0.188,0.257,0.406,0.663,159,71,0.189,1.13,0.664,,0.4,27,11,9.0,2,43,9,19,5,21,6,0,44,0,0,0.312,1.6,32,3,6,3,3.0,4,8,36,0.188,0.278,0.469,0.747,118,98,-0.311,0.75,0.578,,-1.6,27,5,9.0,2,51,15,32,13,11,1,0,43,0,0,-0.189,-0.4
HOU/HOU201705090,"Tuesday, May 9, 2017",7:11 p.m. Local,Minute Maid Park,28724,2:41,Night,Home,Houston Astros,HOU,Atlanta Braves,ATL,33,3,6,3,1.0,4,10,37,0.182,0.27,0.212,0.482,134,81,-0.12,0.3,0.281,,-1.5,24,9,8.0,3,45,12,24,12,11,2,0,24,1,1,-0.379,-4.0,33,8,9,8,9.0,2,5,35,0.273,0.314,0.636,0.951,136,88,0.38,0.58,0.472,,4.0,27,5,9.0,0,56,7,25,13,15,4,0,52,3,0,0.122,1.5
HOU/HOU201705100,"Wednesday, May 10, 2017",1:11 p.m. Local,Minute Maid Park,23676,2:49,Day,Home,Houston Astros,HOU,Atlanta Braves,ATL,29,2,6,2,2.0,4,8,34,0.207,0.303,0.414,0.717,138,89,-0.286,0.93,0.702,,-2.5,24,13,8.0,0,53,17,19,15,7,2,0,43,0,0,-0.214,-0.0,29,4,7,4,4.5,6,5,35,0.241,0.371,0.345,0.716,142,83,0.215,1.43,0.794,,0.0,27,17,9.0,2,53,8,22,14,10,4,0,57,0,0,0.286,2.5
NYA/NYA201705110,"Thursday, May 11, 2017",7:09 p.m. Local,Yankee Stadium III,39050,3:09,Night,Away,Houston Astros,HOU,New York Yankees,NYY,35,3,9,3,3.0,3,8,38,0.257,0.316,0.457,0.773,154,93,-0.066,1.77,0.478,,-1.9,27,12,9.0,0,52,18,23,17,10,5,0,68,0,0,0.566,2.9,33,2,7,2,1.0,4,14,38,0.212,0.297,0.212,0.509,144,93,-0.566,0.67,0.784,,-2.9,27,12,9.0,1,39,21,32,16,3,3,0,56,2,0,0.067,1.9
NYA/NYA201705120,"Friday, May 12, 2017",7:09 p.m. Local,Yankee Stadium III,41150,3:09,Night,Away,Houston Astros,HOU,New York Yankees,NYY,38,5,11,5,5.0,2,11,40,0.289,0.325,0.395,0.72,141,102,0.119,0.75,0.529,,0.1,27,7,9.0,0,59,17,26,7,20,6,0,71,0,0,0.381,3.9,35,1,7,1,1.0,0,13,35,0.2,0.2,0.229,0.429,148,93,-0.38,0.61,0.185,,-3.9,27,2,9.0,1,43,20,30,15,7,4,0,46,2,0,-0.119,-0.1
NYA/NYA201705141,"Sunday, May 14, 2017",2:07 p.m. Local,Yankee Stadium III,41150,3:20,Day,Home,New York Yankees,NYY,Houston Astros,HOU,34,6,9,6,5.0,5,7,41,0.265,0.366,0.265,0.631,158,112,0.385,1.18,1.127,,1.1,24,6,8.0,3,64,14,34,16,12,6,0,50,5,2,-0.886,-6.6,37,11,11,11,12.38,3,11,40,0.297,0.35,0.73,1.08,181,100,0.886,1.31,1.449,,6.6,27,12,9.0,0,52,21,27,13,13,6,0,32,3,0,-0.386,-1.1
NYA/NYA201705142,"Sunday, May 14, 2017",7:39 p.m. Local,Yankee Stadium III,47883,3:49,Night,Away,Houston Astros,HOU,New York Yankees,NYY,36,10,10,9,8.0,2,9,41,0.278,0.325,0.639,0.964,188,116,0.411,0.31,0.53,,5.1,27,10,9.0,1,65,19,31,9,19,8,0,51,2,1,0.088,-2.1,36,7,10,5,6.0,6,16,43,0.278,0.395,0.417,0.812,170,115,-0.088,0.28,0.189,,2.1,27,7,9.0,4,49,27,39,10,10,8,0,11,2,0,-0.412,-5.1
MIA/MIA201705150,"Monday, May 15, 2017",7:11 p.m. Local,Marlins Park,16448,2:57,Night,Away,Houston Astros,HOU,Miami Marlins,MIA,34,7,8,7,7.0,4,6,40,0.235,0.35,0.5,0.85,146,87,0.318,0.91,0.782,,2.8,27,9,9.0,1,51,13,23,12,16,5,0,53,1,0,0.181,2.2,35,2,12,2,2.0,2,10,38,0.343,0.378,0.486,0.864,148,94,-0.18,0.86,0.482,,-2.2,27,9,9.0,2,51,21,24,11,15,7,0,67,0,0,-0.319,-2.8
MIA/MIA201705160,"Tuesday, May 16, 2017",7:11 p.m. Local,Marlins Park,18056,3:00,Night,Away,Houston Astros,HOU,Miami Marlins,MIA,42,12,14,11,11.0,5,9,47,0.333,0.404,0.524,0.928,126,113,0.556,0.41,0.735,,7.8,27,15,9.0,0,58,15,40,14,19,9,0,55,1,0,-0.056,2.2,32,2,4,2,2.0,2,9,34,0.125,0.176,0.125,0.301,186,83,0.057,0.43,0.279,,-2.2,27,8,9.0,2,50,9,24,18,5,2,0,12,2,0,-0.556,-7.8
MIA/MIA201705170,"Wednesday, May 17, 2017",12:12 p.m. Local,Marlins Park,24699,2:52,Day,Away,Houston Astros,HOU,Miami Marlins,MIA,36,3,8,3,1.0,2,7,40,0.222,0.3,0.417,0.717,144,93,0.018,1.21,0.533,,-1.2,27,12,9.0,0,59,13,21,9,20,9,0,67,0,0,0.481,4.2,30,0,3,0,0.0,4,5,36,0.1,0.25,0.133,0.383,150,94,-0.482,0.79,0.392,,-4.2,27,6,9.0,0,55,15,24,14,11,9,0,50,2,0,-0.019,1.2
HOU/HOU201705190,"Friday, May 19, 2017",7:10 p.m. Local,Minute Maid Park,36446,3:02,Night,Away,Cleveland Indians,CLE,Houston Astros,HOU,34,5,9,5,5.0,4,10,40,0.265,0.35,0.676,1.026,142,97,0.207,0.99,0.904,,0.5,27,5,9.0,2,46,18,33,10,15,8,0,55,1,0,0.291,1.5,32,3,5,3,3.0,2,11,34,0.156,0.206,0.375,0.581,162,91,-0.291,0.92,0.421,,-1.5,27,9,9.0,3,46,14,31,7,14,5,0,39,2,0,-0.208,-0.5
HOU/HOU201705200,"Saturday, May 20, 2017",3:10 p.m. Local,Minute Maid Park,34698,2:35,Day,Away,Cleveland Indians,CLE,Houston Astros,HOU,34,3,8,3,2.0,1,5,35,0.235,0.257,0.353,0.61,134,73,-0.035,1.08,0.43,,-1.5,27,9,9.0,0,42,9,22,10,19,7,0,79,1,0,0.535,4.5,28,0,3,0,0.0,2,10,30,0.107,0.167,0.107,0.274,125,84,-0.535,0.78,0.256,,-4.5,27,6,9.0,1,42,17,27,8,10,6,0,56,0,0,0.035,1.5
HOU/HOU201705210,"Sunday, May 21, 2017",1:10 p.m. Local,Minute Maid Park,33476,3:06,Day,Away,Cleveland Indians,CLE,Houston Astros,HOU,36,8,10,8,8.0,5,12,42,0.278,0.381,0.444,0.825,158,106,0.399,0.43,0.684,,3.5,27,7,9.0,4,49,31,26,15,9,4,0,53,1,0,0.102,-1.5,32,6,6,6,6.0,4,9,36,0.188,0.278,0.594,0.872,165,95,-0.103,0.57,0.247,,1.5,27,11,9.0,1,56,17,22,6,17,5,0,16,2,2,-0.398,-3.5
HOU/HOU201705220,"Monday, May 22, 2017",7:10 p.m. Local,Minute Maid Park,22146,2:45,Night,Home,Houston Astros,HOU,Detroit Tigers,DET,26,0,1,0,0.0,2,14,29,0.038,0.138,0.038,0.176,134,73,-0.746,0.92,0.166,,-4.5,24,11,8.0,0,25,20,28,7,5,3,0,60,0,0,0.245,3.0,32,1,9,1,1.12,2,7,34,0.281,0.324,0.375,0.699,119,83,-0.243,1.24,0.366,,-3.0,27,8,9.0,0,51,14,18,13,12,7,0,67,1,0,0.744,4.5
HOU/HOU201705230,"Tuesday, May 23, 2017",7:10 p.m. Local,Minute Maid Park,23179,3:01,Night,Home,Houston Astros,HOU,Detroit Tigers,DET,30,2,4,2,2.0,4,8,35,0.133,0.257,0.233,0.49,127,105,-0.256,0.64,0.381,,-2.5,24,8,8.0,2,65,20,20,9,13,2,0,51,1,1,-0.245,-2.0,32,6,8,4,2.25,3,4,37,0.25,0.324,0.469,0.793,166,76,0.243,0.85,0.619,,2.0,27,8,9.0,1,53,6,17,11,18,5,0,68,0,0,0.255,2.5
HOU/HOU201705240,"Wednesday, May 24, 2017",7:10 p.m. Local,Minute Maid Park,26481,2:52,Night,Away,Detroit Tigers,DET,Houston Astros,HOU,33,6,8,4,6.0,4,9,37,0.242,0.324,0.455,0.779,136,90,0.196,1.17,0.748,,1.5,27,9,9.0,1,43,14,33,16,8,4,0,62,0,0,0.305,1.5,31,3,6,3,2.0,2,6,36,0.194,0.229,0.355,0.583,141,81,-0.305,1.01,0.478,,-1.5,27,15,9.0,1,55,7,18,12,15,5,0,64,0,0,-0.195,-1.5
HOU/HOU201705250,"Thursday, May 25, 2017",7:11 p.m. Local,Minute Maid Park,25046,3:30,Night,Home,Houston Astros,HOU,Detroit Tigers,DET,38,6,14,6,5.0,5,6,44,0.368,0.455,0.632,1.086,145,102,0.12,0.92,1.316,,1.5,24,7,8.0,4,64,10,28,8,24,12,0,28,4,0,-0.62,-3.0,34,7,11,7,7.88,4,5,38,0.324,0.395,0.706,1.101,173,91,0.619,1.58,1.155,,3.0,27,6,9.0,2,52,11,28,8,21,5,0,31,2,1,-0.12,-1.5
HOU/HOU201705260,"Friday, May 26, 2017",7:11 p.m. Local,Minute Maid Park,31380,2:31,Night,Home,Houston Astros,HOU,Baltimore Orioles,BAL,33,0,7,0,0.0,0,8,33,0.212,0.212,0.333,0.545,120,88,-0.58,0.76,0.558,,-4.5,24,10,8.0,2,44,19,25,9,16,4,0,52,1,0,0.082,2.0,34,2,10,2,2.25,0,3,34,0.294,0.294,0.529,0.824,127,76,-0.082,1.61,0.438,,-2.0,27,5,9.0,0,49,8,19,11,20,11,0,75,0,0,0.582,4.5
HOU/HOU201705270,"Saturday, May 27, 2017",6:16 p.m. Local,Minute Maid Park,32761,2:56,Night,Home,Houston Astros,HOU,Baltimore Orioles,BAL,32,2,7,1,2.0,2,13,34,0.219,0.265,0.313,0.577,144,89,-0.274,0.63,0.359,,-2.5,24,14,8.0,1,40,23,26,12,7,4,0,34,2,0,-0.226,-1.0,33,5,11,4,5.62,3,5,37,0.333,0.405,0.515,0.921,132,83,0.227,0.87,0.623,,1.0,27,12,9.0,0,44,14,25,19,9,7,0,66,1,1,0.275,2.5
HOU/HOU201705280,"Sunday, May 28, 2017",1:11 p.m. Local,Minute Maid Park,34720,2:58,Day,Home,Houston Astros,HOU,Baltimore Orioles,BAL,35,4,7,4,3.0,2,13,37,0.2,0.243,0.371,0.615,146,104,0.057,0.54,0.461,,-0.5,24,12,8.0,1,51,19,34,11,11,5,0,20,0,0,-0.557,-4.0,34,8,11,7,9.0,1,6,36,0.324,0.361,0.588,0.949,163,92,0.558,0.67,0.826,,4.0,27,8,9.0,2,50,13,29,14,14,9,0,58,0,0,-0.057,0.5
MIN/MIN201705290,"Monday, May 29, 2017",1:10 p.m. Local,Target Field,24472,3:44,Day,Away,Houston Astros,HOU,Minnesota Twins,MIN,44,16,18,15,15.0,5,6,50,0.409,0.48,0.705,1.185,155,112,0.923,0.66,1.413,,11.2,27,4,9.0,2,73,10,29,14,24,14,0,47,1,1,-0.42,-3.2,37,8,11,7,8.0,3,12,40,0.297,0.35,0.568,0.918,193,100,0.422,0.82,0.867,,3.2,27,9,9.0,3,56,17,27,5,20,10,0,65,3,3,-0.921,-11.2
MIN/MIN201705300,"Tuesday, May 30, 2017",7:10 p.m. Local,Target Field,22616,3:01,Night,Away,Houston Astros,HOU,Minnesota Twins,MIN,33,7,10,5,6.0,6,8,41,0.303,0.415,0.424,0.839,131,100,0.235,1.02,0.827,,2.2,27,10,9.0,0,65,11,24,15,11,7,0,59,0,0,0.266,2.8,34,2,7,2,2.0,3,8,37,0.206,0.27,0.235,0.506,164,86,-0.264,0.95,0.367,,-2.8,27,11,9.0,1,43,18,25,15,11,6,0,42,0,0,-0.235,-2.2
MIN/MIN201705310,"Wednesday, May 31, 2017",12:11 p.m. Local,Target Field,25593,3:35,Day,Away,Houston Astros,HOU,Minnesota Twins,MIN,44,17,19,16,16.0,7,3,52,0.432,0.5,0.886,1.386,187,102,0.596,0.74,0.867,,12.3,27,10,9.0,3,69,5,28,15,27,9,0,51,1,1,-0.097,-1.2,38,6,12,5,6.0,3,14,41,0.316,0.366,0.605,0.971,181,117,0.098,0.41,0.651,,1.3,27,8,9.0,6,65,20,32,10,14,7,0,33,3,2,-0.598,-12.2
TEX/TEX201706020,"Friday, June 2, 2017",9:11 p.m. Local,Globe Life Park in Arlington,39729,2:58,Night,Away,Houston Astros,HOU,Texas Rangers,TEX,37,7,9,7,3.0,2,12,41,0.243,0.317,0.486,0.804,127,103,0.076,0.8,0.612,,1.8,27,10,9.0,1,59,15,29,14,11,5,0,71,0,0,0.423,4.2,31,1,4,1,1.0,3,10,34,0.129,0.206,0.258,0.464,151,81,-0.424,0.74,0.163,,-4.2,27,8,9.0,2,42,15,24,13,8,2,0,48,0,0,-0.077,-1.8
TEX/TEX201706030,"Saturday, June 3, 2017",6:15 p.m. Local,Globe Life Park in Arlington,44168,3:46,Night,Away,Houston Astros,HOU,Texas Rangers,TEX,39,6,12,5,6.0,3,4,42,0.308,0.357,0.487,0.844,180,91,0.14,1.72,0.822,,0.8,27,8,9.0,0,61,7,23,22,13,7,0,43,4,0,0.359,0.2,37,5,9,5,4.0,4,18,41,0.243,0.317,0.27,0.587,146,111,-0.358,0.92,0.922,,-0.2,27,12,9.0,2,49,29,33,15,4,3,0,31,0,0,-0.142,-0.8
TEX/TEX201706040,"Sunday, June 4, 2017",2:08 p.m. Local,Globe Life Park in Arlington,39204,3:18,Day,Away,Houston Astros,HOU,Texas Rangers,TEX,35,7,9,7,6.0,5,6,41,0.257,0.341,0.657,0.999,151,112,0.279,0.45,0.519,,1.8,27,7,9.0,1,70,15,27,11,19,8,0,64,2,0,0.223,3.2,33,2,6,2,2.0,2,13,37,0.182,0.27,0.303,0.573,180,95,-0.223,0.37,0.153,,-3.2,27,11,9.0,4,44,18,33,8,12,7,0,24,3,0,-0.278,-1.8
KCA/KCA201706050,"Monday, June 5, 2017",7:15 p.m. Local,Kauffman Stadium,21892,3:09,Night,Away,Houston Astros,HOU,Kansas City Royals,KCR,35,7,10,7,6.0,3,7,38,0.286,0.342,0.571,0.914,153,85,0.164,1.28,0.647,,2.2,27,5,9.0,1,48,11,27,15,13,3,0,48,4,0,0.338,1.8,37,3,10,3,3.0,1,11,38,0.27,0.289,0.459,0.749,144,107,-0.337,0.78,0.685,,-1.8,27,13,9.0,2,58,25,24,8,18,8,0,40,1,0,-0.161,-2.2
KCA/KCA201706060,"Tuesday, June 6, 2017",7:15 p.m. Local,Kauffman Stadium,20974,3:10,Night,Home,Kansas City Royals,KCR,Houston Astros,HOU,40,7,13,6,4.0,3,6,44,0.325,0.364,0.475,0.839,158,99,0.181,1.1,0.796,,2.2,26,7,8.2,2,56,14,29,15,20,11,0,44,7,4,-0.68,-4.3,39,9,14,9,9.35,2,9,42,0.359,0.39,0.667,1.057,152,108,0.68,0.89,1.462,,4.3,27,10,9.0,1,58,27,22,8,22,13,0,21,0,0,-0.181,-2.2
KCA/KCA201706070,"Wednesday, June 7, 2017",7:15 p.m. Local,Kauffman Stadium,25628,3:11,Night,Home,Kansas City Royals,KCR,Houston Astros,HOU,38,5,11,3,3.0,3,11,43,0.289,0.357,0.421,0.778,142,98,-0.139,0.59,0.603,,0.2,24,7,8.0,1,46,20,32,11,17,7,0,41,1,0,-0.362,-2.7,35,7,11,7,7.88,2,10,37,0.314,0.351,0.486,0.837,156,97,0.361,0.96,0.707,,2.7,27,3,9.0,1,56,22,19,10,15,7,0,51,5,2,0.139,-0.2
KCA/KCA201706080,"Thursday, June 8, 2017",7:15 p.m. Local,Kauffman Stadium,32747,2:39,Night,Away,Houston Astros,HOU,Kansas City Royals,KCR,35,6,9,5,6.0,2,8,38,0.257,0.289,0.457,0.747,114,89,0.131,1.18,0.802,,1.2,27,16,9.0,0,54,11,24,11,17,7,0,75,0,0,0.369,3.8,29,1,3,1,1.0,2,10,31,0.103,0.161,0.172,0.334,137,76,-0.367,1.05,0.465,,-3.8,27,5,9.0,1,42,18,16,13,6,3,0,69,1,1,-0.131,-1.2
HOU/HOU201706090,"Friday, June 9, 2017",7:10 p.m. Local,Minute Maid Park,40786,3:20,Night,Away,Los Angeles Angels,LAA,Houston Astros,HOU,36,9,13,9,9.0,6,4,44,0.361,0.455,0.528,0.982,116,106,0.385,0.76,0.883,,4.5,27,12,9.0,1,59,19,28,18,15,7,0,50,0,0,0.115,0.5,33,4,8,4,4.0,1,4,34,0.242,0.265,0.364,0.628,181,78,-0.114,0.82,0.311,,-0.5,27,14,9.0,1,53,10,15,12,17,10,0,26,1,0,-0.386,-4.5
HOU/HOU201706100,"Saturday, June 10, 2017",3:11 p.m. Local,Minute Maid Park,41296,2:52,Day,Home,Houston Astros,HOU,Los Angeles Angels,LAA,29,1,2,1,0.0,3,12,33,0.069,0.182,0.069,0.251,130,81,-0.496,0.73,0.39,,-3.5,24,13,8.0,1,43,17,21,11,6,3,0,55,2,0,-0.004,1.0,30,3,10,3,3.38,1,2,33,0.333,0.364,0.5,0.864,124,82,0.002,1.42,0.447,,-1.0,27,10,9.0,0,51,8,25,16,13,4,0,78,2,1,0.496,3.5
HOU/HOU201706110,"Sunday, June 11, 2017",1:12 p.m. Local,Minute Maid Park,32425,3:39,Day,Away,Los Angeles Angels,LAA,Houston Astros,HOU,37,12,12,12,12.0,5,13,43,0.324,0.395,0.568,0.963,153,112,0.82,0.74,1.215,,7.5,27,3,9.0,2,60,22,30,14,11,5,0,28,3,2,-0.32,-1.5,37,6,10,6,6.0,5,8,42,0.27,0.357,0.459,0.817,179,93,0.319,0.8,0.837,,1.5,27,8,9.0,2,52,16,25,8,21,8,0,32,3,2,-0.819,-7.5
HOU/HOU201706120,"Monday, June 12, 2017",7:11 p.m. Local,Minute Maid Park,25698,3:23,Night,Away,Texas Rangers,TEX,Houston Astros,HOU,34,6,9,6,6.0,3,9,37,0.265,0.324,0.5,0.824,136,93,0.162,0.88,0.607,,1.5,27,13,9.0,0,47,21,25,9,16,9,0,72,0,0,0.339,3.5,29,1,2,1,1.0,4,5,34,0.069,0.206,0.103,0.309,148,84,-0.34,0.64,0.274,,-3.5,27,7,9.0,1,49,13,22,14,10,5,0,47,3,2,-0.162,-1.5
HOU/HOU201706130,"Tuesday, June 13, 2017",7:10 p.m. Local,Minute Maid Park,27615,3:07,Night,Away,Texas Rangers,TEX,Houston Astros,HOU,33,4,6,4,4.0,5,16,38,0.182,0.289,0.394,0.683,135,99,0.176,1.16,1.079,,-0.5,27,14,9.0,2,44,31,26,5,12,6,0,55,2,0,0.322,2.5,32,2,7,2,2.0,2,4,34,0.219,0.265,0.438,0.702,154,86,-0.323,1.39,0.526,,-2.5,27,4,9.0,2,58,9,20,15,13,5,0,62,3,0,-0.178,0.5
HOU/HOU201706140,"Wednesday, June 14, 2017",7:10 p.m. Local,Minute Maid Park,37221,3:37,Night,Home,Houston Astros,HOU,Texas Rangers,TEX,33,2,7,1,2.0,2,14,36,0.212,0.278,0.333,0.611,190,91,-0.21,0.54,0.423,,-2.5,24,10,8.0,2,47,25,19,9,10,4,0,29,6,4,-0.29,-9.0,40,13,19,13,14.62,4,7,46,0.475,0.543,0.725,1.268,137,122,0.29,1.01,0.639,,9.0,27,7,9.0,1,74,19,29,17,16,8,0,62,0,0,0.21,2.5
HOU/HOU201706160,"Friday, June 16, 2017",7:10 p.m. Local,Minute Maid Park,36189,3:11,Night,Away,Boston Red Sox,BOS,Houston Astros,HOU,33,2,7,2,2.0,2,6,35,0.212,0.257,0.364,0.621,153,82,-0.084,1.8,0.632,,-2.5,27,12,9.0,1,44,12,26,16,11,4,0,62,0,0,0.584,3.5,29,1,6,1,1.0,5,6,34,0.207,0.324,0.379,0.703,120,92,-0.583,1.02,0.736,,-3.5,27,18,9.0,1,58,12,22,10,13,6,0,65,0,0,0.084,2.5
HOU/HOU201706170,"Saturday, June 17, 2017",7:16 p.m. Local,Minute Maid Park,41017,2:34,Night,Home,Houston Astros,HOU,Boston Red Sox,BOS,29,1,3,1,1.0,1,6,30,0.103,0.133,0.207,0.34,128,67,-0.186,0.36,0.071,,-3.5,24,8,8.0,2,40,4,23,12,11,1,0,26,0,0,-0.313,-3.0,32,7,11,6,7.88,1,5,35,0.344,0.343,0.688,1.03,112,85,0.314,0.38,0.4,,3.0,27,10,9.0,1,55,7,23,10,18,7,1,65,0,0,0.187,3.5
HOU/HOU201706180,"Sunday, June 18, 2017",7:08 p.m. Local,Minute Maid Park,38389,4:08,Night,Away,Boston Red Sox,BOS,Houston Astros,HOU,33,6,8,6,6.0,2,10,37,0.242,0.324,0.455,0.779,192,93,0.355,1.94,0.941,,1.5,27,7,9.0,3,50,14,29,8,15,7,0,39,2,1,0.145,-0.5,38,5,14,5,5.0,6,8,45,0.368,0.467,0.684,1.151,137,113,-0.146,0.94,1.42,,0.5,27,7,9.0,2,56,18,40,10,20,11,0,42,4,3,-0.354,-1.5
OAK/OAK201706190,"Monday, June 19, 2017",7:07 p.m. Local,Oakland-Alameda County Coliseum,10482,2:56,Night,Away,Houston Astros,HOU,Oakland Athletics,OAK,35,4,9,4,4.0,2,7,37,0.257,0.297,0.629,0.926,145,94,0.029,1.16,0.638,,-0.5,27,7,9.0,0,48,18,29,11,17,13,0,63,2,0,0.469,3.5,30,1,4,1,1.0,3,13,33,0.133,0.212,0.2,0.412,142,92,-0.469,0.86,0.244,,-3.5,27,11,9.0,3,41,26,25,5,12,6,0,60,1,0,-0.032,0.5
OAK/OAK201706200,"Tuesday, June 20, 2017",7:07 p.m. Local,Oakland-Alameda County Coliseum,15362,3:28,Night,Away,Houston Astros,HOU,Oakland Athletics,OAK,37,8,11,8,8.0,6,8,45,0.297,0.422,0.568,0.99,134,105,0.364,1.16,0.856,,3.5,27,8,9.0,1,66,15,25,13,16,8,0,46,1,0,0.135,0.5,34,4,9,4,4.0,3,9,38,0.265,0.316,0.5,0.816,183,87,-0.137,0.73,0.756,,-0.5,27,8,9.0,2,54,14,19,8,18,12,0,34,0,0,-0.363,-3.5
OAK/OAK201706210,"Wednesday, June 21, 2017",7:07 p.m. Local,Oakland-Alameda County Coliseum,12277,3:06,Night,Away,Houston Astros,HOU,Oakland Athletics,OAK,37,5,10,5,5.0,2,9,40,0.27,0.3,0.378,0.678,135,98,0.105,1.14,0.7,,0.5,27,13,9.0,0,56,15,27,13,16,9,0,64,4,1,0.394,3.5,29,1,4,1,1.0,3,8,34,0.138,0.265,0.172,0.437,141,84,-0.394,0.92,0.38,,-3.5,27,10,9.0,1,56,14,14,15,6,2,0,52,0,0,-0.106,-0.5
OAK/OAK201706220,"Thursday, June 22, 2017",12:37 p.m. Local,Oakland-Alameda County Coliseum,18747,3:24,Day,Away,Houston Astros,HOU,Oakland Athletics,OAK,38,12,13,12,11.0,3,7,45,0.342,0.378,0.737,1.115,189,97,0.428,0.23,0.5,,7.5,27,8,9.0,0,59,9,29,10,24,9,0,46,3,3,0.072,-4.5,38,9,12,8,9.0,5,12,43,0.316,0.395,0.5,0.895,156,113,-0.071,0.34,0.104,,4.5,27,6,9.0,3,64,26,23,10,16,12,0,3,0,0,-0.428,-7.5
SEA/SEA201706230,"Friday, June 23, 2017",7:10 p.m. Local,Safeco Field,31783,3:17,Night,Home,Seattle Mariners,SEA,Houston Astros,HOU,36,3,10,3,3.0,2,7,38,0.278,0.316,0.528,0.844,166,94,-0.064,0.61,0.299,,-1.5,24,12,8.0,3,58,10,26,11,18,8,0,4,2,0,-0.436,-9.0,40,13,16,9,14.62,3,7,44,0.4,0.455,0.725,1.18,146,103,0.437,0.41,0.787,,9.0,27,9,9.0,2,57,22,24,16,17,10,0,49,0,0,0.064,1.5
SEA/SEA201706240,"Saturday, June 24, 2017",7:11 p.m. Local,Safeco Field,29820,3:09,Night,Away,Houston Astros,HOU,Seattle Mariners,SEA,35,5,9,5,4.0,4,7,40,0.257,0.333,0.429,0.762,143,86,0.188,1.19,0.744,,0.5,27,12,9.0,0,45,7,33,12,16,7,0,63,2,1,0.314,2.5,33,2,7,2,2.0,3,11,36,0.212,0.278,0.303,0.581,135,93,-0.314,0.92,0.683,,-2.5,27,9,9.0,1,46,23,24,15,7,3,0,52,3,2,-0.188,-0.5
SEA/SEA201706250,"Sunday, June 25, 2017",1:11 p.m. Local,Safeco Field,33010,3:21,Day,Away,Houston Astros,HOU,Seattle Mariners,SEA,33,8,8,8,8.0,6,3,39,0.242,0.359,0.545,0.904,165,90,0.206,1.15,0.671,,3.5,27,13,9.0,0,56,12,22,10,20,6,0,43,2,0,0.294,2.5,32,2,5,2,2.0,5,10,38,0.156,0.289,0.188,0.477,145,98,-0.294,0.59,0.479,,-2.5,27,8,9.0,3,54,21,23,15,7,5,0,53,3,1,-0.206,-3.5
HOU/HOU201706270,"Tuesday, June 27, 2017",7:11 p.m. Local,Minute Maid Park,28312,3:30,Night,Away,Oakland Athletics,OAK,Houston Astros,HOU,36,6,9,6,6.0,2,10,39,0.25,0.308,0.417,0.724,153,103,0.268,1.38,0.802,,1.5,27,16,9.0,1,66,14,23,8,18,10,0,47,2,0,0.23,0.5,38,4,14,3,4.0,3,6,41,0.368,0.415,0.5,0.915,167,99,-0.229,0.88,0.832,,-0.5,27,6,9.0,1,61,15,23,18,14,8,0,51,3,3,-0.27,-1.5
HOU/HOU201706280,"Wednesday, June 28, 2017",7:12 p.m. Local,Minute Maid Park,34075,3:27,Night,Home,Houston Astros,HOU,Oakland Athletics,OAK,36,8,8,8,8.0,1,17,37,0.222,0.243,0.639,0.882,159,106,0.272,0.79,0.802,,3.5,24,9,8.0,1,52,31,23,5,14,8,0,15,5,3,-0.772,-7.0,37,11,17,11,12.38,3,4,42,0.459,0.476,0.676,1.152,158,94,0.773,0.82,1.123,,7.0,27,5,9.0,5,60,9,25,12,23,15,0,28,0,0,-0.273,-3.5
HOU/HOU201706290,"Thursday, June 29, 2017",1:11 p.m. Local,Minute Maid Park,29509,3:08,Day,Home,Houston Astros,HOU,Oakland Athletics,OAK,32,1,5,1,1.0,7,14,39,0.156,0.308,0.188,0.495,148,111,-0.272,0.66,0.386,,-3.5,24,8,8.0,2,56,24,31,7,11,2,0,33,0,0,-0.227,-2.0,32,6,10,6,6.75,3,4,36,0.312,0.361,0.594,0.955,172,91,0.227,1.05,0.673,,2.0,27,6,9.0,0,57,12,22,11,18,9,0,60,0,0,0.273,3.5
HOU/HOU201706300,"Friday, June 30, 2017",7:11 p.m. Local,Minute Maid Park,40024,3:20,Night,Away,New York Yankees,NYY,Houston Astros,HOU,40,13,14,12,12.0,7,11,48,0.35,0.438,0.525,0.963,121,103,0.562,0.63,1.339,,8.5,27,10,9.0,0,52,29,22,20,10,4,0,51,0,0,-0.062,0.5,35,4,9,4,3.0,0,4,36,0.257,0.25,0.314,0.564,182,81,0.062,1.04,0.4,,-0.5,27,13,9.0,1,56,4,21,18,14,5,0,48,7,5,-0.562,-8.5
HOU/HOU201707010,"Saturday, July 1, 2017",6:16 p.m. Local,Minute Maid Park,41010,3:25,Night,Home,Houston Astros,HOU,New York Yankees,NYY,34,6,10,6,6.0,3,9,37,0.294,0.351,0.5,0.851,146,102,0.23,1.25,0.86,,1.5,24,8,8.0,3,57,25,20,8,17,11,0,49,3,2,-0.729,-3.0,31,7,8,7,7.88,4,9,35,0.258,0.343,0.613,0.956,159,87,0.73,1.02,1.334,,3.0,27,9,9.0,2,44,15,28,7,15,3,0,57,3,2,-0.229,-1.5
HOU/HOU201707020,"Sunday, July 2, 2017",1:11 p.m. Local,Minute Maid Park,41761,3:29,Day,Home,Houston Astros,HOU,New York Yankees,NYY,32,1,6,1,1.0,5,13,37,0.188,0.297,0.25,0.547,141,113,-0.242,0.45,0.162,,-3.5,24,4,8.0,2,64,27,22,4,15,8,0,32,1,1,-0.259,-4.0,38,8,14,8,9.0,2,8,42,0.368,0.415,0.711,1.125,188,103,0.257,0.59,0.545,,4.0,27,3,9.0,0,58,12,32,11,19,7,0,61,2,0,0.242,3.5
ATL/ATL201707040,"Tuesday, July 4, 2017",7:53 p.m. Local,SunTrust Park,41456,3:39,Night,Away,Houston Astros,HOU,Atlanta Braves,ATL,43,16,19,16,16.0,5,5,49,0.442,0.51,0.814,1.324,147,118,0.347,0.21,0.719,,11.3,27,7,9.0,0,76,19,23,16,22,8,0,51,2,0,0.153,0.7,33,4,8,4,4.0,4,9,38,0.242,0.316,0.333,0.649,185,99,-0.153,0.48,0.038,,-0.7,27,11,9.0,3,54,22,23,7,18,9,0,12,3,2,-0.348,-11.3
ATL/ATL201707050,"Wednesday, July 5, 2017",8:01 p.m. Local,SunTrust Park,37278,3:21,Night,Away,Houston Astros,HOU,Atlanta Braves,ATL,41,10,16,10,10.0,2,7,44,0.39,0.432,0.561,0.993,148,96,0.501,0.65,1.076,,5.3,27,8,9.0,1,61,17,18,14,20,12,0,49,0,0,-0.001,0.7,35,4,8,4,4.0,1,9,36,0.229,0.25,0.371,0.621,161,112,0.001,0.9,0.477,,-0.7,27,17,9.0,0,71,21,20,12,14,9,0,37,2,2,-0.501,-5.3
TOR/TOR201707060,"Thursday, July 6, 2017",7:08 p.m. Local,Rogers Centre,40949,3:18,Night,Home,Toronto Blue Jays,TOR,Houston Astros,HOU,36,4,11,4,4.0,2,6,39,0.306,0.359,0.528,0.887,173,94,-0.101,0.99,0.552,,-0.8,24,12,8.0,1,59,12,23,18,12,6,0,24,1,1,-0.399,-2.7,37,7,13,7,6.75,3,9,40,0.351,0.4,0.514,0.914,148,108,0.398,0.85,0.936,,2.7,27,16,9.0,2,58,18,32,15,13,9,0,45,4,1,0.102,0.8
TOR/TOR201707070,"Friday, July 7, 2017",7:08 p.m. Local,Rogers Centre,37332,3:00,Night,Away,Houston Astros,HOU,Toronto Blue Jays,TOR,39,12,14,12,9.0,5,9,45,0.359,0.422,0.769,1.191,151,109,0.419,0.14,0.577,,7.2,27,12,9.0,2,53,11,45,16,15,7,0,61,0,0,0.081,2.8,30,2,6,2,2.0,2,8,32,0.2,0.25,0.4,0.65,171,95,-0.082,0.33,0.039,,-2.8,27,11,9.0,4,54,16,25,9,13,3,0,11,2,0,-0.419,-7.2
TOR/TOR201707080,"Saturday, July 8, 2017",1:09 p.m. Local,Rogers Centre,46659,2:44,Day,Home,Toronto Blue Jays,TOR,Houston Astros,HOU,30,2,7,2,2.0,3,7,33,0.233,0.303,0.367,0.67,143,73,-0.302,0.89,0.382,,-2.8,24,5,8.0,2,36,17,20,11,12,5,0,52,0,0,-0.199,-2.7,31,7,8,7,7.88,6,8,38,0.258,0.395,0.484,0.879,129,79,0.198,0.81,0.729,,2.7,27,12,9.0,1,38,14,27,8,15,2,0,64,0,0,0.301,2.8
TOR/TOR201707090,"Sunday, July 9, 2017",1:08 p.m. Local,Rogers Centre,46622,3:24,Day,Away,Houston Astros,HOU,Toronto Blue Jays,TOR,45,19,17,16,14.0,8,7,54,0.378,0.481,0.8,1.281,144,120,0.342,0.34,0.593,,14.2,27,7,9.0,1,74,15,31,16,22,8,0,61,0,0,0.159,3.8,33,1,7,1,1.0,5,7,38,0.212,0.316,0.333,0.649,209,91,-0.157,0.27,0.109,,-3.8,27,9,9.0,5,53,12,26,8,18,8,0,32,3,2,-0.342,-14.2
HOU/HOU201707140,"Friday, July 14, 2017",7:11 p.m. Local,Minute Maid Park,38006,3:42,Night,Home,Houston Astros,HOU,Minnesota Twins,MIN,32,5,5,5,4.0,9,13,43,0.156,0.349,0.344,0.693,179,113,-0.036,0.47,0.318,,0.5,24,11,8.0,2,58,25,30,9,11,3,0,27,2,2,-0.466,-6.0,37,10,14,10,4.5,5,5,44,0.378,0.455,0.622,1.076,183,113,0.467,0.47,0.637,,6.0,27,7,9.0,1,73,13,27,17,16,6,0,48,3,0,0.035,-0.5
HOU/HOU201707150,"Saturday, July 15, 2017",6:11 p.m. Local,Minute Maid Park,41038,3:21,Night,Away,Minnesota Twins,MIN,Houston Astros,HOU,37,4,11,3,4.0,4,11,41,0.297,0.366,0.432,0.798,157,90,0.137,1.46,0.934,,-0.5,27,9,9.0,1,43,23,24,17,9,8,0,52,3,0,0.364,2.5,33,2,7,2,2.0,6,4,40,0.212,0.35,0.333,0.683,145,93,-0.366,1.22,0.683,,-2.5,27,14,9.0,1,52,12,29,11,18,8,0,38,5,2,-0.135,0.5
HOU/HOU201707160,"Sunday, July 16, 2017",1:11 p.m. Local,Minute Maid Park,38253,2:47,Day,Home,Houston Astros,HOU,Minnesota Twins,MIN,30,3,5,3,3.0,1,12,32,0.167,0.188,0.367,0.554,136,83,-0.29,0.94,0.371,,-1.5,24,13,8.0,0,41,19,24,7,12,3,0,46,2,2,-0.211,-1.0,30,5,7,3,5.62,4,9,34,0.233,0.324,0.333,0.657,121,82,0.209,0.94,0.736,,1.0,27,6,9.0,2,39,14,29,13,7,6,1,72,0,0,0.29,1.5
HOU/HOU201707170,"Monday, July 17, 2017",7:11 p.m. Local,Minute Maid Park,24701,3:49,Night,Away,Seattle Mariners,SEA,Houston Astros,HOU,41,9,11,8,7.2,3,11,45,0.268,0.333,0.634,0.967,168,118,0.884,2.0,1.663,,4.0,30,8,10.0,2,64,19,35,15,15,5,0,40,6,2,-0.384,-2.0,40,7,12,7,6.3,4,8,47,0.3,0.362,0.525,0.887,180,108,0.385,1.07,1.602,,2.0,30,12,10.0,4,66,12,30,8,26,13,0,36,2,0,-0.885,-4.0
HOU/HOU201707180,"Tuesday, July 18, 2017",7:10 p.m. Local,Minute Maid Park,27111,3:02,Night,Home,Houston Astros,HOU,Seattle Mariners,SEA,33,2,6,2,2.0,1,10,34,0.182,0.206,0.212,0.418,126,91,-0.291,0.64,0.175,,-2.5,24,7,8.0,2,45,11,35,14,9,2,0,37,0,0,-0.211,-2.0,29,6,10,6,6.75,2,6,33,0.345,0.394,0.655,1.049,138,75,0.211,0.63,0.577,,2.0,27,8,9.0,0,43,11,23,8,16,5,0,75,3,1,0.289,2.5
HOU/HOU201707190,"Wednesday, July 19, 2017",1:10 p.m. Local,Minute Maid Park,35191,2:51,Day,Away,Seattle Mariners,SEA,Houston Astros,HOU,33,4,6,4,4.0,1,10,34,0.182,0.206,0.333,0.539,144,90,0.113,1.15,0.525,,-0.5,27,7,9.0,0,51,17,22,13,10,5,0,67,2,0,0.387,3.5,32,1,8,1,1.0,2,10,36,0.25,0.286,0.281,0.567,142,98,-0.387,0.74,0.411,,-3.5,27,11,9.0,1,61,16,24,12,12,7,0,51,1,0,-0.114,0.5
BAL/BAL201707210,"Friday, July 21, 2017",7:08 p.m. Local,Oriole Park at Camden Yards,25784,3:02,Night,Away,Houston Astros,HOU,Baltimore Orioles,BAL,41,8,16,8,8.0,1,5,42,0.39,0.405,0.707,1.112,154,87,0.325,0.62,0.537,,3.4,27,3,9.0,1,54,10,23,19,17,7,0,69,2,2,0.175,-2.4,39,7,12,7,7.0,2,13,41,0.308,0.341,0.436,0.777,132,105,-0.174,0.34,0.316,,2.4,27,12,9.0,3,63,15,27,6,20,11,0,28,0,0,-0.324,-3.4
BAL/BAL201707220,"Saturday, July 22, 2017",8:03 p.m. Local,Oriole Park at Camden Yards,32524,3:28,Night,Away,Houston Astros,HOU,Baltimore Orioles,BAL,41,8,15,8,7.0,0,9,43,0.366,0.372,0.634,1.006,134,110,0.465,0.95,1.09,,3.4,27,6,9.0,2,66,18,26,12,21,13,0,42,0,0,0.035,0.6,31,4,4,4,4.0,3,9,35,0.129,0.229,0.323,0.551,175,82,-0.034,0.9,0.643,,-0.6,27,8,9.0,3,40,15,27,6,16,4,0,49,0,0,-0.464,-3.4
BAL/BAL201707230,"Sunday, July 23, 2017",1:39 p.m. Local,Oriole Park at Camden Yards,21533,3:24,Day,Home,Baltimore Orioles,BAL,Houston Astros,HOU,36,7,10,7,7.0,5,8,42,0.278,0.357,0.5,0.857,150,88,0.233,1.37,1.098,,2.4,24,16,8.0,1,45,19,24,13,16,5,0,23,3,0,-0.734,-4.9,32,9,14,8,10.12,4,4,40,0.438,0.5,0.625,1.125,149,91,0.734,1.26,1.537,,4.9,27,8,9.0,2,54,17,20,20,10,5,0,25,1,1,-0.235,-2.4
PHI/PHI201707240,"Monday, July 24, 2017",7:08 p.m. Local,Citizens Bank Park,17567,3:27,Night,Away,Houston Astros,HOU,Philadelphia Phillies,PHI,41,13,18,13,12.0,6,6,50,0.439,0.51,0.756,1.266,150,118,0.425,0.41,0.757,,8.4,27,10,9.0,0,61,14,42,14,22,13,0,53,0,0,0.078,0.6,36,4,10,4,4.0,4,11,40,0.278,0.35,0.417,0.767,196,104,-0.078,0.44,0.245,,-0.6,27,13,9.0,2,48,26,30,14,11,7,0,29,2,1,-0.423,-8.4
PHI/PHI201707250,"Tuesday, July 25, 2017",7:09 p.m. Local,Citizens Bank Park,17176,2:44,Night,Away,Houston Astros,HOU,Philadelphia Phillies,PHI,32,5,7,5,5.0,2,8,35,0.219,0.257,0.313,0.57,138,81,0.133,0.76,0.462,,0.4,27,7,9.0,0,46,13,24,15,10,6,0,79,1,0,0.367,4.6,33,0,4,0,0.0,1,12,36,0.121,0.194,0.242,0.437,128,95,-0.368,0.6,0.209,,-4.6,27,13,9.0,0,45,15,35,9,12,7,0,46,0,0,-0.132,-0.4
PHI/PHI201707260,"Wednesday, July 26, 2017",7:07 p.m. Local,Citizens Bank Park,19718,3:25,Night,Home,Philadelphia Phillies,PHI,Houston Astros,HOU,35,0,9,0,0.0,1,13,36,0.257,0.278,0.314,0.592,167,100,-0.286,0.65,0.158,,-4.6,24,3,8.0,3,53,16,31,11,11,4,0,44,0,0,-0.215,-4.9,38,9,14,9,10.12,3,14,43,0.368,0.442,0.789,1.231,146,115,0.214,0.57,0.638,,4.9,27,7,9.0,0,63,20,32,10,15,5,0,73,0,0,0.286,4.6
DET/DET201707280,"Friday, July 28, 2017",7:10 p.m. Local,Comerica Park,30358,2:54,Night,Away,Houston Astros,HOU,Detroit Tigers,DET,34,6,9,6,6.0,0,3,36,0.265,0.25,0.559,0.809,165,84,0.345,1.15,0.982,,1.2,27,11,9.0,2,56,7,21,11,22,10,0,35,0,0,0.153,-0.2,35,5,9,5,5.0,5,9,40,0.257,0.35,0.486,0.836,113,96,-0.153,1.08,0.795,,0.2,27,9,9.0,2,51,16,29,11,15,9,0,55,0,0,-0.347,-1.2
DET/DET201707290,"Saturday, July 29, 2017",6:10 p.m. Local,Comerica Park,33766,2:41,Night,Home,Detroit Tigers,DET,Houston Astros,HOU,33,3,9,3,3.0,0,5,33,0.273,0.273,0.455,0.727,133,68,-0.195,1.25,0.526,,-1.8,24,8,8.0,0,43,11,14,11,17,6,0,66,1,1,-0.305,-0.7,31,5,8,4,5.62,2,9,34,0.258,0.324,0.355,0.678,92,86,0.305,0.91,1.09,,0.7,27,11,9.0,1,42,18,26,9,13,7,0,55,0,0,0.196,1.8
DET/DET201707300,"Sunday, July 30, 2017",1:10 p.m. Local,Comerica Park,31970,3:26,Day,Home,Detroit Tigers,DET,Houston Astros,HOU,33,1,7,1,1.0,4,8,37,0.212,0.297,0.303,0.6,168,99,-0.355,0.66,0.264,,-3.8,24,13,8.0,2,61,9,29,12,13,4,0,31,2,2,-0.144,-8.7,37,13,15,13,14.62,6,6,46,0.405,0.5,0.649,1.149,150,109,0.144,0.86,0.617,,8.7,27,8,9.0,1,61,14,34,16,16,10,0,65,0,0,0.356,3.8
HOU/HOU201707310,"Monday, July 31, 2017",7:10 p.m. Local,Minute Maid Park,24154,3:24,Night,Home,Houston Astros,HOU,Tampa Bay Rays,TBR,34,7,7,7,7.0,6,8,41,0.206,0.341,0.471,0.812,154,101,0.007,0.47,0.253,,2.5,24,4,8.0,3,60,10,31,13,13,2,0,7,0,0,-0.507,-10.0,40,14,17,14,15.75,5,2,47,0.425,0.468,0.8,1.268,164,96,0.509,0.32,0.737,,10.0,27,10,9.0,3,58,9,29,9,31,16,0,62,3,0,-0.009,-2.5
HOU/HOU201708010,"Tuesday, August 1, 2017",7:10 p.m. Local,Minute Maid Park,22985,3:27,Night,Away,Tampa Bay Rays,TBR,Houston Astros,HOU,35,6,12,6,6.0,3,8,40,0.343,0.41,0.629,1.039,147,91,0.249,0.98,0.554,,1.5,27,7,9.0,2,60,10,21,10,18,9,0,49,4,1,0.252,0.5,34,4,7,4,4.0,1,6,35,0.206,0.229,0.441,0.67,149,93,-0.255,0.49,0.418,,-0.5,27,11,9.0,2,60,10,23,10,18,10,0,32,1,1,-0.247,-1.5
HOU/HOU201708020,"Wednesday, August 2, 2017",7:11 p.m. Local,Minute Maid Park,26722,3:06,Night,Away,Tampa Bay Rays,TBR,Houston Astros,HOU,36,3,9,3,3.0,4,7,40,0.25,0.325,0.361,0.686,128,84,0.047,1.17,0.439,,-1.5,27,11,9.0,0,48,13,23,15,14,7,0,65,2,0,0.454,4.5,30,0,5,0,0.0,3,4,34,0.167,0.242,0.233,0.476,142,82,-0.452,0.59,0.468,,-4.5,27,11,9.0,1,55,7,20,14,13,5,0,41,0,0,-0.047,1.5
HOU/HOU201708030,"Thursday, August 3, 2017",7:11 p.m. Local,Minute Maid Park,23404,3:23,Night,Away,Tampa Bay Rays,TBR,Houston Astros,HOU,36,5,8,5,2.0,5,8,42,0.222,0.317,0.417,0.734,149,102,0.301,1.08,1.184,,0.5,27,11,9.0,1,58,20,23,7,21,10,0,40,2,0,0.201,1.5,35,3,9,3,3.0,1,10,36,0.257,0.278,0.4,0.678,162,98,-0.2,1.3,0.545,,-1.5,27,3,9.0,1,49,21,28,16,9,4,0,60,2,2,-0.3,-0.5
HOU/HOU201708040,"Friday, August 4, 2017",7:10 p.m. Local,Minute Maid Park,39287,3:05,Night,Home,Houston Astros,HOU,Toronto Blue Jays,TOR,35,7,10,7,7.0,2,7,37,0.286,0.324,0.6,0.924,175,89,-0.001,0.34,0.277,,2.5,24,16,8.0,5,48,15,26,13,15,5,0,23,3,3,-0.495,-12.0,40,16,18,16,18.0,7,1,47,0.45,0.532,0.95,1.482,133,99,0.497,0.4,0.67,,12.0,27,11,9.0,3,60,11,28,21,18,9,0,30,0,0,0.003,-2.5
HOU/HOU201708050,"Saturday, August 5, 2017",6:10 p.m. Local,Minute Maid Park,41950,3:16,Night,Away,Toronto Blue Jays,TOR,Houston Astros,HOU,39,4,9,4,3.6,5,12,44,0.231,0.318,0.256,0.575,138,94,0.011,1.3,1.52,,-1.0,30,3,10.0,2,48,25,21,16,11,6,0,60,0,0,0.489,2.0,34,3,5,3,2.7,3,11,37,0.147,0.216,0.353,0.569,161,90,-0.488,1.96,0.601,,-2.0,30,13,10.0,0,47,16,27,6,17,3,0,56,3,0,-0.011,1.0
HOU/HOU201708060,"Sunday, August 6, 2017",1:11 p.m. Local,Minute Maid Park,36300,3:16,Day,Home,Houston Astros,HOU,Toronto Blue Jays,TOR,35,6,8,6,5.0,5,9,42,0.229,0.357,0.429,0.786,160,105,0.473,1.57,1.082,,1.5,26,11,8.2,0,60,17,28,11,15,5,0,46,2,0,-0.973,-2.8,41,7,16,7,6.23,2,9,44,0.39,0.409,0.488,0.897,156,104,0.975,0.86,1.852,,2.8,27,8,9.0,2,60,16,28,16,17,12,0,49,3,1,-0.474,-1.5
CHA/CHA201708080,"Tuesday, August 8, 2017",7:10 p.m. Local,Guaranteed Rate Field,13974,3:37,Night,Home,Chicago White Sox,CHW,Houston Astros,HOU,33,5,9,5,5.0,8,8,42,0.273,0.429,0.515,0.944,160,101,-0.018,0.7,0.715,,0.4,24,10,8.0,1,59,16,26,5,20,12,0,9,2,0,-0.48,-3.9,36,8,13,8,9.0,5,5,41,0.361,0.439,0.528,0.967,176,98,0.482,0.96,0.789,,3.9,27,8,9.0,2,52,24,22,16,15,5,0,45,2,0,0.018,-0.4
CHA/CHA201708090,"Wednesday, August 9, 2017",7:10 p.m. Local,Guaranteed Rate Field,14824,2:54,Night,Home,Chicago White Sox,CHW,Houston Astros,HOU,34,1,6,1,1.0,1,5,35,0.176,0.2,0.324,0.524,137,78,-0.326,0.65,0.219,,-3.6,24,8,8.0,1,49,5,24,13,16,4,0,24,2,2,-0.173,-2.9,32,7,11,7,7.88,4,7,36,0.344,0.417,0.563,0.979,119,86,0.174,0.71,0.608,,2.9,27,8,9.0,1,50,23,13,8,17,5,0,71,0,0,0.326,3.6
CHA/CHA201708100,"Thursday, August 10, 2017",7:10 p.m. Local,Guaranteed Rate Field,18034,3:41,Night,Home,Chicago White Sox,CHW,Houston Astros,HOU,42,2,12,2,1.64,1,7,44,0.286,0.318,0.381,0.699,167,108,-0.488,2.07,0.745,,-3.6,30,7,10.0,1,71,12,25,22,13,7,0,59,1,0,-0.012,1.7,41,3,11,3,1.8,4,14,47,0.268,0.348,0.39,0.738,156,113,0.011,1.36,1.682,,-1.7,33,22,11.0,1,62,28,23,14,14,7,0,60,1,0,0.489,3.6
TEX/TEX201708110,"Friday, August 11, 2017",7:08 p.m. Local,Globe Life Park in Arlington,33897,3:22,Night,Home,Texas Rangers,TEX,Houston Astros,HOU,34,4,8,4,4.0,5,8,39,0.235,0.333,0.382,0.716,136,97,-0.32,0.63,0.298,,-1.2,24,6,8.0,0,61,14,22,14,12,6,0,43,2,0,-0.181,-1.4,34,6,10,6,4.5,2,8,37,0.294,0.333,0.382,0.716,157,93,0.18,0.73,0.5,,1.3,27,11,9.0,1,53,18,22,12,15,6,0,74,1,1,0.32,1.2
TEX/TEX201708120,"Saturday, August 12, 2017",7:37 p.m. Local,Globe Life Park in Arlington,47306,3:14,Night,Home,Texas Rangers,TEX,Houston Astros,HOU,29,3,4,3,3.0,6,4,37,0.138,0.324,0.172,0.497,151,88,-0.142,0.68,0.372,,-2.2,24,8,8.0,2,59,7,22,11,14,5,0,26,2,2,-0.358,-3.4,29,8,9,8,9.0,6,6,38,0.31,0.474,0.552,1.025,147,91,0.357,0.89,0.763,,3.4,27,12,9.0,0,58,11,22,7,16,8,0,46,3,0,0.143,2.2
TEX/TEX201708130,"Sunday, August 13, 2017",2:08 p.m. Local,Globe Life Park in Arlington,31517,3:04,Day,Away,Houston Astros,HOU,Texas Rangers,TEX,31,2,6,2,2.0,2,4,34,0.194,0.265,0.323,0.587,138,77,-0.223,1.88,0.486,,-3.2,27,12,9.0,1,51,5,21,13,14,7,0,62,3,0,0.723,4.2,31,1,7,1,1.0,5,9,37,0.226,0.333,0.355,0.688,126,82,-0.723,1.06,0.767,,-4.2,27,12,9.0,1,48,15,19,12,11,7,0,60,0,0,0.223,3.2
ARI/ARI201708140,"Monday, August 14, 2017",6:40 p.m. Local,Chase Field,20405,2:48,Night,Home,Arizona Diamondbacks,ARI,Houston Astros,HOU,32,0,7,0,0.0,2,12,34,0.219,0.265,0.25,0.515,139,84,-0.623,0.72,0.274,,-5.0,24,7,8.0,0,41,17,26,10,10,7,0,54,1,0,0.123,2.5,31,2,8,2,2.25,2,7,34,0.258,0.324,0.452,0.775,130,82,-0.124,1.06,0.369,,-2.5,27,9,9.0,0,48,10,24,6,18,11,0,71,1,0,0.623,5.0
ARI/ARI201708150,"Tuesday, August 15, 2017",12:40 p.m. Local,Chase Field,16935,3:07,Day,Away,Houston Astros,HOU,Arizona Diamondbacks,ARI,39,9,13,8,9.0,4,8,44,0.333,0.409,0.641,1.05,158,105,0.325,0.71,0.609,,4.0,27,8,9.0,0,65,14,26,10,21,8,0,42,1,0,0.176,1.0,34,4,8,4,4.0,4,17,38,0.235,0.316,0.324,0.639,170,99,-0.176,0.42,0.355,,-1.0,27,7,9.0,1,43,17,39,11,6,5,0,12,0,0,-0.323,-4.0
HOU/HOU201708160,"Wednesday, August 16, 2017",7:11 p.m. Local,Minute Maid Park,27278,3:17,Night,Home,Houston Astros,HOU,Arizona Diamondbacks,ARI,34,5,9,5,5.0,4,13,38,0.265,0.342,0.559,0.901,152,94,-0.097,0.76,0.477,,0.5,24,8,8.0,2,41,21,32,6,15,10,0,34,3,3,-0.403,-5.0,37,9,16,8,7.88,2,5,41,0.432,0.439,0.622,1.061,153,90,0.403,0.81,0.788,,5.0,27,8,9.0,3,52,12,26,19,15,6,0,68,3,0,0.097,-0.5
HOU/HOU201708170,"Thursday, August 17, 2017",1:12 p.m. Local,Minute Maid Park,27949,2:48,Day,Away,Arizona Diamondbacks,ARI,Houston Astros,HOU,32,4,10,3,2.0,3,9,35,0.312,0.371,0.563,0.934,112,87,0.061,1.04,0.564,,-0.5,27,13,9.0,0,48,18,21,11,12,5,0,82,1,0,0.439,4.5,31,0,4,0,0.0,1,8,32,0.129,0.156,0.161,0.318,133,75,-0.438,0.73,0.332,,-4.5,27,10,9.0,2,44,12,19,14,9,1,0,49,2,1,-0.06,0.5
HOU/HOU201708180,"Friday, August 18, 2017",7:11 p.m. Local,Minute Maid Park,30908,2:47,Night,Home,Houston Astros,HOU,Oakland Athletics,OAK,30,1,5,1,1.0,1,6,31,0.167,0.194,0.3,0.494,124,94,-0.464,0.62,0.191,,-3.5,24,11,8.0,2,62,15,17,20,4,2,0,49,0,0,-0.038,1.0,31,3,7,3,3.38,1,2,32,0.226,0.25,0.419,0.669,140,79,0.037,0.93,0.433,,-1.0,27,19,9.0,1,54,5,20,12,17,6,0,73,1,0,0.463,3.5
HOU/HOU201708190,"Saturday, August 19, 2017",6:11 p.m. Local,Minute Maid Park,32796,2:47,Night,Home,Houston Astros,HOU,Oakland Athletics,OAK,28,0,6,0,0.0,3,5,32,0.214,0.313,0.25,0.563,125,79,-0.515,0.87,0.403,,-4.5,24,11,8.0,1,42,11,26,15,8,4,0,52,1,0,0.014,1.0,28,3,8,3,3.38,4,4,32,0.286,0.375,0.464,0.839,128,72,-0.014,1.12,0.479,,-1.0,27,16,9.0,0,40,8,24,11,13,5,0,62,0,0,0.515,4.5
HOU/HOU201708200,"Sunday, August 20, 2017",1:11 p.m. Local,Minute Maid Park,34011,3:17,Day,Away,Oakland Athletics,OAK,Houston Astros,HOU,35,3,10,0,1.0,4,12,40,0.286,0.375,0.314,0.689,134,104,-0.066,1.74,0.66,,-1.5,27,12,9.0,1,51,23,32,10,13,7,0,57,2,0,0.567,2.5,32,2,7,2,2.0,3,6,36,0.219,0.278,0.344,0.622,163,86,-0.566,0.99,0.655,,-2.5,27,7,9.0,0,56,10,20,12,15,7,0,52,2,1,0.066,1.5
HOU/HOU201708220,"Tuesday, August 22, 2017",7:10 p.m. Local,Minute Maid Park,23798,3:05,Night,Away,Washington Nationals,WSN,Houston Astros,HOU,32,4,6,4,4.0,1,8,34,0.188,0.212,0.406,0.618,162,85,0.013,1.87,0.655,,-0.5,27,8,9.0,0,46,19,20,10,15,6,0,53,0,0,0.488,1.5,34,3,9,3,2.0,3,9,38,0.265,0.324,0.294,0.618,127,105,-0.488,0.96,0.885,,-1.5,27,8,9.0,1,64,19,24,14,12,7,0,51,0,0,-0.012,0.5
HOU/HOU201708230,"Wednesday, August 23, 2017",7:10 p.m. Local,Minute Maid Park,23434,2:48,Night,Home,Houston Astros,HOU,Washington Nationals,WSN,30,1,6,1,1.0,1,8,32,0.2,0.219,0.267,0.485,139,79,-0.45,0.85,0.257,,-3.5,24,10,8.0,3,48,10,21,11,12,5,0,50,1,0,-0.052,-2.0,33,6,10,6,6.75,5,2,39,0.303,0.385,0.697,1.082,113,83,0.052,1.07,0.644,,2.0,27,11,9.0,0,54,9,20,10,22,8,0,70,0,0,0.449,3.5
HOU/HOU201708240,"Thursday, August 24, 2017",7:10 p.m. Local,Minute Maid Park,24761,3:47,Night,Away,Washington Nationals,WSN,Houston Astros,HOU,40,5,7,4,3.27,2,10,43,0.175,0.209,0.25,0.459,163,121,0.265,1.71,0.91,,-0.5,33,11,11.0,1,68,28,25,18,13,10,0,72,0,0,0.234,1.5,40,4,9,4,3.27,2,11,42,0.225,0.262,0.375,0.637,176,107,-0.236,1.12,1.106,,-1.5,33,14,11.0,0,61,19,27,15,14,5,0,61,0,0,-0.265,0.5
ANA/ANA201708250,"Friday, August 25, 2017",7:08 p.m. Local,Angel Stadium of Anaheim,42333,2:56,Night,Away,Houston Astros,HOU,Los Angeles Angels,LAA,35,2,8,1,2.0,0,8,35,0.229,0.229,0.343,0.571,151,89,-0.217,1.76,0.429,,-2.6,27,7,9.0,0,45,19,25,10,17,7,0,68,0,0,0.716,3.6,32,1,6,1,1.0,4,11,36,0.188,0.278,0.219,0.497,128,94,-0.718,0.99,0.558,,-3.6,27,10,9.0,1,47,20,27,8,13,8,0,62,0,0,0.216,2.6
ANA/ANA201708260,"Saturday, August 26, 2017",6:47 p.m. Local,Angel Stadium of Anaheim,41101,3:01,Night,Home,Los Angeles Angels,LAA,Houston Astros,HOU,36,6,8,4,5.0,2,6,38,0.222,0.263,0.444,0.708,139,98,0.087,0.83,0.538,,1.4,24,7,8.0,2,59,11,28,14,16,7,0,69,3,3,-0.589,-2.9,31,7,8,7,7.88,2,11,33,0.258,0.303,0.484,0.787,153,90,0.588,0.63,1.038,,2.9,27,11,9.0,2,41,20,29,9,11,4,0,38,0,0,-0.087,-1.4
ANA/ANA201708270,"Sunday, August 27, 2017",12:38 p.m. Local,Angel Stadium of Anaheim,37606,3:16,Day,Away,Houston Astros,HOU,Los Angeles Angels,LAA,34,7,9,7,7.0,4,9,38,0.265,0.342,0.412,0.754,152,86,0.587,1.45,1.14,,2.4,27,14,9.0,1,49,17,20,9,16,4,0,51,0,0,-0.086,-0.4,32,5,8,5,5.0,3,9,39,0.25,0.368,0.375,0.743,144,99,0.085,1.1,1.123,,0.4,27,7,9.0,1,55,15,29,15,9,3,0,46,0,0,-0.587,-2.4
HOU/HOU201708290,"Tuesday, August 29, 2017",7:10 p.m. Local,Tropicana Field,3485,3:27,Night,Away,Texas Rangers,TEX,Houston Astros,HOU,41,12,14,11,9.0,4,9,46,0.341,0.413,0.61,1.023,140,120,0.483,0.53,0.819,,7.5,27,14,9.0,0,78,21,21,13,19,12,0,55,0,0,0.017,2.5,34,2,9,2,2.0,2,5,38,0.265,0.342,0.294,0.636,193,84,-0.018,0.6,0.403,,-2.5,27,11,9.0,2,52,9,23,17,12,5,0,14,0,0,-0.482,-7.5
HOU/HOU201708300,"Wednesday, August 30, 2017",7:11 p.m. Local,Tropicana Field,6123,2:52,Night,Away,Texas Rangers,TEX,Houston Astros,HOU,37,8,11,8,8.0,6,10,43,0.297,0.395,0.486,0.882,120,98,0.357,0.49,0.602,,3.5,27,8,9.0,0,56,21,21,15,12,8,0,78,0,0,0.142,3.5,31,1,4,1,1.0,0,6,32,0.129,0.125,0.161,0.286,161,76,-0.142,0.52,0.148,,-3.5,27,13,9.0,1,48,5,23,10,16,5,0,42,0,0,-0.358,-3.5
HOU/HOU201708310,"Thursday, August 31, 2017",1:11 p.m. Local,Tropicana Field,3385,3:02,Day,Home,Houston Astros,HOU,Texas Rangers,TEX,30,1,4,1,0.0,4,6,35,0.133,0.257,0.2,0.457,122,97,-0.491,0.85,0.464,,-3.5,24,11,8.0,1,57,21,19,8,16,7,0,55,2,2,-0.012,-1.0,30,5,9,5,5.62,2,6,33,0.3,0.364,0.4,0.764,154,76,0.01,1.28,0.582,,1.0,27,7,9.0,0,46,12,18,15,9,4,0,55,2,0,0.488,3.5
HOU/HOU201709021,"Saturday, September 2, 2017",1:11 p.m. Local,Minute Maid Park,30319,3:27,Day,Home,Houston Astros,HOU,New York Mets,NYM,38,8,11,8,7.0,3,15,41,0.289,0.341,0.605,0.947,174,117,-0.05,0.29,0.241,,3.5,24,7,8.0,2,64,19,34,11,12,6,0,15,2,0,-0.451,-8.0,42,12,17,10,12.38,2,6,45,0.405,0.444,0.667,1.111,178,109,0.452,0.35,0.571,,8.0,27,6,9.0,3,66,12,31,13,23,11,0,55,3,3,0.05,-3.5
HOU/HOU201709022,"Saturday, September 2, 2017",7:10 p.m. Local,Minute Maid Park,34904,3:15,Night,Home,Houston Astros,HOU,New York Mets,NYM,32,1,6,1,1.0,4,7,37,0.188,0.297,0.281,0.579,130,103,-0.291,1.06,0.602,,-3.5,24,6,8.0,0,58,15,30,14,11,6,0,39,3,2,-0.209,-0.0,30,4,9,4,4.5,2,8,34,0.3,0.353,0.333,0.686,164,86,0.21,1.22,0.728,,0.0,27,13,9.0,0,56,12,18,11,12,5,0,59,5,1,0.292,3.5
HOU/HOU201709030,"Sunday, September 3, 2017",1:11 p.m. Local,Minute Maid Park,32065,3:14,Day,Home,Houston Astros,HOU,New York Mets,NYM,34,6,10,6,6.0,7,6,44,0.294,0.442,0.353,0.795,130,104,0.022,0.91,1.176,,1.5,24,12,8.0,2,57,14,33,12,17,11,0,15,2,0,-0.524,-4.0,32,8,11,8,9.0,3,1,38,0.344,0.405,0.625,1.03,170,76,0.524,1.67,0.946,,4.0,27,12,9.0,0,57,5,16,13,20,11,0,23,2,1,-0.024,-1.5
SEA/SEA201709040,"Monday, September 4, 2017",3:41 p.m. Local,Safeco Field,20108,2:53,Day,Away,Houston Astros,HOU,Seattle Mariners,SEA,34,6,8,6,6.0,6,6,41,0.235,0.35,0.441,0.791,128,92,0.374,0.8,0.867,,1.5,27,15,9.0,1,54,11,27,8,21,8,0,60,1,0,0.126,2.5,33,2,7,2,2.0,2,8,35,0.212,0.257,0.303,0.56,151,80,-0.125,0.95,0.476,,-2.5,27,7,9.0,2,49,12,19,20,5,3,0,59,4,2,-0.374,-1.5
SEA/SEA201709050,"Tuesday, September 5, 2017",7:11 p.m. Local,Safeco Field,14568,3:07,Night,Away,Houston Astros,HOU,Seattle Mariners,SEA,28,3,2,3,3.0,7,6,36,0.071,0.25,0.179,0.429,134,97,0.012,1.12,0.565,,-1.5,27,11,9.0,1,49,10,38,9,14,4,0,62,0,0,0.486,3.5,33,1,7,1,1.0,1,11,34,0.212,0.235,0.333,0.569,162,99,-0.486,0.94,0.372,,-3.5,27,9,9.0,1,62,14,23,10,12,6,0,67,1,1,-0.015,1.5
SEA/SEA201709060,"Wednesday, September 6, 2017",7:10 p.m. Local,Safeco Field,15104,2:46,Night,Away,Houston Astros,HOU,Seattle Mariners,SEA,36,5,9,5,5.0,3,5,39,0.25,0.308,0.444,0.752,123,88,0.357,1.32,1.165,,0.5,27,7,9.0,1,54,13,22,9,22,9,0,51,5,1,0.145,1.5,32,3,6,3,3.0,1,7,35,0.188,0.257,0.344,0.601,129,83,-0.144,1.41,0.794,,-1.5,27,11,9.0,1,52,12,19,12,13,4,0,59,2,1,-0.355,-0.5
OAK/OAK201709080,"Friday, September 8, 2017",7:07 p.m. Local,Oakland-Alameda County Coliseum,12288,3:06,Night,Home,Oakland Athletics,OAK,Houston Astros,HOU,36,8,11,8,8.0,4,7,41,0.306,0.39,0.639,1.029,132,103,0.637,1.46,1.293,,3.5,24,9,8.0,4,64,16,23,17,12,6,0,39,2,2,-1.136,-6.0,36,9,14,9,10.12,3,2,39,0.389,0.436,0.778,1.214,150,82,1.136,0.99,1.943,,6.0,27,17,9.0,3,52,7,23,12,22,10,0,26,1,0,-0.636,-3.5
OAK/OAK201709091,"Saturday, September 9, 2017",1:07 p.m. Local,Oakland-Alameda County Coliseum,,3:42,Day,Home,Oakland Athletics,OAK,Houston Astros,HOU,30,1,5,1,1.0,4,11,34,0.167,0.265,0.233,0.498,222,81,-0.258,0.56,0.347,,-3.5,24,7,8.0,0,38,19,24,8,11,6,0,50,8,4,-0.242,-7.0,36,11,11,10,11.25,13,12,49,0.306,0.49,0.5,0.99,138,122,0.243,0.86,0.587,,7.0,27,8,9.0,0,68,18,36,11,13,7,0,62,1,0,0.258,3.5
OAK/OAK201709092,"Saturday, September 9, 2017",5:27 p.m. Local,Oakland-Alameda County Coliseum,19244,2:48,Night,Home,Oakland Athletics,OAK,Houston Astros,HOU,32,4,7,4,3.0,4,5,37,0.219,0.297,0.344,0.641,143,71,0.08,0.97,0.783,,-0.5,24,6,8.0,3,39,10,22,15,13,3,0,60,1,1,-0.581,-7.0,37,11,14,11,12.38,1,11,39,0.378,0.385,0.784,1.168,119,101,0.58,1.04,1.135,,7.0,27,12,9.0,1,53,20,28,8,19,11,0,54,2,1,-0.081,0.5
OAK/OAK201709100,"Sunday, September 10, 2017",1:07 p.m. Local,Oakland-Alameda County Coliseum,15892,3:48,Day,Home,Oakland Athletics,OAK,Houston Astros,HOU,34,2,8,2,2.0,3,6,37,0.235,0.297,0.441,0.738,190,96,-0.245,0.92,0.46,,-2.5,24,8,8.0,4,49,10,37,15,12,5,1,41,5,1,-0.255,-6.0,36,10,12,10,11.25,8,8,46,0.333,0.478,0.667,1.145,158,108,0.255,1.0,0.894,,6.0,27,10,9.0,1,68,18,22,13,15,5,0,59,2,0,0.245,2.5
ANA/ANA201709120,"Tuesday, September 12, 2017",7:09 p.m. Local,Angel Stadium of Anaheim,36088,2:51,Night,Away,Houston Astros,HOU,Los Angeles Angels,LAA,32,1,6,1,1.0,0,7,32,0.188,0.188,0.219,0.406,119,83,-0.351,1.45,0.287,,-3.6,27,9,9.0,0,53,12,18,15,10,6,0,88,0,0,0.85,4.6,27,0,2,0,0.0,1,9,29,0.074,0.138,0.111,0.249,121,75,-0.849,0.97,0.183,,-4.6,27,11,9.0,0,38,18,19,8,10,6,0,59,0,0,0.35,3.6
ANA/ANA201709130,"Wednesday, September 13, 2017",7:07 p.m. Local,Angel Stadium of Anaheim,33899,2:28,Night,Home,Los Angeles Angels,LAA,Houston Astros,HOU,28,1,5,1,1.0,1,6,30,0.179,0.2,0.214,0.414,129,66,-0.141,0.24,0.045,,-3.6,24,8,8.0,2,39,8,19,11,12,3,0,13,2,0,-0.36,-4.9,36,9,13,9,10.12,2,9,39,0.361,0.395,0.694,1.089,106,91,0.36,0.28,0.465,,4.9,27,11,9.0,0,54,12,25,11,17,11,0,75,0,0,0.14,3.6
ANA/ANA201709140,"Thursday, September 14, 2017",7:09 p.m. Local,Angel Stadium of Anaheim,35715,3:20,Night,Away,Houston Astros,HOU,Los Angeles Angels,LAA,35,5,10,5,5.0,2,2,38,0.286,0.316,0.4,0.716,142,100,0.047,1.09,0.557,,0.4,27,12,9.0,2,66,5,29,8,26,12,0,62,0,0,0.452,2.6,32,2,5,2,2.0,3,7,35,0.156,0.229,0.406,0.635,151,88,-0.452,0.79,0.361,,-2.6,27,8,9.0,0,48,16,24,15,10,4,0,56,1,1,-0.049,-0.4
HOU/HOU201709150,"Friday, September 15, 2017",7:10 p.m. Local,Minute Maid Park,28328,3:12,Night,Home,Houston Astros,HOU,Seattle Mariners,SEA,35,2,9,2,2.0,1,12,36,0.257,0.278,0.314,0.592,152,96,-0.278,0.47,0.396,,-2.5,24,8,8.0,0,47,20,29,14,9,6,0,32,3,0,-0.224,-1.0,32,5,9,5,5.62,6,6,38,0.281,0.395,0.375,0.77,138,87,0.221,0.87,0.489,,1.0,27,10,9.0,0,45,16,26,11,15,5,0,64,0,0,0.278,2.5
HOU/HOU201709160,"Saturday, September 16, 2017",12:06 p.m. Local,Minute Maid Park,33650,3:21,Day,Home,Houston Astros,HOU,Seattle Mariners,SEA,36,6,10,6,6.0,3,7,39,0.278,0.333,0.444,0.778,159,91,-0.201,0.5,0.475,,1.5,24,6,8.0,0,52,18,21,20,9,5,0,24,2,1,-0.302,-4.0,36,8,12,7,9.0,3,6,39,0.333,0.385,0.472,0.857,142,99,0.301,0.9,0.561,,4.0,27,16,9.0,2,57,13,29,10,20,11,0,62,4,1,0.199,-1.5
HOU/HOU201709170,"Sunday, September 17, 2017",1:10 p.m. Local,Minute Maid Park,30247,2:50,Day,Home,Houston Astros,HOU,Seattle Mariners,SEA,31,1,6,1,1.0,1,13,32,0.194,0.219,0.29,0.509,142,85,-0.236,0.73,0.225,,-3.5,24,8,8.0,4,36,23,26,4,14,5,0,39,1,1,-0.265,-3.0,37,7,12,7,6.75,1,4,38,0.324,0.342,0.703,1.045,127,93,0.263,0.61,0.743,,3.0,27,4,9.0,1,62,6,25,14,19,8,0,76,0,0,0.237,3.5
HOU/HOU201709190,"Tuesday, September 19, 2017",7:11 p.m. Local,Minute Maid Park,23293,2:47,Night,Home,Houston Astros,HOU,Chicago White Sox,CHW,35,1,6,1,1.0,2,14,37,0.171,0.216,0.2,0.416,114,95,-0.519,0.81,0.512,,-3.5,24,9,8.0,1,39,32,24,13,8,1,0,54,1,0,0.019,1.0,29,3,8,3,3.38,1,3,31,0.276,0.3,0.483,0.783,141,73,-0.02,1.46,0.507,,-1.0,27,7,9.0,0,49,6,18,13,14,6,0,57,0,0,0.519,3.5
HOU/HOU201709200,"Wednesday, September 20, 2017",7:10 p.m. Local,Minute Maid Park,24995,3:08,Night,Home,Houston Astros,HOU,Chicago White Sox,CHW,31,3,4,3,3.0,2,10,33,0.129,0.182,0.258,0.44,135,97,-0.362,1.0,0.615,,-1.5,24,7,8.0,0,49,15,33,12,9,5,0,46,3,1,-0.138,-0.0,32,4,9,4,4.5,4,7,36,0.281,0.361,0.406,0.767,146,82,0.14,1.55,0.737,,0.0,27,10,9.0,1,39,15,28,10,15,7,0,66,1,1,0.36,1.5
HOU/HOU201709210,"Thursday, September 21, 2017",7:12 p.m. Local,Minute Maid Park,24283,3:17,Night,Away,Chicago White Sox,CHW,Houston Astros,HOU,31,3,6,2,3.0,3,10,34,0.194,0.265,0.323,0.587,151,91,-0.065,1.38,0.548,,-1.5,27,12,9.0,1,55,18,18,13,8,3,0,49,4,0,0.565,3.5,28,1,3,1,1.0,6,8,34,0.107,0.265,0.214,0.479,147,84,-0.563,1.02,0.43,,-3.5,27,12,9.0,1,45,14,28,12,8,2,0,58,0,0,0.064,1.5
HOU/HOU201709220,"Friday, September 22, 2017",7:11 p.m. Local,Minute Maid Park,34127,3:00,Night,Home,Houston Astros,HOU,Los Angeles Angels,LAA,27,0,2,0,0.0,3,7,30,0.074,0.167,0.074,0.241,125,89,-0.517,0.95,0.226,,-4.5,24,5,8.0,1,54,15,20,10,10,2,0,75,0,0,0.016,1.0,27,3,3,3,3.38,2,9,29,0.111,0.172,0.259,0.432,136,72,-0.018,0.98,0.46,,-1.0,27,12,9.0,0,35,13,24,5,13,9,0,79,0,0,0.517,4.5
HOU/HOU201709230,"Saturday, September 23, 2017",12:07 p.m. Local,Minute Maid Park,34035,2:38,Day,Home,Houston Astros,HOU,Los Angeles Angels,LAA,30,2,5,2,2.0,1,8,33,0.167,0.242,0.4,0.642,112,75,-0.328,0.61,0.22,,-2.5,24,11,8.0,1,36,15,24,13,9,2,0,51,0,0,-0.174,-2.0,31,6,8,6,6.75,2,5,35,0.258,0.343,0.452,0.794,109,72,0.174,0.72,0.504,,2.0,27,13,9.0,2,36,12,24,15,11,4,0,69,0,0,0.328,2.5
HOU/HOU201709240,"Sunday, September 24, 2017",7:09 p.m. Local,Minute Maid Park,36756,3:49,Night,Away,Los Angeles Angels,LAA,Houston Astros,HOU,39,7,11,7,6.0,5,8,44,0.282,0.364,0.538,0.902,141,115,0.472,1.06,1.274,,2.5,27,11,9.0,2,67,26,22,13,18,8,0,40,0,0,0.029,-0.5,35,5,9,5,5.0,2,11,39,0.257,0.333,0.457,0.79,185,90,-0.028,1.41,0.77,,0.5,27,6,9.0,2,38,14,38,13,11,6,0,47,6,1,-0.472,-2.5
TEX/TEX201709250,"Monday, September 25, 2017",7:09 p.m. Local,Globe Life Park in Arlington,30390,3:33,Night,Away,Houston Astros,HOU,Texas Rangers,TEX,39,11,12,9,4.0,3,7,45,0.308,0.378,0.462,0.839,176,97,0.486,0.58,0.898,,5.8,27,5,9.0,1,57,13,27,12,21,11,0,48,0,0,0.015,3.2,36,2,8,2,2.0,4,14,40,0.222,0.3,0.333,0.633,168,114,-0.015,0.86,0.351,,-3.2,27,8,9.0,1,59,25,30,7,15,7,0,31,3,2,-0.485,-5.8
TEX/TEX201709260,"Tuesday, September 26, 2017",7:07 p.m. Local,Globe Life Park in Arlington,28976,3:23,Night,Away,Houston Astros,HOU,Texas Rangers,TEX,43,14,18,13,14.0,4,8,50,0.419,0.48,0.721,1.201,155,121,0.377,0.43,0.573,,8.8,27,11,9.0,2,78,16,27,10,26,16,0,63,0,0,0.124,2.2,33,3,7,3,2.0,2,13,35,0.212,0.257,0.394,0.651,191,96,-0.124,0.39,0.176,,-2.2,27,7,9.0,2,46,22,30,14,6,4,0,22,3,1,-0.376,-8.8
TEX/TEX201709270,"Wednesday, September 27, 2017",1:10 p.m. Local,Globe Life Park in Arlington,26053,3:17,Day,Away,Houston Astros,HOU,Texas Rangers,TEX,43,12,16,12,12.0,2,5,45,0.372,0.4,0.651,1.051,141,111,0.377,0.61,0.775,,6.8,27,8,9.0,2,72,14,25,19,19,7,0,63,0,0,0.125,3.2,33,2,8,2,2.0,0,12,33,0.242,0.242,0.455,0.697,174,99,-0.125,0.61,0.321,,-3.2,27,13,9.0,3,56,20,23,6,15,7,0,24,2,2,-0.376,-6.8
BOS/BOS201709280,"Thursday, September 28, 2017",7:11 p.m. Local,Fenway Park,34222,3:31,Night,Away,Houston Astros,HOU,Boston Red Sox,BOS,44,12,17,11,12.0,6,10,50,0.386,0.46,0.682,1.142,140,115,0.443,0.36,0.736,,7.0,27,12,9.0,1,64,12,39,11,23,10,0,52,0,0,0.058,3.0,34,2,6,2,2.0,3,5,37,0.176,0.243,0.265,0.508,182,86,-0.058,0.5,0.196,,-3.0,27,5,9.0,3,43,12,31,16,13,3,0,23,8,1,-0.443,-7.0
BOS/BOS201709290,"Friday, September 29, 2017",7:09 p.m. Local,Fenway Park,36623,2:47,Night,Away,Houston Astros,HOU,Boston Red Sox,BOS,33,3,6,3,3.0,3,8,36,0.182,0.25,0.303,0.553,117,92,-0.143,1.81,0.602,,-2.0,27,13,9.0,0,52,10,30,15,10,4,0,56,4,0,0.645,3.0,31,2,5,2,2.0,3,9,34,0.161,0.235,0.29,0.526,129,79,-0.644,1.01,0.591,,-3.0,27,11,9.0,1,36,14,30,14,8,4,0,50,0,0,0.145,2.0
BOS/BOS201709300,"Saturday, September 30, 2017",1:05 p.m. Local,Fenway Park,35722,3:19,Day,Home,Boston Red Sox,BOS,Houston Astros,HOU,33,3,8,3,3.0,4,8,37,0.242,0.324,0.364,0.688,146,89,-0.326,0.64,0.384,,-2.0,24,7,8.0,1,51,9,30,13,12,6,0,35,4,2,-0.173,-1.6,33,6,10,6,6.75,4,12,37,0.303,0.378,0.485,0.863,143,90,0.172,0.96,0.543,,1.6,27,13,9.0,1,47,19,24,11,10,6,0,63,3,1,0.328,2.0
BOS/BOS201710010,"Sunday, October 1, 2017",3:07 p.m. Local,Fenway Park,34517,3:09,Day,Away,Houston Astros,HOU,Boston Red Sox,BOS,33,4,8,4,4.0,4,11,38,0.242,0.316,0.303,0.619,129,89,0.077,1.31,0.835,,-1.0,27,9,9.0,0,52,17,20,8,15,7,0,57,1,0,0.422,2.0,33,3,7,2,3.0,1,12,35,0.212,0.257,0.273,0.53,144,91,-0.423,1.22,0.522,,-2.0,27,7,9.0,0,45,26,20,10,11,4,0,58,4,3,-0.078,1.0
