,date,time,venue,attendance,duration,time_of_day,winner,winning_name,winning_abbr,losing_name,losing_abbr,away_at_bats,away_runs,away_hits,away_rbi,away_earned_runs,away_bases_on_balls,away_strikeouts,away_plate_appearances,away_batting_average,away_on_base_percentage,away_slugging_percentage,away_on_base_plus,away_pitches,away_strikes,away_win_probability_for_offensive_player,away_average_leverage_index,away_win_probability_added,away_win_probability_subtracted,away_base_out_runs_added,away_putouts,away_assists,away_innings_pitched,away_home_runs,away_strikes_by_contact,away_strikes_swinging,away_strikes_looking,away_grounded_balls,away_fly_balls,away_line_drives,away_unknown_bat_type,away_game_score,away_inherited_runners,away_inherited_score,away_win_probability_by_pitcher,away_base_out_runs_saved,home_at_bats,home_runs,home_hits,home_rbi,home_earned_runs,home_bases_on_balls,home_strikeouts,home_plate_appearances,home_batting_average,home_on_base_percentage,home_slugging_percentage,home_on_base_plus,home_pitches,home_strikes,home_win_probability_for_offensive_player,home_average_leverage_index,home_win_probability_added,home_win_probability_subtracted,home_base_out_runs_added,home_putouts,home_assists,home_innings_pitched,home_home_runs,home_strikes_by_contact,home_strikes_swinging,home_strikes_looking,home_grounded_balls,home_fly_balls,home_line_drives,home_unknown_bat_type,home_game_score,home_inherited_runners,home_inherited_score,home_win_probability_by_pitcher,home_base_out_runs_saved
LAN/LAN201704030,"Monday, April 3, 2017",1:10 p.m. Local,Dodger Stadium,53701,2:52,Day,Home,Los Angeles Dodgers,LAD,San Diego Padres,SDP,33,3,5,3,2.0,0,9,33,0.152,0.152,0.273,0.424,146,81,-0.077,0.45,0.123,,-1.5,24,8,8.0,4,49,11,21,8,16,3,0,8,3,2,-0.425,-10.0,36,14,14,12,15.75,5,5,44,0.389,0.477,0.833,1.311,115,90,0.426,0.32,0.624,,10.0,27,5,9.0,1,57,6,27,10,22,12,0,75,0,0,0.075,1.5
LAN/LAN201704040,"Tuesday, April 4, 2017",7:10 p.m. Local,Dodger Stadium,42196,2:44,Night,Away,San Diego Padres,SDP,Los Angeles Dodgers,LAD,33,4,11,4,4.0,2,9,37,0.333,0.361,0.485,0.846,110,101,0.095,0.78,0.436,,-0.5,27,14,9.0,0,58,22,21,12,14,4,0,75,0,0,0.406,4.5,28,0,5,0,0.0,2,5,30,0.179,0.233,0.179,0.412,148,75,-0.407,0.54,0.18,,-4.5,27,8,9.0,1,38,13,24,17,6,3,0,45,0,0,-0.094,0.5
LAN/LAN201704050,"Wednesday, April 5, 2017",7:10 p.m. Local,Dodger Stadium,38373,2:43,Night,Home,Los Angeles Dodgers,LAD,San Diego Padres,SDP,27,1,3,1,1.0,4,7,32,0.111,0.226,0.259,0.485,142,78,-0.444,0.6,0.328,,-3.5,24,8,8.0,1,37,14,27,11,10,3,0,53,1,0,-0.056,1.0,30,3,6,2,2.25,3,12,34,0.2,0.294,0.4,0.694,116,92,0.056,1.06,0.454,,-1.0,27,11,9.0,1,44,24,24,9,9,3,0,61,0,0,0.444,3.5
LAN/LAN201704060,"Thursday, April 6, 2017",12:11 p.m. Local,Dodger Stadium,36501,3:14,Day,Home,Los Angeles Dodgers,LAD,San Diego Padres,SDP,33,2,6,2,2.0,2,8,35,0.182,0.229,0.333,0.562,175,86,-0.197,0.41,0.278,,-2.5,24,11,8.0,2,46,12,28,11,14,7,0,40,5,3,-0.304,-6.0,32,10,8,8,10.12,11,5,44,0.25,0.455,0.5,0.955,132,89,0.302,0.64,0.568,,6.0,27,8,9.0,1,57,6,26,14,13,5,0,59,0,0,0.197,2.5
COL/COL201704070,"Friday, April 7, 2017",2:10 p.m. Local,Coors Field,49169,3:00,Day,Home,Colorado Rockies,COL,Los Angeles Dodgers,LAD,30,1,5,1,1.0,3,11,34,0.167,0.242,0.233,0.476,127,82,-0.699,0.97,0.359,,-4.4,24,6,8.0,1,41,11,30,13,7,4,0,48,2,0,0.202,2.8,30,2,6,2,2.25,1,11,31,0.2,0.226,0.333,0.559,140,84,-0.2,1.43,0.523,,-2.8,27,12,9.0,0,46,12,26,10,9,5,0,64,0,0,0.701,4.4
COL/COL201704080,"Saturday, April 8, 2017",6:12 p.m. Local,Coors Field,48012,2:59,Night,Home,Colorado Rockies,COL,Los Angeles Dodgers,LAD,32,2,7,2,2.0,3,7,35,0.219,0.286,0.375,0.661,124,90,-0.427,0.74,0.462,,-3.4,24,9,8.0,3,53,9,30,16,9,5,0,46,0,0,-0.074,0.8,33,4,9,4,4.5,0,7,33,0.273,0.273,0.636,0.909,161,81,0.073,1.09,0.565,,-0.8,27,13,9.0,1,50,10,21,13,13,6,0,54,1,0,0.427,3.4
COL/COL201704090,"Sunday, April 9, 2017",1:12 p.m. Local,Coors Field,33529,3:49,Day,Away,Los Angeles Dodgers,LAD,Colorado Rockies,COL,40,10,15,9,9.0,5,8,46,0.375,0.444,0.575,1.019,148,115,0.442,0.83,0.943,,4.6,27,6,9.0,1,62,23,30,13,20,9,0,45,1,0,0.059,-0.6,35,6,9,6,6.0,2,11,39,0.257,0.289,0.4,0.689,190,99,-0.057,0.67,0.503,,0.6,27,9,9.0,1,55,22,22,8,18,10,0,36,0,0,-0.443,-4.6
CHN/CHN201704100,"Monday, April 10, 2017",9:01 p.m. Local,Wrigley Field,41166,3:37,Night,Home,Chicago Cubs,CHC,Los Angeles Dodgers,LAD,32,2,6,1,1.0,3,10,37,0.188,0.278,0.219,0.497,151,90,-0.361,1.27,1.056,,-2.8,26,6,8.2,0,45,11,33,10,12,5,0,48,4,1,-0.141,1.5,32,3,6,3,2.08,7,10,39,0.188,0.333,0.25,0.583,159,89,0.14,1.98,0.888,,-1.6,27,7,9.0,0,48,20,21,8,14,6,0,66,5,1,0.36,2.8
CHN/CHN201704120,"Wednesday, April 12, 2017",7:14 p.m. Local,Wrigley Field,40844,3:20,Night,Away,Los Angeles Dodgers,LAD,Chicago Cubs,CHC,32,2,5,1,1.0,6,14,38,0.156,0.289,0.281,0.571,139,103,-0.257,1.63,0.525,,-2.8,27,13,9.0,0,49,19,35,8,11,5,0,65,1,0,0.757,4.8,28,0,5,0,0.0,3,9,32,0.179,0.258,0.179,0.437,171,83,-0.756,1.03,0.476,,-4.8,27,8,9.0,1,45,13,28,10,10,5,0,67,1,0,0.257,2.8
CHN/CHN201704130,"Thursday, April 13, 2017",1:20 p.m. Local,Wrigley Field,38379,3:01,Day,Home,Chicago Cubs,CHC,Los Angeles Dodgers,LAD,32,0,6,0,0.0,4,5,36,0.188,0.278,0.25,0.528,134,80,-0.394,0.57,0.352,,-4.8,24,8,8.0,2,43,13,24,10,17,7,0,39,2,0,-0.106,0.3,29,4,8,4,4.5,4,9,34,0.276,0.382,0.517,0.9,136,88,0.106,1.02,0.47,,-0.3,27,12,9.0,0,43,25,20,9,11,5,0,59,0,0,0.394,4.8
LAN/LAN201704140,"Friday, April 14, 2017",7:10 p.m. Local,Dodger Stadium,49438,3:06,Night,Home,Los Angeles Dodgers,LAD,Arizona Diamondbacks,ARI,30,1,4,1,1.0,2,9,32,0.133,0.188,0.167,0.354,160,83,-0.292,0.63,0.143,,-3.5,24,12,8.0,1,38,14,31,10,11,5,0,28,1,0,-0.209,-3.0,34,7,13,7,7.88,4,4,40,0.382,0.436,0.529,0.965,115,95,0.209,0.6,0.616,,3.0,27,9,9.0,0,57,13,25,13,19,10,0,78,1,0,0.291,3.5
LAN/LAN201704150,"Saturday, April 15, 2017",6:11 p.m. Local,Dodger Stadium,48070,3:03,Night,Home,Los Angeles Dodgers,LAD,Arizona Diamondbacks,ARI,34,4,5,4,4.0,1,12,35,0.147,0.171,0.265,0.436,135,94,-0.139,1.07,0.658,,-0.5,24,11,8.0,2,50,17,27,12,10,4,0,38,0,0,-0.361,-4.0,34,8,11,7,6.75,4,7,42,0.324,0.405,0.618,1.022,141,84,0.363,1.21,0.974,,4.0,27,8,9.0,1,48,12,24,12,17,7,0,42,2,0,0.14,0.5
LAN/LAN201704160,"Sunday, April 16, 2017",1:11 p.m. Local,Dodger Stadium,39822,3:22,Day,Away,Arizona Diamondbacks,ARI,Los Angeles Dodgers,LAD,33,3,9,3,3.0,4,7,37,0.273,0.351,0.364,0.715,141,94,-0.022,1.15,0.702,,-1.5,27,8,9.0,0,54,14,27,12,14,6,0,61,1,0,0.521,3.5,31,1,5,1,1.0,3,9,34,0.161,0.235,0.194,0.429,150,89,-0.522,1.1,0.332,,-3.5,27,10,9.0,1,51,19,19,8,14,6,0,41,4,0,0.021,1.5
LAN/LAN201704170,"Monday, April 17, 2017",7:10 p.m. Local,Dodger Stadium,35448,3:07,Night,Away,Arizona Diamondbacks,ARI,Los Angeles Dodgers,LAD,35,4,10,4,4.0,5,14,40,0.286,0.375,0.429,0.804,135,109,0.081,1.42,0.902,,-0.5,27,6,9.0,1,54,24,31,10,11,4,0,66,0,0,0.419,2.5,30,2,5,2,1.0,4,15,36,0.167,0.257,0.3,0.557,158,83,-0.419,1.11,0.586,,-2.5,27,5,9.0,1,37,20,26,6,11,5,0,54,1,1,-0.08,0.5
LAN/LAN201704180,"Tuesday, April 18, 2017",7:10 p.m. Local,Dodger Stadium,37960,3:17,Night,Away,Colorado Rockies,COL,Los Angeles Dodgers,LAD,33,4,7,4,4.0,2,12,36,0.212,0.278,0.545,0.823,166,98,0.126,1.67,0.471,,-0.5,27,9,9.0,0,44,27,27,11,10,5,0,49,4,0,0.375,1.5,34,3,9,3,3.0,5,7,42,0.265,0.39,0.265,0.655,141,99,-0.374,0.48,0.813,,-1.5,27,10,9.0,3,53,15,31,16,12,6,0,48,0,0,-0.125,0.5
LAN/LAN201704190,"Wednesday, April 19, 2017",7:11 p.m. Local,Dodger Stadium,45474,2:55,Night,Home,Los Angeles Dodgers,LAD,Colorado Rockies,COL,32,2,6,2,2.0,2,12,35,0.188,0.229,0.25,0.479,124,90,-0.368,0.82,0.515,,-2.5,24,8,8.0,1,43,23,24,8,13,8,0,47,1,0,-0.131,-0.0,31,4,7,4,2.25,2,7,34,0.226,0.273,0.484,0.757,129,74,0.131,1.41,0.585,,0.0,27,7,9.0,0,42,11,21,12,13,7,0,68,3,0,0.368,2.5
ARI/ARI201704210,"Friday, April 21, 2017",6:40 p.m. Local,Chase Field,27018,3:28,Night,Home,Arizona Diamondbacks,ARI,Los Angeles Dodgers,LAD,35,5,9,5,5.0,1,7,37,0.257,0.297,0.514,0.812,168,90,0.18,1.4,0.848,,-0.0,24,5,8.0,1,55,10,25,15,13,3,0,39,9,7,-0.683,-8.5,38,13,14,12,14.62,8,11,46,0.368,0.478,0.605,1.084,143,101,0.681,0.95,1.587,,8.5,27,13,9.0,2,59,18,24,11,17,11,0,44,1,0,-0.181,0.0
ARI/ARI201704220,"Saturday, April 22, 2017",5:10 p.m. Local,Chase Field,36294,3:20,Night,Home,Arizona Diamondbacks,ARI,Los Angeles Dodgers,LAD,35,5,11,5,5.0,5,9,40,0.314,0.4,0.457,0.857,140,93,-0.039,0.61,0.903,,-0.0,24,9,8.0,4,55,13,25,17,9,4,0,29,0,0,-0.461,-6.5,37,11,14,11,11.25,3,7,41,0.378,0.425,0.838,1.263,170,87,0.46,1.36,0.85,,6.5,27,13,9.0,1,46,19,22,11,20,9,0,34,6,2,0.041,0.0
ARI/ARI201704230,"Sunday, April 23, 2017",1:11 p.m. Local,Chase Field,28704,2:54,Day,Away,Los Angeles Dodgers,LAD,Arizona Diamondbacks,ARI,34,6,9,5,6.0,5,5,39,0.265,0.359,0.471,0.83,123,85,0.345,0.58,0.831,,1.0,27,10,9.0,1,54,8,23,12,17,9,0,64,0,0,0.158,3.0,33,2,7,2,2.0,1,8,34,0.212,0.235,0.333,0.569,143,89,-0.159,0.81,0.278,,-3.0,27,13,9.0,1,48,15,26,10,15,6,0,40,1,1,-0.343,-1.0
SFN/SFN201704240,"Monday, April 24, 2017",7:15 p.m. Local,AT&T Park,41399,2:57,Night,Home,San Francisco Giants,SFG,Los Angeles Dodgers,LAD,29,1,4,1,1.0,2,6,31,0.138,0.194,0.138,0.331,151,65,-0.632,0.86,0.42,,-3.6,24,9,8.0,0,34,8,25,12,11,5,0,60,2,1,0.131,2.1,29,2,8,2,2.25,3,5,33,0.276,0.333,0.31,0.644,112,95,-0.13,1.58,0.357,,-2.1,27,14,9.0,0,54,14,27,11,14,7,0,70,0,0,0.632,3.6
SFN/SFN201704250,"Tuesday, April 25, 2017",7:15 p.m. Local,AT&T Park,41329,2:59,Night,Away,Los Angeles Dodgers,LAD,San Francisco Giants,SFG,32,2,7,2,2.0,4,7,37,0.219,0.306,0.25,0.556,124,78,-0.212,1.52,0.563,,-2.6,27,6,9.0,0,41,12,25,12,14,6,0,67,0,0,0.713,3.6,35,1,8,1,1.0,1,9,36,0.229,0.25,0.257,0.507,128,90,-0.712,1.21,0.462,,-3.6,27,7,9.0,0,52,15,23,13,13,4,0,52,2,0,0.214,2.6
SFN/SFN201704260,"Wednesday, April 26, 2017",7:15 p.m. Local,AT&T Park,41573,3:11,Night,Home,San Francisco Giants,SFG,Los Angeles Dodgers,LAD,39,3,9,3,2.7,2,6,41,0.231,0.268,0.333,0.602,147,101,-0.292,1.41,0.588,,-2.1,28,14,9.1,2,62,16,23,16,17,8,0,74,0,0,-0.209,0.1,32,4,6,4,3.86,3,7,37,0.188,0.25,0.375,0.625,148,94,0.208,1.22,1.072,,-0.1,30,11,10.0,1,53,15,26,15,12,6,0,49,0,0,0.292,2.1
SFN/SFN201704270,"Thursday, April 27, 2017",12:45 p.m. Local,AT&T Park,41580,3:28,Day,Away,Los Angeles Dodgers,LAD,San Francisco Giants,SFG,33,5,5,5,4.5,7,11,42,0.152,0.293,0.242,0.535,152,96,-0.055,1.61,0.766,,-0.1,30,9,10.0,0,54,17,25,12,12,5,0,57,2,0,0.553,4.1,34,1,7,1,0.9,4,8,38,0.206,0.289,0.206,0.495,160,99,-0.553,1.24,0.716,,-4.1,30,10,10.0,1,55,22,22,9,17,10,0,74,7,4,0.054,0.1
LAN/LAN201704280,"Friday, April 28, 2017",7:10 p.m. Local,Dodger Stadium,46729,3:02,Night,Home,Los Angeles Dodgers,LAD,Philadelphia Phillies,PHI,33,3,7,3,3.0,1,12,35,0.212,0.229,0.273,0.501,136,95,-0.245,0.94,0.466,,-1.5,24,8,8.0,0,50,21,24,10,12,8,0,31,2,2,-0.256,-1.0,33,5,10,4,5.62,3,5,37,0.303,0.351,0.364,0.715,142,83,0.256,1.03,0.748,,1.0,27,4,9.0,0,52,13,18,13,16,9,0,66,1,0,0.244,1.5
LAN/LAN201704290,"Saturday, April 29, 2017",6:10 p.m. Local,Dodger Stadium,53110,3:27,Night,Home,Los Angeles Dodgers,LAD,Philadelphia Phillies,PHI,38,5,13,5,5.0,3,6,43,0.342,0.39,0.579,0.969,157,105,0.222,1.18,0.845,,0.5,26,12,8.2,5,66,15,24,13,21,11,0,65,1,1,-0.722,-2.0,37,6,11,6,6.23,1,7,39,0.297,0.333,0.73,1.063,163,106,0.722,0.91,1.409,,2.0,27,12,9.0,2,63,14,29,16,14,7,0,37,0,0,-0.222,-0.5
LAN/LAN201704300,"Sunday, April 30, 2017",1:10 p.m. Local,Dodger Stadium,48961,3:06,Day,Home,Los Angeles Dodgers,LAD,Philadelphia Phillies,PHI,32,3,6,3,3.0,5,13,37,0.188,0.297,0.406,0.704,140,88,-0.328,0.93,0.407,,-1.5,24,7,8.0,2,47,20,21,6,13,4,0,45,0,0,-0.172,-1.0,34,5,13,5,5.62,2,8,36,0.382,0.417,0.676,1.093,147,88,0.174,0.9,0.771,,1.0,27,5,9.0,1,50,13,25,10,16,9,0,64,1,0,0.329,1.5
LAN/LAN201705010,"Monday, May 1, 2017",7:10 p.m. Local,Dodger Stadium,44606,2:52,Night,Away,San Francisco Giants,SFG,Los Angeles Dodgers,LAD,33,4,8,4,3.0,1,8,34,0.242,0.265,0.455,0.719,129,98,0.041,1.63,0.55,,-0.5,27,5,9.0,0,63,14,21,12,13,5,0,58,0,0,0.459,1.5,33,3,6,3,3.0,1,8,34,0.182,0.206,0.212,0.418,139,81,-0.457,0.74,0.593,,-1.5,27,12,9.0,2,53,13,15,11,14,5,0,47,0,0,-0.042,0.5
LAN/LAN201705020,"Tuesday, May 2, 2017",7:11 p.m. Local,Dodger Stadium,43471,3:23,Night,Home,Los Angeles Dodgers,LAD,San Francisco Giants,SFG,39,5,12,4,4.0,1,14,40,0.308,0.325,0.359,0.684,158,118,0.215,0.7,0.604,,0.5,24,13,8.0,1,70,22,26,12,13,7,0,10,3,3,-0.716,-9.0,32,13,11,13,14.62,9,5,43,0.344,0.488,0.563,1.051,173,87,0.715,0.65,0.956,,9.0,27,6,9.0,0,61,12,14,16,13,6,0,42,0,0,-0.214,-0.5
LAN/LAN201705030,"Wednesday, May 3, 2017",7:17 p.m. Local,Dodger Stadium,50215,3:50,Night,Away,San Francisco Giants,SFG,Los Angeles Dodgers,LAD,39,4,11,4,3.27,8,10,50,0.282,0.396,0.359,0.755,140,120,-0.118,1.18,1.313,,-1.4,33,12,11.0,0,66,20,34,14,18,8,0,85,1,0,0.619,4.5,37,1,6,1,0.0,0,13,38,0.162,0.184,0.162,0.346,188,96,-0.619,1.93,0.447,,-4.5,33,11,11.0,0,54,18,24,15,9,4,0,56,0,0,0.118,1.5
SDN/SDN201705050,"Friday, May 5, 2017",7:12 p.m. Local,Petco Park,34320,4:11,Night,Away,Los Angeles Dodgers,LAD,San Diego Padres,SDP,39,8,14,8,7.0,3,10,43,0.359,0.419,0.538,0.957,166,112,0.282,1.3,1.04,,3.6,27,5,9.0,0,69,15,28,13,16,8,0,60,5,0,0.22,2.4,28,2,4,2,1.0,6,13,36,0.143,0.286,0.179,0.464,175,95,-0.219,1.1,0.615,,-2.4,27,9,9.0,2,42,22,31,9,8,6,0,56,1,0,-0.279,-3.6
SDN/SDN201705060,"Saturday, May 6, 2017",5:40 p.m. Local,Petco Park,36337,3:26,Night,Away,Los Angeles Dodgers,LAD,San Diego Padres,SDP,31,10,8,8,10.0,9,9,42,0.258,0.439,0.419,0.858,160,97,0.223,0.67,0.769,,5.6,27,8,9.0,1,55,16,26,10,13,6,0,69,7,0,0.278,2.4,34,2,7,1,1.0,5,12,39,0.206,0.308,0.294,0.602,168,99,-0.278,0.75,0.289,,-2.4,27,10,9.0,1,57,17,25,12,10,3,0,32,0,0,-0.223,-5.6
LAN/LAN201705080,"Monday, May 8, 2017",7:10 p.m. Local,Dodger Stadium,37314,3:08,Night,Home,Los Angeles Dodgers,LAD,Pittsburgh Pirates,PIT,32,1,5,1,1.0,2,17,34,0.156,0.206,0.188,0.393,170,105,-0.095,0.29,0.031,,-3.5,24,7,8.0,2,55,23,27,12,3,3,0,18,0,0,-0.404,-8.0,39,12,15,12,11.25,4,7,43,0.385,0.442,0.615,1.057,154,112,0.405,0.17,0.479,,8.0,27,10,9.0,0,69,13,30,16,16,7,0,73,0,0,0.096,3.5
LAN/LAN201705090,"Tuesday, May 9, 2017",7:10 p.m. Local,Dodger Stadium,47720,3:38,Night,Home,Los Angeles Dodgers,LAD,Pittsburgh Pirates,PIT,33,3,4,3,2.7,2,10,35,0.121,0.171,0.273,0.444,161,95,-0.079,1.9,0.747,,-2.0,29,10,9.2,1,56,16,25,8,15,7,0,51,3,0,-0.42,0.6,41,4,13,4,3.72,2,8,45,0.317,0.364,0.463,0.827,146,107,0.419,1.11,1.774,,-0.6,30,8,10.0,1,71,17,19,14,20,9,0,70,2,2,0.08,2.0
LAN/LAN201705100,"Wednesday, May 10, 2017",7:10 p.m. Local,Dodger Stadium,40719,2:37,Night,Home,Los Angeles Dodgers,LAD,Pittsburgh Pirates,PIT,32,2,5,2,2.0,0,5,32,0.156,0.156,0.281,0.438,122,79,-0.302,0.35,0.105,,-2.5,24,13,8.0,1,42,16,21,12,15,6,0,41,0,0,-0.198,-1.0,29,5,8,5,5.62,4,6,33,0.276,0.364,0.483,0.846,110,75,0.199,0.55,0.377,,1.0,27,10,9.0,1,42,18,15,10,13,7,0,70,0,0,0.301,2.5
COL/COL201705110,"Thursday, May 11, 2017",6:41 p.m. Local,Coors Field,27265,3:23,Night,Home,Colorado Rockies,COL,Los Angeles Dodgers,LAD,40,7,14,6,7.0,3,11,43,0.35,0.395,0.6,0.995,166,93,-0.152,0.37,0.261,,1.6,24,10,8.0,0,53,21,19,9,20,10,0,14,0,0,-0.349,-5.2,37,10,12,9,5.62,6,9,44,0.324,0.432,0.486,0.918,148,103,0.349,0.43,0.529,,5.2,27,8,9.0,1,56,19,28,12,16,12,0,50,4,2,0.151,-1.6
COL/COL201705120,"Friday, May 12, 2017",6:41 p.m. Local,Coors Field,40146,2:53,Night,Away,Los Angeles Dodgers,LAD,Colorado Rockies,COL,33,6,9,6,6.0,4,9,37,0.273,0.351,0.545,0.897,120,84,0.178,0.9,0.617,,0.6,27,13,9.0,0,51,14,19,11,13,8,0,58,1,0,0.322,3.4,31,2,7,2,2.0,2,7,33,0.226,0.273,0.323,0.595,145,80,-0.321,0.65,0.403,,-3.4,27,13,9.0,1,42,17,21,14,10,6,0,33,1,0,-0.178,-0.6
COL/COL201705130,"Saturday, May 13, 2017",6:10 p.m. Local,Coors Field,43534,3:18,Night,Away,Los Angeles Dodgers,LAD,Colorado Rockies,COL,32,4,7,4,4.0,4,12,37,0.219,0.306,0.438,0.743,141,101,0.027,0.99,0.428,,-1.4,27,5,9.0,0,50,23,28,7,14,9,0,71,0,0,0.474,5.4,33,0,7,0,0.0,1,14,34,0.212,0.235,0.212,0.447,160,98,-0.474,0.65,0.266,,-5.4,27,8,9.0,1,45,27,26,11,8,5,0,53,2,0,-0.026,1.4
COL/COL201705140,"Sunday, May 14, 2017",1:12 p.m. Local,Coors Field,41051,3:38,Day,Home,Colorado Rockies,COL,Los Angeles Dodgers,LAD,38,6,12,6,6.0,6,10,44,0.316,0.409,0.5,0.909,144,105,-0.014,0.86,1.016,,0.6,24,11,8.0,3,59,16,30,12,16,6,0,24,1,1,-0.485,-4.2,33,9,13,9,10.12,2,6,36,0.394,0.444,0.697,1.141,174,87,0.486,1.3,1.005,,4.2,27,9,9.0,2,52,13,22,10,17,8,0,39,5,2,0.015,-0.6
SFN/SFN201705150,"Monday, May 15, 2017",7:15 p.m. Local,AT&T Park,41397,3:09,Night,Home,San Francisco Giants,SFG,Los Angeles Dodgers,LAD,33,4,8,3,4.0,4,9,37,0.242,0.324,0.333,0.658,143,98,-0.183,0.49,0.316,,-0.6,24,5,8.0,1,54,10,34,5,19,10,0,33,3,0,-0.317,-3.9,33,8,10,8,9.0,2,8,37,0.303,0.333,0.455,0.788,162,93,0.319,0.57,0.538,,3.9,27,2,9.0,0,59,9,25,13,14,8,0,62,5,3,0.183,0.6
SFN/SFN201705160,"Tuesday, May 16, 2017",7:14 p.m. Local,AT&T Park,41366,2:47,Night,Home,San Francisco Giants,SFG,Los Angeles Dodgers,LAD,32,1,7,1,1.0,2,5,34,0.219,0.265,0.344,0.608,133,83,-0.581,1.12,0.564,,-3.6,24,8,8.0,1,47,7,29,12,15,7,0,57,1,0,0.08,2.1,31,2,11,2,2.25,0,9,33,0.355,0.375,0.452,0.827,132,87,-0.081,1.44,0.592,,-2.1,27,10,9.0,1,51,12,26,9,14,7,0,65,0,0,0.58,3.6
SFN/SFN201705170,"Wednesday, May 17, 2017",12:44 p.m. Local,AT&T Park,41588,2:37,Day,Away,Los Angeles Dodgers,LAD,San Francisco Giants,SFG,35,6,9,5,6.0,2,9,38,0.257,0.297,0.371,0.669,118,92,0.198,0.45,0.579,,1.4,27,11,9.0,1,61,12,19,10,17,10,0,76,0,0,0.303,3.6,30,1,4,1,1.0,0,7,30,0.133,0.133,0.233,0.367,139,84,-0.304,0.59,0.039,,-3.6,27,8,9.0,0,55,11,18,10,13,5,0,41,0,0,-0.196,-1.4
LAN/LAN201705180,"Thursday, May 18, 2017",7:10 p.m. Local,Dodger Stadium,41717,3:16,Night,Home,Los Angeles Dodgers,LAD,Miami Marlins,MIA,32,2,7,2,2.0,3,13,36,0.219,0.306,0.469,0.774,151,83,-0.192,0.59,0.584,,-2.5,24,14,8.0,1,35,20,28,10,10,7,0,37,0,0,-0.306,-3.0,28,7,11,7,7.88,9,5,40,0.393,0.538,0.536,1.074,137,87,0.306,1.01,0.66,,3.0,27,7,9.0,2,53,15,19,12,13,7,0,48,5,0,0.195,2.5
LAN/LAN201705190,"Friday, May 19, 2017",7:10 p.m. Local,Dodger Stadium,45034,2:58,Night,Home,Los Angeles Dodgers,LAD,Miami Marlins,MIA,32,2,9,2,2.0,2,6,36,0.281,0.333,0.438,0.771,141,81,-0.275,0.5,0.219,,-2.5,24,9,8.0,3,51,15,15,20,7,5,0,29,0,0,-0.227,-3.0,31,7,8,7,7.88,4,8,36,0.258,0.361,0.613,0.974,122,82,0.227,0.59,0.478,,3.0,27,16,9.0,1,46,11,25,14,9,5,0,68,2,0,0.273,2.5
LAN/LAN201705200,"Saturday, May 20, 2017",7:11 p.m. Local,Dodger Stadium,52850,3:27,Night,Away,Miami Marlins,MIA,Los Angeles Dodgers,LAD,39,10,14,10,9.0,4,9,44,0.359,0.419,0.59,1.008,159,109,0.366,0.27,0.58,,5.5,27,7,9.0,3,59,25,25,13,18,12,0,54,3,1,0.134,-1.5,34,6,7,5,6.0,4,10,38,0.206,0.289,0.529,0.819,175,98,-0.135,0.44,0.088,,1.5,27,8,9.0,1,50,21,27,9,15,4,0,14,3,1,-0.366,-5.5
LAN/LAN201705210,"Sunday, May 21, 2017",1:10 p.m. Local,Dodger Stadium,44646,2:46,Day,Home,Los Angeles Dodgers,LAD,Miami Marlins,MIA,33,3,7,3,3.0,2,7,35,0.212,0.257,0.364,0.621,151,81,-0.261,0.47,0.241,,-1.5,24,12,8.0,1,49,10,22,12,14,4,0,39,0,0,-0.239,-2.0,34,6,12,6,6.75,2,7,39,0.353,0.421,0.618,1.039,118,93,0.24,0.71,0.505,,2.0,27,12,9.0,1,53,19,21,14,14,8,0,66,0,0,0.262,1.5
LAN/LAN201705230,"Tuesday, May 23, 2017",7:10 p.m. Local,Dodger Stadium,41248,4:05,Night,Home,Los Angeles Dodgers,LAD,St. Louis Cardinals,STL,42,1,4,0,0.69,0,14,42,0.095,0.095,0.119,0.214,209,112,-0.926,1.31,0.489,,-5.4,38,10,12.2,1,62,28,25,18,10,5,0,82,1,0,0.425,4.1,41,2,3,2,1.42,5,19,46,0.073,0.174,0.171,0.345,165,123,-0.425,1.55,0.712,,-4.1,39,16,13.0,0,62,30,31,10,12,3,0,87,0,0,0.924,5.4
LAN/LAN201705240,"Wednesday, May 24, 2017",7:11 p.m. Local,Dodger Stadium,40653,2:44,Night,Away,St. Louis Cardinals,STL,Los Angeles Dodgers,LAD,33,6,8,4,6.0,9,8,43,0.242,0.395,0.364,0.759,108,101,0.209,0.52,0.597,,1.5,27,13,9.0,0,55,22,24,11,15,5,0,75,0,0,0.291,3.5,29,1,4,1,1.0,0,6,30,0.138,0.133,0.207,0.34,170,68,-0.294,0.68,0.092,,-3.5,27,10,9.0,1,37,14,17,14,10,6,0,31,1,1,-0.209,-1.5
LAN/LAN201705250,"Thursday, May 25, 2017",7:10 p.m. Local,Dodger Stadium,47427,3:03,Night,Home,Los Angeles Dodgers,LAD,St. Louis Cardinals,STL,33,3,9,3,3.0,3,6,37,0.273,0.351,0.333,0.685,154,77,-0.05,0.89,0.526,,-1.5,24,10,8.0,1,46,12,21,14,13,7,0,27,2,2,-0.451,-3.0,33,7,11,6,7.88,2,10,35,0.333,0.371,0.515,0.887,129,103,0.452,0.86,0.842,,3.0,27,13,9.0,0,57,23,23,12,11,7,0,43,0,0,0.049,1.5
LAN/LAN201705260,"Friday, May 26, 2017",7:10 p.m. Local,Dodger Stadium,45017,2:49,Night,Home,Los Angeles Dodgers,LAD,Chicago Cubs,CHC,27,0,2,0,0.0,3,10,31,0.074,0.194,0.074,0.268,128,88,-0.406,0.51,0.164,,-4.5,24,7,8.0,2,44,22,25,10,7,2,0,54,0,0,-0.095,-0.0,27,4,5,4,4.5,3,12,31,0.185,0.29,0.444,0.735,137,77,0.095,0.83,0.419,,0.0,27,9,9.0,0,30,19,28,7,8,3,0,69,0,0,0.405,4.5
LAN/LAN201705270,"Saturday, May 27, 2017",4:16 p.m. Local,Dodger Stadium,48322,2:41,Day,Home,Los Angeles Dodgers,LAD,Chicago Cubs,CHC,30,0,3,0,0.0,1,8,32,0.1,0.156,0.1,0.256,145,83,-0.338,0.69,0.105,,-4.5,24,5,8.0,1,45,16,22,10,12,2,0,36,0,0,-0.164,-1.0,31,5,6,5,5.62,6,11,37,0.194,0.324,0.323,0.647,123,90,0.164,0.63,0.509,,1.0,27,8,9.0,0,49,18,23,10,10,6,0,73,0,0,0.336,4.5
LAN/LAN201705280,"Sunday, May 28, 2017",1:10 p.m. Local,Dodger Stadium,47732,3:28,Day,Home,Los Angeles Dodgers,LAD,Chicago Cubs,CHC,37,4,11,4,4.0,3,12,42,0.297,0.35,0.541,0.891,161,120,-0.074,0.53,0.654,,-0.5,24,4,8.0,4,80,20,20,11,16,6,0,23,2,0,-0.426,-5.0,34,9,11,9,10.12,5,10,39,0.324,0.41,0.676,1.087,183,95,0.426,1.01,0.698,,5.0,27,5,9.0,3,50,20,25,7,17,8,0,29,2,0,0.076,0.5
SLN/SLN201705290,"Monday, May 29, 2017",1:15 p.m. Local,Busch Stadium III,46241,2:50,Day,Away,Los Angeles Dodgers,LAD,St. Louis Cardinals,STL,32,5,9,5,5.0,2,8,36,0.281,0.314,0.594,0.908,145,76,0.133,1.08,0.518,,0.4,27,4,9.0,0,48,10,18,12,14,3,0,61,0,0,0.366,3.6,30,1,5,1,1.0,2,6,34,0.167,0.235,0.2,0.435,129,93,-0.365,0.61,0.378,,-3.6,27,10,9.0,3,50,17,26,6,19,5,0,54,1,0,-0.133,-0.4
SLN/SLN201705300,"Tuesday, May 30, 2017",6:08 p.m. Local,Busch Stadium III,38466,3:55,Night,Away,Los Angeles Dodgers,LAD,St. Louis Cardinals,STL,36,9,11,8,8.0,8,11,47,0.306,0.426,0.417,0.842,157,121,0.451,0.81,0.904,,4.4,27,13,9.0,1,64,24,33,8,19,11,0,41,2,0,0.05,0.6,33,4,8,3,4.0,3,8,37,0.242,0.306,0.333,0.639,206,101,-0.049,0.81,0.527,,-0.6,27,3,9.0,0,52,18,31,13,13,9,0,36,3,2,-0.451,-4.4
SLN/SLN201705310,"Wednesday, May 31, 2017",7:15 p.m. Local,Busch Stadium III,40304,2:19,Night,Home,St. Louis Cardinals,STL,Los Angeles Dodgers,LAD,30,1,5,1,1.0,3,11,34,0.167,0.235,0.2,0.435,105,80,-0.562,0.94,0.47,,-3.6,24,10,8.0,1,38,16,26,8,12,6,0,65,0,0,0.062,2.1,28,2,5,2,2.25,1,5,29,0.179,0.207,0.357,0.564,123,71,-0.063,1.54,0.523,,-2.1,27,7,9.0,0,40,13,18,9,14,4,0,76,0,0,0.563,3.6
SLN/SLN201706010,"Thursday, June 1, 2017",12:46 p.m. Local,Busch Stadium III,40477,3:07,Day,Home,St. Louis Cardinals,STL,Los Angeles Dodgers,LAD,30,0,5,0,0.0,4,9,34,0.167,0.265,0.2,0.465,149,98,-0.555,0.69,0.424,,-4.6,24,10,8.0,1,52,15,31,10,11,6,0,45,1,0,0.056,2.1,32,2,9,2,2.25,2,10,34,0.281,0.324,0.406,0.73,159,102,-0.054,1.35,0.435,,-2.1,27,9,9.0,0,59,15,28,9,13,7,0,68,0,0,0.556,4.6
MIL/MIL201706020,"Friday, June 2, 2017",7:10 p.m. Local,Miller Park,30140,3:57,Night,Away,Los Angeles Dodgers,LAD,Milwaukee Brewers,MIL,42,2,8,2,1.5,3,16,45,0.19,0.244,0.381,0.625,183,120,-0.374,1.6,1.177,,-4.3,36,5,12.0,1,61,33,26,13,13,10,0,82,0,0,0.873,5.3,42,1,5,1,0.75,2,26,45,0.119,0.178,0.262,0.44,170,131,-0.875,1.83,0.758,,-5.3,36,12,12.0,2,57,39,35,6,10,5,0,83,0,0,0.374,4.3
MIL/MIL201706030,"Saturday, June 3, 2017",3:11 p.m. Local,Miller Park,34354,4:07,Day,Away,Los Angeles Dodgers,LAD,Milwaukee Brewers,MIL,38,10,10,8,8.0,7,5,45,0.263,0.378,0.395,0.773,197,105,0.983,1.25,1.761,,5.3,27,5,9.0,3,65,15,25,22,11,5,0,47,3,3,-0.481,-3.3,35,8,8,7,7.0,7,14,42,0.229,0.357,0.514,0.871,168,122,0.479,1.39,1.231,,3.3,27,15,9.0,1,64,36,22,6,15,5,0,48,0,0,-0.981,-5.3
MIL/MIL201706040,"Sunday, June 4, 2017",1:11 p.m. Local,Miller Park,30330,3:12,Day,Home,Milwaukee Brewers,MIL,Los Angeles Dodgers,LAD,30,0,3,0,0.0,3,11,33,0.1,0.182,0.1,0.282,167,94,-0.528,0.6,0.308,,-4.7,24,5,8.0,2,44,20,30,13,6,3,0,54,0,0,0.026,1.2,29,3,5,3,3.38,5,10,35,0.172,0.314,0.379,0.694,154,105,-0.025,1.06,0.364,,-1.2,27,9,9.0,0,57,23,25,7,13,6,0,71,3,0,0.526,4.7
LAN/LAN201706050,"Monday, June 5, 2017",7:10 p.m. Local,Dodger Stadium,46289,3:05,Night,Away,Washington Nationals,WSN,Los Angeles Dodgers,LAD,36,4,7,4,4.0,1,5,37,0.194,0.216,0.306,0.522,156,94,0.077,1.34,0.472,,-0.5,27,10,9.0,0,59,14,21,19,12,3,0,59,1,0,0.422,2.5,33,2,6,2,2.0,3,11,36,0.182,0.25,0.273,0.523,133,94,-0.422,0.6,0.541,,-2.5,27,12,9.0,1,52,14,28,12,10,7,0,51,0,0,-0.078,0.5
LAN/LAN201706060,"Tuesday, June 6, 2017",7:11 p.m. Local,Dodger Stadium,44250,2:57,Night,Away,Washington Nationals,WSN,Los Angeles Dodgers,LAD,28,2,4,2,2.0,3,6,33,0.143,0.212,0.179,0.391,137,84,-0.224,1.74,0.315,,-2.5,27,3,9.0,0,50,12,22,8,16,4,0,81,0,0,0.725,3.5,33,1,4,1,0.0,2,17,35,0.121,0.171,0.152,0.323,130,96,-0.725,0.89,0.495,,-3.5,27,6,9.0,0,43,23,30,6,10,4,0,65,2,0,0.225,2.5
LAN/LAN201706070,"Wednesday, June 7, 2017",12:10 p.m. Local,Dodger Stadium,43230,2:45,Day,Home,Los Angeles Dodgers,LAD,Washington Nationals,WSN,32,1,5,1,1.0,3,11,35,0.156,0.229,0.313,0.541,128,78,-0.569,0.87,0.632,,-3.5,24,9,8.0,1,42,16,20,5,16,8,0,67,0,0,0.068,2.0,29,2,3,2,1.12,1,11,30,0.103,0.133,0.241,0.375,121,86,-0.069,1.54,0.463,,-2.0,27,6,9.0,1,42,19,25,10,8,4,0,73,1,0,0.568,3.5
LAN/LAN201706090,"Friday, June 9, 2017",7:10 p.m. Local,Dodger Stadium,44036,3:02,Night,Home,Los Angeles Dodgers,LAD,Cincinnati Reds,CIN,32,2,5,2,2.0,3,11,35,0.156,0.229,0.25,0.479,147,108,-0.18,0.6,0.279,,-2.5,24,9,8.0,2,59,20,29,9,12,3,0,42,3,0,-0.322,-3.0,32,7,9,6,7.88,5,6,38,0.281,0.395,0.5,0.895,158,86,0.321,0.69,0.582,,3.0,27,6,9.0,1,44,12,30,13,13,3,0,61,0,0,0.179,2.5
LAN/LAN201706100,"Saturday, June 10, 2017",7:10 p.m. Local,Dodger Stadium,43439,3:04,Night,Home,Los Angeles Dodgers,LAD,Cincinnati Reds,CIN,35,4,8,4,4.0,0,11,36,0.229,0.25,0.343,0.593,141,97,-0.21,1.2,0.718,,-0.5,26,9,8.2,1,56,24,17,13,12,4,0,40,2,1,-0.289,-1.1,34,5,10,5,5.19,1,4,38,0.294,0.306,0.529,0.835,135,101,0.289,1.35,0.933,,1.1,27,7,9.0,1,71,11,19,13,20,8,0,54,2,2,0.211,0.5
LAN/LAN201706110,"Sunday, June 11, 2017",1:10 p.m. Local,Dodger Stadium,42674,2:58,Day,Home,Los Angeles Dodgers,LAD,Cincinnati Reds,CIN,38,7,12,7,7.0,2,7,41,0.316,0.341,0.684,1.026,133,102,0.343,1.33,0.723,,2.5,24,9,8.0,4,62,20,20,10,22,7,0,49,3,1,-0.843,-5.0,34,9,10,9,9.0,5,6,40,0.294,0.4,0.676,1.076,147,80,0.845,0.61,1.553,,5.0,27,6,9.0,4,50,12,18,12,16,4,0,39,0,0,-0.343,-2.5
CLE/CLE201706130,"Tuesday, June 13, 2017",7:11 p.m. Local,Progressive Field,22171,3:27,Night,Away,Los Angeles Dodgers,LAD,Cleveland Indians,CLE,38,7,12,6,7.0,6,10,44,0.316,0.409,0.579,0.988,145,102,0.163,1.03,0.902,,2.0,27,14,9.0,2,51,21,30,15,13,7,0,59,0,0,0.337,0.0,35,5,8,5,5.0,2,7,37,0.229,0.27,0.486,0.756,179,93,-0.337,1.05,0.512,,-0.0,27,11,9.0,3,54,16,23,14,14,9,0,51,5,2,-0.162,-2.0
CLE/CLE201706140,"Wednesday, June 14, 2017",8:00 p.m. Local,Progressive Field,21051,3:35,Night,Away,Los Angeles Dodgers,LAD,Cleveland Indians,CLE,35,6,9,5,6.0,4,11,40,0.257,0.35,0.4,0.75,158,103,0.29,1.28,0.885,,1.0,27,14,9.0,1,46,22,36,13,11,4,0,56,3,2,0.209,1.0,33,4,8,4,4.0,3,2,37,0.242,0.297,0.455,0.752,162,102,-0.212,0.89,0.702,,-1.0,27,9,9.0,1,64,16,22,16,16,5,0,70,5,2,-0.29,-1.0
CLE/CLE201706150,"Thursday, June 15, 2017",12:11 p.m. Local,Progressive Field,23339,3:32,Day,Home,Cleveland Indians,CLE,Los Angeles Dodgers,LAD,35,5,9,5,5.0,4,11,40,0.257,0.35,0.514,0.864,202,94,0.02,0.55,0.501,,-0.0,24,4,8.0,3,45,17,32,8,16,11,0,20,4,2,-0.521,-7.5,38,12,15,12,13.5,3,9,43,0.395,0.465,0.658,1.123,157,126,0.521,0.63,0.779,,7.5,27,7,9.0,2,71,18,37,10,19,9,0,42,3,1,-0.02,0.0
CIN/CIN201706160,"Friday, June 16, 2017",7:10 p.m. Local,Great American Ball Park,35613,2:45,Night,Away,Los Angeles Dodgers,LAD,Cincinnati Reds,CIN,32,3,7,3,3.0,7,7,40,0.219,0.375,0.375,0.75,103,96,-0.06,1.2,0.432,,-1.7,27,12,9.0,1,55,15,26,14,11,7,0,75,0,0,0.561,3.7,30,1,5,1,1.0,0,8,31,0.167,0.194,0.333,0.527,164,81,-0.56,0.71,0.343,,-3.7,27,16,9.0,1,44,14,24,11,11,6,0,54,0,0,0.061,1.7
CIN/CIN201706170,"Saturday, June 17, 2017",4:12 p.m. Local,Great American Ball Park,42431,3:28,Day,Away,Los Angeles Dodgers,LAD,Cincinnati Reds,CIN,39,10,12,10,9.0,5,9,45,0.308,0.378,0.692,1.07,172,107,0.421,0.8,0.671,,5.3,27,7,9.0,0,61,16,30,14,17,6,0,48,0,0,0.079,2.7,37,2,11,1,2.0,2,11,39,0.297,0.333,0.541,0.874,168,111,-0.08,0.41,0.526,,-2.7,27,8,9.0,4,58,26,27,6,20,11,0,29,1,0,-0.421,-5.3
CIN/CIN201706180,"Sunday, June 18, 2017",1:11 p.m. Local,Great American Ball Park,27316,3:20,Day,Away,Los Angeles Dodgers,LAD,Cincinnati Reds,CIN,37,8,10,8,8.0,5,8,42,0.27,0.357,0.541,0.898,163,102,0.263,1.16,0.578,,3.3,27,9,9.0,3,53,18,31,10,19,7,0,61,1,0,0.237,-2.3,36,7,9,7,7.0,5,9,42,0.25,0.357,0.556,0.913,155,107,-0.238,0.47,0.666,,2.3,27,8,9.0,2,64,24,19,9,18,11,0,28,0,0,-0.264,-3.3
LAN/LAN201706190,"Monday, June 19, 2017",7:10 p.m. Local,Dodger Stadium,43266,3:27,Night,Home,Los Angeles Dodgers,LAD,New York Mets,NYM,34,6,8,6,6.0,4,13,38,0.235,0.316,0.588,0.904,177,105,-0.053,0.35,0.356,,1.5,24,6,8.0,4,58,18,29,7,14,4,0,14,1,0,-0.447,-6.0,41,10,17,10,11.25,3,12,44,0.415,0.455,0.732,1.186,164,110,0.446,0.56,0.612,,6.0,27,7,9.0,4,56,28,26,8,21,11,0,46,0,0,0.053,-1.5
LAN/LAN201706200,"Tuesday, June 20, 2017",7:10 p.m. Local,Dodger Stadium,47715,3:01,Night,Home,Los Angeles Dodgers,LAD,New York Mets,NYM,28,0,4,0,0.0,2,8,33,0.143,0.25,0.143,0.393,179,89,-0.174,0.23,0.083,,-4.5,24,8,8.0,5,47,14,28,5,16,11,0,14,4,2,-0.325,-8.0,38,12,13,12,12.38,7,7,46,0.342,0.457,0.816,1.272,135,110,0.327,0.37,0.443,,8.0,27,6,9.0,0,66,9,35,15,16,5,0,67,0,0,0.175,4.5
LAN/LAN201706210,"Wednesday, June 21, 2017",7:10 p.m. Local,Dodger Stadium,42330,3:12,Night,Home,Los Angeles Dodgers,LAD,New York Mets,NYM,35,2,7,2,2.0,3,15,38,0.2,0.263,0.371,0.635,153,97,-0.192,0.59,0.423,,-2.5,24,3,8.0,3,45,22,30,6,14,4,0,43,2,0,-0.309,-4.0,31,8,7,8,7.88,5,9,37,0.226,0.324,0.581,0.905,158,89,0.31,0.8,0.609,,4.0,27,6,9.0,1,53,13,23,8,15,5,0,60,0,0,0.192,2.5
LAN/LAN201706220,"Thursday, June 22, 2017",7:10 p.m. Local,Dodger Stadium,45967,3:33,Night,Home,Los Angeles Dodgers,LAD,New York Mets,NYM,32,3,7,3,3.0,5,5,38,0.219,0.324,0.469,0.793,157,105,-0.134,1.01,0.784,,-1.5,24,8,8.0,3,64,12,29,12,16,5,0,57,5,2,-0.366,-2.0,29,6,6,6,6.75,9,10,38,0.207,0.395,0.552,0.946,167,85,0.366,1.21,1.017,,2.0,27,11,9.0,2,42,12,31,8,11,4,0,50,4,0,0.134,1.5
LAN/LAN201706230,"Friday, June 23, 2017",7:10 p.m. Local,Dodger Stadium,43787,2:55,Night,Home,Los Angeles Dodgers,LAD,Colorado Rockies,COL,30,1,3,1,1.0,2,11,32,0.1,0.156,0.133,0.29,153,96,-0.205,0.57,0.265,,-3.5,24,11,8.0,1,51,26,19,9,10,6,0,32,0,0,-0.296,-2.0,32,6,11,6,6.75,5,5,39,0.344,0.41,0.563,0.973,140,90,0.299,0.72,0.573,,2.0,27,5,9.0,0,58,10,22,18,12,6,0,67,0,0,0.204,3.5
LAN/LAN201706240,"Saturday, June 24, 2017",7:10 p.m. Local,Dodger Stadium,50403,3:18,Night,Home,Los Angeles Dodgers,LAD,Colorado Rockies,COL,32,0,5,0,0.0,1,10,33,0.156,0.182,0.188,0.369,163,98,-0.32,0.58,0.154,,-4.5,24,7,8.0,1,54,22,22,10,12,5,0,33,1,0,-0.181,-0.0,29,4,6,3,4.5,10,8,39,0.207,0.41,0.379,0.79,138,86,0.182,0.69,0.493,,0.0,27,6,9.0,0,46,9,31,9,12,3,0,71,0,0,0.319,4.5
LAN/LAN201706250,"Sunday, June 25, 2017",1:11 p.m. Local,Dodger Stadium,41605,4:19,Day,Home,Los Angeles Dodgers,LAD,Colorado Rockies,COL,35,6,8,4,5.0,6,8,41,0.229,0.341,0.229,0.57,197,104,0.133,1.16,0.636,,1.5,24,7,8.0,3,64,12,28,16,12,4,0,30,6,3,-0.633,-8.0,36,12,13,7,13.5,7,10,43,0.361,0.465,0.75,1.215,176,113,0.633,0.86,1.277,,8.0,27,10,9.0,0,59,16,38,9,17,8,0,33,0,0,-0.134,-1.5
LAN/LAN201706260,"Monday, June 26, 2017",7:10 p.m. Local,Dodger Stadium,43126,2:53,Night,Away,Los Angeles Angels,LAA,Los Angeles Dodgers,LAD,32,4,8,4,4.0,3,9,37,0.25,0.324,0.406,0.731,119,89,0.066,0.99,0.492,,-0.5,27,10,9.0,0,50,16,24,7,17,8,0,66,2,0,0.436,4.5,31,0,5,0,0.0,3,8,34,0.161,0.235,0.258,0.493,134,72,-0.436,0.7,0.302,,-4.5,27,6,9.0,1,37,17,18,12,11,5,0,62,0,0,-0.066,0.5
LAN/LAN201706270,"Tuesday, June 27, 2017",7:10 p.m. Local,Dodger Stadium,47245,2:30,Night,Home,Los Angeles Dodgers,LAD,Los Angeles Angels,LAA,31,0,5,0,0.0,0,7,31,0.161,0.161,0.194,0.355,127,76,-0.421,0.98,0.156,,-4.5,24,7,8.0,1,45,12,19,14,10,4,0,57,2,2,-0.082,-0.0,27,4,4,4,4.5,4,7,31,0.148,0.258,0.333,0.591,108,70,0.081,0.82,0.527,,0.0,27,11,9.0,0,37,11,23,6,14,3,0,75,0,0,0.419,4.5
ANA/ANA201706280,"Wednesday, June 28, 2017",7:10 p.m. Local,Angel Stadium of Anaheim,44669,3:11,Night,Home,Los Angeles Angels,LAA,Los Angeles Dodgers,LAD,30,2,4,2,2.0,5,6,35,0.133,0.257,0.333,0.59,133,81,-0.24,1.11,0.729,,-2.6,25,8,8.1,1,41,12,28,10,14,2,0,54,2,0,-0.261,1.1,35,3,8,2,2.16,2,10,37,0.229,0.27,0.343,0.613,136,84,0.261,1.35,0.928,,-1.1,27,10,9.0,2,41,21,22,14,11,7,0,69,0,0,0.24,2.6
ANA/ANA201706290,"Thursday, June 29, 2017",7:10 p.m. Local,Angel Stadium of Anaheim,44807,3:06,Night,Away,Los Angeles Dodgers,LAD,Los Angeles Angels,LAA,36,6,9,6,5.0,1,6,38,0.25,0.263,0.556,0.819,125,85,0.275,1.0,0.676,,1.4,27,10,9.0,0,57,12,16,13,18,10,0,79,5,0,0.226,2.6,33,2,6,2,1.0,2,15,36,0.182,0.25,0.212,0.462,135,90,-0.226,0.63,0.433,,-2.6,27,12,9.0,3,44,25,21,9,9,6,0,35,1,0,-0.273,-1.4
SDN/SDN201706300,"Friday, June 30, 2017",7:10 p.m. Local,Petco Park,39254,3:27,Night,Away,Los Angeles Dodgers,LAD,San Diego Padres,SDP,40,10,16,10,10.0,7,8,48,0.4,0.5,0.625,1.125,165,114,0.37,0.29,0.582,,5.6,27,5,9.0,1,71,16,27,15,17,9,0,69,1,0,0.13,0.4,32,4,6,4,4.0,6,12,39,0.188,0.308,0.375,0.683,192,100,-0.129,0.37,0.113,,-0.4,27,11,9.0,3,48,22,30,9,12,4,0,16,2,1,-0.37,-5.6
SDN/SDN201707010,"Saturday, July 1, 2017",7:10 p.m. Local,Petco Park,40683,2:59,Night,Away,Los Angeles Dodgers,LAD,San Diego Padres,SDP,40,8,14,8,8.0,4,11,45,0.35,0.422,0.625,1.047,122,111,0.198,0.65,0.651,,3.6,27,7,9.0,0,61,22,28,14,15,7,0,79,0,0,0.303,4.4,31,0,4,0,0.0,1,13,32,0.129,0.156,0.161,0.318,168,89,-0.304,0.73,0.131,,-4.4,27,11,9.0,3,33,21,35,8,10,3,0,31,1,0,-0.197,-3.6
SDN/SDN201707020,"Sunday, July 2, 2017",1:41 p.m. Local,Petco Park,41604,3:37,Day,Home,San Diego Padres,SDP,Los Angeles Dodgers,LAD,35,3,9,3,3.0,4,10,42,0.257,0.366,0.4,0.766,135,110,-0.287,0.45,0.475,,-1.4,24,6,8.0,1,60,18,32,13,13,6,0,25,2,0,-0.212,-1.1,31,5,11,4,5.62,2,7,35,0.355,0.412,0.548,0.96,177,85,0.213,0.97,0.467,,1.1,27,10,9.0,1,47,17,21,8,17,11,0,62,3,2,0.287,1.4
LAN/LAN201707040,"Tuesday, July 4, 2017",6:10 p.m. Local,Dodger Stadium,53159,3:26,Night,Home,Los Angeles Dodgers,LAD,Arizona Diamondbacks,ARI,33,3,6,3,3.0,3,13,36,0.182,0.25,0.333,0.583,168,103,-0.397,0.59,0.22,,-1.5,24,7,8.0,1,53,25,25,6,14,7,0,44,1,0,-0.102,-0.0,33,4,9,4,4.5,3,9,36,0.273,0.333,0.455,0.788,162,105,0.103,0.79,0.469,,0.0,27,5,9.0,1,54,24,27,11,13,8,0,82,2,2,0.399,1.5
LAN/LAN201707050,"Wednesday, July 5, 2017",7:10 p.m. Local,Dodger Stadium,40997,2:56,Night,Home,Los Angeles Dodgers,LAD,Arizona Diamondbacks,ARI,30,0,4,0,0.0,3,14,34,0.133,0.212,0.167,0.379,135,83,-0.743,0.82,0.372,,-4.5,24,12,8.0,0,37,26,20,7,10,6,0,64,1,0,0.243,3.0,27,1,4,1,1.12,3,10,31,0.148,0.258,0.259,0.517,120,82,-0.244,1.61,0.306,,-3.0,27,5,9.0,0,38,21,23,11,6,3,0,79,0,0,0.742,4.5
LAN/LAN201707060,"Thursday, July 6, 2017",7:11 p.m. Local,Dodger Stadium,41999,3:07,Night,Home,Los Angeles Dodgers,LAD,Arizona Diamondbacks,ARI,34,4,7,3,4.0,1,11,36,0.206,0.25,0.5,0.75,150,107,0.083,1.74,0.668,,-0.5,24,6,8.0,1,60,21,26,9,14,6,0,67,4,1,-0.586,-2.9,30,5,8,5,5.62,10,16,40,0.267,0.45,0.433,0.883,134,88,0.587,0.82,1.579,,2.9,27,7,9.0,3,37,24,28,7,7,2,0,78,0,0,-0.086,0.5
LAN/LAN201707070,"Friday, July 7, 2017",7:11 p.m. Local,Dodger Stadium,48017,2:59,Night,Home,Los Angeles Dodgers,LAD,Kansas City Royals,KCR,30,1,5,1,1.0,2,7,33,0.167,0.219,0.233,0.452,135,92,-0.404,0.92,0.353,,-3.5,24,7,8.0,1,57,17,20,9,15,5,0,48,1,0,-0.097,-0.0,33,4,10,4,4.5,4,11,37,0.303,0.378,0.455,0.833,133,92,0.098,1.06,0.667,,0.0,27,9,9.0,0,46,22,24,12,10,2,0,58,0,0,0.403,3.5
LAN/LAN201707080,"Saturday, July 8, 2017",4:15 p.m. Local,Dodger Stadium,45225,3:43,Day,Home,Los Angeles Dodgers,LAD,Kansas City Royals,KCR,40,4,11,3,2.7,3,7,43,0.275,0.326,0.375,0.701,164,106,-0.12,1.2,1.255,,-1.0,27,5,9.0,2,70,10,26,12,21,8,0,52,3,1,-0.38,-2.4,34,5,8,5,5.0,5,8,40,0.235,0.325,0.471,0.796,161,107,0.381,1.66,1.112,,2.4,30,9,10.0,1,66,13,28,10,17,5,0,53,5,0,0.12,1.0
LAN/LAN201707090,"Sunday, July 9, 2017",1:10 p.m. Local,Dodger Stadium,41524,2:16,Day,Home,Los Angeles Dodgers,LAD,Kansas City Royals,KCR,33,2,6,2,2.0,0,13,33,0.182,0.182,0.303,0.485,112,73,-0.311,0.47,0.22,,-2.5,24,6,8.0,3,32,22,19,10,10,4,0,54,0,0,-0.19,-1.0,30,5,6,5,5.62,0,9,30,0.2,0.2,0.567,0.767,99,83,0.19,0.74,0.47,,1.0,27,7,9.0,1,39,13,31,8,13,6,0,80,,,0.31,2.5
MIA/MIA201707140,"Friday, July 14, 2017",7:11 p.m. Local,Marlins Park,21858,3:00,Night,Away,Los Angeles Dodgers,LAD,Miami Marlins,MIA,34,6,10,5,5.0,2,5,36,0.294,0.333,0.588,0.922,139,88,0.63,1.12,1.594,,1.8,27,11,9.0,0,56,11,24,8,22,10,0,35,1,0,-0.131,0.2,34,4,8,4,4.0,2,9,37,0.235,0.297,0.353,0.65,145,89,0.131,1.58,0.86,,-0.2,27,11,9.0,3,54,17,18,13,12,6,0,42,0,0,-0.632,-1.8
MIA/MIA201707150,"Saturday, July 15, 2017",7:13 p.m. Local,Marlins Park,22609,3:19,Night,Away,Los Angeles Dodgers,LAD,Miami Marlins,MIA,36,7,12,7,7.0,6,10,43,0.333,0.419,0.694,1.113,145,113,0.322,0.3,0.695,,2.8,27,13,9.0,0,60,16,37,12,15,6,0,69,2,0,0.179,3.2,33,1,8,1,1.0,2,6,35,0.242,0.286,0.273,0.558,190,95,-0.177,0.49,0.063,,-3.2,27,9,9.0,2,57,20,18,15,12,6,0,25,0,0,-0.32,-2.8
MIA/MIA201707160,"Sunday, July 16, 2017",1:11 p.m. Local,Marlins Park,22119,3:18,Day,Away,Los Angeles Dodgers,LAD,Miami Marlins,MIA,32,3,7,3,3.0,6,8,39,0.219,0.333,0.375,0.708,153,91,-0.005,1.58,0.441,,-1.2,27,8,9.0,0,46,17,29,6,19,4,0,62,1,1,0.504,2.2,35,2,9,2,2.0,0,16,35,0.257,0.257,0.371,0.629,162,108,-0.503,0.69,0.59,,-2.2,27,5,9.0,1,43,29,36,12,7,4,0,49,0,0,0.003,1.2
CHA/CHA201707180,"Tuesday, July 18, 2017",7:11 p.m. Local,Guaranteed Rate Field,23088,3:21,Night,Away,Los Angeles Dodgers,LAD,Chicago White Sox,CHW,32,1,9,1,1.0,6,7,39,0.281,0.41,0.375,0.785,130,98,-0.354,1.62,0.633,,-3.6,27,12,9.0,0,53,15,30,14,11,7,0,69,0,0,0.852,4.6,33,0,8,0,0.0,1,8,35,0.242,0.265,0.242,0.507,147,89,-0.851,1.16,0.443,,-4.6,27,10,9.0,0,50,20,19,17,8,3,0,58,3,0,0.352,3.6
CHA/CHA201707190,"Wednesday, July 19, 2017",7:11 p.m. Local,Guaranteed Rate Field,24907,2:58,Night,Away,Los Angeles Dodgers,LAD,Chicago White Sox,CHW,34,9,13,9,10.57,5,9,39,0.382,0.462,0.824,1.285,106,100,0.347,0.78,0.691,,5.0,21,9,7.0,1,59,13,28,7,18,11,0,55,0,0,0.151,2.6,26,1,6,1,1.29,1,4,27,0.231,0.259,0.385,0.644,167,68,-0.15,0.58,0.299,,-2.6,23,7,7.2,4,39,9,20,11,11,7,0,28,4,1,-0.348,-5.0
LAN/LAN201707200,"Thursday, July 20, 2017",7:10 p.m. Local,Dodger Stadium,45636,2:49,Night,Away,Atlanta Braves,ATL,Los Angeles Dodgers,LAD,35,6,11,6,6.0,2,9,38,0.314,0.351,0.486,0.837,134,97,0.287,0.89,0.614,,1.5,27,7,9.0,1,59,21,17,12,15,8,0,52,0,0,0.214,1.5,34,3,7,3,3.0,3,7,37,0.206,0.27,0.412,0.682,136,82,-0.214,0.56,0.41,,-1.5,27,10,9.0,1,48,12,22,8,19,10,0,24,0,0,-0.286,-1.5
LAN/LAN201707210,"Friday, July 21, 2017",7:10 p.m. Local,Dodger Stadium,46083,3:07,Night,Away,Atlanta Braves,ATL,Los Angeles Dodgers,LAD,41,12,13,10,10.0,5,7,46,0.317,0.391,0.561,0.952,124,107,0.302,0.3,0.596,,7.5,27,12,9.0,0,68,16,23,14,20,9,0,54,0,0,0.198,1.5,33,3,7,3,3.0,2,6,35,0.212,0.257,0.333,0.59,163,78,-0.198,0.44,0.072,,-1.5,27,9,9.0,3,50,13,15,16,11,5,0,14,0,0,-0.303,-7.5
LAN/LAN201707220,"Saturday, July 22, 2017",6:10 p.m. Local,Dodger Stadium,47497,2:51,Night,Home,Los Angeles Dodgers,LAD,Atlanta Braves,ATL,33,2,6,2,2.0,2,10,36,0.182,0.25,0.242,0.492,125,86,-0.279,0.78,0.41,,-2.5,24,10,8.0,3,46,13,27,9,14,7,0,48,0,0,-0.221,-2.0,36,6,12,5,5.62,1,7,37,0.333,0.351,0.639,0.99,130,85,0.221,1.06,0.735,,2.0,27,7,9.0,0,45,17,23,12,17,8,0,59,0,0,0.279,2.5
LAN/LAN201707230,"Sunday, July 23, 2017",1:10 p.m. Local,Dodger Stadium,44701,3:05,Day,Home,Los Angeles Dodgers,LAD,Atlanta Braves,ATL,35,4,5,4,3.6,3,7,38,0.143,0.211,0.257,0.468,157,90,-0.157,1.47,0.669,,-1.0,28,8,9.1,2,55,16,19,15,13,7,0,58,0,0,-0.346,-1.6,35,5,8,5,4.82,6,11,41,0.229,0.341,0.429,0.77,126,99,0.345,1.06,1.123,,1.6,30,12,10.0,1,47,26,26,9,15,8,0,57,0,0,0.154,1.0
LAN/LAN201707240,"Monday, July 24, 2017",7:10 p.m. Local,Dodger Stadium,47754,2:57,Night,Home,Los Angeles Dodgers,LAD,Minnesota Twins,MIN,33,4,9,4,4.0,5,7,40,0.273,0.385,0.485,0.869,114,92,0.11,1.34,0.992,,-0.5,24,5,8.0,3,43,16,33,9,18,8,0,41,0,0,-0.61,-2.0,32,6,11,6,6.75,0,9,33,0.344,0.344,0.688,1.031,147,80,0.608,1.25,1.331,,2.0,27,10,9.0,1,46,16,18,8,16,7,0,51,2,0,-0.111,0.5
LAN/LAN201707250,"Tuesday, July 25, 2017",7:10 p.m. Local,Dodger Stadium,44403,3:35,Night,Home,Los Angeles Dodgers,LAD,Minnesota Twins,MIN,33,2,5,2,1.0,3,8,36,0.152,0.222,0.152,0.374,138,94,-0.187,0.96,0.457,,-2.5,24,8,8.0,0,57,4,33,11,15,10,0,34,1,1,-0.314,-2.0,31,6,11,6,6.75,1,7,35,0.355,0.394,0.452,0.846,139,92,0.315,0.99,0.748,,2.0,27,6,9.0,0,57,14,21,11,15,7,0,53,0,0,0.186,2.5
LAN/LAN201707260,"Wednesday, July 26, 2017",7:10 p.m. Local,Dodger Stadium,50941,3:28,Night,Home,Los Angeles Dodgers,LAD,Minnesota Twins,MIN,35,5,7,5,0.0,1,8,36,0.2,0.222,0.286,0.508,156,94,0.015,1.59,0.704,,0.5,26,6,8.2,2,52,16,26,12,15,9,0,51,4,1,-0.516,-2.0,36,6,11,6,6.23,2,8,39,0.306,0.333,0.5,0.833,135,97,0.517,1.01,1.352,,2.0,27,6,9.0,0,58,14,25,13,16,4,0,42,2,2,-0.017,-0.5
LAN/LAN201707280,"Friday, July 28, 2017",7:10 p.m. Local,Dodger Stadium,51426,2:39,Night,Home,Los Angeles Dodgers,LAD,San Francisco Giants,SFG,34,4,8,4,4.0,0,10,34,0.235,0.235,0.382,0.618,129,82,0.084,1.13,0.75,,-0.5,24,9,8.0,2,39,16,27,11,13,7,0,55,3,3,-0.584,-2.0,29,6,6,6,5.62,5,8,34,0.207,0.324,0.483,0.806,122,73,0.584,1.09,1.132,,2.0,27,8,9.0,1,40,11,22,10,11,4,0,50,0,0,-0.083,0.5
LAN/LAN201707290,"Saturday, July 29, 2017",1:07 p.m. Local,Dodger Stadium,47792,2:43,Day,Home,Los Angeles Dodgers,LAD,San Francisco Giants,SFG,29,1,4,1,1.0,4,5,33,0.138,0.242,0.276,0.518,115,87,-0.637,0.93,0.463,,-3.5,24,11,8.0,0,54,12,21,11,13,4,0,54,0,0,0.136,2.0,29,2,8,2,2.25,3,5,32,0.276,0.344,0.379,0.723,130,70,-0.138,1.47,0.45,,-2.0,27,10,9.0,1,42,9,19,12,12,9,0,62,0,0,0.635,3.5
LAN/LAN201707300,"Sunday, July 30, 2017",5:09 p.m. Local,Dodger Stadium,53495,3:54,Night,Home,Los Angeles Dodgers,LAD,San Francisco Giants,SFG,37,2,10,2,1.64,3,9,40,0.27,0.325,0.351,0.676,172,91,-0.114,2.36,1.108,,-3.4,31,7,10.1,0,51,21,19,18,10,4,0,73,0,0,-0.386,1.8,42,3,11,3,2.61,7,8,49,0.262,0.367,0.31,0.677,141,107,0.386,1.71,1.878,,-1.8,33,15,11.0,1,61,15,31,14,20,8,0,73,3,1,0.115,3.5
ATL/ATL201708010,"Tuesday, August 1, 2017",7:35 p.m. Local,SunTrust Park,32174,2:54,Night,Away,Los Angeles Dodgers,LAD,Atlanta Braves,ATL,32,3,8,2,3.0,1,7,35,0.25,0.294,0.406,0.7,125,91,-0.02,1.39,0.473,,-1.7,27,8,9.0,1,56,15,20,9,17,9,0,78,0,0,0.518,2.7,30,2,4,2,2.0,2,9,33,0.133,0.188,0.233,0.421,136,81,-0.518,0.69,0.406,,-2.7,27,8,9.0,1,49,12,20,11,11,5,0,51,2,0,0.019,1.7
ATL/ATL201708020,"Wednesday, August 2, 2017",7:37 p.m. Local,SunTrust Park,28107,2:55,Night,Home,Atlanta Braves,ATL,Los Angeles Dodgers,LAD,31,3,6,3,3.0,1,9,34,0.194,0.242,0.323,0.565,135,81,-0.253,1.16,0.566,,-1.7,24,12,8.0,2,50,18,13,7,16,6,0,46,0,0,-0.246,-0.9,31,5,9,5,5.62,6,4,38,0.29,0.405,0.484,0.889,120,84,0.247,1.33,0.973,,0.9,27,5,9.0,1,54,15,15,14,14,4,0,51,2,0,0.253,1.7
ATL/ATL201708030,"Thursday, August 3, 2017",7:35 p.m. Local,SunTrust Park,29680,3:29,Night,Away,Los Angeles Dodgers,LAD,Atlanta Braves,ATL,33,7,9,6,7.0,9,11,45,0.273,0.432,0.394,0.826,144,103,0.228,0.93,0.8,,2.3,27,10,9.0,1,62,16,25,11,13,4,0,54,0,0,0.271,0.7,36,4,11,4,4.0,2,8,38,0.306,0.342,0.472,0.814,183,96,-0.273,0.91,0.559,,-0.7,27,7,9.0,1,58,14,24,14,14,7,0,44,2,0,-0.228,-2.3
NYN/NYN201708040,"Friday, August 4, 2017",7:10 p.m. Local,Citi Field,41187,3:07,Night,Away,Los Angeles Dodgers,LAD,New York Mets,NYM,32,6,7,5,6.0,5,11,38,0.219,0.316,0.563,0.878,127,103,0.19,0.77,0.522,,1.6,27,5,9.0,0,56,20,27,8,14,5,0,80,0,0,0.312,4.4,31,0,4,0,0.0,2,11,33,0.129,0.182,0.129,0.311,154,84,-0.313,0.56,0.2,,-4.4,27,6,9.0,3,45,18,21,8,12,4,0,50,0,0,-0.188,-1.6
NYN/NYN201708050,"Saturday, August 5, 2017",4:06 p.m. Local,Citi Field,40060,3:18,Day,Away,Los Angeles Dodgers,LAD,New York Mets,NYM,36,7,8,7,7.0,4,8,40,0.222,0.3,0.667,0.967,157,100,0.364,0.87,0.862,,2.6,27,9,9.0,4,54,16,30,3,25,9,0,50,1,0,0.136,0.4,34,4,7,4,4.0,3,13,37,0.206,0.27,0.559,0.829,158,113,-0.137,0.75,0.531,,-0.4,27,4,9.0,5,61,27,25,8,13,4,0,52,2,0,-0.363,-2.6
NYN/NYN201708060,"Sunday, August 6, 2017",8:08 p.m. Local,Citi Field,27077,2:59,Night,Away,Los Angeles Dodgers,LAD,New York Mets,NYM,35,8,10,8,8.0,4,12,39,0.286,0.359,0.571,0.93,136,103,0.285,0.34,0.446,,3.6,27,7,9.0,0,53,15,35,15,8,4,0,83,0,0,0.216,4.4,28,0,1,0,0.0,1,13,29,0.036,0.069,0.036,0.105,176,93,-0.216,0.35,0.025,,-4.4,27,11,9.0,2,49,22,22,8,7,3,0,41,0,0,-0.284,-3.6
ARI/ARI201708080,"Tuesday, August 8, 2017",6:40 p.m. Local,Chase Field,24810,2:59,Night,Home,Arizona Diamondbacks,ARI,Los Angeles Dodgers,LAD,33,3,9,3,3.0,2,8,35,0.273,0.314,0.515,0.829,152,84,-0.102,1.43,0.579,,-2.0,24,5,8.0,3,39,20,25,13,12,5,0,60,1,1,-0.397,-1.5,32,6,8,6,6.75,3,8,36,0.25,0.333,0.594,0.927,128,102,0.397,0.84,1.192,,1.5,27,11,9.0,2,53,19,30,8,16,8,0,50,1,0,0.103,2.0
ARI/ARI201708090,"Wednesday, August 9, 2017",6:40 p.m. Local,Chase Field,22670,2:48,Night,Away,Los Angeles Dodgers,LAD,Arizona Diamondbacks,ARI,30,3,5,3,3.0,6,9,36,0.167,0.306,0.367,0.672,118,74,-0.055,1.56,0.736,,-2.0,27,7,9.0,1,39,12,23,8,13,11,0,55,0,0,0.556,3.0,33,2,7,2,2.0,1,7,35,0.212,0.257,0.394,0.651,133,78,-0.556,1.14,0.642,,-3.0,27,8,9.0,1,42,18,18,8,18,7,0,58,1,0,0.055,2.0
ARI/ARI201708100,"Thursday, August 10, 2017",6:40 p.m. Local,Chase Field,31396,3:37,Night,Away,Los Angeles Dodgers,LAD,Arizona Diamondbacks,ARI,37,8,9,7,7.0,3,6,41,0.243,0.317,0.378,0.695,178,96,0.352,1.08,0.719,,3.0,27,7,9.0,2,54,12,30,15,16,7,0,57,3,0,0.149,-1.0,36,6,10,6,6.0,3,14,40,0.278,0.333,0.472,0.806,153,105,-0.149,0.66,0.649,,1.0,27,11,9.0,1,45,23,37,9,14,6,0,45,0,0,-0.351,-3.0
LAN/LAN201708110,"Friday, August 11, 2017",7:11 p.m. Local,Dodger Stadium,52898,2:59,Night,Away,San Diego Padres,SDP,Los Angeles Dodgers,LAD,33,4,7,4,4.0,3,12,36,0.212,0.278,0.485,0.763,136,94,0.148,1.69,0.805,,-0.5,27,10,9.0,0,46,21,27,9,12,5,0,45,1,0,0.354,1.5,33,3,8,3,3.0,5,9,40,0.242,0.375,0.333,0.708,149,82,-0.352,1.12,0.914,,-1.5,27,9,9.0,3,41,17,24,10,14,9,0,60,0,0,-0.148,0.5
LAN/LAN201708120,"Saturday, August 12, 2017",6:10 p.m. Local,Dodger Stadium,53230,3:36,Night,Home,Los Angeles Dodgers,LAD,San Diego Padres,SDP,37,3,10,3,3.0,3,10,40,0.27,0.325,0.459,0.784,158,109,-0.125,1.47,0.795,,-1.5,24,5,8.0,2,57,24,28,6,21,10,0,54,2,2,-0.374,-2.0,31,6,8,5,6.75,6,6,38,0.258,0.368,0.484,0.852,168,87,0.372,1.24,1.212,,2.0,27,5,9.0,1,51,11,25,8,18,5,0,44,0,0,0.126,1.5
LAN/LAN201708130,"Sunday, August 13, 2017",1:10 p.m. Local,Dodger Stadium,46128,2:36,Day,Home,Los Angeles Dodgers,LAD,San Diego Padres,SDP,32,4,5,4,3.0,1,12,34,0.156,0.176,0.375,0.551,106,89,-0.172,0.75,0.586,,-0.5,24,11,8.0,3,49,23,17,9,12,3,0,44,0,0,-0.328,-2.0,30,6,5,6,6.75,1,2,32,0.167,0.219,0.5,0.719,142,66,0.327,1.14,0.707,,2.0,27,5,9.0,2,38,14,14,13,15,3,0,53,1,0,0.172,0.5
LAN/LAN201708150,"Tuesday, August 15, 2017",7:10 p.m. Local,Dodger Stadium,46385,3:05,Night,Home,Los Angeles Dodgers,LAD,Chicago White Sox,CHW,32,1,6,1,1.0,1,7,34,0.188,0.212,0.313,0.525,158,80,-0.395,1.62,0.316,,-3.5,24,9,8.0,0,44,16,20,14,12,8,0,59,4,3,-0.106,-2.0,31,6,9,6,6.75,6,7,39,0.29,0.41,0.323,0.733,113,90,0.106,0.94,0.969,,2.0,27,11,9.0,1,50,12,28,12,13,5,0,67,1,0,0.394,3.5
LAN/LAN201708160,"Wednesday, August 16, 2017",7:12 p.m. Local,Dodger Stadium,52413,2:59,Night,Home,Los Angeles Dodgers,LAD,Chicago White Sox,CHW,36,4,12,4,4.0,1,4,37,0.333,0.351,0.667,1.018,133,82,0.091,1.51,0.797,,-0.5,25,13,8.1,1,52,13,17,17,15,6,0,60,1,1,-0.592,-1.2,30,5,9,4,5.4,4,4,34,0.3,0.382,0.5,0.882,127,78,0.594,1.01,1.431,,1.2,27,8,9.0,4,48,7,24,12,14,7,0,45,0,0,-0.093,0.5
DET/DET201708180,"Friday, August 18, 2017",7:10 p.m. Local,Comerica Park,32841,3:20,Night,Away,Los Angeles Dodgers,LAD,Detroit Tigers,DET,35,8,12,8,8.0,6,7,43,0.343,0.419,0.514,0.933,161,88,0.401,1.22,0.866,,3.2,27,7,9.0,3,47,18,23,9,21,7,0,45,0,0,0.098,-0.2,40,5,14,5,5.0,3,11,43,0.35,0.395,0.65,1.045,143,111,-0.099,0.74,0.893,,0.2,27,8,9.0,0,60,25,26,9,20,8,0,23,4,2,-0.4,-3.2
DET/DET201708190,"Saturday, August 19, 2017",4:06 p.m. Local,Comerica Park,37182,2:57,Day,Away,Los Angeles Dodgers,LAD,Detroit Tigers,DET,31,3,6,3,2.0,3,6,35,0.194,0.286,0.29,0.576,149,82,-0.114,1.2,0.627,,-1.8,27,8,9.0,0,48,6,28,12,13,9,0,61,0,0,0.614,4.8,30,0,4,0,0.0,5,10,36,0.133,0.257,0.167,0.424,137,94,-0.616,1.06,0.29,,-4.8,27,12,9.0,1,43,17,33,10,10,2,0,73,0,0,0.115,1.8
DET/DET201708200,"Sunday, August 20, 2017",1:10 p.m. Local,Comerica Park,30901,2:33,Day,Home,Detroit Tigers,DET,Los Angeles Dodgers,LAD,30,1,3,1,1.0,1,10,31,0.1,0.129,0.2,0.329,122,86,-0.291,0.67,0.22,,-3.8,24,5,8.0,1,50,12,24,7,13,3,0,53,0,0,-0.208,-1.7,32,6,8,6,6.75,1,9,33,0.25,0.273,0.469,0.741,128,85,0.208,0.7,0.608,,1.7,27,7,9.0,1,46,19,20,8,15,4,0,82,0,0,0.292,3.8
PIT/PIT201708210,"Monday, August 21, 2017",7:07 p.m. Local,PNC Park,19094,4:35,Night,Away,Los Angeles Dodgers,LAD,Pittsburgh Pirates,PIT,47,6,10,6,4.5,6,10,54,0.213,0.315,0.383,0.698,215,120,0.249,1.85,1.61,,-0.0,36,15,12.0,3,69,20,31,16,21,7,0,55,4,1,0.252,1.0,46,5,10,5,3.75,4,10,51,0.217,0.294,0.435,0.729,193,134,-0.251,1.69,1.105,,-1.0,36,11,12.0,2,88,18,28,15,21,11,0,42,0,0,-0.249,0.0
PIT/PIT201708220,"Tuesday, August 22, 2017",7:07 p.m. Local,PNC Park,17288,3:24,Night,Away,Los Angeles Dodgers,LAD,Pittsburgh Pirates,PIT,35,8,10,8,8.0,7,6,43,0.286,0.405,0.429,0.833,156,101,0.515,1.11,1.081,,3.5,27,10,9.0,1,61,16,24,17,13,8,0,26,3,3,-0.017,-0.5,31,5,7,5,5.0,6,11,37,0.226,0.351,0.355,0.706,169,98,0.017,1.14,0.736,,0.5,27,12,9.0,1,54,16,28,10,10,2,0,33,0,0,-0.515,-3.5
PIT/PIT201708230,"Wednesday, August 23, 2017",7:06 p.m. Local,PNC Park,19859,2:34,Night,Home,Pittsburgh Pirates,PIT,Los Angeles Dodgers,LAD,36,0,8,0,0.0,4,7,41,0.222,0.317,0.25,0.567,99,84,-0.827,1.26,0.57,,-5.0,27,7,9.0,1,51,6,27,12,18,8,0,91,,,0.325,3.5,28,1,1,1,1.0,0,10,29,0.036,0.036,0.143,0.179,136,75,-0.325,1.75,0.437,,-3.5,30,10,10.0,0,38,9,28,10,9,2,0,69,0,0,0.826,5.0
PIT/PIT201708240,"Thursday, August 24, 2017",4:06 p.m. Local,PNC Park,22115,3:37,Day,Away,Los Angeles Dodgers,LAD,Pittsburgh Pirates,PIT,38,5,14,5,5.0,8,6,47,0.368,0.478,0.684,1.162,148,116,0.172,1.23,1.037,,0.5,27,13,9.0,0,71,18,27,8,25,11,0,60,3,1,0.328,2.5,33,2,6,2,2.0,4,5,38,0.182,0.289,0.212,0.502,203,85,-0.327,1.07,0.536,,-2.5,27,6,9.0,3,49,10,26,18,10,9,0,39,2,0,-0.173,-0.5
LAN/LAN201708250,"Friday, August 25, 2017",7:11 p.m. Local,Dodger Stadium,52455,3:00,Night,Home,Los Angeles Dodgers,LAD,Milwaukee Brewers,MIL,27,1,1,1,1.0,3,11,30,0.037,0.133,0.148,0.281,157,81,-0.448,0.97,0.181,,-3.5,24,4,8.0,2,41,16,24,5,11,5,0,51,2,0,-0.053,1.0,32,3,8,3,3.38,4,10,36,0.25,0.333,0.438,0.771,117,96,0.053,0.88,0.662,,-1.0,27,5,9.0,1,56,8,32,9,13,1,0,71,0,0,0.448,3.5
LAN/LAN201708260,"Saturday, August 26, 2017",6:10 p.m. Local,Dodger Stadium,52345,2:58,Night,Away,Milwaukee Brewers,MIL,Los Angeles Dodgers,LAD,33,3,6,3,3.0,2,14,35,0.182,0.229,0.303,0.532,139,93,-0.024,0.98,0.445,,-1.5,27,7,9.0,0,46,23,24,10,9,2,0,78,0,0,0.524,4.5,32,0,5,0,0.0,0,12,32,0.156,0.156,0.219,0.375,147,92,-0.524,0.72,0.18,,-4.5,27,8,9.0,1,39,17,36,11,9,4,0,61,0,0,0.024,1.5
LAN/LAN201708270,"Sunday, August 27, 2017",1:10 p.m. Local,Dodger Stadium,51355,3:31,Day,Away,Milwaukee Brewers,MIL,Los Angeles Dodgers,LAD,32,3,8,3,3.0,4,14,36,0.25,0.333,0.406,0.74,144,104,-0.054,1.88,0.54,,-1.5,27,8,9.0,0,49,28,28,7,11,7,0,62,2,0,0.556,2.5,30,2,4,2,2.0,3,9,35,0.133,0.257,0.167,0.424,158,91,-0.557,0.83,0.628,,-2.5,27,8,9.0,1,42,15,34,10,11,6,0,47,0,0,0.056,1.5
ARI/ARI201708290,"Tuesday, August 29, 2017",6:40 p.m. Local,Chase Field,25219,3:08,Night,Home,Arizona Diamondbacks,ARI,Los Angeles Dodgers,LAD,37,6,10,6,6.0,2,10,40,0.27,0.325,0.514,0.839,138,104,-0.185,0.56,0.76,,1.0,24,7,8.0,2,54,13,37,15,12,4,0,24,2,0,-0.316,-2.5,33,7,10,7,7.88,1,10,34,0.303,0.324,0.667,0.99,173,92,0.315,1.37,0.626,,2.5,27,10,9.0,2,50,15,27,9,14,4,0,48,1,0,0.184,-1.0
ARI/ARI201708300,"Wednesday, August 30, 2017",6:40 p.m. Local,Chase Field,23321,3:05,Night,Home,Arizona Diamondbacks,ARI,Los Angeles Dodgers,LAD,33,4,6,4,4.0,5,12,40,0.182,0.325,0.273,0.598,125,98,-0.255,0.35,0.41,,-1.0,24,12,8.0,3,48,21,29,7,14,7,0,21,0,0,-0.245,-1.5,34,6,11,6,6.75,3,4,37,0.324,0.378,0.618,0.996,156,82,0.243,0.93,0.448,,1.5,27,4,9.0,1,49,12,21,12,18,7,0,70,4,2,0.255,1.0
ARI/ARI201708310,"Thursday, August 31, 2017",12:40 p.m. Local,Chase Field,19882,3:02,Day,Home,Arizona Diamondbacks,ARI,Los Angeles Dodgers,LAD,32,1,5,1,1.0,3,8,35,0.156,0.229,0.219,0.447,142,88,-0.112,0.41,0.18,,-4.0,24,11,8.0,2,46,13,29,10,14,6,0,18,0,0,-0.389,-3.5,32,8,10,8,9.0,3,9,36,0.312,0.389,0.625,1.014,143,90,0.387,0.45,0.56,,3.5,27,9,9.0,0,48,12,30,11,12,9,0,64,0,0,0.111,4.0
SDN/SDN201709010,"Friday, September 1, 2017",7:10 p.m. Local,Petco Park,36767,2:57,Night,Away,Los Angeles Dodgers,LAD,San Diego Padres,SDP,34,1,9,1,1.0,4,12,38,0.265,0.342,0.294,0.636,107,98,-0.308,1.31,0.627,,-3.4,27,11,9.0,0,49,13,38,8,14,9,0,75,0,0,0.809,4.4,29,0,2,0,0.0,0,13,29,0.069,0.069,0.069,0.138,152,78,-0.811,1.31,0.081,,-4.4,27,7,9.0,0,34,25,19,12,4,0,0,63,1,0,0.309,3.4
SDN/SDN201709021,"Saturday, September 2, 2017",12:40 p.m. Local,Petco Park,39140,3:11,Day,Home,San Diego Padres,SDP,Los Angeles Dodgers,LAD,34,5,10,5,5.0,3,6,37,0.294,0.351,0.559,0.91,179,79,0.215,1.48,0.939,,0.6,25,4,8.1,1,41,11,27,11,17,8,0,55,2,0,-0.712,-1.8,31,6,7,6,6.48,8,9,40,0.226,0.375,0.452,0.827,117,109,0.714,1.15,1.534,,1.8,27,16,9.0,2,68,17,24,7,16,8,0,45,0,0,-0.213,-0.6
SDN/SDN201709022,"Saturday, September 2, 2017",7:10 p.m. Local,Petco Park,42130,3:40,Night,Home,San Diego Padres,SDP,Los Angeles Dodgers,LAD,33,2,7,2,2.0,4,7,37,0.212,0.297,0.273,0.57,178,95,-0.128,0.67,0.42,,-2.4,24,5,8.0,1,59,14,22,14,12,4,0,25,7,0,-0.373,-3.1,35,7,11,7,7.88,6,14,41,0.314,0.415,0.457,0.872,150,117,0.374,0.84,0.714,,3.1,27,9,9.0,0,61,31,25,15,6,4,0,42,1,0,0.127,2.4
SDN/SDN201709030,"Sunday, September 3, 2017",1:42 p.m. Local,Petco Park,33949,2:51,Day,Home,San Diego Padres,SDP,Los Angeles Dodgers,LAD,33,4,7,4,3.0,0,8,34,0.212,0.206,0.515,0.721,134,88,-0.13,0.81,0.604,,-0.4,24,6,8.0,2,44,11,33,10,16,4,0,46,2,0,-0.371,-2.1,31,6,10,5,6.75,4,9,36,0.323,0.4,0.548,0.948,129,87,0.37,1.04,0.798,,2.1,27,5,9.0,2,51,16,20,7,16,8,0,65,0,0,0.13,0.4
LAN/LAN201709040,"Monday, September 4, 2017",5:11 p.m. Local,Dodger Stadium,47192,3:00,Night,Away,Arizona Diamondbacks,ARI,Los Angeles Dodgers,LAD,40,13,14,13,13.0,2,11,42,0.35,0.381,0.825,1.206,130,103,0.133,0.61,0.451,,8.5,27,3,9.0,0,49,28,26,12,17,5,0,87,1,0,0.365,4.5,30,0,3,0,0.0,1,16,31,0.1,0.129,0.1,0.229,165,98,-0.365,0.42,0.067,,-4.5,27,7,9.0,6,48,24,26,4,10,4,0,68,2,2,-0.135,-8.5
LAN/LAN201709050,"Tuesday, September 5, 2017",7:10 p.m. Local,Dodger Stadium,47039,3:42,Night,Away,Arizona Diamondbacks,ARI,Los Angeles Dodgers,LAD,34,3,4,1,0.9,9,11,43,0.118,0.302,0.176,0.479,142,102,-0.123,1.33,0.934,,-2.0,30,12,10.0,1,52,19,31,11,12,6,0,70,0,0,0.624,4.0,32,1,6,1,0.9,1,8,34,0.188,0.212,0.281,0.493,178,94,-0.625,1.59,0.476,,-4.0,30,11,10.0,0,53,13,28,11,14,6,0,64,1,0,0.123,2.0
LAN/LAN201709060,"Wednesday, September 6, 2017",7:10 p.m. Local,Dodger Stadium,48612,3:18,Night,Away,Arizona Diamondbacks,ARI,Los Angeles Dodgers,LAD,36,3,8,3,2.0,4,11,41,0.222,0.317,0.278,0.595,139,99,-0.007,1.14,0.872,,-1.5,27,11,9.0,0,53,21,25,9,16,8,0,61,0,0,0.507,3.5,29,1,4,1,1.0,3,7,33,0.138,0.242,0.172,0.415,161,77,-0.506,1.22,0.315,,-3.5,27,5,9.0,0,40,13,24,14,8,3,0,64,3,0,0.006,1.5
LAN/LAN201709070,"Thursday, September 7, 2017",7:10 p.m. Local,Dodger Stadium,51492,3:35,Night,Away,Colorado Rockies,COL,Los Angeles Dodgers,LAD,40,9,16,8,9.0,6,12,48,0.4,0.468,0.6,1.068,164,117,0.336,0.44,0.596,,4.5,27,7,9.0,0,65,24,28,15,15,7,0,61,0,0,0.165,3.5,32,1,6,1,1.0,3,8,35,0.188,0.257,0.313,0.57,178,100,-0.167,0.45,0.156,,-3.5,27,10,9.0,2,57,10,35,8,16,9,0,37,4,2,-0.335,-4.5
LAN/LAN201709080,"Friday, September 8, 2017",7:10 p.m. Local,Dodger Stadium,53632,3:32,Night,Away,Colorado Rockies,COL,Los Angeles Dodgers,LAD,32,5,6,5,5.0,4,14,36,0.188,0.278,0.406,0.684,172,101,0.157,1.36,0.768,,0.5,27,7,9.0,1,48,24,29,9,9,4,0,37,0,0,0.344,0.5,35,4,7,4,2.0,6,7,41,0.2,0.317,0.314,0.631,161,109,-0.343,0.98,0.766,,-0.5,27,8,9.0,1,68,18,23,12,16,5,0,37,1,0,-0.157,-0.5
LAN/LAN201709090,"Saturday, September 9, 2017",6:10 p.m. Local,Dodger Stadium,52884,3:29,Night,Away,Colorado Rockies,COL,Los Angeles Dodgers,LAD,37,6,11,6,6.0,3,8,43,0.297,0.366,0.514,0.879,170,106,0.223,1.48,0.828,,1.5,27,6,9.0,2,60,18,28,17,14,10,0,46,0,0,0.277,-0.5,36,5,8,5,4.0,1,10,37,0.222,0.243,0.472,0.715,153,101,-0.275,0.82,0.787,,0.5,27,12,9.0,1,56,17,28,11,15,6,0,30,0,0,-0.224,-1.5
LAN/LAN201709100,"Sunday, September 10, 2017",1:11 p.m. Local,Dodger Stadium,50161,3:16,Day,Away,Colorado Rockies,COL,Los Angeles Dodgers,LAD,37,8,11,8,8.0,4,10,42,0.297,0.381,0.595,0.976,138,110,0.055,0.98,0.571,,3.5,27,8,9.0,1,60,19,31,10,17,11,0,60,0,0,0.446,3.5,34,1,8,1,1.0,3,12,37,0.235,0.297,0.324,0.621,172,83,-0.446,0.7,0.283,,-3.5,27,5,9.0,3,44,17,22,11,11,3,0,54,1,0,-0.053,-3.5
SFN/SFN201709110,"Monday, September 11, 2017",7:57 p.m. Local,AT&T Park,40409,3:22,Night,Home,San Francisco Giants,SFG,Los Angeles Dodgers,LAD,36,6,8,6,6.0,8,6,44,0.222,0.364,0.333,0.697,154,93,0.103,1.09,1.047,,1.4,24,10,8.0,2,50,12,31,15,15,7,0,39,4,2,-0.602,-3.9,34,8,12,8,9.0,2,8,37,0.353,0.389,0.618,1.007,158,97,0.601,1.4,1.082,,3.9,27,11,9.0,1,50,26,21,14,13,7,0,52,2,0,-0.103,-1.4
SFN/SFN201709120,"Tuesday, September 12, 2017",7:15 p.m. Local,AT&T Park,38727,3:29,Night,Away,Los Angeles Dodgers,LAD,San Francisco Giants,SFG,36,5,9,5,5.0,7,13,45,0.25,0.378,0.444,0.822,148,110,0.241,1.9,0.835,,0.4,27,8,9.0,1,59,14,37,9,15,6,0,55,1,0,0.26,1.6,39,3,14,3,2.0,1,11,41,0.359,0.366,0.487,0.853,178,98,-0.258,0.96,1.042,,-1.6,27,5,9.0,1,54,21,23,13,16,8,0,37,1,0,-0.24,-0.4
SFN/SFN201709130,"Wednesday, September 13, 2017",7:15 p.m. Local,AT&T Park,38866,2:58,Night,Away,Los Angeles Dodgers,LAD,San Francisco Giants,SFG,32,4,7,4,4.0,5,10,40,0.219,0.359,0.5,0.859,118,95,0.119,0.64,0.554,,-0.6,27,11,9.0,0,53,11,31,9,14,6,0,76,0,0,0.38,3.6,30,1,5,1,1.0,0,7,30,0.167,0.167,0.167,0.333,153,82,-0.38,0.62,0.099,,-3.6,27,11,9.0,1,43,18,21,11,12,5,0,37,1,0,-0.12,0.6
WAS/WAS201709150,"Friday, September 15, 2017",7:06 p.m. Local,Nationals Park,37508,3:09,Night,Away,Los Angeles Dodgers,LAD,Washington Nationals,WSN,36,7,9,7,7.0,3,9,39,0.25,0.308,0.583,0.891,148,94,0.355,0.29,0.494,,2.2,27,6,9.0,0,50,10,34,10,17,6,0,73,0,0,0.144,4.8,30,0,4,0,0.0,4,13,35,0.133,0.257,0.167,0.424,148,97,-0.144,0.26,0.082,,-4.8,27,9,9.0,3,51,19,27,6,11,4,0,17,1,0,-0.356,-2.2
WAS/WAS201709160,"Saturday, September 16, 2017",1:07 p.m. Local,Nationals Park,39387,2:46,Day,Away,Los Angeles Dodgers,LAD,Washington Nationals,WSN,31,3,7,3,3.0,3,10,38,0.226,0.342,0.419,0.761,111,89,-0.066,1.54,0.556,,-1.8,27,7,9.0,1,41,15,33,9,13,8,0,66,1,1,0.564,2.8,31,2,5,2,2.0,2,9,33,0.161,0.212,0.258,0.47,135,77,-0.566,0.9,0.504,,-2.8,27,10,9.0,1,37,13,27,10,12,3,0,44,2,0,0.065,1.8
WAS/WAS201709170,"Sunday, September 17, 2017",8:09 p.m. Local,Nationals Park,29155,3:22,Night,Home,Washington Nationals,WSN,Los Angeles Dodgers,LAD,32,1,4,0,0.0,4,11,37,0.125,0.243,0.125,0.368,173,90,-0.337,0.88,0.341,,-3.8,24,5,8.0,3,46,16,28,9,12,4,0,61,2,0,-0.163,-2.7,32,7,8,7,7.88,5,8,37,0.25,0.351,0.563,0.914,138,107,0.163,0.88,0.689,,2.7,27,5,9.0,0,57,18,32,9,15,6,0,71,0,0,0.337,3.8
PHI/PHI201709180,"Monday, September 18, 2017",7:07 p.m. Local,Citizens Bank Park,16690,2:40,Night,Home,Philadelphia Phillies,PHI,Los Angeles Dodgers,LAD,31,3,5,3,3.0,4,12,35,0.161,0.257,0.452,0.709,123,86,-0.265,1.05,0.434,,-1.6,24,9,8.0,1,42,16,28,10,9,3,0,52,0,0,-0.235,0.1,28,4,4,4,4.5,2,10,30,0.143,0.2,0.25,0.45,149,80,0.235,0.93,0.736,,-0.1,27,11,9.0,3,41,25,14,10,8,1,0,62,0,0,0.266,1.6
PHI/PHI201709190,"Tuesday, September 19, 2017",7:34 p.m. Local,Citizens Bank Park,20145,3:23,Night,Home,Philadelphia Phillies,PHI,Los Angeles Dodgers,LAD,34,2,9,2,2.0,2,9,36,0.265,0.306,0.382,0.688,158,83,-0.159,1.74,0.458,,-2.6,24,8,8.0,1,43,16,24,11,14,7,0,64,3,0,-0.341,-1.9,31,6,8,6,5.62,4,9,36,0.258,0.361,0.484,0.845,116,99,0.342,0.81,1.353,,1.9,27,9,9.0,1,53,21,25,12,10,4,0,65,0,0,0.159,2.6
PHI/PHI201709200,"Wednesday, September 20, 2017",7:08 p.m. Local,Citizens Bank Park,20175,3:18,Night,Home,Philadelphia Phillies,PHI,Los Angeles Dodgers,LAD,35,5,7,5,4.0,6,7,41,0.2,0.317,0.429,0.746,126,105,0.27,1.1,1.357,,0.4,24,14,8.0,2,57,16,32,12,16,7,0,64,3,2,-0.773,-2.9,31,7,6,7,6.75,3,8,34,0.194,0.265,0.419,0.684,176,89,0.775,1.68,1.26,,2.9,27,7,9.0,1,46,12,31,13,10,7,0,57,2,1,-0.272,-0.4
PHI/PHI201709210,"Thursday, September 21, 2017",1:07 p.m. Local,Citizens Bank Park,18735,3:39,Day,Away,Los Angeles Dodgers,LAD,Philadelphia Phillies,PHI,34,5,7,4,3.0,4,7,40,0.206,0.3,0.471,0.771,167,83,0.221,1.6,0.953,,0.4,27,9,9.0,1,45,9,29,14,14,10,0,46,1,0,0.278,0.6,34,4,7,4,3.0,5,12,39,0.206,0.308,0.353,0.661,147,105,-0.279,1.11,0.978,,-0.6,27,12,9.0,2,59,22,24,8,14,8,0,56,2,1,-0.222,-0.4
LAN/LAN201709220,"Friday, September 22, 2017",7:11 p.m. Local,Dodger Stadium,51159,2:55,Night,Home,Los Angeles Dodgers,LAD,San Francisco Giants,SFG,34,2,8,2,2.0,2,13,37,0.235,0.297,0.324,0.621,151,100,-0.299,0.6,0.402,,-2.5,24,5,8.0,1,51,21,28,5,16,8,0,39,2,0,-0.204,-0.0,29,4,5,4,4.5,3,8,33,0.172,0.273,0.345,0.618,148,87,0.203,0.93,0.531,,0.0,27,3,9.0,1,50,16,21,8,13,4,0,66,0,0,0.298,2.5
LAN/LAN201709230,"Saturday, September 23, 2017",6:10 p.m. Local,Dodger Stadium,51093,2:53,Night,Away,San Francisco Giants,SFG,Los Angeles Dodgers,LAD,35,2,9,2,2.0,2,5,38,0.257,0.297,0.314,0.612,122,90,-0.148,1.65,0.49,,-2.5,27,12,9.0,1,59,11,20,17,14,6,0,69,1,0,0.649,3.5,30,1,6,1,1.0,1,5,31,0.2,0.226,0.367,0.592,134,81,-0.648,0.85,0.521,,-3.5,27,11,9.0,0,45,12,25,10,15,9,0,48,0,0,0.148,2.5
LAN/LAN201709240,"Sunday, September 24, 2017",1:10 p.m. Local,Dodger Stadium,46774,2:34,Day,Home,Los Angeles Dodgers,LAD,San Francisco Giants,SFG,30,1,8,1,1.0,0,8,31,0.267,0.267,0.4,0.667,150,77,-0.439,0.65,0.285,,-3.5,24,8,8.0,1,45,15,17,13,10,5,0,40,0,0,-0.061,1.0,28,3,7,3,3.38,3,2,33,0.25,0.313,0.429,0.741,101,91,0.06,0.99,0.402,,-1.0,27,13,9.0,1,53,10,28,10,18,8,0,68,0,0,0.439,3.5
LAN/LAN201709250,"Monday, September 25, 2017",7:10 p.m. Local,Dodger Stadium,49419,3:06,Night,Home,Los Angeles Dodgers,LAD,San Diego Padres,SDP,33,3,6,2,2.0,0,13,35,0.182,0.229,0.242,0.471,181,92,-0.158,0.4,0.086,,-1.5,24,9,8.0,2,43,25,24,8,12,5,0,28,1,1,-0.345,-5.0,30,9,10,9,10.12,6,7,38,0.333,0.432,0.667,1.099,130,105,0.344,0.31,0.503,,5.0,27,4,9.0,0,69,9,27,7,18,10,0,78,0,0,0.157,1.5
LAN/LAN201709260,"Tuesday, September 26, 2017",7:10 p.m. Local,Dodger Stadium,47432,3:23,Night,Home,Los Angeles Dodgers,LAD,San Diego Padres,SDP,36,2,9,2,2.0,1,4,37,0.25,0.27,0.444,0.715,172,82,-0.099,0.79,0.572,,-2.5,24,3,8.0,3,56,11,15,13,19,6,0,44,0,0,-0.402,-5.0,35,9,11,9,10.12,9,9,44,0.314,0.455,0.686,1.14,122,95,0.401,0.97,0.869,,5.0,27,9,9.0,2,54,19,22,5,21,11,0,48,0,0,0.099,2.5
LAN/LAN201709270,"Wednesday, September 27, 2017",7:10 p.m. Local,Dodger Stadium,47273,2:42,Night,Home,Los Angeles Dodgers,LAD,San Diego Padres,SDP,30,0,3,0,0.0,3,14,34,0.1,0.182,0.133,0.315,144,89,-0.166,0.42,0.028,,-4.5,24,8,8.0,3,46,23,20,4,13,5,0,27,0,0,-0.335,-6.0,34,10,12,10,9.0,3,9,38,0.353,0.395,0.676,1.071,127,91,0.337,0.25,0.416,,6.0,27,2,9.0,0,50,18,23,13,13,4,0,81,0,0,0.165,4.5
COL/COL201709290,"Friday, September 29, 2017",6:11 p.m. Local,Coors Field,48395,3:19,Night,Home,Colorado Rockies,COL,Los Angeles Dodgers,LAD,32,1,6,1,1.0,2,5,34,0.188,0.235,0.188,0.423,195,78,-0.168,0.28,0.152,,-4.4,24,8,8.0,4,45,8,25,20,7,3,0,24,2,0,-0.333,-4.2,35,9,11,8,7.88,5,7,41,0.314,0.4,0.743,1.143,125,118,0.333,0.46,0.499,,4.2,27,13,9.0,0,79,13,26,12,17,6,0,68,0,0,0.167,4.4
COL/COL201709300,"Saturday, September 30, 2017",6:31 p.m. Local,Coors Field,48103,2:59,Night,Away,Los Angeles Dodgers,LAD,Colorado Rockies,COL,32,5,8,5,5.0,1,6,37,0.25,0.333,0.375,0.708,130,80,0.043,1.57,0.761,,-0.4,27,15,9.0,1,47,9,24,17,10,5,0,38,1,0,0.458,2.4,36,3,11,3,3.0,1,10,38,0.306,0.324,0.417,0.741,123,96,-0.456,1.18,0.741,,-2.4,27,17,9.0,1,52,14,30,14,13,10,0,49,1,0,-0.042,0.4
COL/COL201710010,"Sunday, October 1, 2017",1:10 p.m. Local,Coors Field,32946,3:39,Day,Away,Los Angeles Dodgers,LAD,Colorado Rockies,COL,36,6,10,6,6.0,9,4,46,0.278,0.413,0.417,0.83,152,109,0.145,1.04,0.598,,0.6,27,11,9.0,0,67,7,35,18,15,8,0,53,0,0,0.355,2.4,34,3,10,3,3.0,4,7,38,0.294,0.368,0.412,0.78,201,103,-0.353,0.72,0.539,,-2.4,27,11,9.0,0,70,14,19,14,13,10,0,40,3,1,-0.146,-0.6
