,date,time,venue,attendance,duration,time_of_day,winner,winning_name,winning_abbr,losing_name,losing_abbr,away_at_bats,away_runs,away_hits,away_rbi,away_earned_runs,away_bases_on_balls,away_strikeouts,away_plate_appearances,away_batting_average,away_on_base_percentage,away_slugging_percentage,away_on_base_plus,away_pitches,away_strikes,away_win_probability_for_offensive_player,away_average_leverage_index,away_win_probability_added,away_win_probability_subtracted,away_base_out_runs_added,away_putouts,away_assists,away_innings_pitched,away_home_runs,away_strikes_by_contact,away_strikes_swinging,away_strikes_looking,away_grounded_balls,away_fly_balls,away_line_drives,away_unknown_bat_type,away_game_score,away_inherited_runners,away_inherited_score,away_win_probability_by_pitcher,away_base_out_runs_saved,home_at_bats,home_runs,home_hits,home_rbi,home_earned_runs,home_bases_on_balls,home_strikeouts,home_plate_appearances,home_batting_average,home_on_base_percentage,home_slugging_percentage,home_on_base_plus,home_pitches,home_strikes,home_win_probability_for_offensive_player,home_average_leverage_index,home_win_probability_added,home_win_probability_subtracted,home_base_out_runs_added,home_putouts,home_assists,home_innings_pitched,home_home_runs,home_strikes_by_contact,home_strikes_swinging,home_strikes_looking,home_grounded_balls,home_fly_balls,home_line_drives,home_unknown_bat_type,home_game_score,home_inherited_runners,home_inherited_score,home_win_probability_by_pitcher,home_base_out_runs_saved
MIN/MIN201704030,"Monday, April 3, 2017",3:16 p.m. Local,Target Field,39615,2:47,Day,Home,Minnesota Twins,MIN,Kansas City Royals,KCR,28,1,3,1,1.0,2,4,30,0.107,0.167,0.214,0.381,149,68,-0.332,1.09,0.263,,-3.8,24,3,8.0,1,40,11,17,12,12,4,0,67,6,3,-0.168,-2.8,31,7,8,7,7.88,7,11,39,0.258,0.395,0.355,0.75,117,87,0.167,0.84,0.716,,2.8,27,11,9.0,1,45,21,21,7,14,6,0,70,0,0,0.333,3.8
MIN/MIN201704050,"Wednesday, April 5, 2017",12:11 p.m. Local,Target Field,15171,3:06,Day,Home,Minnesota Twins,MIN,Kansas City Royals,KCR,29,1,4,1,1.0,3,9,33,0.138,0.242,0.138,0.38,173,90,-0.326,0.61,0.324,,-3.8,24,3,8.0,1,53,19,18,9,11,6,0,49,1,1,-0.175,-4.8,31,9,8,9,10.12,9,7,40,0.258,0.425,0.419,0.844,142,101,0.176,0.94,0.49,,4.8,27,8,9.0,0,58,16,27,10,14,4,0,57,2,0,0.326,3.8
MIN/MIN201704060,"Thursday, April 6, 2017",12:11 p.m. Local,Target Field,16078,3:14,Day,Home,Minnesota Twins,MIN,Kansas City Royals,KCR,35,3,9,2,3.0,4,10,39,0.257,0.333,0.457,0.79,154,93,-0.197,1.16,1.002,,-1.8,24,4,8.0,0,52,18,23,12,13,6,0,41,3,0,-0.303,-0.8,33,5,9,5,5.62,7,7,40,0.273,0.4,0.364,0.764,145,94,0.302,1.68,0.969,,0.8,27,8,9.0,2,55,13,26,8,18,10,0,48,4,0,0.198,1.8
CHA/CHA201704070,"Friday, April 7, 2017",7:10 p.m. Local,Guaranteed Rate Field,14004,2:59,Night,Away,Minnesota Twins,MIN,Chicago White Sox,CHW,33,3,6,2,2.0,2,9,36,0.182,0.25,0.273,0.523,138,83,-0.018,1.17,0.723,,-1.6,27,2,9.0,0,48,18,17,12,11,5,1,61,0,0,0.519,3.6,34,1,7,1,1.0,2,8,36,0.206,0.25,0.235,0.485,126,88,-0.519,1.07,0.338,,-3.6,27,11,9.0,0,53,8,27,9,17,6,0,58,1,1,0.019,1.6
CHA/CHA201704080,"Saturday, April 8, 2017",1:10 p.m. Local,Guaranteed Rate Field,23024,2:56,Day,Home,Chicago White Sox,CHW,Minnesota Twins,MIN,35,2,9,2,2.0,2,9,37,0.257,0.297,0.457,0.754,143,87,-0.185,0.5,0.505,,-2.6,24,13,8.0,2,50,17,20,15,11,5,0,39,2,0,-0.314,-1.9,30,6,8,5,5.62,3,4,34,0.267,0.353,0.567,0.92,125,92,0.313,0.96,0.539,,1.9,27,11,9.0,1,61,16,15,13,13,10,0,54,0,0,0.186,2.6
CHA/CHA201704090,"Sunday, April 9, 2017",1:10 p.m. Local,Guaranteed Rate Field,24074,3:07,Day,Away,Minnesota Twins,MIN,Chicago White Sox,CHW,34,4,8,4,4.0,1,9,35,0.235,0.257,0.471,0.728,150,89,-0.024,1.49,0.519,,-0.6,27,8,9.0,0,52,15,22,9,16,7,0,70,5,1,0.525,3.6,32,1,5,1,1.0,5,7,38,0.156,0.289,0.156,0.446,131,94,-0.526,0.82,0.531,,-3.6,27,8,9.0,2,57,16,21,12,13,4,0,61,0,0,0.025,0.6
DET/DET201704110,"Tuesday, April 11, 2017",1:10 p.m. Local,Comerica Park,21237,2:39,Day,Home,Detroit Tigers,DET,Minnesota Twins,MIN,31,1,5,1,1.0,4,8,35,0.161,0.257,0.194,0.451,111,89,-0.586,0.71,0.454,,-3.8,24,5,8.0,1,51,13,25,6,17,7,0,59,1,0,0.086,2.3,28,2,4,2,2.25,2,2,31,0.143,0.226,0.25,0.476,148,75,-0.086,1.44,0.363,,-2.3,27,5,9.0,0,53,9,13,6,20,4,0,74,2,0,0.587,3.8
DET/DET201704120,"Wednesday, April 12, 2017",1:10 p.m. Local,Comerica Park,23738,2:48,Day,Home,Detroit Tigers,DET,Minnesota Twins,MIN,29,3,4,3,3.0,4,9,34,0.138,0.265,0.241,0.506,104,100,-0.243,0.96,0.489,,-1.8,24,12,8.0,1,54,14,32,8,12,6,0,35,0,0,-0.258,-0.7,29,5,6,5,5.62,2,4,33,0.207,0.281,0.379,0.661,156,70,0.258,1.05,0.728,,0.7,27,8,9.0,1,40,11,19,13,13,6,0,58,0,0,0.242,1.8
DET/DET201704130,"Thursday, April 13, 2017",1:10 p.m. Local,Comerica Park,22573,3:31,Day,Away,Minnesota Twins,MIN,Detroit Tigers,DET,37,11,11,11,11.0,8,5,45,0.297,0.422,0.568,0.99,167,103,0.431,0.45,0.893,,6.2,27,5,9.0,2,64,10,29,9,23,10,0,45,1,0,0.07,-0.2,35,5,9,5,5.0,3,11,38,0.257,0.316,0.514,0.83,176,106,-0.072,0.64,0.296,,0.2,27,8,9.0,3,67,16,23,6,18,10,0,34,2,2,-0.431,-6.2
MIN/MIN201704140,"Friday, April 14, 2017",7:46 p.m. Local,Target Field,18466,3:06,Night,Away,Chicago White Sox,CHW,Minnesota Twins,MIN,31,2,7,2,2.0,3,6,34,0.226,0.294,0.387,0.681,138,86,-0.218,1.44,0.526,,-2.8,27,16,9.0,0,60,13,13,10,15,8,0,52,2,0,0.718,3.8,31,1,6,1,1.0,4,4,35,0.194,0.286,0.29,0.576,126,83,-0.719,1.12,0.398,,-3.8,27,14,9.0,1,46,7,30,15,12,6,0,56,0,0,0.219,2.8
MIN/MIN201704150,"Saturday, April 15, 2017",1:10 p.m. Local,Target Field,25938,2:26,Day,Home,Minnesota Twins,MIN,Chicago White Sox,CHW,28,0,1,0,0.0,1,8,29,0.036,0.069,0.036,0.105,135,72,-0.213,0.34,0.047,,-4.8,24,9,8.0,0,35,10,27,10,10,3,0,31,2,0,-0.287,-1.8,34,6,11,6,6.75,5,6,40,0.324,0.425,0.529,0.954,107,79,0.288,0.39,0.439,,1.8,27,9,9.0,0,42,10,27,14,14,7,0,92,,,0.213,4.8
MIN/MIN201704160,"Sunday, April 16, 2017",3:13 p.m. Local,Target Field,19511,3:15,Day,Away,Chicago White Sox,CHW,Minnesota Twins,MIN,38,3,10,3,2.7,0,8,42,0.263,0.293,0.395,0.687,162,99,-0.075,1.19,1.235,,-2.3,30,9,10.0,1,66,12,21,18,14,3,0,60,0,0,0.575,4.3,36,1,7,1,0.9,4,12,40,0.194,0.275,0.278,0.553,139,99,-0.576,1.79,0.415,,-4.3,30,12,10.0,1,45,20,34,10,14,4,0,71,0,0,0.075,2.3
MIN/MIN201704170,"Monday, April 17, 2017",7:11 p.m. Local,Target Field,16961,2:58,Night,Away,Cleveland Indians,CLE,Minnesota Twins,MIN,36,3,10,3,3.0,2,6,40,0.278,0.35,0.389,0.739,155,79,-0.04,1.53,0.54,,-1.8,27,7,9.0,0,45,8,26,13,17,9,0,59,0,0,0.539,3.8,36,1,9,1,1.0,4,10,40,0.25,0.325,0.306,0.631,127,95,-0.539,0.84,0.61,,-3.8,27,9,9.0,1,48,18,29,11,15,9,0,38,2,0,0.039,1.8
MIN/MIN201704180,"Tuesday, April 18, 2017",7:10 p.m. Local,Target Field,16553,3:15,Night,Away,Cleveland Indians,CLE,Minnesota Twins,MIN,37,11,12,10,9.0,2,6,43,0.324,0.381,0.595,0.976,148,102,0.465,0.64,0.696,,6.2,27,10,9.0,1,65,10,27,10,23,13,0,48,0,0,0.037,0.8,36,4,11,4,4.0,1,7,39,0.306,0.308,0.417,0.724,160,96,-0.037,0.51,0.397,,-0.8,27,9,9.0,2,55,16,25,16,15,8,0,27,4,1,-0.464,-6.2
MIN/MIN201704200,"Thursday, April 20, 2017",12:11 p.m. Local,Target Field,17339,3:36,Day,Away,Cleveland Indians,CLE,Minnesota Twins,MIN,37,6,11,6,6.0,7,7,44,0.297,0.409,0.432,0.842,156,111,0.232,1.28,1.082,,1.2,27,5,9.0,0,74,8,29,9,21,6,0,63,3,0,0.267,2.8,30,2,4,1,2.0,5,11,36,0.133,0.25,0.2,0.45,186,93,-0.267,1.27,0.514,,-2.8,27,5,9.0,0,43,18,32,7,13,3,0,62,6,3,-0.231,-1.2
MIN/MIN201704210,"Friday, April 21, 2017",7:10 p.m. Local,Target Field,22647,2:59,Night,Home,Minnesota Twins,MIN,Detroit Tigers,DET,35,3,8,3,3.0,1,7,36,0.229,0.25,0.343,0.593,150,81,-0.086,1.18,0.43,,-1.8,24,9,8.0,1,49,11,21,11,17,6,0,43,4,2,-0.413,-1.8,28,6,5,6,6.75,6,7,34,0.179,0.324,0.286,0.609,130,95,0.412,0.75,0.936,,1.8,27,9,9.0,1,52,10,33,10,11,2,0,52,0,0,0.087,1.8
MIN/MIN201704220,"Saturday, April 22, 2017",1:11 p.m. Local,Target Field,25719,4:00,Day,Away,Detroit Tigers,DET,Minnesota Twins,MIN,38,5,11,5,5.0,6,11,47,0.289,0.391,0.5,0.891,150,117,0.218,1.41,0.969,,0.2,27,8,9.0,1,71,17,29,15,14,8,0,45,1,0,0.282,0.8,36,4,10,4,4.0,3,7,39,0.278,0.333,0.444,0.778,189,90,-0.282,1.12,0.778,,-0.8,27,9,9.0,2,48,12,30,11,18,8,0,39,3,2,-0.219,-0.2
MIN/MIN201704230,"Sunday, April 23, 2017",1:13 p.m. Local,Target Field,26713,3:17,Day,Away,Detroit Tigers,DET,Minnesota Twins,MIN,39,13,13,11,9.0,6,8,45,0.333,0.422,0.538,0.961,140,104,0.447,0.42,0.731,,8.2,27,13,9.0,2,58,19,27,14,17,9,0,67,2,0,0.053,0.8,33,4,6,4,4.0,3,9,36,0.182,0.25,0.394,0.644,180,87,-0.056,0.53,0.231,,-0.8,27,10,9.0,2,50,15,22,16,8,5,0,17,3,0,-0.446,-8.2
TEX/TEX201704240,"Monday, April 24, 2017",7:08 p.m. Local,Globe Life Park in Arlington,19027,3:01,Night,Away,Minnesota Twins,MIN,Texas Rangers,TEX,31,3,6,3,3.0,6,6,37,0.194,0.324,0.226,0.55,131,85,-0.163,1.5,0.623,,-2.2,27,11,9.0,0,47,16,22,9,16,6,0,53,0,0,0.663,3.2,32,2,7,2,2.0,2,4,35,0.219,0.286,0.313,0.598,148,84,-0.662,1.14,0.557,,-3.2,27,7,9.0,0,56,5,23,12,16,5,0,48,2,0,0.162,2.2
TEX/TEX201704250,"Tuesday, April 25, 2017",7:09 p.m. Local,Globe Life Park in Arlington,20568,3:04,Night,Away,Minnesota Twins,MIN,Texas Rangers,TEX,38,8,15,7,8.0,6,4,44,0.395,0.477,0.658,1.135,129,104,0.239,0.49,0.715,,2.8,27,13,9.0,1,59,12,33,17,17,11,0,69,0,0,0.262,4.2,28,1,5,1,1.0,2,7,31,0.179,0.233,0.286,0.519,176,83,-0.263,0.66,0.123,,-4.2,27,15,9.0,2,54,10,19,13,9,4,0,41,2,0,-0.238,-2.8
TEX/TEX201704260,"Wednesday, April 26, 2017",7:08 p.m. Local,Globe Life Park in Arlington,22365,3:37,Night,Home,Texas Rangers,TEX,Minnesota Twins,MIN,33,3,9,3,3.0,4,2,37,0.273,0.351,0.364,0.715,192,78,-0.179,1.02,0.433,,-2.2,24,7,8.0,2,50,10,18,14,17,11,0,49,4,3,-0.323,-9.3,36,14,14,12,14.62,8,9,46,0.389,0.522,0.639,1.161,134,114,0.322,0.77,1.094,,9.3,27,13,9.0,1,65,17,32,8,19,10,0,46,2,1,0.178,2.2
KCA/KCA201704280,"Friday, April 28, 2017",7:15 p.m. Local,Kauffman Stadium,27911,3:20,Night,Away,Minnesota Twins,MIN,Kansas City Royals,KCR,34,6,6,6,5.0,3,10,37,0.176,0.243,0.324,0.567,141,108,0.384,0.94,1.11,,1.2,27,10,9.0,2,61,16,31,12,12,4,0,44,1,0,0.115,0.8,34,4,8,4,4.0,3,2,37,0.235,0.297,0.441,0.738,164,88,-0.116,1.3,0.566,,-0.8,27,9,9.0,1,58,11,19,15,17,8,0,60,3,0,-0.385,-1.2
KCA/KCA201704300,"Sunday, April 30, 2017",2:18 p.m. Local,Kauffman Stadium,32685,3:11,Day,Away,Minnesota Twins,MIN,Kansas City Royals,KCR,40,7,13,7,7.0,4,10,44,0.325,0.386,0.425,0.811,130,108,0.316,1.14,0.871,,2.2,27,6,9.0,2,62,18,28,16,14,5,0,37,2,0,0.184,-0.2,39,5,12,5,5.0,0,5,39,0.308,0.308,0.513,0.821,170,89,-0.185,0.88,0.663,,0.2,27,10,9.0,1,64,5,20,10,24,9,0,29,5,3,-0.317,-2.2
MIN/MIN201705020,"Tuesday, May 2, 2017",7:10 p.m. Local,Target Field,18930,2:48,Night,Home,Minnesota Twins,MIN,Oakland Athletics,OAK,33,1,6,1,1.0,3,11,36,0.182,0.25,0.273,0.523,140,90,-0.308,0.3,0.135,,-3.8,24,9,8.0,6,49,16,25,6,16,5,0,48,0,0,-0.193,-4.8,34,9,11,9,10.12,4,5,38,0.324,0.395,0.882,1.277,144,88,0.192,0.57,0.423,,4.8,27,3,9.0,1,41,17,30,14,15,5,0,70,0,0,0.307,3.8
MIN/MIN201705030,"Wednesday, May 3, 2017",7:10 p.m. Local,Target Field,18658,3:17,Night,Home,Minnesota Twins,MIN,Oakland Athletics,OAK,33,4,8,3,4.0,5,5,38,0.242,0.342,0.394,0.736,180,93,-0.137,0.6,0.635,,-0.8,24,5,8.0,1,56,14,23,10,18,8,0,25,3,1,-0.362,-2.8,33,7,9,7,7.88,6,8,40,0.273,0.4,0.485,0.885,148,102,0.362,1.02,0.677,,2.8,27,10,9.0,1,58,16,28,9,16,6,0,51,0,0,0.139,0.8
MIN/MIN201705040,"Thursday, May 4, 2017",12:10 p.m. Local,Target Field,19247,3:48,Day,Away,Oakland Athletics,OAK,Minnesota Twins,MIN,39,8,14,7,8.0,8,10,48,0.359,0.458,0.564,1.022,168,114,0.311,1.15,0.864,,3.2,27,2,9.0,3,73,11,30,10,20,9,0,62,0,0,0.189,-0.2,33,5,6,4,4.0,5,12,39,0.182,0.308,0.455,0.762,194,100,-0.191,0.88,0.661,,0.2,27,6,9.0,1,55,23,22,4,17,3,0,30,2,0,-0.311,-3.2
MIN/MIN201705050,"Friday, May 5, 2017",7:10 p.m. Local,Target Field,28707,3:24,Night,Home,Minnesota Twins,MIN,Boston Red Sox,BOS,36,3,9,3,3.0,2,5,38,0.25,0.289,0.389,0.678,152,98,-0.169,0.92,0.835,,-1.8,26,5,8.2,1,60,6,32,15,16,7,0,51,3,1,-0.33,0.6,36,4,10,4,4.15,1,10,38,0.278,0.316,0.528,0.844,143,101,0.329,1.65,0.975,,-0.6,27,10,9.0,1,48,19,34,15,11,4,0,60,1,0,0.17,1.8
MIN/MIN201705060,"Saturday, May 6, 2017",1:10 p.m. Local,Target Field,30859,3:03,Day,Away,Boston Red Sox,BOS,Minnesota Twins,MIN,43,11,16,11,4.0,6,8,49,0.372,0.449,0.674,1.123,136,106,0.41,0.18,0.564,,6.2,27,5,9.0,1,61,12,33,15,20,11,0,65,0,0,0.09,3.8,34,1,8,1,1.0,0,6,34,0.235,0.235,0.382,0.618,179,94,-0.089,0.3,0.047,,-3.8,27,8,9.0,3,58,10,26,7,21,6,0,29,3,1,-0.41,-6.2
MIN/MIN201705070,"Sunday, May 7, 2017",1:12 p.m. Local,Target Field,31763,3:46,Day,Away,Boston Red Sox,BOS,Minnesota Twins,MIN,42,17,16,17,17.0,9,5,52,0.381,0.5,0.929,1.429,181,112,0.594,1.54,0.987,,12.2,27,5,9.0,1,65,12,35,18,19,8,0,55,3,1,-0.094,-1.2,29,6,6,6,6.0,6,13,39,0.207,0.333,0.345,0.678,184,117,0.094,0.56,0.911,,1.2,27,12,9.0,5,64,26,27,5,14,6,0,39,4,2,-0.593,-12.2
CHA/CHA201705090,"Tuesday, May 9, 2017",7:11 p.m. Local,Guaranteed Rate Field,14498,2:58,Night,Away,Minnesota Twins,MIN,Chicago White Sox,CHW,39,7,12,7,7.0,1,5,41,0.308,0.341,0.462,0.803,141,104,0.364,0.69,0.795,,2.4,27,7,9.0,0,53,11,40,17,17,12,0,61,2,0,0.136,2.6,30,2,4,2,2.0,5,10,35,0.133,0.257,0.133,0.39,165,85,-0.137,0.72,0.369,,-2.6,27,12,9.0,1,40,14,31,8,12,8,0,43,3,1,-0.365,-2.4
CHA/CHA201705110,"Thursday, May 11, 2017",7:10 p.m. Local,Guaranteed Rate Field,16084,3:27,Night,Away,Minnesota Twins,MIN,Chicago White Sox,CHW,32,7,6,7,3.0,6,10,38,0.188,0.316,0.5,0.816,158,95,0.199,1.51,0.586,,2.4,27,13,9.0,2,57,15,23,6,16,6,0,34,4,0,0.302,-1.4,33,6,8,6,5.0,4,8,39,0.242,0.316,0.485,0.801,154,95,-0.302,0.59,0.842,,1.4,27,8,9.0,3,54,14,27,11,16,7,0,34,0,0,-0.2,-2.4
CLE/CLE201705120,"Friday, May 12, 2017",7:10 p.m. Local,Progressive Field,24452,2:30,Night,Away,Minnesota Twins,MIN,Cleveland Indians,CLE,31,1,6,1,1.0,1,9,32,0.194,0.219,0.323,0.541,124,79,-0.392,1.74,0.259,,-4.0,27,13,9.0,0,42,14,23,11,11,6,0,72,1,0,0.893,5.0,29,0,3,0,0.0,5,4,35,0.103,0.235,0.103,0.339,118,73,-0.893,0.84,0.323,,-5.0,27,11,9.0,1,44,9,20,17,9,3,0,72,0,0,0.393,4.0
CLE/CLE201705130,"Saturday, May 13, 2017",4:11 p.m. Local,Progressive Field,28379,2:57,Day,Away,Minnesota Twins,MIN,Cleveland Indians,CLE,29,4,5,3,4.0,6,9,35,0.172,0.314,0.276,0.59,125,89,0.089,0.86,0.551,,-1.0,27,6,9.0,0,54,15,25,11,9,5,0,74,1,0,0.411,4.0,30,1,3,0,1.0,1,5,32,0.1,0.156,0.167,0.323,155,85,-0.412,0.76,0.225,,-4.0,27,12,9.0,1,54,8,23,7,18,6,0,45,1,0,-0.088,1.0
CLE/CLE201705140,"Sunday, May 14, 2017",1:10 p.m. Local,Progressive Field,23099,3:00,Day,Home,Cleveland Indians,CLE,Minnesota Twins,MIN,35,3,9,3,3.0,1,12,36,0.257,0.278,0.429,0.706,160,99,-0.181,0.36,0.131,,-2.0,24,10,8.0,4,53,19,27,9,14,8,0,19,1,1,-0.321,-3.5,36,8,13,8,9.0,4,3,40,0.361,0.425,0.722,1.147,151,91,0.32,0.35,0.494,,3.5,27,8,9.0,1,50,7,34,12,21,9,0,53,0,0,0.179,2.0
MIN/MIN201705160,"Tuesday, May 16, 2017",7:10 p.m. Local,Target Field,24295,3:13,Night,Away,Colorado Rockies,COL,Minnesota Twins,MIN,36,7,10,6,7.0,1,7,38,0.278,0.297,0.5,0.797,150,95,0.424,0.96,0.881,,2.2,27,11,9.0,1,59,14,22,11,19,9,0,49,2,0,0.077,1.8,31,3,6,3,3.0,4,6,37,0.194,0.306,0.387,0.693,135,97,-0.078,0.88,0.654,,-1.8,27,8,9.0,2,54,16,28,17,9,2,0,33,1,1,-0.424,-2.2
MIN/MIN201705181,"Thursday, May 18, 2017",12:11 p.m. Local,Target Field,20603,2:53,Day,Away,Colorado Rockies,COL,Minnesota Twins,MIN,30,5,6,5,5.0,4,8,35,0.2,0.294,0.333,0.627,159,78,0.201,0.81,0.438,,0.2,27,7,9.0,0,47,11,20,6,17,5,0,56,5,0,0.299,3.8,33,1,8,1,1.0,3,6,37,0.242,0.297,0.333,0.631,130,98,-0.298,0.54,0.313,,-3.8,27,7,9.0,1,58,8,32,9,19,9,0,44,0,0,-0.201,-0.2
MIN/MIN201705182,"Thursday, May 18, 2017",6:11 p.m. Local,Target Field,17140,2:52,Night,Home,Minnesota Twins,MIN,Colorado Rockies,COL,28,0,3,0,0.0,2,11,32,0.107,0.219,0.107,0.326,156,82,-0.581,0.9,0.31,,-4.8,24,9,8.0,0,41,19,22,8,9,4,0,48,0,0,0.081,2.2,31,2,8,2,2.25,6,7,37,0.258,0.378,0.355,0.733,124,88,-0.082,1.15,0.471,,-2.2,27,7,9.0,0,40,18,30,13,11,5,0,85,1,0,0.582,4.8
MIN/MIN201705190,"Friday, May 19, 2017",7:11 p.m. Local,Target Field,23553,3:20,Night,Home,Minnesota Twins,MIN,Kansas City Royals,KCR,40,3,11,3,2.7,1,4,41,0.275,0.293,0.35,0.643,162,101,-0.187,1.57,0.659,,-2.3,28,5,9.1,2,69,12,20,15,21,10,0,56,2,1,-0.315,0.3,36,4,10,4,3.86,5,6,42,0.278,0.357,0.472,0.829,154,97,0.311,1.02,1.346,,-0.3,30,12,10.0,1,58,14,25,7,24,10,0,39,0,0,0.186,2.3
MIN/MIN201705211,"Sunday, May 21, 2017",1:12 p.m. Local,Target Field,,3:21,Day,Away,Kansas City Royals,KCR,Minnesota Twins,MIN,36,6,11,6,6.0,6,7,42,0.306,0.405,0.639,1.044,174,98,0.249,1.41,0.662,,1.2,27,6,9.0,0,68,13,17,9,20,4,0,47,3,1,0.248,0.8,35,4,9,4,4.0,6,11,41,0.257,0.366,0.314,0.68,163,111,-0.25,0.55,0.881,,-0.8,27,7,9.0,4,64,15,32,9,15,5,0,32,1,0,-0.25,-1.2
MIN/MIN201705212,"Sunday, May 21, 2017",5:07 p.m. Local,Target Field,27852,2:29,Night,Home,Minnesota Twins,MIN,Kansas City Royals,KCR,32,4,7,4,4.0,2,5,34,0.219,0.265,0.531,0.796,156,76,-0.048,0.44,0.47,,-0.8,24,4,8.0,3,50,7,19,14,13,6,0,28,0,0,-0.453,-3.8,34,8,11,8,9.0,6,6,40,0.324,0.425,0.647,1.072,113,89,0.453,0.75,0.671,,3.8,27,15,9.0,3,55,14,20,8,20,6,0,56,0,0,0.048,0.8
BAL/BAL201705220,"Monday, May 22, 2017",7:07 p.m. Local,Oriole Park at Camden Yards,12882,3:31,Night,Away,Minnesota Twins,MIN,Baltimore Orioles,BAL,47,14,21,13,12.0,3,8,51,0.447,0.471,0.702,1.173,146,115,0.721,0.49,1.21,,9.4,27,13,9.0,1,65,14,37,14,26,16,0,30,0,0,-0.222,-2.4,37,7,11,7,7.0,5,10,42,0.297,0.381,0.486,0.867,190,91,0.223,0.89,0.562,,2.4,27,6,9.0,2,47,17,27,17,10,8,0,21,3,3,-0.722,-9.4
BAL/BAL201705230,"Tuesday, May 23, 2017",7:08 p.m. Local,Oriole Park at Camden Yards,13294,2:23,Night,Away,Minnesota Twins,MIN,Baltimore Orioles,BAL,32,2,6,2,2.0,3,9,35,0.188,0.257,0.375,0.632,105,83,-0.147,1.1,0.504,,-2.6,27,8,9.0,0,46,14,24,11,12,4,0,87,,,0.647,4.6,29,0,2,0,0.0,2,6,31,0.069,0.129,0.069,0.198,129,69,-0.647,0.93,0.125,,-4.6,27,11,9.0,1,39,12,18,9,14,5,0,61,0,0,0.147,2.6
BAL/BAL201705240,"Wednesday, May 24, 2017",12:38 p.m. Local,Oriole Park at Camden Yards,32267,3:00,Day,Away,Minnesota Twins,MIN,Baltimore Orioles,BAL,37,4,10,4,4.0,3,9,40,0.27,0.325,0.351,0.676,123,95,0.057,1.58,0.624,,-0.6,27,8,9.0,3,54,20,21,12,16,7,0,58,0,0,0.443,1.6,32,3,6,3,3.0,3,10,35,0.188,0.257,0.469,0.726,156,78,-0.442,0.79,0.745,,-1.6,27,7,9.0,0,41,8,29,9,13,7,0,34,0,0,-0.057,0.6
MIN/MIN201705260,"Friday, May 26, 2017",7:10 p.m. Local,Target Field,20949,3:04,Night,Away,Tampa Bay Rays,TBR,Minnesota Twins,MIN,34,5,7,5,5.0,2,8,36,0.206,0.25,0.471,0.721,126,103,0.114,0.81,0.494,,0.2,27,7,9.0,0,63,17,23,8,18,9,0,71,2,0,0.385,2.8,33,2,6,2,2.0,1,13,34,0.182,0.206,0.242,0.448,161,85,-0.384,0.55,0.226,,-2.8,27,5,9.0,3,42,19,24,10,10,4,0,52,1,1,-0.115,-0.2
MIN/MIN201705270,"Saturday, May 27, 2017",1:11 p.m. Local,Target Field,27531,3:35,Day,Home,Minnesota Twins,MIN,Tampa Bay Rays,TBR,33,3,8,3,3.0,3,9,37,0.242,0.297,0.394,0.691,172,91,-0.363,1.46,0.526,,-1.8,24,7,8.0,2,55,17,19,12,13,5,0,47,4,1,-0.138,-0.8,32,5,10,5,5.62,6,5,40,0.312,0.41,0.563,0.973,150,104,0.138,1.21,1.152,,0.8,27,10,9.0,1,67,15,22,11,18,8,0,51,0,0,0.361,1.8
MIN/MIN201705280,"Sunday, May 28, 2017",1:12 p.m. Local,Target Field,28951,6:26,Day,Away,Tampa Bay Rays,TBR,Minnesota Twins,MIN,62,8,18,7,4.2,9,17,71,0.29,0.38,0.435,0.816,264,182,0.276,2.3,2.198,,0.1,45,18,15.0,1,110,34,38,23,22,13,0,54,2,2,0.224,1.9,53,6,13,6,3.0,11,16,68,0.245,0.369,0.34,0.709,289,169,-0.224,1.79,2.148,,-1.9,45,16,15.0,2,97,25,47,20,21,11,0,48,5,0,-0.275,-0.1
MIN/MIN201705290,"Monday, May 29, 2017",1:10 p.m. Local,Target Field,24472,3:44,Day,Away,Houston Astros,HOU,Minnesota Twins,MIN,44,16,18,15,15.0,5,6,50,0.409,0.48,0.705,1.185,155,112,0.923,0.66,1.413,,11.2,27,4,9.0,2,73,10,29,14,24,14,0,47,1,1,-0.42,-3.2,37,8,11,7,8.0,3,12,40,0.297,0.35,0.568,0.918,193,100,0.422,0.82,0.867,,3.2,27,9,9.0,3,56,17,27,5,20,10,0,65,3,3,-0.921,-11.2
MIN/MIN201705300,"Tuesday, May 30, 2017",7:10 p.m. Local,Target Field,22616,3:01,Night,Away,Houston Astros,HOU,Minnesota Twins,MIN,33,7,10,5,6.0,6,8,41,0.303,0.415,0.424,0.839,131,100,0.235,1.02,0.827,,2.2,27,10,9.0,0,65,11,24,15,11,7,0,59,0,0,0.266,2.8,34,2,7,2,2.0,3,8,37,0.206,0.27,0.235,0.506,164,86,-0.264,0.95,0.367,,-2.8,27,11,9.0,1,43,18,25,15,11,6,0,42,0,0,-0.235,-2.2
MIN/MIN201705310,"Wednesday, May 31, 2017",12:11 p.m. Local,Target Field,25593,3:35,Day,Away,Houston Astros,HOU,Minnesota Twins,MIN,44,17,19,16,16.0,7,3,52,0.432,0.5,0.886,1.386,187,102,0.596,0.74,0.867,,12.3,27,10,9.0,3,69,5,28,15,27,9,0,51,1,1,-0.097,-1.2,38,6,12,5,6.0,3,14,41,0.316,0.366,0.605,0.971,181,117,0.098,0.41,0.651,,1.3,27,8,9.0,6,65,20,32,10,14,7,0,33,3,2,-0.598,-12.2
ANA/ANA201706010,"Thursday, June 1, 2017",7:08 p.m. Local,Angel Stadium of Anaheim,33426,3:19,Night,Away,Minnesota Twins,MIN,Los Angeles Angels,LAA,35,4,8,4,2.0,5,7,40,0.229,0.325,0.343,0.668,129,90,0.344,1.46,1.307,,-0.6,27,11,9.0,2,48,15,27,13,15,6,0,61,1,0,0.157,2.6,34,2,9,2,2.0,2,8,36,0.265,0.306,0.471,0.776,143,81,-0.154,1.57,0.914,,-2.6,27,10,9.0,1,45,12,24,13,12,6,1,60,3,1,-0.344,0.6
ANA/ANA201706020,"Friday, June 2, 2017",7:09 p.m. Local,Angel Stadium of Anaheim,39042,3:19,Night,Away,Minnesota Twins,MIN,Los Angeles Angels,LAA,42,11,15,10,11.0,1,8,44,0.357,0.386,0.619,1.005,147,100,0.336,0.4,0.48,,6.4,27,9,9.0,1,52,17,31,14,20,13,0,53,2,0,0.164,-0.4,34,5,9,4,5.0,2,8,36,0.265,0.306,0.441,0.747,156,94,-0.167,0.24,0.145,,0.4,27,11,9.0,3,50,15,29,15,11,5,0,22,4,0,-0.336,-6.4
ANA/ANA201706030,"Saturday, June 3, 2017",7:08 p.m. Local,Angel Stadium of Anaheim,40236,3:18,Night,Home,Los Angeles Angels,LAA,Minnesota Twins,MIN,32,2,6,2,2.0,5,10,37,0.188,0.297,0.313,0.61,136,99,-0.152,0.57,0.3,,-2.6,24,9,8.0,3,48,20,31,9,13,7,0,19,0,0,-0.35,-2.9,34,7,12,7,7.88,4,2,39,0.353,0.436,0.618,1.054,158,80,0.348,0.62,0.66,,2.9,27,6,9.0,1,57,8,15,14,18,6,0,57,3,0,0.151,2.6
ANA/ANA201706040,"Sunday, June 4, 2017",12:38 p.m. Local,Angel Stadium of Anaheim,39701,3:13,Day,Away,Minnesota Twins,MIN,Los Angeles Angels,LAA,34,3,8,3,3.0,0,14,35,0.235,0.257,0.412,0.669,137,89,-0.051,1.6,0.648,,-1.6,27,14,9.0,0,49,20,21,10,10,5,0,54,1,0,0.551,2.6,30,2,7,1,2.0,3,4,34,0.233,0.324,0.267,0.59,142,87,-0.551,1.02,0.665,,-2.6,27,8,9.0,2,49,14,26,14,12,5,0,50,1,0,0.052,1.6
SEA/SEA201706060,"Tuesday, June 6, 2017",7:10 p.m. Local,Safeco Field,18166,3:26,Night,Home,Seattle Mariners,SEA,Minnesota Twins,MIN,37,3,11,3,3.0,4,7,41,0.297,0.366,0.459,0.825,186,113,-0.08,0.31,0.184,,-1.5,24,4,8.0,2,63,12,38,10,20,11,0,32,5,2,-0.421,-8.0,35,12,12,12,13.5,5,10,42,0.343,0.429,0.571,1.0,175,109,0.422,0.34,0.509,,8.0,27,8,9.0,1,58,19,32,8,18,9,0,46,0,0,0.079,1.5
SEA/SEA201706070,"Wednesday, June 7, 2017",7:10 p.m. Local,Safeco Field,15732,2:43,Night,Home,Seattle Mariners,SEA,Minnesota Twins,MIN,32,5,7,5,5.0,2,7,35,0.219,0.265,0.344,0.608,143,80,0.175,1.34,0.742,,0.5,26,8,8.2,4,49,8,23,12,14,8,0,53,0,0,-0.676,-1.6,30,6,5,6,6.23,3,7,35,0.167,0.257,0.567,0.824,118,88,0.677,0.94,1.487,,1.6,27,12,9.0,1,40,12,36,10,14,6,0,49,0,0,-0.175,-0.5
SEA/SEA201706080,"Thursday, June 8, 2017",7:10 p.m. Local,Safeco Field,15621,2:51,Night,Away,Minnesota Twins,MIN,Seattle Mariners,SEA,34,2,7,1,1.0,3,9,37,0.206,0.27,0.324,0.594,128,94,-0.205,1.86,0.596,,-2.5,27,11,9.0,0,54,16,24,9,16,8,0,59,1,0,0.704,3.5,31,1,7,1,1.0,3,7,36,0.226,0.286,0.29,0.576,143,79,-0.705,1.04,0.59,,-3.5,27,10,9.0,1,39,11,29,14,12,5,0,57,0,0,0.205,2.5
SFN/SFN201706090,"Friday, June 9, 2017",7:15 p.m. Local,AT&T Park,41046,2:27,Night,Away,Minnesota Twins,MIN,San Francisco Giants,SFG,33,4,8,4,4.0,4,5,37,0.242,0.324,0.303,0.627,91,77,0.143,0.71,0.622,,-0.6,27,12,9.0,0,49,4,24,12,16,5,0,83,,,0.358,4.6,30,0,4,0,0.0,1,5,31,0.133,0.161,0.2,0.361,130,66,-0.359,0.87,0.198,,-4.6,27,11,9.0,0,36,7,23,17,8,1,0,42,0,0,-0.142,0.6
SFN/SFN201706100,"Saturday, June 10, 2017",1:06 p.m. Local,AT&T Park,41255,2:43,Day,Away,Minnesota Twins,MIN,San Francisco Giants,SFG,33,3,5,3,3.0,2,9,35,0.152,0.2,0.333,0.533,137,84,-0.083,1.42,0.515,,-1.6,27,8,9.0,1,44,11,29,6,18,6,0,53,1,0,0.581,2.6,32,2,6,2,2.0,3,10,36,0.188,0.278,0.344,0.622,131,84,-0.583,0.82,0.483,,-2.6,27,2,9.0,2,44,16,24,11,11,4,0,57,0,0,0.083,1.6
SFN/SFN201706110,"Sunday, June 11, 2017",1:05 p.m. Local,AT&T Park,41321,3:43,Day,Home,San Francisco Giants,SFG,Minnesota Twins,MIN,38,8,11,7,7.0,7,7,45,0.289,0.4,0.474,0.874,158,105,0.183,1.09,0.93,,3.4,24,8,8.0,0,62,13,30,19,12,10,0,34,2,1,-0.684,-8.9,39,13,17,13,14.62,4,6,45,0.436,0.467,0.692,1.159,178,101,0.685,0.97,1.404,,8.9,27,16,9.0,2,63,12,26,13,22,16,0,27,4,3,-0.183,-3.4
MIN/MIN201706120,"Monday, June 12, 2017",7:10 p.m. Local,Target Field,16996,3:22,Night,Away,Seattle Mariners,SEA,Minnesota Twins,MIN,45,14,19,14,13.0,4,8,51,0.422,0.451,0.6,1.051,141,121,0.527,0.43,0.727,,9.2,27,11,9.0,0,72,19,30,15,24,13,0,50,0,0,-0.028,1.8,34,3,7,3,3.0,1,7,35,0.206,0.229,0.353,0.582,182,89,0.028,0.46,0.321,,-1.8,27,5,9.0,2,49,12,28,12,15,7,0,11,4,3,-0.527,-9.2
MIN/MIN201706130,"Tuesday, June 13, 2017",7:10 p.m. Local,Target Field,17922,3:04,Night,Home,Minnesota Twins,MIN,Seattle Mariners,SEA,41,7,14,7,7.0,0,6,41,0.341,0.341,0.561,0.902,166,87,0.125,0.39,0.447,,2.2,24,11,8.0,5,50,9,28,19,16,10,0,5,4,3,-0.625,-15.8,49,20,28,19,21.38,2,4,51,0.571,0.588,0.918,1.507,130,100,0.624,0.51,0.763,,15.8,27,15,9.0,1,74,4,22,14,31,18,0,28,1,0,-0.125,-2.2
MIN/MIN201706140,"Wednesday, June 14, 2017",7:10 p.m. Local,Target Field,22283,3:06,Night,Away,Seattle Mariners,SEA,Minnesota Twins,MIN,40,6,12,6,5.0,1,9,44,0.3,0.364,0.475,0.839,126,110,0.206,1.27,0.641,,1.2,27,8,9.0,3,59,22,29,15,16,6,0,47,3,0,0.293,0.8,34,4,8,4,4.0,3,9,37,0.235,0.297,0.529,0.827,160,84,-0.292,0.66,0.658,,-0.8,27,8,9.0,2,49,17,18,13,12,1,0,33,0,0,-0.208,-1.2
MIN/MIN201706150,"Thursday, June 15, 2017",12:10 p.m. Local,Target Field,24464,2:45,Day,Home,Minnesota Twins,MIN,Seattle Mariners,SEA,32,2,6,2,2.0,1,6,33,0.188,0.212,0.219,0.431,143,75,-0.188,0.38,0.168,,-2.8,24,7,8.0,3,48,7,20,11,15,4,0,19,0,0,-0.311,-1.8,33,6,11,6,6.75,3,4,37,0.333,0.405,0.697,1.102,121,89,0.312,0.48,0.501,,1.8,27,7,9.0,0,56,14,19,8,21,4,0,69,0,0,0.189,2.8
MIN/MIN201706160,"Friday, June 16, 2017",7:11 p.m. Local,Target Field,30563,2:50,Night,Away,Cleveland Indians,CLE,Minnesota Twins,MIN,34,8,10,8,8.0,5,8,42,0.294,0.415,0.5,0.915,143,83,0.291,0.48,0.616,,3.2,27,9,9.0,1,53,9,21,14,14,6,0,65,1,0,0.209,3.8,30,1,4,1,1.0,3,8,33,0.133,0.212,0.233,0.445,135,84,-0.209,0.54,0.12,,-3.8,27,13,9.0,1,42,16,26,11,11,4,0,13,1,0,-0.292,-3.2
MIN/MIN201706171,"Saturday, June 17, 2017",1:11 p.m. Local,Target Field,24010,3:20,Day,Away,Cleveland Indians,CLE,Minnesota Twins,MIN,39,9,14,8,8.0,7,5,47,0.359,0.457,0.615,1.072,136,114,0.376,0.55,0.698,,4.2,27,13,9.0,0,67,24,23,16,19,11,0,40,0,0,0.126,1.8,34,3,8,3,2.0,1,9,35,0.235,0.257,0.265,0.522,192,90,-0.125,0.55,0.283,,-1.8,27,12,9.0,2,50,8,32,14,11,9,0,19,1,0,-0.375,-4.2
MIN/MIN201706172,"Saturday, June 17, 2017",7:11 p.m. Local,Target Field,21371,2:58,Night,Away,Cleveland Indians,CLE,Minnesota Twins,MIN,37,6,11,6,6.0,6,6,43,0.297,0.395,0.649,1.044,139,103,0.221,0.88,0.733,,1.2,27,8,9.0,1,65,14,24,16,15,4,0,57,0,0,0.28,2.8,31,2,5,2,2.0,3,6,34,0.161,0.235,0.323,0.558,162,82,-0.278,0.72,0.394,,-2.8,27,13,9.0,4,48,14,20,9,16,5,0,46,1,0,-0.221,-1.2
MIN/MIN201706180,"Sunday, June 18, 2017",1:13 p.m. Local,Target Field,35039,3:01,Day,Away,Cleveland Indians,CLE,Minnesota Twins,MIN,36,5,11,5,5.0,4,8,41,0.306,0.366,0.528,0.894,132,88,0.071,1.11,0.761,,0.2,27,11,9.0,0,49,10,29,14,15,7,0,67,1,0,0.43,2.8,29,2,4,2,2.0,4,9,34,0.138,0.265,0.172,0.437,153,85,-0.431,0.8,0.319,,-2.8,27,7,9.0,2,47,11,27,9,11,2,0,45,3,0,-0.071,-0.2
MIN/MIN201706200,"Tuesday, June 20, 2017",7:10 p.m. Local,Target Field,26095,3:33,Night,Home,Minnesota Twins,MIN,Chicago White Sox,CHW,43,7,16,7,7.0,4,8,48,0.372,0.426,0.721,1.146,164,111,0.095,0.85,1.471,,2.2,24,8,8.0,2,71,13,27,17,19,9,0,16,3,0,-0.595,-4.8,36,9,11,9,9.0,6,10,42,0.306,0.405,0.5,0.905,168,98,0.596,1.68,1.084,,4.8,27,11,9.0,3,52,13,33,15,11,6,0,27,3,0,-0.095,-2.2
MIN/MIN201706210,"Wednesday, June 21, 2017",7:10 p.m. Local,Target Field,33316,3:02,Night,Home,Minnesota Twins,MIN,Chicago White Sox,CHW,31,2,5,1,2.0,1,9,32,0.161,0.188,0.194,0.381,148,74,-0.352,0.96,0.404,,-2.8,24,9,8.0,1,37,16,21,13,9,4,0,36,3,0,-0.148,0.2,34,4,10,4,2.25,6,5,40,0.294,0.4,0.441,0.841,107,85,0.147,1.1,0.788,,-0.2,27,11,9.0,0,51,11,23,12,17,9,0,73,0,0,0.352,2.8
MIN/MIN201706220,"Thursday, June 22, 2017",5:00 p.m. Local,Target Field,27684,3:21,Night,Away,Chicago White Sox,CHW,Minnesota Twins,MIN,44,9,18,9,9.0,2,7,47,0.409,0.435,0.705,1.139,148,121,0.389,0.24,0.497,,4.2,27,10,9.0,0,74,20,27,17,21,14,0,73,2,0,0.111,4.8,33,0,7,0,0.0,0,11,33,0.212,0.212,0.212,0.424,180,94,-0.113,0.26,0.063,,-4.8,27,11,9.0,3,53,14,27,13,9,4,0,20,6,1,-0.39,-4.2
CLE/CLE201706230,"Friday, June 23, 2017",7:10 p.m. Local,Progressive Field,31725,3:11,Night,Away,Minnesota Twins,MIN,Cleveland Indians,CLE,35,5,9,5,4.0,1,7,36,0.257,0.278,0.429,0.706,154,103,0.18,0.85,0.419,,-0.0,27,11,9.0,0,60,16,27,14,14,8,0,62,0,0,0.32,5.0,33,0,4,0,0.0,5,8,38,0.121,0.237,0.152,0.388,156,98,-0.32,0.4,0.283,,-5.0,27,8,9.0,1,54,16,28,16,9,5,0,43,1,0,-0.18,0.0
CLE/CLE201706240,"Saturday, June 24, 2017",4:10 p.m. Local,Progressive Field,33111,3:13,Day,Away,Minnesota Twins,MIN,Cleveland Indians,CLE,32,4,5,3,2.0,3,13,36,0.156,0.229,0.406,0.635,165,96,0.074,1.68,0.687,,-1.0,27,12,9.0,1,50,16,30,9,11,4,0,49,3,0,0.426,3.0,33,2,8,1,2.0,5,4,38,0.242,0.342,0.364,0.706,144,95,-0.425,0.92,0.747,,-3.0,27,7,9.0,2,61,11,23,12,17,9,0,78,0,0,-0.074,1.0
CLE/CLE201706250,"Sunday, June 25, 2017",1:11 p.m. Local,Progressive Field,29672,2:55,Day,Away,Minnesota Twins,MIN,Cleveland Indians,CLE,35,4,9,4,4.0,3,8,38,0.257,0.316,0.429,0.744,135,87,0.082,0.96,0.535,,-1.0,27,8,9.0,0,48,16,23,11,16,6,0,61,0,0,0.418,5.0,36,0,9,0,0.0,0,9,37,0.25,0.27,0.278,0.548,134,90,-0.418,0.67,0.33,,-5.0,27,7,9.0,1,57,13,20,13,14,7,0,37,2,0,-0.082,1.0
BOS/BOS201706260,"Monday, June 26, 2017",7:12 p.m. Local,Fenway Park,37172,2:55,Night,Home,Boston Red Sox,BOS,Minnesota Twins,MIN,29,1,4,1,1.0,2,13,31,0.138,0.194,0.241,0.435,130,96,-0.469,0.81,0.336,,-4.0,24,7,8.0,1,45,32,20,4,12,5,0,46,5,2,-0.031,0.4,31,4,9,3,4.5,3,8,35,0.29,0.343,0.387,0.73,141,80,0.029,1.08,0.468,,-0.4,27,6,9.0,1,43,14,23,8,16,9,0,68,2,0,0.47,4.0
BOS/BOS201706270,"Tuesday, June 27, 2017",8:00 p.m. Local,Fenway Park,36804,3:18,Night,Home,Boston Red Sox,BOS,Minnesota Twins,MIN,34,2,8,2,1.0,1,7,35,0.235,0.257,0.353,0.61,182,104,-0.233,0.48,0.217,,-3.0,24,10,8.0,2,54,17,33,13,14,6,0,46,2,0,-0.267,-4.6,32,9,10,7,4.5,7,6,41,0.312,0.439,0.531,0.97,151,108,0.268,0.55,0.59,,4.6,27,10,9.0,1,65,13,30,13,14,5,0,64,0,0,0.233,3.0
BOS/BOS201706280,"Wednesday, June 28, 2017",7:11 p.m. Local,Fenway Park,37487,3:14,Night,Away,Minnesota Twins,MIN,Boston Red Sox,BOS,34,4,7,4,4.0,4,11,38,0.206,0.289,0.353,0.642,152,98,0.049,1.19,0.426,,-1.0,27,7,9.0,0,49,13,36,13,10,5,0,61,3,0,0.452,4.0,34,1,7,1,1.0,3,7,39,0.206,0.308,0.265,0.572,160,90,-0.453,0.57,0.446,,-4.0,27,8,9.0,1,45,9,36,11,16,5,0,48,1,0,-0.048,1.0
BOS/BOS201706290,"Thursday, June 29, 2017",7:10 p.m. Local,Fenway Park,37445,3:24,Night,Home,Boston Red Sox,BOS,Minnesota Twins,MIN,34,3,7,3,3.0,0,9,34,0.206,0.206,0.294,0.5,137,110,-0.188,0.86,0.44,,-2.0,24,11,8.0,2,61,24,25,11,14,4,0,42,2,0,-0.312,-1.6,33,6,10,6,4.5,2,4,35,0.303,0.343,0.606,0.949,162,85,0.313,0.95,0.737,,1.6,27,8,9.0,0,55,7,23,14,15,5,0,60,0,0,0.188,2.0
KCA/KCA201706300,"Friday, June 30, 2017",7:15 p.m. Local,Kauffman Stadium,34332,2:39,Night,Home,Kansas City Royals,KCR,Minnesota Twins,MIN,30,1,3,1,1.0,4,6,34,0.1,0.206,0.1,0.306,135,76,-0.185,0.55,0.224,,-3.8,24,7,8.0,2,38,10,28,11,13,6,0,31,1,1,-0.316,-3.7,33,8,10,8,5.62,2,5,37,0.303,0.324,0.576,0.9,121,91,0.316,0.66,0.596,,3.7,27,10,9.0,0,62,13,16,12,18,8,0,69,0,0,0.184,3.8
KCA/KCA201707011,"Saturday, July 1, 2017",1:15 p.m. Local,Kauffman Stadium,25571,3:39,Day,Home,Kansas City Royals,KCR,Minnesota Twins,MIN,39,6,12,6,6.0,8,12,48,0.308,0.438,0.462,0.899,148,128,0.253,1.05,0.974,,1.2,24,11,8.0,4,72,17,39,11,16,6,0,32,0,0,-0.753,-6.7,40,11,17,11,11.25,2,6,42,0.425,0.452,0.8,1.252,224,102,0.752,1.01,1.384,,6.7,27,7,9.0,1,66,15,21,16,18,5,0,23,5,1,-0.252,-1.2
KCA/KCA201707012,"Saturday, July 1, 2017",7:36 p.m. Local,Kauffman Stadium,32448,3:28,Night,Away,Minnesota Twins,MIN,Kansas City Royals,KCR,41,10,14,8,8.0,4,6,45,0.341,0.4,0.537,0.937,147,110,0.406,0.84,1.02,,5.2,27,12,9.0,2,63,19,28,16,19,9,0,42,2,2,0.093,-0.2,35,5,10,5,5.0,1,5,36,0.286,0.306,0.6,0.906,172,98,-0.092,0.84,0.537,,0.2,27,11,9.0,1,67,11,20,12,18,9,0,27,2,1,-0.407,-5.2
KCA/KCA201707020,"Sunday, July 2, 2017",1:17 p.m. Local,Kauffman Stadium,28775,3:08,Day,Home,Kansas City Royals,KCR,Minnesota Twins,MIN,34,2,8,2,2.0,3,8,37,0.235,0.297,0.235,0.533,140,110,-0.261,0.48,0.411,,-2.8,24,7,8.0,0,67,12,31,12,14,8,0,37,1,1,-0.239,-1.7,35,6,11,6,6.75,3,9,39,0.314,0.385,0.457,0.842,169,94,0.239,0.96,0.563,,1.7,27,11,9.0,0,58,18,18,7,19,11,0,44,2,1,0.26,2.8
MIN/MIN201707030,"Monday, July 3, 2017",7:11 p.m. Local,Target Field,36182,3:00,Night,Home,Minnesota Twins,MIN,Los Angeles Angels,LAA,37,5,12,5,5.0,1,5,38,0.324,0.342,0.514,0.856,140,87,-0.163,0.57,0.436,,0.2,24,7,8.0,2,48,13,26,15,17,7,0,37,0,0,-0.337,-4.8,36,9,13,7,10.12,5,10,42,0.361,0.452,0.611,1.063,136,88,0.337,0.78,0.677,,4.8,27,13,9.0,2,47,18,23,8,18,10,0,51,0,0,0.163,-0.2
MIN/MIN201707040,"Tuesday, July 4, 2017",1:10 p.m. Local,Target Field,25013,3:20,Day,Home,Minnesota Twins,MIN,Los Angeles Angels,LAA,33,4,9,3,3.0,3,6,36,0.273,0.333,0.485,0.818,147,96,-0.279,0.91,0.656,,-0.8,24,10,8.0,1,58,14,24,16,11,5,0,39,1,1,-0.22,-0.8,31,5,11,5,5.62,3,4,38,0.355,0.405,0.516,0.922,145,91,0.219,1.15,0.698,,0.8,27,14,9.0,2,51,14,26,16,14,6,0,58,1,0,0.281,0.8
MIN/MIN201707050,"Wednesday, July 5, 2017",7:10 p.m. Local,Target Field,19106,2:54,Night,Away,Los Angeles Angels,LAA,Minnesota Twins,MIN,31,2,7,1,2.0,2,5,34,0.226,0.273,0.355,0.628,151,80,-0.208,1.64,0.486,,-2.8,27,9,9.0,0,51,14,15,17,10,5,0,66,0,0,0.708,3.8,34,1,7,1,1.0,3,8,37,0.206,0.27,0.265,0.535,117,97,-0.707,0.98,0.512,,-3.8,27,15,9.0,1,54,13,30,13,13,5,0,68,,,0.208,2.8
MIN/MIN201707060,"Thursday, July 6, 2017",7:11 p.m. Local,Target Field,19706,3:03,Night,Home,Minnesota Twins,MIN,Baltimore Orioles,BAL,38,4,11,4,3.0,1,6,41,0.289,0.317,0.421,0.738,132,101,-0.179,0.85,0.62,,-0.8,24,7,8.0,0,63,10,28,16,17,9,0,35,1,0,-0.321,-1.8,33,6,8,6,6.75,2,8,36,0.242,0.306,0.303,0.609,165,92,0.32,1.18,0.695,,1.8,27,13,9.0,1,50,16,26,11,14,7,0,48,0,0,0.18,0.8
MIN/MIN201707070,"Friday, July 7, 2017",7:10 p.m. Local,Target Field,28668,3:13,Night,Home,Minnesota Twins,MIN,Baltimore Orioles,BAL,36,6,12,6,6.0,1,7,38,0.333,0.351,0.611,0.962,158,93,-0.047,0.97,0.697,,1.2,24,7,8.0,0,55,15,23,15,15,9,0,29,2,2,-0.453,-4.8,36,9,14,9,9.0,0,10,38,0.389,0.405,0.528,0.933,140,107,0.454,1.0,1.009,,4.8,27,15,9.0,3,58,25,24,11,16,10,0,21,2,0,0.046,-1.2
MIN/MIN201707080,"Saturday, July 8, 2017",1:10 p.m. Local,Target Field,26323,3:04,Day,Away,Baltimore Orioles,BAL,Minnesota Twins,MIN,34,5,7,5,5.0,4,8,38,0.206,0.289,0.441,0.731,166,81,0.157,0.98,0.617,,0.2,27,11,9.0,1,42,17,22,13,13,6,0,50,2,0,0.346,3.8,35,1,9,1,1.0,3,11,39,0.257,0.333,0.343,0.676,134,96,-0.345,0.71,0.401,,-3.8,27,9,9.0,2,56,16,24,17,7,4,0,51,1,0,-0.156,-0.2
MIN/MIN201707090,"Sunday, July 9, 2017",1:12 p.m. Local,Target Field,25848,3:11,Day,Away,Baltimore Orioles,BAL,Minnesota Twins,MIN,40,11,15,11,11.0,2,5,44,0.375,0.395,0.575,0.97,154,107,0.506,0.72,0.826,,6.2,27,15,9.0,0,70,15,22,19,18,10,0,42,1,0,-0.004,-0.2,33,5,5,5,4.0,4,5,38,0.152,0.263,0.273,0.536,165,96,0.005,0.6,0.457,,0.2,27,12,9.0,2,53,12,31,15,13,7,0,15,1,1,-0.505,-6.2
HOU/HOU201707140,"Friday, July 14, 2017",7:11 p.m. Local,Minute Maid Park,38006,3:42,Night,Home,Houston Astros,HOU,Minnesota Twins,MIN,32,5,5,5,4.0,9,13,43,0.156,0.349,0.344,0.693,179,113,-0.036,0.47,0.318,,0.5,24,11,8.0,2,58,25,30,9,11,3,0,27,2,2,-0.466,-6.0,37,10,14,10,4.5,5,5,44,0.378,0.455,0.622,1.076,183,113,0.467,0.47,0.637,,6.0,27,7,9.0,1,73,13,27,17,16,6,0,48,3,0,0.035,-0.5
HOU/HOU201707150,"Saturday, July 15, 2017",6:11 p.m. Local,Minute Maid Park,41038,3:21,Night,Away,Minnesota Twins,MIN,Houston Astros,HOU,37,4,11,3,4.0,4,11,41,0.297,0.366,0.432,0.798,157,90,0.137,1.46,0.934,,-0.5,27,9,9.0,1,43,23,24,17,9,8,0,52,3,0,0.364,2.5,33,2,7,2,2.0,6,4,40,0.212,0.35,0.333,0.683,145,93,-0.366,1.22,0.683,,-2.5,27,14,9.0,1,52,12,29,11,18,8,0,38,5,2,-0.135,0.5
HOU/HOU201707160,"Sunday, July 16, 2017",1:11 p.m. Local,Minute Maid Park,38253,2:47,Day,Home,Houston Astros,HOU,Minnesota Twins,MIN,30,3,5,3,3.0,1,12,32,0.167,0.188,0.367,0.554,136,83,-0.29,0.94,0.371,,-1.5,24,13,8.0,0,41,19,24,7,12,3,0,46,2,2,-0.211,-1.0,30,5,7,3,5.62,4,9,34,0.233,0.324,0.333,0.657,121,82,0.209,0.94,0.736,,1.0,27,6,9.0,2,39,14,29,13,7,6,1,72,0,0,0.29,1.5
MIN/MIN201707170,"Monday, July 17, 2017",7:11 p.m. Local,Target Field,27566,3:02,Night,Home,Minnesota Twins,MIN,New York Yankees,NYY,33,2,8,2,2.0,2,8,36,0.242,0.306,0.424,0.73,150,81,-0.344,1.17,0.79,,-2.8,24,11,8.0,0,52,15,14,12,13,7,0,49,0,0,-0.155,0.2,34,4,10,3,3.38,3,7,37,0.294,0.351,0.382,0.734,120,93,0.155,1.51,0.943,,-0.2,27,11,9.0,0,50,14,29,17,10,6,0,58,2,0,0.345,2.8
MIN/MIN201707180,"Tuesday, July 18, 2017",7:11 p.m. Local,Target Field,33114,3:28,Night,Away,New York Yankees,NYY,Minnesota Twins,MIN,39,6,13,6,6.0,1,6,40,0.333,0.35,0.487,0.837,161,99,0.358,1.36,0.918,,1.2,27,9,9.0,1,60,14,25,21,12,7,0,39,1,0,0.141,1.8,34,3,7,3,3.0,6,8,42,0.206,0.357,0.471,0.828,145,91,-0.141,0.93,0.876,,-1.8,27,14,9.0,1,46,13,32,11,15,9,0,33,5,1,-0.359,-1.2
MIN/MIN201707190,"Wednesday, July 19, 2017",12:10 p.m. Local,Target Field,33380,2:58,Day,Home,Minnesota Twins,MIN,New York Yankees,NYY,32,1,7,1,1.0,2,8,37,0.219,0.324,0.219,0.543,136,92,-0.194,0.45,0.205,,-3.8,24,6,8.0,1,51,9,33,9,15,11,0,36,0,0,-0.308,-1.8,31,6,7,6,6.75,2,7,33,0.226,0.273,0.387,0.66,151,90,0.308,0.56,0.551,,1.8,27,9,9.0,0,50,14,26,8,16,5,0,61,2,0,0.192,3.8
MIN/MIN201707210,"Friday, July 21, 2017",7:10 p.m. Local,Target Field,22369,3:34,Night,Away,Detroit Tigers,DET,Minnesota Twins,MIN,35,6,11,5,6.0,3,6,40,0.314,0.375,0.6,0.975,143,104,0.127,1.17,0.572,,1.2,27,8,9.0,0,64,13,27,14,16,9,0,47,1,0,0.374,1.8,33,3,7,3,3.0,4,9,37,0.212,0.297,0.242,0.54,166,86,-0.374,0.61,0.466,,-1.8,27,15,9.0,2,43,19,24,11,13,5,0,27,1,0,-0.126,-1.2
MIN/MIN201707220,"Saturday, July 22, 2017",6:39 p.m. Local,Target Field,33700,3:20,Night,Home,Minnesota Twins,MIN,Detroit Tigers,DET,34,5,8,4,4.0,4,5,38,0.235,0.316,0.382,0.698,148,95,-0.313,0.64,0.409,,0.2,24,10,8.0,0,53,11,31,19,10,6,0,20,4,0,-0.188,-1.8,35,6,14,5,6.75,4,3,41,0.4,0.439,0.457,0.896,143,91,0.189,0.95,0.504,,1.8,27,15,9.0,1,59,6,26,15,19,10,0,58,4,3,0.311,-0.2
MIN/MIN201707230,"Sunday, July 23, 2017",1:13 p.m. Local,Target Field,28373,4:19,Day,Away,Detroit Tigers,DET,Minnesota Twins,MIN,42,9,16,8,8.0,5,11,47,0.381,0.447,0.571,1.018,185,115,0.453,1.61,1.264,,4.2,27,7,9.0,2,72,18,25,11,20,14,0,57,2,1,0.047,-1.2,35,6,9,6,6.0,5,15,40,0.257,0.35,0.486,0.836,192,118,-0.049,1.03,1.132,,1.2,27,10,9.0,1,56,27,35,10,10,4,0,50,7,4,-0.454,-4.2
LAN/LAN201707240,"Monday, July 24, 2017",7:10 p.m. Local,Dodger Stadium,47754,2:57,Night,Home,Los Angeles Dodgers,LAD,Minnesota Twins,MIN,33,4,9,4,4.0,5,7,40,0.273,0.385,0.485,0.869,114,92,0.11,1.34,0.992,,-0.5,24,5,8.0,3,43,16,33,9,18,8,0,41,0,0,-0.61,-2.0,32,6,11,6,6.75,0,9,33,0.344,0.344,0.688,1.031,147,80,0.608,1.25,1.331,,2.0,27,10,9.0,1,46,16,18,8,16,7,0,51,2,0,-0.111,0.5
LAN/LAN201707250,"Tuesday, July 25, 2017",7:10 p.m. Local,Dodger Stadium,44403,3:35,Night,Home,Los Angeles Dodgers,LAD,Minnesota Twins,MIN,33,2,5,2,1.0,3,8,36,0.152,0.222,0.152,0.374,138,94,-0.187,0.96,0.457,,-2.5,24,8,8.0,0,57,4,33,11,15,10,0,34,1,1,-0.314,-2.0,31,6,11,6,6.75,1,7,35,0.355,0.394,0.452,0.846,139,92,0.315,0.99,0.748,,2.0,27,6,9.0,0,57,14,21,11,15,7,0,53,0,0,0.186,2.5
LAN/LAN201707260,"Wednesday, July 26, 2017",7:10 p.m. Local,Dodger Stadium,50941,3:28,Night,Home,Los Angeles Dodgers,LAD,Minnesota Twins,MIN,35,5,7,5,0.0,1,8,36,0.2,0.222,0.286,0.508,156,94,0.015,1.59,0.704,,0.5,26,6,8.2,2,52,16,26,12,15,9,0,51,4,1,-0.516,-2.0,36,6,11,6,6.23,2,8,39,0.306,0.333,0.5,0.833,135,97,0.517,1.01,1.352,,2.0,27,6,9.0,0,58,14,25,13,16,4,0,42,2,2,-0.017,-0.5
OAK/OAK201707280,"Friday, July 28, 2017",7:07 p.m. Local,Oakland-Alameda County Coliseum,17727,3:19,Night,Away,Minnesota Twins,MIN,Oakland Athletics,OAK,36,6,11,4,5.0,7,10,43,0.306,0.419,0.389,0.807,142,100,0.223,1.14,0.731,,1.5,27,7,9.0,0,54,15,31,15,11,8,0,50,1,0,0.277,1.5,33,3,8,3,3.0,4,10,37,0.242,0.324,0.364,0.688,178,88,-0.275,0.78,0.663,,-1.5,27,11,9.0,0,45,14,29,9,14,8,0,26,2,0,-0.222,-1.5
OAK/OAK201707290,"Saturday, July 29, 2017",6:08 p.m. Local,Oakland-Alameda County Coliseum,27047,3:22,Night,Home,Oakland Athletics,OAK,Minnesota Twins,MIN,36,4,10,4,4.0,5,10,41,0.278,0.366,0.417,0.783,148,102,0.053,1.49,0.727,,-0.5,24,9,8.0,2,56,21,25,12,14,7,0,43,0,0,-0.552,-1.0,33,5,11,5,5.62,4,4,37,0.333,0.405,0.606,1.011,174,95,0.553,0.96,1.528,,1.0,27,9,9.0,1,66,11,18,11,18,8,0,38,0,0,-0.052,0.5
OAK/OAK201707300,"Sunday, July 30, 2017",1:07 p.m. Local,Oakland-Alameda County Coliseum,16790,4:06,Day,Home,Oakland Athletics,OAK,Minnesota Twins,MIN,42,5,8,5,3.75,8,15,51,0.19,0.314,0.381,0.695,183,128,-0.396,1.69,0.742,,-1.0,34,10,11.1,2,70,22,36,7,21,7,0,45,4,2,-0.102,-0.3,47,6,14,6,4.76,2,10,50,0.298,0.32,0.532,0.852,204,127,0.103,1.09,1.69,,0.2,36,4,12.0,2,78,21,28,13,25,10,0,31,3,0,0.399,1.0
SDN/SDN201708010,"Tuesday, August 1, 2017",7:10 p.m. Local,Petco Park,24491,2:23,Night,Home,San Diego Padres,SDP,Minnesota Twins,MIN,30,0,3,0,0.0,2,6,32,0.1,0.156,0.1,0.256,95,91,-0.599,0.88,0.297,,-4.4,24,6,8.0,1,55,10,26,13,11,6,0,71,0,0,0.099,0.9,25,3,4,3,3.38,2,5,28,0.16,0.214,0.32,0.534,139,60,-0.098,1.2,0.365,,-0.9,27,12,9.0,0,35,9,16,5,16,6,0,72,0,0,0.598,4.4
SDN/SDN201708020,"Wednesday, August 2, 2017",12:40 p.m. Local,Petco Park,23806,2:24,Day,Away,Minnesota Twins,MIN,San Diego Padres,SDP,30,5,7,5,5.0,2,6,34,0.233,0.281,0.4,0.681,110,79,0.218,0.76,0.614,,0.6,27,7,9.0,1,45,18,18,9,17,9,0,79,,,0.281,2.4,31,2,4,2,2.0,1,9,32,0.129,0.156,0.226,0.382,123,82,-0.28,0.74,0.243,,-2.4,27,12,9.0,1,40,26,16,5,17,5,0,40,0,0,-0.218,-0.6
MIN/MIN201708030,"Thursday, August 3, 2017",7:11 p.m. Local,Target Field,22903,3:04,Night,Away,Texas Rangers,TEX,Minnesota Twins,MIN,35,4,9,4,4.0,4,11,40,0.257,0.35,0.371,0.721,127,110,0.131,0.92,0.675,,-0.8,27,5,9.0,0,59,25,26,10,14,6,0,67,0,0,0.37,3.8,29,1,3,1,1.0,2,8,31,0.103,0.161,0.138,0.299,171,78,-0.371,0.77,0.269,,-3.8,27,8,9.0,1,46,8,24,5,16,5,0,35,4,0,-0.13,0.8
MIN/MIN201708040,"Friday, August 4, 2017",7:11 p.m. Local,Target Field,22272,3:03,Night,Home,Minnesota Twins,MIN,Texas Rangers,TEX,35,4,9,4,4.0,1,5,36,0.257,0.278,0.457,0.735,162,78,-0.07,0.56,0.436,,-0.8,24,10,8.0,3,53,8,17,11,19,6,0,18,1,0,-0.431,-3.8,33,8,12,8,9.0,3,5,39,0.364,0.436,0.697,1.133,106,100,0.432,0.72,0.774,,3.8,27,8,9.0,1,65,9,26,12,17,8,0,57,,,0.069,0.8
MIN/MIN201708050,"Saturday, August 5, 2017",6:55 p.m. Local,Target Field,27415,2:41,Night,Away,Texas Rangers,TEX,Minnesota Twins,MIN,33,4,8,4,4.0,2,10,37,0.242,0.297,0.333,0.631,96,93,0.027,0.96,0.416,,-0.8,27,12,9.0,0,47,20,26,15,9,5,0,81,,,0.473,3.8,29,1,4,1,0.0,1,5,30,0.138,0.167,0.172,0.339,152,63,-0.475,0.61,0.175,,-3.8,27,10,9.0,1,35,13,16,14,10,4,0,44,2,0,-0.028,0.8
MIN/MIN201708060,"Sunday, August 6, 2017",1:12 p.m. Local,Target Field,29056,2:53,Day,Home,Minnesota Twins,MIN,Texas Rangers,TEX,34,5,7,5,5.0,1,8,37,0.206,0.27,0.441,0.711,130,90,-0.312,0.87,0.667,,0.2,24,9,8.0,3,42,17,31,10,16,6,0,35,0,0,-0.188,-1.8,30,6,7,6,6.75,3,9,33,0.233,0.303,0.533,0.836,141,79,0.189,1.3,0.689,,1.8,27,6,9.0,2,45,10,24,10,11,4,0,40,0,0,0.311,-0.2
MIN/MIN201708070,"Monday, August 7, 2017",7:10 p.m. Local,Target Field,31339,3:13,Night,Home,Minnesota Twins,MIN,Milwaukee Brewers,MIL,34,4,8,3,2.0,2,9,37,0.235,0.297,0.412,0.709,163,84,-0.251,1.65,0.703,,-0.8,24,7,8.0,0,46,18,20,11,14,11,0,40,6,0,-0.251,-0.8,31,5,8,4,5.62,7,3,40,0.258,0.41,0.323,0.733,130,98,0.249,1.17,1.279,,0.8,27,11,9.0,1,64,10,24,10,19,8,0,53,1,0,0.251,0.8
MIN/MIN201708080,"Tuesday, August 8, 2017",7:11 p.m. Local,Target Field,34185,3:30,Night,Home,Minnesota Twins,MIN,Milwaukee Brewers,MIL,39,4,13,3,3.0,1,11,40,0.333,0.35,0.462,0.812,161,105,0.199,0.69,0.703,,-0.8,24,14,8.0,5,61,18,26,8,20,8,0,13,1,0,-0.698,-6.8,35,11,14,11,12.38,5,5,40,0.4,0.475,0.886,1.361,149,99,0.7,0.8,0.983,,6.8,27,6,9.0,0,60,13,26,15,15,6,0,35,2,2,-0.198,0.8
MIL/MIL201708090,"Wednesday, August 9, 2017",7:11 p.m. Local,Miller Park,30174,3:13,Night,Away,Minnesota Twins,MIN,Milwaukee Brewers,MIL,33,4,6,3,2.0,6,6,40,0.182,0.325,0.364,0.689,133,98,0.045,0.85,0.487,,-0.7,27,7,9.0,0,55,19,24,15,12,1,0,71,0,0,0.454,4.7,31,0,5,0,0.0,1,10,33,0.161,0.188,0.161,0.349,165,93,-0.454,0.65,0.144,,-4.7,27,10,9.0,1,52,11,30,10,12,5,0,54,5,0,-0.047,0.7
MIL/MIL201708100,"Thursday, August 10, 2017",7:10 p.m. Local,Miller Park,33904,3:09,Night,Away,Minnesota Twins,MIN,Milwaukee Brewers,MIL,36,7,12,6,6.0,3,7,41,0.333,0.366,0.361,0.727,144,95,0.345,0.61,0.607,,2.3,27,11,9.0,1,54,19,22,15,16,10,0,40,3,0,0.154,2.7,33,2,7,2,1.0,2,6,35,0.212,0.257,0.333,0.59,149,97,-0.156,0.55,0.302,,-2.7,27,9,9.0,0,57,11,29,16,11,5,0,22,2,1,-0.346,-2.3
DET/DET201708110,"Friday, August 11, 2017",7:10 p.m. Local,Comerica Park,29733,3:21,Night,Away,Minnesota Twins,MIN,Detroit Tigers,DET,40,9,16,9,9.0,1,8,41,0.4,0.415,0.6,1.015,159,98,0.351,0.95,0.794,,4.2,27,8,9.0,1,54,17,27,16,16,10,0,46,2,0,0.148,0.8,35,4,9,4,4.0,3,8,38,0.257,0.316,0.371,0.687,151,101,-0.146,0.64,0.536,,-0.8,27,10,9.0,2,60,16,25,13,14,7,0,42,3,1,-0.353,-4.2
DET/DET201708120,"Saturday, August 12, 2017",6:10 p.m. Local,Comerica Park,33006,3:36,Night,Home,Detroit Tigers,DET,Minnesota Twins,MIN,45,11,19,11,11.0,2,5,49,0.422,0.449,0.689,1.138,146,124,0.629,1.22,1.116,,6.2,24,9,8.0,3,76,9,39,14,27,12,0,22,4,2,-1.128,-7.7,35,12,13,12,13.5,2,3,39,0.371,0.41,0.743,1.153,182,98,1.128,0.82,1.745,,7.7,27,6,9.0,3,57,12,29,12,21,9,0,16,3,0,-0.628,-6.2
DET/DET201708130,"Sunday, August 13, 2017",1:10 p.m. Local,Comerica Park,30582,3:38,Day,Away,Minnesota Twins,MIN,Detroit Tigers,DET,30,6,7,6,6.0,5,7,40,0.233,0.351,0.433,0.785,171,97,0.313,1.48,0.759,,1.2,27,7,9.0,0,58,17,22,13,14,6,0,45,1,0,0.186,0.8,38,4,10,2,2.0,3,11,43,0.263,0.326,0.316,0.641,163,111,-0.187,1.01,0.952,,-0.8,27,10,9.0,2,57,18,36,11,17,9,0,43,4,2,-0.313,-1.2
MIN/MIN201708150,"Tuesday, August 15, 2017",7:10 p.m. Local,Target Field,29626,2:53,Night,Away,Cleveland Indians,CLE,Minnesota Twins,MIN,37,8,11,8,8.0,6,7,43,0.297,0.395,0.757,1.152,127,99,0.217,0.66,0.958,,3.2,27,8,9.0,0,55,15,29,7,23,4,0,77,0,0,0.284,3.8,30,1,3,1,1.0,0,12,30,0.1,0.1,0.167,0.267,163,86,-0.284,0.95,0.171,,-3.8,27,4,9.0,5,47,13,26,9,9,5,0,40,0,0,-0.216,-3.2
MIN/MIN201708171,"Thursday, August 17, 2017",12:11 p.m. Local,Target Field,29579,3:53,Day,Away,Cleveland Indians,CLE,Minnesota Twins,MIN,39,9,14,9,9.0,3,5,46,0.359,0.457,0.538,0.995,172,111,0.241,1.36,0.892,,4.2,27,8,9.0,1,72,12,29,15,19,9,0,61,4,0,0.259,1.8,35,3,10,3,3.0,3,19,38,0.286,0.342,0.486,0.828,183,113,-0.261,0.81,0.873,,-1.8,27,13,9.0,2,60,25,28,7,9,4,0,38,8,2,-0.241,-4.2
MIN/MIN201708172,"Thursday, August 17, 2017",6:11 p.m. Local,Target Field,22857,3:08,Night,Home,Minnesota Twins,MIN,Cleveland Indians,CLE,29,2,3,2,2.0,3,7,32,0.103,0.188,0.276,0.463,150,83,-0.352,1.21,0.541,,-2.8,24,5,8.0,1,51,9,23,11,11,6,0,43,3,1,-0.148,0.2,36,4,13,4,3.38,4,9,41,0.361,0.415,0.5,0.915,121,92,0.147,1.19,0.937,,-0.2,27,11,9.0,1,54,17,21,11,17,8,0,62,2,1,0.354,2.8
MIN/MIN201708180,"Friday, August 18, 2017",7:15 p.m. Local,Target Field,25830,3:06,Night,Home,Minnesota Twins,MIN,Arizona Diamondbacks,ARI,33,3,7,3,3.0,3,7,36,0.212,0.278,0.303,0.581,167,82,-0.157,0.86,0.613,,-1.8,24,11,8.0,6,46,5,31,11,15,5,0,42,2,2,-0.343,-5.8,38,10,17,10,11.25,3,11,41,0.447,0.488,1.079,1.567,125,103,0.341,1.07,0.912,,5.8,27,9,9.0,1,57,16,30,11,16,10,0,49,3,0,0.157,1.8
MIN/MIN201708190,"Saturday, August 19, 2017",6:36 p.m. Local,Target Field,29456,2:54,Night,Home,Minnesota Twins,MIN,Arizona Diamondbacks,ARI,29,0,2,0,0.0,1,8,30,0.069,0.1,0.138,0.238,167,83,-0.304,0.86,0.06,,-4.8,24,6,8.0,0,51,6,26,6,15,9,0,30,2,0,-0.197,-0.8,32,5,9,5,4.5,6,8,38,0.281,0.395,0.344,0.738,123,95,0.197,0.5,0.626,,0.8,27,4,9.0,0,56,14,25,11,13,6,0,79,0,0,0.304,4.8
MIN/MIN201708200,"Sunday, August 20, 2017",1:39 p.m. Local,Target Field,27367,3:06,Day,Home,Minnesota Twins,MIN,Arizona Diamondbacks,ARI,36,5,9,5,5.0,2,8,38,0.25,0.289,0.583,0.873,174,92,-0.059,0.33,0.12,,0.2,24,8,8.0,3,47,9,36,9,19,7,0,11,2,2,-0.441,-7.8,37,12,12,11,12.38,4,5,42,0.324,0.405,0.622,1.026,137,108,0.442,0.27,0.494,,7.8,27,8,9.0,3,65,13,30,16,16,7,0,46,0,0,0.06,-0.2
CHA/CHA201708211,"Monday, August 21, 2017",4:10 p.m. Local,Guaranteed Rate Field,,3:15,Day,Home,Chicago White Sox,CHW,Minnesota Twins,MIN,33,6,8,6,6.0,6,11,41,0.242,0.341,0.424,0.766,144,109,-0.225,0.54,0.546,,1.4,24,8,8.0,2,56,16,37,7,17,10,0,33,2,0,-0.275,-2.9,28,7,6,7,7.88,4,8,34,0.214,0.324,0.464,0.788,175,89,0.276,0.93,0.57,,2.9,27,3,9.0,1,63,13,13,9,12,6,0,63,0,0,0.225,-1.4
CHA/CHA201708212,"Monday, August 21, 2017",8:22 p.m. Local,Guaranteed Rate Field,14493,2:35,Night,Away,Minnesota Twins,MIN,Chicago White Sox,CHW,34,10,10,9,10.0,6,3,41,0.294,0.415,0.647,1.062,110,89,0.382,0.17,0.53,,5.4,27,8,9.0,2,59,8,22,14,17,6,0,68,0,0,0.118,2.6,30,2,3,2,2.0,1,6,31,0.1,0.129,0.333,0.462,149,70,-0.117,0.31,0.013,,-2.6,27,13,9.0,4,41,10,19,9,15,3,0,19,3,1,-0.383,-5.4
CHA/CHA201708220,"Tuesday, August 22, 2017",7:10 p.m. Local,Guaranteed Rate Field,14053,2:40,Night,Away,Minnesota Twins,MIN,Chicago White Sox,CHW,30,4,6,4,4.0,1,5,33,0.2,0.25,0.533,0.783,118,88,0.121,1.13,0.596,,-0.6,27,9,9.0,0,49,13,27,17,9,2,0,66,0,0,0.378,3.6,33,1,8,0,1.0,1,9,34,0.242,0.265,0.303,0.568,139,82,-0.379,0.79,0.464,,-3.6,27,16,9.0,3,46,18,18,13,11,7,0,48,0,0,-0.123,0.6
CHA/CHA201708230,"Wednesday, August 23, 2017",7:11 p.m. Local,Guaranteed Rate Field,15605,2:43,Night,Home,Chicago White Sox,CHW,Minnesota Twins,MIN,30,3,3,2,3.0,3,9,33,0.1,0.182,0.2,0.382,120,89,-0.167,1.75,0.57,,-1.6,25,7,8.1,1,41,18,30,11,10,4,0,72,0,0,-0.332,-0.3,30,4,7,3,3.24,3,9,35,0.233,0.324,0.467,0.79,139,80,0.334,1.14,1.274,,0.3,27,9,9.0,1,47,19,14,12,11,5,0,58,1,0,0.168,1.6
CHA/CHA201708240,"Thursday, August 24, 2017",7:10 p.m. Local,Guaranteed Rate Field,16013,2:53,Night,Home,Chicago White Sox,CHW,Minnesota Twins,MIN,31,1,5,1,1.0,5,7,36,0.161,0.278,0.29,0.568,150,91,-0.317,0.52,0.319,,-3.6,24,5,8.0,1,48,8,35,6,18,6,0,50,3,0,-0.184,-0.9,29,5,5,3,3.38,4,12,33,0.172,0.273,0.31,0.583,158,84,0.184,0.83,0.466,,0.9,27,6,9.0,1,40,12,32,10,7,2,0,63,0,0,0.317,3.6
TOR/TOR201708250,"Friday, August 25, 2017",7:08 p.m. Local,Rogers Centre,37525,3:05,Night,Away,Minnesota Twins,MIN,Toronto Blue Jays,TOR,38,6,13,6,6.0,2,10,42,0.342,0.357,0.474,0.831,127,105,0.218,0.81,0.617,,1.2,27,8,9.0,1,64,16,25,11,19,12,0,51,3,0,0.282,3.8,37,1,10,1,1.0,2,1,39,0.27,0.308,0.378,0.686,162,85,-0.28,0.64,0.391,,-3.8,27,6,9.0,0,59,3,23,17,19,6,0,42,0,0,-0.218,-1.2
TOR/TOR201708260,"Saturday, August 26, 2017",1:09 p.m. Local,Rogers Centre,45591,3:04,Day,Home,Toronto Blue Jays,TOR,Minnesota Twins,MIN,36,9,10,8,7.0,1,6,39,0.278,0.308,0.5,0.808,155,101,0.021,0.62,0.816,,4.2,24,5,8.0,2,54,12,35,12,19,8,0,36,3,2,-0.524,-5.7,35,10,13,9,11.25,5,8,42,0.371,0.429,0.571,1.0,157,91,0.524,0.93,0.812,,5.7,27,9,9.0,2,45,14,32,12,17,5,0,54,2,2,-0.023,-4.2
TOR/TOR201708270,"Sunday, August 27, 2017",1:08 p.m. Local,Rogers Centre,42478,3:18,Day,Away,Minnesota Twins,MIN,Toronto Blue Jays,TOR,41,7,14,7,7.0,3,17,44,0.341,0.386,0.659,1.045,141,119,0.271,0.88,0.852,,2.2,27,12,9.0,1,63,28,28,11,13,8,0,58,1,0,0.229,2.8,33,2,7,2,2.0,1,9,34,0.212,0.235,0.333,0.569,184,90,-0.229,0.83,0.441,,-2.8,27,10,9.0,3,54,14,22,12,12,6,0,24,0,0,-0.271,-2.2
MIN/MIN201708290,"Tuesday, August 29, 2017",7:11 p.m. Local,Target Field,20530,3:12,Night,Home,Minnesota Twins,MIN,Chicago White Sox,CHW,35,4,10,4,4.0,3,12,40,0.286,0.35,0.4,0.75,132,92,-0.259,0.52,0.401,,-0.8,24,13,8.0,2,46,21,25,15,9,4,0,39,1,0,-0.242,-1.8,29,6,8,6,6.75,5,4,35,0.276,0.371,0.517,0.889,150,75,0.244,0.87,0.52,,1.8,27,12,9.0,0,42,11,22,14,12,6,0,53,1,1,0.257,0.8
MIN/MIN201708300,"Wednesday, August 30, 2017",7:11 p.m. Local,Target Field,21172,3:17,Night,Home,Minnesota Twins,MIN,Chicago White Sox,CHW,32,1,6,1,1.0,1,13,36,0.188,0.25,0.281,0.531,182,92,-0.298,0.5,0.19,,-3.8,24,4,8.0,2,45,26,21,10,10,3,0,31,3,0,-0.201,-6.8,40,11,16,11,12.38,7,6,48,0.4,0.5,0.8,1.3,117,104,0.203,0.65,0.561,,6.8,27,6,9.0,0,62,12,30,9,25,11,0,79,0,0,0.299,3.8
MIN/MIN201708310,"Thursday, August 31, 2017",12:10 p.m. Local,Target Field,21288,3:17,Day,Home,Minnesota Twins,MIN,Chicago White Sox,CHW,38,4,12,4,4.0,2,13,40,0.316,0.35,0.447,0.797,158,103,0.094,2.07,1.031,,-0.8,26,5,8.2,0,58,13,32,14,12,5,0,49,1,0,-0.594,-1.0,34,5,9,5,5.19,5,6,41,0.265,0.375,0.471,0.846,138,101,0.594,1.3,1.798,,1.0,27,5,9.0,1,56,13,32,7,22,9,0,48,0,0,-0.094,0.8
MIN/MIN201709010,"Friday, September 1, 2017",7:10 p.m. Local,Target Field,24068,3:23,Night,Away,Kansas City Royals,KCR,Minnesota Twins,MIN,37,7,12,7,7.0,3,8,40,0.324,0.375,0.568,0.943,152,95,0.373,1.48,0.803,,2.2,27,12,9.0,1,61,12,24,12,17,10,0,46,4,0,0.129,-1.2,36,6,9,6,4.0,2,6,40,0.25,0.3,0.417,0.717,154,95,-0.128,0.7,0.782,,1.2,27,7,9.0,2,55,13,27,15,16,4,0,25,2,0,-0.372,-2.2
MIN/MIN201709020,"Saturday, September 2, 2017",6:10 p.m. Local,Target Field,33413,3:05,Night,Home,Minnesota Twins,MIN,Kansas City Royals,KCR,33,0,7,0,0.0,0,7,33,0.212,0.212,0.212,0.424,211,82,-0.096,0.19,0.014,,-4.8,24,9,8.0,3,49,16,17,12,14,9,0,26,3,1,-0.406,-12.8,36,17,14,17,19.12,9,4,46,0.389,0.5,0.806,1.306,115,126,0.406,0.14,0.438,,12.8,27,8,9.0,0,77,17,32,16,17,3,0,67,0,0,0.094,4.8
MIN/MIN201709030,"Sunday, September 3, 2017",1:12 p.m. Local,Target Field,32234,3:18,Day,Away,Kansas City Royals,KCR,Minnesota Twins,MIN,33,5,9,5,5.0,3,2,37,0.273,0.351,0.424,0.776,154,91,0.337,1.92,1.033,,0.2,27,11,9.0,1,73,8,15,15,16,8,0,47,2,0,0.163,0.8,33,4,6,4,2.0,3,4,37,0.182,0.27,0.394,0.664,152,95,-0.161,1.16,1.183,,-0.8,27,13,9.0,1,62,9,24,10,18,7,1,43,2,1,-0.337,-0.2
TBA/TBA201709040,"Monday, September 4, 2017",7:10 p.m. Local,Tropicana Field,12108,3:23,Night,Home,Tampa Bay Rays,TBR,Minnesota Twins,MIN,32,4,5,4,3.0,4,11,36,0.156,0.25,0.281,0.531,143,107,-0.271,0.7,0.284,,-0.6,24,9,8.0,2,67,17,23,15,6,2,0,39,8,6,-0.23,-6.9,35,11,13,11,12.38,4,10,41,0.371,0.439,0.629,1.068,164,93,0.229,0.7,0.7,,6.9,27,13,9.0,1,57,17,19,12,14,6,0,64,1,0,0.271,0.6
TBA/TBA201709050,"Tuesday, September 5, 2017",7:10 p.m. Local,Tropicana Field,6509,2:32,Night,Home,Tampa Bay Rays,TBR,Minnesota Twins,MIN,29,1,4,1,1.0,2,7,31,0.138,0.194,0.241,0.435,103,77,-0.587,0.68,0.505,,-3.6,24,7,8.0,1,43,8,26,10,12,5,0,60,3,0,0.086,2.1,31,2,6,2,2.25,1,6,32,0.194,0.219,0.323,0.541,129,73,-0.087,1.41,0.351,,-2.1,27,7,9.0,1,42,8,23,15,10,3,0,77,3,0,0.586,3.6
TBA/TBA201709060,"Wednesday, September 6, 2017",1:10 p.m. Local,Tropicana Field,7185,3:17,Day,Away,Minnesota Twins,MIN,Tampa Bay Rays,TBR,37,10,12,9,10.0,3,11,42,0.324,0.381,0.595,0.976,136,109,0.726,0.97,1.357,,5.4,27,7,9.0,3,54,22,33,8,19,8,0,33,2,1,-0.227,-1.4,33,6,8,6,6.0,4,9,37,0.242,0.324,0.545,0.87,169,78,0.226,1.07,0.88,,1.4,27,7,9.0,2,44,20,14,9,15,7,0,31,4,3,-0.726,-5.4
KCA/KCA201709070,"Thursday, September 7, 2017",7:16 p.m. Local,Kauffman Stadium,26485,2:56,Night,Away,Minnesota Twins,MIN,Kansas City Royals,KCR,34,4,10,4,4.0,5,7,41,0.294,0.375,0.441,0.816,115,94,0.289,1.09,1.352,,-0.8,27,16,9.0,0,54,16,24,17,12,5,0,52,0,0,0.212,2.8,31,2,9,2,2.0,1,0,33,0.29,0.333,0.323,0.656,147,70,-0.212,1.92,0.563,,-2.8,27,13,9.0,1,54,5,13,14,17,10,0,55,2,0,-0.288,0.8
KCA/KCA201709080,"Friday, September 8, 2017",7:16 p.m. Local,Kauffman Stadium,31879,3:05,Night,Away,Minnesota Twins,MIN,Kansas City Royals,KCR,35,8,10,8,8.0,6,6,43,0.286,0.381,0.6,0.981,115,96,0.407,1.23,0.862,,3.2,27,7,9.0,1,58,11,27,12,19,9,0,43,3,1,0.092,-0.2,33,5,9,5,5.0,1,7,35,0.273,0.286,0.455,0.74,165,79,-0.094,0.83,0.766,,0.2,27,8,9.0,2,48,13,18,7,20,7,0,38,1,1,-0.408,-3.2
KCA/KCA201709090,"Saturday, September 9, 2017",6:15 p.m. Local,Kauffman Stadium,29991,2:51,Night,Home,Kansas City Royals,KCR,Minnesota Twins,MIN,31,2,9,2,2.0,4,8,37,0.29,0.371,0.484,0.855,110,89,-0.287,1.2,0.617,,-2.8,24,10,8.0,1,50,11,28,14,11,5,0,52,10,3,-0.213,-0.7,31,5,11,5,5.62,4,2,36,0.355,0.417,0.581,0.997,137,71,0.214,1.25,0.977,,0.7,27,13,9.0,2,50,6,17,12,18,10,0,55,1,0,0.287,2.8
KCA/KCA201709100,"Sunday, September 10, 2017",1:16 p.m. Local,Kauffman Stadium,35003,2:55,Day,Home,Kansas City Royals,KCR,Minnesota Twins,MIN,33,3,8,3,3.0,3,6,37,0.242,0.297,0.455,0.752,138,92,-0.118,0.42,0.228,,-1.8,24,8,8.0,1,58,13,23,13,15,6,0,19,1,1,-0.382,-6.7,38,11,17,11,12.38,3,5,41,0.447,0.488,0.684,1.172,149,93,0.384,0.45,0.588,,6.7,27,11,9.0,1,60,16,17,10,23,14,0,57,0,0,0.118,1.8
MIN/MIN201709120,"Tuesday, September 12, 2017",7:10 p.m. Local,Target Field,28852,2:59,Night,Home,Minnesota Twins,MIN,San Diego Padres,SDP,31,0,4,0,0.0,2,8,33,0.129,0.182,0.129,0.311,187,87,-0.124,0.24,0.04,,-4.8,24,9,8.0,7,54,12,21,7,16,9,0,4,1,0,-0.377,-11.8,42,16,18,16,18.0,1,6,44,0.429,0.455,1.024,1.478,126,123,0.377,0.21,0.49,,11.8,27,8,9.0,0,74,16,33,15,21,6,0,70,0,0,0.123,4.8
MIN/MIN201709130,"Wednesday, September 13, 2017",7:10 p.m. Local,Target Field,20018,3:39,Night,Home,Minnesota Twins,MIN,San Diego Padres,SDP,36,1,7,1,0.9,3,8,39,0.194,0.256,0.333,0.59,144,98,-0.627,1.35,0.747,,-4.3,29,10,9.2,1,54,17,27,10,18,6,0,61,5,0,0.127,2.2,36,3,10,2,2.79,2,9,40,0.278,0.333,0.389,0.722,157,90,-0.128,1.7,0.969,,-2.2,30,7,10.0,1,50,12,28,13,15,7,0,72,5,0,0.628,4.3
MIN/MIN201709140,"Thursday, September 14, 2017",7:11 p.m. Local,Target Field,22664,3:29,Night,Home,Minnesota Twins,MIN,Toronto Blue Jays,TOR,37,2,8,2,1.8,6,11,44,0.216,0.326,0.351,0.677,150,95,-0.394,1.33,1.105,,-3.3,29,10,9.2,1,57,17,21,9,18,8,0,45,4,0,-0.105,2.2,32,3,7,3,2.79,7,6,41,0.219,0.375,0.344,0.719,161,84,0.106,1.74,1.185,,-2.2,30,8,10.0,1,41,16,27,12,15,8,0,56,4,0,0.395,3.3
MIN/MIN201709150,"Friday, September 15, 2017",7:10 p.m. Local,Target Field,27902,2:57,Night,Away,Toronto Blue Jays,TOR,Minnesota Twins,MIN,35,4,8,4,4.0,5,5,40,0.229,0.325,0.486,0.811,128,94,0.081,1.24,1.016,,-0.8,27,9,9.0,1,59,12,23,11,19,8,0,51,0,0,0.419,1.8,33,3,7,3,3.0,1,7,35,0.212,0.229,0.303,0.532,141,87,-0.418,1.28,0.467,,-1.8,27,7,9.0,2,51,13,23,15,12,2,0,45,1,1,-0.081,0.8
MIN/MIN201709160,"Saturday, September 16, 2017",6:11 p.m. Local,Target Field,29917,2:50,Night,Away,Toronto Blue Jays,TOR,Minnesota Twins,MIN,37,7,11,6,7.0,4,10,41,0.297,0.366,0.514,0.879,113,106,0.13,0.79,0.525,,2.2,27,2,9.0,2,64,22,20,9,18,4,0,71,0,0,0.37,2.8,31,2,4,2,2.0,1,4,32,0.129,0.156,0.355,0.511,163,79,-0.37,0.57,0.199,,-2.8,27,4,9.0,2,45,15,19,5,22,1,0,40,5,0,-0.13,-2.2
MIN/MIN201709170,"Sunday, September 17, 2017",1:12 p.m. Local,Target Field,27572,3:17,Day,Home,Minnesota Twins,MIN,Toronto Blue Jays,TOR,33,7,6,7,7.0,6,10,39,0.182,0.308,0.424,0.732,181,77,0.146,0.66,0.468,,2.2,24,4,8.0,4,43,19,15,11,12,5,0,23,7,4,-0.647,-8.8,41,13,16,12,11.25,4,7,45,0.39,0.444,0.732,1.176,135,111,0.647,0.59,0.903,,8.8,27,10,9.0,2,65,27,19,11,23,9,0,49,2,0,-0.147,-2.2
NYA/NYA201709180,"Monday, September 18, 2017",7:09 p.m. Local,Yankee Stadium III,30425,3:16,Night,Home,New York Yankees,NYY,Minnesota Twins,MIN,29,1,4,1,0.0,2,13,33,0.138,0.219,0.172,0.391,140,87,-0.639,1.09,0.516,,-3.9,24,8,8.0,1,40,25,22,9,8,6,0,49,3,0,0.14,2.4,32,2,8,2,2.25,1,4,35,0.25,0.265,0.344,0.608,133,85,-0.14,1.82,0.516,,-2.4,27,12,9.0,0,54,15,15,16,13,3,0,68,4,0,0.64,3.9
NYA/NYA201709190,"Tuesday, September 19, 2017",8:10 p.m. Local,Yankee Stadium III,30218,3:30,Night,Home,New York Yankees,NYY,Minnesota Twins,MIN,34,2,8,1,2.0,2,9,36,0.235,0.278,0.353,0.631,187,78,-0.275,1.07,0.484,,-2.9,24,5,8.0,0,46,11,21,13,12,7,0,38,6,2,-0.224,-0.6,35,5,11,4,4.5,6,7,43,0.314,0.419,0.4,0.819,120,114,0.224,1.12,0.899,,0.6,27,10,9.0,1,70,12,32,14,15,7,0,56,0,0,0.275,2.9
NYA/NYA201709200,"Wednesday, September 20, 2017",1:10 p.m. Local,Yankee Stadium III,30099,3:20,Day,Home,New York Yankees,NYY,Minnesota Twins,MIN,32,3,6,3,3.0,3,10,35,0.188,0.257,0.188,0.445,159,101,0.059,0.56,0.387,,-1.9,24,7,8.0,3,57,14,30,10,12,4,0,24,5,3,-0.561,-6.6,38,11,15,10,12.38,3,8,43,0.395,0.442,0.816,1.258,155,103,0.56,0.63,0.877,,6.6,27,7,9.0,0,59,15,29,12,19,9,0,39,0,0,-0.06,1.9
DET/DET201709210,"Thursday, September 21, 2017",7:10 p.m. Local,Comerica Park,25437,3:34,Night,Away,Minnesota Twins,MIN,Detroit Tigers,DET,39,12,14,12,12.0,10,7,50,0.359,0.48,0.462,0.942,143,127,0.318,0.67,0.862,,7.2,27,7,9.0,0,75,16,36,12,21,11,0,56,1,0,0.181,3.8,34,1,6,1,1.0,1,10,35,0.176,0.2,0.235,0.435,213,101,-0.182,0.66,0.287,,-3.8,27,9,9.0,0,61,23,17,10,14,5,0,43,5,3,-0.319,-7.2
DET/DET201709220,"Friday, September 22, 2017",7:10 p.m. Local,Comerica Park,25390,2:52,Night,Away,Minnesota Twins,MIN,Detroit Tigers,DET,37,7,10,7,7.0,1,9,38,0.27,0.289,0.514,0.803,124,89,0.325,0.86,0.749,,2.2,27,13,9.0,2,49,11,29,11,17,8,0,59,0,0,0.174,1.8,31,3,6,3,3.0,2,8,33,0.194,0.242,0.387,0.63,143,74,-0.173,0.72,0.428,,-1.8,27,6,9.0,2,42,11,21,13,10,6,0,31,1,0,-0.326,-2.2
DET/DET201709230,"Saturday, September 23, 2017",6:10 p.m. Local,Comerica Park,26800,3:12,Night,Away,Minnesota Twins,MIN,Detroit Tigers,DET,39,10,12,9,9.0,3,7,44,0.308,0.386,0.41,0.797,125,113,0.48,0.68,1.216,,5.2,27,9,9.0,2,64,13,36,7,25,17,0,56,0,0,0.021,0.8,33,4,8,4,4.0,0,5,33,0.242,0.242,0.455,0.697,182,86,-0.021,1.19,0.431,,-0.8,27,3,9.0,1,48,16,24,11,17,6,0,64,6,5,-0.48,-5.2
DET/DET201709240,"Sunday, September 24, 2017",12:10 p.m. Local,Comerica Park,23882,3:16,Day,Away,Minnesota Twins,MIN,Detroit Tigers,DET,38,10,14,10,10.0,4,8,43,0.368,0.419,0.632,1.05,143,118,0.332,0.7,0.575,,5.2,27,4,9.0,1,78,14,26,12,19,9,0,53,2,0,0.168,0.8,35,4,9,3,4.0,3,8,38,0.257,0.316,0.4,0.716,167,96,-0.168,0.5,0.323,,-0.8,27,12,9.0,2,54,11,31,7,20,5,0,33,2,2,-0.332,-5.2
CLE/CLE201709260,"Tuesday, September 26, 2017",7:11 p.m. Local,Progressive Field,21268,3:35,Night,Away,Minnesota Twins,MIN,Cleveland Indians,CLE,43,8,17,8,8.0,1,11,44,0.395,0.409,0.674,1.084,154,112,0.529,1.28,1.495,,3.0,27,8,9.0,1,64,19,29,11,21,13,0,40,5,1,-0.028,-1.0,36,6,11,6,6.0,2,6,39,0.306,0.333,0.417,0.75,165,100,0.028,1.34,0.82,,1.0,27,9,9.0,2,58,11,31,14,17,11,0,32,3,1,-0.529,-3.0
CLE/CLE201709270,"Wednesday, September 27, 2017",7:10 p.m. Local,Progressive Field,19682,3:09,Night,Home,Cleveland Indians,CLE,Minnesota Twins,MIN,32,2,5,2,2.0,1,13,33,0.156,0.182,0.313,0.494,170,92,-0.425,0.77,0.135,,-3.0,24,6,8.0,1,44,22,26,6,13,9,0,43,8,1,-0.077,0.5,32,4,9,3,3.38,5,6,39,0.281,0.41,0.438,0.848,131,98,0.075,0.73,0.561,,-0.5,27,6,9.0,1,54,22,22,9,17,9,0,70,0,0,0.423,3.0
CLE/CLE201709280,"Thursday, September 28, 2017",12:10 p.m. Local,Progressive Field,21810,2:38,Day,Home,Cleveland Indians,CLE,Minnesota Twins,MIN,34,2,8,2,2.0,1,15,36,0.235,0.278,0.294,0.572,117,94,-0.481,0.77,0.298,,-3.0,24,8,8.0,3,45,17,32,13,6,2,0,60,0,0,-0.017,-0.5,33,5,10,5,5.62,0,5,33,0.303,0.303,0.667,0.97,137,74,0.016,0.95,0.522,,0.5,27,7,9.0,0,46,12,18,9,19,8,0,84,1,1,0.484,3.0
MIN/MIN201709290,"Friday, September 29, 2017",7:10 p.m. Local,Target Field,34580,3:29,Night,Home,Minnesota Twins,MIN,Detroit Tigers,DET,35,3,9,3,3.0,2,14,38,0.257,0.316,0.4,0.716,151,113,-0.181,0.69,0.601,,-1.8,24,9,8.0,2,61,23,31,9,12,4,0,35,2,0,-0.319,-1.8,33,6,9,6,6.75,5,7,38,0.273,0.368,0.545,0.914,178,90,0.318,1.07,0.721,,1.8,27,5,9.0,1,51,20,19,12,14,8,0,41,4,0,0.182,1.8
MIN/MIN201709300,"Saturday, September 30, 2017",6:11 p.m. Local,Target Field,35515,2:59,Night,Away,Detroit Tigers,DET,Minnesota Twins,MIN,33,3,5,3,2.0,1,7,34,0.152,0.176,0.152,0.328,143,97,-0.083,1.6,0.492,,-1.8,27,5,9.0,0,59,13,25,15,11,5,0,54,0,0,0.583,2.8,32,2,6,2,2.0,5,7,37,0.188,0.297,0.219,0.516,144,87,-0.584,0.98,0.566,,-2.8,27,12,9.0,0,50,12,25,10,15,4,0,49,1,1,0.083,1.8
MIN/MIN201710010,"Sunday, October 1, 2017",2:51 p.m. Local,Target Field,28148,2:36,Day,Home,Minnesota Twins,MIN,Detroit Tigers,DET,31,1,6,1,1.0,1,6,32,0.194,0.219,0.323,0.541,143,78,-0.349,0.85,0.362,,-3.8,24,6,8.0,2,46,11,21,13,12,3,0,45,0,0,-0.151,-0.8,33,5,9,5,5.62,2,11,35,0.273,0.314,0.515,0.829,120,87,0.152,0.97,0.624,,0.8,27,11,9.0,1,39,25,23,6,16,6,0,66,3,0,0.35,3.8
