,date,time,venue,attendance,duration,time_of_day,winner,winning_name,winning_abbr,losing_name,losing_abbr,away_at_bats,away_runs,away_hits,away_rbi,away_earned_runs,away_bases_on_balls,away_strikeouts,away_plate_appearances,away_batting_average,away_on_base_percentage,away_slugging_percentage,away_on_base_plus,away_pitches,away_strikes,away_win_probability_for_offensive_player,away_average_leverage_index,away_win_probability_added,away_win_probability_subtracted,away_base_out_runs_added,away_putouts,away_assists,away_innings_pitched,away_home_runs,away_strikes_by_contact,away_strikes_swinging,away_strikes_looking,away_grounded_balls,away_fly_balls,away_line_drives,away_unknown_bat_type,away_game_score,away_inherited_runners,away_inherited_score,away_win_probability_by_pitcher,away_base_out_runs_saved,home_at_bats,home_runs,home_hits,home_rbi,home_earned_runs,home_bases_on_balls,home_strikeouts,home_plate_appearances,home_batting_average,home_on_base_percentage,home_slugging_percentage,home_on_base_plus,home_pitches,home_strikes,home_win_probability_for_offensive_player,home_average_leverage_index,home_win_probability_added,home_win_probability_subtracted,home_base_out_runs_added,home_putouts,home_assists,home_innings_pitched,home_home_runs,home_strikes_by_contact,home_strikes_swinging,home_strikes_looking,home_grounded_balls,home_fly_balls,home_line_drives,home_unknown_bat_type,home_game_score,home_inherited_runners,home_inherited_score,home_win_probability_by_pitcher,home_base_out_runs_saved
BOS/BOS201704030,"Monday, April 3, 2017",2:06 p.m. Local,Fenway Park,36594,3:03,Day,Home,Boston Red Sox,BOS,Pittsburgh Pirates,PIT,34,3,8,3,3.0,2,8,38,0.235,0.289,0.294,0.584,133,93,-0.396,0.65,0.513,,-2.0,24,10,8.0,1,61,11,21,13,14,3,0,34,0,0,-0.104,-0.6,33,5,10,5,5.62,2,7,35,0.303,0.343,0.455,0.797,144,81,0.104,1.25,0.518,,0.6,27,9,9.0,0,52,9,20,14,12,7,0,53,2,2,0.396,2.0
BOS/BOS201704050,"Wednesday, April 5, 2017",7:10 p.m. Local,Fenway Park,36137,3:53,Night,Home,Boston Red Sox,BOS,Pittsburgh Pirates,PIT,41,0,5,0,0.0,1,9,42,0.122,0.143,0.122,0.265,169,119,-1.17,1.85,0.284,,-6.7,34,14,11.1,1,73,22,24,16,16,7,0,70,0,0,0.668,3.4,39,3,8,3,2.38,6,10,45,0.205,0.311,0.308,0.619,184,106,-0.669,1.49,0.896,,-3.4,36,13,12.0,0,63,19,24,13,16,9,0,77,1,0,1.168,6.7
PIT/PIT201704070,"Friday, April 7, 2017",1:07 p.m. Local,PNC Park,36484,3:18,Day,Home,Pittsburgh Pirates,PIT,Atlanta Braves,ATL,36,4,10,4,3.0,0,6,38,0.278,0.316,0.361,0.677,178,89,-0.332,0.81,0.809,,-0.5,24,9,8.0,2,56,7,26,15,15,7,0,39,3,0,-0.169,-1.0,35,5,11,5,4.5,4,2,42,0.314,0.4,0.514,0.914,139,113,0.169,1.48,0.651,,1.0,27,12,9.0,0,75,10,28,14,21,9,0,62,2,2,0.332,0.5
PIT/PIT201704080,"Saturday, April 8, 2017",7:06 p.m. Local,PNC Park,31756,3:00,Night,Home,Pittsburgh Pirates,PIT,Atlanta Braves,ATL,34,4,11,4,3.0,6,7,43,0.324,0.442,0.441,0.883,131,85,-0.161,1.11,1.104,,-0.5,24,14,8.0,0,49,20,16,15,13,5,0,33,2,1,-0.339,-2.0,33,6,10,3,3.38,4,5,37,0.303,0.378,0.333,0.712,140,82,0.337,1.63,0.912,,2.0,27,13,9.0,0,51,12,19,18,10,6,0,46,0,0,0.162,0.5
PIT/PIT201704090,"Sunday, April 9, 2017",1:35 p.m. Local,PNC Park,22713,3:14,Day,Home,Pittsburgh Pirates,PIT,Atlanta Braves,ATL,41,5,13,5,4.5,2,7,45,0.317,0.349,0.585,0.934,126,106,0.39,2.29,1.106,,-0.0,27,12,9.0,1,60,18,28,17,19,10,0,64,0,0,-0.891,-1.5,33,6,11,5,3.0,3,4,38,0.333,0.405,0.485,0.89,153,83,0.891,0.99,2.265,,1.5,30,13,10.0,3,50,7,27,10,20,8,0,46,0,0,-0.391,0.0
PIT/PIT201704100,"Monday, April 10, 2017",7:08 p.m. Local,PNC Park,28264,3:05,Night,Away,Cincinnati Reds,CIN,Pittsburgh Pirates,PIT,35,7,8,7,7.0,6,3,42,0.229,0.341,0.4,0.741,149,96,0.318,0.97,0.498,,2.5,27,9,9.0,0,58,9,29,13,20,9,0,43,3,0,0.181,3.5,31,1,4,1,1.0,5,13,36,0.129,0.25,0.129,0.379,167,90,-0.181,0.54,0.44,,-3.5,27,9,9.0,2,36,31,23,12,6,3,0,23,2,0,-0.319,-2.5
PIT/PIT201704110,"Tuesday, April 11, 2017",8:19 p.m. Local,PNC Park,11027,3:04,Night,Away,Cincinnati Reds,CIN,Pittsburgh Pirates,PIT,36,6,10,6,6.0,1,8,39,0.278,0.316,0.5,0.816,157,93,0.276,1.21,0.968,,1.5,27,14,9.0,0,56,15,22,11,18,11,0,53,2,0,0.225,2.5,34,2,6,0,1.0,5,6,40,0.176,0.3,0.176,0.476,140,98,-0.224,1.06,0.618,,-2.5,27,9,9.0,2,54,10,34,16,12,4,0,59,0,0,-0.276,-1.5
PIT/PIT201704120,"Wednesday, April 12, 2017",7:06 p.m. Local,PNC Park,12327,2:54,Night,Away,Cincinnati Reds,CIN,Pittsburgh Pirates,PIT,41,9,15,9,8.0,3,5,44,0.366,0.409,0.488,0.897,130,98,0.209,0.47,0.595,,4.5,27,11,9.0,1,64,11,23,16,20,10,0,61,1,0,0.292,2.5,33,2,7,2,2.0,1,10,35,0.212,0.257,0.394,0.651,159,88,-0.292,0.56,0.096,,-2.5,27,13,9.0,0,50,17,21,12,11,6,0,43,1,1,-0.209,-4.5
BOS/BOS201704130,"Thursday, April 13, 2017",2:06 p.m. Local,Fenway Park,32400,3:15,Day,Home,Boston Red Sox,BOS,Pittsburgh Pirates,PIT,32,3,7,2,2.0,5,10,37,0.219,0.324,0.375,0.699,133,98,-0.241,1.53,0.682,,-2.0,24,8,8.0,0,45,21,32,6,16,5,0,65,3,2,-0.262,0.4,31,4,8,4,4.5,3,7,34,0.258,0.324,0.355,0.678,160,88,0.261,1.17,0.977,,-0.4,27,7,9.0,1,53,11,24,8,15,4,1,54,2,1,0.237,2.0
CHN/CHN201704140,"Friday, April 14, 2017",1:21 p.m. Local,Wrigley Field,40430,3:15,Day,Away,Pittsburgh Pirates,PIT,Chicago Cubs,CHC,34,4,10,4,4.0,2,6,36,0.294,0.333,0.412,0.745,174,95,0.135,1.71,0.816,,-0.8,27,8,9.0,0,57,7,31,14,14,11,0,56,0,0,0.364,2.8,35,2,7,2,2.0,3,7,40,0.2,0.3,0.286,0.586,140,107,-0.365,1.03,0.884,,-2.8,27,18,9.0,0,64,16,27,15,13,5,0,44,2,2,-0.136,0.8
CHN/CHN201704150,"Saturday, April 15, 2017",1:21 p.m. Local,Wrigley Field,41814,3:25,Day,Away,Pittsburgh Pirates,PIT,Chicago Cubs,CHC,36,8,10,8,8.0,2,9,38,0.278,0.316,0.667,0.982,154,103,0.544,0.91,1.014,,3.2,27,11,9.0,2,58,18,27,11,16,4,0,40,0,0,-0.044,-2.2,37,7,9,7,5.0,3,11,41,0.243,0.317,0.541,0.858,163,91,0.042,0.78,0.71,,2.2,27,11,9.0,4,46,17,29,12,14,8,0,51,1,1,-0.544,-3.2
CHN/CHN201704160,"Sunday, April 16, 2017",1:22 p.m. Local,Wrigley Field,39422,3:02,Day,Away,Pittsburgh Pirates,PIT,Chicago Cubs,CHC,30,6,6,5,5.0,6,4,38,0.2,0.368,0.4,0.768,131,95,0.184,1.16,1.002,,1.2,27,12,9.0,0,61,11,25,16,10,2,0,64,0,0,0.318,3.8,33,1,7,1,0.0,3,7,36,0.212,0.278,0.273,0.551,158,88,-0.319,1.33,0.521,,-3.8,27,16,9.0,1,45,15,28,15,11,6,0,72,3,2,-0.183,-1.2
SLN/SLN201704170,"Monday, April 17, 2017",6:09 p.m. Local,Busch Stadium III,40172,2:14,Night,Home,St. Louis Cardinals,STL,Pittsburgh Pirates,PIT,32,1,5,1,1.0,1,6,35,0.156,0.229,0.219,0.447,78,86,-0.612,0.69,0.246,,-3.6,24,14,8.0,1,48,12,26,12,14,6,0,67,,,0.113,2.1,28,2,5,2,2.25,0,3,28,0.179,0.179,0.286,0.464,128,56,-0.114,1.14,0.27,,-2.1,27,7,9.0,0,32,7,17,15,10,7,0,75,0,0,0.613,3.6
SLN/SLN201704180,"Tuesday, April 18, 2017",7:15 p.m. Local,Busch Stadium III,38806,2:31,Night,Home,St. Louis Cardinals,STL,Pittsburgh Pirates,PIT,36,1,11,1,1.0,0,3,37,0.306,0.306,0.361,0.667,99,89,-0.633,0.7,0.887,,-3.6,24,10,8.0,0,53,12,24,23,11,5,0,60,0,0,0.131,2.1,27,2,4,2,2.25,1,5,30,0.148,0.207,0.259,0.466,145,66,-0.132,2.16,0.265,,-2.1,27,14,9.0,0,38,14,14,10,13,6,0,56,2,0,0.631,3.6
SLN/SLN201704190,"Wednesday, April 19, 2017",12:45 p.m. Local,Busch Stadium III,40182,2:40,Day,Home,St. Louis Cardinals,STL,Pittsburgh Pirates,PIT,32,1,5,1,1.0,3,6,35,0.156,0.229,0.25,0.479,125,86,-0.619,0.89,0.592,,-3.6,24,6,8.0,2,51,9,26,11,15,5,0,58,0,0,0.119,2.1,30,2,8,2,2.25,2,11,32,0.267,0.313,0.467,0.779,138,86,-0.121,1.73,0.462,,-2.1,27,10,9.0,1,45,16,25,7,12,9,0,63,2,0,0.619,3.6
PIT/PIT201704210,"Friday, April 21, 2017",7:05 p.m. Local,PNC Park,30565,3:19,Night,Home,Pittsburgh Pirates,PIT,New York Yankees,NYY,39,3,10,0,1.0,2,8,41,0.256,0.293,0.282,0.575,139,109,-0.245,0.61,0.544,,-1.5,24,5,8.0,2,60,15,34,16,15,9,0,38,3,1,-0.256,-2.0,31,6,8,5,4.5,4,9,36,0.258,0.343,0.516,0.859,179,86,0.255,0.99,0.618,,2.0,27,10,9.0,0,44,13,29,8,15,4,0,45,1,0,0.245,1.5
PIT/PIT201704220,"Saturday, April 22, 2017",4:07 p.m. Local,PNC Park,36140,3:17,Day,Away,New York Yankees,NYY,Pittsburgh Pirates,PIT,41,11,13,10,6.0,3,6,45,0.317,0.378,0.634,1.012,143,105,0.727,0.94,1.424,,6.5,27,10,9.0,2,65,11,29,13,22,7,0,49,2,1,-0.227,-0.5,34,5,8,5,5.0,4,10,40,0.235,0.325,0.441,0.766,165,89,0.227,1.1,0.806,,0.5,27,9,9.0,3,39,16,34,11,14,7,0,43,4,2,-0.725,-6.5
PIT/PIT201704230,"Sunday, April 23, 2017",1:35 p.m. Local,PNC Park,27840,2:39,Day,Home,Pittsburgh Pirates,PIT,New York Yankees,NYY,33,1,6,1,1.0,3,9,36,0.182,0.25,0.273,0.523,127,88,-0.595,1.01,0.776,,-3.5,24,9,8.0,0,53,12,23,9,15,8,0,53,0,0,0.094,2.0,28,2,8,2,2.25,4,7,33,0.286,0.364,0.393,0.756,135,78,-0.094,2.06,0.533,,-2.0,27,8,9.0,1,42,16,20,8,14,7,0,71,0,0,0.594,3.5
PIT/PIT201704240,"Monday, April 24, 2017",7:08 p.m. Local,PNC Park,13445,3:22,Night,Away,Chicago Cubs,CHC,Pittsburgh Pirates,PIT,42,14,17,11,13.0,9,4,52,0.405,0.5,0.571,1.071,144,109,0.5,0.21,0.585,,9.5,27,14,9.0,0,63,14,32,14,25,8,0,51,0,0,0.0,1.5,33,3,7,3,1.0,6,5,39,0.212,0.333,0.364,0.697,190,86,-0.001,0.26,0.144,,-1.5,27,10,9.0,1,50,11,25,15,13,8,0,0,4,1,-0.5,-9.5
PIT/PIT201704250,"Tuesday, April 25, 2017",7:05 p.m. Local,PNC Park,15326,2:44,Night,Away,Chicago Cubs,CHC,Pittsburgh Pirates,PIT,29,1,2,0,0.0,2,10,31,0.069,0.129,0.103,0.232,148,81,-0.341,1.56,0.208,,-3.5,27,6,9.0,0,44,14,23,12,7,1,0,65,0,0,0.84,4.5,31,0,5,0,0.0,3,5,34,0.161,0.235,0.194,0.429,115,93,-0.842,0.78,0.379,,-4.5,27,10,9.0,0,61,12,20,7,19,8,0,79,0,0,0.34,3.5
PIT/PIT201704260,"Wednesday, April 26, 2017",7:07 p.m. Local,PNC Park,16904,3:22,Night,Home,Pittsburgh Pirates,PIT,Chicago Cubs,CHC,38,5,12,5,5.0,6,7,45,0.316,0.422,0.474,0.896,137,110,-0.22,0.56,1.108,,0.5,24,14,8.0,2,71,14,25,17,14,8,0,30,2,0,-0.278,-2.0,32,6,10,5,5.62,4,8,36,0.312,0.389,0.594,0.983,188,82,0.278,1.54,0.591,,2.0,27,14,9.0,1,39,12,31,16,8,4,0,36,3,1,0.22,-0.5
MIA/MIA201704280,"Friday, April 28, 2017",7:10 p.m. Local,Marlins Park,19690,3:31,Night,Away,Pittsburgh Pirates,PIT,Miami Marlins,MIA,41,12,18,12,12.0,8,6,51,0.439,0.529,0.659,1.188,152,128,0.436,0.12,0.612,,7.8,27,7,9.0,0,82,20,26,17,19,10,0,55,0,0,0.064,2.2,37,2,10,2,2.0,3,8,40,0.27,0.325,0.351,0.676,212,97,-0.064,0.38,0.035,,-2.2,27,12,9.0,1,53,15,29,14,15,11,0,8,3,1,-0.436,-7.8
MIA/MIA201704290,"Saturday, April 29, 2017",7:10 p.m. Local,Marlins Park,33152,2:31,Night,Away,Pittsburgh Pirates,PIT,Miami Marlins,MIA,31,4,6,4,4.0,5,6,37,0.194,0.306,0.355,0.66,95,91,0.044,0.89,0.511,,-0.2,27,14,9.0,0,55,9,27,12,14,3,0,88,,,0.457,4.2,29,0,3,0,0.0,0,7,29,0.103,0.103,0.138,0.241,143,65,-0.459,0.77,0.144,,-4.2,27,10,9.0,1,38,10,17,14,8,4,0,50,3,1,-0.042,0.2
MIA/MIA201704300,"Sunday, April 30, 2017",1:17 p.m. Local,Marlins Park,26245,3:36,Day,Home,Miami Marlins,MIA,Pittsburgh Pirates,PIT,33,3,8,3,3.0,5,7,38,0.242,0.342,0.424,0.766,161,101,-0.074,1.16,0.517,,-1.2,24,11,8.0,1,57,14,30,11,15,5,0,41,4,2,-0.426,-6.3,37,10,15,9,10.12,5,7,43,0.405,0.488,0.568,1.056,170,100,0.427,0.86,1.23,,6.3,27,10,9.0,1,51,17,32,16,14,8,0,40,0,0,0.074,1.2
CIN/CIN201705010,"Monday, May 1, 2017",7:11 p.m. Local,Great American Ball Park,14753,3:13,Night,Home,Cincinnati Reds,CIN,Pittsburgh Pirates,PIT,31,3,3,3,2.7,3,8,36,0.097,0.222,0.387,0.609,163,89,-0.32,1.6,0.615,,-2.2,29,10,9.2,1,51,8,30,14,9,1,0,58,0,0,-0.181,0.9,34,4,6,4,1.86,3,10,37,0.176,0.243,0.294,0.537,142,108,0.178,1.11,1.306,,-0.9,30,14,10.0,3,60,21,27,12,12,5,0,66,0,0,0.319,2.2
CIN/CIN201705020,"Tuesday, May 2, 2017",7:10 p.m. Local,Great American Ball Park,13909,3:00,Night,Away,Pittsburgh Pirates,PIT,Cincinnati Reds,CIN,37,12,10,10,11.0,8,8,45,0.27,0.4,0.514,0.914,137,97,0.54,0.54,0.91,,7.3,27,10,9.0,1,53,13,31,12,17,11,0,53,0,0,-0.04,1.7,32,3,5,3,3.0,5,8,37,0.156,0.27,0.313,0.583,177,86,0.04,0.65,0.368,,-1.7,27,10,9.0,1,49,16,21,12,12,4,0,23,2,2,-0.54,-7.3
CIN/CIN201705030,"Wednesday, May 3, 2017",7:11 p.m. Local,Great American Ball Park,14297,2:48,Night,Home,Cincinnati Reds,CIN,Pittsburgh Pirates,PIT,29,2,5,2,2.0,7,4,39,0.172,0.351,0.379,0.731,140,84,-0.231,0.42,0.328,,-2.7,24,7,8.0,3,47,15,21,13,13,4,0,32,0,0,-0.273,-2.8,32,7,10,7,7.88,3,9,37,0.312,0.389,0.656,1.045,155,89,0.271,0.82,0.494,,2.8,27,13,9.0,1,50,14,25,10,15,10,0,58,0,0,0.229,2.7
CIN/CIN201705040,"Thursday, May 4, 2017",1:31 p.m. Local,Great American Ball Park,17896,2:40,Day,Home,Cincinnati Reds,CIN,Pittsburgh Pirates,PIT,34,2,7,2,2.0,1,8,35,0.206,0.229,0.294,0.523,120,88,-0.374,0.88,0.38,,-2.7,24,12,8.0,0,51,15,22,10,16,7,0,41,0,0,-0.125,0.2,32,4,11,4,4.5,2,6,34,0.344,0.382,0.5,0.882,128,85,0.125,1.04,0.593,,-0.2,27,10,9.0,0,50,13,22,13,13,8,0,56,0,0,0.375,2.7
PIT/PIT201705050,"Friday, May 5, 2017",7:15 p.m. Local,PNC Park,21129,2:41,Night,Home,Pittsburgh Pirates,PIT,Milwaukee Brewers,MIL,34,0,7,0,0.0,1,8,35,0.206,0.229,0.265,0.493,115,96,-0.359,0.61,0.194,,-4.5,24,12,8.0,1,49,21,26,15,11,5,0,61,0,0,-0.141,0.0,32,4,7,3,2.25,2,6,34,0.219,0.265,0.375,0.64,138,79,0.141,0.72,0.426,,-0.0,27,12,9.0,0,46,12,21,14,12,4,0,57,3,0,0.36,4.5
PIT/PIT201705060,"Saturday, May 6, 2017",7:09 p.m. Local,PNC Park,22902,2:58,Night,Home,Pittsburgh Pirates,PIT,Milwaukee Brewers,MIL,32,1,3,1,0.9,2,13,34,0.094,0.147,0.188,0.335,128,93,-0.689,1.84,0.293,,-4.0,28,9,9.1,0,53,18,24,11,9,3,0,61,0,0,0.19,2.5,36,2,11,2,1.93,1,8,37,0.306,0.324,0.417,0.741,139,86,-0.191,1.25,1.008,,-2.5,30,11,10.0,1,56,14,16,12,16,8,0,75,0,0,0.69,4.0
PIT/PIT201705070,"Sunday, May 7, 2017",1:38 p.m. Local,PNC Park,25108,3:07,Day,Away,Milwaukee Brewers,MIL,Pittsburgh Pirates,PIT,33,6,8,5,5.0,3,8,39,0.242,0.324,0.576,0.9,157,82,0.187,1.08,0.624,,1.5,27,10,9.0,1,47,12,24,9,18,4,0,57,1,0,0.315,2.5,32,2,6,2,2.0,5,11,37,0.188,0.297,0.313,0.61,134,93,-0.315,0.71,0.505,,-2.5,27,7,9.0,3,49,12,32,11,11,7,0,51,1,0,-0.186,-1.5
LAN/LAN201705080,"Monday, May 8, 2017",7:10 p.m. Local,Dodger Stadium,37314,3:08,Night,Home,Los Angeles Dodgers,LAD,Pittsburgh Pirates,PIT,32,1,5,1,1.0,2,17,34,0.156,0.206,0.188,0.393,170,105,-0.095,0.29,0.031,,-3.5,24,7,8.0,2,55,23,27,12,3,3,0,18,0,0,-0.404,-8.0,39,12,15,12,11.25,4,7,43,0.385,0.442,0.615,1.057,154,112,0.405,0.17,0.479,,8.0,27,10,9.0,0,69,13,30,16,16,7,0,73,0,0,0.096,3.5
LAN/LAN201705090,"Tuesday, May 9, 2017",7:10 p.m. Local,Dodger Stadium,47720,3:38,Night,Home,Los Angeles Dodgers,LAD,Pittsburgh Pirates,PIT,33,3,4,3,2.7,2,10,35,0.121,0.171,0.273,0.444,161,95,-0.079,1.9,0.747,,-2.0,29,10,9.2,1,56,16,25,8,15,7,0,51,3,0,-0.42,0.6,41,4,13,4,3.72,2,8,45,0.317,0.364,0.463,0.827,146,107,0.419,1.11,1.774,,-0.6,30,8,10.0,1,71,17,19,14,20,9,0,70,2,2,0.08,2.0
LAN/LAN201705100,"Wednesday, May 10, 2017",7:10 p.m. Local,Dodger Stadium,40719,2:37,Night,Home,Los Angeles Dodgers,LAD,Pittsburgh Pirates,PIT,32,2,5,2,2.0,0,5,32,0.156,0.156,0.281,0.438,122,79,-0.302,0.35,0.105,,-2.5,24,13,8.0,1,42,16,21,12,15,6,0,41,0,0,-0.198,-1.0,29,5,8,5,5.62,4,6,33,0.276,0.364,0.483,0.846,110,75,0.199,0.55,0.377,,1.0,27,10,9.0,1,42,18,15,10,13,7,0,70,0,0,0.301,2.5
ARI/ARI201705110,"Thursday, May 11, 2017",6:40 p.m. Local,Chase Field,17527,2:34,Night,Home,Arizona Diamondbacks,ARI,Pittsburgh Pirates,PIT,26,1,1,1,1.0,2,12,28,0.038,0.107,0.154,0.261,113,83,-0.615,0.78,0.205,,-4.0,24,11,8.0,0,41,20,24,6,8,1,0,59,0,0,0.115,2.5,29,2,7,2,2.25,1,6,31,0.241,0.267,0.379,0.646,128,76,-0.115,1.13,0.402,,-2.5,27,6,9.0,1,41,17,18,15,9,6,0,86,0,0,0.615,4.0
ARI/ARI201705120,"Friday, May 12, 2017",6:40 p.m. Local,Chase Field,21911,2:57,Night,Home,Arizona Diamondbacks,ARI,Pittsburgh Pirates,PIT,33,4,6,4,4.0,2,6,36,0.182,0.25,0.303,0.553,161,77,-0.038,0.43,0.234,,-1.0,24,6,8.0,2,46,6,25,17,10,5,0,16,0,0,-0.464,-6.5,39,11,16,11,12.38,3,11,43,0.41,0.465,0.667,1.132,127,109,0.465,0.4,0.663,,6.5,27,17,9.0,1,63,20,28,11,17,8,0,45,0,0,0.037,1.0
ARI/ARI201705130,"Saturday, May 13, 2017",5:10 p.m. Local,Chase Field,31673,3:00,Night,Away,Pittsburgh Pirates,PIT,Arizona Diamondbacks,ARI,35,4,9,2,3.0,3,7,39,0.257,0.316,0.343,0.659,146,87,0.074,1.32,0.688,,-1.0,27,11,9.0,3,53,11,23,21,8,7,0,58,2,0,0.426,2.0,34,3,8,3,3.0,3,6,37,0.235,0.297,0.529,0.827,142,89,-0.427,0.95,0.566,,-2.0,27,19,9.0,0,51,20,18,14,14,4,0,42,0,0,-0.073,1.0
ARI/ARI201705140,"Sunday, May 14, 2017",1:11 p.m. Local,Chase Field,34088,4:08,Day,Away,Pittsburgh Pirates,PIT,Arizona Diamondbacks,ARI,38,6,9,5,5.4,6,9,46,0.237,0.356,0.474,0.829,190,114,0.234,2.07,1.237,,0.4,30,12,10.0,2,61,21,32,13,18,6,0,45,3,1,0.263,1.6,42,4,14,4,3.6,6,9,49,0.333,0.429,0.524,0.952,191,123,-0.263,1.25,1.52,,-1.6,30,11,10.0,3,76,16,31,18,15,10,0,33,0,0,-0.235,-0.4
PIT/PIT201705160,"Tuesday, May 16, 2017",7:06 p.m. Local,PNC Park,16992,3:30,Night,Away,Washington Nationals,WSN,Pittsburgh Pirates,PIT,39,8,14,8,8.0,2,8,41,0.359,0.39,0.641,1.031,178,105,0.347,0.88,0.788,,3.5,27,11,9.0,1,56,22,27,11,20,13,0,52,6,3,0.152,0.5,35,4,8,3,3.0,3,7,38,0.229,0.289,0.429,0.718,161,118,-0.153,0.69,0.552,,-0.5,27,8,9.0,2,76,14,28,14,14,10,0,20,2,1,-0.348,-3.5
PIT/PIT201705170,"Wednesday, May 17, 2017",7:05 p.m. Local,PNC Park,18803,3:03,Night,Home,Pittsburgh Pirates,PIT,Washington Nationals,WSN,29,1,3,1,1.0,3,3,32,0.103,0.188,0.138,0.325,143,90,-0.365,0.91,0.232,,-3.5,24,17,8.0,1,59,6,27,12,14,4,0,43,3,2,-0.134,-2.0,29,6,8,6,6.75,6,2,37,0.276,0.405,0.379,0.785,134,77,0.134,0.86,0.658,,2.0,27,10,9.0,0,50,6,21,20,8,5,0,68,0,0,0.366,3.5
PIT/PIT201705180,"Thursday, May 18, 2017",12:36 p.m. Local,PNC Park,27728,3:17,Day,Home,Pittsburgh Pirates,PIT,Washington Nationals,WSN,33,4,6,2,2.0,4,11,37,0.182,0.27,0.333,0.604,176,98,0.013,0.73,0.699,,-0.5,24,8,8.0,2,55,19,24,10,12,5,0,22,3,2,-0.513,-6.0,35,10,13,10,10.12,5,4,41,0.371,0.439,0.6,1.039,150,111,0.514,0.92,0.879,,6.0,27,9,9.0,1,67,13,31,10,22,12,0,52,2,0,-0.012,0.5
PIT/PIT201705190,"Friday, May 19, 2017",7:06 p.m. Local,PNC Park,25795,2:54,Night,Away,Philadelphia Phillies,PHI,Pittsburgh Pirates,PIT,35,7,9,7,6.0,2,1,38,0.257,0.289,0.429,0.718,125,96,0.212,0.78,0.731,,2.5,27,9,9.0,0,70,6,21,17,18,7,0,63,0,0,0.289,2.5,31,2,3,1,1.0,1,3,32,0.097,0.125,0.129,0.254,136,79,-0.287,0.97,0.251,,-2.5,27,16,9.0,1,48,8,23,11,17,8,0,47,1,0,-0.213,-2.5
PIT/PIT201705200,"Saturday, May 20, 2017",4:05 p.m. Local,PNC Park,32572,2:52,Day,Home,Pittsburgh Pirates,PIT,Philadelphia Phillies,PHI,35,3,9,3,3.0,0,3,35,0.257,0.257,0.314,0.571,162,74,-0.292,0.7,0.327,,-1.5,24,7,8.0,1,48,10,16,23,9,7,0,38,1,1,-0.209,-2.0,34,6,10,6,6.75,5,10,39,0.294,0.385,0.382,0.767,107,104,0.209,0.83,0.619,,2.0,27,18,9.0,0,63,15,26,10,14,9,0,51,1,0,0.291,1.5
PIT/PIT201705210,"Sunday, May 21, 2017",1:38 p.m. Local,PNC Park,24445,2:45,Day,Home,Pittsburgh Pirates,PIT,Philadelphia Phillies,PHI,31,0,3,0,0.0,2,9,33,0.097,0.152,0.129,0.281,108,96,-0.733,1.1,0.221,,-4.5,24,11,8.0,0,57,17,22,13,9,2,0,68,2,0,0.234,3.0,27,1,5,1,1.12,4,5,32,0.185,0.313,0.185,0.498,150,65,-0.235,1.37,0.431,,-3.0,27,10,9.0,0,36,7,22,11,11,7,0,68,1,0,0.734,4.5
ATL/ATL201705220,"Monday, May 22, 2017",7:35 p.m. Local,SunTrust Park,21896,3:23,Night,Home,Atlanta Braves,ATL,Pittsburgh Pirates,PIT,33,2,8,1,1.0,3,8,38,0.242,0.324,0.273,0.597,152,105,-0.292,0.8,0.578,,-2.7,24,12,8.0,2,59,15,31,12,14,7,0,25,4,0,-0.21,-0.9,35,5,13,4,5.62,3,3,39,0.371,0.436,0.571,1.007,165,100,0.209,1.12,0.741,,0.9,27,8,9.0,0,71,11,18,12,20,11,0,48,2,0,0.29,2.7
ATL/ATL201705230,"Tuesday, May 23, 2017",7:37 p.m. Local,SunTrust Park,25040,3:03,Night,Home,Atlanta Braves,ATL,Pittsburgh Pirates,PIT,40,5,15,5,5.0,4,5,45,0.375,0.444,0.5,0.944,136,101,0.501,1.81,1.526,,0.3,26,14,8.2,1,57,10,34,19,16,8,0,48,1,1,-1.0,-1.8,38,6,15,6,6.23,3,6,41,0.395,0.439,0.579,1.018,152,93,1.003,1.57,2.104,,1.8,27,13,9.0,1,62,9,22,15,17,9,0,37,2,0,-0.501,-0.3
ATL/ATL201705240,"Wednesday, May 24, 2017",7:37 p.m. Local,SunTrust Park,25981,4:02,Night,Away,Pittsburgh Pirates,PIT,Atlanta Braves,ATL,43,12,14,12,8.1,7,10,52,0.326,0.42,0.628,1.048,160,145,0.649,1.15,1.772,,6.8,30,10,10.0,0,91,19,35,17,18,5,0,49,2,2,-0.147,0.2,41,5,12,5,4.5,2,13,44,0.293,0.341,0.415,0.756,213,105,0.147,1.59,1.088,,-0.2,30,8,10.0,4,59,23,23,12,15,9,1,62,3,0,-0.646,-6.8
ATL/ATL201705250,"Thursday, May 25, 2017",12:10 p.m. Local,SunTrust Park,33713,2:41,Day,Away,Pittsburgh Pirates,PIT,Atlanta Braves,ATL,38,9,13,8,9.0,4,6,43,0.342,0.405,0.526,0.931,110,93,0.33,0.29,0.556,,4.3,27,11,9.0,0,55,10,28,21,12,5,0,47,2,1,0.169,0.7,37,4,11,4,4.0,1,2,38,0.297,0.316,0.405,0.721,150,75,-0.168,0.43,0.076,,-0.7,27,13,9.0,1,50,7,18,16,19,15,0,17,0,0,-0.331,-4.3
PIT/PIT201705260,"Friday, May 26, 2017",7:05 p.m. Local,PNC Park,29408,2:57,Night,Away,New York Mets,NYM,Pittsburgh Pirates,PIT,39,8,12,8,8.0,4,7,44,0.308,0.364,0.615,0.979,123,115,0.327,0.54,0.657,,3.5,27,6,9.0,1,75,14,26,9,24,11,0,76,1,0,0.175,3.5,33,1,6,1,1.0,1,11,34,0.182,0.206,0.273,0.479,169,84,-0.175,0.47,0.176,,-3.5,27,8,9.0,2,39,20,25,10,12,6,0,30,0,0,-0.325,-3.5
PIT/PIT201705270,"Saturday, May 27, 2017",7:17 p.m. Local,PNC Park,31658,3:33,Night,Home,Pittsburgh Pirates,PIT,New York Mets,NYM,43,4,12,4,3.6,1,10,44,0.279,0.295,0.605,0.9,177,111,-0.112,2.21,0.763,,-1.0,29,11,9.2,1,64,17,30,13,20,11,0,49,4,1,-0.386,-0.8,40,5,13,5,4.66,4,6,45,0.325,0.4,0.5,0.9,164,109,0.386,1.03,1.993,,0.8,30,7,10.0,3,69,13,27,14,20,6,0,33,0,0,0.114,1.0
PIT/PIT201705280,"Sunday, May 28, 2017",8:08 p.m. Local,PNC Park,21828,3:13,Night,Away,New York Mets,NYM,Pittsburgh Pirates,PIT,41,7,14,7,7.0,0,7,41,0.341,0.341,0.512,0.854,162,103,0.318,0.66,0.711,,2.5,27,8,9.0,1,61,11,31,19,16,8,0,58,0,0,0.182,2.5,35,2,9,2,2.0,4,8,39,0.257,0.333,0.371,0.705,157,109,-0.181,0.7,0.36,,-2.5,27,13,9.0,1,61,15,33,12,15,5,0,34,0,0,-0.319,-2.5
PIT/PIT201705290,"Monday, May 29, 2017",4:08 p.m. Local,PNC Park,16939,3:02,Day,Home,Pittsburgh Pirates,PIT,Arizona Diamondbacks,ARI,33,3,7,3,3.0,1,6,37,0.212,0.278,0.333,0.611,150,86,-0.104,1.08,0.768,,-1.5,24,9,8.0,1,53,10,23,11,17,6,0,63,3,1,-0.395,0.0,30,4,9,4,4.5,2,9,33,0.3,0.333,0.567,0.9,129,93,0.393,1.22,1.051,,-0.0,27,9,9.0,1,51,19,23,11,11,4,0,63,0,0,0.105,1.5
PIT/PIT201705300,"Tuesday, May 30, 2017",7:08 p.m. Local,PNC Park,14996,2:10,Night,Away,Arizona Diamondbacks,ARI,Pittsburgh Pirates,PIT,32,3,7,3,3.0,1,5,34,0.219,0.242,0.313,0.555,115,70,-0.014,0.9,0.524,,-1.5,27,10,9.0,0,44,7,19,14,14,4,0,89,,,0.515,4.5,30,0,4,0,0.0,0,10,30,0.133,0.133,0.167,0.3,99,76,-0.515,0.91,0.164,,-4.5,27,15,9.0,0,35,20,21,10,10,7,0,55,0,0,0.015,1.5
PIT/PIT201705310,"Wednesday, May 31, 2017",12:37 p.m. Local,PNC Park,20990,4:40,Day,Away,Arizona Diamondbacks,ARI,Pittsburgh Pirates,PIT,54,6,14,6,3.86,6,14,61,0.259,0.333,0.5,0.833,197,157,0.283,2.11,1.829,,-1.0,42,19,14.0,1,97,30,30,24,17,8,0,51,0,0,0.214,2.0,49,5,10,4,2.57,5,13,55,0.204,0.278,0.327,0.604,253,126,-0.214,1.45,1.793,,-2.0,42,17,14.0,2,71,29,26,22,15,5,0,54,2,0,-0.285,1.0
NYN/NYN201706020,"Friday, June 2, 2017",7:10 p.m. Local,Citi Field,33047,3:18,Night,Away,Pittsburgh Pirates,PIT,New York Mets,NYM,38,12,13,12,12.0,5,9,46,0.342,0.435,0.632,1.066,156,116,1.028,0.75,1.497,,7.6,27,7,9.0,3,75,10,31,13,17,6,0,27,0,0,-0.528,-2.6,35,7,9,6,7.0,4,9,39,0.257,0.333,0.571,0.905,179,91,0.528,1.01,1.007,,2.6,27,8,9.0,3,53,12,26,11,15,4,0,34,4,2,-1.029,-7.6
NYN/NYN201706030,"Saturday, June 3, 2017",7:15 p.m. Local,Citi Field,34035,3:06,Night,Home,New York Mets,NYM,Pittsburgh Pirates,PIT,38,2,10,2,2.0,3,9,41,0.263,0.317,0.395,0.712,135,116,-0.337,0.67,0.77,,-2.4,24,8,8.0,3,72,19,25,13,16,7,0,43,0,0,-0.164,-0.1,29,4,7,4,4.5,4,7,33,0.241,0.333,0.586,0.92,168,80,0.162,1.45,0.592,,0.1,27,8,9.0,1,36,11,33,7,15,5,0,50,2,0,0.338,2.4
NYN/NYN201706040,"Sunday, June 4, 2017",1:10 p.m. Local,Citi Field,35323,2:54,Day,Away,Pittsburgh Pirates,PIT,New York Mets,NYM,38,11,15,11,9.0,2,6,45,0.395,0.419,0.553,0.971,121,112,0.321,0.8,0.536,,6.6,27,11,9.0,0,62,15,35,15,21,12,0,60,0,0,0.178,3.4,30,1,7,0,1.0,3,3,33,0.233,0.303,0.3,0.603,165,75,-0.177,0.47,0.367,,-3.4,27,11,9.0,1,47,8,20,9,18,8,0,39,0,0,-0.323,-6.6
BAL/BAL201706060,"Tuesday, June 6, 2017",7:10 p.m. Local,Oriole Park at Camden Yards,26724,3:25,Night,Home,Baltimore Orioles,BAL,Pittsburgh Pirates,PIT,37,5,9,5,4.5,4,11,42,0.243,0.333,0.432,0.766,144,110,0.011,1.4,0.657,,-0.1,29,12,9.2,4,63,13,34,13,13,9,0,53,1,0,-0.51,-1.1,39,6,10,6,5.59,1,8,40,0.256,0.275,0.564,0.839,181,101,0.511,0.84,1.474,,1.1,30,10,10.0,1,62,16,23,12,19,9,0,46,1,0,-0.011,0.1
BAL/BAL201706070,"Wednesday, June 7, 2017",7:08 p.m. Local,Oriole Park at Camden Yards,19957,4:08,Night,Home,Baltimore Orioles,BAL,Pittsburgh Pirates,PIT,45,6,14,6,4.91,4,9,49,0.311,0.367,0.422,0.79,195,125,-0.039,1.37,0.776,,0.4,32,12,10.2,3,80,15,30,15,21,8,0,55,2,2,-0.461,-3.5,36,9,10,9,7.59,7,9,46,0.278,0.378,0.583,0.961,199,119,0.462,0.9,1.519,,3.5,33,10,11.0,1,61,23,35,15,14,4,0,28,3,0,0.04,-0.4
PIT/PIT201706080,"Thursday, June 8, 2017",7:06 p.m. Local,PNC Park,21744,3:06,Night,Away,Miami Marlins,MIA,Pittsburgh Pirates,PIT,40,7,14,7,7.0,1,7,41,0.35,0.366,0.475,0.841,142,109,0.291,0.52,0.579,,2.5,27,13,9.0,0,69,11,29,20,13,9,0,77,0,0,0.21,3.5,30,1,4,1,1.0,3,9,35,0.133,0.235,0.2,0.435,167,94,-0.208,0.45,0.126,,-3.5,27,15,9.0,0,48,13,33,14,8,3,0,18,2,0,-0.291,-2.5
PIT/PIT201706090,"Friday, June 9, 2017",7:07 p.m. Local,PNC Park,23590,3:25,Night,Away,Miami Marlins,MIA,Pittsburgh Pirates,PIT,42,12,18,11,11.0,1,4,46,0.429,0.444,0.738,1.183,170,93,0.521,0.76,0.826,,7.5,27,9,9.0,0,60,6,27,20,20,12,0,33,4,3,-0.021,-2.5,39,7,13,6,7.0,6,5,46,0.333,0.435,0.462,0.896,143,100,0.021,0.54,0.672,,2.5,27,11,9.0,3,63,8,29,11,23,10,0,17,0,0,-0.521,-7.5
PIT/PIT201706100,"Saturday, June 10, 2017",4:06 p.m. Local,PNC Park,27275,3:11,Day,Home,Pittsburgh Pirates,PIT,Miami Marlins,MIA,36,6,11,6,6.0,1,12,40,0.306,0.342,0.583,0.925,160,100,0.08,1.41,0.879,,1.5,24,11,8.0,0,58,18,24,21,5,2,0,30,0,0,-0.581,-3.0,38,7,16,6,7.88,2,6,41,0.421,0.463,0.605,1.069,144,100,0.581,1.15,1.389,,3.0,27,13,9.0,2,64,12,24,13,19,10,0,33,2,0,-0.081,-1.5
PIT/PIT201706110,"Sunday, June 11, 2017",1:36 p.m. Local,PNC Park,22925,2:32,Day,Home,Pittsburgh Pirates,PIT,Miami Marlins,MIA,32,1,4,1,1.0,0,6,32,0.125,0.125,0.219,0.344,119,76,-0.459,0.6,0.263,,-3.5,24,12,8.0,0,45,10,21,12,14,6,0,42,3,1,-0.038,1.0,34,3,11,3,3.38,2,5,36,0.324,0.361,0.412,0.773,113,84,0.039,1.1,0.399,,-1.0,27,7,9.0,1,49,16,19,16,13,9,0,74,1,0,0.461,3.5
PIT/PIT201706120,"Monday, June 12, 2017",7:06 p.m. Local,PNC Park,16320,3:11,Night,Home,Pittsburgh Pirates,PIT,Colorado Rockies,COL,35,2,11,2,2.0,4,10,39,0.314,0.385,0.371,0.756,138,93,-0.247,0.42,0.317,,-2.5,24,11,8.0,1,50,14,29,16,9,4,0,34,5,2,-0.252,-3.0,34,7,11,7,6.75,5,4,42,0.324,0.415,0.441,0.856,153,86,0.252,0.68,0.472,,3.0,27,12,9.0,0,52,10,24,19,13,8,0,60,0,0,0.249,2.5
PIT/PIT201706130,"Tuesday, June 13, 2017",7:07 p.m. Local,PNC Park,16764,2:42,Night,Home,Pittsburgh Pirates,PIT,Colorado Rockies,COL,30,2,4,2,2.0,4,6,35,0.133,0.235,0.133,0.369,115,85,-0.392,0.99,0.415,,-2.5,24,11,8.0,3,49,9,27,13,12,7,0,60,0,0,-0.108,-1.0,31,5,9,5,5.62,2,8,34,0.29,0.333,0.613,0.946,137,70,0.107,1.13,0.743,,1.0,27,10,9.0,0,42,11,17,14,10,5,0,67,0,0,0.393,2.5
PIT/PIT201706140,"Wednesday, June 14, 2017",7:06 p.m. Local,PNC Park,17308,3:19,Night,Away,Colorado Rockies,COL,Pittsburgh Pirates,PIT,32,5,8,5,5.0,2,8,37,0.25,0.286,0.375,0.661,142,94,0.119,1.26,0.492,,0.5,27,8,9.0,0,54,22,18,16,11,4,0,56,5,1,0.381,3.5,31,1,6,0,1.0,3,5,36,0.194,0.306,0.226,0.531,136,86,-0.383,0.69,0.556,,-3.5,27,12,9.0,1,64,7,15,8,18,7,0,49,2,0,-0.119,-0.5
PIT/PIT201706160,"Friday, June 16, 2017",7:06 p.m. Local,PNC Park,25420,3:31,Night,Away,Chicago Cubs,CHC,Pittsburgh Pirates,PIT,37,9,11,8,9.0,4,8,41,0.297,0.366,0.459,0.825,162,99,0.699,1.06,1.418,,4.5,27,10,9.0,1,61,22,16,13,16,7,0,42,1,1,-0.197,-0.5,35,5,8,5,5.0,4,5,39,0.229,0.308,0.4,0.708,146,99,0.198,1.37,0.911,,0.5,27,11,9.0,0,63,11,25,14,16,9,0,48,4,3,-0.698,-4.5
PIT/PIT201706170,"Saturday, June 17, 2017",8:17 p.m. Local,PNC Park,34383,2:54,Night,Home,Pittsburgh Pirates,PIT,Chicago Cubs,CHC,31,3,7,3,3.0,3,7,35,0.226,0.294,0.452,0.746,139,80,-0.354,0.85,0.682,,-1.5,24,10,8.0,2,51,11,18,10,15,10,0,51,3,0,-0.147,0.0,30,4,6,4,3.38,3,9,34,0.2,0.294,0.5,0.794,117,80,0.149,1.45,0.629,,-0.0,27,11,9.0,2,42,15,23,11,10,9,0,57,1,0,0.352,1.5
PIT/PIT201706180,"Sunday, June 18, 2017",1:36 p.m. Local,PNC Park,34539,2:48,Day,Away,Chicago Cubs,CHC,Pittsburgh Pirates,PIT,37,7,13,7,7.0,1,9,40,0.351,0.368,0.649,1.017,133,98,0.229,0.82,0.565,,2.5,27,17,9.0,1,57,19,22,12,18,12,0,65,0,0,0.27,3.5,29,1,3,1,1.0,3,5,32,0.103,0.188,0.207,0.394,139,77,-0.271,0.56,0.257,,-3.5,27,8,9.0,2,50,8,19,16,8,4,0,38,1,0,-0.23,-2.5
MIL/MIL201706190,"Monday, June 19, 2017",6:42 p.m. Local,Miller Park,25489,3:18,Night,Away,Pittsburgh Pirates,PIT,Milwaukee Brewers,MIL,37,8,11,7,8.0,3,6,42,0.297,0.366,0.405,0.771,134,106,0.24,0.68,0.634,,3.3,27,13,9.0,1,71,11,24,16,16,9,0,70,0,0,0.261,3.7,31,1,5,1,1.0,2,7,34,0.161,0.235,0.323,0.558,173,85,-0.263,0.71,0.276,,-3.7,27,10,9.0,1,50,13,22,14,10,6,0,41,2,0,-0.238,-3.3
MIL/MIL201706200,"Tuesday, June 20, 2017",6:41 p.m. Local,Miller Park,23982,3:13,Night,Away,Pittsburgh Pirates,PIT,Milwaukee Brewers,MIL,37,7,11,7,7.0,2,7,41,0.297,0.366,0.514,0.879,161,96,0.352,0.7,0.53,,2.3,27,12,9.0,1,54,13,29,15,15,9,0,49,1,0,0.149,1.7,34,3,9,3,2.0,4,9,41,0.265,0.359,0.5,0.859,148,100,-0.151,0.41,0.437,,-1.7,27,11,9.0,2,53,21,26,15,12,8,0,22,0,0,-0.349,-2.3
MIL/MIL201706210,"Wednesday, June 21, 2017",7:10 p.m. Local,Miller Park,25134,3:13,Night,Home,Milwaukee Brewers,MIL,Pittsburgh Pirates,PIT,34,3,10,3,3.0,5,12,39,0.294,0.385,0.5,0.885,122,105,-0.264,1.33,0.927,,-1.7,24,9,8.0,1,53,22,30,8,14,11,0,53,3,2,-0.234,0.2,31,4,8,4,4.5,2,8,34,0.258,0.303,0.419,0.722,176,82,0.236,1.45,0.982,,-0.2,27,8,9.0,1,51,18,13,13,11,8,0,47,0,0,0.265,1.7
MIL/MIL201706220,"Thursday, June 22, 2017",1:11 p.m. Local,Miller Park,28428,2:57,Day,Home,Milwaukee Brewers,MIL,Pittsburgh Pirates,PIT,29,2,4,2,2.0,3,10,33,0.138,0.242,0.241,0.484,113,87,-0.399,0.89,0.534,,-2.7,24,17,8.0,1,47,18,22,8,11,4,0,42,0,0,-0.101,0.2,31,4,11,4,4.5,2,5,34,0.355,0.412,0.581,0.992,140,72,0.1,1.25,0.636,,-0.2,27,9,9.0,1,44,10,18,14,12,6,0,65,0,0,0.398,2.7
SLN/SLN201706230,"Friday, June 23, 2017",7:16 p.m. Local,Busch Stadium III,47112,3:08,Night,Away,Pittsburgh Pirates,PIT,St. Louis Cardinals,STL,33,4,5,4,3.0,3,6,36,0.152,0.222,0.333,0.556,166,93,0.224,1.6,1.137,,-0.6,27,5,9.0,2,57,11,25,11,16,9,0,61,4,0,0.277,1.6,31,3,6,3,3.0,6,10,38,0.194,0.324,0.387,0.711,143,102,-0.277,1.5,0.909,,-1.6,27,9,9.0,2,55,24,23,9,13,4,0,70,2,0,-0.224,0.6
SLN/SLN201706240,"Saturday, June 24, 2017",6:16 p.m. Local,Busch Stadium III,46735,3:00,Night,Away,Pittsburgh Pirates,PIT,St. Louis Cardinals,STL,33,7,6,7,7.0,3,6,39,0.182,0.308,0.394,0.702,156,89,0.296,0.53,0.619,,2.4,27,9,9.0,1,50,16,23,13,14,4,0,61,0,0,0.205,1.6,33,3,8,3,3.0,4,7,37,0.242,0.324,0.364,0.688,145,89,-0.205,0.57,0.226,,-1.6,27,11,9.0,2,50,10,29,8,18,9,0,29,3,2,-0.294,-2.4
SLN/SLN201706250,"Sunday, June 25, 2017",7:08 p.m. Local,Busch Stadium III,43719,3:11,Night,Home,St. Louis Cardinals,STL,Pittsburgh Pirates,PIT,31,4,7,4,3.0,2,3,35,0.226,0.257,0.355,0.612,177,93,0.044,1.35,0.587,,-0.6,24,7,8.0,1,60,13,20,17,13,7,0,40,3,3,-0.543,-3.9,34,8,11,8,7.88,4,10,40,0.324,0.41,0.471,0.881,139,112,0.542,0.95,1.335,,3.9,27,12,9.0,0,66,23,23,13,13,8,0,46,1,0,-0.042,0.6
PIT/PIT201706270,"Tuesday, June 27, 2017",7:08 p.m. Local,PNC Park,20424,3:05,Night,Away,Tampa Bay Rays,TBR,Pittsburgh Pirates,PIT,34,4,7,3,2.7,1,10,37,0.206,0.222,0.235,0.458,132,85,0.239,1.83,0.785,,-1.0,30,6,10.0,0,59,17,11,13,11,6,1,81,0,0,0.261,3.0,33,2,4,2,1.8,3,5,37,0.121,0.216,0.182,0.398,129,85,-0.264,0.94,0.938,,-3.0,30,11,10.0,0,47,4,34,8,20,8,0,64,1,0,-0.239,1.0
PIT/PIT201706280,"Wednesday, June 28, 2017",7:08 p.m. Local,PNC Park,21582,3:01,Night,Home,Pittsburgh Pirates,PIT,Tampa Bay Rays,TBR,35,2,10,2,2.0,3,4,40,0.286,0.35,0.4,0.75,143,90,-0.16,0.55,0.578,,-2.5,24,10,8.0,1,60,14,16,14,18,13,0,36,0,0,-0.341,-2.0,28,6,6,5,6.75,5,9,34,0.214,0.333,0.393,0.726,146,88,0.341,1.01,0.551,,2.0,27,12,9.0,0,47,17,24,11,9,2,0,44,0,0,0.159,2.5
PIT/PIT201706290,"Thursday, June 29, 2017",7:07 p.m. Local,PNC Park,22595,2:54,Night,Home,Pittsburgh Pirates,PIT,Tampa Bay Rays,TBR,34,0,8,0,0.0,2,8,37,0.235,0.297,0.294,0.591,130,96,-0.427,0.63,0.418,,-4.5,24,10,8.0,2,57,10,29,12,14,9,0,49,2,0,-0.075,0.0,32,4,10,4,4.5,1,6,35,0.312,0.371,0.531,0.903,138,86,0.075,1.07,0.475,,-0.0,27,7,9.0,0,50,14,23,14,12,7,0,61,2,0,0.426,4.5
PIT/PIT201706300,"Friday, June 30, 2017",7:07 p.m. Local,PNC Park,26407,4:01,Night,Away,San Francisco Giants,SFG,Pittsburgh Pirates,PIT,43,13,18,13,13.0,5,7,51,0.419,0.49,0.605,1.095,176,120,0.539,1.06,0.997,,8.5,27,9,9.0,0,75,15,30,12,25,16,0,40,1,1,-0.037,-0.5,34,5,10,5,5.0,5,6,42,0.294,0.39,0.382,0.773,189,101,0.038,0.8,0.691,,0.5,27,7,9.0,2,67,13,21,12,18,12,0,25,10,4,-0.537,-8.5
PIT/PIT201707010,"Saturday, July 1, 2017",4:06 p.m. Local,PNC Park,27247,4:00,Day,Away,San Francisco Giants,SFG,Pittsburgh Pirates,PIT,37,2,5,1,0.82,3,8,41,0.135,0.22,0.27,0.49,196,99,-0.369,1.9,0.989,,-3.5,33,10,11.0,0,55,11,33,9,20,8,0,56,4,0,0.868,4.5,39,1,7,1,0.82,10,11,49,0.179,0.347,0.256,0.603,158,116,-0.868,1.74,0.789,,-4.5,33,13,11.0,1,59,21,36,14,14,7,0,66,0,0,0.368,3.5
PIT/PIT201707020,"Sunday, July 2, 2017",1:38 p.m. Local,PNC Park,32144,2:55,Day,Away,San Francisco Giants,SFG,Pittsburgh Pirates,PIT,34,5,8,5,5.0,1,7,36,0.235,0.25,0.382,0.632,130,90,0.268,0.86,0.895,,0.5,27,5,9.0,2,55,14,21,14,14,5,0,57,0,0,0.23,1.5,34,3,7,3,3.0,0,7,34,0.206,0.206,0.471,0.676,141,96,-0.231,1.19,0.388,,-1.5,27,9,9.0,1,58,8,30,9,18,7,0,60,2,2,-0.27,-0.5
PHI/PHI201707030,"Monday, July 3, 2017",7:07 p.m. Local,Citizens Bank Park,26498,2:36,Night,Home,Philadelphia Phillies,PHI,Pittsburgh Pirates,PIT,32,0,4,0,0.0,1,9,33,0.125,0.152,0.188,0.339,116,86,-0.319,0.38,0.193,,-4.6,24,14,8.0,2,43,15,28,11,13,6,0,42,0,0,-0.182,0.1,30,4,7,4,4.5,1,3,31,0.233,0.258,0.467,0.725,123,74,0.182,0.74,0.379,,-0.1,27,9,9.0,0,46,11,17,15,12,7,0,76,0,0,0.32,4.6
PHI/PHI201707040,"Tuesday, July 4, 2017",4:12 p.m. Local,Citizens Bank Park,24087,3:01,Day,Away,Pittsburgh Pirates,PIT,Philadelphia Phillies,PHI,30,3,5,3,3.0,2,10,35,0.167,0.257,0.367,0.624,154,83,-0.052,1.47,0.444,,-1.6,27,6,9.0,0,44,15,24,9,12,4,0,66,3,0,0.55,4.6,32,0,6,0,0.0,5,14,38,0.188,0.297,0.281,0.579,133,98,-0.551,0.85,0.604,,-4.6,27,9,9.0,2,52,19,27,8,11,3,0,55,1,0,0.051,1.6
PHI/PHI201707050,"Wednesday, July 5, 2017",7:06 p.m. Local,Citizens Bank Park,19099,3:16,Night,Away,Pittsburgh Pirates,PIT,Philadelphia Phillies,PHI,35,5,8,5,3.0,4,6,40,0.229,0.3,0.371,0.671,153,96,0.249,0.94,0.691,,0.4,27,6,9.0,1,54,15,27,16,14,5,0,57,0,0,0.252,2.6,36,2,10,2,2.0,1,13,37,0.278,0.297,0.444,0.742,163,102,-0.251,0.79,0.516,,-2.6,27,14,9.0,0,53,22,27,9,14,6,0,43,1,0,-0.247,-0.4
PHI/PHI201707060,"Thursday, July 6, 2017",6:52 p.m. Local,Citizens Bank Park,33059,2:58,Night,Away,Pittsburgh Pirates,PIT,Philadelphia Phillies,PHI,38,6,11,6,6.0,2,8,40,0.289,0.325,0.553,0.878,123,95,0.455,1.02,0.979,,1.4,27,16,9.0,0,56,15,24,13,17,10,0,55,0,0,0.045,1.6,27,3,6,2,2.0,3,4,30,0.222,0.3,0.259,0.559,145,76,-0.046,0.81,0.567,,-1.6,27,8,9.0,2,50,9,17,13,10,6,0,54,3,0,-0.456,-1.4
CHN/CHN201707070,"Friday, July 7, 2017",1:21 p.m. Local,Wrigley Field,41294,3:46,Day,Home,Chicago Cubs,CHC,Pittsburgh Pirates,PIT,32,1,6,1,0.0,6,6,40,0.188,0.333,0.219,0.552,168,107,-0.372,0.86,0.525,,-3.8,24,10,8.0,3,75,13,19,12,15,8,0,38,0,0,-0.128,-1.7,33,6,10,6,6.75,5,5,39,0.303,0.395,0.667,1.061,179,106,0.128,1.06,0.768,,1.7,27,9,9.0,0,73,10,23,15,14,9,0,52,2,0,0.374,3.8
CHN/CHN201707080,"Saturday, July 8, 2017",6:15 p.m. Local,Wrigley Field,41865,2:59,Night,Away,Pittsburgh Pirates,PIT,Chicago Cubs,CHC,34,4,7,4,3.0,2,8,38,0.206,0.289,0.382,0.672,126,92,0.141,1.17,0.796,,-0.8,27,11,9.0,2,52,17,23,13,13,9,0,65,2,0,0.359,2.8,31,2,4,2,2.0,2,8,33,0.129,0.182,0.355,0.537,143,83,-0.36,1.01,0.509,,-2.8,27,12,9.0,1,54,12,17,11,12,3,0,44,2,0,-0.14,0.8
CHN/CHN201707090,"Sunday, July 9, 2017",12:11 p.m. Local,Wrigley Field,41604,3:14,Day,Away,Pittsburgh Pirates,PIT,Chicago Cubs,CHC,38,14,12,14,8.0,7,3,48,0.316,0.447,0.632,1.078,140,98,0.482,0.08,0.519,,9.2,27,14,9.0,0,59,8,31,15,21,11,0,52,0,0,0.017,1.8,35,3,11,3,3.0,5,5,40,0.314,0.4,0.429,0.829,173,88,-0.017,0.3,0.05,,-1.8,27,13,9.0,3,55,14,19,15,15,11,0,9,2,1,-0.483,-9.2
PIT/PIT201707140,"Friday, July 14, 2017",7:07 p.m. Local,PNC Park,24988,3:06,Night,Home,Pittsburgh Pirates,PIT,St. Louis Cardinals,STL,33,2,6,2,2.0,0,5,33,0.182,0.182,0.273,0.455,140,88,-0.434,1.73,0.411,,-2.5,25,13,8.1,1,57,8,23,10,18,9,0,43,0,0,-0.064,-0.8,34,5,12,5,5.4,6,6,40,0.353,0.45,0.529,0.979,135,91,0.065,1.24,1.279,,0.8,27,9,9.0,1,56,12,23,16,12,6,0,60,0,0,0.437,2.5
PIT/PIT201707150,"Saturday, July 15, 2017",7:07 p.m. Local,PNC Park,35658,3:00,Night,Away,St. Louis Cardinals,STL,Pittsburgh Pirates,PIT,32,4,8,3,4.0,2,9,35,0.25,0.294,0.344,0.638,147,92,0.124,0.93,0.569,,-0.5,27,12,9.0,0,52,14,26,14,10,6,0,60,2,0,0.376,4.5,35,0,9,0,0.0,1,5,36,0.257,0.278,0.314,0.592,140,91,-0.377,0.7,0.394,,-4.5,27,14,9.0,0,52,13,26,16,14,8,0,40,0,0,-0.124,0.5
PIT/PIT201707160,"Sunday, July 16, 2017",1:38 p.m. Local,PNC Park,29247,3:02,Day,Home,Pittsburgh Pirates,PIT,St. Louis Cardinals,STL,36,3,12,3,2.0,3,8,40,0.333,0.385,0.472,0.857,130,91,0.013,1.66,0.98,,-1.5,26,8,8.2,1,55,13,23,15,14,8,0,63,0,0,-0.512,0.1,34,4,8,4,4.15,2,6,37,0.235,0.297,0.353,0.65,136,87,0.513,1.36,1.375,,-0.1,27,12,9.0,1,51,11,25,13,15,9,0,48,2,0,-0.012,1.5
PIT/PIT201707170,"Monday, July 17, 2017",7:06 p.m. Local,PNC Park,18506,3:15,Night,Home,Pittsburgh Pirates,PIT,Milwaukee Brewers,MIL,35,2,8,2,2.0,4,10,40,0.229,0.325,0.257,0.582,127,103,-0.372,1.19,0.686,,-2.5,24,12,8.0,0,64,12,27,17,8,4,0,42,3,0,-0.128,0.0,34,4,13,4,4.5,3,5,38,0.382,0.421,0.471,0.892,166,80,0.127,1.55,0.786,,-0.0,27,11,9.0,0,44,10,27,16,14,11,0,57,3,0,0.373,2.5
PIT/PIT201707180,"Tuesday, July 18, 2017",7:07 p.m. Local,PNC Park,20462,2:58,Night,Home,Pittsburgh Pirates,PIT,Milwaukee Brewers,MIL,37,3,13,3,3.0,1,11,38,0.351,0.368,0.459,0.828,127,93,-0.289,0.93,0.752,,-1.5,24,8,8.0,2,59,14,20,16,10,5,0,54,0,0,-0.211,0.0,29,4,6,4,4.5,2,4,31,0.207,0.258,0.414,0.672,129,79,0.212,1.39,0.714,,-0.0,27,10,9.0,1,54,7,18,10,15,5,0,45,0,0,0.289,1.5
PIT/PIT201707190,"Wednesday, July 19, 2017",7:06 p.m. Local,PNC Park,24401,3:23,Night,Home,Pittsburgh Pirates,PIT,Milwaukee Brewers,MIL,37,2,8,2,1.8,1,15,38,0.216,0.237,0.324,0.561,152,99,-0.319,2.1,0.507,,-3.0,29,13,9.2,0,52,17,30,16,6,1,0,62,0,0,-0.18,1.5,37,3,12,3,1.86,3,6,41,0.324,0.366,0.351,0.717,141,95,0.18,1.05,1.527,,-1.5,30,13,10.0,1,52,15,28,15,17,7,0,71,0,0,0.321,3.0
PIT/PIT201707200,"Thursday, July 20, 2017",12:35 p.m. Local,PNC Park,33493,3:03,Day,Home,Pittsburgh Pirates,PIT,Milwaukee Brewers,MIL,34,2,9,2,2.0,4,10,38,0.265,0.342,0.353,0.695,127,111,-0.309,0.78,0.686,,-2.5,24,11,8.0,1,68,22,21,13,11,5,0,43,0,0,-0.194,0.0,30,4,8,4,4.5,1,5,32,0.267,0.29,0.367,0.657,173,85,0.196,1.31,0.609,,-0.0,27,11,9.0,0,50,13,22,11,15,10,0,54,1,0,0.307,2.5
COL/COL201707210,"Friday, July 21, 2017",6:43 p.m. Local,Coors Field,41192,3:36,Night,Away,Pittsburgh Pirates,PIT,Colorado Rockies,COL,42,13,18,13,13.0,6,5,52,0.429,0.538,0.667,1.205,137,114,0.507,0.55,0.998,,7.6,27,17,9.0,1,81,8,25,21,16,11,0,42,1,1,-0.008,0.4,33,5,9,5,5.0,2,7,35,0.273,0.314,0.455,0.769,185,90,0.007,0.68,0.463,,-0.4,27,17,9.0,1,58,10,22,17,9,3,0,11,2,1,-0.508,-7.6
COL/COL201707220,"Saturday, July 22, 2017",6:11 p.m. Local,Coors Field,48235,3:07,Night,Home,Colorado Rockies,COL,Pittsburgh Pirates,PIT,31,3,6,3,3.0,6,10,38,0.194,0.342,0.323,0.665,145,94,-0.315,0.74,0.543,,-2.4,24,13,8.0,0,53,20,21,10,11,8,0,41,0,0,-0.184,-2.2,34,7,13,7,7.88,3,5,39,0.382,0.421,0.588,1.009,151,87,0.184,1.0,0.645,,2.2,27,8,9.0,1,65,7,15,15,16,12,0,70,2,0,0.315,2.4
COL/COL201707230,"Sunday, July 23, 2017",1:11 p.m. Local,Coors Field,40118,3:19,Day,Home,Colorado Rockies,COL,Pittsburgh Pirates,PIT,37,3,11,3,3.0,4,7,42,0.297,0.366,0.432,0.798,139,101,-0.208,0.5,0.312,,-2.4,24,11,8.0,5,65,13,23,24,7,3,0,25,1,0,-0.291,-8.2,38,13,15,13,14.62,3,8,42,0.395,0.452,0.816,1.268,170,93,0.292,0.64,0.529,,8.2,27,16,9.0,1,57,17,19,15,15,8,0,53,0,0,0.208,2.4
SFN/SFN201707240,"Monday, July 24, 2017",7:15 p.m. Local,AT&T Park,40030,3:27,Night,Away,Pittsburgh Pirates,PIT,San Francisco Giants,SFG,39,10,14,10,6.0,3,7,44,0.359,0.405,0.59,0.995,187,102,0.377,0.63,0.586,,5.4,27,11,9.0,0,65,10,27,17,17,15,0,52,0,0,0.125,1.6,34,3,9,3,3.0,6,5,40,0.265,0.375,0.294,0.669,170,114,-0.124,0.42,0.355,,-1.6,27,16,9.0,2,73,17,24,15,14,8,0,34,1,0,-0.375,-5.4
SFN/SFN201707250,"Tuesday, July 25, 2017",7:15 p.m. Local,AT&T Park,41232,3:10,Night,Home,San Francisco Giants,SFG,Pittsburgh Pirates,PIT,38,3,12,3,3.0,2,8,41,0.316,0.341,0.395,0.736,169,101,-0.177,0.46,0.165,,-1.6,24,13,8.0,0,65,6,30,13,18,12,0,3,1,1,-0.327,-6.9,39,11,14,10,11.25,3,3,43,0.359,0.419,0.564,0.983,149,99,0.328,0.42,0.501,,6.9,27,8,9.0,0,64,8,27,19,17,9,0,54,0,0,0.174,1.6
SFN/SFN201707260,"Wednesday, July 26, 2017",12:45 p.m. Local,AT&T Park,41038,2:38,Day,Home,San Francisco Giants,SFG,Pittsburgh Pirates,PIT,31,1,5,1,1.0,2,9,33,0.161,0.212,0.194,0.406,127,89,-0.627,1.25,0.393,,-3.6,24,14,8.0,0,51,13,25,10,12,5,0,57,0,0,0.126,2.1,30,2,7,2,2.25,4,4,35,0.233,0.324,0.367,0.69,131,81,-0.126,1.43,0.608,,-2.1,27,6,9.0,0,52,8,21,20,7,3,0,71,0,0,0.626,3.6
SDN/SDN201707280,"Friday, July 28, 2017",7:10 p.m. Local,Petco Park,24215,2:44,Night,Home,San Diego Padres,SDP,Pittsburgh Pirates,PIT,29,2,3,2,2.0,1,12,32,0.103,0.188,0.207,0.394,140,79,-0.438,1.23,0.433,,-2.4,24,11,8.0,0,45,14,20,4,13,2,0,51,1,1,-0.063,0.9,28,3,6,2,2.25,6,6,35,0.214,0.371,0.286,0.657,126,84,0.063,1.22,0.773,,-0.9,27,4,9.0,1,49,14,21,9,13,8,0,66,0,0,0.437,2.4
SDN/SDN201707290,"Saturday, July 29, 2017",5:40 p.m. Local,Petco Park,37286,2:50,Night,Home,San Diego Padres,SDP,Pittsburgh Pirates,PIT,30,2,5,1,2.0,3,11,34,0.167,0.265,0.167,0.431,105,101,-0.373,0.57,0.488,,-2.4,24,9,8.0,1,54,18,29,8,11,6,0,41,0,0,-0.127,-0.1,30,4,8,4,4.5,1,9,31,0.267,0.29,0.567,0.857,154,72,0.129,1.2,0.427,,0.1,27,7,9.0,0,42,15,15,8,13,8,0,65,4,2,0.373,2.4
SDN/SDN201707300,"Sunday, July 30, 2017",1:40 p.m. Local,Petco Park,30267,2:49,Day,Away,Pittsburgh Pirates,PIT,San Diego Padres,SDP,37,7,11,7,7.0,3,8,40,0.297,0.35,0.703,1.053,124,97,0.131,0.95,0.533,,2.6,27,8,9.0,1,57,13,27,15,14,7,0,69,0,0,0.368,3.4,32,1,6,1,1.0,2,11,35,0.188,0.257,0.344,0.601,166,79,-0.368,0.59,0.319,,-3.4,27,13,9.0,4,41,15,23,6,15,6,0,45,0,0,-0.132,-2.6
PIT/PIT201708010,"Tuesday, August 1, 2017",7:07 p.m. Local,PNC Park,22403,3:00,Night,Away,Cincinnati Reds,CIN,Pittsburgh Pirates,PIT,39,9,14,9,9.0,3,7,46,0.359,0.409,0.718,1.127,134,103,0.443,0.51,0.621,,4.5,27,12,9.0,0,63,7,33,16,19,8,0,61,0,0,0.057,3.5,32,1,7,1,1.0,2,5,35,0.219,0.286,0.281,0.567,166,84,-0.057,0.34,0.231,,-3.5,27,11,9.0,3,49,13,22,12,15,9,0,9,2,0,-0.444,-4.5
PIT/PIT201708020,"Wednesday, August 2, 2017",7:07 p.m. Local,PNC Park,22367,3:25,Night,Away,Cincinnati Reds,CIN,Pittsburgh Pirates,PIT,35,5,10,5,5.0,4,11,41,0.286,0.35,0.514,0.864,148,113,0.16,1.47,0.936,,0.5,27,11,9.0,0,65,19,29,13,14,6,0,63,1,1,0.341,2.5,32,2,5,2,2.0,4,5,36,0.156,0.25,0.156,0.406,179,83,-0.338,1.18,0.678,,-2.5,27,8,9.0,2,50,6,27,16,11,5,0,52,3,1,-0.159,-0.5
PIT/PIT201708030,"Thursday, August 3, 2017",7:06 p.m. Local,PNC Park,25955,2:29,Night,Home,Pittsburgh Pirates,PIT,Cincinnati Reds,CIN,30,0,4,0,0.0,3,7,34,0.133,0.212,0.133,0.345,132,75,-0.288,0.39,0.182,,-4.5,24,10,8.0,0,44,7,24,10,14,5,0,43,3,2,-0.213,-2.0,36,6,13,5,6.75,0,5,37,0.361,0.351,0.417,0.768,117,91,0.214,0.69,0.391,,2.0,27,10,9.0,0,55,10,26,15,17,6,0,73,0,0,0.287,4.5
PIT/PIT201708040,"Friday, August 4, 2017",9:10 p.m. Local,PNC Park,32243,3:35,Night,Home,Pittsburgh Pirates,PIT,San Diego Padres,SDP,36,6,9,5,3.0,5,9,42,0.25,0.357,0.528,0.885,173,87,0.429,1.28,1.195,,1.5,24,6,8.0,2,54,15,18,13,14,7,0,42,8,4,-0.927,-6.0,36,10,14,9,11.25,5,8,43,0.389,0.452,0.583,1.036,136,104,0.929,1.08,1.607,,6.0,27,11,9.0,3,60,10,34,13,17,6,0,53,3,1,-0.428,-1.5
PIT/PIT201708050,"Saturday, August 5, 2017",7:31 p.m. Local,PNC Park,31817,3:13,Night,Away,San Diego Padres,SDP,Pittsburgh Pirates,PIT,36,5,10,5,5.0,4,7,41,0.278,0.366,0.5,0.866,157,93,0.206,1.27,0.803,,0.5,27,14,9.0,1,63,14,16,11,19,7,0,69,8,1,0.295,2.5,31,2,6,2,2.0,5,6,37,0.194,0.324,0.29,0.615,150,89,-0.296,0.82,0.554,,-2.5,27,7,9.0,2,48,15,26,15,10,3,0,47,0,0,-0.204,-0.5
PIT/PIT201708060,"Sunday, August 6, 2017",1:35 p.m. Local,PNC Park,34175,4:03,Day,Home,Pittsburgh Pirates,PIT,San Diego Padres,SDP,44,4,9,3,3.0,5,14,50,0.205,0.286,0.227,0.513,151,133,-0.375,1.41,1.198,,-2.0,33,17,11.0,1,82,18,33,14,17,7,0,58,3,0,-0.125,0.5,40,5,7,5,0.82,4,8,45,0.175,0.267,0.35,0.617,210,107,0.126,1.77,1.194,,-0.5,36,12,12.0,0,71,15,21,19,13,8,0,61,5,0,0.376,2.0
PIT/PIT201708070,"Monday, August 7, 2017",7:07 p.m. Local,PNC Park,21651,2:37,Night,Home,Pittsburgh Pirates,PIT,Detroit Tigers,DET,27,0,1,0,0.0,2,8,29,0.037,0.103,0.037,0.14,120,76,-0.539,0.73,0.172,,-4.5,24,11,8.0,1,46,12,21,11,8,4,0,54,0,0,0.038,1.0,27,3,5,3,3.38,3,3,31,0.185,0.29,0.333,0.624,129,73,-0.04,1.06,0.444,,-1.0,27,12,9.0,0,45,8,20,10,14,4,0,78,0,0,0.539,4.5
PIT/PIT201708080,"Tuesday, August 8, 2017",7:07 p.m. Local,PNC Park,25112,2:36,Night,Home,Pittsburgh Pirates,PIT,Detroit Tigers,DET,30,3,5,2,3.0,1,7,32,0.167,0.188,0.2,0.388,135,74,-0.311,0.57,0.17,,-1.5,24,4,8.0,1,38,12,24,12,12,7,0,26,2,1,-0.189,-2.0,34,6,10,6,5.62,1,12,36,0.294,0.306,0.412,0.717,115,92,0.188,0.71,0.508,,2.0,27,10,9.0,0,56,14,22,6,17,6,0,55,0,0,0.312,1.5
DET/DET201708090,"Wednesday, August 9, 2017",7:10 p.m. Local,Comerica Park,28902,3:03,Night,Home,Detroit Tigers,DET,Pittsburgh Pirates,PIT,29,0,3,0,0.0,3,7,33,0.103,0.212,0.172,0.385,158,83,-0.353,0.47,0.108,,-4.8,24,9,8.0,1,47,13,23,8,14,5,0,32,3,1,-0.146,-5.7,37,10,14,10,10.12,4,8,43,0.378,0.442,0.595,1.036,123,105,0.146,0.63,0.469,,5.7,27,8,9.0,0,64,18,23,14,16,12,0,83,0,0,0.353,4.8
DET/DET201708100,"Thursday, August 10, 2017",1:10 p.m. Local,Comerica Park,33490,3:06,Day,Away,Pittsburgh Pirates,PIT,Detroit Tigers,DET,38,7,13,7,7.0,2,4,41,0.342,0.366,0.632,0.997,129,100,0.367,0.99,0.8,,2.2,27,10,9.0,1,64,10,26,12,23,10,0,64,2,2,0.133,-0.2,34,5,9,5,5.0,1,8,35,0.265,0.286,0.441,0.727,159,93,-0.135,0.74,0.612,,0.2,27,8,9.0,2,53,12,28,8,18,10,0,19,1,0,-0.368,-2.2
TOR/TOR201708110,"Friday, August 11, 2017",7:08 p.m. Local,Rogers Centre,35965,2:41,Night,Away,Pittsburgh Pirates,PIT,Toronto Blue Jays,TOR,30,4,4,4,0.0,1,6,33,0.133,0.182,0.167,0.348,129,79,0.055,1.4,0.471,,-0.8,27,9,9.0,1,40,18,21,17,8,5,0,58,2,0,0.446,2.8,34,2,8,2,2.0,1,9,36,0.235,0.25,0.353,0.603,120,89,-0.447,0.78,0.563,,-2.8,27,14,9.0,0,50,10,29,11,15,6,0,69,0,0,-0.053,0.8
TOR/TOR201708120,"Saturday, August 12, 2017",1:07 p.m. Local,Rogers Centre,46179,2:50,Day,Home,Toronto Blue Jays,TOR,Pittsburgh Pirates,PIT,35,2,8,2,2.0,3,7,38,0.229,0.289,0.4,0.689,133,81,-0.303,0.83,0.361,,-2.8,24,6,8.0,0,40,20,21,13,15,6,0,53,0,0,-0.197,-2.7,31,7,8,4,4.5,4,9,38,0.258,0.368,0.258,0.626,128,83,0.198,0.8,0.564,,2.7,27,11,9.0,1,47,11,25,9,14,8,0,56,4,0,0.304,2.8
TOR/TOR201708130,"Sunday, August 13, 2017",1:07 p.m. Local,Rogers Centre,43618,2:51,Day,Home,Toronto Blue Jays,TOR,Pittsburgh Pirates,PIT,31,1,4,1,1.0,5,10,36,0.129,0.25,0.129,0.379,148,85,-0.162,0.37,0.223,,-3.8,24,6,8.0,3,38,15,32,10,11,3,0,42,0,0,-0.339,-2.7,31,7,7,6,6.75,6,9,37,0.226,0.351,0.581,0.932,148,88,0.34,0.57,0.542,,2.7,27,8,9.0,0,50,14,24,9,13,4,0,65,2,0,0.162,3.8
MIL/MIL201708150,"Tuesday, August 15, 2017",6:41 p.m. Local,Miller Park,32605,2:53,Night,Home,Milwaukee Brewers,MIL,Pittsburgh Pirates,PIT,31,1,6,1,1.0,3,5,36,0.194,0.286,0.258,0.544,122,84,-0.464,1.05,0.586,,-3.7,24,11,8.0,1,56,10,18,17,11,4,0,59,0,0,-0.038,1.2,29,3,7,3,2.25,3,5,34,0.241,0.333,0.345,0.678,139,81,0.038,1.35,0.579,,-1.2,27,12,9.0,0,48,14,19,16,9,5,0,58,1,0,0.461,3.7
MIL/MIL201708160,"Wednesday, August 16, 2017",1:11 p.m. Local,Miller Park,32439,3:06,Day,Home,Milwaukee Brewers,MIL,Pittsburgh Pirates,PIT,37,6,11,6,4.0,1,11,38,0.297,0.316,0.351,0.667,157,102,0.218,1.14,1.118,,1.3,24,4,8.0,5,51,20,32,10,16,12,0,53,0,0,-0.718,-2.8,32,7,8,7,7.88,3,15,35,0.25,0.314,0.719,1.033,151,103,0.717,1.29,1.373,,2.8,27,8,9.0,0,47,18,38,6,11,4,0,47,2,1,-0.217,-1.3
PIT/PIT201708170,"Thursday, August 17, 2017",7:25 p.m. Local,PNC Park,31499,3:36,Night,Away,St. Louis Cardinals,STL,Pittsburgh Pirates,PIT,39,11,15,11,11.0,5,11,46,0.385,0.467,0.641,1.108,168,114,0.526,1.07,1.175,,6.5,27,14,9.0,1,71,16,27,13,16,10,0,24,2,0,-0.027,-2.5,38,7,15,7,7.0,5,4,44,0.395,0.477,0.553,1.03,187,110,0.025,1.01,0.877,,2.5,27,11,9.0,2,62,16,32,13,21,10,0,41,1,0,-0.527,-6.5
PIT/PIT201708180,"Friday, August 18, 2017",7:07 p.m. Local,PNC Park,29906,3:23,Night,Away,St. Louis Cardinals,STL,Pittsburgh Pirates,PIT,39,11,13,11,11.0,4,5,44,0.333,0.395,0.641,1.036,177,102,0.5,1.24,0.749,,6.5,27,12,9.0,3,69,10,23,17,18,8,0,56,6,2,0.001,-5.5,35,10,10,10,9.0,6,6,43,0.286,0.395,0.657,1.052,171,109,-0.001,0.41,0.676,,5.5,27,13,9.0,3,64,14,31,14,16,7,0,14,2,2,-0.5,-6.5
PIT/PIT201708190,"Saturday, August 19, 2017",4:06 p.m. Local,PNC Park,34660,2:49,Day,Home,Pittsburgh Pirates,PIT,St. Louis Cardinals,STL,33,4,7,4,4.0,1,10,35,0.212,0.257,0.485,0.742,147,85,-0.164,0.41,0.328,,-0.5,24,12,8.0,3,46,13,26,15,8,5,0,29,0,0,-0.337,-2.0,36,6,12,5,6.75,2,7,38,0.333,0.368,0.639,1.007,143,99,0.337,0.66,0.568,,2.0,27,14,9.0,2,58,19,22,14,15,8,0,62,0,0,0.164,0.5
PIT/PIT201708200,"Sunday, August 20, 2017",7:08 p.m. Local,BB&T Park,2596,2:58,Night,Home,Pittsburgh Pirates,PIT,St. Louis Cardinals,STL,37,3,11,3,3.0,2,9,39,0.297,0.333,0.432,0.766,126,107,-0.164,0.55,0.596,,-1.5,24,11,8.0,1,71,12,24,12,16,9,0,22,0,0,-0.336,-2.0,33,6,9,6,6.75,1,7,35,0.273,0.314,0.424,0.739,159,86,0.336,0.97,0.559,,2.0,27,11,9.0,1,50,16,20,15,11,7,0,46,3,0,0.165,1.5
PIT/PIT201708210,"Monday, August 21, 2017",7:07 p.m. Local,PNC Park,19094,4:35,Night,Away,Los Angeles Dodgers,LAD,Pittsburgh Pirates,PIT,47,6,10,6,4.5,6,10,54,0.213,0.315,0.383,0.698,215,120,0.249,1.85,1.61,,-0.0,36,15,12.0,3,69,20,31,16,21,7,0,55,4,1,0.252,1.0,46,5,10,5,3.75,4,10,51,0.217,0.294,0.435,0.729,193,134,-0.251,1.69,1.105,,-1.0,36,11,12.0,2,88,18,28,15,21,11,0,42,0,0,-0.249,0.0
PIT/PIT201708220,"Tuesday, August 22, 2017",7:07 p.m. Local,PNC Park,17288,3:24,Night,Away,Los Angeles Dodgers,LAD,Pittsburgh Pirates,PIT,35,8,10,8,8.0,7,6,43,0.286,0.405,0.429,0.833,156,101,0.515,1.11,1.081,,3.5,27,10,9.0,1,61,16,24,17,13,8,0,26,3,3,-0.017,-0.5,31,5,7,5,5.0,6,11,37,0.226,0.351,0.355,0.706,169,98,0.017,1.14,0.736,,0.5,27,12,9.0,1,54,16,28,10,10,2,0,33,0,0,-0.515,-3.5
PIT/PIT201708230,"Wednesday, August 23, 2017",7:06 p.m. Local,PNC Park,19859,2:34,Night,Home,Pittsburgh Pirates,PIT,Los Angeles Dodgers,LAD,36,0,8,0,0.0,4,7,41,0.222,0.317,0.25,0.567,99,84,-0.827,1.26,0.57,,-5.0,27,7,9.0,1,51,6,27,12,18,8,0,91,,,0.325,3.5,28,1,1,1,1.0,0,10,29,0.036,0.036,0.143,0.179,136,75,-0.325,1.75,0.437,,-3.5,30,10,10.0,0,38,9,28,10,9,2,0,69,0,0,0.826,5.0
PIT/PIT201708240,"Thursday, August 24, 2017",4:06 p.m. Local,PNC Park,22115,3:37,Day,Away,Los Angeles Dodgers,LAD,Pittsburgh Pirates,PIT,38,5,14,5,5.0,8,6,47,0.368,0.478,0.684,1.162,148,116,0.172,1.23,1.037,,0.5,27,13,9.0,0,71,18,27,8,25,11,0,60,3,1,0.328,2.5,33,2,6,2,2.0,4,5,38,0.182,0.289,0.212,0.502,203,85,-0.327,1.07,0.536,,-2.5,27,6,9.0,3,49,10,26,18,10,9,0,39,2,0,-0.173,-0.5
CIN/CIN201708250,"Friday, August 25, 2017",7:10 p.m. Local,Great American Ball Park,20561,3:35,Night,Home,Cincinnati Reds,CIN,Pittsburgh Pirates,PIT,36,5,11,5,5.0,5,15,41,0.306,0.39,0.444,0.835,170,115,-0.039,0.79,0.566,,0.3,24,1,8.0,2,51,31,33,7,14,6,0,30,3,2,-0.46,-4.8,33,9,9,8,7.88,6,11,42,0.273,0.405,0.576,0.981,174,103,0.46,0.88,0.886,,4.8,27,9,9.0,1,63,13,27,5,18,7,0,54,3,0,0.04,-0.3
CIN/CIN201708260,"Saturday, August 26, 2017",6:40 p.m. Local,Great American Ball Park,35259,2:28,Night,Away,Pittsburgh Pirates,PIT,Cincinnati Reds,CIN,28,1,4,1,1.0,1,10,31,0.143,0.172,0.286,0.458,127,90,-0.336,1.48,0.248,,-3.7,27,13,9.0,0,53,17,20,13,7,4,0,73,0,0,0.837,4.7,30,0,5,0,0.0,0,10,31,0.167,0.167,0.167,0.333,134,88,-0.836,0.88,0.25,,-4.7,27,13,9.0,1,45,20,23,16,6,1,0,75,0,0,0.337,3.7
CIN/CIN201708270,"Sunday, August 27, 2017",1:10 p.m. Local,Great American Ball Park,26155,3:18,Day,Away,Pittsburgh Pirates,PIT,Cincinnati Reds,CIN,31,5,8,5,5.0,6,8,40,0.258,0.395,0.355,0.75,177,108,0.059,1.47,0.829,,0.3,27,8,9.0,0,67,23,18,15,10,6,0,46,2,1,0.44,2.7,32,2,6,2,1.0,7,6,40,0.188,0.325,0.219,0.544,163,109,-0.44,1.03,0.708,,-2.7,27,12,9.0,0,71,12,26,12,15,2,0,48,0,0,-0.059,-0.3
CHN/CHN201708280,"Monday, August 28, 2017",7:07 p.m. Local,Wrigley Field,38453,2:50,Night,Home,Chicago Cubs,CHC,Pittsburgh Pirates,PIT,31,1,6,1,1.0,1,5,32,0.194,0.219,0.29,0.509,149,78,-0.448,0.83,0.197,,-3.8,24,9,8.0,0,48,11,19,14,12,8,0,48,0,0,-0.051,-1.7,34,6,11,4,3.38,4,7,39,0.324,0.385,0.412,0.796,123,91,0.052,0.81,0.519,,1.7,27,13,9.0,1,58,15,18,14,14,8,0,65,0,0,0.448,3.8
CHN/CHN201708290,"Tuesday, August 29, 2017",7:06 p.m. Local,Wrigley Field,37370,2:49,Night,Home,Chicago Cubs,CHC,Pittsburgh Pirates,PIT,32,1,6,1,1.0,2,6,35,0.188,0.257,0.313,0.57,125,89,-0.473,0.91,0.384,,-3.8,24,5,8.0,1,55,7,27,14,12,4,0,46,3,1,-0.026,0.3,29,4,8,4,4.5,4,10,34,0.276,0.353,0.448,0.801,139,78,0.027,1.12,0.555,,-0.3,27,13,9.0,1,40,13,25,4,16,7,0,70,2,0,0.473,3.8
CHN/CHN201708300,"Wednesday, August 30, 2017",7:07 p.m. Local,Wrigley Field,36628,3:12,Night,Home,Chicago Cubs,CHC,Pittsburgh Pirates,PIT,33,3,6,3,3.0,0,12,35,0.182,0.229,0.303,0.532,168,103,-0.057,0.51,0.267,,-1.8,24,8,8.0,4,56,17,30,6,15,9,0,35,4,2,-0.441,-12.7,45,17,20,16,18.0,1,9,47,0.444,0.468,0.8,1.268,145,116,0.444,0.58,0.761,,12.7,27,6,9.0,1,67,21,28,13,23,16,0,61,0,0,0.059,1.8
PIT/PIT201709010,"Friday, September 1, 2017",7:05 p.m. Local,PNC Park,23569,3:00,Night,Away,Cincinnati Reds,CIN,Pittsburgh Pirates,PIT,33,7,9,6,7.0,4,8,38,0.273,0.342,0.394,0.736,169,80,0.276,0.9,0.599,,2.5,27,12,9.0,0,41,13,26,12,14,7,0,52,0,0,0.225,1.5,33,3,7,3,3.0,2,8,36,0.212,0.257,0.273,0.53,142,109,-0.225,0.57,0.417,,-1.5,27,13,9.0,0,64,17,29,17,9,2,0,43,0,0,-0.275,-2.5
PIT/PIT201709020,"Saturday, September 2, 2017",7:06 p.m. Local,PNC Park,23529,2:53,Night,Home,Pittsburgh Pirates,PIT,Cincinnati Reds,CIN,31,0,5,0,0.0,2,6,33,0.161,0.212,0.194,0.406,154,91,-0.569,0.96,0.405,,-4.5,24,10,8.0,1,56,11,24,15,10,6,0,65,1,1,0.07,-1.0,35,5,11,4,4.5,2,5,39,0.314,0.385,0.4,0.785,142,94,-0.071,1.4,0.596,,1.0,27,15,9.0,0,61,11,22,13,17,6,0,69,0,0,0.57,4.5
PIT/PIT201709030,"Sunday, September 3, 2017",1:36 p.m. Local,PNC Park,24474,2:49,Day,Home,Pittsburgh Pirates,PIT,Cincinnati Reds,CIN,33,1,11,1,1.0,3,8,38,0.333,0.389,0.424,0.813,131,87,-0.512,0.79,0.607,,-3.5,24,10,8.0,2,63,14,10,14,13,4,0,53,3,0,0.012,1.0,28,3,5,3,2.25,5,7,34,0.179,0.303,0.429,0.732,132,85,-0.012,1.35,0.437,,-1.0,27,12,9.0,0,47,14,24,12,10,2,0,65,0,0,0.512,3.5
PIT/PIT201709040,"Monday, September 4, 2017",4:05 p.m. Local,PNC Park,21068,3:05,Day,Home,Pittsburgh Pirates,PIT,Chicago Cubs,CHC,33,0,7,0,0.0,2,10,35,0.212,0.257,0.303,0.56,165,90,-0.314,0.38,0.18,,-4.5,24,9,8.0,3,47,13,30,9,14,9,0,40,2,2,-0.186,-8.0,39,12,16,12,13.5,4,12,43,0.41,0.465,0.744,1.209,140,103,0.186,0.67,0.432,,8.0,27,8,9.0,0,57,18,28,12,15,10,0,75,0,0,0.315,4.5
PIT/PIT201709050,"Tuesday, September 5, 2017",7:06 p.m. Local,PNC Park,14079,2:35,Night,Home,Pittsburgh Pirates,PIT,Chicago Cubs,CHC,34,3,8,3,3.0,2,3,38,0.235,0.289,0.265,0.554,119,90,-0.239,1.53,0.517,,-1.5,24,16,8.0,1,54,12,24,15,17,8,0,58,1,0,-0.261,0.0,30,4,8,4,4.5,2,4,32,0.267,0.313,0.367,0.679,135,74,0.261,1.25,1.001,,-0.0,27,11,9.0,0,44,8,22,16,10,6,0,37,0,0,0.239,1.5
PIT/PIT201709060,"Wednesday, September 6, 2017",7:05 p.m. Local,PNC Park,17067,3:05,Night,Away,Chicago Cubs,CHC,Pittsburgh Pirates,PIT,29,1,3,1,1.0,5,10,34,0.103,0.235,0.172,0.408,150,80,-0.25,1.42,0.645,,-3.5,27,9,9.0,0,44,17,19,9,10,5,0,65,0,0,0.75,4.5,31,0,6,0,0.0,2,9,33,0.194,0.242,0.194,0.436,127,92,-0.75,1.36,0.331,,-4.5,27,7,9.0,0,52,14,28,10,12,8,0,82,0,0,0.25,3.5
PIT/PIT201709070,"Thursday, September 7, 2017",7:57 p.m. Local,PNC Park,19201,3:13,Night,Away,Chicago Cubs,CHC,Pittsburgh Pirates,PIT,37,8,13,8,8.0,3,8,42,0.351,0.39,0.622,1.012,173,97,0.322,0.71,0.655,,3.5,27,11,9.0,0,63,11,23,18,13,6,0,59,0,0,0.18,2.5,34,2,8,2,2.0,6,9,40,0.235,0.35,0.353,0.703,140,109,-0.181,0.57,0.307,,-2.5,27,14,9.0,1,54,20,35,12,13,10,0,20,1,0,-0.32,-3.5
SLN/SLN201709080,"Friday, September 8, 2017",7:16 p.m. Local,Busch Stadium III,40966,2:58,Night,Home,St. Louis Cardinals,STL,Pittsburgh Pirates,PIT,34,1,9,1,1.0,1,11,35,0.265,0.286,0.265,0.55,124,116,-0.386,0.7,0.246,,-3.6,24,10,8.0,0,63,19,34,16,7,6,0,41,2,0,-0.112,0.1,28,4,5,4,4.5,4,8,33,0.179,0.303,0.214,0.517,161,79,0.113,0.81,0.439,,-0.1,27,13,9.0,0,39,14,26,10,10,5,0,62,3,0,0.388,3.6
SLN/SLN201709090,"Saturday, September 9, 2017",6:15 p.m. Local,Busch Stadium III,44378,2:55,Night,Home,St. Louis Cardinals,STL,Pittsburgh Pirates,PIT,33,3,7,3,3.0,2,12,38,0.212,0.297,0.394,0.691,125,106,-0.28,1.29,0.83,,-1.6,24,7,8.0,2,58,15,33,15,7,3,0,63,0,0,-0.222,0.1,28,4,4,4,3.38,5,8,33,0.143,0.273,0.393,0.666,156,78,0.221,1.51,0.91,,-0.1,27,11,9.0,1,40,12,26,8,12,3,0,62,0,0,0.279,1.6
SLN/SLN201709100,"Sunday, September 10, 2017",1:15 p.m. Local,Busch Stadium III,44683,2:35,Day,Home,St. Louis Cardinals,STL,Pittsburgh Pirates,PIT,32,0,6,0,0.0,0,8,32,0.188,0.188,0.25,0.438,151,78,-0.25,0.5,0.087,,-4.6,24,5,8.0,2,48,9,21,7,17,10,0,42,0,0,-0.25,-2.9,31,7,8,7,6.75,3,9,36,0.258,0.306,0.484,0.789,108,93,0.25,0.43,0.489,,2.9,27,7,9.0,0,55,6,32,8,16,6,0,79,0,0,0.25,4.6
MIL/MIL201709110,"Monday, September 11, 2017",6:43 p.m. Local,Miller Park,27422,3:03,Night,Away,Pittsburgh Pirates,PIT,Milwaukee Brewers,MIL,36,7,9,7,7.0,4,7,40,0.25,0.325,0.556,0.881,137,105,0.204,0.49,0.486,,2.3,27,6,9.0,0,66,13,26,17,12,4,0,75,1,0,0.297,4.7,29,0,3,0,0.0,2,9,31,0.103,0.161,0.103,0.265,164,88,-0.298,0.43,0.056,,-4.7,27,12,9.0,3,46,18,24,8,12,4,0,31,2,2,-0.202,-2.3
MIL/MIL201709120,"Tuesday, September 12, 2017",6:40 p.m. Local,Miller Park,30331,3:00,Night,Home,Milwaukee Brewers,MIL,Pittsburgh Pirates,PIT,32,2,6,2,2.0,3,11,36,0.188,0.257,0.219,0.476,128,97,-0.202,0.83,0.426,,-2.7,24,6,8.0,1,54,18,25,14,8,5,0,46,0,0,-0.299,-0.8,31,5,8,5,5.62,4,11,35,0.258,0.343,0.419,0.762,156,85,0.299,1.03,0.628,,0.8,27,10,9.0,0,42,20,23,6,14,6,0,47,2,0,0.201,2.7
MIL/MIL201709130,"Wednesday, September 13, 2017",7:10 p.m. Local,Miller Park,27436,3:26,Night,Home,Milwaukee Brewers,MIL,Pittsburgh Pirates,PIT,36,2,10,2,1.0,1,4,39,0.278,0.333,0.389,0.722,173,92,-0.148,0.55,0.331,,-2.7,24,8,8.0,1,60,10,22,15,17,7,0,27,2,0,-0.351,-3.8,34,8,12,7,9.0,7,8,41,0.353,0.463,0.529,0.993,136,104,0.35,0.55,0.628,,3.8,27,12,9.0,1,59,21,24,9,17,9,0,49,4,0,0.149,2.7
CIN/CIN201709150,"Friday, September 15, 2017",7:10 p.m. Local,Great American Ball Park,17625,3:14,Night,Home,Cincinnati Reds,CIN,Pittsburgh Pirates,PIT,32,2,7,2,2.0,4,12,38,0.219,0.316,0.344,0.66,146,112,-0.36,0.62,0.407,,-2.7,24,6,8.0,4,68,21,23,8,13,9,0,35,1,0,-0.142,0.2,31,4,9,4,4.5,5,8,38,0.29,0.405,0.742,1.147,170,89,0.142,1.12,0.575,,-0.2,27,5,9.0,0,50,12,27,8,16,5,0,60,5,0,0.358,2.7
CIN/CIN201709160,"Saturday, September 16, 2017",4:11 p.m. Local,Great American Ball Park,25685,2:23,Day,Home,Cincinnati Reds,CIN,Pittsburgh Pirates,PIT,32,1,6,1,1.0,1,7,33,0.188,0.212,0.313,0.525,106,90,-0.605,0.77,0.255,,-3.7,24,6,8.0,1,58,14,18,14,11,6,0,64,2,1,0.104,2.2,26,2,4,2,2.25,2,7,28,0.154,0.214,0.308,0.522,122,63,-0.104,1.15,0.345,,-2.2,27,11,9.0,1,38,12,15,5,14,6,0,78,1,0,0.605,3.7
CIN/CIN201709170,"Sunday, September 17, 2017",1:10 p.m. Local,Great American Ball Park,22228,2:39,Day,Home,Cincinnati Reds,CIN,Pittsburgh Pirates,PIT,29,2,3,2,2.0,4,10,33,0.103,0.212,0.241,0.454,131,84,-0.405,0.63,0.276,,-2.7,24,3,8.0,2,44,20,20,5,14,3,0,47,0,0,-0.095,-0.8,28,5,4,5,5.62,5,12,34,0.143,0.294,0.429,0.723,137,80,0.096,0.82,0.464,,0.8,27,6,9.0,1,37,20,23,6,10,3,0,75,0,0,0.404,2.7
PIT/PIT201709180,"Monday, September 18, 2017",7:07 p.m. Local,PNC Park,16283,2:52,Night,Away,Milwaukee Brewers,MIL,Pittsburgh Pirates,PIT,35,3,10,3,3.0,2,8,37,0.286,0.324,0.457,0.781,122,94,-0.042,1.02,0.566,,-1.5,27,13,9.0,0,52,21,21,11,16,7,0,61,1,0,0.542,4.5,33,0,8,0,0.0,0,11,33,0.242,0.242,0.273,0.515,153,88,-0.543,0.76,0.178,,-4.5,27,11,9.0,1,49,15,24,14,8,5,0,50,2,0,0.042,1.5
PIT/PIT201709190,"Tuesday, September 19, 2017",7:07 p.m. Local,PNC Park,13929,3:04,Night,Away,Milwaukee Brewers,MIL,Pittsburgh Pirates,PIT,30,1,6,1,1.0,5,9,36,0.2,0.314,0.3,0.614,127,88,-0.333,1.64,0.383,,-3.5,27,4,9.0,0,52,17,19,12,10,5,0,70,0,0,0.832,4.5,33,0,6,0,0.0,0,11,33,0.182,0.182,0.182,0.364,153,88,-0.832,0.94,0.44,,-4.5,27,12,9.0,1,47,16,25,7,15,5,0,61,2,0,0.333,3.5
PIT/PIT201709200,"Wednesday, September 20, 2017",7:06 p.m. Local,PNC Park,15741,3:33,Night,Home,Pittsburgh Pirates,PIT,Milwaukee Brewers,MIL,31,4,7,4,4.0,8,8,39,0.226,0.385,0.484,0.868,159,78,0.01,1.51,1.185,,-0.5,26,15,8.2,1,40,17,21,12,11,3,0,36,2,1,-0.507,-1.6,33,6,8,5,5.19,3,4,37,0.242,0.324,0.485,0.809,140,103,0.508,1.73,1.503,,1.6,27,13,9.0,2,69,11,23,15,14,9,0,53,3,2,-0.007,0.5
PIT/PIT201709220,"Friday, September 22, 2017",7:07 p.m. Local,PNC Park,23942,3:16,Night,Away,St. Louis Cardinals,STL,Pittsburgh Pirates,PIT,33,4,11,3,3.0,6,3,41,0.333,0.436,0.394,0.83,128,96,0.321,1.36,1.368,,-0.5,27,12,9.0,0,59,12,25,17,15,7,0,56,2,1,0.178,1.5,33,3,5,3,3.0,2,7,35,0.152,0.2,0.212,0.412,153,82,-0.178,1.65,0.769,,-1.5,27,14,9.0,0,52,11,19,16,10,2,0,47,0,0,-0.321,0.5
PIT/PIT201709230,"Saturday, September 23, 2017",7:08 p.m. Local,PNC Park,29672,3:20,Night,Home,Pittsburgh Pirates,PIT,St. Louis Cardinals,STL,36,6,9,5,5.0,3,9,39,0.25,0.308,0.389,0.697,162,102,0.082,0.52,0.441,,1.5,24,11,8.0,0,55,14,33,13,14,7,0,7,2,2,-0.583,-7.0,34,11,14,10,12.38,6,2,43,0.412,0.488,0.618,1.105,166,102,0.583,0.51,0.751,,7.0,27,7,9.0,1,62,14,26,11,24,16,0,39,4,2,-0.082,-1.5
PIT/PIT201709240,"Sunday, September 24, 2017",1:36 p.m. Local,PNC Park,28550,2:56,Day,Home,Pittsburgh Pirates,PIT,St. Louis Cardinals,STL,31,1,4,1,1.0,5,9,36,0.129,0.25,0.226,0.476,123,100,-0.347,0.87,0.382,,-3.5,24,10,8.0,2,63,13,24,11,11,5,0,47,0,0,-0.153,0.0,31,4,8,4,4.5,2,8,35,0.258,0.314,0.516,0.83,160,87,0.153,1.05,0.649,,-0.0,27,9,9.0,1,50,16,21,9,15,6,0,60,5,0,0.346,3.5
PIT/PIT201709260,"Tuesday, September 26, 2017",7:07 p.m. Local,PNC Park,19318,2:38,Night,Home,Pittsburgh Pirates,PIT,Baltimore Orioles,BAL,32,1,5,1,1.0,1,7,34,0.156,0.206,0.281,0.487,145,79,-0.15,0.37,0.059,,-3.5,24,8,8.0,2,47,11,21,11,14,3,0,31,0,0,-0.35,-6.0,34,10,11,10,11.25,2,8,37,0.324,0.378,0.588,0.967,133,92,0.351,0.29,0.482,,6.0,27,11,9.0,1,55,13,24,13,14,8,0,67,0,0,0.15,3.5
PIT/PIT201709270,"Wednesday, September 27, 2017",7:07 p.m. Local,PNC Park,24779,2:34,Night,Home,Pittsburgh Pirates,PIT,Baltimore Orioles,BAL,35,3,10,3,3.0,1,8,37,0.286,0.324,0.371,0.696,117,78,-0.284,0.83,0.753,,-1.5,24,13,8.0,2,44,19,15,12,15,10,0,35,0,0,-0.216,-1.0,31,5,9,5,5.62,2,8,33,0.29,0.333,0.516,0.849,121,78,0.215,1.53,0.7,,1.0,27,12,9.0,0,43,11,24,15,8,3,0,43,4,0,0.284,1.5
WAS/WAS201709280,"Thursday, September 28, 2017",7:06 p.m. Local,Nationals Park,26380,3:23,Night,Home,Washington Nationals,WSN,Pittsburgh Pirates,PIT,32,4,6,4,4.0,2,9,34,0.188,0.235,0.313,0.548,162,87,-0.037,1.42,0.739,,-0.8,24,9,8.0,0,51,17,19,9,14,5,0,45,4,1,-0.462,-1.7,31,5,11,5,5.62,7,7,41,0.355,0.462,0.484,0.945,136,96,0.464,1.15,1.231,,1.7,27,7,9.0,1,56,18,22,13,14,9,0,61,0,0,0.037,0.8
WAS/WAS201709290,"Friday, September 29, 2017",7:06 p.m. Local,Nationals Park,36339,3:06,Night,Home,Washington Nationals,WSN,Pittsburgh Pirates,PIT,30,1,4,1,1.0,3,9,34,0.133,0.235,0.167,0.402,163,75,-0.437,0.63,0.163,,-3.8,24,9,8.0,3,41,17,17,14,7,3,0,46,4,1,-0.062,-1.7,32,6,12,6,6.75,2,10,34,0.375,0.412,0.719,1.131,120,100,0.062,0.77,0.46,,1.7,27,11,9.0,0,57,11,32,8,14,7,0,81,2,0,0.439,3.8
WAS/WAS201709300,"Saturday, September 30, 2017",7:05 p.m. Local,Nationals Park,32240,2:56,Night,Away,Pittsburgh Pirates,PIT,Washington Nationals,WSN,30,4,5,4,4.0,5,9,36,0.167,0.286,0.233,0.519,114,99,0.184,0.79,1.299,,-0.8,27,6,9.0,0,59,19,21,10,13,7,0,69,0,0,0.317,3.8,31,1,4,1,1.0,1,6,32,0.129,0.156,0.129,0.285,157,78,-0.317,2.1,0.214,,-3.8,27,9,9.0,0,49,15,14,8,17,7,0,62,2,0,-0.184,0.8
WAS/WAS201710010,"Sunday, October 1, 2017",3:06 p.m. Local,Nationals Park,35652,4:22,Day,Away,Pittsburgh Pirates,PIT,Washington Nationals,WSN,39,11,14,11,11.0,7,10,48,0.359,0.479,0.436,0.915,224,124,0.516,1.27,1.009,,6.2,27,8,9.0,2,59,28,37,14,15,14,0,28,6,0,-0.016,-3.2,43,8,16,7,6.0,7,11,51,0.372,0.471,0.605,1.075,208,133,0.016,0.81,1.109,,3.2,27,11,9.0,0,72,19,42,15,17,10,0,24,5,1,-0.514,-6.2
