,date,time,venue,attendance,duration,time_of_day,winner,winning_name,winning_abbr,losing_name,losing_abbr,away_at_bats,away_runs,away_hits,away_rbi,away_earned_runs,away_bases_on_balls,away_strikeouts,away_plate_appearances,away_batting_average,away_on_base_percentage,away_slugging_percentage,away_on_base_plus,away_pitches,away_strikes,away_win_probability_for_offensive_player,away_average_leverage_index,away_win_probability_added,away_win_probability_subtracted,away_base_out_runs_added,away_putouts,away_assists,away_innings_pitched,away_home_runs,away_strikes_by_contact,away_strikes_swinging,away_strikes_looking,away_grounded_balls,away_fly_balls,away_line_drives,away_unknown_bat_type,away_game_score,away_inherited_runners,away_inherited_score,away_win_probability_by_pitcher,away_base_out_runs_saved,home_at_bats,home_runs,home_hits,home_rbi,home_earned_runs,home_bases_on_balls,home_strikeouts,home_plate_appearances,home_batting_average,home_on_base_percentage,home_slugging_percentage,home_on_base_plus,home_pitches,home_strikes,home_win_probability_for_offensive_player,home_average_leverage_index,home_win_probability_added,home_win_probability_subtracted,home_base_out_runs_added,home_putouts,home_assists,home_innings_pitched,home_home_runs,home_strikes_by_contact,home_strikes_swinging,home_strikes_looking,home_grounded_balls,home_fly_balls,home_line_drives,home_unknown_bat_type,home_game_score,home_inherited_runners,home_inherited_score,home_win_probability_by_pitcher,home_base_out_runs_saved
HOU/HOU201704030,"Monday, April 3, 2017",7:15 p.m. Local,Minute Maid Park,41678,2:29,Night,Home,Houston Astros,HOU,Seattle Mariners,SEA,29,0,3,0,0.0,4,8,34,0.103,0.235,0.103,0.339,104,75,-0.465,0.63,0.266,,-4.5,24,11,8.0,2,40,13,22,15,6,3,0,55,1,0,-0.037,1.0,27,3,6,3,3.38,1,6,30,0.222,0.241,0.444,0.686,122,73,0.036,1.05,0.391,,-1.0,27,11,9.0,0,44,12,16,10,12,5,0,75,0,0,0.464,4.5
HOU/HOU201704040,"Tuesday, April 4, 2017",7:11 p.m. Local,Minute Maid Park,21406,2:41,Night,Home,Houston Astros,HOU,Seattle Mariners,SEA,36,1,7,1,1.0,2,11,38,0.194,0.237,0.278,0.515,110,88,-0.606,0.8,0.561,,-3.5,24,16,8.0,2,47,18,23,19,6,3,0,55,1,0,0.105,2.0,26,2,5,2,2.25,3,3,29,0.192,0.276,0.423,0.699,129,69,-0.105,1.57,0.446,,-2.0,27,12,9.0,0,43,7,21,13,10,3,0,63,0,0,0.604,3.5
HOU/HOU201704050,"Wednesday, April 5, 2017",7:11 p.m. Local,Minute Maid Park,20303,4:25,Night,Home,Houston Astros,HOU,Seattle Mariners,SEA,45,3,6,3,2.08,8,14,53,0.133,0.264,0.244,0.509,216,123,-0.42,2.23,1.059,,-3.5,38,16,12.2,1,59,27,37,13,18,6,0,72,6,2,-0.081,1.4,51,5,13,5,3.55,3,9,55,0.255,0.296,0.392,0.688,206,139,0.082,1.46,2.445,,-1.4,39,9,13.0,1,85,27,27,23,20,11,0,56,4,1,0.419,3.5
HOU/HOU201704060,"Thursday, April 6, 2017",7:10 p.m. Local,Minute Maid Park,18362,2:57,Night,Away,Seattle Mariners,SEA,Houston Astros,HOU,33,4,7,4,4.0,4,8,38,0.212,0.316,0.303,0.619,139,93,0.133,1.12,1.085,,-0.5,27,7,9.0,2,40,17,36,10,15,8,0,50,0,0,0.366,2.5,32,2,6,2,2.0,3,10,36,0.188,0.278,0.375,0.653,143,85,-0.367,1.56,0.509,,-2.5,27,9,9.0,1,45,17,23,10,12,4,0,48,3,1,-0.134,0.5
ANA/ANA201704070,"Friday, April 7, 2017",7:08 p.m. Local,Angel Stadium of Anaheim,43911,2:56,Night,Home,Los Angeles Angels,LAA,Seattle Mariners,SEA,33,1,5,1,1.0,1,10,35,0.152,0.2,0.152,0.352,123,95,-0.347,0.8,0.424,,-3.6,24,8,8.0,2,57,18,20,8,15,7,0,41,1,0,-0.153,-0.9,33,5,11,5,5.62,2,8,36,0.333,0.361,0.545,0.907,139,78,0.151,1.11,0.635,,0.9,27,5,9.0,0,43,19,16,13,13,6,0,62,2,0,0.348,3.6
ANA/ANA201704080,"Saturday, April 8, 2017",7:18 p.m. Local,Angel Stadium of Anaheim,42668,3:05,Night,Home,Los Angeles Angels,LAA,Seattle Mariners,SEA,33,4,8,4,4.0,1,8,35,0.242,0.257,0.394,0.651,134,93,-0.212,1.08,0.755,,-0.6,24,9,8.0,2,47,19,27,11,15,5,0,46,0,0,-0.289,-0.9,35,5,13,5,5.62,1,7,36,0.371,0.389,0.6,0.989,139,94,0.287,1.46,0.971,,0.9,27,9,9.0,1,60,12,22,11,17,12,0,58,1,1,0.212,0.6
ANA/ANA201704090,"Sunday, April 9, 2017",12:38 p.m. Local,Angel Stadium of Anaheim,37175,3:27,Day,Home,Los Angeles Angels,LAA,Seattle Mariners,SEA,33,9,7,8,7.0,2,5,39,0.212,0.289,0.455,0.744,153,99,0.369,0.93,0.65,,4.4,26,14,8.2,2,55,16,28,12,17,7,0,63,3,3,-0.867,-5.8,34,10,11,10,10.38,7,5,41,0.324,0.439,0.559,0.998,148,88,0.866,0.56,1.271,,5.8,27,9,9.0,2,48,17,23,11,18,8,0,26,3,1,-0.367,-4.4
SEA/SEA201704100,"Monday, April 10, 2017",2:11 p.m. Local,Safeco Field,44856,2:56,Day,Home,Seattle Mariners,SEA,Houston Astros,HOU,32,0,6,0,0.0,3,10,35,0.188,0.257,0.219,0.476,157,84,-0.351,1.02,0.185,,-4.5,24,6,8.0,0,41,11,32,9,13,6,0,45,2,2,-0.147,-2.0,32,6,11,5,5.62,3,7,38,0.344,0.395,0.469,0.863,131,109,0.146,0.73,0.797,,2.0,27,8,9.0,0,76,14,19,11,16,9,0,75,0,0,0.353,4.5
SEA/SEA201704110,"Tuesday, April 11, 2017",7:10 p.m. Local,Safeco Field,18527,3:29,Night,Away,Houston Astros,HOU,Seattle Mariners,SEA,39,7,14,7,7.0,3,10,42,0.359,0.405,0.487,0.892,171,99,0.429,1.14,1.03,,2.5,27,9,9.0,0,60,18,21,15,14,7,0,43,1,0,0.071,-0.5,33,5,9,4,5.0,5,5,40,0.273,0.375,0.394,0.769,158,106,-0.071,1.0,0.776,,0.5,27,11,9.0,1,69,13,24,15,14,6,0,42,4,2,-0.429,-2.5
SEA/SEA201704120,"Wednesday, April 12, 2017",7:10 p.m. Local,Safeco Field,14479,3:12,Night,Away,Houston Astros,HOU,Seattle Mariners,SEA,39,10,16,9,10.0,6,4,46,0.41,0.478,0.487,0.965,147,97,0.561,0.63,1.249,,5.5,27,8,9.0,2,60,7,30,22,14,8,0,34,0,0,-0.059,-0.5,37,5,9,5,5.0,1,7,38,0.243,0.263,0.432,0.696,148,93,0.062,1.24,0.468,,0.5,27,18,9.0,0,57,13,23,14,16,4,0,35,2,2,-0.561,-5.5
SEA/SEA201704140,"Friday, April 14, 2017",7:10 p.m. Local,Safeco Field,41855,3:05,Night,Home,Seattle Mariners,SEA,Texas Rangers,TEX,33,1,7,1,1.0,0,5,34,0.212,0.235,0.242,0.478,150,81,-0.567,1.28,0.548,,-3.5,24,9,8.0,1,46,10,25,17,11,6,0,51,6,0,0.067,2.0,30,2,9,2,2.25,4,7,34,0.3,0.382,0.4,0.782,113,87,-0.067,1.55,0.72,,-2.0,27,12,9.0,0,47,11,29,10,13,8,0,65,1,0,0.567,3.5
SEA/SEA201704150,"Saturday, April 15, 2017",6:11 p.m. Local,Safeco Field,34927,2:24,Night,Home,Seattle Mariners,SEA,Texas Rangers,TEX,28,0,2,0,0.0,1,12,29,0.071,0.103,0.107,0.211,119,88,-0.391,0.98,0.154,,-4.5,24,12,8.0,1,43,23,22,7,9,2,0,43,2,2,-0.111,-1.0,30,5,8,5,4.5,3,4,34,0.267,0.353,0.533,0.886,127,71,0.11,0.74,0.697,,1.0,27,6,9.0,0,42,5,24,16,10,6,0,86,0,0,0.39,4.5
SEA/SEA201704160,"Sunday, April 16, 2017",1:10 p.m. Local,Safeco Field,19678,3:39,Day,Home,Seattle Mariners,SEA,Texas Rangers,TEX,36,7,9,7,7.0,5,6,42,0.25,0.357,0.472,0.829,164,84,0.419,1.86,1.146,,2.5,25,11,8.1,2,56,10,18,5,25,3,0,41,0,0,-0.92,-5.1,35,8,12,8,7.56,4,8,40,0.343,0.425,0.571,0.996,146,106,0.92,1.31,1.86,,5.1,27,3,9.0,2,60,15,31,16,11,4,0,23,4,0,-0.42,-2.5
SEA/SEA201704170,"Monday, April 17, 2017",7:11 p.m. Local,Safeco Field,16990,2:31,Night,Home,Seattle Mariners,SEA,Miami Marlins,MIA,32,1,5,1,1.0,0,8,32,0.156,0.156,0.25,0.406,141,90,-0.235,0.42,0.031,,-3.5,24,5,8.0,3,52,11,27,13,11,3,0,30,0,0,-0.267,-2.0,32,6,8,6,6.75,3,7,35,0.25,0.314,0.594,0.908,124,81,0.267,0.35,0.464,,2.0,27,10,9.0,1,45,16,20,9,16,4,0,74,0,0,0.234,3.5
SEA/SEA201704180,"Tuesday, April 18, 2017",7:10 p.m. Local,Safeco Field,16126,2:33,Night,Away,Miami Marlins,MIA,Seattle Mariners,SEA,35,5,10,4,4.0,0,6,37,0.286,0.278,0.4,0.678,124,83,0.173,0.59,0.532,,0.5,27,10,9.0,0,49,13,21,14,17,10,0,77,0,0,0.328,4.5,28,0,1,0,0.0,2,4,31,0.036,0.129,0.071,0.2,126,81,-0.328,0.63,0.082,,-4.5,27,9,9.0,1,51,9,21,10,14,4,0,41,0,0,-0.172,-0.5
SEA/SEA201704190,"Wednesday, April 19, 2017",12:41 p.m. Local,Safeco Field,27147,3:32,Day,Home,Seattle Mariners,SEA,Miami Marlins,MIA,37,5,14,5,5.0,3,6,41,0.378,0.439,0.622,1.061,185,85,0.021,0.79,0.671,,0.5,24,5,8.0,0,52,11,22,20,11,3,0,32,5,1,-0.521,-6.0,34,10,11,9,11.25,10,10,45,0.324,0.489,0.441,0.93,138,105,0.521,0.84,0.987,,6.0,27,15,9.0,3,52,21,32,7,17,9,0,37,3,0,-0.022,-0.5
OAK/OAK201704200,"Thursday, April 20, 2017",7:08 p.m. Local,Oakland-Alameda County Coliseum,10707,3:09,Night,Home,Oakland Athletics,OAK,Seattle Mariners,SEA,33,6,8,6,6.0,4,8,38,0.242,0.316,0.455,0.77,159,95,0.119,1.02,0.758,,1.5,24,6,8.0,1,49,18,28,13,13,8,0,32,2,0,-0.619,-5.0,32,9,11,8,10.12,4,11,38,0.344,0.405,0.531,0.937,154,95,0.619,0.95,1.089,,5.0,27,10,9.0,1,54,18,23,8,15,9,0,42,1,0,-0.118,-1.5
OAK/OAK201704210,"Friday, April 21, 2017",7:07 p.m. Local,Oakland-Alameda County Coliseum,15255,2:51,Night,Home,Oakland Athletics,OAK,Seattle Mariners,SEA,31,1,6,1,1.0,4,8,35,0.194,0.286,0.258,0.544,120,89,-0.43,1.01,0.471,,-3.5,24,11,8.0,2,43,14,32,11,12,6,0,45,4,1,-0.069,1.0,25,3,6,3,3.38,6,5,33,0.24,0.394,0.56,0.954,146,65,0.07,1.2,0.698,,-1.0,27,12,9.0,0,35,8,23,11,10,3,0,61,0,0,0.432,3.5
OAK/OAK201704220,"Saturday, April 22, 2017",1:07 p.m. Local,Oakland-Alameda County Coliseum,20722,3:07,Day,Home,Oakland Athletics,OAK,Seattle Mariners,SEA,33,3,9,3,3.0,3,6,38,0.273,0.342,0.485,0.827,137,93,-0.366,0.64,0.752,,-1.5,24,6,8.0,2,55,12,26,13,15,4,0,32,1,0,-0.132,0.0,31,4,8,4,4.5,3,5,34,0.258,0.324,0.484,0.807,145,82,0.133,1.42,0.501,,-0.0,27,11,9.0,1,51,6,25,9,17,7,0,52,2,1,0.368,1.5
OAK/OAK201704230,"Sunday, April 23, 2017",1:07 p.m. Local,Oakland-Alameda County Coliseum,24165,3:11,Day,Away,Seattle Mariners,SEA,Oakland Athletics,OAK,36,11,11,11,11.0,6,4,44,0.306,0.419,0.556,0.974,142,105,0.319,0.32,0.548,,6.5,27,8,9.0,0,65,12,28,11,22,11,0,67,2,1,0.181,3.5,31,1,5,1,1.0,1,11,33,0.161,0.182,0.226,0.408,181,92,-0.181,0.49,0.053,,-3.5,27,7,9.0,2,43,21,28,9,12,7,0,32,1,0,-0.32,-6.5
DET/DET201704250,"Tuesday, April 25, 2017",7:10 p.m. Local,Comerica Park,22728,3:43,Night,Home,Detroit Tigers,DET,Seattle Mariners,SEA,38,9,16,9,9.0,7,1,48,0.421,0.5,0.658,1.158,201,93,0.036,0.52,0.412,,4.2,24,7,8.0,4,59,6,28,16,23,12,0,28,2,2,-0.536,-14.7,48,19,24,18,21.38,7,5,55,0.5,0.564,0.896,1.459,167,123,0.535,0.44,0.884,,14.7,27,11,9.0,3,79,11,33,15,28,14,0,31,5,2,-0.036,-4.2
DET/DET201704260,"Wednesday, April 26, 2017",7:10 p.m. Local,Comerica Park,23327,3:18,Night,Away,Seattle Mariners,SEA,Detroit Tigers,DET,43,8,15,7,7.0,3,10,46,0.349,0.391,0.581,0.973,133,127,0.227,0.64,0.661,,3.2,27,6,9.0,0,73,13,41,13,20,9,0,77,0,0,0.273,4.8,31,0,4,0,0.0,2,10,33,0.129,0.182,0.161,0.343,197,89,-0.272,0.57,0.2,,-4.8,27,7,9.0,2,50,18,21,8,13,3,0,30,3,1,-0.227,-3.2
DET/DET201704270,"Thursday, April 27, 2017",1:55 p.m. Local,Comerica Park,25325,3:22,Day,Away,Seattle Mariners,SEA,Detroit Tigers,DET,33,2,7,2,1.0,2,12,35,0.212,0.257,0.273,0.53,125,104,-0.103,1.41,0.755,,-2.8,27,9,9.0,0,60,12,32,4,17,8,0,63,1,0,0.602,3.8,32,1,4,0,0.0,2,6,35,0.125,0.2,0.188,0.388,158,83,-0.602,1.24,0.448,,-3.8,27,4,9.0,0,44,17,22,12,14,4,0,71,0,0,0.102,2.8
CLE/CLE201704280,"Friday, April 28, 2017",7:10 p.m. Local,Progressive Field,20842,2:36,Night,Away,Seattle Mariners,SEA,Cleveland Indians,CLE,31,3,6,3,3.0,0,8,31,0.194,0.194,0.452,0.645,143,83,-0.065,1.16,0.432,,-2.0,27,5,9.0,1,51,14,20,9,14,5,0,65,2,0,0.566,4.0,32,1,4,1,1.0,2,14,34,0.125,0.176,0.25,0.426,121,88,-0.566,0.71,0.325,,-4.0,27,11,9.0,2,46,20,22,7,11,3,0,65,0,0,0.066,2.0
CLE/CLE201704290,"Saturday, April 29, 2017",4:10 p.m. Local,Progressive Field,21221,2:42,Day,Home,Cleveland Indians,CLE,Seattle Mariners,SEA,30,3,3,3,3.0,4,12,34,0.1,0.206,0.333,0.539,128,95,-0.519,0.97,0.473,,-2.0,24,5,8.0,0,50,19,26,6,12,5,0,48,0,0,0.019,0.5,30,4,6,4,4.5,3,7,33,0.2,0.273,0.233,0.506,153,80,-0.018,1.33,0.583,,-0.5,27,6,9.0,2,46,10,24,8,15,8,0,58,1,0,0.518,2.0
CLE/CLE201704300,"Sunday, April 30, 2017",1:10 p.m. Local,Progressive Field,21824,2:58,Day,Home,Cleveland Indians,CLE,Seattle Mariners,SEA,33,4,10,4,4.0,2,6,35,0.303,0.343,0.455,0.797,151,86,-0.084,0.54,0.331,,-1.0,24,8,8.0,2,45,9,32,13,14,9,0,15,1,1,-0.418,-7.5,37,12,15,12,12.38,3,4,41,0.405,0.439,0.703,1.142,138,91,0.418,0.53,0.673,,7.5,27,12,9.0,1,57,12,22,12,22,8,0,37,5,1,0.083,1.0
SEA/SEA201705020,"Tuesday, May 2, 2017",7:10 p.m. Local,Safeco Field,15080,4:40,Night,Away,Los Angeles Angels,LAA,Seattle Mariners,SEA,41,6,10,6,4.09,9,11,52,0.244,0.385,0.415,0.799,199,127,0.471,1.52,1.878,,0.5,33,8,11.0,1,69,20,38,13,18,9,0,49,1,0,0.028,1.5,39,4,7,4,3.27,6,11,47,0.179,0.304,0.282,0.586,212,108,-0.027,1.67,1.219,,-1.5,33,5,11.0,1,62,18,28,12,17,2,0,53,4,1,-0.472,-0.5
SEA/SEA201705030,"Wednesday, May 3, 2017",7:10 p.m. Local,Safeco Field,13799,3:19,Night,Home,Seattle Mariners,SEA,Los Angeles Angels,LAA,37,7,11,7,7.0,1,9,40,0.297,0.325,0.514,0.839,140,94,0.241,1.24,1.052,,2.5,24,6,8.0,2,55,14,25,9,20,12,0,35,3,0,-0.74,-4.0,34,8,12,8,9.0,3,13,38,0.353,0.405,0.647,1.052,144,94,0.742,1.28,1.312,,4.0,27,6,9.0,2,52,10,32,10,12,7,0,46,3,3,-0.24,-2.5
SEA/SEA201705040,"Thursday, May 4, 2017",7:11 p.m. Local,Safeco Field,15915,2:53,Night,Home,Seattle Mariners,SEA,Los Angeles Angels,LAA,36,3,9,3,3.0,1,6,37,0.25,0.27,0.278,0.548,154,84,-0.073,0.64,0.376,,-1.5,24,10,8.0,1,49,14,21,19,11,4,0,23,0,0,-0.426,-7.0,37,11,16,10,12.38,4,8,43,0.432,0.512,0.595,1.106,124,92,0.427,0.7,0.831,,7.0,27,11,9.0,0,56,10,26,13,16,10,0,59,0,0,0.073,1.5
SEA/SEA201705050,"Friday, May 5, 2017",7:10 p.m. Local,Safeco Field,26938,5:02,Night,Away,Texas Rangers,TEX,Seattle Mariners,SEA,45,3,7,3,2.08,5,10,50,0.156,0.24,0.244,0.484,202,124,-0.567,1.88,1.027,,-3.5,39,14,13.0,1,67,25,32,13,22,9,0,62,0,0,1.068,5.5,44,1,11,1,0.69,7,8,52,0.25,0.353,0.341,0.694,206,127,-1.066,1.51,0.974,,-5.5,39,10,13.0,1,80,12,35,17,20,13,0,61,1,0,0.568,3.5
SEA/SEA201705060,"Saturday, May 6, 2017",6:10 p.m. Local,Safeco Field,36044,3:12,Night,Home,Seattle Mariners,SEA,Texas Rangers,TEX,34,2,7,2,2.0,1,10,35,0.206,0.229,0.441,0.67,149,89,-0.341,1.14,0.274,,-2.5,24,13,8.0,0,47,12,30,7,17,7,0,51,5,4,-0.158,-4.0,36,8,14,8,2.25,2,5,41,0.389,0.425,0.444,0.869,134,92,0.158,0.79,0.76,,4.0,27,6,9.0,2,60,9,23,21,12,4,0,63,0,0,0.342,2.5
SEA/SEA201705070,"Sunday, May 7, 2017",1:10 p.m. Local,Safeco Field,32518,3:09,Day,Home,Seattle Mariners,SEA,Texas Rangers,TEX,30,3,6,3,2.0,2,9,37,0.2,0.257,0.267,0.524,146,95,-0.255,1.5,0.477,,-1.5,24,11,8.0,1,57,19,23,15,10,4,0,62,4,3,-0.245,0.0,28,4,6,4,4.5,6,6,34,0.214,0.353,0.321,0.674,142,84,0.245,1.1,1.095,,-0.0,27,10,9.0,0,45,8,31,13,9,5,0,47,2,0,0.254,1.5
PHI/PHI201705090,"Tuesday, May 9, 2017",7:09 p.m. Local,Citizens Bank Park,31715,3:48,Night,Away,Seattle Mariners,SEA,Philadelphia Phillies,PHI,45,10,16,9,8.0,5,6,50,0.356,0.42,0.556,0.976,154,118,0.756,1.2,1.741,,5.4,27,9,9.0,3,68,12,38,18,21,9,0,14,2,2,-0.256,-4.4,34,9,11,9,9.0,7,7,43,0.324,0.429,0.676,1.105,185,96,0.256,1.4,1.19,,4.4,27,9,9.0,2,58,20,18,11,18,7,0,24,4,2,-0.755,-5.4
PHI/PHI201705100,"Wednesday, May 10, 2017",1:07 p.m. Local,Citizens Bank Park,26697,3:40,Day,Away,Seattle Mariners,SEA,Philadelphia Phillies,PHI,41,11,16,11,11.0,7,6,51,0.39,0.471,0.634,1.105,174,107,0.436,0.75,1.084,,6.4,27,11,9.0,3,66,15,26,16,21,9,0,45,0,0,0.063,-1.4,38,6,11,6,6.0,5,4,43,0.289,0.372,0.605,0.977,180,108,-0.063,0.99,0.526,,1.4,27,8,9.0,2,62,21,25,16,18,9,0,46,2,1,-0.437,-6.4
TOR/TOR201705110,"Thursday, May 11, 2017",7:07 p.m. Local,Rogers Centre,29120,2:45,Night,Home,Toronto Blue Jays,TOR,Seattle Mariners,SEA,33,2,6,2,2.0,4,10,37,0.182,0.27,0.364,0.634,136,93,-0.148,0.95,0.383,,-2.8,24,5,8.0,2,50,13,30,6,17,7,0,27,0,0,-0.353,-2.7,32,7,9,7,7.88,3,6,36,0.281,0.361,0.5,0.861,145,87,0.354,0.68,0.852,,2.7,27,4,9.0,1,51,5,31,8,18,7,0,61,0,0,0.147,2.8
TOR/TOR201705120,"Friday, May 12, 2017",7:08 p.m. Local,Rogers Centre,32865,2:36,Night,Home,Toronto Blue Jays,TOR,Seattle Mariners,SEA,34,0,7,0,0.0,0,8,34,0.206,0.206,0.265,0.471,99,87,-0.381,0.65,0.303,,-4.8,24,13,8.0,1,48,13,26,12,14,6,0,41,0,0,-0.12,0.3,31,4,10,4,3.38,1,3,34,0.323,0.333,0.484,0.817,130,71,0.122,0.91,0.449,,-0.3,27,10,9.0,0,44,9,18,16,14,6,0,62,4,0,0.38,4.8
TOR/TOR201705130,"Saturday, May 13, 2017",1:08 p.m. Local,Rogers Centre,42346,3:25,Day,Home,Toronto Blue Jays,TOR,Seattle Mariners,SEA,36,2,12,2,2.0,4,11,40,0.333,0.4,0.389,0.789,140,103,-0.202,0.93,0.885,,-2.8,24,7,8.0,2,65,16,22,17,8,1,0,51,0,0,-0.301,-2.7,36,7,11,6,5.62,0,2,38,0.306,0.316,0.528,0.844,154,97,0.301,1.37,0.882,,2.7,27,10,9.0,0,60,8,29,13,22,10,0,55,6,0,0.2,2.8
TOR/TOR201705140,"Sunday, May 14, 2017",1:09 p.m. Local,Rogers Centre,42030,3:17,Day,Home,Toronto Blue Jays,TOR,Seattle Mariners,SEA,32,2,6,1,1.0,3,8,35,0.188,0.257,0.313,0.57,164,77,-0.356,1.49,0.611,,-2.8,26,8,8.2,2,43,11,23,13,11,3,0,62,3,1,-0.145,1.7,31,3,7,3,3.12,5,10,37,0.226,0.333,0.516,0.849,128,102,0.144,1.26,1.252,,-1.7,27,10,9.0,1,63,20,19,9,13,7,0,57,0,0,0.355,2.8
SEA/SEA201705150,"Monday, May 15, 2017",7:11 p.m. Local,Safeco Field,15431,3:14,Night,Home,Seattle Mariners,SEA,Oakland Athletics,OAK,32,5,5,5,5.0,8,9,41,0.156,0.341,0.406,0.748,147,95,-0.316,0.78,0.87,,0.5,24,6,8.0,2,56,14,25,12,11,1,0,49,0,0,-0.186,-2.0,28,6,4,6,5.62,7,12,35,0.143,0.314,0.357,0.671,166,88,0.187,1.81,0.621,,2.0,27,9,9.0,2,40,25,23,8,8,1,0,56,5,1,0.315,-0.5
SEA/SEA201705160,"Tuesday, May 16, 2017",7:10 p.m. Local,Safeco Field,13955,3:25,Night,Away,Oakland Athletics,OAK,Seattle Mariners,SEA,37,9,11,9,9.0,6,9,44,0.297,0.395,0.595,0.99,159,100,0.873,1.08,1.437,,4.5,27,10,9.0,2,59,14,27,9,20,9,0,62,4,3,-0.373,-1.5,33,6,9,5,4.0,2,8,38,0.273,0.368,0.455,0.823,167,94,0.372,1.01,1.063,,1.5,27,5,9.0,3,46,18,33,11,14,6,0,43,1,1,-0.873,-4.5
SEA/SEA201705170,"Wednesday, May 17, 2017",7:10 p.m. Local,Safeco Field,14117,2:39,Night,Home,Seattle Mariners,SEA,Oakland Athletics,OAK,29,0,2,0,0.0,2,12,31,0.069,0.129,0.069,0.198,153,86,-0.389,0.56,0.12,,-4.5,24,10,8.0,0,47,16,23,5,12,3,0,47,0,0,-0.113,0.0,29,4,6,4,3.38,3,8,34,0.207,0.273,0.276,0.549,125,94,0.113,0.74,0.35,,-0.0,27,3,9.0,0,49,16,29,13,10,3,0,81,1,0,0.387,4.5
SEA/SEA201705180,"Thursday, May 18, 2017",7:11 p.m. Local,Safeco Field,17757,3:02,Night,Home,Seattle Mariners,SEA,Chicago White Sox,CHW,36,4,9,4,4.0,1,5,38,0.25,0.289,0.611,0.901,135,90,-0.142,1.14,0.667,,-0.5,26,15,8.2,2,60,10,20,13,18,10,0,44,0,0,-0.357,-0.9,33,5,8,5,5.19,5,4,38,0.242,0.342,0.424,0.766,149,80,0.359,1.05,0.963,,0.9,27,9,9.0,3,48,6,26,14,15,10,0,62,0,0,0.143,0.5
SEA/SEA201705190,"Friday, May 19, 2017",7:10 p.m. Local,Safeco Field,32371,2:46,Night,Away,Chicago White Sox,CHW,Seattle Mariners,SEA,35,2,7,2,1.8,2,11,39,0.2,0.263,0.314,0.577,123,96,-0.232,1.14,0.87,,-3.0,30,11,10.0,0,56,19,22,12,13,4,0,82,0,0,0.733,4.0,31,1,1,1,0.9,1,9,33,0.032,0.061,0.097,0.157,140,80,-0.733,1.56,0.155,,-4.0,30,7,10.0,1,45,14,21,9,14,4,0,72,0,0,0.232,3.0
SEA/SEA201705200,"Saturday, May 20, 2017",7:10 p.m. Local,Safeco Field,33801,2:52,Night,Away,Chicago White Sox,CHW,Seattle Mariners,SEA,43,16,19,16,15.0,2,4,47,0.442,0.447,0.791,1.238,126,109,0.388,0.21,0.476,,11.5,27,14,9.0,0,76,11,22,15,26,14,0,63,0,0,0.112,3.5,28,1,5,1,1.0,3,3,31,0.179,0.258,0.214,0.472,166,79,-0.113,0.23,0.055,,-3.5,27,12,9.0,4,45,9,25,12,13,7,0,7,2,2,-0.388,-11.5
SEA/SEA201705210,"Sunday, May 21, 2017",1:10 p.m. Local,Safeco Field,36782,2:46,Day,Away,Chicago White Sox,CHW,Seattle Mariners,SEA,36,8,10,7,7.0,6,7,42,0.278,0.381,0.389,0.77,118,94,0.388,0.27,0.514,,3.5,27,12,9.0,1,54,14,26,14,15,7,0,70,0,0,0.112,3.5,29,1,6,1,1.0,3,6,32,0.207,0.281,0.31,0.592,160,77,-0.112,0.37,0.096,,-3.5,27,11,9.0,1,45,3,29,11,12,3,0,17,4,1,-0.387,-3.5
WAS/WAS201705230,"Tuesday, May 23, 2017",7:06 p.m. Local,Nationals Park,29650,2:28,Night,Home,Washington Nationals,WSN,Seattle Mariners,SEA,30,1,5,1,1.0,0,6,30,0.167,0.167,0.267,0.433,138,76,-0.22,0.41,0.04,,-3.8,24,5,8.0,4,46,9,21,12,12,7,0,-8,0,0,-0.281,-5.7,36,10,15,10,11.25,2,4,38,0.417,0.447,0.833,1.281,115,91,0.281,0.31,0.534,,5.7,27,11,9.0,1,62,8,21,9,23,4,0,74,0,0,0.219,3.8
WAS/WAS201705240,"Wednesday, May 24, 2017",7:05 p.m. Local,Nationals Park,29223,2:28,Night,Home,Washington Nationals,WSN,Seattle Mariners,SEA,35,1,9,1,1.0,0,9,35,0.257,0.257,0.314,0.571,108,86,-0.217,0.49,0.311,,-3.8,24,9,8.0,1,45,13,28,16,10,6,0,47,0,0,-0.285,-0.7,29,5,7,5,1.12,4,2,35,0.241,0.324,0.379,0.703,131,72,0.285,0.74,0.456,,0.7,27,12,9.0,0,43,7,22,12,17,7,0,65,1,0,0.216,3.8
WAS/WAS201705250,"Thursday, May 25, 2017",12:06 p.m. Local,Nationals Park,18881,3:18,Day,Away,Seattle Mariners,SEA,Washington Nationals,WSN,33,4,9,4,4.0,6,13,39,0.273,0.385,0.394,0.779,142,95,0.115,1.12,0.955,,-0.8,27,9,9.0,1,48,17,30,11,9,6,0,54,1,0,0.385,2.8,33,2,6,2,2.0,3,7,36,0.182,0.25,0.333,0.583,173,92,-0.387,1.29,0.503,,-2.8,27,8,9.0,1,45,15,32,13,13,4,0,58,7,3,-0.115,0.8
BOS/BOS201705260,"Friday, May 26, 2017",7:10 p.m. Local,Fenway Park,35080,3:11,Night,Home,Boston Red Sox,BOS,Seattle Mariners,SEA,31,0,6,0,0.0,3,6,34,0.194,0.265,0.226,0.491,154,91,-0.52,0.89,0.26,,-5.0,24,11,8.0,0,53,11,27,13,12,5,0,41,3,1,0.019,1.4,31,3,8,1,3.38,7,8,38,0.258,0.395,0.323,0.717,143,93,-0.02,1.05,0.48,,-1.4,27,10,9.0,0,48,10,35,14,9,6,0,63,0,0,0.52,5.0
BOS/BOS201705270,"Saturday, May 27, 2017",4:05 p.m. Local,Fenway Park,36985,2:23,Day,Home,Boston Red Sox,BOS,Seattle Mariners,SEA,32,0,5,0,0.0,0,8,32,0.156,0.156,0.156,0.313,124,85,-0.333,0.52,0.119,,-5.0,24,12,8.0,1,54,11,20,7,17,8,0,32,0,0,-0.168,-1.6,31,6,9,6,6.75,2,3,35,0.29,0.371,0.387,0.759,109,81,0.167,0.65,0.338,,1.6,27,6,9.0,0,55,7,19,13,15,9,0,85,,,0.333,5.0
BOS/BOS201705280,"Sunday, May 28, 2017",1:36 p.m. Local,Fenway Park,37174,3:14,Day,Away,Seattle Mariners,SEA,Boston Red Sox,BOS,40,5,16,4,5.0,1,7,41,0.4,0.415,0.675,1.09,118,107,-0.054,1.09,0.788,,0.0,27,12,9.0,0,61,15,31,10,23,10,0,69,0,0,0.553,5.0,29,0,5,0,0.0,2,4,32,0.172,0.25,0.207,0.457,155,72,-0.553,1.06,0.342,,-5.0,27,8,9.0,2,42,7,23,11,14,5,0,48,4,1,0.053,-0.0
COL/COL201705290,"Monday, May 29, 2017",1:12 p.m. Local,Coors Field,40298,3:25,Day,Away,Seattle Mariners,SEA,Colorado Rockies,COL,36,6,10,5,6.0,6,8,43,0.278,0.395,0.361,0.756,133,110,0.096,1.48,0.847,,0.6,27,15,9.0,2,66,19,25,14,14,7,0,34,4,2,0.403,0.4,32,5,7,5,5.0,3,6,35,0.219,0.286,0.469,0.754,175,77,-0.403,1.13,0.707,,-0.4,27,10,9.0,0,45,11,22,17,9,5,0,25,5,1,-0.097,-0.6
COL/COL201705300,"Tuesday, May 30, 2017",5:12 p.m. Local,Coors Field,33258,3:11,Night,Away,Seattle Mariners,SEA,Colorado Rockies,COL,42,10,19,9,10.0,4,6,46,0.452,0.5,0.714,1.214,130,98,0.292,0.59,0.598,,4.6,27,12,9.0,0,59,17,22,17,19,10,0,50,3,0,0.207,1.4,32,4,7,4,4.0,5,2,37,0.219,0.324,0.344,0.668,147,80,-0.209,0.4,0.288,,-1.4,27,12,9.0,2,47,13,20,16,14,4,0,22,0,0,-0.293,-4.6
SEA/SEA201705310,"Wednesday, May 31, 2017",7:10 p.m. Local,Safeco Field,16750,2:46,Night,Home,Seattle Mariners,SEA,Colorado Rockies,COL,30,0,4,0,0.0,0,6,30,0.133,0.133,0.133,0.267,154,89,-0.316,0.46,0.087,,-4.5,24,11,8.0,0,52,15,22,15,9,3,0,46,2,1,-0.186,-1.0,32,5,10,5,5.62,2,9,35,0.312,0.343,0.375,0.718,122,97,0.184,0.6,0.413,,1.0,27,13,9.0,0,53,18,26,11,13,10,0,68,2,0,0.315,4.5
SEA/SEA201706010,"Thursday, June 1, 2017",12:41 p.m. Local,Safeco Field,21536,3:28,Day,Away,Colorado Rockies,COL,Seattle Mariners,SEA,32,6,9,6,6.0,6,11,40,0.281,0.385,0.5,0.885,156,108,0.291,1.04,0.535,,1.5,27,9,9.0,1,57,18,33,8,15,9,0,53,0,0,0.209,1.5,33,3,9,3,3.0,4,6,41,0.273,0.39,0.394,0.784,173,99,-0.207,0.46,0.56,,-1.5,27,12,9.0,2,56,13,30,8,20,11,0,26,0,0,-0.29,-1.5
SEA/SEA201706020,"Friday, June 2, 2017",7:10 p.m. Local,Safeco Field,27933,3:09,Night,Home,Seattle Mariners,SEA,Tampa Bay Rays,TBR,36,4,9,4,4.0,3,11,39,0.25,0.308,0.528,0.835,173,94,-0.103,0.44,0.17,,-0.5,24,9,8.0,2,54,18,22,9,16,5,0,26,0,0,-0.397,-8.0,35,12,11,12,7.88,5,6,41,0.314,0.39,0.571,0.962,151,108,0.396,0.36,0.578,,8.0,27,5,9.0,3,64,20,24,14,16,8,0,54,0,0,0.103,0.5
SEA/SEA201706030,"Saturday, June 3, 2017",7:11 p.m. Local,Safeco Field,26995,2:59,Night,Home,Seattle Mariners,SEA,Tampa Bay Rays,TBR,32,2,6,2,2.0,1,10,33,0.188,0.212,0.375,0.587,135,100,-0.155,0.55,0.186,,-2.5,24,10,8.0,2,60,17,23,14,8,7,0,4,0,0,-0.345,-5.0,36,9,16,9,10.12,2,7,38,0.444,0.474,0.667,1.14,158,89,0.345,0.45,0.652,,5.0,27,8,9.0,2,54,11,24,9,20,10,0,61,0,0,0.155,2.5
SEA/SEA201706040,"Sunday, June 4, 2017",1:10 p.m. Local,Safeco Field,28579,2:41,Day,Home,Seattle Mariners,SEA,Tampa Bay Rays,TBR,31,1,4,1,1.0,1,9,32,0.129,0.156,0.194,0.35,157,75,-0.282,0.48,0.054,,-3.5,24,8,8.0,1,49,14,12,5,17,7,0,38,0,0,-0.219,-3.0,34,7,11,6,7.88,2,8,36,0.324,0.361,0.441,0.802,105,105,0.219,0.45,0.501,,3.0,27,3,9.0,0,60,11,34,17,9,4,0,83,,,0.28,3.5
SEA/SEA201706060,"Tuesday, June 6, 2017",7:10 p.m. Local,Safeco Field,18166,3:26,Night,Home,Seattle Mariners,SEA,Minnesota Twins,MIN,37,3,11,3,3.0,4,7,41,0.297,0.366,0.459,0.825,186,113,-0.08,0.31,0.184,,-1.5,24,4,8.0,2,63,12,38,10,20,11,0,32,5,2,-0.421,-8.0,35,12,12,12,13.5,5,10,42,0.343,0.429,0.571,1.0,175,109,0.422,0.34,0.509,,8.0,27,8,9.0,1,58,19,32,8,18,9,0,46,0,0,0.079,1.5
SEA/SEA201706070,"Wednesday, June 7, 2017",7:10 p.m. Local,Safeco Field,15732,2:43,Night,Home,Seattle Mariners,SEA,Minnesota Twins,MIN,32,5,7,5,5.0,2,7,35,0.219,0.265,0.344,0.608,143,80,0.175,1.34,0.742,,0.5,26,8,8.2,4,49,8,23,12,14,8,0,53,0,0,-0.676,-1.6,30,6,5,6,6.23,3,7,35,0.167,0.257,0.567,0.824,118,88,0.677,0.94,1.487,,1.6,27,12,9.0,1,40,12,36,10,14,6,0,49,0,0,-0.175,-0.5
SEA/SEA201706080,"Thursday, June 8, 2017",7:10 p.m. Local,Safeco Field,15621,2:51,Night,Away,Minnesota Twins,MIN,Seattle Mariners,SEA,34,2,7,1,1.0,3,9,37,0.206,0.27,0.324,0.594,128,94,-0.205,1.86,0.596,,-2.5,27,11,9.0,0,54,16,24,9,16,8,0,59,1,0,0.704,3.5,31,1,7,1,1.0,3,7,36,0.226,0.286,0.29,0.576,143,79,-0.705,1.04,0.59,,-3.5,27,10,9.0,1,39,11,29,14,12,5,0,57,0,0,0.205,2.5
SEA/SEA201706090,"Friday, June 9, 2017",7:11 p.m. Local,Safeco Field,33518,2:53,Night,Home,Seattle Mariners,SEA,Toronto Blue Jays,TOR,34,2,10,2,1.0,3,11,37,0.294,0.351,0.412,0.763,117,100,-0.334,1.28,0.524,,-2.5,24,10,8.0,0,52,14,34,16,8,5,0,58,2,0,-0.166,0.0,30,4,7,4,4.5,3,6,33,0.233,0.303,0.3,0.603,151,76,0.167,1.24,0.783,,-0.0,27,12,9.0,1,46,7,23,11,13,5,0,56,0,0,0.335,2.5
SEA/SEA201706100,"Saturday, June 10, 2017",7:11 p.m. Local,Safeco Field,45480,2:44,Night,Away,Toronto Blue Jays,TOR,Seattle Mariners,SEA,29,4,4,4,4.0,6,4,35,0.138,0.286,0.448,0.734,120,81,0.149,1.56,0.797,,-0.5,27,14,9.0,0,50,10,21,11,14,5,0,65,0,0,0.352,2.5,35,2,8,1,1.0,0,9,36,0.229,0.25,0.229,0.479,133,89,-0.353,0.96,0.694,,-2.5,27,13,9.0,3,42,18,29,17,9,5,0,58,2,0,-0.148,0.5
SEA/SEA201706110,"Sunday, June 11, 2017",1:10 p.m. Local,Safeco Field,41137,3:01,Day,Away,Toronto Blue Jays,TOR,Seattle Mariners,SEA,34,4,8,4,4.0,4,10,38,0.235,0.316,0.382,0.698,154,97,0.144,0.81,0.536,,-0.5,27,3,9.0,0,55,17,25,11,13,5,0,67,4,0,0.354,4.5,36,0,9,0,0.0,2,12,38,0.25,0.289,0.306,0.595,151,97,-0.356,0.65,0.27,,-4.5,27,8,9.0,1,63,15,19,11,13,5,0,30,0,0,-0.146,0.5
MIN/MIN201706120,"Monday, June 12, 2017",7:10 p.m. Local,Target Field,16996,3:22,Night,Away,Seattle Mariners,SEA,Minnesota Twins,MIN,45,14,19,14,13.0,4,8,51,0.422,0.451,0.6,1.051,141,121,0.527,0.43,0.727,,9.2,27,11,9.0,0,72,19,30,15,24,13,0,50,0,0,-0.028,1.8,34,3,7,3,3.0,1,7,35,0.206,0.229,0.353,0.582,182,89,0.028,0.46,0.321,,-1.8,27,5,9.0,2,49,12,28,12,15,7,0,11,4,3,-0.527,-9.2
MIN/MIN201706130,"Tuesday, June 13, 2017",7:10 p.m. Local,Target Field,17922,3:04,Night,Home,Minnesota Twins,MIN,Seattle Mariners,SEA,41,7,14,7,7.0,0,6,41,0.341,0.341,0.561,0.902,166,87,0.125,0.39,0.447,,2.2,24,11,8.0,5,50,9,28,19,16,10,0,5,4,3,-0.625,-15.8,49,20,28,19,21.38,2,4,51,0.571,0.588,0.918,1.507,130,100,0.624,0.51,0.763,,15.8,27,15,9.0,1,74,4,22,14,31,18,0,28,1,0,-0.125,-2.2
MIN/MIN201706140,"Wednesday, June 14, 2017",7:10 p.m. Local,Target Field,22283,3:06,Night,Away,Seattle Mariners,SEA,Minnesota Twins,MIN,40,6,12,6,5.0,1,9,44,0.3,0.364,0.475,0.839,126,110,0.206,1.27,0.641,,1.2,27,8,9.0,3,59,22,29,15,16,6,0,47,3,0,0.293,0.8,34,4,8,4,4.0,3,9,37,0.235,0.297,0.529,0.827,160,84,-0.292,0.66,0.658,,-0.8,27,8,9.0,2,49,17,18,13,12,1,0,33,0,0,-0.208,-1.2
MIN/MIN201706150,"Thursday, June 15, 2017",12:10 p.m. Local,Target Field,24464,2:45,Day,Home,Minnesota Twins,MIN,Seattle Mariners,SEA,32,2,6,2,2.0,1,6,33,0.188,0.212,0.219,0.431,143,75,-0.188,0.38,0.168,,-2.8,24,7,8.0,3,48,7,20,11,15,4,0,19,0,0,-0.311,-1.8,33,6,11,6,6.75,3,4,37,0.333,0.405,0.697,1.102,121,89,0.312,0.48,0.501,,1.8,27,7,9.0,0,56,14,19,8,21,4,0,69,0,0,0.189,2.8
TEX/TEX201706160,"Friday, June 16, 2017",7:10 p.m. Local,Globe Life Park in Arlington,33960,3:07,Night,Home,Texas Rangers,TEX,Seattle Mariners,SEA,33,4,7,3,4.0,3,8,36,0.212,0.278,0.303,0.581,158,93,-0.129,0.46,0.173,,-1.2,24,5,8.0,2,49,16,28,13,12,8,0,20,1,1,-0.371,-5.3,36,10,12,10,7.88,4,6,42,0.333,0.429,0.583,1.012,147,96,0.372,0.46,0.627,,5.4,27,11,9.0,1,59,9,28,9,21,9,0,59,3,1,0.129,1.2
TEX/TEX201706170,"Saturday, June 17, 2017",4:06 p.m. Local,Globe Life Park in Arlington,35928,2:54,Day,Home,Texas Rangers,TEX,Seattle Mariners,SEA,36,4,9,4,4.0,2,12,38,0.25,0.289,0.389,0.678,133,102,-0.003,0.37,0.445,,-1.2,24,6,8.0,4,54,19,29,14,10,4,0,37,0,0,-0.497,-5.3,35,10,10,10,10.12,1,6,37,0.286,0.324,0.657,0.981,152,83,0.497,0.66,0.641,,5.3,27,7,9.0,1,53,12,18,10,19,5,0,41,0,0,0.003,1.2
TEX/TEX201706180,"Sunday, June 18, 2017",2:09 p.m. Local,Globe Life Park in Arlington,31552,3:43,Day,Away,Seattle Mariners,SEA,Texas Rangers,TEX,36,7,11,5,6.0,3,10,41,0.306,0.39,0.5,0.89,137,113,0.27,1.01,0.727,,1.8,27,9,9.0,1,63,16,34,11,14,9,1,52,5,1,0.229,2.2,30,3,4,2,3.0,5,5,36,0.133,0.278,0.233,0.511,189,82,-0.23,0.63,0.44,,-2.2,27,11,9.0,1,51,8,23,12,13,4,0,36,3,0,-0.271,-1.8
SEA/SEA201706190,"Monday, June 19, 2017",7:12 p.m. Local,Safeco Field,21517,3:16,Night,Home,Seattle Mariners,SEA,Detroit Tigers,DET,31,2,5,1,2.0,6,5,38,0.161,0.316,0.194,0.509,142,88,-0.244,1.05,0.602,,-2.5,24,6,8.0,3,46,11,31,12,14,8,0,51,0,0,-0.257,-2.0,32,6,10,6,6.75,3,8,36,0.312,0.389,0.594,0.983,149,84,0.258,1.14,0.881,,2.0,27,10,9.0,0,51,10,23,7,17,5,0,50,4,0,0.243,2.5
SEA/SEA201706200,"Tuesday, June 20, 2017",7:10 p.m. Local,Safeco Field,15063,3:42,Night,Home,Seattle Mariners,SEA,Detroit Tigers,DET,36,4,7,3,3.6,3,8,39,0.194,0.256,0.444,0.701,169,90,-0.272,1.53,0.908,,-1.0,27,5,9.0,2,51,11,28,12,16,5,0,54,2,0,-0.229,-1.1,34,5,9,5,5.0,6,9,41,0.265,0.39,0.529,0.92,147,99,0.229,1.45,1.238,,1.1,30,10,10.0,3,55,16,28,7,18,5,0,62,0,0,0.273,1.0
SEA/SEA201706210,"Wednesday, June 21, 2017",7:10 p.m. Local,Safeco Field,18526,3:16,Night,Home,Seattle Mariners,SEA,Detroit Tigers,DET,36,5,12,5,4.0,3,10,39,0.333,0.385,0.528,0.912,155,101,-0.011,1.26,0.569,,0.5,24,2,8.0,1,53,24,24,12,14,6,0,59,3,1,-0.489,-3.0,33,7,9,7,7.88,3,12,36,0.273,0.333,0.424,0.758,156,106,0.488,0.74,1.1,,3.0,27,9,9.0,2,61,17,28,5,16,7,0,42,2,0,0.012,-0.5
SEA/SEA201706220,"Thursday, June 22, 2017",7:10 p.m. Local,Safeco Field,18736,2:58,Night,Home,Seattle Mariners,SEA,Detroit Tigers,DET,36,6,10,6,6.0,1,8,37,0.278,0.297,0.556,0.853,142,104,-0.169,0.56,0.366,,1.5,24,7,8.0,2,66,12,26,7,21,11,0,44,0,0,-0.332,-5.0,30,9,8,9,10.12,4,6,35,0.267,0.371,0.5,0.871,153,82,0.332,0.71,0.586,,5.0,27,7,9.0,2,47,10,25,7,17,8,0,57,1,0,0.168,-1.5
SEA/SEA201706230,"Friday, June 23, 2017",7:10 p.m. Local,Safeco Field,31783,3:17,Night,Home,Seattle Mariners,SEA,Houston Astros,HOU,36,3,10,3,3.0,2,7,38,0.278,0.316,0.528,0.844,166,94,-0.064,0.61,0.299,,-1.5,24,12,8.0,3,58,10,26,11,18,8,0,4,2,0,-0.436,-9.0,40,13,16,9,14.62,3,7,44,0.4,0.455,0.725,1.18,146,103,0.437,0.41,0.787,,9.0,27,9,9.0,2,57,22,24,16,17,10,0,49,0,0,0.064,1.5
SEA/SEA201706240,"Saturday, June 24, 2017",7:11 p.m. Local,Safeco Field,29820,3:09,Night,Away,Houston Astros,HOU,Seattle Mariners,SEA,35,5,9,5,4.0,4,7,40,0.257,0.333,0.429,0.762,143,86,0.188,1.19,0.744,,0.5,27,12,9.0,0,45,7,33,12,16,7,0,63,2,1,0.314,2.5,33,2,7,2,2.0,3,11,36,0.212,0.278,0.303,0.581,135,93,-0.314,0.92,0.683,,-2.5,27,9,9.0,1,46,23,24,15,7,3,0,52,3,2,-0.188,-0.5
SEA/SEA201706250,"Sunday, June 25, 2017",1:11 p.m. Local,Safeco Field,33010,3:21,Day,Away,Houston Astros,HOU,Seattle Mariners,SEA,33,8,8,8,8.0,6,3,39,0.242,0.359,0.545,0.904,165,90,0.206,1.15,0.671,,3.5,27,13,9.0,0,56,12,22,10,20,6,0,43,2,0,0.294,2.5,32,2,5,2,2.0,5,10,38,0.156,0.289,0.188,0.477,145,98,-0.294,0.59,0.479,,-2.5,27,8,9.0,3,54,21,23,15,7,5,0,53,3,1,-0.206,-3.5
SEA/SEA201706270,"Tuesday, June 27, 2017",7:11 p.m. Local,Safeco Field,22648,3:02,Night,Away,Philadelphia Phillies,PHI,Seattle Mariners,SEA,32,8,9,8,4.0,5,10,41,0.281,0.35,0.531,0.881,135,93,0.202,1.29,0.749,,3.5,27,9,9.0,1,53,16,24,12,14,7,0,64,0,0,0.297,2.5,30,2,5,2,2.0,4,13,34,0.167,0.265,0.3,0.565,139,84,-0.296,0.95,0.655,,-2.5,27,8,9.0,2,41,16,27,8,9,4,0,63,0,0,-0.204,-3.5
SEA/SEA201706280,"Wednesday, June 28, 2017",12:41 p.m. Local,Safeco Field,29505,3:24,Day,Away,Philadelphia Phillies,PHI,Seattle Mariners,SEA,32,5,7,5,5.0,4,11,36,0.219,0.306,0.438,0.743,172,108,0.425,1.05,1.207,,0.5,27,10,9.0,3,60,15,33,8,13,6,0,39,0,0,0.074,0.5,36,4,11,4,4.0,2,7,38,0.306,0.342,0.583,0.925,169,109,-0.075,1.31,0.746,,-0.5,27,10,9.0,2,70,10,34,11,18,8,0,52,1,0,-0.424,-0.5
ANA/ANA201706300,"Friday, June 30, 2017",7:08 p.m. Local,Angel Stadium of Anaheim,40059,2:45,Night,Away,Seattle Mariners,SEA,Los Angeles Angels,LAA,41,10,17,10,10.0,1,5,43,0.415,0.442,0.805,1.247,129,90,0.214,0.49,0.623,,5.4,27,12,9.0,0,63,16,11,10,26,16,0,75,0,0,0.286,4.6,30,0,5,0,0.0,3,5,33,0.167,0.242,0.2,0.442,134,80,-0.285,0.54,0.123,,-4.6,27,9,9.0,4,45,10,25,13,12,3,0,31,1,0,-0.214,-5.4
ANA/ANA201707010,"Saturday, July 1, 2017",7:21 p.m. Local,Angel Stadium of Anaheim,44644,2:32,Night,Home,Los Angeles Angels,LAA,Seattle Mariners,SEA,29,0,3,0,0.0,0,7,30,0.103,0.133,0.103,0.237,114,69,-0.453,0.59,0.066,,-4.6,24,11,8.0,1,42,11,16,10,12,5,0,53,2,1,-0.049,0.1,29,4,7,3,4.5,3,5,32,0.241,0.313,0.379,0.692,105,74,0.049,0.74,0.376,,-0.1,27,10,9.0,0,40,12,22,13,11,6,0,88,,,0.451,4.6
ANA/ANA201707020,"Sunday, July 2, 2017",12:38 p.m. Local,Angel Stadium of Anaheim,39279,3:10,Day,Away,Seattle Mariners,SEA,Los Angeles Angels,LAA,33,5,7,5,5.0,5,7,38,0.212,0.316,0.333,0.649,137,98,0.104,1.62,0.608,,0.4,27,14,9.0,0,55,23,20,10,16,8,0,66,6,0,0.396,1.6,30,3,6,3,3.0,2,5,33,0.2,0.242,0.2,0.442,164,88,-0.396,0.86,0.734,,-1.6,27,5,9.0,1,52,14,25,13,13,7,0,52,0,0,-0.104,-0.4
SEA/SEA201707030,"Monday, July 3, 2017",7:10 p.m. Local,Safeco Field,35789,2:28,Night,Away,Kansas City Royals,KCR,Seattle Mariners,SEA,33,3,7,3,3.0,0,6,34,0.212,0.206,0.424,0.63,126,82,-0.03,1.33,0.343,,-1.5,27,9,9.0,0,54,10,18,12,16,5,0,67,1,0,0.529,3.5,31,1,4,0,1.0,2,9,33,0.129,0.182,0.129,0.311,119,81,-0.528,0.58,0.385,,-3.5,27,10,9.0,2,43,16,22,11,11,6,0,64,0,0,0.029,1.5
SEA/SEA201707040,"Tuesday, July 4, 2017",3:40 p.m. Local,Safeco Field,25555,2:55,Day,Away,Kansas City Royals,KCR,Seattle Mariners,SEA,35,7,7,5,6.0,4,8,39,0.2,0.282,0.514,0.796,145,81,0.364,1.05,0.755,,2.5,27,11,9.0,0,55,14,12,11,16,6,0,53,2,0,0.135,1.5,33,3,8,3,2.0,4,8,38,0.242,0.342,0.242,0.585,133,97,-0.137,0.68,0.604,,-1.5,27,10,9.0,2,58,18,21,15,10,4,0,39,0,0,-0.364,-2.5
SEA/SEA201707050,"Wednesday, July 5, 2017",7:10 p.m. Local,Safeco Field,15157,3:34,Night,Away,Kansas City Royals,KCR,Seattle Mariners,SEA,41,9,10,9,6.3,4,14,46,0.244,0.326,0.488,0.814,143,130,0.398,1.14,1.456,,4.0,30,10,10.0,3,70,39,21,10,17,8,0,30,0,0,0.103,-1.0,37,6,9,6,5.4,2,8,39,0.243,0.282,0.514,0.796,202,94,-0.103,1.4,0.723,,1.0,30,4,10.0,3,52,9,33,12,17,9,0,37,4,1,-0.397,-4.0
SEA/SEA201707060,"Thursday, July 6, 2017",7:11 p.m. Local,Safeco Field,18368,2:56,Night,Away,Oakland Athletics,OAK,Seattle Mariners,SEA,35,7,10,7,7.0,5,10,40,0.286,0.375,0.543,0.918,125,101,0.273,0.46,0.546,,2.5,27,16,9.0,2,59,18,24,11,14,8,0,58,1,0,0.227,0.5,34,4,11,4,4.0,1,0,36,0.324,0.361,0.618,0.979,161,72,-0.226,0.49,0.235,,-0.5,27,11,9.0,2,51,3,18,17,17,7,0,21,0,0,-0.273,-2.5
SEA/SEA201707070,"Friday, July 7, 2017",7:11 p.m. Local,Safeco Field,22213,2:39,Night,Home,Seattle Mariners,SEA,Oakland Athletics,OAK,28,2,3,2,2.0,3,10,32,0.107,0.219,0.143,0.362,135,80,-0.354,0.94,0.409,,-2.5,24,9,8.0,1,42,21,17,9,9,6,0,51,1,1,-0.146,-3.0,31,7,11,7,7.88,2,3,35,0.355,0.371,0.516,0.888,129,88,0.145,1.15,0.59,,3.0,27,9,9.0,0,64,9,15,13,17,7,0,71,1,0,0.355,2.5
SEA/SEA201707080,"Saturday, July 8, 2017",7:11 p.m. Local,Safeco Field,28694,2:54,Night,Away,Oakland Athletics,OAK,Seattle Mariners,SEA,36,4,9,4,4.0,4,6,41,0.25,0.341,0.472,0.814,138,99,0.132,1.48,1.219,,-0.5,27,11,9.0,1,57,21,21,9,21,8,0,51,0,0,0.369,1.5,33,3,7,3,3.0,1,7,35,0.212,0.257,0.424,0.681,148,80,-0.368,1.61,0.723,,-1.5,27,5,9.0,2,50,13,17,10,16,7,0,48,0,0,-0.131,0.5
SEA/SEA201707090,"Sunday, July 9, 2017",1:11 p.m. Local,Safeco Field,32661,2:39,Day,Home,Seattle Mariners,SEA,Oakland Athletics,OAK,28,0,2,0,0.0,5,10,33,0.071,0.212,0.107,0.319,116,80,-0.395,0.57,0.245,,-4.5,24,12,8.0,1,46,12,22,9,9,2,0,43,4,0,-0.106,0.0,28,4,7,3,4.5,3,6,31,0.25,0.323,0.393,0.715,137,73,0.105,0.87,0.415,,-0.0,27,9,9.0,0,46,6,21,11,11,5,0,73,1,0,0.395,4.5
CHA/CHA201707140,"Friday, July 14, 2017",7:11 p.m. Local,Guaranteed Rate Field,20311,2:50,Night,Away,Seattle Mariners,SEA,Chicago White Sox,CHW,35,4,10,3,4.0,4,2,39,0.286,0.359,0.457,0.816,139,84,0.099,1.11,0.736,,-0.6,27,9,9.0,0,56,7,21,18,15,9,0,63,0,0,0.404,2.6,32,2,5,2,2.0,0,15,32,0.156,0.156,0.219,0.375,146,100,-0.403,0.92,0.358,,-2.6,27,15,9.0,1,50,25,25,10,7,2,0,40,2,0,-0.096,0.6
CHA/CHA201707150,"Saturday, July 15, 2017",6:10 p.m. Local,Guaranteed Rate Field,21743,3:26,Night,Away,Seattle Mariners,SEA,Chicago White Sox,CHW,32,4,6,4,3.0,2,6,34,0.188,0.235,0.375,0.61,157,95,0.071,1.71,0.76,,-0.6,27,7,9.0,1,55,9,31,15,11,7,0,52,0,0,0.427,1.6,35,3,8,2,1.0,2,9,39,0.229,0.308,0.371,0.679,146,101,-0.427,1.12,0.847,,-1.6,27,14,9.0,2,58,18,25,13,13,7,0,51,3,1,-0.073,0.6
CHA/CHA201707160,"Sunday, July 16, 2017",1:10 p.m. Local,Guaranteed Rate Field,24502,3:22,Day,Away,Seattle Mariners,SEA,Chicago White Sox,CHW,39,7,10,6,5.4,2,8,44,0.256,0.318,0.513,0.831,167,91,0.288,1.33,1.258,,1.9,30,9,10.0,3,55,10,26,11,21,9,0,28,3,1,0.21,-0.9,37,6,9,6,5.4,3,7,41,0.243,0.3,0.541,0.841,141,108,-0.21,1.3,0.892,,0.9,30,7,10.0,3,71,19,18,12,19,6,0,35,3,1,-0.289,-1.9
HOU/HOU201707170,"Monday, July 17, 2017",7:11 p.m. Local,Minute Maid Park,24701,3:49,Night,Away,Seattle Mariners,SEA,Houston Astros,HOU,41,9,11,8,7.2,3,11,45,0.268,0.333,0.634,0.967,168,118,0.884,2.0,1.663,,4.0,30,8,10.0,2,64,19,35,15,15,5,0,40,6,2,-0.384,-2.0,40,7,12,7,6.3,4,8,47,0.3,0.362,0.525,0.887,180,108,0.385,1.07,1.602,,2.0,30,12,10.0,4,66,12,30,8,26,13,0,36,2,0,-0.885,-4.0
HOU/HOU201707180,"Tuesday, July 18, 2017",7:10 p.m. Local,Minute Maid Park,27111,3:02,Night,Home,Houston Astros,HOU,Seattle Mariners,SEA,33,2,6,2,2.0,1,10,34,0.182,0.206,0.212,0.418,126,91,-0.291,0.64,0.175,,-2.5,24,7,8.0,2,45,11,35,14,9,2,0,37,0,0,-0.211,-2.0,29,6,10,6,6.75,2,6,33,0.345,0.394,0.655,1.049,138,75,0.211,0.63,0.577,,2.0,27,8,9.0,0,43,11,23,8,16,5,0,75,3,1,0.289,2.5
HOU/HOU201707190,"Wednesday, July 19, 2017",1:10 p.m. Local,Minute Maid Park,35191,2:51,Day,Away,Seattle Mariners,SEA,Houston Astros,HOU,33,4,6,4,4.0,1,10,34,0.182,0.206,0.333,0.539,144,90,0.113,1.15,0.525,,-0.5,27,7,9.0,0,51,17,22,13,10,5,0,67,2,0,0.387,3.5,32,1,8,1,1.0,2,10,36,0.25,0.286,0.281,0.567,142,98,-0.387,0.74,0.411,,-3.5,27,11,9.0,1,61,16,24,12,12,7,0,51,1,0,-0.114,0.5
SEA/SEA201707200,"Thursday, July 20, 2017",7:12 p.m. Local,Safeco Field,35175,3:14,Night,Away,New York Yankees,NYY,Seattle Mariners,SEA,34,4,7,2,1.0,3,9,37,0.206,0.27,0.324,0.594,144,94,-0.083,1.38,0.552,,-0.5,27,9,9.0,0,53,17,24,10,15,9,0,66,0,0,0.583,3.5,37,1,10,1,1.0,2,9,40,0.27,0.325,0.351,0.676,157,98,-0.583,0.87,0.546,,-3.5,27,10,9.0,1,51,19,28,14,14,7,0,74,2,1,0.082,0.5
SEA/SEA201707210,"Friday, July 21, 2017",7:10 p.m. Local,Safeco Field,34073,2:50,Night,Away,New York Yankees,NYY,Seattle Mariners,SEA,35,5,11,5,5.0,2,3,38,0.314,0.342,0.457,0.799,151,85,0.232,0.95,0.589,,0.5,27,10,9.0,0,57,7,21,10,23,10,0,57,1,0,0.268,3.5,33,1,7,1,1.0,3,11,37,0.212,0.297,0.273,0.57,123,99,-0.267,0.67,0.414,,-3.5,27,8,9.0,1,57,20,22,11,11,5,0,35,0,0,-0.232,-0.5
SEA/SEA201707220,"Saturday, July 22, 2017",6:10 p.m. Local,Safeco Field,46197,3:28,Night,Home,Seattle Mariners,SEA,New York Yankees,NYY,35,5,9,4,4.5,3,9,40,0.257,0.3,0.486,0.786,146,108,0.092,1.07,1.155,,-0.0,27,10,9.0,3,66,20,22,11,17,7,0,48,0,0,-0.591,-2.5,37,6,10,6,6.0,1,10,40,0.27,0.325,0.541,0.866,168,98,0.591,1.74,1.193,,2.5,30,10,10.0,1,59,21,18,12,15,5,0,53,1,1,-0.09,0.0
SEA/SEA201707230,"Sunday, July 23, 2017",1:11 p.m. Local,Safeco Field,38503,3:13,Day,Away,New York Yankees,NYY,Seattle Mariners,SEA,36,6,10,6,6.0,7,9,43,0.278,0.395,0.639,1.034,135,94,0.385,1.43,0.992,,1.5,27,8,9.0,0,55,21,18,6,21,11,0,36,1,0,0.114,0.5,33,4,7,4,4.0,1,8,34,0.212,0.235,0.303,0.538,156,87,-0.113,1.0,0.844,,-0.5,27,7,9.0,3,53,13,21,9,16,9,0,47,3,2,-0.387,-1.5
SEA/SEA201707240,"Monday, July 24, 2017",7:11 p.m. Local,Safeco Field,29262,2:40,Night,Home,Seattle Mariners,SEA,Boston Red Sox,BOS,31,0,4,0,0.0,0,12,31,0.129,0.129,0.129,0.258,128,94,-0.321,0.48,0.167,,-4.5,24,8,8.0,1,48,11,35,11,8,3,0,44,1,0,-0.179,0.0,30,4,6,4,4.5,2,7,33,0.2,0.273,0.433,0.706,133,80,0.178,0.68,0.438,,-0.0,27,9,9.0,0,53,11,17,11,12,7,0,79,0,0,0.322,4.5
SEA/SEA201707250,"Tuesday, July 25, 2017",7:11 p.m. Local,Safeco Field,28992,4:59,Night,Home,Seattle Mariners,SEA,Boston Red Sox,BOS,48,5,9,5,3.46,6,9,54,0.188,0.278,0.271,0.549,253,143,-0.199,1.79,1.552,,-1.5,38,12,12.2,2,91,19,33,16,23,10,0,50,1,0,-0.302,0.1,47,6,10,5,4.26,8,16,55,0.213,0.327,0.362,0.689,220,157,0.3,1.89,1.923,,-0.1,39,14,13.0,1,86,33,38,17,14,5,0,47,3,0,0.199,1.5
SEA/SEA201707260,"Wednesday, July 26, 2017",12:40 p.m. Local,Safeco Field,39797,2:53,Day,Away,Boston Red Sox,BOS,Seattle Mariners,SEA,34,4,9,4,4.0,1,5,37,0.265,0.297,0.5,0.797,153,91,0.146,0.7,0.484,,-0.5,27,3,9.0,0,57,13,21,10,20,11,0,81,2,0,0.354,4.5,32,0,5,0,0.0,2,14,35,0.156,0.229,0.219,0.447,146,102,-0.355,0.51,0.175,,-4.5,27,11,9.0,2,53,17,32,4,14,4,0,48,1,0,-0.145,0.5
SEA/SEA201707280,"Friday, July 28, 2017",7:11 p.m. Local,Safeco Field,34543,3:21,Night,Away,New York Mets,NYM,Seattle Mariners,SEA,36,7,10,7,6.0,1,14,38,0.278,0.289,0.556,0.845,180,105,0.575,1.64,1.132,,2.5,27,11,9.0,1,54,25,26,7,16,8,0,38,7,2,-0.075,-0.5,32,5,8,4,5.0,5,8,40,0.25,0.359,0.375,0.734,149,106,0.077,1.03,1.088,,0.5,27,5,9.0,3,53,19,34,14,12,5,0,57,0,0,-0.575,-2.5
SEA/SEA201707290,"Saturday, July 29, 2017",1:10 p.m. Local,Safeco Field,33519,3:12,Day,Home,Seattle Mariners,SEA,New York Mets,NYM,33,2,8,2,2.0,5,4,38,0.242,0.342,0.273,0.615,154,90,-0.445,0.75,0.63,,-2.5,24,4,8.0,0,57,10,23,11,18,6,0,61,3,0,-0.055,1.0,30,3,9,3,2.25,1,13,33,0.3,0.333,0.367,0.7,150,103,0.056,1.41,0.498,,-1.0,27,8,9.0,0,54,27,23,8,10,8,0,55,3,1,0.446,2.5
SEA/SEA201707300,"Sunday, July 30, 2017",1:10 p.m. Local,Safeco Field,31162,2:55,Day,Home,Seattle Mariners,SEA,New York Mets,NYM,35,1,9,1,1.0,0,14,37,0.257,0.297,0.257,0.554,159,106,-0.197,0.25,0.155,,-3.5,24,6,8.0,2,59,22,25,10,11,6,0,36,0,0,-0.303,-5.0,36,9,12,8,9.0,3,6,40,0.333,0.375,0.611,0.986,151,98,0.304,0.46,0.439,,5.0,27,7,9.0,0,58,13,27,12,19,6,0,68,0,0,0.197,3.5
TEX/TEX201707310,"Monday, July 31, 2017",7:07 p.m. Local,Globe Life Park in Arlington,22294,3:16,Night,Away,Seattle Mariners,SEA,Texas Rangers,TEX,35,6,8,5,5.0,5,7,41,0.229,0.341,0.371,0.713,151,92,0.213,1.01,1.105,,0.8,27,8,9.0,2,58,13,21,19,9,6,0,42,2,0,0.288,1.2,32,4,6,4,4.0,4,13,39,0.188,0.316,0.406,0.722,145,95,-0.287,1.46,0.526,,-1.2,27,17,9.0,0,43,24,28,8,12,5,0,52,1,0,-0.213,-0.8
TEX/TEX201708010,"Tuesday, August 1, 2017",7:09 p.m. Local,Globe Life Park in Arlington,21200,3:30,Night,Away,Seattle Mariners,SEA,Texas Rangers,TEX,39,8,12,8,8.0,3,2,43,0.308,0.372,0.487,0.859,154,88,0.22,1.37,0.792,,2.8,27,9,9.0,3,62,7,19,11,26,11,0,45,4,0,0.281,-1.8,39,7,12,7,6.0,0,12,42,0.308,0.357,0.564,0.921,137,109,-0.282,0.77,0.838,,1.8,27,10,9.0,1,60,26,23,11,16,7,0,22,2,2,-0.22,-2.8
TEX/TEX201708020,"Wednesday, August 2, 2017",7:09 p.m. Local,Globe Life Park in Arlington,23041,2:53,Night,Home,Texas Rangers,TEX,Seattle Mariners,SEA,32,1,6,1,1.0,3,8,37,0.188,0.297,0.219,0.516,123,102,-0.359,0.57,0.427,,-4.2,24,6,8.0,3,67,7,28,13,11,6,0,42,1,0,-0.139,-0.4,31,5,9,5,4.5,0,7,32,0.29,0.281,0.613,0.894,155,79,0.139,0.99,0.534,,0.4,27,8,9.0,0,52,18,9,10,15,3,0,60,0,0,0.361,4.2
KCA/KCA201708030,"Thursday, August 3, 2017",7:16 p.m. Local,Kauffman Stadium,29228,3:01,Night,Home,Kansas City Royals,KCR,Seattle Mariners,SEA,36,4,10,4,4.0,3,6,40,0.278,0.333,0.5,0.833,126,90,-0.131,1.34,0.618,,-0.8,24,12,8.0,2,56,13,21,14,17,8,0,47,2,1,-0.369,-1.7,30,6,8,6,5.62,4,2,35,0.267,0.353,0.467,0.82,145,74,0.37,0.96,1.034,,1.7,27,13,9.0,2,54,6,14,16,13,5,0,45,3,0,0.13,0.8
KCA/KCA201708040,"Friday, August 4, 2017",7:16 p.m. Local,Kauffman Stadium,38130,2:47,Night,Away,Seattle Mariners,SEA,Kansas City Royals,KCR,32,5,9,5,5.0,1,6,35,0.281,0.286,0.406,0.692,129,80,0.27,1.19,0.846,,0.2,27,11,9.0,0,47,15,20,10,18,7,0,62,0,0,0.232,2.8,31,2,4,1,2.0,1,9,32,0.129,0.156,0.161,0.318,132,90,-0.232,0.99,0.572,,-2.8,27,7,9.0,0,56,15,19,14,8,6,0,51,1,1,-0.269,-0.2
KCA/KCA201708061,"Sunday, August 6, 2017",1:17 p.m. Local,Kauffman Stadium,,3:03,Day,Away,Seattle Mariners,SEA,Kansas City Royals,KCR,39,8,11,7,4.0,3,9,42,0.282,0.333,0.667,1.0,146,95,0.318,1.25,0.689,,3.2,27,7,9.0,2,46,20,29,13,17,9,0,32,3,2,0.184,-2.2,35,7,10,7,7.0,3,9,40,0.286,0.333,0.514,0.848,146,91,-0.183,0.51,0.686,,2.2,27,11,9.0,4,56,13,22,11,17,6,0,41,1,0,-0.316,-3.2
KCA/KCA201708062,"Sunday, August 6, 2017",4:54 p.m. Local,Kauffman Stadium,29432,2:39,Day,Home,Kansas City Royals,KCR,Seattle Mariners,SEA,31,1,4,1,1.0,1,9,32,0.129,0.156,0.161,0.318,138,80,-0.226,0.41,0.235,,-3.8,24,8,8.0,3,47,10,23,7,15,6,0,33,2,0,-0.274,-4.7,37,9,13,8,9.0,2,4,39,0.351,0.385,0.622,1.006,118,93,0.273,0.66,0.533,,4.7,27,4,9.0,0,57,15,21,13,20,5,0,77,0,0,0.227,3.8
OAK/OAK201708080,"Tuesday, August 8, 2017",7:07 p.m. Local,Oakland-Alameda County Coliseum,12354,3:20,Night,Away,Seattle Mariners,SEA,Oakland Athletics,OAK,41,7,11,7,4.5,4,4,46,0.268,0.326,0.366,0.692,158,91,0.313,1.26,1.387,,2.0,30,5,10.0,2,57,9,25,20,18,11,0,37,0,0,0.186,-1.0,37,6,8,6,5.4,3,13,42,0.216,0.286,0.459,0.745,152,101,-0.187,1.66,0.763,,1.0,30,14,10.0,1,54,26,21,5,20,8,0,41,5,1,-0.315,-2.0
OAK/OAK201708090,"Wednesday, August 9, 2017",12:37 p.m. Local,Oakland-Alameda County Coliseum,14989,2:58,Day,Away,Seattle Mariners,SEA,Oakland Athletics,OAK,35,6,8,6,6.0,2,5,37,0.229,0.27,0.486,0.756,149,94,0.271,0.9,0.575,,1.5,27,7,9.0,2,61,13,20,10,20,7,0,40,1,0,0.23,1.5,34,3,7,3,3.0,3,8,37,0.206,0.27,0.441,0.711,133,90,-0.229,0.52,0.443,,-1.5,27,5,9.0,3,49,17,24,10,16,9,0,35,0,0,-0.27,-1.5
SEA/SEA201708100,"Thursday, August 10, 2017",7:10 p.m. Local,Safeco Field,35021,3:14,Night,Away,Los Angeles Angels,LAA,Seattle Mariners,SEA,34,6,8,6,6.0,5,8,39,0.235,0.333,0.441,0.775,129,111,0.499,0.96,1.043,,1.5,27,13,9.0,2,66,14,31,13,13,6,0,65,1,0,0.0,1.5,32,3,8,3,3.0,3,9,35,0.25,0.314,0.531,0.846,175,85,-0.002,1.21,0.754,,-1.5,27,14,9.0,2,48,12,25,12,11,6,0,56,1,0,-0.499,-1.5
SEA/SEA201708110,"Friday, August 11, 2017",7:10 p.m. Local,Safeco Field,38206,3:04,Night,Away,Los Angeles Angels,LAA,Seattle Mariners,SEA,38,6,11,5,5.0,4,2,42,0.289,0.357,0.395,0.752,132,96,0.313,1.1,1.259,,1.5,27,6,9.0,2,61,8,27,12,24,9,0,35,1,1,0.187,-0.5,35,5,10,5,5.0,1,8,36,0.286,0.306,0.571,0.877,153,83,-0.188,1.47,0.639,,0.5,27,7,9.0,1,50,21,12,12,15,7,0,50,6,0,-0.313,-1.5
SEA/SEA201708120,"Saturday, August 12, 2017",6:34 p.m. Local,Safeco Field,45388,3:11,Night,Away,Los Angeles Angels,LAA,Seattle Mariners,SEA,33,6,8,5,5.0,3,4,37,0.242,0.297,0.455,0.752,166,87,0.409,1.03,1.024,,1.5,27,11,9.0,1,61,10,16,12,18,11,0,42,1,0,0.092,1.5,36,3,13,3,3.0,3,7,39,0.361,0.41,0.472,0.882,135,97,-0.091,1.06,0.653,,-1.5,27,12,9.0,1,61,14,25,12,17,6,0,64,0,0,-0.408,-1.5
SEA/SEA201708130,"Sunday, August 13, 2017",1:11 p.m. Local,Safeco Field,43199,2:59,Day,Away,Los Angeles Angels,LAA,Seattle Mariners,SEA,32,4,6,4,4.0,7,9,41,0.188,0.341,0.313,0.654,126,93,0.144,1.4,0.781,,-0.5,27,8,9.0,0,58,15,20,8,16,6,0,61,0,0,0.356,2.5,33,2,8,2,2.0,1,4,35,0.242,0.257,0.303,0.56,158,83,-0.357,1.02,0.567,,-2.5,27,5,9.0,1,52,12,19,12,18,11,0,40,2,2,-0.144,0.5
SEA/SEA201708140,"Monday, August 14, 2017",7:11 p.m. Local,Safeco Field,17973,3:06,Night,Away,Baltimore Orioles,BAL,Seattle Mariners,SEA,43,11,16,11,11.0,2,10,45,0.372,0.4,0.721,1.121,143,111,0.483,0.35,0.602,,6.5,27,9,9.0,2,69,22,20,12,21,9,0,62,0,0,0.017,1.5,34,3,8,3,3.0,2,9,36,0.235,0.278,0.471,0.748,183,93,-0.018,0.32,0.272,,-1.5,27,8,9.0,4,46,23,24,9,16,7,0,15,1,1,-0.484,-6.5
SEA/SEA201708150,"Tuesday, August 15, 2017",7:10 p.m. Local,Safeco Field,24927,2:48,Night,Home,Seattle Mariners,SEA,Baltimore Orioles,BAL,31,1,6,1,1.0,1,9,32,0.194,0.219,0.323,0.541,149,84,-0.439,0.95,0.335,,-3.5,24,11,8.0,0,50,11,23,6,16,6,0,43,2,0,-0.06,1.0,29,3,7,3,3.38,3,9,34,0.241,0.333,0.31,0.644,113,88,0.061,0.95,0.546,,-1.0,27,6,9.0,1,50,13,28,13,8,6,0,54,0,0,0.441,3.5
SEA/SEA201708160,"Wednesday, August 16, 2017",12:41 p.m. Local,Safeco Field,33448,3:13,Day,Home,Seattle Mariners,SEA,Baltimore Orioles,BAL,36,6,12,5,6.0,3,3,42,0.333,0.405,0.5,0.905,146,99,0.054,0.9,1.151,,1.5,24,10,8.0,2,65,15,19,16,18,9,0,24,2,0,-0.556,-3.0,35,7,15,7,7.88,2,3,39,0.429,0.487,0.686,1.173,156,89,0.556,1.66,1.09,,3.0,27,12,9.0,1,63,9,17,14,18,8,0,30,6,0,-0.055,-1.5
TBA/TBA201708180,"Friday, August 18, 2017",7:10 p.m. Local,Tropicana Field,11501,2:53,Night,Away,Seattle Mariners,SEA,Tampa Bay Rays,TBR,39,7,14,7,7.0,2,5,42,0.359,0.405,0.59,0.995,137,101,0.274,0.58,0.496,,2.4,27,4,9.0,0,62,15,24,15,19,10,0,66,1,0,0.227,3.6,30,1,4,1,1.0,3,11,34,0.133,0.206,0.2,0.406,141,92,-0.227,0.41,0.167,,-3.6,27,12,9.0,1,50,22,20,4,16,6,0,31,0,0,-0.274,-2.4
TBA/TBA201708190,"Saturday, August 19, 2017",6:10 p.m. Local,Tropicana Field,12218,3:15,Night,Away,Seattle Mariners,SEA,Tampa Bay Rays,TBR,36,7,10,7,7.0,7,7,43,0.278,0.395,0.472,0.868,151,97,0.355,1.11,0.872,,2.4,27,5,9.0,3,55,16,26,7,22,6,0,49,1,0,0.146,-1.4,36,6,9,6,6.0,1,12,38,0.25,0.289,0.528,0.817,172,98,-0.145,0.84,0.657,,1.4,27,3,9.0,2,56,21,21,8,16,9,0,14,1,0,-0.354,-2.4
TBA/TBA201708200,"Sunday, August 20, 2017",1:10 p.m. Local,Tropicana Field,13354,2:44,Day,Home,Tampa Bay Rays,TBR,Seattle Mariners,SEA,29,0,3,0,0.0,2,11,31,0.103,0.161,0.103,0.265,131,76,-0.544,0.67,0.193,,-4.6,24,11,8.0,2,40,17,19,9,9,4,0,54,0,0,0.043,1.1,28,3,5,3,3.38,5,7,34,0.179,0.324,0.464,0.788,126,71,-0.044,1.09,0.455,,-1.1,27,8,9.0,0,40,18,13,12,9,4,0,79,0,0,0.543,4.6
ATL/ATL201708210,"Monday, August 21, 2017",7:35 p.m. Local,SunTrust Park,21284,2:59,Night,Away,Seattle Mariners,SEA,Atlanta Braves,ATL,34,6,9,6,6.0,3,6,40,0.265,0.342,0.353,0.695,131,83,0.208,1.6,0.792,,1.3,27,13,9.0,1,51,13,19,17,13,6,0,43,5,2,0.292,-0.3,36,5,12,5,4.0,1,4,39,0.333,0.342,0.5,0.842,141,97,-0.29,1.1,0.945,,0.3,27,13,9.0,0,60,13,23,17,16,8,0,28,1,0,-0.208,-1.3
ATL/ATL201708220,"Tuesday, August 22, 2017",7:36 p.m. Local,SunTrust Park,22947,3:01,Night,Home,Atlanta Braves,ATL,Seattle Mariners,SEA,30,0,5,0,0.0,3,6,36,0.167,0.286,0.233,0.519,148,87,-0.441,0.72,0.269,,-4.7,24,17,8.0,1,51,14,22,10,16,5,0,46,2,1,-0.059,0.1,31,4,11,3,2.25,5,6,36,0.355,0.444,0.452,0.896,142,88,0.058,0.96,0.491,,-0.1,27,8,9.0,0,53,16,19,14,11,8,0,68,0,0,0.442,4.7
ATL/ATL201708230,"Wednesday, August 23, 2017",7:37 p.m. Local,SunTrust Park,23890,3:07,Night,Away,Seattle Mariners,SEA,Atlanta Braves,ATL,41,9,15,9,9.0,4,10,47,0.366,0.426,0.585,1.011,144,91,0.742,1.33,1.474,,4.4,27,11,9.0,0,56,13,22,11,21,14,0,51,4,2,-0.243,-1.3,36,6,11,6,6.0,4,10,43,0.306,0.381,0.333,0.714,144,91,0.243,1.25,1.026,,1.4,27,7,9.0,1,56,21,14,18,10,8,0,38,2,2,-0.743,-4.3
NYA/NYA201708250,"Friday, August 25, 2017",7:08 p.m. Local,Yankee Stadium III,42057,3:51,Night,Away,Seattle Mariners,SEA,New York Yankees,NYY,41,2,8,2,1.64,3,8,44,0.195,0.25,0.39,0.64,205,94,-0.34,2.04,0.966,,-4.0,33,8,11.0,0,49,12,33,15,18,7,0,59,5,0,0.841,5.0,38,1,5,0,0.82,8,8,47,0.132,0.298,0.211,0.508,158,114,-0.841,1.49,1.092,,-5.0,33,11,11.0,2,58,19,37,10,20,5,0,68,0,0,0.34,4.0
NYA/NYA201708260,"Saturday, August 26, 2017",1:09 p.m. Local,Yankee Stadium III,39810,3:25,Day,Home,New York Yankees,NYY,Seattle Mariners,SEA,34,3,6,3,2.0,2,12,38,0.176,0.263,0.294,0.557,162,93,-0.295,0.66,0.436,,-1.9,24,5,8.0,1,43,22,28,11,11,4,0,44,1,0,-0.205,-1.6,30,6,8,6,6.75,7,6,38,0.267,0.405,0.367,0.772,149,94,0.205,0.96,0.563,,1.6,27,8,9.0,1,54,18,22,9,16,3,0,74,2,1,0.297,1.9
NYA/NYA201708270,"Sunday, August 27, 2017",1:10 p.m. Local,Yankee Stadium III,40112,2:57,Day,Home,New York Yankees,NYY,Seattle Mariners,SEA,33,1,6,1,1.0,1,11,34,0.182,0.206,0.212,0.418,150,78,-0.071,0.41,0.283,,-3.9,24,10,8.0,0,41,17,20,12,10,5,0,25,2,1,-0.429,-5.6,39,10,15,9,5.62,4,8,44,0.385,0.432,0.462,0.893,119,104,0.43,0.52,0.606,,5.6,27,7,9.0,0,61,11,32,16,16,7,0,70,0,0,0.071,3.9
BAL/BAL201708280,"Monday, August 28, 2017",7:06 p.m. Local,Oriole Park at Camden Yards,15106,3:01,Night,Home,Baltimore Orioles,BAL,Seattle Mariners,SEA,32,6,8,6,6.0,5,5,38,0.25,0.351,0.469,0.82,128,84,0.012,1.54,1.272,,1.4,24,8,8.0,1,49,16,19,15,13,6,0,24,6,0,-0.513,-2.9,37,7,16,7,7.88,2,5,40,0.432,0.475,0.568,1.043,144,86,0.514,1.77,1.375,,2.9,27,11,9.0,2,55,14,17,9,23,10,0,35,2,2,-0.012,-1.4
BAL/BAL201708290,"Tuesday, August 29, 2017",7:37 p.m. Local,Oriole Park at Camden Yards,13736,2:26,Night,Home,Baltimore Orioles,BAL,Seattle Mariners,SEA,30,0,1,0,0.0,2,12,33,0.033,0.121,0.033,0.155,130,85,-0.502,0.65,0.177,,-4.6,24,8,8.0,4,44,22,19,11,7,2,0,59,0,0,0.003,0.1,30,4,9,4,4.5,2,9,33,0.3,0.364,0.733,1.097,116,83,-0.002,0.95,0.437,,-0.1,27,9,9.0,0,54,14,18,9,12,6,0,95,,,0.502,4.6
BAL/BAL201708300,"Wednesday, August 30, 2017",3:07 p.m. Local,Oriole Park at Camden Yards,16983,3:07,Day,Home,Baltimore Orioles,BAL,Seattle Mariners,SEA,36,7,10,7,7.0,2,7,38,0.278,0.316,0.444,0.76,140,86,0.174,1.24,1.125,,2.4,24,10,8.0,4,45,15,26,12,17,10,0,29,8,2,-0.675,-3.9,34,8,12,8,9.0,3,9,39,0.353,0.395,0.735,1.13,129,95,0.675,1.41,1.243,,3.9,27,11,9.0,1,62,19,14,8,19,10,0,24,2,2,-0.175,-2.4
SEA/SEA201709010,"Friday, September 1, 2017",7:11 p.m. Local,Safeco Field,19030,2:32,Night,Home,Seattle Mariners,SEA,Oakland Athletics,OAK,33,2,8,2,2.0,2,8,35,0.242,0.286,0.333,0.619,124,82,-0.516,0.97,0.578,,-2.5,24,12,8.0,1,45,17,20,12,13,4,0,48,1,0,0.017,1.0,28,3,8,3,3.38,3,4,33,0.286,0.364,0.429,0.792,135,76,-0.016,1.44,0.545,,-1.0,27,11,9.0,0,47,10,19,13,12,4,0,59,0,0,0.516,2.5
SEA/SEA201709020,"Saturday, September 2, 2017",6:10 p.m. Local,Safeco Field,22245,3:37,Night,Home,Seattle Mariners,SEA,Oakland Athletics,OAK,36,6,11,6,6.0,5,9,42,0.306,0.381,0.611,0.992,154,118,0.136,1.59,0.994,,1.5,26,9,8.2,4,62,22,34,8,20,9,0,31,2,0,-0.635,-2.9,37,7,10,6,5.19,4,6,41,0.27,0.341,0.676,1.017,193,89,0.634,1.16,1.774,,2.9,27,6,9.0,3,46,17,27,13,18,5,0,41,2,1,-0.134,-1.5
SEA/SEA201709030,"Sunday, September 3, 2017",1:11 p.m. Local,Safeco Field,26898,3:21,Day,Home,Seattle Mariners,SEA,Oakland Athletics,OAK,31,2,5,2,2.0,2,8,33,0.161,0.212,0.29,0.502,163,101,-0.289,0.54,0.292,,-2.5,24,7,8.0,3,71,12,18,3,20,7,0,35,3,0,-0.211,-6.0,38,10,17,10,11.25,6,7,45,0.447,0.533,0.763,1.296,153,91,0.212,0.82,0.631,,6.0,27,2,9.0,1,56,14,21,14,17,8,0,70,3,1,0.288,2.5
SEA/SEA201709040,"Monday, September 4, 2017",3:41 p.m. Local,Safeco Field,20108,2:53,Day,Away,Houston Astros,HOU,Seattle Mariners,SEA,34,6,8,6,6.0,6,6,41,0.235,0.35,0.441,0.791,128,92,0.374,0.8,0.867,,1.5,27,15,9.0,1,54,11,27,8,21,8,0,60,1,0,0.126,2.5,33,2,7,2,2.0,2,8,35,0.212,0.257,0.303,0.56,151,80,-0.125,0.95,0.476,,-2.5,27,7,9.0,2,49,12,19,20,5,3,0,59,4,2,-0.374,-1.5
SEA/SEA201709050,"Tuesday, September 5, 2017",7:11 p.m. Local,Safeco Field,14568,3:07,Night,Away,Houston Astros,HOU,Seattle Mariners,SEA,28,3,2,3,3.0,7,6,36,0.071,0.25,0.179,0.429,134,97,0.012,1.12,0.565,,-1.5,27,11,9.0,1,49,10,38,9,14,4,0,62,0,0,0.486,3.5,33,1,7,1,1.0,1,11,34,0.212,0.235,0.333,0.569,162,99,-0.486,0.94,0.372,,-3.5,27,9,9.0,1,62,14,23,10,12,6,0,67,1,1,-0.015,1.5
SEA/SEA201709060,"Wednesday, September 6, 2017",7:10 p.m. Local,Safeco Field,15104,2:46,Night,Away,Houston Astros,HOU,Seattle Mariners,SEA,36,5,9,5,5.0,3,5,39,0.25,0.308,0.444,0.752,123,88,0.357,1.32,1.165,,0.5,27,7,9.0,1,54,13,22,9,22,9,0,51,5,1,0.145,1.5,32,3,6,3,3.0,1,7,35,0.188,0.257,0.344,0.601,129,83,-0.144,1.41,0.794,,-1.5,27,11,9.0,1,52,12,19,12,13,4,0,59,2,1,-0.355,-0.5
SEA/SEA201709080,"Friday, September 8, 2017",7:11 p.m. Local,Safeco Field,21396,3:09,Night,Home,Seattle Mariners,SEA,Los Angeles Angels,LAA,34,3,8,3,2.0,0,10,34,0.235,0.235,0.265,0.5,166,101,-0.4,0.88,0.593,,-1.5,24,7,8.0,1,52,14,35,10,14,4,0,33,3,0,-0.102,0.0,35,4,11,4,4.5,2,10,37,0.314,0.351,0.457,0.808,142,106,0.103,1.46,0.608,,-0.0,27,8,9.0,0,59,18,29,10,15,8,0,55,0,0,0.399,1.5
SEA/SEA201709090,"Saturday, September 9, 2017",6:11 p.m. Local,Safeco Field,26248,3:15,Night,Home,Seattle Mariners,SEA,Los Angeles Angels,LAA,33,1,7,1,0.0,3,6,36,0.212,0.278,0.242,0.52,156,94,-0.228,0.61,0.141,,-3.5,24,6,8.0,2,61,11,22,10,17,6,0,42,3,2,-0.274,-4.0,35,8,11,7,9.0,2,4,37,0.314,0.351,0.629,0.98,147,99,0.274,0.49,0.582,,4.0,27,9,9.0,0,58,15,26,13,18,5,0,67,0,0,0.227,3.5
SEA/SEA201709100,"Sunday, September 10, 2017",1:10 p.m. Local,Safeco Field,20094,2:45,Day,Away,Los Angeles Angels,LAA,Seattle Mariners,SEA,34,5,8,4,5.0,1,8,36,0.235,0.257,0.471,0.728,124,90,0.244,0.99,0.826,,0.5,27,6,9.0,1,50,17,23,11,16,4,0,51,0,0,0.255,1.5,33,3,8,3,3.0,1,6,34,0.242,0.265,0.424,0.689,142,83,-0.254,0.97,0.469,,-1.5,27,10,9.0,2,47,10,26,4,23,10,0,63,2,1,-0.247,-0.5
TEX/TEX201709110,"Monday, September 11, 2017",7:10 p.m. Local,Globe Life Park in Arlington,20686,2:43,Night,Home,Texas Rangers,TEX,Seattle Mariners,SEA,34,3,6,3,3.0,3,11,37,0.176,0.243,0.412,0.655,140,97,-0.353,0.69,0.512,,-2.2,24,8,8.0,1,53,22,22,12,11,5,0,25,2,0,-0.146,-0.3,30,5,7,5,5.62,4,8,34,0.233,0.324,0.4,0.724,152,86,0.147,1.1,0.54,,0.4,27,9,9.0,2,44,15,27,9,13,4,0,54,0,0,0.354,2.2
TEX/TEX201709120,"Tuesday, September 12, 2017",7:08 p.m. Local,Globe Life Park in Arlington,20557,3:09,Night,Away,Seattle Mariners,SEA,Texas Rangers,TEX,42,10,15,10,10.0,4,6,46,0.357,0.413,0.571,0.984,120,97,0.409,0.6,0.631,,4.8,27,11,9.0,0,54,18,25,14,22,7,0,44,0,0,0.093,2.2,35,3,10,3,3.0,3,9,38,0.286,0.342,0.286,0.628,166,81,-0.093,0.4,0.344,,-2.2,27,12,9.0,2,43,10,28,15,11,6,0,16,2,1,-0.408,-4.8
TEX/TEX201709130,"Wednesday, September 13, 2017",7:08 p.m. Local,Globe Life Park in Arlington,23083,3:08,Night,Away,Seattle Mariners,SEA,Texas Rangers,TEX,35,8,11,7,8.0,6,8,42,0.314,0.405,0.6,1.005,129,101,0.213,0.89,0.714,,2.8,27,10,9.0,0,50,21,30,14,14,5,0,59,2,0,0.285,4.2,31,1,5,1,1.0,2,10,34,0.161,0.235,0.258,0.493,173,86,-0.287,0.7,0.371,,-4.2,27,7,9.0,3,47,12,27,11,10,6,0,44,4,2,-0.215,-2.8
TEX/TEX201709140,"Thursday, September 14, 2017",7:08 p.m. Local,Globe Life Park in Arlington,21931,3:21,Night,Away,Seattle Mariners,SEA,Texas Rangers,TEX,38,10,11,10,10.0,9,5,48,0.289,0.438,0.526,0.964,144,114,0.297,0.53,0.732,,4.8,27,7,9.0,1,71,16,27,14,19,7,0,54,1,0,0.206,1.2,32,4,6,4,4.0,1,9,35,0.188,0.229,0.344,0.572,191,99,-0.205,0.66,0.18,,-1.2,27,9,9.0,2,55,14,30,10,14,5,0,28,9,4,-0.294,-4.8
HOU/HOU201709150,"Friday, September 15, 2017",7:10 p.m. Local,Minute Maid Park,28328,3:12,Night,Home,Houston Astros,HOU,Seattle Mariners,SEA,35,2,9,2,2.0,1,12,36,0.257,0.278,0.314,0.592,152,96,-0.278,0.47,0.396,,-2.5,24,8,8.0,0,47,20,29,14,9,6,0,32,3,0,-0.224,-1.0,32,5,9,5,5.62,6,6,38,0.281,0.395,0.375,0.77,138,87,0.221,0.87,0.489,,1.0,27,10,9.0,0,45,16,26,11,15,5,0,64,0,0,0.278,2.5
HOU/HOU201709160,"Saturday, September 16, 2017",12:06 p.m. Local,Minute Maid Park,33650,3:21,Day,Home,Houston Astros,HOU,Seattle Mariners,SEA,36,6,10,6,6.0,3,7,39,0.278,0.333,0.444,0.778,159,91,-0.201,0.5,0.475,,1.5,24,6,8.0,0,52,18,21,20,9,5,0,24,2,1,-0.302,-4.0,36,8,12,7,9.0,3,6,39,0.333,0.385,0.472,0.857,142,99,0.301,0.9,0.561,,4.0,27,16,9.0,2,57,13,29,10,20,11,0,62,4,1,0.199,-1.5
HOU/HOU201709170,"Sunday, September 17, 2017",1:10 p.m. Local,Minute Maid Park,30247,2:50,Day,Home,Houston Astros,HOU,Seattle Mariners,SEA,31,1,6,1,1.0,1,13,32,0.194,0.219,0.29,0.509,142,85,-0.236,0.73,0.225,,-3.5,24,8,8.0,4,36,23,26,4,14,5,0,39,1,1,-0.265,-3.0,37,7,12,7,6.75,1,4,38,0.324,0.342,0.703,1.045,127,93,0.263,0.61,0.743,,3.0,27,4,9.0,1,62,6,25,14,19,8,0,76,0,0,0.237,3.5
SEA/SEA201709190,"Tuesday, September 19, 2017",7:10 p.m. Local,Safeco Field,17251,2:54,Night,Away,Texas Rangers,TEX,Seattle Mariners,SEA,34,3,10,3,3.0,0,7,35,0.294,0.286,0.382,0.668,153,87,0.018,1.36,0.656,,-1.5,27,11,9.0,0,51,11,25,17,11,7,0,64,1,0,0.481,3.5,31,1,6,1,1.0,3,5,35,0.194,0.286,0.226,0.512,122,92,-0.485,1.02,0.576,,-3.5,27,14,9.0,0,51,11,30,10,16,10,0,63,0,0,-0.017,1.5
SEA/SEA201709200,"Wednesday, September 20, 2017",7:10 p.m. Local,Safeco Field,15962,3:27,Night,Away,Texas Rangers,TEX,Seattle Mariners,SEA,35,8,8,7,7.0,4,14,41,0.229,0.317,0.314,0.631,158,110,0.381,1.02,0.678,,3.5,27,11,9.0,2,55,21,34,12,10,5,0,47,3,2,0.119,-1.5,36,6,11,5,6.0,6,4,42,0.306,0.405,0.528,0.933,170,90,-0.12,0.64,0.734,,1.5,27,6,9.0,1,54,15,21,14,18,9,0,35,5,4,-0.381,-3.5
SEA/SEA201709210,"Thursday, September 21, 2017",7:10 p.m. Local,Safeco Field,14849,2:45,Night,Away,Texas Rangers,TEX,Seattle Mariners,SEA,35,4,7,4,4.0,2,13,37,0.2,0.243,0.4,0.643,120,101,0.068,0.83,0.492,,-0.5,27,9,9.0,2,50,24,27,10,12,5,0,78,0,0,0.433,2.5,30,2,4,2,2.0,2,8,32,0.133,0.188,0.333,0.521,157,75,-0.434,0.66,0.174,,-2.5,27,7,9.0,2,37,16,24,9,13,4,0,47,2,0,-0.067,0.5
SEA/SEA201709220,"Friday, September 22, 2017",7:12 p.m. Local,Safeco Field,27462,2:23,Night,Home,Seattle Mariners,SEA,Cleveland Indians,CLE,30,1,3,1,1.0,1,10,31,0.1,0.129,0.233,0.362,132,74,-0.491,1.36,0.227,,-3.5,24,10,8.0,1,38,12,24,6,14,3,0,66,0,0,-0.009,1.0,28,3,7,2,3.38,3,7,31,0.25,0.323,0.393,0.715,115,80,0.01,1.02,0.826,,-1.0,27,6,9.0,1,49,7,24,13,8,4,0,82,0,0,0.492,3.5
SEA/SEA201709230,"Saturday, September 23, 2017",1:10 p.m. Local,Safeco Field,31565,3:32,Day,Away,Cleveland Indians,CLE,Seattle Mariners,SEA,41,11,14,11,8.0,1,8,45,0.341,0.333,0.683,1.016,183,125,0.225,0.94,0.5,,6.5,27,9,9.0,1,72,25,28,13,23,7,0,57,2,0,0.275,0.5,35,4,11,4,4.0,5,11,40,0.314,0.4,0.457,0.857,180,111,-0.276,0.45,0.454,,-0.5,27,6,9.0,4,55,24,32,11,13,9,0,45,0,0,-0.225,-6.5
SEA/SEA201709240,"Sunday, September 24, 2017",1:10 p.m. Local,Safeco Field,23695,2:50,Day,Away,Cleveland Indians,CLE,Seattle Mariners,SEA,35,4,9,4,4.0,0,8,37,0.257,0.27,0.429,0.699,138,96,0.125,1.33,0.68,,-0.5,27,7,9.0,1,58,13,25,13,15,7,0,69,0,0,0.375,2.5,34,2,6,2,0.0,2,14,36,0.176,0.222,0.294,0.516,144,93,-0.377,0.92,0.621,,-2.5,27,10,9.0,1,47,22,24,7,13,9,0,53,4,1,-0.124,0.5
OAK/OAK201709250,"Monday, September 25, 2017",7:07 p.m. Local,Oakland-Alameda County Coliseum,9329,2:22,Night,Away,Seattle Mariners,SEA,Oakland Athletics,OAK,33,7,7,7,7.0,4,6,37,0.212,0.297,0.606,0.903,110,88,0.306,0.39,0.46,,2.5,27,10,9.0,1,48,18,22,9,18,3,0,64,0,0,0.196,3.5,28,1,4,1,1.0,3,5,31,0.143,0.226,0.25,0.476,144,77,-0.194,0.3,0.119,,-3.5,27,6,9.0,4,48,10,19,11,12,9,0,25,1,0,-0.304,-2.5
OAK/OAK201709260,"Tuesday, September 26, 2017",7:08 p.m. Local,Oakland-Alameda County Coliseum,13513,2:45,Night,Away,Seattle Mariners,SEA,Oakland Athletics,OAK,34,6,10,6,6.0,3,5,38,0.294,0.368,0.5,0.868,138,84,0.484,0.99,1.06,,1.5,27,6,9.0,2,49,12,23,9,20,10,0,49,0,0,0.016,1.5,35,3,9,3,3.0,0,8,35,0.257,0.257,0.429,0.686,134,93,-0.016,0.94,0.67,,-1.5,27,12,9.0,2,54,14,25,9,18,8,0,46,3,3,-0.484,-1.5
OAK/OAK201709270,"Wednesday, September 27, 2017",12:37 p.m. Local,Oakland-Alameda County Coliseum,13132,2:50,Day,Home,Oakland Athletics,OAK,Seattle Mariners,SEA,36,5,10,5,5.0,1,6,37,0.278,0.297,0.472,0.77,137,89,0.027,0.91,0.95,,0.5,25,7,8.1,1,54,12,23,18,12,7,0,35,0,0,-0.527,-1.8,30,6,9,6,4.32,2,6,35,0.3,0.314,0.567,0.881,140,78,0.528,1.25,1.012,,1.8,27,14,9.0,2,44,15,20,8,19,9,0,49,0,0,-0.025,-0.5
ANA/ANA201709290,"Friday, September 29, 2017",7:08 p.m. Local,Angel Stadium of Anaheim,35106,3:01,Night,Home,Los Angeles Angels,LAA,Seattle Mariners,SEA,37,5,10,5,5.0,3,11,40,0.27,0.325,0.595,0.92,147,96,0.098,1.39,0.811,,0.4,24,5,8.0,2,51,13,32,8,18,8,0,47,3,2,-0.598,-1.9,32,6,9,6,6.75,3,10,36,0.281,0.333,0.563,0.896,134,94,0.6,0.97,1.284,,1.9,27,5,9.0,3,53,15,26,7,16,6,0,46,2,0,-0.098,-0.4
ANA/ANA201709300,"Saturday, September 30, 2017",6:09 p.m. Local,Angel Stadium of Anaheim,38075,3:32,Night,Away,Seattle Mariners,SEA,Los Angeles Angels,LAA,38,6,13,6,6.0,2,6,40,0.342,0.375,0.658,1.033,170,100,0.487,1.14,1.24,,1.4,27,5,9.0,1,56,20,24,10,22,10,0,43,6,1,0.014,0.6,36,4,10,4,4.0,3,10,41,0.278,0.341,0.444,0.786,148,113,-0.012,1.07,0.758,,-0.6,27,7,9.0,3,68,21,24,7,20,9,0,51,2,0,-0.486,-1.4
ANA/ANA201710010,"Sunday, October 1, 2017",12:07 p.m. Local,Angel Stadium of Anaheim,34940,2:38,Day,Home,Los Angeles Angels,LAA,Seattle Mariners,SEA,32,2,6,2,2.0,1,5,34,0.188,0.235,0.313,0.548,138,75,-0.455,0.98,0.171,,-2.6,24,4,8.0,1,47,9,19,12,15,6,0,75,3,2,-0.043,-1.9,31,6,8,6,6.75,3,10,36,0.258,0.306,0.355,0.66,116,89,0.046,0.84,0.511,,1.9,27,9,9.0,1,46,23,20,10,13,5,0,73,0,0,0.456,2.6
