,date,time,venue,attendance,duration,time_of_day,winner,winning_name,winning_abbr,losing_name,losing_abbr,away_at_bats,away_runs,away_hits,away_rbi,away_earned_runs,away_bases_on_balls,away_strikeouts,away_plate_appearances,away_batting_average,away_on_base_percentage,away_slugging_percentage,away_on_base_plus,away_pitches,away_strikes,away_win_probability_for_offensive_player,away_average_leverage_index,away_win_probability_added,away_win_probability_subtracted,away_base_out_runs_added,away_putouts,away_assists,away_innings_pitched,away_home_runs,away_strikes_by_contact,away_strikes_swinging,away_strikes_looking,away_grounded_balls,away_fly_balls,away_line_drives,away_unknown_bat_type,away_game_score,away_inherited_runners,away_inherited_score,away_win_probability_by_pitcher,away_base_out_runs_saved,home_at_bats,home_runs,home_hits,home_rbi,home_earned_runs,home_bases_on_balls,home_strikeouts,home_plate_appearances,home_batting_average,home_on_base_percentage,home_slugging_percentage,home_on_base_plus,home_pitches,home_strikes,home_win_probability_for_offensive_player,home_average_leverage_index,home_win_probability_added,home_win_probability_subtracted,home_base_out_runs_added,home_putouts,home_assists,home_innings_pitched,home_home_runs,home_strikes_by_contact,home_strikes_swinging,home_strikes_looking,home_grounded_balls,home_fly_balls,home_line_drives,home_unknown_bat_type,home_game_score,home_inherited_runners,home_inherited_score,home_win_probability_by_pitcher,home_base_out_runs_saved
BAL/BAL201704030,"Monday, April 3, 2017",3:09 p.m. Local,Oriole Park at Camden Yards,45667,3:41,Day,Home,Baltimore Orioles,BAL,Toronto Blue Jays,TOR,42,2,11,2,1.64,6,8,48,0.262,0.354,0.286,0.64,152,100,-0.701,1.37,1.002,,-3.6,32,15,10.2,1,58,13,29,19,15,4,0,56,2,0,0.2,2.5,39,3,9,3,2.53,2,5,41,0.231,0.268,0.41,0.679,179,107,-0.201,1.84,0.95,,-2.5,33,15,11.0,0,66,12,29,15,19,8,0,50,1,1,0.701,3.6
BAL/BAL201704050,"Wednesday, April 5, 2017",7:08 p.m. Local,Oriole Park at Camden Yards,16086,2:23,Night,Home,Baltimore Orioles,BAL,Toronto Blue Jays,TOR,33,1,7,1,1.0,1,11,34,0.212,0.235,0.242,0.478,97,93,-0.449,0.6,0.646,,-3.6,24,8,8.0,2,46,23,24,8,14,7,0,64,0,0,-0.051,1.1,29,3,5,3,3.38,0,9,29,0.172,0.172,0.379,0.552,138,71,0.05,1.52,0.405,,-1.1,27,8,9.0,0,41,9,21,8,12,7,0,73,0,0,0.45,3.6
TBA/TBA201704060,"Thursday, April 6, 2017",7:10 p.m. Local,Tropicana Field,12678,2:56,Night,Away,Toronto Blue Jays,TOR,Tampa Bay Rays,TBR,32,5,5,4,4.0,5,8,37,0.156,0.27,0.25,0.52,122,84,0.195,0.79,0.472,,0.4,27,13,9.0,0,48,10,26,9,15,5,0,60,4,1,0.306,2.6,31,2,8,1,2.0,3,7,34,0.258,0.324,0.355,0.678,138,77,-0.307,0.5,0.318,,-2.6,27,6,9.0,1,44,15,18,14,10,7,0,50,2,0,-0.194,-0.4
TBA/TBA201704070,"Friday, April 7, 2017",7:12 p.m. Local,Tropicana Field,12842,3:53,Night,Home,Tampa Bay Rays,TBR,Toronto Blue Jays,TOR,38,8,11,8,7.0,5,7,44,0.289,0.364,0.553,0.916,165,112,0.336,1.01,1.246,,3.4,24,3,8.0,1,60,17,35,10,22,10,0,22,7,3,-0.836,-5.9,35,10,13,10,11.25,7,14,43,0.371,0.465,0.571,1.037,193,91,0.836,1.42,1.266,,5.9,27,8,9.0,2,39,23,29,5,17,7,0,33,4,3,-0.337,-3.4
TBA/TBA201704080,"Saturday, April 8, 2017",6:10 p.m. Local,Tropicana Field,21838,3:55,Night,Home,Tampa Bay Rays,TBR,Toronto Blue Jays,TOR,35,2,5,2,1.64,4,12,40,0.143,0.231,0.143,0.374,168,102,-0.479,2.27,0.983,,-3.6,32,10,10.2,0,53,17,32,15,9,2,0,68,0,0,-0.021,1.8,39,3,8,3,2.53,9,9,49,0.205,0.354,0.231,0.585,158,92,0.024,1.77,1.604,,-1.8,33,14,11.0,0,53,17,22,12,19,11,0,66,3,0,0.479,3.6
TBA/TBA201704090,"Sunday, April 9, 2017",1:11 p.m. Local,Tropicana Field,15341,2:57,Day,Home,Tampa Bay Rays,TBR,Toronto Blue Jays,TOR,29,2,3,2,2.0,1,4,31,0.103,0.161,0.276,0.437,162,91,-0.175,0.61,0.244,,-2.6,24,11,8.0,3,54,11,26,10,15,7,0,36,1,0,-0.324,-2.9,32,7,9,7,7.88,5,8,37,0.281,0.378,0.625,1.003,144,103,0.325,0.62,0.751,,2.9,27,12,9.0,1,58,17,28,16,8,3,0,63,0,0,0.175,2.6
TOR/TOR201704110,"Tuesday, April 11, 2017",7:28 p.m. Local,Rogers Centre,48456,3:31,Night,Away,Milwaukee Brewers,MIL,Toronto Blue Jays,TOR,39,4,11,4,4.0,1,13,40,0.282,0.3,0.538,0.838,158,120,-0.044,1.61,0.638,,-0.8,27,9,9.0,0,71,19,30,9,17,8,0,53,0,0,0.544,1.8,31,3,5,3,3.0,5,10,37,0.161,0.27,0.226,0.496,176,95,-0.543,0.92,0.67,,-1.8,27,5,9.0,2,48,13,35,10,12,2,0,38,1,0,0.044,0.8
TOR/TOR201704120,"Wednesday, April 12, 2017",7:09 p.m. Local,Rogers Centre,29919,2:15,Night,Away,Milwaukee Brewers,MIL,Toronto Blue Jays,TOR,33,2,7,2,2.0,1,4,34,0.212,0.235,0.394,0.629,111,68,-0.165,1.43,0.393,,-2.8,27,11,9.0,0,40,4,24,16,13,7,0,76,0,0,0.663,4.8,28,0,4,0,0.0,3,8,31,0.143,0.226,0.179,0.404,100,73,-0.666,0.76,0.331,,-4.8,27,13,9.0,1,41,11,21,10,10,4,0,68,,,0.164,2.8
TOR/TOR201704130,"Thursday, April 13, 2017",7:08 p.m. Local,Rogers Centre,32957,2:45,Night,Away,Baltimore Orioles,BAL,Toronto Blue Jays,TOR,31,2,5,2,2.0,2,15,33,0.161,0.212,0.226,0.438,141,80,-0.213,2.01,0.35,,-2.8,27,15,9.0,0,34,17,29,5,11,7,0,59,0,0,0.712,3.8,32,1,6,1,1.0,3,6,35,0.188,0.257,0.281,0.538,120,92,-0.712,0.92,0.793,,-3.8,27,7,9.0,0,50,13,29,16,10,7,0,64,1,0,0.212,2.8
TOR/TOR201704140,"Friday, April 14, 2017",7:08 p.m. Local,Rogers Centre,39547,3:18,Night,Away,Baltimore Orioles,BAL,Toronto Blue Jays,TOR,35,6,9,5,6.0,4,6,39,0.257,0.333,0.686,1.019,157,96,0.25,1.22,0.859,,1.2,27,5,9.0,1,57,13,26,11,18,5,0,58,0,0,0.249,0.8,37,4,10,4,4.0,0,15,38,0.27,0.289,0.378,0.668,160,106,-0.249,0.81,0.679,,-0.8,27,10,9.0,4,58,18,30,9,13,7,0,36,3,0,-0.251,-1.2
TOR/TOR201704150,"Saturday, April 15, 2017",1:09 p.m. Local,Rogers Centre,40743,2:39,Day,Home,Toronto Blue Jays,TOR,Baltimore Orioles,BAL,31,1,6,1,1.0,3,9,36,0.194,0.278,0.258,0.536,115,88,-0.392,1.21,0.669,,-3.8,24,6,8.0,1,48,14,26,10,13,4,0,67,3,1,-0.107,2.3,28,2,6,2,2.25,1,7,31,0.214,0.267,0.321,0.588,131,72,0.108,1.71,0.801,,-2.3,27,7,9.0,0,38,11,23,6,16,7,0,74,0,0,0.392,3.8
TOR/TOR201704160,"Sunday, April 16, 2017",1:07 p.m. Local,Rogers Centre,38188,3:30,Day,Away,Baltimore Orioles,BAL,Toronto Blue Jays,TOR,43,11,15,10,11.0,2,6,46,0.349,0.37,0.698,1.067,181,103,0.185,0.58,0.678,,6.2,27,7,9.0,1,63,16,24,17,21,7,0,67,1,0,0.315,0.8,36,4,12,4,4.0,2,9,39,0.333,0.359,0.528,0.887,160,116,-0.316,0.67,0.264,,-0.8,27,11,9.0,4,74,16,26,12,16,7,0,54,2,2,-0.185,-6.2
TOR/TOR201704180,"Tuesday, April 18, 2017",7:09 p.m. Local,Rogers Centre,29281,3:48,Night,Away,Boston Red Sox,BOS,Toronto Blue Jays,TOR,40,8,15,8,8.0,3,8,43,0.375,0.419,0.525,0.944,177,104,0.447,1.07,1.059,,3.2,27,10,9.0,3,56,16,32,19,13,8,0,40,1,0,0.053,-2.2,40,7,12,7,7.0,5,7,45,0.3,0.378,0.625,1.003,167,114,-0.052,0.85,0.837,,2.2,27,17,9.0,1,62,18,34,17,16,5,0,21,4,1,-0.449,-3.2
TOR/TOR201704190,"Wednesday, April 19, 2017",7:08 p.m. Local,Rogers Centre,30842,2:45,Night,Home,Toronto Blue Jays,TOR,Boston Red Sox,BOS,32,0,6,0,0.0,2,9,34,0.188,0.235,0.188,0.423,122,94,-0.426,0.61,0.26,,-4.8,24,7,8.0,0,50,14,30,15,8,6,0,63,0,0,-0.073,1.3,32,3,6,3,0.0,1,7,33,0.188,0.212,0.188,0.4,137,85,0.074,0.91,0.417,,-1.3,27,15,9.0,0,47,12,26,15,10,2,0,65,2,0,0.428,4.8
TOR/TOR201704200,"Thursday, April 20, 2017",12:37 p.m. Local,Rogers Centre,44283,3:07,Day,Away,Boston Red Sox,BOS,Toronto Blue Jays,TOR,36,4,7,4,3.6,4,10,40,0.194,0.275,0.25,0.525,132,114,0.178,1.3,1.214,,-1.3,30,6,10.0,1,64,21,29,7,19,9,0,86,0,0,0.322,4.3,35,1,5,1,0.9,1,18,36,0.143,0.167,0.229,0.395,176,101,-0.322,1.63,0.644,,-4.3,30,6,10.0,0,49,26,26,7,10,3,0,71,1,0,-0.178,1.3
ANA/ANA201704210,"Friday, April 21, 2017",7:09 p.m. Local,Angel Stadium of Anaheim,40176,5:36,Night,Away,Toronto Blue Jays,TOR,Los Angeles Angels,LAA,50,8,12,6,4.85,7,15,59,0.24,0.345,0.32,0.665,244,158,0.218,1.99,1.819,,1.3,39,12,13.0,1,94,24,40,21,15,7,0,37,3,2,0.282,-0.3,51,7,11,7,3.46,5,10,59,0.216,0.322,0.314,0.636,248,148,-0.281,1.87,1.812,,0.3,39,15,13.0,1,88,24,36,20,21,7,0,48,5,2,-0.22,-1.3
ANA/ANA201704220,"Saturday, April 22, 2017",6:08 p.m. Local,Angel Stadium of Anaheim,41345,2:35,Night,Home,Los Angeles Angels,LAA,Toronto Blue Jays,TOR,33,4,10,4,4.0,2,6,35,0.303,0.343,0.515,0.858,109,80,-0.236,0.69,0.572,,-0.6,24,16,8.0,1,45,8,27,13,14,3,0,40,3,0,-0.263,-0.9,32,5,9,5,4.5,3,4,35,0.281,0.343,0.438,0.78,122,71,0.261,1.03,0.619,,0.9,27,12,9.0,2,43,8,20,18,10,5,0,57,1,1,0.237,0.6
ANA/ANA201704230,"Sunday, April 23, 2017",12:39 p.m. Local,Angel Stadium of Anaheim,35034,2:51,Day,Away,Toronto Blue Jays,TOR,Los Angeles Angels,LAA,33,6,9,6,6.0,4,10,37,0.273,0.351,0.636,0.988,99,95,0.218,0.81,0.939,,1.4,27,12,9.0,0,49,17,30,11,12,7,0,71,,,0.281,2.6,31,2,7,1,1.0,1,5,33,0.226,0.273,0.258,0.531,173,63,-0.282,1.02,0.322,,-2.6,27,12,9.0,3,39,8,16,15,11,4,0,62,0,0,-0.218,-1.4
ANA/ANA201704240,"Monday, April 24, 2017",7:09 p.m. Local,Angel Stadium of Anaheim,25304,3:02,Night,Home,Los Angeles Angels,LAA,Toronto Blue Jays,TOR,30,1,7,1,1.0,5,8,35,0.233,0.343,0.333,0.676,124,83,-0.616,1.15,0.74,,-3.6,24,14,8.0,0,47,12,26,9,13,2,0,48,3,0,0.114,2.1,27,2,5,2,2.25,4,5,33,0.185,0.313,0.296,0.609,149,73,-0.115,1.67,0.565,,-2.1,27,8,9.0,1,38,13,22,13,10,6,0,63,1,0,0.614,3.6
SLN/SLN201704250,"Tuesday, April 25, 2017",7:14 p.m. Local,Busch Stadium III,40223,3:46,Night,Away,Toronto Blue Jays,TOR,St. Louis Cardinals,STL,44,6,10,4,3.27,3,12,48,0.227,0.292,0.318,0.61,187,116,0.53,2.1,1.77,,0.4,33,11,11.0,1,62,18,36,16,16,8,0,60,0,0,-0.029,0.6,43,5,13,5,4.09,1,15,45,0.302,0.318,0.465,0.783,184,126,0.031,1.57,1.783,,-0.6,33,9,11.0,0,75,25,26,15,14,7,0,59,1,0,-0.529,-0.4
SLN/SLN201704271,"Thursday, April 27, 2017",12:47 p.m. Local,Busch Stadium III,40099,3:32,Day,Home,St. Louis Cardinals,STL,Toronto Blue Jays,TOR,40,4,9,4,3.27,4,11,46,0.225,0.304,0.3,0.604,152,115,-0.239,1.71,0.603,,-1.6,31,12,10.1,2,65,16,34,12,18,10,0,66,3,3,-0.26,-2.7,41,8,13,8,6.97,7,9,48,0.317,0.417,0.61,1.026,170,91,0.26,0.99,1.645,,2.7,33,11,11.0,1,58,13,20,8,24,12,0,55,0,0,0.24,1.6
SLN/SLN201704272,"Thursday, April 27, 2017",6:16 p.m. Local,Busch Stadium III,40035,2:56,Night,Home,St. Louis Cardinals,STL,Toronto Blue Jays,TOR,34,4,9,4,4.0,1,8,36,0.265,0.286,0.412,0.697,149,99,-0.289,0.57,0.477,,-0.6,24,11,8.0,1,56,10,33,14,13,8,0,21,0,0,-0.212,-1.9,33,6,12,6,6.75,6,2,41,0.364,0.45,0.515,0.965,141,88,0.211,1.07,0.528,,1.9,27,10,9.0,1,51,8,29,16,17,11,0,42,1,0,0.289,0.6
TOR/TOR201704280,"Friday, April 28, 2017",7:08 p.m. Local,Rogers Centre,36256,3:16,Night,Away,Tampa Bay Rays,TBR,Toronto Blue Jays,TOR,37,7,11,6,7.0,3,11,40,0.297,0.35,0.703,1.053,152,102,0.41,1.26,1.113,,2.2,27,11,9.0,1,59,13,30,14,11,2,1,47,1,0,0.089,0.8,37,4,11,3,4.0,3,5,41,0.297,0.341,0.459,0.801,146,94,-0.089,0.96,0.853,,-0.8,27,9,9.0,4,53,11,30,14,19,11,0,66,2,2,-0.41,-2.2
TOR/TOR201704290,"Saturday, April 29, 2017",1:08 p.m. Local,Rogers Centre,42419,3:02,Day,Home,Toronto Blue Jays,TOR,Tampa Bay Rays,TBR,32,1,5,1,1.0,5,10,38,0.156,0.289,0.156,0.446,115,96,-0.404,0.85,0.595,,-3.8,24,11,8.0,1,51,22,23,13,10,5,0,54,0,0,-0.098,0.3,28,4,6,3,3.38,3,4,31,0.214,0.29,0.357,0.647,156,78,0.096,1.31,0.555,,-0.3,27,10,9.0,0,47,10,23,11,13,5,0,57,2,0,0.403,3.8
TOR/TOR201704300,"Sunday, April 30, 2017",1:07 p.m. Local,Rogers Centre,42986,3:02,Day,Home,Toronto Blue Jays,TOR,Tampa Bay Rays,TBR,28,1,4,1,1.0,5,10,34,0.143,0.273,0.143,0.416,131,90,-0.35,1.43,0.569,,-3.8,24,9,8.0,0,42,23,25,10,9,1,0,69,3,1,-0.15,1.3,31,3,7,3,3.38,3,6,34,0.226,0.294,0.29,0.584,146,83,0.149,1.49,0.952,,-1.3,27,9,9.0,0,49,14,20,10,15,7,0,53,2,0,0.35,3.8
NYA/NYA201705010,"Monday, May 1, 2017",7:08 p.m. Local,Yankee Stadium III,25566,2:58,Night,Away,Toronto Blue Jays,TOR,New York Yankees,NYY,35,7,12,7,7.0,3,4,40,0.343,0.385,0.629,1.013,144,91,0.237,0.85,0.691,,2.1,27,10,9.0,0,56,9,26,11,22,14,0,64,0,0,0.263,3.9,34,1,7,1,1.0,1,7,36,0.206,0.229,0.206,0.434,160,103,-0.262,0.74,0.361,,-3.9,27,11,9.0,3,70,13,19,11,16,7,0,34,0,0,-0.238,-2.1
NYA/NYA201705020,"Tuesday, May 2, 2017",7:09 p.m. Local,Yankee Stadium III,30058,3:31,Night,Home,New York Yankees,NYY,Toronto Blue Jays,TOR,38,5,11,4,5.0,2,7,40,0.289,0.325,0.553,0.878,176,95,-0.15,0.3,0.248,,0.1,24,9,8.0,5,52,13,31,14,17,10,0,18,0,0,-0.349,-6.6,39,11,16,11,12.38,4,10,43,0.41,0.465,0.897,1.363,147,114,0.352,0.49,0.585,,6.6,27,10,9.0,2,65,29,20,11,18,8,0,45,4,1,0.15,-0.1
NYA/NYA201705030,"Wednesday, May 3, 2017",7:08 p.m. Local,Yankee Stadium III,35559,3:39,Night,Home,New York Yankees,NYY,Toronto Blue Jays,TOR,33,6,8,6,6.0,5,11,39,0.242,0.342,0.364,0.706,174,87,0.005,1.43,0.779,,1.1,24,8,8.0,2,42,17,28,11,12,5,0,26,5,1,-0.504,-3.6,34,8,12,8,9.0,8,11,42,0.353,0.476,0.559,1.035,153,96,0.506,1.25,1.351,,3.6,27,8,9.0,1,46,17,33,12,11,5,0,25,2,0,-0.005,-1.1
TBA/TBA201705050,"Friday, May 5, 2017",7:10 p.m. Local,Tropicana Field,12461,3:32,Night,Away,Toronto Blue Jays,TOR,Tampa Bay Rays,TBR,35,8,9,8,8.0,3,13,38,0.257,0.316,0.6,0.916,157,107,0.674,0.96,1.3,,3.4,27,4,9.0,2,58,17,32,8,14,6,0,39,5,1,-0.173,0.6,35,4,7,4,3.0,5,12,41,0.2,0.317,0.4,0.717,171,94,0.173,1.23,0.726,,-0.6,27,7,9.0,3,45,23,26,11,12,4,0,62,1,1,-0.672,-3.4
TBA/TBA201705060,"Saturday, May 6, 2017",4:11 p.m. Local,Tropicana Field,12035,2:42,Day,Home,Tampa Bay Rays,TBR,Toronto Blue Jays,TOR,30,1,4,1,1.0,0,7,30,0.133,0.133,0.267,0.4,144,78,-0.312,0.65,0.196,,-3.6,24,6,8.0,2,49,9,20,12,10,5,1,45,0,0,-0.188,-1.9,31,6,6,6,5.62,4,10,35,0.194,0.286,0.452,0.737,125,92,0.188,0.69,0.568,,1.9,27,9,9.0,1,59,17,16,9,12,4,0,73,0,0,0.312,3.6
TBA/TBA201705070,"Sunday, May 7, 2017",1:11 p.m. Local,Tropicana Field,15068,2:46,Day,Away,Toronto Blue Jays,TOR,Tampa Bay Rays,TBR,30,2,4,2,2.0,2,5,33,0.133,0.212,0.267,0.479,137,73,-0.133,1.43,0.638,,-2.6,27,11,9.0,0,40,6,27,11,14,7,0,60,0,0,0.634,3.6,31,1,3,1,0.0,2,11,34,0.097,0.176,0.097,0.273,104,91,-0.634,1.09,0.349,,-3.6,27,12,9.0,1,53,21,17,12,8,3,0,67,0,0,0.135,2.6
TOR/TOR201705080,"Monday, May 8, 2017",7:08 p.m. Local,Rogers Centre,40014,2:55,Night,Home,Toronto Blue Jays,TOR,Cleveland Indians,CLE,32,2,8,1,2.0,3,5,35,0.25,0.314,0.313,0.627,159,91,-0.347,0.47,0.523,,-2.8,24,11,8.0,1,56,10,25,13,14,9,0,47,0,0,-0.152,0.3,27,4,6,4,4.5,5,10,32,0.222,0.344,0.407,0.751,146,97,0.152,1.1,0.412,,-0.3,27,12,9.0,0,46,16,35,8,9,6,0,59,2,2,0.349,2.8
TOR/TOR201705090,"Tuesday, May 9, 2017",7:08 p.m. Local,Rogers Centre,32688,2:46,Night,Away,Cleveland Indians,CLE,Toronto Blue Jays,TOR,33,6,7,6,6.0,6,8,40,0.212,0.35,0.394,0.744,120,94,0.059,0.8,0.522,,1.2,27,12,9.0,0,50,14,30,12,13,6,0,78,0,0,0.441,4.8,29,0,4,0,0.0,0,7,29,0.138,0.138,0.138,0.276,147,81,-0.443,0.66,0.109,,-4.8,27,12,9.0,1,43,12,26,13,9,2,0,55,5,1,-0.058,-1.2
TOR/TOR201705100,"Wednesday, May 10, 2017",7:07 p.m. Local,Rogers Centre,35115,3:31,Night,Home,Toronto Blue Jays,TOR,Cleveland Indians,CLE,36,7,11,7,7.0,3,8,40,0.306,0.375,0.389,0.764,184,105,0.0,1.57,0.913,,2.2,26,13,8.2,2,61,16,28,10,18,7,0,30,3,0,-0.499,-4.0,34,8,11,8,8.31,6,7,42,0.324,0.415,0.588,1.003,163,112,0.498,1.35,1.479,,4.0,27,8,9.0,0,62,18,32,13,16,9,0,15,3,3,0.002,-2.2
TOR/TOR201705110,"Thursday, May 11, 2017",7:07 p.m. Local,Rogers Centre,29120,2:45,Night,Home,Toronto Blue Jays,TOR,Seattle Mariners,SEA,33,2,6,2,2.0,4,10,37,0.182,0.27,0.364,0.634,136,93,-0.148,0.95,0.383,,-2.8,24,5,8.0,2,50,13,30,6,17,7,0,27,0,0,-0.353,-2.7,32,7,9,7,7.88,3,6,36,0.281,0.361,0.5,0.861,145,87,0.354,0.68,0.852,,2.7,27,4,9.0,1,51,5,31,8,18,7,0,61,0,0,0.147,2.8
TOR/TOR201705120,"Friday, May 12, 2017",7:08 p.m. Local,Rogers Centre,32865,2:36,Night,Home,Toronto Blue Jays,TOR,Seattle Mariners,SEA,34,0,7,0,0.0,0,8,34,0.206,0.206,0.265,0.471,99,87,-0.381,0.65,0.303,,-4.8,24,13,8.0,1,48,13,26,12,14,6,0,41,0,0,-0.12,0.3,31,4,10,4,3.38,1,3,34,0.323,0.333,0.484,0.817,130,71,0.122,0.91,0.449,,-0.3,27,10,9.0,0,44,9,18,16,14,6,0,62,4,0,0.38,4.8
TOR/TOR201705130,"Saturday, May 13, 2017",1:08 p.m. Local,Rogers Centre,42346,3:25,Day,Home,Toronto Blue Jays,TOR,Seattle Mariners,SEA,36,2,12,2,2.0,4,11,40,0.333,0.4,0.389,0.789,140,103,-0.202,0.93,0.885,,-2.8,24,7,8.0,2,65,16,22,17,8,1,0,51,0,0,-0.301,-2.7,36,7,11,6,5.62,0,2,38,0.306,0.316,0.528,0.844,154,97,0.301,1.37,0.882,,2.7,27,10,9.0,0,60,8,29,13,22,10,0,55,6,0,0.2,2.8
TOR/TOR201705140,"Sunday, May 14, 2017",1:09 p.m. Local,Rogers Centre,42030,3:17,Day,Home,Toronto Blue Jays,TOR,Seattle Mariners,SEA,32,2,6,1,1.0,3,8,35,0.188,0.257,0.313,0.57,164,77,-0.356,1.49,0.611,,-2.8,26,8,8.2,2,43,11,23,13,11,3,0,62,3,1,-0.145,1.7,31,3,7,3,3.12,5,10,37,0.226,0.333,0.516,0.849,128,102,0.144,1.26,1.252,,-1.7,27,10,9.0,1,63,20,19,9,13,7,0,57,0,0,0.355,2.8
TOR/TOR201705150,"Monday, May 15, 2017",7:08 p.m. Local,Rogers Centre,29766,3:15,Night,Away,Atlanta Braves,ATL,Toronto Blue Jays,TOR,37,10,13,10,9.0,3,9,46,0.351,0.457,0.514,0.97,159,100,0.446,0.63,0.763,,5.2,27,9,9.0,1,53,20,27,12,17,7,0,42,2,1,0.054,-1.2,38,6,10,6,5.0,5,5,43,0.263,0.349,0.447,0.796,157,92,-0.055,0.55,0.447,,1.2,27,8,9.0,1,56,3,33,14,19,9,0,27,5,2,-0.446,-5.2
TOR/TOR201705160,"Tuesday, May 16, 2017",4:08 p.m. Local,Rogers Centre,34431,3:07,Day,Away,Atlanta Braves,ATL,Toronto Blue Jays,TOR,40,9,15,9,9.0,1,7,42,0.375,0.405,0.6,1.005,140,106,0.464,1.52,1.062,,4.2,27,16,9.0,1,66,19,23,13,20,10,0,46,1,1,0.036,-0.2,32,5,7,5,5.0,5,6,37,0.219,0.324,0.406,0.731,147,85,-0.036,0.89,0.978,,0.2,27,8,9.0,2,47,18,20,15,11,5,0,41,2,2,-0.463,-4.2
ATL/ATL201705170,"Wednesday, May 17, 2017",7:36 p.m. Local,SunTrust Park,28293,2:59,Night,Home,Atlanta Braves,ATL,Toronto Blue Jays,TOR,32,4,7,3,4.0,2,6,36,0.219,0.286,0.438,0.723,138,96,-0.128,0.42,0.302,,-0.7,24,9,8.0,1,52,14,30,15,12,5,0,35,3,1,-0.376,-3.9,30,8,6,8,6.75,5,6,37,0.2,0.324,0.367,0.691,148,87,0.375,0.58,0.491,,3.9,27,14,9.0,2,49,17,21,13,12,5,0,48,0,0,0.126,0.7
ATL/ATL201705180,"Thursday, May 18, 2017",7:37 p.m. Local,SunTrust Park,25419,3:02,Night,Away,Toronto Blue Jays,TOR,Atlanta Braves,ATL,38,9,12,9,9.0,4,7,43,0.316,0.395,0.658,1.053,140,112,0.371,0.27,0.485,,4.3,27,13,9.0,0,72,10,30,14,17,10,0,60,2,0,0.13,4.7,34,0,7,0,0.0,1,11,35,0.206,0.229,0.235,0.464,165,94,-0.13,0.27,0.084,,-4.7,27,12,9.0,3,56,14,24,17,6,4,0,8,1,1,-0.369,-4.3
BAL/BAL201705190,"Friday, May 19, 2017",7:34 p.m. Local,Oriole Park at Camden Yards,31916,3:29,Night,Home,Baltimore Orioles,BAL,Toronto Blue Jays,TOR,35,3,7,3,2.7,5,10,41,0.2,0.317,0.229,0.546,156,97,-0.4,1.47,0.693,,-2.1,29,5,9.2,2,60,14,23,16,9,7,0,50,0,0,-0.101,0.0,38,5,9,5,4.66,3,10,42,0.237,0.31,0.395,0.704,169,100,0.102,1.42,1.183,,-0.0,30,16,10.0,0,60,15,25,7,21,9,0,52,0,0,0.399,2.1
BAL/BAL201705200,"Saturday, May 20, 2017",7:39 p.m. Local,Oriole Park at Camden Yards,45416,3:22,Night,Home,Baltimore Orioles,BAL,Toronto Blue Jays,TOR,36,5,11,4,4.0,2,9,38,0.306,0.342,0.5,0.842,150,103,0.131,1.01,1.039,,0.4,24,10,8.0,3,63,21,19,12,15,7,0,40,3,1,-0.631,-2.9,33,7,11,7,7.88,7,5,40,0.333,0.45,0.606,1.056,159,84,0.63,1.35,1.208,,2.9,27,10,9.0,2,51,12,21,14,14,5,0,48,2,2,-0.131,-0.4
BAL/BAL201705210,"Sunday, May 21, 2017",1:40 p.m. Local,Oriole Park at Camden Yards,36632,2:31,Day,Away,Toronto Blue Jays,TOR,Baltimore Orioles,BAL,32,3,6,3,0.0,2,5,34,0.188,0.235,0.281,0.517,135,74,-0.018,1.28,0.424,,-1.6,27,4,9.0,1,40,10,24,16,11,4,0,76,1,0,0.518,3.6,33,1,7,1,1.0,1,13,35,0.212,0.257,0.333,0.59,133,92,-0.519,0.68,0.475,,-3.6,27,14,9.0,1,48,21,23,7,13,3,0,61,0,0,0.019,1.6
MIL/MIL201705230,"Tuesday, May 23, 2017",6:41 p.m. Local,Miller Park,30742,3:02,Night,Away,Toronto Blue Jays,TOR,Milwaukee Brewers,MIL,34,4,9,4,4.0,2,5,37,0.265,0.324,0.412,0.736,149,88,-0.056,1.7,0.624,,-0.7,27,10,9.0,0,50,16,22,14,15,5,0,41,2,0,0.557,1.7,31,3,5,3,3.0,5,11,37,0.161,0.297,0.161,0.459,140,90,-0.556,1.03,0.658,,-1.7,27,12,9.0,1,46,18,26,14,6,3,0,37,2,0,0.055,0.7
MIL/MIL201705240,"Wednesday, May 24, 2017",12:12 p.m. Local,Miller Park,26607,2:51,Day,Away,Toronto Blue Jays,TOR,Milwaukee Brewers,MIL,36,8,10,8,8.0,1,7,38,0.278,0.289,0.667,0.956,150,86,0.288,0.69,0.637,,3.3,27,12,9.0,2,47,15,24,14,16,4,0,46,0,0,0.213,0.7,30,4,5,4,4.0,4,9,34,0.167,0.265,0.433,0.698,130,89,-0.213,0.59,0.325,,-0.7,27,9,9.0,4,47,19,23,12,9,5,0,35,2,2,-0.286,-3.3
TOR/TOR201705260,"Friday, May 26, 2017",7:08 p.m. Local,Rogers Centre,40754,3:30,Night,Home,Toronto Blue Jays,TOR,Texas Rangers,TEX,36,6,10,6,5.0,5,8,42,0.278,0.357,0.472,0.829,156,102,-0.128,0.57,0.499,,1.2,24,10,8.0,3,61,11,30,21,8,2,0,32,2,1,-0.373,-2.7,32,7,9,6,7.88,5,9,37,0.281,0.378,0.625,1.003,159,93,0.374,0.93,0.654,,2.7,27,12,9.0,1,50,16,27,11,12,7,0,40,2,0,0.126,-1.2
TOR/TOR201705270,"Saturday, May 27, 2017",1:09 p.m. Local,Rogers Centre,46825,3:16,Day,Home,Toronto Blue Jays,TOR,Texas Rangers,TEX,32,1,6,1,1.0,1,12,33,0.188,0.212,0.344,0.556,145,101,-0.455,0.98,0.253,,-3.8,24,7,8.0,1,58,25,18,7,13,4,0,51,5,0,-0.046,1.3,32,3,7,3,3.38,4,7,38,0.219,0.342,0.375,0.717,146,91,0.045,0.92,0.681,,-1.3,27,8,9.0,1,49,16,26,11,14,7,0,67,1,0,0.456,3.8
TOR/TOR201705280,"Sunday, May 28, 2017",1:09 p.m. Local,Rogers Centre,46188,2:53,Day,Away,Texas Rangers,TEX,Toronto Blue Jays,TOR,37,3,10,2,3.0,2,9,39,0.27,0.308,0.405,0.713,129,97,-0.06,1.41,0.651,,-1.8,27,15,9.0,0,50,25,22,17,11,5,0,63,0,0,0.56,3.8,30,1,7,1,1.0,2,3,34,0.233,0.273,0.267,0.539,146,88,-0.562,0.95,0.455,,-3.8,27,13,9.0,1,55,11,22,17,12,6,0,56,0,0,0.061,1.8
TOR/TOR201705290,"Monday, May 29, 2017",7:08 p.m. Local,Rogers Centre,29844,3:06,Night,Home,Toronto Blue Jays,TOR,Cincinnati Reds,CIN,32,2,6,2,2.0,1,7,34,0.188,0.235,0.281,0.517,183,87,-0.081,0.34,0.158,,-2.8,24,18,8.0,3,48,15,24,15,10,4,0,22,5,3,-0.42,-12.7,46,17,23,16,18.0,7,1,54,0.5,0.574,0.804,1.378,138,106,0.421,0.35,0.57,,12.7,27,10,9.0,1,66,12,28,22,23,12,0,59,0,0,0.08,2.8
TOR/TOR201705300,"Tuesday, May 30, 2017",7:07 p.m. Local,Rogers Centre,32747,2:53,Night,Home,Toronto Blue Jays,TOR,Cincinnati Reds,CIN,34,4,8,4,4.0,6,11,40,0.235,0.35,0.529,0.879,134,102,-0.115,0.92,0.939,,-0.8,24,8,8.0,4,53,27,22,11,12,5,0,41,0,0,-0.387,-1.7,29,6,7,6,6.75,3,8,34,0.241,0.353,0.655,1.008,168,80,0.387,1.44,0.939,,1.7,27,7,9.0,3,41,16,23,9,12,4,0,48,1,0,0.113,0.8
TOR/TOR201705310,"Wednesday, May 31, 2017",12:37 p.m. Local,Rogers Centre,44058,2:53,Day,Home,Toronto Blue Jays,TOR,Cincinnati Reds,CIN,34,4,7,4,4.0,4,15,38,0.206,0.289,0.412,0.701,134,105,-0.254,1.18,1.014,,-0.8,24,5,8.0,2,54,18,33,8,11,3,0,51,0,0,-0.247,-0.7,28,5,7,5,5.62,3,6,32,0.25,0.313,0.464,0.777,153,74,0.249,1.67,0.911,,0.7,27,6,9.0,2,44,9,21,7,16,6,0,51,2,0,0.254,0.8
TOR/TOR201706010,"Thursday, June 1, 2017",7:08 p.m. Local,Rogers Centre,37722,3:10,Night,Away,New York Yankees,NYY,Toronto Blue Jays,TOR,43,12,15,12,10.0,3,11,46,0.349,0.391,0.581,0.973,132,118,0.356,0.36,0.526,,7.2,27,8,9.0,2,65,29,24,15,17,9,0,66,0,0,0.143,2.8,32,2,7,2,2.0,0,9,32,0.219,0.219,0.438,0.656,180,84,-0.143,0.32,0.099,,-2.8,27,6,9.0,2,48,17,19,10,13,6,0,17,3,1,-0.357,-7.2
TOR/TOR201706020,"Friday, June 2, 2017",7:08 p.m. Local,Rogers Centre,44261,3:13,Night,Home,Toronto Blue Jays,TOR,New York Yankees,NYY,35,5,8,5,5.0,4,10,39,0.229,0.308,0.486,0.793,142,98,-0.121,0.5,0.827,,0.2,24,10,8.0,3,50,20,28,9,16,7,0,25,0,0,-0.378,-2.7,34,7,12,6,6.75,3,5,39,0.353,0.385,0.647,1.032,156,88,0.378,1.17,0.655,,2.7,27,7,9.0,2,51,12,25,14,17,6,0,54,0,0,0.122,-0.2
TOR/TOR201706030,"Saturday, June 3, 2017",1:09 p.m. Local,Rogers Centre,47226,3:00,Day,Away,New York Yankees,NYY,Toronto Blue Jays,TOR,36,7,8,7,5.0,1,8,37,0.222,0.243,0.667,0.91,151,95,0.068,1.0,0.449,,2.2,27,5,9.0,0,57,12,26,14,14,3,0,68,0,0,0.434,4.8,30,0,3,0,0.0,5,9,35,0.1,0.229,0.1,0.329,137,91,-0.432,0.55,0.277,,-4.8,27,11,9.0,4,48,16,27,8,13,3,0,66,0,0,-0.068,-2.2
TOR/TOR201706040,"Sunday, June 4, 2017",1:08 p.m. Local,Rogers Centre,46782,2:27,Day,Home,Toronto Blue Jays,TOR,New York Yankees,NYY,31,2,6,2,2.0,1,9,32,0.194,0.219,0.226,0.445,111,87,-0.441,1.15,0.426,,-2.8,24,11,8.0,2,46,18,23,11,11,7,0,63,0,0,-0.062,1.3,29,3,7,3,3.38,1,8,32,0.241,0.29,0.483,0.773,132,74,0.062,1.27,0.811,,-1.3,27,11,9.0,0,43,15,16,11,11,5,0,57,0,0,0.439,2.8
OAK/OAK201706050,"Monday, June 5, 2017",7:07 p.m. Local,Oakland-Alameda County Coliseum,12890,3:05,Night,Home,Oakland Athletics,OAK,Toronto Blue Jays,TOR,34,3,7,3,3.0,4,12,38,0.206,0.289,0.382,0.672,130,113,-0.264,0.53,0.536,,-1.5,24,8,8.0,2,58,29,26,9,13,7,0,41,1,0,-0.235,-1.0,29,5,5,5,5.62,3,5,32,0.172,0.25,0.448,0.698,171,82,0.237,1.01,0.515,,1.0,27,6,9.0,1,51,9,22,10,14,6,0,60,0,0,0.266,1.5
OAK/OAK201706060,"Tuesday, June 6, 2017",7:07 p.m. Local,Oakland-Alameda County Coliseum,16643,2:45,Night,Home,Oakland Athletics,OAK,Toronto Blue Jays,TOR,32,1,8,1,0.0,3,8,36,0.25,0.333,0.25,0.583,115,86,-0.361,0.76,0.521,,-3.5,24,6,8.0,0,46,11,29,15,9,7,0,46,1,0,-0.14,0.0,28,4,7,4,4.5,2,10,31,0.25,0.29,0.393,0.683,146,75,0.139,1.25,0.502,,-0.0,27,13,9.0,0,47,16,12,5,14,8,0,57,1,0,0.36,3.5
OAK/OAK201706070,"Wednesday, June 7, 2017",12:37 p.m. Local,Oakland-Alameda County Coliseum,15076,3:20,Day,Away,Toronto Blue Jays,TOR,Oakland Athletics,OAK,36,7,6,7,6.3,5,9,42,0.167,0.286,0.5,0.786,166,104,0.239,1.19,1.011,,2.0,30,7,10.0,1,56,18,30,9,18,4,0,45,0,0,0.262,0.0,37,5,8,5,3.6,1,13,39,0.216,0.231,0.432,0.663,171,106,-0.261,1.05,0.631,,-0.0,30,8,10.0,4,57,26,23,7,18,10,0,48,0,0,-0.239,-2.0
SEA/SEA201706090,"Friday, June 9, 2017",7:11 p.m. Local,Safeco Field,33518,2:53,Night,Home,Seattle Mariners,SEA,Toronto Blue Jays,TOR,34,2,10,2,1.0,3,11,37,0.294,0.351,0.412,0.763,117,100,-0.334,1.28,0.524,,-2.5,24,10,8.0,0,52,14,34,16,8,5,0,58,2,0,-0.166,0.0,30,4,7,4,4.5,3,6,33,0.233,0.303,0.3,0.603,151,76,0.167,1.24,0.783,,-0.0,27,12,9.0,1,46,7,23,11,13,5,0,56,0,0,0.335,2.5
SEA/SEA201706100,"Saturday, June 10, 2017",7:11 p.m. Local,Safeco Field,45480,2:44,Night,Away,Toronto Blue Jays,TOR,Seattle Mariners,SEA,29,4,4,4,4.0,6,4,35,0.138,0.286,0.448,0.734,120,81,0.149,1.56,0.797,,-0.5,27,14,9.0,0,50,10,21,11,14,5,0,65,0,0,0.352,2.5,35,2,8,1,1.0,0,9,36,0.229,0.25,0.229,0.479,133,89,-0.353,0.96,0.694,,-2.5,27,13,9.0,3,42,18,29,17,9,5,0,58,2,0,-0.148,0.5
SEA/SEA201706110,"Sunday, June 11, 2017",1:10 p.m. Local,Safeco Field,41137,3:01,Day,Away,Toronto Blue Jays,TOR,Seattle Mariners,SEA,34,4,8,4,4.0,4,10,38,0.235,0.316,0.382,0.698,154,97,0.144,0.81,0.536,,-0.5,27,3,9.0,0,55,17,25,11,13,5,0,67,4,0,0.354,4.5,36,0,9,0,0.0,2,12,38,0.25,0.289,0.306,0.595,151,97,-0.356,0.65,0.27,,-4.5,27,8,9.0,1,63,15,19,11,13,5,0,30,0,0,-0.146,0.5
TOR/TOR201706130,"Tuesday, June 13, 2017",7:08 p.m. Local,Rogers Centre,39404,3:15,Night,Away,Tampa Bay Rays,TBR,Toronto Blue Jays,TOR,39,8,16,8,8.0,2,9,42,0.41,0.429,0.692,1.121,139,108,0.286,0.49,0.665,,3.2,27,9,9.0,0,70,19,21,10,21,11,0,64,1,0,0.213,3.8,35,1,8,1,1.0,2,10,37,0.229,0.27,0.257,0.527,175,87,-0.215,0.52,0.172,,-3.8,27,11,9.0,3,51,11,25,12,13,8,0,14,2,2,-0.288,-3.2
TOR/TOR201706140,"Wednesday, June 14, 2017",7:08 p.m. Local,Rogers Centre,37734,3:07,Night,Home,Toronto Blue Jays,TOR,Tampa Bay Rays,TBR,34,6,8,6,5.0,3,11,39,0.235,0.282,0.412,0.694,146,90,0.113,1.04,0.98,,1.2,24,7,8.0,2,52,17,21,11,14,5,0,38,0,0,-0.615,-2.7,33,7,10,6,5.62,4,7,39,0.303,0.378,0.515,0.894,144,90,0.615,1.43,1.165,,2.7,27,8,9.0,1,54,17,19,12,16,7,0,64,0,0,-0.114,-1.2
TOR/TOR201706160,"Friday, June 16, 2017",7:09 p.m. Local,Rogers Centre,39071,3:05,Night,Away,Chicago White Sox,CHW,Toronto Blue Jays,TOR,39,11,14,10,10.0,3,10,43,0.359,0.395,0.59,0.985,138,95,0.437,0.19,0.538,,6.2,27,15,9.0,3,59,17,19,14,16,10,0,62,1,0,0.063,0.8,31,4,8,4,4.0,3,6,34,0.258,0.324,0.581,0.904,153,86,-0.064,0.32,0.09,,-0.8,27,9,9.0,1,49,11,26,13,12,6,0,10,1,0,-0.437,-6.2
TOR/TOR201706170,"Saturday, June 17, 2017",1:09 p.m. Local,Rogers Centre,47171,2:44,Day,Away,Chicago White Sox,CHW,Toronto Blue Jays,TOR,33,5,8,4,4.0,2,6,38,0.242,0.286,0.545,0.831,128,83,0.108,1.31,0.641,,0.2,27,11,9.0,0,46,15,22,20,10,5,0,65,3,1,0.392,2.8,31,2,6,2,2.0,1,9,32,0.194,0.219,0.226,0.445,120,81,-0.393,0.81,0.52,,-2.8,27,15,9.0,3,44,12,25,13,9,4,0,57,0,0,-0.108,-0.2
TOR/TOR201706180,"Sunday, June 18, 2017",1:08 p.m. Local,Rogers Centre,46599,3:01,Day,Home,Toronto Blue Jays,TOR,Chicago White Sox,CHW,34,3,8,3,3.0,1,13,36,0.235,0.257,0.265,0.522,142,99,-0.098,0.88,0.513,,-1.8,24,13,8.0,2,59,21,19,10,12,6,0,45,2,2,-0.403,-2.7,36,7,13,7,7.88,3,3,40,0.361,0.425,0.639,1.064,137,85,0.405,0.91,0.988,,2.7,27,6,9.0,0,49,11,25,12,21,13,0,55,1,0,0.097,1.8
TEX/TEX201706190,"Monday, June 19, 2017",7:08 p.m. Local,Globe Life Park in Arlington,25115,3:48,Night,Away,Toronto Blue Jays,TOR,Texas Rangers,TEX,37,7,10,7,7.0,6,11,43,0.27,0.372,0.541,0.913,161,109,0.472,1.34,1.657,,1.8,27,7,9.0,1,62,24,23,9,17,7,0,23,4,0,0.029,-0.8,34,6,7,6,6.0,7,10,41,0.206,0.341,0.324,0.665,184,89,-0.028,1.74,0.919,,0.8,27,10,9.0,2,51,18,20,10,14,5,0,41,1,0,-0.472,-1.8
TEX/TEX201706200,"Tuesday, June 20, 2017",7:07 p.m. Local,Globe Life Park in Arlington,24169,3:06,Night,Home,Texas Rangers,TEX,Toronto Blue Jays,TOR,32,1,6,1,1.0,5,5,37,0.188,0.297,0.25,0.547,123,95,-0.276,0.36,0.256,,-4.2,24,9,8.0,3,58,12,25,7,20,8,0,31,2,0,-0.222,-1.3,29,6,8,6,6.75,2,7,32,0.276,0.323,0.655,0.978,156,76,0.223,0.66,0.379,,1.3,27,7,9.0,0,44,15,17,8,15,6,0,64,2,1,0.278,4.2
TEX/TEX201706210,"Wednesday, June 21, 2017",7:08 p.m. Local,Globe Life Park in Arlington,28376,3:20,Night,Away,Toronto Blue Jays,TOR,Texas Rangers,TEX,36,7,11,7,7.0,4,8,40,0.306,0.375,0.472,0.847,136,104,0.233,0.87,0.564,,1.8,27,12,9.0,2,57,13,34,9,19,10,0,43,3,2,0.267,0.2,36,5,9,5,5.0,2,8,38,0.25,0.289,0.472,0.762,173,88,-0.266,0.58,0.42,,-0.2,27,8,9.0,1,48,16,24,14,14,7,0,18,2,0,-0.232,-1.8
TEX/TEX201706220,"Thursday, June 22, 2017",1:09 p.m. Local,Globe Life Park in Arlington,26764,3:07,Day,Home,Texas Rangers,TEX,Toronto Blue Jays,TOR,35,4,11,3,3.0,2,5,38,0.314,0.368,0.429,0.797,154,86,-0.204,0.38,0.35,,-1.2,24,9,8.0,4,56,9,23,14,16,10,0,23,2,1,-0.298,-6.3,34,11,11,10,10.12,5,8,41,0.324,0.415,0.765,1.179,137,100,0.297,0.68,0.573,,6.4,27,12,9.0,0,55,21,24,11,16,5,0,41,0,0,0.203,1.2
KCA/KCA201706230,"Friday, June 23, 2017",7:15 p.m. Local,Kauffman Stadium,38848,3:16,Night,Home,Kansas City Royals,KCR,Toronto Blue Jays,TOR,36,4,11,3,4.0,4,8,42,0.306,0.39,0.361,0.751,165,96,-0.024,1.73,0.656,,-0.8,26,6,8.2,0,48,17,31,18,11,3,0,67,7,3,-0.474,-0.5,36,5,9,5,5.19,1,7,37,0.25,0.27,0.389,0.659,154,114,0.473,0.93,1.529,,0.5,27,12,9.0,0,77,17,20,7,22,9,0,55,1,0,0.026,0.8
KCA/KCA201706240,"Saturday, June 24, 2017",1:15 p.m. Local,Kauffman Stadium,26938,2:26,Day,Home,Kansas City Royals,KCR,Toronto Blue Jays,TOR,34,2,9,2,2.0,0,5,34,0.265,0.265,0.471,0.735,126,88,-0.455,0.97,0.58,,-2.8,24,6,8.0,1,47,15,26,16,13,6,0,57,0,0,-0.043,1.3,28,3,5,3,3.38,4,6,33,0.179,0.273,0.429,0.701,126,84,0.044,1.34,0.631,,-1.3,27,13,9.0,2,60,16,8,6,17,3,0,55,0,0,0.456,2.8
KCA/KCA201706250,"Sunday, June 25, 2017",1:17 p.m. Local,Kauffman Stadium,37182,3:21,Day,Away,Toronto Blue Jays,TOR,Kansas City Royals,KCR,39,8,11,8,7.0,7,8,47,0.282,0.404,0.436,0.84,139,104,0.404,0.56,0.971,,3.2,27,11,9.0,1,57,16,31,14,17,7,0,53,2,0,0.097,2.8,34,2,9,2,2.0,1,6,35,0.265,0.286,0.412,0.697,184,87,-0.098,0.92,0.33,,-2.8,27,10,9.0,1,53,15,19,12,16,4,0,52,5,4,-0.402,-3.2
TOR/TOR201706270,"Tuesday, June 27, 2017",7:09 p.m. Local,Rogers Centre,40606,3:00,Night,Away,Baltimore Orioles,BAL,Toronto Blue Jays,TOR,33,3,7,3,3.0,5,6,38,0.212,0.316,0.303,0.619,150,94,0.015,1.06,0.39,,-1.8,27,7,9.0,1,56,12,26,11,16,5,0,62,2,0,0.483,3.8,31,1,6,1,1.0,3,9,34,0.194,0.265,0.29,0.555,150,97,-0.482,0.53,0.32,,-3.8,27,9,9.0,0,51,14,32,8,14,4,0,45,1,0,-0.018,1.8
TOR/TOR201706280,"Wednesday, June 28, 2017",7:08 p.m. Local,Rogers Centre,38847,2:27,Night,Home,Toronto Blue Jays,TOR,Baltimore Orioles,BAL,31,0,5,0,0.0,2,12,33,0.161,0.212,0.161,0.373,146,83,-0.368,0.6,0.125,,-4.8,24,10,8.0,2,38,18,27,13,6,4,0,42,0,0,-0.132,0.3,29,4,7,3,3.38,4,8,33,0.241,0.333,0.448,0.782,141,86,0.132,0.63,0.494,,-0.3,27,13,9.0,0,45,11,30,11,10,6,0,76,1,0,0.368,4.8
TOR/TOR201706290,"Thursday, June 29, 2017",7:07 p.m. Local,Rogers Centre,37291,2:20,Night,Away,Baltimore Orioles,BAL,Toronto Blue Jays,TOR,33,2,8,2,2.0,2,5,36,0.242,0.278,0.303,0.581,114,76,-0.162,1.15,0.396,,-2.8,27,11,9.0,0,46,12,18,13,16,10,0,85,0,0,0.66,4.8,30,0,3,0,0.0,1,9,31,0.1,0.129,0.167,0.296,122,82,-0.661,0.84,0.179,,-4.8,27,14,9.0,0,45,8,29,12,9,4,0,49,1,0,0.161,2.8
TOR/TOR201706300,"Friday, June 30, 2017",7:07 p.m. Local,Rogers Centre,41357,4:44,Night,Away,Boston Red Sox,BOS,Toronto Blue Jays,TOR,43,7,13,7,5.73,14,8,57,0.302,0.474,0.442,0.916,204,133,0.159,1.27,2.103,,1.1,33,7,11.0,2,77,17,39,13,22,8,0,49,0,0,0.342,1.9,38,4,6,4,3.27,6,10,46,0.158,0.289,0.342,0.631,241,125,-0.341,2.03,0.728,,-1.9,33,11,11.0,0,67,20,38,9,20,4,0,47,5,3,-0.159,-1.1
TOR/TOR201707010,"Saturday, July 1, 2017",1:21 p.m. Local,Rogers Centre,46672,2:54,Day,Away,Boston Red Sox,BOS,Toronto Blue Jays,TOR,36,7,12,7,7.0,4,8,41,0.333,0.39,0.417,0.807,149,91,0.227,0.6,0.461,,2.2,27,2,9.0,1,51,13,27,10,19,11,0,79,0,0,0.272,3.8,33,1,6,1,1.0,1,13,37,0.182,0.27,0.303,0.573,155,106,-0.271,0.41,0.21,,-3.8,27,8,9.0,0,60,17,29,3,17,7,0,39,2,0,-0.228,-2.2
TOR/TOR201707020,"Sunday, July 2, 2017",1:08 p.m. Local,Rogers Centre,46696,3:34,Day,Away,Boston Red Sox,BOS,Toronto Blue Jays,TOR,46,15,21,15,15.0,4,9,50,0.457,0.5,0.761,1.261,157,127,0.332,0.72,0.675,,10.2,27,9,9.0,0,70,16,41,16,21,12,0,59,0,0,0.169,3.8,30,1,5,1,1.0,3,6,34,0.167,0.235,0.2,0.435,198,92,-0.168,0.48,0.293,,-3.8,27,10,9.0,3,51,10,31,12,13,6,0,25,1,1,-0.331,-10.2
NYA/NYA201707030,"Monday, July 3, 2017",7:10 p.m. Local,Yankee Stadium III,46616,3:11,Night,Home,New York Yankees,NYY,Toronto Blue Jays,TOR,33,3,8,3,3.0,2,11,36,0.242,0.306,0.364,0.669,139,101,-0.457,0.8,0.428,,-1.9,24,15,8.0,0,54,25,22,11,11,6,0,50,1,0,-0.043,-1.6,30,6,8,4,4.5,4,6,35,0.267,0.371,0.367,0.738,157,87,0.043,1.1,0.511,,1.6,27,11,9.0,0,53,12,22,15,9,6,0,70,0,0,0.457,1.9
NYA/NYA201707040,"Tuesday, July 4, 2017",1:10 p.m. Local,Yankee Stadium III,44018,3:08,Day,Away,Toronto Blue Jays,TOR,New York Yankees,NYY,34,4,9,4,4.0,3,6,38,0.265,0.324,0.265,0.589,163,90,0.089,0.92,0.452,,-0.9,27,6,9.0,1,52,11,27,12,17,7,0,64,1,0,0.411,3.9,31,1,4,1,1.0,3,11,34,0.129,0.206,0.226,0.432,152,103,-0.412,0.63,0.26,,-3.9,27,6,9.0,0,63,19,21,9,11,3,0,34,3,0,-0.089,0.9
NYA/NYA201707050,"Wednesday, July 5, 2017",1:11 p.m. Local,Yankee Stadium III,38691,3:28,Day,Away,Toronto Blue Jays,TOR,New York Yankees,NYY,37,7,11,6,7.0,6,8,43,0.297,0.395,0.622,1.017,177,97,0.36,1.64,1.179,,2.1,27,7,9.0,2,52,16,29,8,21,9,0,31,4,0,0.14,-1.1,31,6,6,6,6.0,6,10,38,0.194,0.324,0.419,0.744,168,107,-0.139,1.15,0.945,,1.1,27,6,9.0,4,62,18,27,8,14,3,0,21,4,0,-0.361,-2.1
TOR/TOR201707060,"Thursday, July 6, 2017",7:08 p.m. Local,Rogers Centre,40949,3:18,Night,Home,Toronto Blue Jays,TOR,Houston Astros,HOU,36,4,11,4,4.0,2,6,39,0.306,0.359,0.528,0.887,173,94,-0.101,0.99,0.552,,-0.8,24,12,8.0,1,59,12,23,18,12,6,0,24,1,1,-0.399,-2.7,37,7,13,7,6.75,3,9,40,0.351,0.4,0.514,0.914,148,108,0.398,0.85,0.936,,2.7,27,16,9.0,2,58,18,32,15,13,9,0,45,4,1,0.102,0.8
TOR/TOR201707070,"Friday, July 7, 2017",7:08 p.m. Local,Rogers Centre,37332,3:00,Night,Away,Houston Astros,HOU,Toronto Blue Jays,TOR,39,12,14,12,9.0,5,9,45,0.359,0.422,0.769,1.191,151,109,0.419,0.14,0.577,,7.2,27,12,9.0,2,53,11,45,16,15,7,0,61,0,0,0.081,2.8,30,2,6,2,2.0,2,8,32,0.2,0.25,0.4,0.65,171,95,-0.082,0.33,0.039,,-2.8,27,11,9.0,4,54,16,25,9,13,3,0,11,2,0,-0.419,-7.2
TOR/TOR201707080,"Saturday, July 8, 2017",1:09 p.m. Local,Rogers Centre,46659,2:44,Day,Home,Toronto Blue Jays,TOR,Houston Astros,HOU,30,2,7,2,2.0,3,7,33,0.233,0.303,0.367,0.67,143,73,-0.302,0.89,0.382,,-2.8,24,5,8.0,2,36,17,20,11,12,5,0,52,0,0,-0.199,-2.7,31,7,8,7,7.88,6,8,38,0.258,0.395,0.484,0.879,129,79,0.198,0.81,0.729,,2.7,27,12,9.0,1,38,14,27,8,15,2,0,64,0,0,0.301,2.8
TOR/TOR201707090,"Sunday, July 9, 2017",1:08 p.m. Local,Rogers Centre,46622,3:24,Day,Away,Houston Astros,HOU,Toronto Blue Jays,TOR,45,19,17,16,14.0,8,7,54,0.378,0.481,0.8,1.281,144,120,0.342,0.34,0.593,,14.2,27,7,9.0,1,74,15,31,16,22,8,0,61,0,0,0.159,3.8,33,1,7,1,1.0,5,7,38,0.212,0.316,0.333,0.649,209,91,-0.157,0.27,0.109,,-3.8,27,9,9.0,5,53,12,26,8,18,8,0,32,3,2,-0.342,-14.2
DET/DET201707140,"Friday, July 14, 2017",7:10 p.m. Local,Comerica Park,37879,3:48,Night,Away,Toronto Blue Jays,TOR,Detroit Tigers,DET,34,7,8,7,6.0,10,10,45,0.235,0.4,0.441,0.841,162,122,0.182,1.04,0.692,,2.2,27,9,9.0,1,70,15,37,13,12,8,0,58,0,0,0.318,2.8,36,2,10,1,1.0,2,8,38,0.278,0.316,0.389,0.705,219,104,-0.318,0.81,0.431,,-2.8,27,11,9.0,2,66,9,29,17,11,7,0,54,4,1,-0.182,-2.2
DET/DET201707150,"Saturday, July 15, 2017",6:10 p.m. Local,Comerica Park,40036,2:47,Night,Home,Detroit Tigers,DET,Toronto Blue Jays,TOR,28,1,2,1,1.0,1,4,29,0.071,0.103,0.071,0.175,175,72,-0.229,0.39,0.062,,-3.8,24,7,8.0,3,51,6,15,16,8,2,0,28,4,3,-0.272,-6.7,35,11,14,11,12.38,7,8,43,0.4,0.488,0.714,1.203,115,103,0.271,0.44,0.469,,6.7,27,12,9.0,0,51,16,36,12,16,8,0,76,0,0,0.229,3.8
DET/DET201707160,"Sunday, July 16, 2017",1:10 p.m. Local,Comerica Park,37173,4:16,Day,Home,Detroit Tigers,DET,Toronto Blue Jays,TOR,42,5,10,5,4.09,2,8,45,0.238,0.289,0.452,0.741,205,110,-0.334,2.01,0.845,,-0.9,32,13,10.2,1,69,14,27,14,20,5,0,36,3,1,-0.166,-0.9,37,6,8,6,4.22,9,7,49,0.216,0.354,0.378,0.733,167,123,0.168,1.3,1.736,,0.9,33,10,11.0,3,80,16,27,15,18,9,0,37,1,0,0.333,0.9
BOS/BOS201707170,"Monday, July 17, 2017",7:10 p.m. Local,Fenway Park,36144,3:18,Night,Away,Toronto Blue Jays,TOR,Boston Red Sox,BOS,34,4,8,4,4.0,5,13,39,0.235,0.333,0.382,0.716,130,104,0.165,1.55,0.774,,-1.0,27,15,9.0,0,62,17,25,8,13,5,0,60,2,1,0.334,2.0,31,3,6,3,0.0,3,7,35,0.194,0.257,0.258,0.515,168,84,-0.335,0.9,0.634,,-2.0,27,6,9.0,1,54,11,19,14,11,6,0,48,1,0,-0.166,1.0
BOS/BOS201707180,"Tuesday, July 18, 2017",8:10 p.m. Local,Fenway Park,36488,4:59,Night,Home,Boston Red Sox,BOS,Toronto Blue Jays,TOR,54,4,15,4,2.4,5,10,60,0.278,0.333,0.352,0.685,239,138,-0.718,2.1,1.52,,-4.3,43,16,14.1,3,78,20,42,22,23,8,0,49,2,1,0.216,3.0,55,5,13,5,3.14,2,15,58,0.236,0.276,0.436,0.712,218,160,-0.219,1.73,2.161,,-3.0,45,15,15.0,0,90,23,47,23,18,7,0,45,0,0,0.717,4.3
BOS/BOS201707190,"Wednesday, July 19, 2017",7:10 p.m. Local,Fenway Park,37360,2:47,Night,Home,Boston Red Sox,BOS,Toronto Blue Jays,TOR,29,1,5,1,0.0,5,6,35,0.172,0.286,0.172,0.458,122,89,-0.29,0.62,0.235,,-4.0,24,10,8.0,0,53,10,26,10,14,9,0,31,0,0,-0.21,-0.6,29,5,7,5,3.38,5,7,34,0.241,0.353,0.276,0.629,150,74,0.212,0.64,0.573,,0.6,27,11,9.0,0,37,8,29,12,10,7,0,64,1,0,0.289,4.0
BOS/BOS201707200,"Thursday, July 20, 2017",1:36 p.m. Local,Fenway Park,37094,3:25,Day,Away,Toronto Blue Jays,TOR,Boston Red Sox,BOS,37,8,9,6,4.0,7,10,44,0.243,0.364,0.486,0.85,163,99,0.409,1.27,0.916,,3.0,27,10,9.0,1,50,19,30,13,14,4,0,33,4,0,0.091,-1.0,34,6,9,6,5.0,6,10,40,0.265,0.375,0.412,0.787,173,101,-0.091,0.88,0.914,,1.0,27,8,9.0,2,54,16,31,8,16,10,0,34,3,1,-0.408,-3.0
CLE/CLE201707210,"Friday, July 21, 2017",7:10 p.m. Local,Progressive Field,34284,3:23,Night,Home,Cleveland Indians,CLE,Toronto Blue Jays,TOR,33,3,9,3,3.0,4,6,39,0.273,0.359,0.424,0.783,164,104,-0.094,0.91,0.531,,-2.0,24,6,8.0,2,62,13,29,14,14,10,0,32,3,2,-0.407,-8.5,38,13,15,13,14.62,5,8,44,0.395,0.477,0.737,1.214,168,101,0.407,0.89,0.885,,8.5,27,13,9.0,0,60,14,27,9,21,7,0,45,1,0,0.093,2.0
CLE/CLE201707220,"Saturday, July 22, 2017",7:10 p.m. Local,Progressive Field,34569,3:01,Night,Home,Cleveland Indians,CLE,Toronto Blue Jays,TOR,32,1,3,1,0.9,2,11,34,0.094,0.147,0.188,0.335,150,89,-0.66,1.38,0.602,,-4.6,27,12,9.0,1,49,23,17,11,10,6,0,67,2,0,0.159,3.0,32,2,6,2,2.0,6,10,38,0.188,0.316,0.313,0.628,136,92,-0.16,1.61,0.819,,-3.0,30,10,10.0,1,54,17,21,17,5,1,0,83,2,0,0.659,4.6
CLE/CLE201707230,"Sunday, July 23, 2017",1:10 p.m. Local,Progressive Field,30701,2:53,Day,Home,Cleveland Indians,CLE,Toronto Blue Jays,TOR,31,1,6,1,1.0,2,15,33,0.194,0.242,0.29,0.533,162,93,-0.213,0.48,0.184,,-4.0,24,8,8.0,1,41,25,27,10,6,2,0,26,0,0,-0.287,-3.5,37,8,12,8,9.0,4,5,41,0.324,0.39,0.486,0.877,132,93,0.287,0.55,0.529,,3.5,27,9,9.0,1,63,13,17,13,19,10,0,77,1,0,0.213,4.0
TOR/TOR201707240,"Monday, July 24, 2017",7:07 p.m. Local,Rogers Centre,39613,2:37,Night,Home,Toronto Blue Jays,TOR,Oakland Athletics,OAK,27,2,2,2,2.0,3,9,30,0.074,0.167,0.185,0.352,140,77,-0.419,1.08,0.351,,-2.8,24,9,8.0,1,41,13,23,8,10,5,0,47,3,1,-0.081,0.3,31,4,8,4,4.5,6,4,37,0.258,0.378,0.452,0.83,131,81,0.082,1.03,0.73,,-0.3,27,9,9.0,1,47,5,29,8,19,9,0,58,0,0,0.418,2.8
TOR/TOR201707250,"Tuesday, July 25, 2017",7:08 p.m. Local,Rogers Centre,40624,2:55,Night,Home,Toronto Blue Jays,TOR,Oakland Athletics,OAK,31,1,6,1,1.0,2,6,33,0.194,0.242,0.29,0.533,152,80,-0.354,0.56,0.299,,-3.8,24,13,8.0,0,52,14,14,13,12,10,0,61,0,0,-0.146,0.3,30,4,6,4,0.0,4,11,35,0.2,0.314,0.267,0.581,120,94,0.146,0.84,0.455,,-0.3,27,11,9.0,0,52,21,21,15,4,2,0,61,1,0,0.355,3.8
TOR/TOR201707260,"Wednesday, July 26, 2017",7:08 p.m. Local,Rogers Centre,41984,2:51,Night,Home,Toronto Blue Jays,TOR,Oakland Athletics,OAK,30,2,3,2,2.0,5,9,35,0.1,0.229,0.233,0.462,126,94,-0.146,1.38,0.421,,-2.8,24,14,8.0,2,54,17,23,9,12,6,0,73,0,0,-0.357,1.3,27,3,5,3,3.38,4,4,31,0.185,0.29,0.481,0.772,159,69,0.357,0.8,1.172,,-1.3,27,7,9.0,1,44,5,20,14,9,6,0,53,0,0,0.143,2.8
TOR/TOR201707270,"Thursday, July 27, 2017",12:38 p.m. Local,Rogers Centre,47484,3:28,Day,Home,Toronto Blue Jays,TOR,Oakland Athletics,OAK,37,4,9,4,3.6,8,9,45,0.243,0.378,0.243,0.621,169,103,-0.086,1.73,0.886,,-1.3,29,5,9.2,4,59,13,31,16,12,8,0,58,1,0,-0.413,-2.8,38,8,10,8,7.45,4,11,42,0.263,0.333,0.658,0.991,173,107,0.414,1.3,1.597,,2.8,30,11,10.0,0,58,20,29,9,18,4,0,38,1,0,0.086,1.3
TOR/TOR201707280,"Friday, July 28, 2017",7:08 p.m. Local,Rogers Centre,39828,2:47,Night,Away,Los Angeles Angels,LAA,Toronto Blue Jays,TOR,38,7,11,7,7.0,4,6,42,0.289,0.357,0.526,0.883,120,93,0.098,0.74,0.54,,2.2,27,10,9.0,1,53,15,25,14,18,7,0,71,1,1,0.403,2.8,33,2,6,2,2.0,1,4,34,0.182,0.206,0.333,0.539,149,78,-0.402,0.68,0.161,,-2.8,27,10,9.0,1,45,9,24,10,19,8,0,51,2,1,-0.096,-2.2
TOR/TOR201707290,"Saturday, July 29, 2017",1:08 p.m. Local,Rogers Centre,46502,2:52,Day,Away,Los Angeles Angels,LAA,Toronto Blue Jays,TOR,33,6,7,5,6.0,3,7,38,0.212,0.289,0.242,0.532,142,90,0.548,1.41,1.378,,1.2,27,4,9.0,1,53,12,25,11,16,7,0,59,0,0,-0.049,-0.2,34,5,8,4,4.0,3,10,37,0.235,0.297,0.382,0.68,142,95,0.048,1.59,0.971,,0.2,27,10,9.0,0,49,10,36,5,19,10,0,53,0,0,-0.548,-1.2
TOR/TOR201707300,"Sunday, July 30, 2017",1:08 p.m. Local,Rogers Centre,46852,3:38,Day,Home,Toronto Blue Jays,TOR,Los Angeles Angels,LAA,37,10,14,10,7.0,3,6,43,0.378,0.419,0.649,1.067,173,106,0.437,1.03,0.733,,5.2,25,9,8.1,3,71,12,23,19,14,8,0,37,1,1,-0.935,-6.5,34,11,12,11,11.88,6,4,41,0.353,0.439,0.676,1.115,167,108,0.938,0.51,1.55,,6.5,27,13,9.0,2,75,8,25,12,19,8,0,17,4,1,-0.437,-5.2
CHA/CHA201707310,"Monday, July 31, 2017",7:11 p.m. Local,Guaranteed Rate Field,13023,3:01,Night,Home,Chicago White Sox,CHW,Toronto Blue Jays,TOR,34,6,9,6,6.0,3,7,37,0.265,0.324,0.559,0.883,148,83,0.149,1.54,0.484,,1.4,26,3,8.2,2,48,15,20,11,16,7,0,69,0,0,-0.649,-2.9,36,7,10,7,7.27,2,6,40,0.278,0.325,0.472,0.797,141,103,0.65,0.54,1.471,,2.9,27,11,9.0,3,56,26,21,8,23,8,0,36,0,0,-0.149,-1.4
CHA/CHA201708010,"Tuesday, August 1, 2017",7:10 p.m. Local,Guaranteed Rate Field,14622,3:22,Night,Away,Toronto Blue Jays,TOR,Chicago White Sox,CHW,37,8,13,8,8.0,7,6,47,0.351,0.468,0.595,1.063,131,103,0.426,0.85,0.882,,3.4,27,14,9.0,1,57,11,35,11,21,7,0,51,0,0,0.075,0.6,36,4,11,4,4.0,1,7,38,0.306,0.342,0.528,0.87,185,84,-0.075,0.66,0.561,,-0.6,27,9,9.0,2,51,14,19,14,15,8,0,30,4,2,-0.426,-3.4
CHA/CHA201708020,"Wednesday, August 2, 2017",1:10 p.m. Local,Guaranteed Rate Field,20878,3:15,Day,Away,Toronto Blue Jays,TOR,Chicago White Sox,CHW,34,5,7,4,5.0,6,3,41,0.206,0.341,0.412,0.753,151,92,0.067,1.38,0.749,,0.4,27,10,9.0,0,62,8,23,20,11,3,0,70,5,0,0.433,3.6,35,1,8,1,1.0,3,14,38,0.229,0.289,0.286,0.575,159,96,-0.433,0.96,0.59,,-3.6,27,16,9.0,2,46,25,25,14,7,3,0,55,1,0,-0.067,-0.4
HOU/HOU201708040,"Friday, August 4, 2017",7:10 p.m. Local,Minute Maid Park,39287,3:05,Night,Home,Houston Astros,HOU,Toronto Blue Jays,TOR,35,7,10,7,7.0,2,7,37,0.286,0.324,0.6,0.924,175,89,-0.001,0.34,0.277,,2.5,24,16,8.0,5,48,15,26,13,15,5,0,23,3,3,-0.495,-12.0,40,16,18,16,18.0,7,1,47,0.45,0.532,0.95,1.482,133,99,0.497,0.4,0.67,,12.0,27,11,9.0,3,60,11,28,21,18,9,0,30,0,0,0.003,-2.5
HOU/HOU201708050,"Saturday, August 5, 2017",6:10 p.m. Local,Minute Maid Park,41950,3:16,Night,Away,Toronto Blue Jays,TOR,Houston Astros,HOU,39,4,9,4,3.6,5,12,44,0.231,0.318,0.256,0.575,138,94,0.011,1.3,1.52,,-1.0,30,3,10.0,2,48,25,21,16,11,6,0,60,0,0,0.489,2.0,34,3,5,3,2.7,3,11,37,0.147,0.216,0.353,0.569,161,90,-0.488,1.96,0.601,,-2.0,30,13,10.0,0,47,16,27,6,17,3,0,56,3,0,-0.011,1.0
HOU/HOU201708060,"Sunday, August 6, 2017",1:11 p.m. Local,Minute Maid Park,36300,3:16,Day,Home,Houston Astros,HOU,Toronto Blue Jays,TOR,35,6,8,6,5.0,5,9,42,0.229,0.357,0.429,0.786,160,105,0.473,1.57,1.082,,1.5,26,11,8.2,0,60,17,28,11,15,5,0,46,2,0,-0.973,-2.8,41,7,16,7,6.23,2,9,44,0.39,0.409,0.488,0.897,156,104,0.975,0.86,1.852,,2.8,27,8,9.0,2,60,16,28,16,17,12,0,49,3,1,-0.474,-1.5
TOR/TOR201708080,"Tuesday, August 8, 2017",7:08 p.m. Local,Rogers Centre,41596,2:50,Night,Home,Toronto Blue Jays,TOR,New York Yankees,NYY,31,2,7,2,2.0,5,6,39,0.226,0.359,0.226,0.585,134,91,-0.356,0.54,0.61,,-2.8,24,14,8.0,2,49,17,25,9,17,9,0,33,1,0,-0.144,0.3,33,4,11,4,4.5,2,3,36,0.333,0.371,0.636,1.008,151,80,0.145,1.28,0.477,,-0.3,27,8,9.0,0,49,10,21,19,12,6,0,58,3,0,0.355,2.8
TOR/TOR201708090,"Wednesday, August 9, 2017",7:07 p.m. Local,Rogers Centre,39554,3:44,Night,Away,New York Yankees,NYY,Toronto Blue Jays,TOR,43,11,17,11,11.0,2,9,46,0.395,0.435,0.721,1.156,178,115,0.462,1.31,1.032,,6.2,27,10,9.0,1,65,20,30,13,21,10,0,45,2,1,0.039,-0.2,31,5,6,5,4.0,7,9,41,0.194,0.35,0.355,0.705,176,105,-0.039,0.75,0.87,,0.2,27,9,9.0,3,60,21,23,9,14,9,0,30,5,3,-0.462,-6.2
TOR/TOR201708100,"Thursday, August 10, 2017",7:09 p.m. Local,Rogers Centre,43212,2:55,Night,Home,Toronto Blue Jays,TOR,New York Yankees,NYY,33,0,6,0,0.0,5,10,38,0.182,0.289,0.273,0.562,130,93,-0.408,0.62,0.301,,-4.8,24,10,8.0,1,47,13,33,8,15,5,0,56,0,0,-0.092,0.3,27,4,5,4,3.38,4,9,32,0.185,0.29,0.333,0.624,151,80,0.093,0.89,0.425,,-0.3,27,6,9.0,0,33,23,24,10,9,4,0,70,0,0,0.408,4.8
TOR/TOR201708110,"Friday, August 11, 2017",7:08 p.m. Local,Rogers Centre,35965,2:41,Night,Away,Pittsburgh Pirates,PIT,Toronto Blue Jays,TOR,30,4,4,4,0.0,1,6,33,0.133,0.182,0.167,0.348,129,79,0.055,1.4,0.471,,-0.8,27,9,9.0,1,40,18,21,17,8,5,0,58,2,0,0.446,2.8,34,2,8,2,2.0,1,9,36,0.235,0.25,0.353,0.603,120,89,-0.447,0.78,0.563,,-2.8,27,14,9.0,0,50,10,29,11,15,6,0,69,0,0,-0.053,0.8
TOR/TOR201708120,"Saturday, August 12, 2017",1:07 p.m. Local,Rogers Centre,46179,2:50,Day,Home,Toronto Blue Jays,TOR,Pittsburgh Pirates,PIT,35,2,8,2,2.0,3,7,38,0.229,0.289,0.4,0.689,133,81,-0.303,0.83,0.361,,-2.8,24,6,8.0,0,40,20,21,13,15,6,0,53,0,0,-0.197,-2.7,31,7,8,4,4.5,4,9,38,0.258,0.368,0.258,0.626,128,83,0.198,0.8,0.564,,2.7,27,11,9.0,1,47,11,25,9,14,8,0,56,4,0,0.304,2.8
TOR/TOR201708130,"Sunday, August 13, 2017",1:07 p.m. Local,Rogers Centre,43618,2:51,Day,Home,Toronto Blue Jays,TOR,Pittsburgh Pirates,PIT,31,1,4,1,1.0,5,10,36,0.129,0.25,0.129,0.379,148,85,-0.162,0.37,0.223,,-3.8,24,6,8.0,3,38,15,32,10,11,3,0,42,0,0,-0.339,-2.7,31,7,7,6,6.75,6,9,37,0.226,0.351,0.581,0.932,148,88,0.34,0.57,0.542,,2.7,27,8,9.0,0,50,14,24,9,13,4,0,65,2,0,0.162,3.8
TOR/TOR201708140,"Monday, August 14, 2017",7:08 p.m. Local,Rogers Centre,32151,2:54,Night,Home,Toronto Blue Jays,TOR,Tampa Bay Rays,TBR,31,1,4,1,1.0,4,4,37,0.129,0.27,0.226,0.496,140,83,-0.677,0.87,0.503,,-3.8,24,8,8.0,1,56,10,17,12,15,5,0,59,2,0,0.177,2.3,29,2,5,2,2.25,4,4,33,0.172,0.273,0.379,0.652,134,88,-0.177,1.58,0.374,,-2.3,27,11,9.0,1,59,10,19,11,14,3,0,57,3,0,0.677,3.8
TOR/TOR201708150,"Tuesday, August 15, 2017",7:08 p.m. Local,Rogers Centre,33718,3:13,Night,Away,Tampa Bay Rays,TBR,Toronto Blue Jays,TOR,41,6,13,6,6.0,5,5,46,0.317,0.391,0.561,0.952,137,97,0.185,1.03,0.799,,1.2,27,12,9.0,1,55,22,20,10,26,13,0,45,0,0,0.315,0.8,34,4,8,4,4.0,1,6,36,0.235,0.257,0.382,0.639,164,89,-0.316,0.77,0.492,,-0.8,27,8,9.0,2,51,13,24,14,14,4,0,18,4,0,-0.185,-1.2
TOR/TOR201708160,"Wednesday, August 16, 2017",7:08 p.m. Local,Rogers Centre,36784,3:10,Night,Home,Toronto Blue Jays,TOR,Tampa Bay Rays,TBR,34,2,7,2,2.0,4,10,38,0.206,0.289,0.294,0.584,125,94,-0.533,0.83,0.672,,-2.8,24,12,8.0,1,44,20,30,15,9,6,0,45,1,1,0.033,1.3,29,3,7,3,3.38,2,6,32,0.241,0.313,0.448,0.761,158,82,-0.032,1.72,0.462,,-1.3,27,11,9.0,0,45,12,25,13,10,6,0,57,6,1,0.532,2.8
TOR/TOR201708170,"Thursday, August 17, 2017",4:07 p.m. Local,Rogers Centre,46855,3:01,Day,Home,Toronto Blue Jays,TOR,Tampa Bay Rays,TBR,37,3,11,3,3.0,7,6,44,0.297,0.409,0.405,0.814,127,97,-0.202,0.83,1.241,,-1.8,24,7,8.0,3,55,25,17,14,17,6,0,65,0,0,-0.298,-0.7,31,5,6,5,5.62,1,10,32,0.194,0.219,0.516,0.735,163,84,0.298,1.86,0.77,,0.7,27,12,9.0,0,52,14,18,8,13,5,0,49,4,1,0.202,1.8
CHN/CHN201708180,"Friday, August 18, 2017",1:21 p.m. Local,Wrigley Field,41814,3:02,Day,Home,Chicago Cubs,CHC,Toronto Blue Jays,TOR,36,4,10,4,4.0,2,8,38,0.278,0.316,0.361,0.677,143,92,-0.176,0.65,0.5,,-0.8,24,7,8.0,1,53,17,22,11,17,7,0,35,1,0,-0.325,-2.7,35,7,13,7,7.88,3,11,38,0.371,0.421,0.543,0.964,138,92,0.324,0.92,0.653,,2.7,27,11,9.0,0,53,18,21,7,17,10,0,61,2,0,0.176,0.8
CHN/CHN201708190,"Saturday, August 19, 2017",1:21 p.m. Local,Wrigley Field,41558,3:09,Day,Home,Chicago Cubs,CHC,Toronto Blue Jays,TOR,34,3,6,3,2.0,2,11,36,0.176,0.222,0.235,0.458,144,104,-0.389,1.19,0.59,,-1.8,24,8,8.0,1,66,17,21,14,9,5,0,43,3,0,-0.11,0.3,29,4,8,4,4.5,4,8,35,0.276,0.382,0.414,0.796,149,88,0.109,1.33,0.782,,-0.3,27,10,9.0,0,51,13,24,9,13,7,0,62,0,0,0.389,1.8
CHN/CHN201708200,"Sunday, August 20, 2017",1:22 p.m. Local,Wrigley Field,41459,3:44,Day,Home,Chicago Cubs,CHC,Toronto Blue Jays,TOR,37,5,8,4,4.5,8,10,45,0.216,0.356,0.378,0.734,169,105,0.045,2.15,1.296,,-0.3,28,9,9.1,0,56,19,30,10,17,7,0,53,1,0,-0.545,-1.6,38,6,8,5,5.79,3,10,43,0.211,0.302,0.263,0.565,172,102,0.545,1.73,1.574,,1.6,30,12,10.0,1,61,19,22,14,14,6,0,52,3,1,-0.045,0.3
TBA/TBA201708220,"Tuesday, August 22, 2017",7:10 p.m. Local,Tropicana Field,11948,2:54,Night,Home,Tampa Bay Rays,TBR,Toronto Blue Jays,TOR,33,5,7,5,3.0,1,13,36,0.212,0.222,0.455,0.677,133,96,-0.158,0.72,0.695,,0.4,24,5,8.0,2,44,22,30,10,12,6,0,32,5,1,-0.344,-1.9,35,6,12,6,5.62,4,3,39,0.343,0.41,0.657,1.067,142,85,0.343,1.26,0.801,,1.9,27,7,9.0,2,58,11,16,9,23,8,0,65,0,0,0.157,-0.4
TBA/TBA201708230,"Wednesday, August 23, 2017",7:10 p.m. Local,Tropicana Field,8264,3:13,Night,Away,Toronto Blue Jays,TOR,Tampa Bay Rays,TBR,38,7,12,7,7.0,1,9,39,0.316,0.333,0.816,1.149,154,103,0.403,1.67,0.832,,2.4,27,10,9.0,3,58,21,24,10,19,8,0,35,5,2,0.098,-1.4,37,6,11,6,6.0,4,7,41,0.297,0.366,0.541,0.906,155,95,-0.098,0.64,1.047,,1.4,27,9,9.0,6,55,13,27,15,15,6,0,29,3,0,-0.402,-2.4
TBA/TBA201708240,"Thursday, August 24, 2017",1:11 p.m. Local,Tropicana Field,10133,3:21,Day,Home,Tampa Bay Rays,TBR,Toronto Blue Jays,TOR,33,0,6,0,0.0,2,7,35,0.182,0.229,0.182,0.41,145,100,-0.661,0.92,0.402,,-4.6,24,1,8.0,1,57,13,30,11,15,6,0,59,0,0,0.161,2.1,28,2,5,2,2.25,3,14,34,0.179,0.294,0.321,0.616,169,86,-0.163,1.52,0.334,,-2.1,27,7,9.0,0,43,20,23,4,11,3,0,59,3,0,0.661,4.6
TOR/TOR201708250,"Friday, August 25, 2017",7:08 p.m. Local,Rogers Centre,37525,3:05,Night,Away,Minnesota Twins,MIN,Toronto Blue Jays,TOR,38,6,13,6,6.0,2,10,42,0.342,0.357,0.474,0.831,127,105,0.218,0.81,0.617,,1.2,27,8,9.0,1,64,16,25,11,19,12,0,51,3,0,0.282,3.8,37,1,10,1,1.0,2,1,39,0.27,0.308,0.378,0.686,162,85,-0.28,0.64,0.391,,-3.8,27,6,9.0,0,59,3,23,17,19,6,0,42,0,0,-0.218,-1.2
TOR/TOR201708260,"Saturday, August 26, 2017",1:09 p.m. Local,Rogers Centre,45591,3:04,Day,Home,Toronto Blue Jays,TOR,Minnesota Twins,MIN,36,9,10,8,7.0,1,6,39,0.278,0.308,0.5,0.808,155,101,0.021,0.62,0.816,,4.2,24,5,8.0,2,54,12,35,12,19,8,0,36,3,2,-0.524,-5.7,35,10,13,9,11.25,5,8,42,0.371,0.429,0.571,1.0,157,91,0.524,0.93,0.812,,5.7,27,9,9.0,2,45,14,32,12,17,5,0,54,2,2,-0.023,-4.2
TOR/TOR201708270,"Sunday, August 27, 2017",1:08 p.m. Local,Rogers Centre,42478,3:18,Day,Away,Minnesota Twins,MIN,Toronto Blue Jays,TOR,41,7,14,7,7.0,3,17,44,0.341,0.386,0.659,1.045,141,119,0.271,0.88,0.852,,2.2,27,12,9.0,1,63,28,28,11,13,8,0,58,1,0,0.229,2.8,33,2,7,2,2.0,1,9,34,0.212,0.235,0.333,0.569,184,90,-0.229,0.83,0.441,,-2.8,27,10,9.0,3,54,14,22,12,12,6,0,24,0,0,-0.271,-2.2
TOR/TOR201708280,"Monday, August 28, 2017",7:08 p.m. Local,Rogers Centre,35630,3:23,Night,Away,Boston Red Sox,BOS,Toronto Blue Jays,TOR,37,6,12,5,5.0,4,6,41,0.324,0.39,0.568,0.958,148,101,0.355,1.25,1.019,,1.2,27,7,9.0,1,54,13,34,12,19,11,0,45,0,0,0.144,-0.2,34,5,8,5,5.0,7,5,41,0.235,0.366,0.412,0.778,170,87,-0.143,0.99,0.835,,0.2,27,9,9.0,2,51,15,21,10,19,5,0,56,4,2,-0.358,-1.2
TOR/TOR201708290,"Tuesday, August 29, 2017",7:07 p.m. Local,Rogers Centre,34674,2:44,Night,Away,Boston Red Sox,BOS,Toronto Blue Jays,TOR,34,3,9,3,2.0,1,8,35,0.265,0.286,0.412,0.697,149,92,-0.063,1.19,0.538,,-1.8,27,6,9.0,0,45,14,33,16,10,5,0,82,2,0,0.564,4.8,31,0,4,0,0.0,0,15,31,0.129,0.129,0.161,0.29,143,108,-0.564,0.85,0.237,,-4.8,27,13,9.0,1,55,25,28,8,8,3,0,56,2,0,0.063,1.8
TOR/TOR201708300,"Wednesday, August 30, 2017",7:07 p.m. Local,Rogers Centre,37693,2:58,Night,Away,Boston Red Sox,BOS,Toronto Blue Jays,TOR,35,7,10,7,7.0,6,6,41,0.286,0.39,0.571,0.962,132,107,0.172,0.95,0.792,,2.2,27,9,9.0,1,53,16,38,18,11,6,0,63,2,0,0.329,3.8,32,1,6,1,1.0,2,9,34,0.188,0.235,0.313,0.548,181,85,-0.328,0.83,0.342,,-3.8,27,14,9.0,2,52,9,24,11,12,4,0,58,2,2,-0.171,-2.2
BAL/BAL201708310,"Thursday, August 31, 2017",7:08 p.m. Local,Oriole Park at Camden Yards,13802,3:28,Night,Away,Toronto Blue Jays,TOR,Baltimore Orioles,BAL,37,11,11,11,11.0,6,6,43,0.297,0.395,0.676,1.071,165,98,0.768,0.87,1.193,,6.4,27,6,9.0,2,64,8,26,14,17,7,0,26,2,0,-0.267,-3.4,42,8,16,7,8.0,1,7,43,0.381,0.395,0.548,0.943,153,113,0.267,0.81,0.896,,3.4,27,12,9.0,3,70,20,23,10,25,11,0,20,2,1,-0.767,-6.4
BAL/BAL201709010,"Friday, September 1, 2017",7:09 p.m. Local,Oriole Park at Camden Yards,16627,4:27,Night,Home,Baltimore Orioles,BAL,Toronto Blue Jays,TOR,45,0,7,0,0.0,3,11,49,0.156,0.208,0.222,0.431,185,141,-1.255,1.72,0.68,,-6.7,36,10,12.0,0,92,21,28,22,13,7,0,76,3,0,0.752,4.5,45,1,9,1,0.75,2,15,48,0.2,0.25,0.222,0.472,216,125,-0.754,1.74,0.88,,-4.5,39,21,13.0,0,76,23,26,20,10,2,0,69,1,0,1.254,6.7
BAL/BAL201709020,"Saturday, September 2, 2017",7:09 p.m. Local,Oriole Park at Camden Yards,14815,3:02,Night,Away,Toronto Blue Jays,TOR,Baltimore Orioles,BAL,35,7,9,7,7.0,2,8,39,0.257,0.308,0.543,0.851,139,99,0.108,0.71,0.57,,2.4,27,7,9.0,1,59,17,23,13,15,6,0,54,2,0,0.392,2.6,35,2,9,2,2.0,1,8,36,0.257,0.278,0.343,0.621,157,91,-0.393,0.74,0.155,,-2.6,27,9,9.0,3,49,17,25,11,15,6,1,60,1,1,-0.107,-2.4
BAL/BAL201709030,"Sunday, September 3, 2017",1:38 p.m. Local,Oriole Park at Camden Yards,27231,3:40,Day,Home,Baltimore Orioles,BAL,Toronto Blue Jays,TOR,39,4,6,4,3.0,6,7,45,0.154,0.267,0.282,0.549,150,96,-0.36,2.11,0.921,,-2.1,35,12,11.2,3,58,14,24,19,13,4,0,49,0,0,-0.14,0.7,48,5,15,5,3.86,3,8,52,0.312,0.346,0.604,0.95,166,107,0.138,1.27,2.022,,-0.7,36,17,12.0,1,73,15,19,16,25,15,0,43,3,1,0.36,2.1
BOS/BOS201709040,"Monday, September 4, 2017",7:12 p.m. Local,Fenway Park,34311,3:25,Night,Away,Toronto Blue Jays,TOR,Boston Red Sox,BOS,41,10,14,10,10.0,3,10,44,0.341,0.386,0.732,1.118,158,112,0.322,1.06,0.709,,5.0,27,9,9.0,0,58,21,33,8,23,10,0,49,5,2,0.176,1.0,37,4,9,4,2.0,4,8,41,0.243,0.317,0.324,0.641,173,99,-0.178,0.55,0.645,,-1.0,27,7,9.0,4,57,10,32,14,15,10,0,22,1,0,-0.323,-5.0
BOS/BOS201709050,"Tuesday, September 5, 2017",7:11 p.m. Local,Fenway Park,33009,6:00,Night,Home,Boston Red Sox,BOS,Toronto Blue Jays,TOR,65,2,12,2,0.95,4,23,71,0.185,0.229,0.277,0.505,257,189,-1.663,1.95,0.954,,-8.5,54,16,18.0,0,104,30,56,24,20,5,0,71,0,0,1.162,6.6,63,3,11,3,1.5,5,12,68,0.175,0.235,0.222,0.458,287,166,-1.164,1.64,1.384,,-6.6,57,17,19.0,1,101,21,44,21,30,12,0,59,0,0,1.661,8.5
BOS/BOS201709060,"Wednesday, September 6, 2017",7:10 p.m. Local,Fenway Park,33190,2:57,Night,Home,Boston Red Sox,BOS,Toronto Blue Jays,TOR,32,1,4,1,1.0,3,10,35,0.125,0.2,0.156,0.356,154,85,-0.243,0.63,0.339,,-4.0,24,11,8.0,1,40,14,31,15,7,5,0,27,3,0,-0.257,-1.6,32,6,9,5,5.62,5,5,38,0.281,0.395,0.469,0.863,129,93,0.255,0.9,0.574,,1.6,27,12,9.0,0,54,13,26,15,12,5,0,71,0,0,0.242,4.0
TOR/TOR201709080,"Friday, September 8, 2017",7:10 p.m. Local,Rogers Centre,31961,2:34,Night,Away,Detroit Tigers,DET,Toronto Blue Jays,TOR,34,5,7,5,5.0,1,8,35,0.206,0.229,0.412,0.64,125,83,0.158,1.34,0.495,,0.2,27,9,9.0,2,47,15,21,14,12,7,0,52,3,0,0.341,0.8,32,4,8,4,3.0,3,5,35,0.25,0.314,0.5,0.814,133,73,-0.343,0.6,0.713,,-0.8,27,12,9.0,2,39,12,23,8,19,8,0,49,0,0,-0.157,-0.2
TOR/TOR201709090,"Saturday, September 9, 2017",4:07 p.m. Local,Rogers Centre,44218,3:03,Day,Home,Toronto Blue Jays,TOR,Detroit Tigers,DET,34,4,8,4,4.0,1,9,35,0.235,0.257,0.382,0.639,154,89,-0.338,1.23,0.788,,-0.8,24,11,8.0,1,57,14,18,13,12,5,0,48,5,1,-0.16,-0.7,33,5,13,4,5.62,5,8,39,0.394,0.487,0.515,1.002,137,89,0.159,1.49,0.939,,0.7,27,10,9.0,1,45,18,28,11,14,8,0,59,0,0,0.341,0.8
TOR/TOR201709100,"Sunday, September 10, 2017",1:08 p.m. Local,Rogers Centre,39797,2:48,Day,Home,Toronto Blue Jays,TOR,Detroit Tigers,DET,33,2,7,2,1.0,2,11,35,0.212,0.257,0.333,0.59,155,95,-0.15,0.63,0.363,,-2.8,24,3,8.0,2,53,19,23,11,11,4,0,16,1,0,-0.35,-3.7,39,8,16,7,7.88,1,8,40,0.41,0.425,0.615,1.04,147,104,0.352,0.74,0.739,,3.7,27,9,9.0,1,59,16,29,8,23,12,0,63,0,0,0.149,2.8
TOR/TOR201709110,"Monday, September 11, 2017",7:09 p.m. Local,Rogers Centre,28401,2:44,Night,Home,Toronto Blue Jays,TOR,Baltimore Orioles,BAL,33,3,6,3,3.0,1,12,34,0.182,0.206,0.303,0.509,143,99,-0.424,0.86,0.57,,-1.8,24,8,8.0,1,51,19,29,15,6,1,0,46,0,0,-0.075,0.3,32,4,8,4,4.5,2,8,35,0.25,0.314,0.438,0.752,147,96,0.075,1.47,0.548,,-0.3,27,11,9.0,1,51,14,31,12,12,5,0,58,2,1,0.425,1.8
TOR/TOR201709120,"Tuesday, September 12, 2017",7:08 p.m. Local,Rogers Centre,29055,2:40,Night,Home,Toronto Blue Jays,TOR,Baltimore Orioles,BAL,33,2,6,2,2.0,0,4,33,0.182,0.182,0.303,0.485,139,72,-0.134,1.94,0.617,,-2.8,25,5,8.1,0,50,7,15,16,13,3,0,65,2,0,-0.365,0.9,34,3,10,3,3.24,3,11,37,0.294,0.351,0.353,0.704,99,93,0.365,1.1,1.493,,-0.9,27,16,9.0,1,49,22,22,7,16,7,0,64,0,0,0.135,2.8
TOR/TOR201709130,"Wednesday, September 13, 2017",7:08 p.m. Local,Rogers Centre,31714,2:40,Night,Away,Baltimore Orioles,BAL,Toronto Blue Jays,TOR,33,2,7,2,0.0,4,11,37,0.212,0.297,0.364,0.661,123,80,-0.259,1.62,0.549,,-2.8,27,12,9.0,0,42,19,19,14,8,4,0,66,0,0,0.76,3.8,30,1,7,1,1.0,1,8,33,0.233,0.281,0.333,0.615,131,80,-0.76,0.99,0.585,,-3.8,27,11,9.0,0,45,11,24,11,12,4,0,60,1,0,0.261,2.8
MIN/MIN201709140,"Thursday, September 14, 2017",7:11 p.m. Local,Target Field,22664,3:29,Night,Home,Minnesota Twins,MIN,Toronto Blue Jays,TOR,37,2,8,2,1.8,6,11,44,0.216,0.326,0.351,0.677,150,95,-0.394,1.33,1.105,,-3.3,29,10,9.2,1,57,17,21,9,18,8,0,45,4,0,-0.105,2.2,32,3,7,3,2.79,7,6,41,0.219,0.375,0.344,0.719,161,84,0.106,1.74,1.185,,-2.2,30,8,10.0,1,41,16,27,12,15,8,0,56,4,0,0.395,3.3
MIN/MIN201709150,"Friday, September 15, 2017",7:10 p.m. Local,Target Field,27902,2:57,Night,Away,Toronto Blue Jays,TOR,Minnesota Twins,MIN,35,4,8,4,4.0,5,5,40,0.229,0.325,0.486,0.811,128,94,0.081,1.24,1.016,,-0.8,27,9,9.0,1,59,12,23,11,19,8,0,51,0,0,0.419,1.8,33,3,7,3,3.0,1,7,35,0.212,0.229,0.303,0.532,141,87,-0.418,1.28,0.467,,-1.8,27,7,9.0,2,51,13,23,15,12,2,0,45,1,1,-0.081,0.8
MIN/MIN201709160,"Saturday, September 16, 2017",6:11 p.m. Local,Target Field,29917,2:50,Night,Away,Toronto Blue Jays,TOR,Minnesota Twins,MIN,37,7,11,6,7.0,4,10,41,0.297,0.366,0.514,0.879,113,106,0.13,0.79,0.525,,2.2,27,2,9.0,2,64,22,20,9,18,4,0,71,0,0,0.37,2.8,31,2,4,2,2.0,1,4,32,0.129,0.156,0.355,0.511,163,79,-0.37,0.57,0.199,,-2.8,27,4,9.0,2,45,15,19,5,22,1,0,40,5,0,-0.13,-2.2
MIN/MIN201709170,"Sunday, September 17, 2017",1:12 p.m. Local,Target Field,27572,3:17,Day,Home,Minnesota Twins,MIN,Toronto Blue Jays,TOR,33,7,6,7,7.0,6,10,39,0.182,0.308,0.424,0.732,181,77,0.146,0.66,0.468,,2.2,24,4,8.0,4,43,19,15,11,12,5,0,23,7,4,-0.647,-8.8,41,13,16,12,11.25,4,7,45,0.39,0.444,0.732,1.176,135,111,0.647,0.59,0.903,,8.8,27,10,9.0,2,65,27,19,11,23,9,0,49,2,0,-0.147,-2.2
TOR/TOR201709190,"Tuesday, September 19, 2017",7:08 p.m. Local,Rogers Centre,33554,2:27,Night,Home,Toronto Blue Jays,TOR,Kansas City Royals,KCR,30,2,6,2,2.0,2,7,33,0.2,0.242,0.333,0.576,118,79,-0.385,0.74,0.422,,-2.8,24,7,8.0,1,51,11,17,14,10,6,0,55,2,1,-0.115,-0.7,31,5,8,5,5.62,0,8,31,0.258,0.258,0.452,0.71,121,86,0.115,1.11,0.556,,0.7,27,14,9.0,1,53,14,19,10,13,7,0,68,0,0,0.386,2.8
TOR/TOR201709200,"Wednesday, September 20, 2017",7:07 p.m. Local,Rogers Centre,33050,3:01,Night,Away,Kansas City Royals,KCR,Toronto Blue Jays,TOR,44,15,18,14,15.0,5,8,50,0.409,0.46,0.705,1.165,129,116,0.421,0.1,0.542,,10.2,27,7,9.0,1,78,20,18,10,27,14,0,56,1,1,0.079,-0.2,32,5,6,5,3.0,2,5,37,0.188,0.243,0.344,0.587,172,80,-0.081,0.32,0.013,,0.2,27,6,9.0,3,56,7,17,11,18,7,0,7,1,1,-0.422,-10.2
TOR/TOR201709210,"Thursday, September 21, 2017",7:07 p.m. Local,Rogers Centre,35861,2:39,Night,Away,Kansas City Royals,KCR,Toronto Blue Jays,TOR,33,1,8,1,1.0,2,7,35,0.242,0.286,0.242,0.528,113,91,-0.364,1.4,0.448,,-3.8,27,9,9.0,0,60,17,16,17,9,5,0,73,0,0,0.864,4.8,28,0,2,0,0.0,3,10,31,0.071,0.161,0.071,0.233,140,74,-0.864,1.07,0.176,,-4.8,27,13,9.0,0,38,14,22,9,9,2,0,60,2,0,0.364,3.8
TOR/TOR201709220,"Friday, September 22, 2017",7:07 p.m. Local,Rogers Centre,42153,2:32,Night,Home,Toronto Blue Jays,TOR,New York Yankees,NYY,29,1,3,1,1.0,4,4,33,0.103,0.212,0.276,0.488,129,71,-0.234,0.58,0.303,,-3.8,24,10,8.0,3,41,10,20,5,20,6,0,30,0,0,-0.266,-3.7,32,8,7,8,7.88,3,9,35,0.219,0.286,0.5,0.786,118,87,0.267,0.7,0.573,,3.7,27,6,9.0,1,48,16,23,12,11,3,0,68,0,0,0.233,3.8
TOR/TOR201709230,"Saturday, September 23, 2017",4:08 p.m. Local,Rogers Centre,46949,2:54,Day,Away,New York Yankees,NYY,Toronto Blue Jays,TOR,30,5,7,5,5.0,5,7,35,0.233,0.343,0.5,0.843,134,78,0.106,1.06,0.668,,0.2,27,6,9.0,1,41,13,24,11,12,7,0,61,0,0,0.395,3.8,31,1,4,1,1.0,3,8,34,0.129,0.206,0.226,0.432,135,79,-0.395,0.82,0.339,,-3.8,27,11,9.0,2,38,20,21,8,15,6,0,48,0,0,-0.105,-0.2
TOR/TOR201709240,"Sunday, September 24, 2017",1:08 p.m. Local,Rogers Centre,47394,3:17,Day,Home,Toronto Blue Jays,TOR,New York Yankees,NYY,35,5,9,5,5.0,4,8,39,0.257,0.333,0.514,0.848,158,98,-0.177,0.45,0.268,,0.2,24,7,8.0,1,49,11,38,20,7,3,0,30,5,3,-0.323,-4.7,32,9,11,9,10.12,5,9,41,0.344,0.45,0.563,1.013,159,92,0.324,0.54,0.55,,4.7,27,13,9.0,2,56,16,20,7,18,9,0,45,4,1,0.177,-0.2
BOS/BOS201709250,"Monday, September 25, 2017",7:11 p.m. Local,Fenway Park,33940,2:57,Night,Away,Toronto Blue Jays,TOR,Boston Red Sox,BOS,34,6,11,6,6.0,3,4,37,0.324,0.378,0.588,0.967,134,88,0.239,1.08,0.731,,1.0,27,11,9.0,1,56,13,21,11,19,5,0,43,0,0,0.264,1.0,32,4,7,4,4.0,3,8,35,0.219,0.286,0.344,0.629,148,86,-0.263,0.74,0.481,,-1.0,27,10,9.0,2,42,14,30,13,11,4,0,21,2,0,-0.237,-1.0
BOS/BOS201709260,"Tuesday, September 26, 2017",7:11 p.m. Local,Fenway Park,33999,3:04,Night,Away,Toronto Blue Jays,TOR,Boston Red Sox,BOS,39,9,13,9,8.0,3,13,43,0.333,0.395,0.744,1.139,145,110,0.23,0.65,0.648,,4.0,27,7,9.0,1,62,26,22,9,17,10,0,74,1,0,0.268,1.0,35,4,8,4,4.0,0,12,35,0.229,0.229,0.429,0.657,162,97,-0.27,0.55,0.227,,-1.0,27,6,9.0,5,59,9,29,10,13,5,0,37,2,2,-0.232,-4.0
BOS/BOS201709270,"Wednesday, September 27, 2017",7:11 p.m. Local,Fenway Park,34445,2:57,Night,Home,Boston Red Sox,BOS,Toronto Blue Jays,TOR,36,7,10,7,7.0,2,12,38,0.278,0.316,0.611,0.927,163,97,0.106,0.63,0.546,,2.0,24,11,8.0,3,48,16,33,9,15,6,0,10,2,2,-0.607,-5.6,37,10,13,9,10.12,1,7,38,0.351,0.368,0.649,1.017,145,109,0.607,0.64,0.88,,5.6,27,9,9.0,3,65,19,25,17,13,6,0,41,0,0,-0.108,-2.0
NYA/NYA201709290,"Friday, September 29, 2017",1:09 p.m. Local,Yankee Stadium III,35735,2:51,Day,Home,New York Yankees,NYY,Toronto Blue Jays,TOR,29,0,4,0,0.0,2,18,31,0.138,0.194,0.172,0.366,140,84,-0.404,0.7,0.182,,-4.9,24,8,8.0,0,32,28,26,6,5,4,0,45,1,0,-0.094,0.4,29,4,8,4,4.5,2,9,32,0.276,0.313,0.31,0.623,138,88,0.095,0.77,0.388,,-0.4,27,7,9.0,0,41,21,26,9,12,6,0,86,2,0,0.406,4.9
NYA/NYA201709300,"Saturday, September 30, 2017",1:06 p.m. Local,Yankee Stadium III,39457,2:57,Day,Home,New York Yankees,NYY,Toronto Blue Jays,TOR,30,1,6,1,1.0,2,10,33,0.2,0.242,0.233,0.476,145,90,-0.61,0.8,0.433,,-3.9,24,8,8.0,1,46,24,20,6,15,10,0,43,3,0,0.11,2.4,29,2,7,2,2.25,4,8,33,0.241,0.333,0.345,0.678,135,82,-0.11,1.54,0.402,,-2.4,27,7,9.0,0,43,17,22,8,13,5,0,67,3,1,0.61,3.9
NYA/NYA201710010,"Sunday, October 1, 2017",3:08 p.m. Local,Yankee Stadium III,37428,2:28,Day,Away,Toronto Blue Jays,TOR,New York Yankees,NYY,27,2,2,2,2.0,2,8,31,0.074,0.133,0.074,0.207,136,79,-0.137,1.52,0.39,,-2.9,27,15,9.0,1,41,19,19,11,10,1,0,64,0,0,0.639,3.9,31,1,5,1,1.0,1,8,32,0.161,0.188,0.29,0.478,119,84,-0.637,1.11,0.525,,-3.9,27,10,9.0,0,47,19,18,13,10,5,0,62,0,0,0.138,2.9
