,date,time,venue,attendance,duration,time_of_day,winner,winning_name,winning_abbr,losing_name,losing_abbr,away_at_bats,away_runs,away_hits,away_rbi,away_earned_runs,away_bases_on_balls,away_strikeouts,away_plate_appearances,away_batting_average,away_on_base_percentage,away_slugging_percentage,away_on_base_plus,away_pitches,away_strikes,away_win_probability_for_offensive_player,away_average_leverage_index,away_win_probability_added,away_win_probability_subtracted,away_base_out_runs_added,away_putouts,away_assists,away_innings_pitched,away_home_runs,away_strikes_by_contact,away_strikes_swinging,away_strikes_looking,away_grounded_balls,away_fly_balls,away_line_drives,away_unknown_bat_type,away_game_score,away_inherited_runners,away_inherited_score,away_win_probability_by_pitcher,away_base_out_runs_saved,home_at_bats,home_runs,home_hits,home_rbi,home_earned_runs,home_bases_on_balls,home_strikeouts,home_plate_appearances,home_batting_average,home_on_base_percentage,home_slugging_percentage,home_on_base_plus,home_pitches,home_strikes,home_win_probability_for_offensive_player,home_average_leverage_index,home_win_probability_added,home_win_probability_subtracted,home_base_out_runs_added,home_putouts,home_assists,home_innings_pitched,home_home_runs,home_strikes_by_contact,home_strikes_swinging,home_strikes_looking,home_grounded_balls,home_fly_balls,home_line_drives,home_unknown_bat_type,home_game_score,home_inherited_runners,home_inherited_score,home_win_probability_by_pitcher,home_base_out_runs_saved
TBA/TBA201803290,"Thursday, March 29, 2018",4:00 p.m. Local,Tropicana Field,31042,3:00,Day,Home,Tampa Bay Rays,TBR,Boston Red Sox,BOS,33,4,8,4,4.0,2,6,35,0.242,0.286,0.455,0.74,154,85,0.052,1.26,0.39,,-0.5,24,6,8.0,0,52,15,18,13,14,7,0,76,3,3,-0.552,-2.0,28,6,4,6,6.75,7,11,35,0.143,0.314,0.25,0.564,123,87,0.551,0.54,1.164,,2.0,27,12,9.0,1,39,17,31,8,9,6,0,49,1,0,-0.053,0.5
TBA/TBA201803300,"Friday, March 30, 2018",7:10 p.m. Local,Tropicana Field,19203,2:46,Night,Away,Boston Red Sox,BOS,Tampa Bay Rays,TBR,32,1,7,1,1.0,2,6,34,0.219,0.265,0.281,0.546,109,91,-0.302,1.42,0.45,,-3.5,27,5,9.0,0,55,17,20,11,15,4,0,74,0,0,0.801,4.5,30,0,4,0,0.0,1,9,31,0.133,0.161,0.133,0.295,139,74,-0.801,1.05,0.198,,-4.5,27,12,9.0,0,41,11,22,7,14,3,0,63,3,1,0.3,3.5
TBA/TBA201803310,"Saturday, March 31, 2018",6:10 p.m. Local,Tropicana Field,17838,3:21,Night,Away,Boston Red Sox,BOS,Tampa Bay Rays,TBR,33,3,7,2,2.0,6,5,39,0.212,0.333,0.424,0.758,148,87,-0.044,1.58,0.545,,-1.5,27,5,9.0,1,52,7,28,9,19,7,0,55,3,1,0.544,2.5,33,2,8,2,2.0,3,7,37,0.242,0.297,0.364,0.661,156,96,-0.544,0.81,0.682,,-2.5,27,8,9.0,1,60,7,29,10,17,5,0,48,3,1,0.044,1.5
TBA/TBA201804010,"Sunday, April 1, 2018",1:10 p.m. Local,Tropicana Field,14256,3:24,Day,Away,Boston Red Sox,BOS,Tampa Bay Rays,TBR,33,2,6,2,2.0,4,6,40,0.182,0.325,0.182,0.507,128,104,-0.176,1.54,0.648,,-2.5,27,4,9.0,1,64,15,25,12,15,8,0,59,1,0,0.676,3.5,35,1,8,1,1.0,2,9,37,0.229,0.27,0.343,0.613,156,89,-0.676,1.33,0.476,,-3.5,27,11,9.0,0,56,17,16,7,19,9,0,49,3,1,0.175,2.5
MIA/MIA201804020,"Monday, April 2, 2018",7:10 p.m. Local,Marlins Park,11113,3:09,Night,Away,Boston Red Sox,BOS,Miami Marlins,MIA,38,7,12,7,7.0,3,6,41,0.316,0.366,0.553,0.918,137,97,0.332,0.91,0.672,,2.9,27,10,9.0,1,63,9,25,15,18,8,0,59,0,0,0.169,1.1,36,3,10,3,3.0,3,7,40,0.278,0.35,0.389,0.739,159,82,-0.169,0.53,0.5,,-1.1,27,10,9.0,2,40,12,30,15,14,6,0,31,1,0,-0.332,-2.9
MIA/MIA201804030,"Tuesday, April 3, 2018",6:10 p.m. Local,Marlins Park,14953,4:27,Night,Away,Boston Red Sox,BOS,Miami Marlins,MIA,48,4,12,4,2.77,2,9,50,0.25,0.28,0.333,0.613,227,128,-0.041,1.67,1.478,,-1.9,39,12,13.0,0,84,18,28,22,17,9,0,59,1,0,0.542,3.9,45,2,9,2,1.38,4,16,49,0.2,0.265,0.244,0.51,196,150,-0.543,1.56,0.956,,-3.9,39,21,13.0,0,73,35,42,10,19,11,0,71,0,0,0.042,1.9
BOS/BOS201804050,"Thursday, April 5, 2018",2:07 p.m. Local,Fenway Park,36134,3:55,Day,Home,Boston Red Sox,BOS,Tampa Bay Rays,TBR,40,2,6,2,1.5,6,11,47,0.15,0.261,0.25,0.511,161,113,-0.577,2.24,0.822,,-4.4,34,15,11.1,0,65,21,27,13,17,5,0,65,2,1,0.076,1.8,41,3,10,3,2.38,6,9,48,0.244,0.34,0.341,0.682,183,105,-0.076,1.73,1.575,,-1.8,36,11,12.0,1,61,17,27,20,13,9,0,73,0,0,0.576,4.4
BOS/BOS201804070,"Saturday, April 7, 2018",1:07 p.m. Local,Fenway Park,31821,2:48,Day,Home,Boston Red Sox,BOS,Tampa Bay Rays,TBR,32,3,6,3,3.0,0,9,32,0.188,0.188,0.25,0.438,170,76,0.011,0.48,0.259,,-1.8,24,6,8.0,3,43,13,20,13,10,4,0,8,2,0,-0.513,-5.8,32,10,9,10,11.25,6,3,39,0.281,0.385,0.656,1.041,106,92,0.511,0.44,0.633,,5.7,27,10,9.0,0,63,7,22,7,23,7,0,61,1,0,-0.012,1.8
BOS/BOS201804080,"Sunday, April 8, 2018",1:07 p.m. Local,Fenway Park,31979,3:50,Day,Home,Boston Red Sox,BOS,Tampa Bay Rays,TBR,37,7,11,7,7.0,6,11,44,0.297,0.386,0.514,0.9,166,116,0.131,1.29,0.75,,2.2,24,3,8.0,0,70,22,24,16,11,3,0,49,1,1,-0.633,-3.7,35,8,11,8,9.0,4,6,39,0.314,0.385,0.429,0.813,190,107,0.632,0.89,1.314,,3.7,27,8,9.0,1,68,10,29,9,20,7,0,44,4,2,-0.132,-2.2
BOS/BOS201804100,"Tuesday, April 10, 2018",7:10 p.m. Local,Fenway Park,32357,3:11,Night,Home,Boston Red Sox,BOS,New York Yankees,NYY,36,1,10,1,1.0,1,10,37,0.278,0.297,0.389,0.686,161,97,-0.207,0.5,0.204,,-3.8,24,7,8.0,1,53,22,22,10,16,4,0,34,2,2,-0.293,-9.7,34,14,11,13,9.0,7,10,44,0.324,0.432,0.588,1.02,142,97,0.292,0.55,0.577,,9.7,27,7,9.0,1,52,25,20,10,16,10,0,60,0,0,0.206,3.8
BOS/BOS201804110,"Wednesday, April 11, 2018",7:10 p.m. Local,Fenway Park,32400,3:59,Night,Away,New York Yankees,NYY,Boston Red Sox,BOS,36,10,12,10,10.0,5,9,44,0.333,0.409,0.583,0.992,154,107,0.49,0.69,0.762,,5.2,27,7,9.0,2,54,18,35,15,14,4,0,30,0,0,0.011,-2.2,36,7,10,6,7.0,2,8,38,0.278,0.316,0.528,0.844,181,95,-0.01,0.51,0.505,,2.2,27,9,9.0,2,50,18,27,9,19,5,0,30,1,0,-0.49,-5.2
BOS/BOS201804120,"Thursday, April 12, 2018",7:12 p.m. Local,Fenway Park,36341,3:01,Night,Home,Boston Red Sox,BOS,New York Yankees,NYY,32,3,5,3,3.0,2,10,35,0.156,0.229,0.25,0.479,139,93,-0.208,0.55,0.117,,-1.8,24,6,8.0,0,54,15,24,12,10,2,0,22,1,0,-0.292,-1.7,33,6,8,6,6.75,3,9,38,0.242,0.316,0.303,0.619,138,89,0.294,0.42,0.492,,1.8,27,9,9.0,0,46,17,26,13,12,3,0,79,1,0,0.208,1.8
BOS/BOS201804130,"Friday, April 13, 2018",7:10 p.m. Local,Fenway Park,32610,3:22,Night,Home,Boston Red Sox,BOS,Baltimore Orioles,BAL,34,3,9,3,3.0,2,12,37,0.265,0.297,0.294,0.591,163,95,-0.133,0.43,0.206,,-1.8,24,5,8.0,1,50,19,26,10,13,6,0,16,4,1,-0.366,-2.7,34,7,11,5,7.88,6,6,42,0.324,0.429,0.529,0.958,151,97,0.366,0.51,0.539,,2.7,27,6,9.0,0,57,18,22,9,20,9,0,64,0,0,0.133,1.8
BOS/BOS201804140,"Saturday, April 14, 2018",1:05 p.m. Local,Fenway Park,33584,3:05,Day,Home,Boston Red Sox,BOS,Baltimore Orioles,BAL,34,3,9,3,3.0,1,9,35,0.265,0.286,0.441,0.727,149,96,-0.187,0.3,0.17,,-1.8,24,8,8.0,2,57,16,23,8,17,11,0,10,2,1,-0.312,-5.8,39,10,15,9,9.0,2,3,41,0.385,0.415,0.641,1.056,146,96,0.312,0.47,0.475,,5.7,27,9,9.0,1,64,7,25,12,24,10,0,51,0,0,0.188,1.8
BOS/BOS201804150,"Sunday, April 15, 2018",1:05 p.m. Local,Fenway Park,32489,2:54,Day,Home,Boston Red Sox,BOS,Baltimore Orioles,BAL,30,1,3,1,1.0,3,14,33,0.1,0.182,0.133,0.315,124,90,-0.465,1.11,0.264,,-3.8,24,6,8.0,0,49,14,27,9,7,2,0,51,2,0,-0.038,1.3,34,3,10,2,1.12,2,8,36,0.294,0.333,0.471,0.804,151,88,0.038,0.99,0.745,,-1.3,27,6,9.0,0,50,16,22,10,16,7,0,65,0,0,0.462,3.8
ANA/ANA201804170,"Tuesday, April 17, 2018",7:09 p.m. Local,Angel Stadium of Anaheim,44822,3:15,Night,Away,Boston Red Sox,BOS,Los Angeles Angels,LAA,38,10,15,10,10.0,5,3,45,0.395,0.467,0.868,1.335,130,103,0.381,0.28,0.554,,5.5,27,11,9.0,0,72,10,21,15,21,9,0,59,0,0,0.119,3.5,30,1,4,1,1.0,6,10,36,0.133,0.278,0.133,0.411,183,82,-0.118,0.38,0.087,,-3.5,27,13,9.0,6,41,12,29,12,8,3,0,35,1,0,-0.38,-5.5
ANA/ANA201804180,"Wednesday, April 18, 2018",7:08 p.m. Local,Angel Stadium of Anaheim,34508,3:18,Night,Away,Boston Red Sox,BOS,Los Angeles Angels,LAA,41,9,14,9,9.0,3,12,44,0.341,0.386,0.634,1.021,137,121,0.312,0.65,0.552,,4.5,27,7,9.0,0,64,21,36,16,13,8,0,66,0,0,0.188,4.5,33,0,6,0,0.0,1,8,35,0.182,0.229,0.182,0.41,186,94,-0.187,0.45,0.24,,-4.5,27,8,9.0,3,48,16,30,11,14,8,0,26,1,0,-0.312,-4.5
ANA/ANA201804190,"Thursday, April 19, 2018",7:08 p.m. Local,Angel Stadium of Anaheim,36253,3:35,Night,Away,Boston Red Sox,BOS,Los Angeles Angels,LAA,37,8,14,8,7.0,3,5,42,0.378,0.429,0.676,1.104,155,90,0.305,0.88,0.731,,3.5,27,8,9.0,1,57,12,21,15,18,9,0,60,0,0,0.195,2.5,32,2,4,2,2.0,3,9,35,0.125,0.2,0.219,0.419,148,96,-0.196,0.6,0.4,,-2.5,27,14,9.0,2,49,25,22,11,12,2,0,35,5,1,-0.305,-3.5
OAK/OAK201804200,"Friday, April 20, 2018",7:07 p.m. Local,Oakland-Alameda County Coliseum,23473,3:16,Night,Away,Boston Red Sox,BOS,Oakland Athletics,OAK,35,7,11,7,7.0,1,6,36,0.314,0.333,0.514,0.848,172,87,0.389,0.94,0.739,,2.5,27,7,9.0,0,46,17,24,17,12,7,0,44,6,0,0.112,1.5,37,3,10,3,3.0,2,11,40,0.27,0.325,0.351,0.676,131,112,-0.112,0.72,0.598,,-1.5,27,13,9.0,2,67,9,36,11,15,10,0,35,3,3,-0.389,-2.5
OAK/OAK201804210,"Saturday, April 21, 2018",6:07 p.m. Local,Oakland-Alameda County Coliseum,25746,2:16,Night,Home,Oakland Athletics,OAK,Boston Red Sox,BOS,28,0,0,0,0.0,2,10,30,0.0,0.067,0.0,0.067,125,75,-0.441,0.55,0.07,,-4.5,24,9,8.0,1,42,14,19,9,9,2,0,62,0,0,-0.061,1.0,31,3,7,3,3.38,2,10,33,0.226,0.273,0.516,0.789,108,78,0.06,0.73,0.403,,-1.0,27,9,9.0,0,41,15,22,9,12,5,0,95,,,0.44,4.5
OAK/OAK201804220,"Sunday, April 22, 2018",1:07 p.m. Local,Oakland-Alameda County Coliseum,29804,2:44,Day,Home,Oakland Athletics,OAK,Boston Red Sox,BOS,34,1,6,1,1.0,1,10,35,0.176,0.2,0.235,0.435,98,101,-0.397,1.16,0.618,,-3.5,24,10,8.0,1,60,21,20,8,16,11,0,50,0,0,-0.103,-0.0,31,4,9,4,4.5,1,6,32,0.29,0.313,0.452,0.764,142,70,0.104,1.37,0.773,,0.0,27,7,9.0,0,44,8,18,12,13,7,0,62,3,0,0.397,3.5
TOR/TOR201804240,"Tuesday, April 24, 2018",7:08 p.m. Local,Rogers Centre,20070,2:51,Night,Home,Toronto Blue Jays,TOR,Boston Red Sox,BOS,37,3,9,3,2.7,2,14,39,0.243,0.282,0.27,0.552,132,104,-0.212,0.91,0.88,,-2.0,28,8,9.1,1,60,22,22,9,14,7,0,65,0,0,-0.289,0.7,34,4,5,4,3.86,3,11,37,0.147,0.216,0.294,0.51,163,84,0.288,1.86,0.88,,-0.7,30,9,10.0,0,42,16,26,12,11,5,0,75,0,0,0.212,2.0
TOR/TOR201804250,"Wednesday, April 25, 2018",7:08 p.m. Local,Rogers Centre,18914,3:04,Night,Away,Boston Red Sox,BOS,Toronto Blue Jays,TOR,33,4,6,4,4.0,6,10,41,0.182,0.341,0.394,0.735,136,96,0.145,1.3,1.047,,-0.5,27,14,9.0,1,47,25,24,10,13,2,0,52,0,0,0.354,1.5,34,3,6,2,3.0,1,5,35,0.176,0.2,0.294,0.494,157,84,-0.354,1.23,0.6,,-1.5,27,7,9.0,2,51,20,13,18,11,4,0,64,3,0,-0.146,0.5
TOR/TOR201804260,"Thursday, April 26, 2018",7:08 p.m. Local,Rogers Centre,23571,3:08,Night,Away,Boston Red Sox,BOS,Toronto Blue Jays,TOR,33,5,8,5,5.0,3,9,37,0.242,0.297,0.424,0.722,163,101,0.183,1.52,0.764,,0.5,27,8,9.0,2,57,17,27,5,20,7,0,54,1,0,0.316,0.5,32,4,6,4,4.0,4,8,38,0.188,0.289,0.5,0.789,153,103,-0.317,0.94,0.685,,-0.5,27,4,9.0,1,56,22,25,8,17,4,0,35,0,0,-0.184,-0.5
BOS/BOS201804270,"Friday, April 27, 2018",7:10 p.m. Local,Fenway Park,32620,3:10,Night,Away,Tampa Bay Rays,TBR,Boston Red Sox,BOS,33,4,10,4,4.0,3,5,37,0.303,0.378,0.606,0.984,138,87,0.045,1.6,0.491,,-0.8,27,11,9.0,0,58,14,15,12,16,7,0,68,0,0,0.451,1.8,34,3,8,3,3.0,1,11,35,0.235,0.257,0.382,0.639,139,88,-0.453,0.56,0.75,,-1.8,27,12,9.0,3,51,16,21,13,10,3,0,41,1,0,-0.049,0.8
BOS/BOS201804280,"Saturday, April 28, 2018",4:08 p.m. Local,Fenway Park,35795,3:52,Day,Away,Tampa Bay Rays,TBR,Boston Red Sox,BOS,43,12,18,11,11.0,5,9,48,0.419,0.479,0.791,1.27,157,115,0.569,1.28,1.386,,7.2,27,7,9.0,1,73,14,28,13,21,11,0,33,4,0,-0.068,-1.2,38,6,12,5,6.0,3,14,43,0.316,0.372,0.474,0.846,174,105,0.069,1.07,1.024,,1.2,27,9,9.0,4,63,15,27,14,11,4,0,32,3,1,-0.57,-7.2
BOS/BOS201804290,"Sunday, April 29, 2018",1:08 p.m. Local,Fenway Park,32888,3:01,Day,Home,Boston Red Sox,BOS,Tampa Bay Rays,TBR,35,3,10,3,3.0,0,9,36,0.286,0.286,0.429,0.714,142,101,-0.306,1.71,0.819,,-1.8,24,3,8.0,0,59,18,25,12,15,8,0,59,5,1,-0.194,0.3,30,4,7,4,4.5,3,7,36,0.233,0.333,0.233,0.567,142,81,0.194,1.57,1.028,,-0.3,27,11,9.0,1,46,16,19,9,15,5,0,59,1,0,0.306,1.8
BOS/BOS201804300,"Monday, April 30, 2018",7:10 p.m. Local,Fenway Park,31314,3:13,Night,Home,Boston Red Sox,BOS,Kansas City Royals,KCR,35,6,9,6,6.0,3,13,40,0.257,0.35,0.371,0.721,155,106,0.099,0.73,0.67,,1.2,24,11,8.0,2,59,17,30,6,16,7,0,15,2,0,-0.599,-5.7,37,10,13,9,10.12,3,3,41,0.351,0.39,0.595,0.985,163,98,0.598,0.85,0.915,,5.7,27,4,9.0,0,65,11,22,18,16,5,1,35,0,0,-0.098,-1.2
BOS/BOS201805010,"Tuesday, May 1, 2018",7:10 p.m. Local,Fenway Park,34466,4:25,Night,Away,Kansas City Royals,KCR,Boston Red Sox,BOS,51,7,15,6,4.15,3,11,58,0.294,0.345,0.451,0.796,206,134,0.364,1.53,2.05,,0.1,39,13,13.0,2,77,25,33,24,18,8,0,54,3,3,0.136,0.9,51,6,12,5,4.15,2,10,54,0.235,0.278,0.412,0.69,203,140,-0.135,1.91,1.511,,-0.9,39,21,13.0,2,89,19,32,19,22,9,0,65,0,0,-0.363,-0.1
BOS/BOS201805020,"Wednesday, May 2, 2018",1:05 p.m. Local,Fenway Park,32267,2:45,Day,Home,Boston Red Sox,BOS,Kansas City Royals,KCR,33,4,10,4,4.0,2,10,37,0.303,0.351,0.485,0.836,127,90,-0.294,0.91,0.7,,-0.8,24,9,8.0,4,55,13,22,12,12,5,0,39,0,0,-0.205,-0.7,32,5,10,5,5.62,1,6,33,0.312,0.333,0.719,1.052,139,82,0.207,1.24,0.765,,0.7,27,14,9.0,1,46,18,18,10,16,4,0,45,0,0,0.294,0.8
TEX/TEX201805030,"Thursday, May 3, 2018",7:14 p.m. Local,Globe Life Park in Arlington,22348,3:20,Night,Home,Texas Rangers,TEX,Boston Red Sox,BOS,36,5,9,5,5.0,4,6,41,0.25,0.317,0.389,0.706,157,88,0.025,0.6,0.511,,-0.1,24,7,8.0,1,56,12,20,18,13,4,0,19,5,3,-0.524,-6.5,35,11,11,10,9.0,3,9,40,0.314,0.375,0.514,0.889,148,96,0.523,0.73,0.786,,6.5,27,11,9.0,1,56,18,22,14,13,8,0,47,1,0,-0.023,0.1
TEX/TEX201805040,"Friday, May 4, 2018",7:08 p.m. Local,Globe Life Park in Arlington,31404,2:36,Night,Away,Boston Red Sox,BOS,Texas Rangers,TEX,34,5,7,5,5.0,1,7,35,0.206,0.229,0.588,0.817,146,91,0.117,0.85,0.524,,-0.1,27,6,9.0,1,55,8,28,11,16,8,0,69,0,0,0.383,4.1,30,1,4,1,1.0,1,12,31,0.133,0.161,0.267,0.428,130,95,-0.383,0.6,0.271,,-4.1,27,7,9.0,4,57,14,24,6,12,7,0,55,0,0,-0.117,0.1
TEX/TEX201805050,"Saturday, May 5, 2018",7:07 p.m. Local,Globe Life Park in Arlington,35728,3:18,Night,Away,Boston Red Sox,BOS,Texas Rangers,TEX,35,6,9,5,5.0,3,6,40,0.257,0.308,0.457,0.765,160,94,0.325,1.34,1.32,,0.9,27,4,9.0,3,52,18,24,16,15,4,0,52,3,0,0.174,0.1,33,5,6,5,5.0,3,17,36,0.182,0.25,0.485,0.735,152,104,-0.175,1.5,0.813,,-0.1,27,10,9.0,1,55,22,27,6,10,2,0,55,2,1,-0.326,-0.9
TEX/TEX201805060,"Sunday, May 6, 2018",2:08 p.m. Local,Globe Life Park in Arlington,28360,2:33,Day,Away,Boston Red Sox,BOS,Texas Rangers,TEX,36,6,10,6,6.0,2,7,39,0.278,0.333,0.5,0.833,127,95,0.134,0.95,0.569,,0.9,27,9,9.0,1,55,10,30,17,12,6,0,76,0,0,0.366,4.1,32,1,5,1,1.0,1,14,35,0.156,0.229,0.25,0.479,144,87,-0.366,0.61,0.338,,-4.1,27,11,9.0,2,35,29,23,13,5,2,0,34,0,0,-0.134,-0.9
NYA/NYA201805080,"Tuesday, May 8, 2018",7:11 p.m. Local,Yankee Stadium III,45773,3:29,Night,Home,New York Yankees,NYY,Boston Red Sox,BOS,35,2,8,2,2.0,0,14,36,0.229,0.25,0.343,0.593,153,107,-0.439,1.08,0.722,,-2.6,24,9,8.0,2,60,23,24,8,13,8,0,60,4,1,-0.061,1.1,29,3,6,3,3.38,5,8,34,0.207,0.324,0.448,0.772,157,85,0.06,1.56,0.643,,-1.1,27,8,9.0,0,49,16,20,10,11,4,0,63,1,1,0.44,2.6
NYA/NYA201805090,"Wednesday, May 9, 2018",7:09 p.m. Local,Yankee Stadium III,47088,3:42,Night,Home,New York Yankees,NYY,Boston Red Sox,BOS,36,6,12,6,6.0,5,10,42,0.333,0.405,0.639,1.044,148,109,0.332,1.38,1.128,,1.4,24,9,8.0,1,64,19,26,13,14,9,0,32,3,2,-0.832,-4.9,33,9,12,9,10.12,4,6,40,0.364,0.425,0.636,1.061,165,84,0.833,1.06,1.385,,4.9,27,10,9.0,3,47,16,21,15,14,9,0,37,3,1,-0.332,-1.4
NYA/NYA201805100,"Thursday, May 10, 2018",7:09 p.m. Local,Yankee Stadium III,46899,3:21,Night,Away,Boston Red Sox,BOS,New York Yankees,NYY,37,5,10,5,5.0,1,11,38,0.27,0.289,0.486,0.776,157,101,0.297,1.82,0.652,,0.4,27,6,9.0,0,54,24,23,15,11,7,0,70,3,3,0.203,0.6,32,4,5,3,4.0,7,11,39,0.156,0.308,0.156,0.464,145,88,-0.203,0.67,0.917,,-0.6,27,9,9.0,2,45,14,29,9,12,3,0,33,0,0,-0.297,-0.4
TOR/TOR201805110,"Friday, May 11, 2018",7:08 p.m. Local,Rogers Centre,28695,3:54,Night,Home,Toronto Blue Jays,TOR,Boston Red Sox,BOS,42,3,6,2,1.5,4,12,47,0.143,0.234,0.238,0.472,168,120,-0.672,1.61,0.835,,-3.0,33,8,11.0,2,71,16,33,12,18,5,0,78,0,0,0.174,0.5,41,5,8,5,4.09,3,19,44,0.195,0.25,0.415,0.665,187,114,-0.174,1.58,1.135,,-0.5,36,11,12.0,1,56,30,28,11,12,6,0,48,0,0,0.675,3.0
TOR/TOR201805120,"Saturday, May 12, 2018",4:08 p.m. Local,Rogers Centre,37588,3:11,Day,Away,Boston Red Sox,BOS,Toronto Blue Jays,TOR,38,5,12,5,5.0,1,11,39,0.316,0.333,0.5,0.833,139,107,0.131,1.14,0.586,,0.5,27,9,9.0,1,63,18,26,6,21,7,0,53,0,0,0.37,2.5,33,2,7,2,2.0,3,12,36,0.212,0.278,0.333,0.611,155,87,-0.365,0.63,0.523,,-2.5,27,4,9.0,1,39,22,26,12,9,5,0,46,3,0,-0.132,-0.5
TOR/TOR201805130,"Sunday, May 13, 2018",1:08 p.m. Local,Rogers Centre,37888,3:42,Day,Away,Boston Red Sox,BOS,Toronto Blue Jays,TOR,33,5,8,5,5.0,5,7,38,0.242,0.342,0.364,0.706,167,98,0.143,1.59,0.641,,0.5,27,9,9.0,0,59,10,29,13,13,7,0,41,2,1,0.358,1.5,35,3,10,3,3.0,5,11,40,0.286,0.375,0.371,0.746,167,100,-0.359,0.75,0.857,,-1.5,27,14,9.0,1,59,12,29,9,15,8,0,40,3,2,-0.142,-0.5
BOS/BOS201805140,"Monday, May 14, 2018",7:12 p.m. Local,Fenway Park,35249,2:40,Night,Away,Oakland Athletics,OAK,Boston Red Sox,BOS,37,6,11,6,6.0,0,7,37,0.297,0.297,0.622,0.919,115,98,0.309,1.59,0.895,,1.2,27,14,9.0,2,60,13,25,14,16,7,0,45,1,0,0.191,-0.2,36,5,9,5,4.0,1,4,37,0.25,0.27,0.444,0.715,154,84,-0.192,0.92,0.991,,0.2,27,11,9.0,3,54,7,23,17,15,7,0,39,0,0,-0.31,-1.2
BOS/BOS201805150,"Tuesday, May 15, 2018",8:52 p.m. Local,Fenway Park,34906,3:16,Night,Away,Oakland Athletics,OAK,Boston Red Sox,BOS,34,5,9,5,5.0,3,5,38,0.265,0.342,0.412,0.754,143,112,0.132,1.3,0.76,,0.2,27,12,9.0,1,79,19,14,8,21,8,0,53,0,0,0.369,1.8,38,3,10,3,2.0,1,6,39,0.263,0.282,0.447,0.729,178,93,-0.371,0.95,0.701,,-1.8,27,7,9.0,1,58,16,19,13,19,10,0,47,2,2,-0.132,-0.2
BOS/BOS201805160,"Wednesday, May 16, 2018",7:11 p.m. Local,Fenway Park,34947,3:08,Night,Home,Boston Red Sox,BOS,Oakland Athletics,OAK,31,4,5,4,4.0,5,13,36,0.161,0.278,0.452,0.729,149,105,-0.225,0.52,0.493,,-0.8,24,13,8.0,2,59,20,26,5,13,0,0,45,0,0,-0.274,-1.7,32,6,9,6,6.75,2,6,34,0.281,0.324,0.469,0.792,169,92,0.275,0.99,0.5,,1.7,27,4,9.0,3,56,15,21,15,11,6,0,60,0,0,0.226,0.8
BOS/BOS201805170,"Thursday, May 17, 2018",7:11 p.m. Local,Fenway Park,36615,2:44,Night,Home,Boston Red Sox,BOS,Baltimore Orioles,BAL,31,2,5,2,2.0,0,8,31,0.161,0.161,0.29,0.452,153,69,-0.308,0.49,0.061,,-2.8,24,9,8.0,2,42,12,15,8,15,5,0,28,1,0,-0.193,-1.7,32,6,10,6,6.75,4,7,37,0.312,0.378,0.5,0.878,95,89,0.194,0.51,0.469,,1.8,27,6,9.0,1,51,11,27,13,13,3,0,77,,,0.307,2.8
BOS/BOS201805180,"Friday, May 18, 2018",7:11 p.m. Local,Fenway Park,34935,3:18,Night,Away,Baltimore Orioles,BAL,Boston Red Sox,BOS,37,7,10,7,6.0,5,8,42,0.27,0.357,0.486,0.844,159,101,0.315,1.22,0.917,,2.2,27,14,9.0,1,54,17,30,12,17,7,0,43,4,1,0.183,0.8,38,4,13,4,3.0,3,4,41,0.342,0.39,0.579,0.969,153,108,-0.182,0.88,0.855,,-0.8,27,11,9.0,1,66,13,29,16,18,11,0,29,1,0,-0.317,-2.2
BOS/BOS201805190,"Saturday, May 19, 2018",7:11 p.m. Local,Fenway Park,34195,2:54,Night,Home,Boston Red Sox,BOS,Baltimore Orioles,BAL,32,3,6,3,3.0,3,13,36,0.188,0.25,0.313,0.563,137,104,-0.221,0.84,0.421,,-1.8,24,7,8.0,3,55,32,17,8,12,3,0,52,1,0,-0.28,-1.7,29,6,6,6,6.75,5,8,34,0.207,0.324,0.586,0.91,155,88,0.279,0.98,0.751,,1.7,27,4,9.0,1,51,18,19,8,13,2,0,54,0,0,0.221,1.8
BOS/BOS201805200,"Sunday, May 20, 2018",1:06 p.m. Local,Fenway Park,35550,3:25,Day,Home,Boston Red Sox,BOS,Baltimore Orioles,BAL,41,0,13,0,0.0,0,10,41,0.317,0.317,0.341,0.659,153,116,-0.356,0.55,0.313,,-4.8,24,6,8.0,3,68,19,29,13,18,10,0,30,3,0,-0.145,-0.7,36,5,12,5,5.62,5,8,41,0.333,0.415,0.667,1.081,170,100,0.147,0.85,0.508,,0.7,27,6,9.0,0,63,15,22,6,22,9,0,58,3,0,0.355,4.8
TBA/TBA201805220,"Tuesday, May 22, 2018",7:10 p.m. Local,Tropicana Field,10642,2:55,Night,Away,Boston Red Sox,BOS,Tampa Bay Rays,TBR,31,4,7,4,4.0,4,5,36,0.226,0.333,0.419,0.753,150,78,0.11,1.46,0.55,,-0.5,27,8,9.0,1,46,6,26,11,15,2,0,72,0,0,0.389,2.5,31,2,6,2,1.0,3,11,36,0.194,0.278,0.355,0.633,138,95,-0.388,0.65,0.577,,-2.5,27,11,9.0,2,41,19,35,8,13,6,0,41,0,0,-0.11,0.5
TBA/TBA201805230,"Wednesday, May 23, 2018",7:10 p.m. Local,Tropicana Field,10194,3:10,Night,Away,Boston Red Sox,BOS,Tampa Bay Rays,TBR,29,4,5,2,2.0,6,11,36,0.172,0.306,0.241,0.547,127,95,0.098,1.07,0.84,,-0.5,27,11,9.0,0,48,17,30,6,13,5,0,68,0,0,0.403,3.5,29,1,3,1,1.0,3,13,32,0.103,0.188,0.138,0.325,164,84,-0.405,1.26,0.367,,-3.5,27,9,9.0,0,41,14,29,11,5,1,0,63,0,0,-0.097,0.5
TBA/TBA201805240,"Thursday, May 24, 2018",7:10 p.m. Local,Tropicana Field,12468,2:58,Night,Home,Tampa Bay Rays,TBR,Boston Red Sox,BOS,33,3,7,2,2.0,2,11,35,0.212,0.257,0.364,0.621,162,98,-0.191,0.48,0.075,,-1.5,24,12,8.0,0,56,15,27,11,11,6,0,25,2,0,-0.307,-2.0,33,6,12,4,4.5,4,5,39,0.364,0.436,0.394,0.83,148,98,0.307,0.33,0.526,,2.0,27,9,9.0,1,59,12,27,13,16,12,0,72,1,0,0.193,1.5
BOS/BOS201805250,"Friday, May 25, 2018",7:11 p.m. Local,Fenway Park,37008,3:13,Night,Home,Boston Red Sox,BOS,Atlanta Braves,ATL,34,2,7,2,2.0,4,12,38,0.206,0.289,0.265,0.554,140,94,-0.285,0.88,0.441,,-2.8,24,9,8.0,4,55,21,18,10,12,7,0,53,1,1,-0.215,-1.7,29,6,7,6,6.75,3,5,33,0.241,0.303,0.724,1.027,153,81,0.216,0.99,0.704,,1.8,27,7,9.0,0,36,18,27,11,14,4,0,53,1,0,0.285,2.8
BOS/BOS201805260,"Saturday, May 26, 2018",1:05 p.m. Local,Fenway Park,36510,3:29,Day,Home,Boston Red Sox,BOS,Atlanta Braves,ATL,36,6,11,6,6.0,4,5,41,0.306,0.366,0.556,0.921,189,101,0.047,1.35,0.738,,1.2,24,11,8.0,1,61,10,30,11,21,8,0,35,1,1,-0.548,-3.8,35,8,10,8,6.75,6,7,42,0.286,0.405,0.514,0.919,161,109,0.548,1.05,1.346,,3.7,27,12,9.0,2,64,15,30,16,12,6,0,28,2,2,-0.047,-1.2
BOS/BOS201805270,"Sunday, May 27, 2018",1:08 p.m. Local,Fenway Park,36543,2:53,Day,Away,Atlanta Braves,ATL,Boston Red Sox,BOS,36,7,9,6,7.0,6,10,42,0.25,0.357,0.417,0.774,143,102,0.234,0.6,0.486,,2.2,27,6,9.0,0,55,19,28,12,14,7,0,71,0,0,0.264,3.8,30,1,4,1,1.0,4,10,34,0.133,0.235,0.267,0.502,159,89,-0.264,0.41,0.18,,-3.8,27,9,9.0,1,47,13,29,8,12,7,0,34,1,0,-0.237,-2.2
BOS/BOS201805280,"Monday, May 28, 2018",1:07 p.m. Local,Fenway Park,34700,2:54,Day,Home,Boston Red Sox,BOS,Toronto Blue Jays,TOR,32,3,7,3,3.0,5,9,38,0.219,0.316,0.438,0.753,124,92,-0.142,0.62,0.418,,-1.8,24,9,8.0,2,55,11,26,7,17,8,0,24,0,0,-0.358,-3.8,33,8,11,8,9.0,4,4,38,0.333,0.395,0.606,1.001,148,76,0.359,0.81,0.602,,3.7,27,8,9.0,0,47,9,20,15,15,4,0,51,0,0,0.141,1.8
BOS/BOS201805290,"Tuesday, May 29, 2018",7:15 p.m. Local,Fenway Park,33380,2:59,Night,Home,Boston Red Sox,BOS,Toronto Blue Jays,TOR,34,3,8,2,2.0,2,7,39,0.235,0.333,0.353,0.686,142,95,-0.219,0.51,0.472,,-1.8,24,10,8.0,2,58,13,24,13,14,4,0,32,1,0,-0.282,-3.7,35,8,13,8,9.0,2,4,38,0.371,0.421,0.714,1.135,140,91,0.282,0.88,0.603,,3.8,27,8,9.0,1,63,8,20,11,20,10,0,57,5,0,0.218,1.8
BOS/BOS201805300,"Wednesday, May 30, 2018",1:07 p.m. Local,Fenway Park,33451,2:52,Day,Home,Boston Red Sox,BOS,Toronto Blue Jays,TOR,33,4,6,4,4.0,2,10,35,0.182,0.229,0.303,0.532,131,94,-0.263,0.73,0.735,,-0.8,24,9,8.0,2,53,15,26,8,15,10,0,46,0,0,-0.238,-1.8,34,6,11,6,5.62,1,8,35,0.324,0.343,0.559,0.902,137,86,0.237,1.3,0.702,,1.7,27,8,9.0,1,49,17,23,14,12,6,0,66,3,2,0.262,0.8
HOU/HOU201805310,"Thursday, May 31, 2018",7:10 p.m. Local,Minute Maid Park,30658,2:57,Night,Home,Houston Astros,HOU,Boston Red Sox,BOS,33,2,6,2,2.0,3,7,36,0.182,0.25,0.273,0.523,143,85,-0.345,0.71,0.533,,-2.6,24,10,8.0,1,48,14,23,12,14,9,0,42,0,0,-0.154,0.0,28,4,7,4,4.5,5,9,33,0.25,0.364,0.393,0.756,146,86,0.155,1.19,0.555,,-0.0,27,11,9.0,0,44,13,32,11,8,4,0,58,1,0,0.345,2.6
HOU/HOU201806010,"Friday, June 1, 2018",7:10 p.m. Local,Minute Maid Park,37244,2:55,Night,Home,Houston Astros,HOU,Boston Red Sox,BOS,34,3,7,3,3.0,2,11,36,0.206,0.25,0.412,0.662,146,89,-0.315,0.71,0.558,,-1.6,24,8,8.0,3,42,16,31,9,14,7,0,49,1,0,-0.185,-3.0,35,7,12,6,7.88,3,6,38,0.343,0.395,0.6,0.995,135,92,0.186,1.34,0.686,,3.0,27,5,9.0,2,52,13,27,12,17,6,0,61,0,0,0.315,1.6
HOU/HOU201806020,"Saturday, June 2, 2018",6:16 p.m. Local,Minute Maid Park,38640,3:41,Night,Away,Boston Red Sox,BOS,Houston Astros,HOU,32,5,5,5,5.0,5,10,37,0.156,0.27,0.344,0.614,164,104,0.284,1.2,0.925,,0.4,27,7,9.0,1,56,21,27,6,16,6,0,56,0,0,0.215,0.6,33,4,6,4,4.0,3,10,36,0.182,0.25,0.333,0.583,159,97,-0.215,0.95,0.61,,-0.6,27,4,9.0,2,50,18,29,10,13,4,0,62,0,0,-0.284,-0.5
HOU/HOU201806030,"Sunday, June 3, 2018",6:38 p.m. Local,Minute Maid Park,33431,3:25,Night,Away,Boston Red Sox,BOS,Houston Astros,HOU,39,9,15,9,9.0,1,13,41,0.385,0.415,0.667,1.081,141,108,0.274,1.06,0.759,,4.5,27,9,9.0,1,56,22,32,8,18,12,0,56,2,0,0.225,1.6,32,3,5,3,2.0,4,8,39,0.156,0.289,0.281,0.571,167,85,-0.224,0.65,0.546,,-1.6,27,7,9.0,2,46,6,33,11,14,5,0,32,1,0,-0.276,-4.4
BOS/BOS201806050,"Tuesday, June 5, 2018",7:11 p.m. Local,Fenway Park,34762,2:41,Night,Home,Boston Red Sox,BOS,Detroit Tigers,DET,28,0,3,0,0.0,3,6,31,0.107,0.194,0.143,0.336,129,77,-0.281,0.4,0.122,,-4.8,24,15,8.0,2,40,10,27,14,8,4,0,38,3,0,-0.218,-1.7,32,6,10,5,4.5,5,6,37,0.312,0.405,0.5,0.905,124,74,0.218,0.64,0.434,,1.7,27,16,9.0,0,47,8,19,17,9,7,0,76,0,0,0.281,4.8
BOS/BOS201806060,"Wednesday, June 6, 2018",7:11 p.m. Local,Fenway Park,35182,3:20,Night,Home,Boston Red Sox,BOS,Detroit Tigers,DET,35,1,7,1,1.0,3,7,38,0.2,0.263,0.257,0.52,133,109,-0.224,0.45,0.337,,-3.8,24,15,8.0,2,62,17,30,13,15,9,0,38,3,0,-0.276,-2.8,35,7,12,7,6.75,0,3,37,0.343,0.378,0.629,1.007,174,90,0.277,0.77,0.512,,2.8,27,8,9.0,0,59,12,19,17,15,5,0,59,2,0,0.223,3.8
BOS/BOS201806070,"Thursday, June 7, 2018",7:10 p.m. Local,Fenway Park,36556,2:55,Night,Away,Detroit Tigers,DET,Boston Red Sox,BOS,37,7,10,7,7.0,3,11,40,0.27,0.325,0.486,0.811,141,109,0.317,0.71,0.552,,2.2,27,9,9.0,1,68,14,27,13,13,6,0,59,1,0,0.182,2.8,33,2,7,2,2.0,5,8,38,0.212,0.316,0.364,0.679,157,83,-0.182,0.46,0.367,,-2.8,27,9,9.0,1,45,12,26,9,16,7,0,25,0,0,-0.318,-2.2
BOS/BOS201806080,"Friday, June 8, 2018",7:11 p.m. Local,Fenway Park,36593,2:24,Night,Away,Chicago White Sox,CHW,Boston Red Sox,BOS,32,1,6,1,1.0,1,12,33,0.188,0.212,0.219,0.431,122,87,-0.332,1.6,0.305,,-3.8,27,10,9.0,0,41,23,25,15,5,3,0,72,1,0,0.832,4.8,30,0,3,0,0.0,1,10,31,0.1,0.129,0.167,0.296,124,81,-0.831,0.97,0.29,,-4.8,27,12,9.0,0,40,17,24,11,9,2,0,75,0,0,0.331,3.8
BOS/BOS201806090,"Saturday, June 9, 2018",4:05 p.m. Local,Fenway Park,36675,2:48,Day,Home,Boston Red Sox,BOS,Chicago White Sox,CHW,31,2,6,2,2.0,4,11,35,0.194,0.286,0.29,0.576,143,82,-0.388,1.0,0.503,,-2.8,24,9,8.0,2,39,14,29,11,9,2,0,48,0,0,-0.112,0.3,33,4,8,3,2.25,2,11,35,0.242,0.286,0.424,0.71,125,93,0.114,1.18,0.745,,-0.3,27,10,9.0,0,51,20,22,14,8,2,0,57,0,0,0.387,2.8
BOS/BOS201806100,"Sunday, June 10, 2018",1:07 p.m. Local,Fenway Park,36998,3:15,Day,Away,Chicago White Sox,CHW,Boston Red Sox,BOS,35,5,8,5,4.0,4,12,41,0.229,0.325,0.314,0.639,142,102,0.064,1.71,0.783,,0.2,27,10,9.0,0,61,17,24,10,14,6,0,58,4,1,0.436,2.8,34,2,7,1,1.0,5,9,41,0.206,0.341,0.294,0.636,161,88,-0.436,1.14,0.862,,-2.8,27,10,9.0,0,53,14,21,11,14,6,0,54,0,0,-0.064,-0.2
BAL/BAL201806110,"Monday, June 11, 2018",7:06 p.m. Local,Oriole Park at Camden Yards,15934,3:45,Night,Away,Boston Red Sox,BOS,Baltimore Orioles,BAL,39,2,6,2,1.5,4,12,46,0.154,0.239,0.179,0.419,196,106,-0.554,1.71,0.752,,-4.0,36,11,12.0,0,63,17,26,13,16,6,0,68,4,0,1.054,6.0,41,0,5,0,0.0,7,14,49,0.122,0.265,0.146,0.412,170,120,-1.053,1.69,0.563,,-6.0,36,10,12.0,0,64,29,27,16,11,2,0,81,2,0,0.554,4.0
BAL/BAL201806120,"Tuesday, June 12, 2018",7:08 p.m. Local,Oriole Park at Camden Yards,21837,3:58,Night,Away,Boston Red Sox,BOS,Baltimore Orioles,BAL,32,6,9,5,6.0,10,7,43,0.281,0.465,0.469,0.934,199,91,0.349,1.08,0.795,,1.5,27,10,9.0,1,56,12,23,8,17,7,0,47,4,0,0.154,0.5,38,4,11,4,4.0,6,8,44,0.289,0.386,0.395,0.781,163,120,-0.153,0.71,0.737,,-0.5,27,7,9.0,2,68,27,25,11,19,11,0,28,3,1,-0.346,-1.5
BAL/BAL201806130,"Wednesday, June 13, 2018",3:07 p.m. Local,Oriole Park at Camden Yards,17217,3:20,Day,Away,Boston Red Sox,BOS,Baltimore Orioles,BAL,33,5,9,5,5.0,4,8,39,0.273,0.359,0.455,0.814,155,107,0.152,0.81,0.548,,0.5,27,10,9.0,0,69,15,23,12,14,4,0,69,2,1,0.349,3.5,30,1,4,1,1.0,5,9,37,0.133,0.27,0.167,0.437,175,98,-0.349,0.65,0.24,,-3.5,27,10,9.0,2,48,15,35,12,10,5,0,47,2,2,-0.151,-0.5
SEA/SEA201806140,"Thursday, June 14, 2018",7:10 p.m. Local,Safeco Field,30479,2:56,Night,Away,Boston Red Sox,BOS,Seattle Mariners,SEA,34,2,8,2,1.0,2,7,36,0.235,0.278,0.382,0.66,134,84,-0.155,1.88,0.562,,-2.3,27,8,9.0,0,50,14,20,12,15,8,0,70,0,0,0.654,3.3,29,1,6,1,1.0,2,9,33,0.207,0.273,0.207,0.48,135,87,-0.654,0.93,0.668,,-3.3,27,10,9.0,1,55,9,24,9,12,4,0,62,0,0,0.154,2.3
SEA/SEA201806150,"Friday, June 15, 2018",7:10 p.m. Local,Safeco Field,44459,3:09,Night,Home,Seattle Mariners,SEA,Boston Red Sox,BOS,38,6,10,6,6.0,5,6,43,0.263,0.349,0.342,0.691,145,97,0.155,1.28,1.09,,1.7,24,6,8.0,2,59,16,22,16,15,9,1,50,0,0,-0.656,-3.2,34,7,10,7,7.88,3,11,37,0.294,0.351,0.529,0.881,169,95,0.655,1.52,1.299,,3.2,27,6,9.0,1,48,14,33,12,11,5,0,22,2,0,-0.155,-1.7
SEA/SEA201806160,"Saturday, June 16, 2018",5:16 p.m. Local,Safeco Field,44151,2:22,Night,Home,Seattle Mariners,SEA,Boston Red Sox,BOS,28,0,2,0,0.0,0,12,28,0.071,0.071,0.071,0.143,120,85,-0.729,0.81,0.067,,-4.3,24,9,8.0,0,46,16,23,9,7,3,0,65,0,0,0.229,2.8,29,1,6,1,1.12,2,6,31,0.207,0.258,0.241,0.499,115,76,-0.23,1.15,0.292,,-2.8,27,10,9.0,0,40,12,26,13,10,5,0,84,1,0,0.73,4.3
SEA/SEA201806170,"Sunday, June 17, 2018",1:10 p.m. Local,Safeco Field,46462,3:15,Day,Away,Boston Red Sox,BOS,Seattle Mariners,SEA,38,9,13,9,9.0,3,4,42,0.342,0.381,0.605,0.986,160,100,0.336,0.67,0.643,,4.7,27,8,9.0,1,70,9,21,15,20,7,0,60,2,0,0.165,1.3,35,3,8,3,3.0,3,11,38,0.229,0.289,0.371,0.661,152,98,-0.165,0.55,0.318,,-1.3,27,9,9.0,3,56,19,23,13,11,2,0,36,0,0,-0.336,-4.7
MIN/MIN201806190,"Tuesday, June 19, 2018",7:11 p.m. Local,Target Field,28550,3:14,Night,Home,Minnesota Twins,MIN,Boston Red Sox,BOS,35,2,8,2,2.0,4,10,40,0.229,0.325,0.314,0.639,142,88,-0.158,1.26,0.887,,-2.7,24,6,8.0,0,47,20,21,11,14,7,0,73,3,2,-0.342,-1.9,28,6,5,5,6.75,3,11,33,0.179,0.303,0.321,0.624,155,96,0.343,1.43,0.919,,1.9,27,8,9.0,1,54,10,32,8,9,3,0,62,1,0,0.158,2.7
MIN/MIN201806200,"Wednesday, June 20, 2018",7:11 p.m. Local,Target Field,33153,3:13,Night,Home,Minnesota Twins,MIN,Boston Red Sox,BOS,30,1,4,0,0.0,5,5,35,0.133,0.257,0.167,0.424,140,84,-0.425,0.74,0.457,,-3.7,24,6,8.0,2,50,14,24,14,11,5,0,48,0,0,-0.075,0.1,31,4,8,4,4.5,2,6,33,0.258,0.303,0.581,0.884,155,86,0.076,1.24,0.585,,-0.1,27,15,9.0,0,49,15,22,8,17,7,0,56,0,0,0.424,3.7
MIN/MIN201806210,"Thursday, June 21, 2018",12:10 p.m. Local,Target Field,32631,2:58,Day,Away,Boston Red Sox,BOS,Minnesota Twins,MIN,42,9,16,9,9.0,4,9,47,0.381,0.447,0.619,1.066,124,112,0.112,0.58,0.703,,4.3,27,8,9.0,0,66,16,30,11,22,12,0,79,0,0,0.389,2.7,29,2,4,2,2.0,1,5,32,0.138,0.188,0.172,0.36,182,81,-0.389,0.77,0.047,,-2.7,27,5,9.0,2,51,9,21,8,17,8,0,52,1,1,-0.11,-4.3
BOS/BOS201806220,"Friday, June 22, 2018",7:11 p.m. Local,Fenway Park,37342,3:34,Night,Home,Boston Red Sox,BOS,Seattle Mariners,SEA,39,10,14,10,10.0,3,10,42,0.359,0.405,0.615,1.02,175,97,0.558,1.2,0.98,,5.2,24,7,8.0,1,51,15,31,13,16,4,0,19,5,3,-1.057,-9.8,43,14,20,13,15.75,3,5,46,0.465,0.5,0.698,1.198,140,110,1.057,0.8,1.707,,9.7,27,8,9.0,3,78,7,25,10,28,13,0,0,0,0,-0.557,-5.2
BOS/BOS201806230,"Saturday, June 23, 2018",7:16 p.m. Local,Fenway Park,36051,3:01,Night,Away,Seattle Mariners,SEA,Boston Red Sox,BOS,42,7,14,6,6.0,3,6,46,0.333,0.391,0.429,0.82,117,109,0.245,0.53,0.625,,2.2,27,11,9.0,0,73,12,24,15,21,11,0,79,0,0,0.255,2.8,33,2,6,2,2.0,2,7,35,0.182,0.229,0.242,0.471,173,74,-0.254,0.57,0.12,,-2.8,27,7,9.0,0,44,9,22,14,12,9,0,30,0,0,-0.246,-2.2
BOS/BOS201806240,"Sunday, June 24, 2018",1:08 p.m. Local,Fenway Park,36274,2:29,Day,Home,Boston Red Sox,BOS,Seattle Mariners,SEA,30,0,4,0,0.0,1,13,31,0.133,0.161,0.2,0.361,128,83,-0.376,0.57,0.107,,-4.8,24,6,8.0,1,36,27,21,10,7,4,0,44,0,0,-0.123,-0.8,30,5,8,5,5.62,0,8,32,0.267,0.25,0.433,0.683,117,90,0.124,0.65,0.392,,0.7,27,8,9.0,0,55,13,22,8,16,4,0,81,0,0,0.376,4.8
BOS/BOS201806260,"Tuesday, June 26, 2018",7:12 p.m. Local,Fenway Park,37366,2:54,Night,Home,Boston Red Sox,BOS,Los Angeles Angels,LAA,32,1,5,1,1.0,2,10,34,0.156,0.206,0.25,0.456,133,89,-0.164,0.38,0.126,,-3.8,24,8,8.0,4,51,9,29,9,13,3,0,27,4,0,-0.335,-4.7,38,9,14,9,7.88,4,5,42,0.368,0.429,0.842,1.271,143,80,0.336,0.45,0.509,,4.7,27,6,9.0,1,50,10,20,10,23,10,0,63,0,0,0.166,3.8
BOS/BOS201806270,"Wednesday, June 27, 2018",7:12 p.m. Local,Fenway Park,37521,4:00,Night,Home,Boston Red Sox,BOS,Los Angeles Angels,LAA,40,6,11,6,5.0,4,11,44,0.275,0.341,0.475,0.816,170,111,0.075,0.59,0.931,,1.2,24,8,8.0,3,53,16,42,13,16,4,0,21,4,0,-0.575,-4.8,36,9,12,8,10.12,5,5,41,0.333,0.415,0.639,1.054,179,101,0.575,1.18,0.893,,4.7,27,9,9.0,2,60,15,26,10,21,10,0,40,4,0,-0.075,-1.2
BOS/BOS201806280,"Thursday, June 28, 2018",7:11 p.m. Local,Fenway Park,36992,3:06,Night,Home,Boston Red Sox,BOS,Los Angeles Angels,LAA,33,2,6,2,2.0,4,10,38,0.182,0.289,0.273,0.562,138,91,-0.411,0.96,0.526,,-2.8,24,11,8.0,2,49,14,28,10,13,5,0,54,1,1,-0.09,0.3,29,4,7,4,4.5,4,5,33,0.241,0.333,0.517,0.851,155,83,0.089,1.28,0.654,,-0.3,27,8,9.0,1,43,11,29,12,12,5,0,53,0,0,0.409,2.8
NYA/NYA201806290,"Friday, June 29, 2018",7:09 p.m. Local,Yankee Stadium III,47120,2:41,Night,Home,New York Yankees,NYY,Boston Red Sox,BOS,32,1,6,1,1.0,1,8,34,0.188,0.235,0.281,0.517,137,81,-0.284,0.44,0.216,,-3.6,24,8,8.0,4,42,13,26,9,15,7,0,38,0,0,-0.217,-3.9,32,8,11,8,9.0,2,2,35,0.344,0.371,0.813,1.184,125,83,0.216,0.66,0.452,,3.9,27,9,9.0,0,57,4,22,9,22,7,0,65,0,0,0.283,3.6
NYA/NYA201806300,"Saturday, June 30, 2018",7:15 p.m. Local,Yankee Stadium III,47125,3:17,Night,Away,Boston Red Sox,BOS,New York Yankees,NYY,42,11,17,11,11.0,3,9,46,0.405,0.435,0.619,1.054,134,121,0.367,0.32,0.5,,6.4,27,8,9.0,0,67,21,33,17,17,9,0,85,0,0,0.133,4.6,29,0,2,0,0.0,2,12,32,0.069,0.156,0.069,0.225,184,91,-0.133,0.28,0.071,,-4.6,27,9,9.0,2,40,21,30,10,7,2,0,17,2,0,-0.366,-6.4
NYA/NYA201807010,"Sunday, July 1, 2018",8:07 p.m. Local,Yankee Stadium III,46795,3:14,Night,Home,New York Yankees,NYY,Boston Red Sox,BOS,31,1,4,1,1.0,3,9,34,0.129,0.206,0.161,0.367,148,89,-0.129,0.16,0.034,,-3.6,24,11,8.0,6,54,16,19,14,8,5,0,13,0,0,-0.372,-6.9,38,11,16,11,12.38,3,3,42,0.421,0.452,0.947,1.4,135,97,0.372,0.22,0.432,,6.9,27,10,9.0,0,64,8,25,15,21,6,0,73,0,0,0.128,3.6
WAS/WAS201807020,"Monday, July 2, 2018",7:08 p.m. Local,Nationals Park,39002,3:15,Night,Away,Boston Red Sox,BOS,Washington Nationals,WSN,32,4,7,4,4.0,3,13,38,0.219,0.324,0.344,0.668,161,99,0.079,1.39,0.579,,-0.6,27,9,9.0,3,51,22,26,3,17,6,0,53,1,0,0.419,1.6,35,3,9,3,3.0,5,9,40,0.257,0.35,0.514,0.864,143,105,-0.42,0.83,0.683,,-1.6,27,3,9.0,1,57,14,34,12,14,6,0,58,0,0,-0.081,0.6
WAS/WAS201807030,"Tuesday, July 3, 2018",6:06 p.m. Local,Nationals Park,42531,2:55,Night,Away,Boston Red Sox,BOS,Washington Nationals,WSN,36,11,12,11,11.0,5,5,41,0.333,0.415,0.639,1.054,146,85,0.468,0.72,0.729,,6.4,27,10,9.0,2,57,10,18,15,16,10,0,40,2,0,0.031,0.6,38,4,12,4,4.0,2,7,40,0.316,0.35,0.5,0.85,137,99,-0.032,0.56,0.448,,-0.6,27,14,9.0,3,60,15,24,15,16,5,0,23,0,0,-0.469,-6.4
WAS/WAS201807040,"Wednesday, July 4, 2018",11:07 a.m. Local,Nationals Park,42528,3:23,Day,Away,Boston Red Sox,BOS,Washington Nationals,WSN,34,3,9,2,2.0,2,7,38,0.265,0.316,0.353,0.669,140,105,-0.074,1.12,0.625,,-1.6,27,5,9.0,0,64,14,27,15,13,7,0,71,0,0,0.575,4.6,33,0,6,0,0.0,1,11,34,0.182,0.206,0.182,0.388,160,93,-0.574,1.0,0.258,,-4.6,27,13,9.0,0,58,19,16,8,14,8,0,49,4,0,0.076,1.6
KCA/KCA201807060,"Friday, July 6, 2018",7:15 p.m. Local,Kauffman Stadium,24673,2:59,Night,Away,Boston Red Sox,BOS,Kansas City Royals,KCR,41,10,15,10,10.0,2,4,43,0.366,0.395,0.683,1.078,157,109,0.412,0.21,0.54,,5.4,27,8,9.0,1,66,9,34,13,24,12,0,69,0,0,0.088,-0.4,37,5,10,5,5.0,1,12,38,0.27,0.289,0.459,0.749,168,102,-0.089,0.31,0.085,,0.4,27,10,9.0,3,51,19,32,10,15,7,0,5,1,0,-0.412,-5.4
KCA/KCA201807070,"Saturday, July 7, 2018",6:15 p.m. Local,Kauffman Stadium,30347,4:03,Night,Away,Boston Red Sox,BOS,Kansas City Royals,KCR,40,15,16,15,15.0,13,8,54,0.4,0.537,0.6,1.137,166,112,0.559,1.11,1.264,,10.4,27,8,9.0,1,66,13,34,13,20,13,0,44,3,0,-0.058,0.6,34,4,6,4,4.0,2,13,40,0.176,0.275,0.324,0.599,215,110,0.059,1.02,0.733,,-0.6,27,9,9.0,1,66,21,23,9,13,5,0,33,4,3,-0.559,-10.4
KCA/KCA201807080,"Sunday, July 8, 2018",1:16 p.m. Local,Kauffman Stadium,28443,3:25,Day,Away,Boston Red Sox,BOS,Kansas City Royals,KCR,35,7,14,7,6.0,7,5,44,0.4,0.477,0.457,0.934,150,91,0.421,1.2,1.069,,2.4,27,5,9.0,0,61,8,22,19,13,7,0,55,1,0,0.081,0.6,39,4,12,4,4.0,1,13,40,0.308,0.325,0.41,0.735,168,107,-0.08,1.08,0.823,,-0.6,27,16,9.0,0,66,17,24,8,18,10,0,30,5,2,-0.419,-2.4
BOS/BOS201807090,"Monday, July 9, 2018",7:11 p.m. Local,Fenway Park,36754,2:52,Night,Home,Boston Red Sox,BOS,Texas Rangers,TEX,33,0,5,0,0.0,3,9,36,0.152,0.222,0.212,0.434,139,101,-0.499,0.52,0.36,,-4.8,24,7,8.0,2,54,17,30,12,12,7,0,52,1,0,0.0,-0.7,33,5,9,5,5.62,0,6,33,0.273,0.273,0.515,0.788,153,92,-0.0,1.1,0.362,,0.7,27,8,9.0,0,58,16,18,11,16,7,0,65,2,0,0.499,4.8
BOS/BOS201807100,"Tuesday, July 10, 2018",7:11 p.m. Local,Fenway Park,36883,2:56,Night,Home,Boston Red Sox,BOS,Texas Rangers,TEX,33,4,7,3,4.0,4,7,38,0.212,0.316,0.394,0.71,149,90,-0.095,0.59,0.518,,-0.8,24,14,8.0,0,47,17,26,13,13,5,0,29,2,0,-0.403,-3.7,32,8,12,8,9.0,5,3,38,0.375,0.447,0.625,1.072,148,83,0.403,0.82,0.719,,3.8,27,14,9.0,1,51,5,27,16,14,7,0,51,2,2,0.097,0.8
BOS/BOS201807110,"Wednesday, July 11, 2018",7:11 p.m. Local,Fenway Park,36920,2:58,Night,Home,Boston Red Sox,BOS,Texas Rangers,TEX,35,2,9,2,2.0,3,18,38,0.257,0.316,0.343,0.659,118,110,-0.414,0.78,0.47,,-2.8,24,14,8.0,0,49,28,33,10,7,4,0,41,0,0,-0.087,0.2,33,4,11,3,3.38,2,6,35,0.333,0.371,0.424,0.796,158,72,0.087,1.12,0.534,,-0.3,27,5,9.0,0,39,6,27,14,13,6,0,76,3,1,0.413,2.8
BOS/BOS201807120,"Thursday, July 12, 2018",7:11 p.m. Local,Fenway Park,37182,3:19,Night,Home,Boston Red Sox,BOS,Toronto Blue Jays,TOR,37,4,11,4,4.0,0,10,37,0.297,0.297,0.514,0.811,163,107,-0.162,1.0,0.613,,-0.8,24,12,8.0,1,61,19,27,9,18,11,0,46,0,0,-0.338,-1.7,32,6,8,6,1.12,1,10,34,0.25,0.294,0.406,0.7,153,107,0.336,1.05,0.756,,1.8,27,9,9.0,2,68,17,22,11,11,8,0,58,0,0,0.162,0.8
BOS/BOS201807130,"Friday, July 13, 2018",7:10 p.m. Local,Fenway Park,37018,3:43,Night,Away,Toronto Blue Jays,TOR,Boston Red Sox,BOS,40,13,14,13,13.0,7,10,50,0.35,0.46,0.65,1.11,165,120,0.677,1.24,1.222,,8.2,27,16,9.0,0,65,21,34,14,17,8,0,22,3,0,-0.175,-2.2,40,7,12,6,4.0,5,10,45,0.3,0.378,0.475,0.853,202,103,0.177,0.92,1.171,,2.2,27,10,9.0,3,61,11,31,19,11,6,0,8,2,2,-0.678,-8.2
BOS/BOS201807140,"Saturday, July 14, 2018",1:07 p.m. Local,Fenway Park,36390,3:32,Day,Home,Boston Red Sox,BOS,Toronto Blue Jays,TOR,36,2,7,2,1.8,5,12,41,0.194,0.293,0.222,0.515,160,103,-0.294,1.88,0.672,,-3.3,28,9,9.1,2,56,19,28,13,11,5,0,49,0,0,-0.206,-1.0,37,6,11,6,4.82,3,9,40,0.297,0.35,0.514,0.864,166,97,0.206,1.41,1.548,,1.0,30,10,10.0,0,50,19,28,14,14,4,0,65,3,1,0.294,3.3
BOS/BOS201807150,"Sunday, July 15, 2018",1:07 p.m. Local,Fenway Park,36940,3:12,Day,Home,Boston Red Sox,BOS,Toronto Blue Jays,TOR,34,2,8,2,2.0,4,11,38,0.235,0.316,0.353,0.669,171,105,-0.275,0.68,0.518,,-2.8,24,12,8.0,1,47,26,32,7,16,8,0,46,4,0,-0.225,-0.7,27,5,6,5,4.5,6,5,34,0.222,0.382,0.407,0.79,154,90,0.225,1.03,0.568,,0.7,27,4,9.0,1,61,12,22,10,12,4,0,53,1,0,0.277,2.8
DET/DET201807200,"Friday, July 20, 2018",7:11 p.m. Local,Comerica Park,33817,3:31,Night,Away,Boston Red Sox,BOS,Detroit Tigers,DET,33,1,6,1,1.0,4,10,37,0.182,0.27,0.212,0.482,149,107,-0.364,2.11,0.468,,-3.7,27,7,9.0,0,64,16,27,14,9,4,0,69,1,0,0.865,4.7,33,0,5,0,0.0,2,11,36,0.152,0.222,0.152,0.374,168,103,-0.864,1.09,0.712,,-4.7,27,9,9.0,0,56,24,23,8,14,7,0,61,10,0,0.365,3.7
DET/DET201807210,"Saturday, July 21, 2018",6:10 p.m. Local,Comerica Park,31682,2:27,Night,Home,Detroit Tigers,DET,Boston Red Sox,BOS,34,0,8,0,0.0,3,8,37,0.235,0.297,0.235,0.533,123,83,-0.379,0.61,0.248,,-4.7,24,8,8.0,1,42,15,26,15,11,4,0,58,0,0,-0.121,-0.8,31,5,7,5,3.38,1,9,33,0.226,0.242,0.355,0.597,127,82,0.12,0.81,0.471,,0.8,27,9,9.0,0,50,15,17,11,12,5,0,62,2,0,0.38,4.7
DET/DET201807220,"Sunday, July 22, 2018",2:45 p.m. Local,Comerica Park,25012,2:55,Day,Away,Boston Red Sox,BOS,Detroit Tigers,DET,35,9,9,9,9.0,1,8,37,0.257,0.27,0.457,0.727,154,98,0.279,0.32,0.41,,4.3,27,7,9.0,1,55,15,28,12,16,4,0,77,0,0,0.221,3.7,32,1,5,1,1.0,2,10,35,0.156,0.229,0.281,0.51,152,107,-0.221,0.43,0.047,,-3.7,27,7,9.0,1,64,18,25,8,14,5,0,36,4,3,-0.279,-4.3
BAL/BAL201807230,"Monday, July 23, 2018",7:08 p.m. Local,Oriole Park at Camden Yards,16885,2:54,Night,Away,Boston Red Sox,BOS,Baltimore Orioles,BAL,30,5,7,5,5.0,6,3,37,0.233,0.361,0.4,0.761,141,86,0.174,0.85,0.491,,0.5,27,8,9.0,1,60,9,19,17,11,4,0,65,0,0,0.326,1.5,35,3,11,3,3.0,1,9,36,0.314,0.333,0.486,0.819,155,89,-0.327,0.63,0.345,,-1.5,27,16,9.0,1,54,19,17,9,17,8,0,37,3,1,-0.173,-0.5
BAL/BAL201807240,"Tuesday, July 24, 2018",7:08 p.m. Local,Oriole Park at Camden Yards,13342,3:07,Night,Home,Baltimore Orioles,BAL,Boston Red Sox,BOS,35,6,9,6,5.0,2,10,37,0.257,0.297,0.6,0.897,153,101,-0.03,0.91,0.784,,1.5,24,10,8.0,2,62,15,24,9,16,5,0,38,3,1,-0.469,-3.0,31,7,9,7,7.88,5,5,37,0.29,0.378,0.484,0.862,160,94,0.47,1.04,0.89,,3.0,27,7,9.0,4,62,10,23,11,16,8,0,52,1,1,0.03,-1.5
BOS/BOS201807260,"Thursday, July 26, 2018",7:11 p.m. Local,Fenway Park,37439,2:59,Night,Away,Minnesota Twins,MIN,Boston Red Sox,BOS,32,2,8,1,2.0,4,9,36,0.25,0.333,0.281,0.615,145,90,-0.135,1.93,0.745,,-2.8,27,11,9.0,0,51,16,23,9,14,8,0,75,0,0,0.635,3.8,31,1,5,1,1.0,4,8,36,0.161,0.278,0.194,0.471,140,80,-0.635,1.38,0.452,,-3.8,27,11,9.0,0,42,18,20,12,11,7,0,63,3,0,0.134,2.8
BOS/BOS201807270,"Friday, July 27, 2018",7:11 p.m. Local,Fenway Park,37273,3:26,Night,Home,Boston Red Sox,BOS,Minnesota Twins,MIN,36,3,6,3,2.7,5,12,42,0.167,0.286,0.222,0.508,154,112,0.024,1.0,1.312,,-2.3,27,9,9.0,3,57,17,38,15,9,4,0,54,0,0,-0.524,0.8,35,4,8,4,4.0,1,9,37,0.229,0.27,0.514,0.785,169,99,0.523,1.66,1.157,,-0.8,30,10,10.0,0,56,18,25,10,16,11,0,74,0,0,-0.022,2.3
BOS/BOS201807280,"Saturday, July 28, 2018",7:10 p.m. Local,Fenway Park,36798,3:28,Night,Home,Boston Red Sox,BOS,Minnesota Twins,MIN,35,4,7,4,4.0,1,9,36,0.2,0.222,0.343,0.565,177,97,-0.076,0.92,0.593,,-0.8,24,5,8.0,1,50,11,36,15,11,7,0,33,3,1,-0.423,-5.7,38,10,14,10,11.25,6,12,44,0.368,0.455,0.684,1.139,146,111,0.421,0.98,1.012,,5.7,27,10,9.0,1,64,18,29,9,17,7,0,47,1,0,0.076,0.8
BOS/BOS201807290,"Sunday, July 29, 2018",1:07 p.m. Local,Fenway Park,36785,2:42,Day,Home,Boston Red Sox,BOS,Minnesota Twins,MIN,29,0,4,0,0.0,1,8,31,0.138,0.194,0.172,0.366,146,79,-0.443,0.89,0.179,,-4.8,24,6,8.0,0,42,12,25,10,11,3,0,37,1,0,-0.057,1.3,35,3,10,3,3.38,3,10,39,0.286,0.359,0.371,0.73,110,88,0.056,0.82,0.608,,-1.3,27,8,9.0,0,45,15,28,10,15,8,0,74,0,0,0.444,4.8
BOS/BOS201807300,"Monday, July 30, 2018",7:12 p.m. Local,Fenway Park,37722,4:03,Night,Home,Boston Red Sox,BOS,Philadelphia Phillies,PHI,47,1,10,1,0.69,5,10,52,0.213,0.288,0.298,0.586,165,117,-1.148,1.68,0.651,,-5.9,37,17,12.1,0,69,22,27,19,18,9,0,75,2,1,0.648,4.2,43,2,7,2,1.46,2,8,45,0.163,0.2,0.279,0.479,185,109,-0.648,1.66,1.071,,-4.2,39,17,13.0,0,57,18,34,19,16,9,0,66,0,0,1.15,5.9
BOS/BOS201807310,"Tuesday, July 31, 2018",7:12 p.m. Local,Fenway Park,37816,3:13,Night,Away,Philadelphia Phillies,PHI,Boston Red Sox,BOS,34,3,10,3,3.0,6,8,43,0.294,0.419,0.382,0.801,122,94,-0.104,1.71,0.597,,-1.8,27,9,9.0,0,51,15,28,12,15,6,0,68,0,0,0.606,3.8,32,1,6,1,1.0,1,9,35,0.188,0.257,0.281,0.538,168,82,-0.606,1.0,0.661,,-3.8,27,9,9.0,0,45,12,27,7,16,10,0,50,0,0,0.107,1.8
BOS/BOS201808020,"Thursday, August 2, 2018",7:10 p.m. Local,Fenway Park,37317,3:25,Night,Home,Boston Red Sox,BOS,New York Yankees,NYY,35,7,8,7,6.0,3,13,39,0.229,0.282,0.657,0.939,175,106,0.181,0.79,0.421,,2.2,24,8,8.0,3,56,19,31,6,17,10,0,43,6,2,-0.68,-10.7,44,15,19,15,16.88,6,4,50,0.432,0.5,0.795,1.295,160,109,0.679,0.4,1.169,,10.7,27,5,9.0,4,73,8,28,12,28,13,0,46,0,0,-0.179,-2.2
BOS/BOS201808030,"Friday, August 3, 2018",7:10 p.m. Local,Fenway Park,37231,2:15,Night,Home,Boston Red Sox,BOS,New York Yankees,NYY,27,1,1,1,1.0,0,9,28,0.037,0.071,0.148,0.22,140,68,-0.366,0.47,0.117,,-3.8,24,12,8.0,1,35,8,25,8,10,4,0,38,1,0,-0.134,0.3,30,4,7,4,4.5,4,3,34,0.233,0.324,0.433,0.757,86,88,0.133,0.68,0.405,,-0.3,27,7,9.0,1,57,8,23,13,14,7,0,90,,,0.366,3.8
BOS/BOS201808040,"Saturday, August 4, 2018",4:06 p.m. Local,Fenway Park,36699,2:33,Day,Home,Boston Red Sox,BOS,New York Yankees,NYY,30,1,5,1,1.0,3,6,33,0.167,0.242,0.267,0.509,136,83,-0.402,0.39,0.261,,-3.8,24,7,8.0,2,47,14,22,5,19,9,0,50,0,0,-0.099,0.3,29,4,6,4,4.5,2,8,31,0.207,0.258,0.448,0.706,125,92,0.098,0.87,0.32,,-0.3,27,6,9.0,0,56,14,22,7,14,9,0,79,0,0,0.401,3.8
BOS/BOS201808050,"Sunday, August 5, 2018",8:10 p.m. Local,Fenway Park,37830,4:39,Night,Home,Boston Red Sox,BOS,New York Yankees,NYY,35,4,6,3,1.8,6,8,44,0.171,0.302,0.171,0.474,215,109,0.016,1.58,0.812,,-1.3,29,7,9.2,1,68,24,17,15,14,5,0,56,1,0,-0.519,-0.1,40,5,10,4,3.72,6,17,47,0.25,0.362,0.35,0.712,183,121,0.518,1.18,1.613,,0.1,30,11,10.0,0,58,20,43,15,8,5,0,58,4,3,-0.017,1.3
TOR/TOR201808070,"Tuesday, August 7, 2018",7:08 p.m. Local,Rogers Centre,31855,3:27,Night,Away,Boston Red Sox,BOS,Toronto Blue Jays,TOR,38,10,9,10,8.1,5,8,43,0.237,0.326,0.579,0.905,177,93,0.804,1.2,1.715,,5.0,30,8,10.0,3,50,13,30,21,9,3,0,44,2,0,-0.304,-2.0,40,7,13,7,5.4,6,7,47,0.325,0.404,0.6,1.004,150,107,0.304,1.48,1.362,,2.0,30,15,10.0,3,57,20,30,9,25,11,0,72,0,0,-0.804,-5.0
TOR/TOR201808080,"Wednesday, August 8, 2018",7:07 p.m. Local,Rogers Centre,36798,3:02,Night,Away,Boston Red Sox,BOS,Toronto Blue Jays,TOR,34,10,12,9,10.0,8,6,45,0.353,0.467,0.618,1.084,131,103,0.338,0.48,0.602,,5.5,27,9,9.0,2,61,20,22,11,19,10,0,49,0,0,0.163,-0.5,36,5,9,5,5.0,2,9,38,0.25,0.289,0.444,0.734,171,92,-0.163,0.54,0.218,,0.5,27,9,9.0,1,46,16,30,12,15,7,0,32,5,1,-0.337,-5.5
TOR/TOR201808090,"Thursday, August 9, 2018",7:07 p.m. Local,Rogers Centre,28415,2:49,Night,Home,Toronto Blue Jays,TOR,Boston Red Sox,BOS,35,5,10,5,5.0,4,5,39,0.286,0.359,0.543,0.902,138,94,0.063,0.76,0.703,,0.5,24,10,8.0,2,55,2,38,13,17,4,0,24,0,0,-0.562,-4.0,34,8,12,8,9.0,3,9,37,0.353,0.405,0.588,0.994,160,92,0.563,0.92,0.92,,4.0,27,9,9.0,2,58,10,24,10,15,8,0,32,0,0,-0.061,-0.5
BAL/BAL201808100,"Friday, August 10, 2018",7:08 p.m. Local,Oriole Park at Camden Yards,23649,4:01,Night,Away,Boston Red Sox,BOS,Baltimore Orioles,BAL,41,19,16,18,18.0,10,6,53,0.39,0.509,0.78,1.29,180,108,1.142,0.9,1.651,,14.5,27,9,9.0,3,57,18,33,15,21,9,0,12,1,0,-0.641,-7.5,41,12,17,11,8.0,4,10,47,0.415,0.457,0.707,1.164,185,117,0.641,1.04,1.206,,7.5,27,12,9.0,3,68,20,30,15,18,11,0,20,7,6,-1.142,-14.5
BAL/BAL201808111,"Saturday, August 11, 2018",1:07 p.m. Local,Oriole Park at Camden Yards,18003,2:48,Day,Away,Boston Red Sox,BOS,Baltimore Orioles,BAL,35,5,9,4,5.0,3,5,38,0.257,0.316,0.543,0.859,132,82,0.125,0.77,0.511,,0.5,27,3,9.0,0,51,9,22,10,20,10,0,72,0,0,0.374,4.5,32,0,5,0,0.0,0,14,32,0.156,0.156,0.188,0.344,135,93,-0.376,0.55,0.156,,-4.5,27,10,9.0,3,42,27,24,4,14,4,0,44,1,0,-0.126,-0.5
BAL/BAL201808112,"Saturday, August 11, 2018",7:25 p.m. Local,Oriole Park at Camden Yards,24051,3:39,Night,Away,Boston Red Sox,BOS,Baltimore Orioles,BAL,30,6,7,5,6.0,6,7,38,0.233,0.368,0.533,0.902,174,97,0.355,1.33,1.094,,1.5,27,14,9.0,2,55,9,33,7,17,9,0,45,1,1,0.147,0.5,32,4,7,4,4.0,8,4,41,0.219,0.39,0.438,0.828,167,91,-0.147,1.06,0.889,,-0.5,27,11,9.0,2,53,12,28,14,14,6,0,56,0,0,-0.353,-1.5
BAL/BAL201808120,"Sunday, August 12, 2018",1:07 p.m. Local,Oriole Park at Camden Yards,25303,3:04,Day,Away,Boston Red Sox,BOS,Baltimore Orioles,BAL,35,4,9,3,3.0,2,9,38,0.257,0.297,0.429,0.726,162,98,0.01,1.71,0.554,,-0.5,27,4,9.0,0,52,19,27,13,14,7,0,77,3,0,0.489,3.5,31,1,5,1,1.0,5,18,37,0.161,0.27,0.161,0.432,146,99,-0.489,0.73,0.533,,-3.5,27,11,9.0,1,39,23,37,6,8,5,0,64,1,0,-0.011,0.5
PHI/PHI201808140,"Tuesday, August 14, 2018",7:08 p.m. Local,Citizens Bank Park,33081,2:40,Night,Away,Boston Red Sox,BOS,Philadelphia Phillies,PHI,32,2,6,2,2.0,2,8,34,0.188,0.235,0.438,0.673,126,89,-0.133,1.55,0.588,,-2.4,27,8,9.0,1,51,16,22,8,16,8,0,79,0,0,0.633,3.4,29,1,2,1,1.0,1,13,30,0.069,0.1,0.172,0.272,129,83,-0.632,0.96,0.352,,-3.4,27,7,9.0,2,38,17,28,8,8,1,0,67,0,0,0.133,2.4
PHI/PHI201808150,"Wednesday, August 15, 2018",7:11 p.m. Local,Citizens Bank Park,35266,3:27,Night,Home,Philadelphia Phillies,PHI,Boston Red Sox,BOS,35,4,10,4,3.0,4,6,40,0.286,0.375,0.314,0.689,146,93,-0.129,1.06,0.788,,-0.4,24,5,8.0,0,52,14,29,20,9,4,0,50,0,0,-0.371,-3.1,36,7,12,7,5.62,2,8,39,0.333,0.359,0.444,0.803,159,102,0.372,1.25,0.939,,3.1,27,14,9.0,0,65,16,21,8,21,13,0,35,8,0,0.13,0.4
BOS/BOS201808170,"Friday, August 17, 2018",7:20 p.m. Local,Fenway Park,37012,2:47,Night,Home,Boston Red Sox,BOS,Tampa Bay Rays,TBR,32,3,7,3,3.0,2,7,35,0.219,0.286,0.313,0.598,131,83,-0.185,0.89,0.515,,-1.8,24,9,8.0,0,46,15,22,14,11,3,0,40,0,0,-0.315,-2.7,35,7,11,6,7.88,2,2,37,0.314,0.351,0.514,0.866,142,78,0.315,0.94,0.803,,2.8,27,13,9.0,0,54,8,16,13,20,8,0,47,1,0,0.186,1.8
BOS/BOS201808180,"Saturday, August 18, 2018",7:11 p.m. Local,Fenway Park,36654,2:28,Night,Home,Boston Red Sox,BOS,Tampa Bay Rays,TBR,32,2,5,2,2.0,2,10,35,0.156,0.229,0.281,0.51,110,85,-0.264,0.49,0.288,,-2.8,24,9,8.0,1,55,10,20,11,11,4,0,51,0,0,-0.236,-0.7,27,5,4,4,4.5,3,5,30,0.148,0.233,0.333,0.567,123,61,0.236,0.74,0.393,,0.7,27,8,9.0,1,36,7,18,11,11,4,0,65,0,0,0.264,2.8
BOS/BOS201808190,"Sunday, August 19, 2018",1:06 p.m. Local,Fenway Park,37242,2:47,Day,Away,Tampa Bay Rays,TBR,Boston Red Sox,BOS,30,2,4,2,2.0,5,7,36,0.133,0.278,0.333,0.611,138,85,-0.252,1.33,0.355,,-2.8,27,9,9.0,0,46,15,24,13,10,7,0,53,1,0,0.753,4.8,28,0,2,0,0.0,2,10,30,0.071,0.133,0.107,0.24,139,86,-0.752,0.77,0.236,,-4.8,27,11,9.0,2,43,17,26,10,8,5,0,51,0,0,0.254,2.8
BOS/BOS201808200,"Monday, August 20, 2018",7:10 p.m. Local,Fenway Park,37274,3:01,Night,Away,Cleveland Indians,CLE,Boston Red Sox,BOS,34,5,7,5,5.0,1,8,35,0.206,0.229,0.471,0.699,166,91,0.25,1.4,0.832,,0.2,27,8,9.0,0,56,7,28,10,16,7,0,48,1,0,0.25,0.8,39,4,13,4,4.0,3,8,42,0.333,0.381,0.436,0.817,132,100,-0.25,0.93,0.805,,-0.8,27,7,9.0,3,61,18,21,12,19,12,0,50,0,0,-0.251,-0.2
BOS/BOS201808210,"Tuesday, August 21, 2018",7:12 p.m. Local,Fenway Park,37188,2:57,Night,Away,Cleveland Indians,CLE,Boston Red Sox,BOS,37,6,13,6,6.0,3,5,42,0.351,0.405,0.595,0.999,118,113,0.17,0.85,0.735,,1.2,27,11,9.0,0,65,11,37,16,17,7,0,56,1,1,0.33,1.8,31,3,5,3,3.0,0,9,32,0.161,0.156,0.258,0.414,161,80,-0.329,0.75,0.255,,-1.8,27,11,9.0,2,38,15,27,13,10,4,0,33,2,1,-0.171,-1.2
BOS/BOS201808220,"Wednesday, August 22, 2018",7:10 p.m. Local,Fenway Park,37107,3:24,Night,Home,Boston Red Sox,BOS,Cleveland Indians,CLE,34,4,8,4,4.0,2,6,37,0.235,0.297,0.471,0.768,175,99,-0.038,0.77,0.485,,-0.8,24,8,8.0,3,62,8,29,11,17,10,0,28,4,1,-0.464,-5.7,38,10,14,10,10.12,3,10,41,0.368,0.415,0.658,1.073,156,117,0.463,0.69,0.898,,5.7,27,9,9.0,2,66,22,29,13,15,10,0,43,1,1,0.037,0.8
BOS/BOS201808230,"Thursday, August 23, 2018",1:05 p.m. Local,Fenway Park,37396,2:47,Day,Home,Boston Red Sox,BOS,Cleveland Indians,CLE,29,0,5,0,0.0,0,7,30,0.172,0.2,0.172,0.372,156,84,-0.31,0.79,0.046,,-4.8,24,6,8.0,0,49,10,25,11,11,4,0,32,5,3,-0.188,-2.7,35,7,12,7,7.88,6,7,41,0.343,0.439,0.457,0.896,124,102,0.19,0.5,0.651,,2.7,27,9,9.0,0,61,14,27,10,18,8,0,83,0,0,0.311,4.8
TBA/TBA201808240,"Friday, August 24, 2018",7:10 p.m. Local,Tropicana Field,19723,3:10,Night,Home,Tampa Bay Rays,TBR,Boston Red Sox,BOS,38,3,13,3,3.0,3,11,41,0.342,0.39,0.342,0.732,162,110,-0.002,0.54,0.336,,-1.5,24,8,8.0,1,60,25,25,12,15,9,0,22,1,0,-0.498,-6.0,35,10,11,9,5.62,4,7,39,0.314,0.385,0.457,0.842,169,100,0.499,0.52,0.698,,6.0,27,7,9.0,0,70,14,16,14,14,3,0,55,2,0,0.002,1.5
TBA/TBA201808250,"Saturday, August 25, 2018",6:10 p.m. Local,Tropicana Field,25695,2:53,Night,Home,Tampa Bay Rays,TBR,Boston Red Sox,BOS,30,1,5,0,1.0,1,6,31,0.167,0.194,0.233,0.427,153,75,-0.352,1.2,0.304,,-3.5,24,6,8.0,1,47,5,23,7,17,7,0,49,2,2,-0.148,-1.0,30,5,9,4,5.62,5,10,40,0.3,0.421,0.533,0.954,121,96,0.147,0.95,0.881,,1.0,27,7,9.0,0,51,13,32,9,14,8,0,54,1,0,0.352,3.5
TBA/TBA201808260,"Sunday, August 26, 2018",1:10 p.m. Local,Tropicana Field,23448,3:05,Day,Home,Tampa Bay Rays,TBR,Boston Red Sox,BOS,28,1,3,1,1.0,2,9,31,0.107,0.161,0.143,0.304,182,75,-0.199,0.39,0.112,,-3.5,24,7,8.0,0,32,18,25,8,12,2,0,29,0,0,-0.302,-5.0,34,9,12,9,9.0,4,12,40,0.353,0.4,0.5,0.9,118,115,0.301,0.43,0.477,,5.0,27,7,9.0,0,56,32,27,15,9,4,0,70,0,0,0.198,3.5
BOS/BOS201808280,"Tuesday, August 28, 2018",7:12 p.m. Local,Fenway Park,36708,3:29,Night,Home,Boston Red Sox,BOS,Miami Marlins,MIA,39,7,13,7,7.0,5,6,44,0.333,0.409,0.641,1.05,159,101,0.654,1.51,1.816,,2.2,26,10,8.2,1,55,13,33,10,23,9,0,43,2,0,-1.156,-3.5,35,8,12,6,7.27,6,3,42,0.343,0.429,0.486,0.914,171,92,1.155,1.83,1.818,,3.5,27,8,9.0,3,55,13,24,14,19,12,0,51,2,1,-0.655,-2.2
BOS/BOS201808290,"Wednesday, August 29, 2018",6:36 p.m. Local,Fenway Park,36628,3:10,Night,Home,Boston Red Sox,BOS,Miami Marlins,MIA,34,6,9,6,6.0,2,7,38,0.265,0.342,0.471,0.813,154,91,0.233,0.97,0.676,,1.2,24,8,8.0,2,49,14,28,10,17,8,0,55,7,5,-0.735,-9.7,37,14,16,13,15.75,3,6,41,0.432,0.475,0.757,1.232,137,97,0.736,0.77,1.224,,9.7,27,12,9.0,2,59,14,24,13,19,12,0,40,2,1,-0.234,-1.2
CHA/CHA201808300,"Thursday, August 30, 2018",7:10 p.m. Local,Guaranteed Rate Field,18015,3:37,Night,Away,Boston Red Sox,BOS,Chicago White Sox,CHW,35,9,9,9,9.0,5,11,42,0.257,0.357,0.429,0.786,149,123,0.513,0.68,1.156,,4.5,27,10,9.0,1,68,17,38,10,15,6,0,39,1,0,-0.014,0.5,34,4,10,4,4.0,3,12,38,0.294,0.342,0.412,0.754,196,103,0.015,1.01,0.492,,-0.5,27,8,9.0,2,52,24,27,11,12,5,0,71,2,1,-0.514,-4.5
CHA/CHA201808310,"Friday, August 31, 2018",7:10 p.m. Local,Guaranteed Rate Field,23625,2:53,Night,Home,Chicago White Sox,CHW,Boston Red Sox,BOS,30,1,5,1,1.0,2,6,34,0.167,0.265,0.3,0.565,154,75,-0.331,0.45,0.293,,-3.5,24,7,8.0,2,43,4,28,7,17,6,0,38,0,0,-0.17,-2.0,36,6,14,6,6.75,2,10,40,0.389,0.45,0.667,1.117,123,100,0.169,0.84,0.453,,2.0,27,8,9.0,1,65,16,19,8,18,10,0,57,1,0,0.331,3.5
CHA/CHA201809010,"Saturday, September 1, 2018",6:10 p.m. Local,Guaranteed Rate Field,22639,2:56,Night,Away,Boston Red Sox,BOS,Chicago White Sox,CHW,36,6,9,5,5.0,2,5,39,0.25,0.308,0.583,0.891,138,89,0.213,0.95,0.691,,1.5,27,4,9.0,0,55,10,24,14,17,6,0,70,1,0,0.288,3.5,31,1,5,1,1.0,1,18,32,0.161,0.188,0.194,0.381,141,92,-0.287,0.76,0.368,,-3.5,27,7,9.0,3,43,24,25,5,8,3,0,45,2,1,-0.213,-1.5
CHA/CHA201809020,"Sunday, September 2, 2018",1:42 p.m. Local,Guaranteed Rate Field,30745,3:12,Day,Home,Chicago White Sox,CHW,Boston Red Sox,BOS,31,0,5,0,0.0,3,12,35,0.161,0.257,0.161,0.418,180,87,-0.192,0.35,0.099,,-4.5,24,5,8.0,2,49,17,21,8,11,5,0,25,3,0,-0.308,-4.0,39,8,15,8,9.0,4,12,45,0.385,0.467,0.615,1.082,137,107,0.308,0.4,0.498,,4.0,27,6,9.0,0,56,27,24,11,16,8,0,68,0,0,0.192,4.5
ATL/ATL201809030,"Monday, September 3, 2018",1:08 p.m. Local,SunTrust Park,40394,3:40,Day,Away,Boston Red Sox,BOS,Atlanta Braves,ATL,36,8,10,8,6.0,6,8,43,0.278,0.372,0.417,0.789,199,89,0.245,1.48,0.723,,3.6,27,13,9.0,1,44,15,30,14,15,12,0,56,4,0,0.253,2.4,34,2,8,2,2.0,6,7,42,0.235,0.357,0.324,0.681,138,124,-0.254,0.74,0.722,,-2.4,27,12,9.0,0,75,22,27,15,13,8,0,48,2,0,-0.246,-3.6
ATL/ATL201809040,"Tuesday, September 4, 2018",7:35 p.m. Local,SunTrust Park,35333,3:03,Night,Away,Boston Red Sox,BOS,Atlanta Braves,ATL,35,5,8,5,5.0,9,7,44,0.229,0.386,0.286,0.672,157,80,0.248,0.74,0.966,,0.6,27,7,9.0,1,41,15,24,11,17,6,0,63,0,0,0.251,3.4,31,1,4,1,1.0,3,11,36,0.129,0.25,0.258,0.508,162,106,-0.25,1.23,0.297,,-3.4,27,7,9.0,0,61,24,21,9,11,4,0,40,3,2,-0.249,-0.6
ATL/ATL201809050,"Wednesday, September 5, 2018",12:11 p.m. Local,SunTrust Park,28386,3:44,Day,Away,Boston Red Sox,BOS,Atlanta Braves,ATL,37,9,11,9,8.0,4,8,42,0.297,0.357,0.405,0.763,167,105,0.823,0.92,1.623,,4.6,27,10,9.0,2,64,11,30,11,19,11,0,43,1,1,-0.324,-3.6,35,8,10,8,8.0,8,10,44,0.286,0.432,0.6,1.032,165,101,0.325,1.36,0.971,,3.6,27,9,9.0,1,53,20,28,10,15,9,0,67,6,4,-0.822,-4.6
BOS/BOS201809070,"Friday, September 7, 2018",7:10 p.m. Local,Fenway Park,36930,3:38,Night,Away,Houston Astros,HOU,Boston Red Sox,BOS,35,6,10,5,6.0,2,12,38,0.286,0.316,0.371,0.687,148,91,0.488,1.29,1.167,,1.2,27,6,9.0,1,45,14,32,10,14,6,0,60,1,1,0.014,1.8,34,3,8,3,3.0,4,11,39,0.235,0.308,0.324,0.631,152,98,-0.012,1.21,0.771,,-1.8,27,3,9.0,0,50,22,26,11,13,8,0,69,2,2,-0.487,-1.2
BOS/BOS201809080,"Saturday, September 8, 2018",4:06 p.m. Local,Fenway Park,36684,3:25,Day,Away,Houston Astros,HOU,Boston Red Sox,BOS,35,5,11,5,5.0,5,8,43,0.314,0.395,0.571,0.967,155,96,0.194,1.25,0.607,,0.2,27,8,9.0,1,55,16,25,10,19,11,0,46,1,0,0.306,1.8,36,3,10,3,3.0,3,8,39,0.278,0.333,0.417,0.75,148,104,-0.305,0.65,0.63,,-1.8,27,8,9.0,2,59,11,34,11,17,8,0,29,1,1,-0.195,-0.2
BOS/BOS201809090,"Sunday, September 9, 2018",8:09 p.m. Local,Fenway Park,32787,3:35,Night,Home,Boston Red Sox,BOS,Houston Astros,HOU,36,5,11,5,5.0,3,9,39,0.306,0.359,0.583,0.942,151,98,-0.196,1.52,1.031,,0.2,26,15,8.2,1,61,14,24,12,15,5,0,34,3,0,-0.304,-1.7,37,6,14,6,6.23,3,5,41,0.378,0.415,0.514,0.928,152,92,0.302,1.5,1.279,,1.7,27,9,9.0,2,55,9,28,19,14,7,0,44,5,3,0.198,-0.2
BOS/BOS201809110,"Tuesday, September 11, 2018",7:12 p.m. Local,Fenway Park,34747,3:08,Night,Home,Boston Red Sox,BOS,Toronto Blue Jays,TOR,31,2,5,1,2.0,3,11,35,0.161,0.257,0.226,0.483,131,104,-0.176,0.94,0.5,,-2.8,24,9,8.0,1,60,20,24,6,14,3,0,62,3,2,-0.325,-2.7,30,7,7,6,7.88,4,6,34,0.233,0.324,0.433,0.757,178,77,0.326,0.99,0.937,,2.7,27,4,9.0,0,43,12,22,9,15,6,0,53,2,0,0.175,2.8
BOS/BOS201809120,"Wednesday, September 12, 2018",7:10 p.m. Local,Fenway Park,35178,2:41,Night,Home,Boston Red Sox,BOS,Toronto Blue Jays,TOR,31,0,4,0,0.0,2,10,33,0.129,0.182,0.161,0.343,116,82,-0.759,1.14,0.37,,-4.8,24,7,8.0,0,45,16,21,6,15,9,0,70,0,0,0.26,3.3,26,1,4,0,1.12,5,6,31,0.154,0.29,0.192,0.483,127,70,-0.26,1.58,0.429,,-3.3,27,6,9.0,0,39,14,17,8,12,5,0,78,0,0,0.76,4.8
BOS/BOS201809130,"Thursday, September 13, 2018",7:10 p.m. Local,Fenway Park,36427,2:50,Night,Home,Boston Red Sox,BOS,Toronto Blue Jays,TOR,34,3,7,3,3.0,1,9,37,0.206,0.27,0.324,0.594,131,80,-0.258,0.98,0.726,,-1.8,24,10,8.0,2,41,17,22,9,16,5,0,40,2,0,-0.241,0.3,33,4,9,3,3.38,1,7,35,0.273,0.286,0.545,0.831,121,80,0.242,1.59,0.773,,-0.2,27,6,9.0,1,48,13,19,15,12,6,0,65,3,0,0.259,1.8
BOS/BOS201809140,"Friday, September 14, 2018",7:10 p.m. Local,Fenway Park,37117,2:59,Night,Away,New York Mets,NYM,Boston Red Sox,BOS,35,8,9,8,8.0,5,10,42,0.257,0.381,0.657,1.038,129,102,0.24,0.56,0.525,,3.2,27,9,9.0,0,60,18,24,8,17,5,0,74,0,0,0.261,4.8,30,0,4,0,0.0,3,8,33,0.133,0.212,0.133,0.345,170,83,-0.261,0.43,0.144,,-4.8,27,6,9.0,4,47,16,20,11,11,3,0,45,4,1,-0.24,-3.2
BOS/BOS201809150,"Saturday, September 15, 2018",4:06 p.m. Local,Fenway Park,36611,3:11,Day,Home,Boston Red Sox,BOS,New York Mets,NYM,29,3,2,3,3.0,3,9,33,0.069,0.182,0.172,0.354,157,105,-0.196,0.98,0.595,,-1.8,24,4,8.0,0,64,13,28,6,14,4,0,52,5,2,-0.305,-0.7,34,5,10,5,4.5,4,9,39,0.294,0.385,0.353,0.738,155,93,0.304,1.23,0.913,,0.8,27,4,9.0,1,51,14,28,8,17,4,0,55,0,0,0.195,1.8
BOS/BOS201809160,"Sunday, September 16, 2018",1:06 p.m. Local,Fenway Park,36526,2:55,Day,Home,Boston Red Sox,BOS,New York Mets,NYM,30,3,6,3,3.0,3,5,36,0.2,0.306,0.267,0.572,119,96,-0.315,1.02,0.858,,-1.8,24,2,8.0,1,53,19,26,12,14,7,0,66,0,0,-0.185,0.3,28,4,6,4,4.5,1,13,31,0.214,0.226,0.393,0.619,160,83,0.184,1.59,0.63,,-0.3,27,13,9.0,0,41,17,25,3,14,3,0,58,3,1,0.315,1.8
NYA/NYA201809180,"Tuesday, September 18, 2018",7:08 p.m. Local,Yankee Stadium III,38695,3:13,Night,Home,New York Yankees,NYY,Boston Red Sox,BOS,32,2,5,2,0.0,4,7,37,0.156,0.243,0.25,0.493,133,91,-0.402,1.37,0.644,,-2.6,24,6,8.0,1,55,16,20,6,20,8,0,71,2,2,-0.095,1.1,26,3,3,3,3.38,4,7,32,0.115,0.281,0.269,0.55,145,76,0.095,1.35,0.833,,-1.1,27,7,9.0,0,43,15,18,5,14,5,0,65,0,0,0.405,2.6
NYA/NYA201809190,"Wednesday, September 19, 2018",7:09 p.m. Local,Yankee Stadium III,43297,3:17,Night,Home,New York Yankees,NYY,Boston Red Sox,BOS,35,1,9,1,1.0,2,7,37,0.257,0.297,0.286,0.583,144,87,-0.237,0.48,0.301,,-3.6,24,7,8.0,3,49,13,25,9,19,9,0,36,1,0,-0.265,-5.9,36,10,11,8,9.0,4,4,40,0.306,0.375,0.639,1.014,145,95,0.265,0.71,0.528,,5.9,27,7,9.0,0,59,10,26,12,20,10,0,66,0,0,0.235,3.6
NYA/NYA201809200,"Thursday, September 20, 2018",7:10 p.m. Local,Yankee Stadium III,47351,4:02,Night,Away,Boston Red Sox,BOS,New York Yankees,NYY,38,11,13,9,10.0,4,12,43,0.342,0.395,0.658,1.053,168,121,0.768,0.94,1.35,,6.4,27,5,9.0,2,67,22,32,10,17,9,0,30,3,3,-0.268,-1.4,33,6,7,6,6.0,7,9,40,0.212,0.35,0.485,0.835,181,102,0.267,1.06,0.882,,1.4,27,8,9.0,3,53,19,30,6,18,6,0,29,3,2,-0.768,-6.4
CLE/CLE201809210,"Friday, September 21, 2018",7:11 p.m. Local,Progressive Field,27892,3:34,Night,Away,Boston Red Sox,BOS,Cleveland Indians,CLE,35,7,13,7,7.0,4,3,39,0.371,0.436,0.657,1.093,176,91,0.465,1.57,1.248,,2.3,27,8,9.0,2,54,14,25,21,11,7,0,49,5,1,0.033,-0.3,36,5,9,4,4.0,3,13,41,0.25,0.317,0.472,0.789,150,111,-0.035,1.18,1.134,,0.3,27,18,9.0,3,59,18,34,9,15,7,0,50,4,1,-0.466,-2.3
CLE/CLE201809220,"Saturday, September 22, 2018",7:10 p.m. Local,Progressive Field,35095,3:46,Night,Home,Cleveland Indians,CLE,Boston Red Sox,BOS,40,4,8,4,3.27,6,11,47,0.2,0.319,0.375,0.694,193,121,-0.398,1.44,0.967,,-1.8,30,12,10.0,0,62,24,35,14,15,6,0,36,3,0,-0.102,-1.6,40,5,12,5,3.6,7,5,47,0.3,0.404,0.325,0.729,191,113,0.103,1.51,1.179,,1.6,33,12,11.0,2,69,16,28,16,19,8,0,54,1,1,0.398,1.8
CLE/CLE201809230,"Sunday, September 23, 2018",7:07 p.m. Local,Progressive Field,27879,4:20,Night,Home,Cleveland Indians,CLE,Boston Red Sox,BOS,40,3,8,2,2.45,7,7,49,0.2,0.333,0.35,0.683,189,125,-0.616,1.93,0.915,,-2.8,31,16,10.1,0,84,14,27,14,20,2,0,47,4,2,0.116,0.2,36,4,9,4,2.61,5,10,43,0.25,0.357,0.361,0.718,201,124,-0.116,1.78,1.287,,-0.2,33,8,11.0,1,71,21,32,17,10,7,0,49,2,0,0.616,2.8
BOS/BOS201809240,"Monday, September 24, 2018",7:12 p.m. Local,Fenway Park,35619,3:06,Night,Home,Boston Red Sox,BOS,Baltimore Orioles,BAL,31,2,7,1,2.0,2,13,34,0.226,0.265,0.226,0.491,173,91,-0.237,0.42,0.186,,-2.8,24,10,8.0,1,51,16,25,9,10,5,0,35,0,0,-0.265,-1.7,33,6,10,6,6.75,5,7,38,0.303,0.395,0.455,0.849,139,106,0.265,0.58,0.513,,1.8,27,7,9.0,0,67,13,26,14,12,6,0,65,3,1,0.237,2.8
BOS/BOS201809261,"Wednesday, September 26, 2018",1:06 p.m. Local,Fenway Park,33577,3:10,Day,Home,Boston Red Sox,BOS,Baltimore Orioles,BAL,34,3,8,3,3.0,3,9,37,0.235,0.297,0.471,0.768,187,93,-0.051,0.4,0.409,,-1.8,24,4,8.0,5,46,13,34,12,13,5,0,22,3,3,-0.447,-14.7,45,19,22,19,21.38,3,7,48,0.489,0.521,1.022,1.543,136,119,0.449,0.67,0.654,,14.7,27,14,9.0,2,77,14,28,10,28,13,0,46,0,0,0.052,1.8
BOS/BOS201809262,"Wednesday, September 26, 2018",7:12 p.m. Local,Fenway Park,34445,3:45,Night,Away,Baltimore Orioles,BAL,Boston Red Sox,BOS,37,10,10,9,10.0,5,14,46,0.27,0.391,0.405,0.797,159,115,0.384,1.37,1.032,,5.2,27,14,9.0,0,64,30,21,7,17,10,0,44,2,0,0.118,1.8,34,3,6,2,2.0,5,6,39,0.176,0.282,0.265,0.547,200,99,-0.118,0.99,0.819,,-1.8,27,5,9.0,0,55,16,28,18,10,9,0,51,7,3,-0.382,-5.2
BOS/BOS201809280,"Friday, September 28, 2018",7:11 p.m. Local,Fenway Park,36779,3:27,Night,Away,New York Yankees,NYY,Boston Red Sox,BOS,41,11,13,10,10.0,4,9,45,0.317,0.378,0.683,1.061,165,120,0.357,0.33,0.605,,6.2,27,6,9.0,1,63,18,39,8,24,11,0,53,0,0,0.145,-1.2,34,6,6,6,5.0,7,9,41,0.176,0.317,0.294,0.611,192,100,-0.143,0.43,0.151,,1.2,27,4,9.0,4,54,13,33,11,14,6,0,45,3,1,-0.355,-6.2
BOS/BOS201809290,"Saturday, September 29, 2018",1:06 p.m. Local,Fenway Park,36375,3:40,Day,Away,New York Yankees,NYY,Boston Red Sox,BOS,41,8,13,8,7.0,2,12,43,0.317,0.349,0.561,0.91,189,107,0.398,0.96,0.813,,3.2,27,7,9.0,1,66,16,25,15,14,6,0,46,3,0,0.104,-0.2,37,5,10,5,5.0,5,14,43,0.27,0.372,0.459,0.832,164,115,-0.102,0.69,0.711,,0.2,27,9,9.0,2,60,18,37,10,13,4,0,56,1,0,-0.398,-3.2
BOS/BOS201809300,"Sunday, September 30, 2018",3:07 p.m. Local,Fenway Park,36201,3:20,Day,Home,Boston Red Sox,BOS,New York Yankees,NYY,30,2,4,2,2.0,3,15,34,0.133,0.235,0.267,0.502,180,93,-0.093,0.29,0.104,,-2.8,24,9,8.0,2,42,26,25,8,7,2,0,27,4,1,-0.407,-5.8,37,10,13,8,6.75,5,11,42,0.351,0.429,0.649,1.077,152,115,0.409,0.26,0.513,,5.7,27,8,9.0,1,65,14,36,10,16,4,0,57,0,0,0.093,2.8
