,date,time,venue,attendance,duration,time_of_day,winner,winning_name,winning_abbr,losing_name,losing_abbr,away_at_bats,away_runs,away_hits,away_rbi,away_earned_runs,away_bases_on_balls,away_strikeouts,away_plate_appearances,away_batting_average,away_on_base_percentage,away_slugging_percentage,away_on_base_plus,away_pitches,away_strikes,away_win_probability_for_offensive_player,away_average_leverage_index,away_win_probability_added,away_win_probability_subtracted,away_base_out_runs_added,away_putouts,away_assists,away_innings_pitched,away_home_runs,away_strikes_by_contact,away_strikes_swinging,away_strikes_looking,away_grounded_balls,away_fly_balls,away_line_drives,away_unknown_bat_type,away_game_score,away_inherited_runners,away_inherited_score,away_win_probability_by_pitcher,away_base_out_runs_saved,home_at_bats,home_runs,home_hits,home_rbi,home_earned_runs,home_bases_on_balls,home_strikeouts,home_plate_appearances,home_batting_average,home_on_base_percentage,home_slugging_percentage,home_on_base_plus,home_pitches,home_strikes,home_win_probability_for_offensive_player,home_average_leverage_index,home_win_probability_added,home_win_probability_subtracted,home_base_out_runs_added,home_putouts,home_assists,home_innings_pitched,home_home_runs,home_strikes_by_contact,home_strikes_swinging,home_strikes_looking,home_grounded_balls,home_fly_balls,home_line_drives,home_unknown_bat_type,home_game_score,home_inherited_runners,home_inherited_score,home_win_probability_by_pitcher,home_base_out_runs_saved
KCA/KCA201803290,"Thursday, March 29, 2018",3:16 p.m. Local,Kauffman Stadium,36517,3:26,Day,Away,Chicago White Sox,CHW,Kansas City Royals,KCR,39,14,14,14,14.0,7,7,47,0.359,0.468,0.897,1.366,168,103,0.608,0.37,0.951,,9.4,27,11,9.0,1,55,17,31,12,20,9,0,45,0,0,-0.108,-2.4,36,7,9,6,6.0,2,2,39,0.25,0.308,0.417,0.724,183,100,0.106,0.53,0.348,,2.4,27,9,9.0,6,67,9,24,14,20,10,0,31,6,2,-0.606,-9.4
KCA/KCA201803310,"Saturday, March 31, 2018",6:15 p.m. Local,Kauffman Stadium,17564,2:54,Night,Away,Chicago White Sox,CHW,Kansas City Royals,KCR,34,4,8,4,4.0,3,8,37,0.235,0.297,0.353,0.65,133,104,0.205,1.55,1.148,,-0.6,27,9,9.0,0,65,14,25,11,15,11,0,49,0,0,0.295,1.6,31,3,6,3,3.0,5,5,38,0.194,0.316,0.258,0.574,151,76,-0.296,1.51,0.684,,-1.6,27,8,9.0,1,40,12,24,10,17,7,0,63,0,0,-0.204,0.6
DET/DET201804020,"Monday, April 2, 2018",1:12 p.m. Local,Comerica Park,15476,2:46,Day,Home,Detroit Tigers,DET,Kansas City Royals,KCR,30,1,5,1,1.0,2,4,33,0.167,0.212,0.267,0.479,143,78,-0.254,0.93,0.239,,-3.7,24,9,8.0,0,39,13,26,11,16,5,0,33,0,0,-0.247,-1.8,34,6,10,6,6.75,3,6,38,0.294,0.342,0.412,0.754,132,100,0.246,0.69,0.694,,1.8,27,8,9.0,0,61,16,23,13,16,8,0,63,1,0,0.254,3.7
DET/DET201804030,"Tuesday, April 3, 2018",1:11 p.m. Local,Comerica Park,15083,2:17,Day,Away,Kansas City Royals,KCR,Detroit Tigers,DET,30,1,5,1,1.0,1,3,32,0.167,0.188,0.2,0.388,104,78,-0.362,1.58,0.218,,-3.7,27,7,9.0,0,49,14,15,7,21,6,0,76,1,0,0.862,4.7,30,0,3,0,0.0,1,8,31,0.1,0.129,0.1,0.229,122,74,-0.862,0.89,0.235,,-4.7,27,6,9.0,0,46,12,16,9,13,4,0,61,1,0,0.362,3.7
CLE/CLE201804060,"Friday, April 6, 2018",4:12 p.m. Local,Progressive Field,34720,2:41,Day,Home,Cleveland Indians,CLE,Kansas City Royals,KCR,31,2,7,2,2.0,3,9,35,0.226,0.294,0.258,0.552,128,94,-0.571,1.06,0.725,,-2.7,24,8,8.0,0,49,17,28,10,13,8,0,51,1,0,0.071,1.2,30,3,4,3,3.38,4,3,34,0.133,0.235,0.2,0.435,143,74,-0.07,2.0,0.528,,-1.2,27,11,9.0,0,45,7,22,10,17,7,0,57,0,0,0.572,2.7
CLE/CLE201804070,"Saturday, April 7, 2018",4:10 p.m. Local,Progressive Field,17362,2:29,Day,Away,Kansas City Royals,KCR,Cleveland Indians,CLE,30,1,3,1,1.0,2,9,32,0.1,0.156,0.2,0.356,138,75,-0.327,1.58,0.295,,-3.7,27,6,9.0,0,37,13,25,8,13,7,0,72,0,0,0.828,4.7,32,0,6,0,0.0,1,10,33,0.188,0.212,0.219,0.431,111,100,-0.828,0.95,0.391,,-4.7,27,7,9.0,1,61,16,23,5,17,10,0,77,0,0,0.328,3.7
CLE/CLE201804080,"Sunday, April 8, 2018",1:10 p.m. Local,Progressive Field,14240,2:55,Day,Home,Cleveland Indians,CLE,Kansas City Royals,KCR,32,1,10,1,1.0,2,8,34,0.312,0.353,0.406,0.759,146,89,-0.451,1.7,0.466,,-3.7,25,9,8.1,1,50,12,27,12,12,4,0,69,1,1,-0.049,1.5,29,3,4,3,2.16,4,6,34,0.138,0.242,0.241,0.484,134,86,0.051,1.15,0.881,,-1.5,27,13,9.0,0,54,14,18,13,11,2,0,56,0,0,0.451,3.7
KCA/KCA201804090,"Monday, April 9, 2018",7:15 p.m. Local,Kauffman Stadium,12324,2:45,Night,Home,Kansas City Royals,KCR,Seattle Mariners,SEA,27,0,2,0,0.0,2,6,32,0.074,0.219,0.074,0.293,176,71,-0.18,0.42,0.09,,-4.6,24,7,8.0,1,37,10,24,9,12,3,0,28,2,1,-0.32,-5.9,37,10,13,9,11.25,5,8,44,0.351,0.455,0.541,0.995,113,106,0.322,0.38,0.5,,5.9,27,11,9.0,0,64,17,25,10,19,13,0,76,0,0,0.18,4.6
KCA/KCA201804100,"Tuesday, April 10, 2018",7:15 p.m. Local,Kauffman Stadium,14850,2:58,Night,Away,Seattle Mariners,SEA,Kansas City Royals,KCR,34,8,9,8,8.0,5,4,43,0.265,0.395,0.529,0.925,147,89,0.376,0.65,0.734,,3.4,27,9,9.0,1,55,10,25,12,19,4,0,47,2,0,0.123,1.6,33,3,7,3,3.0,2,9,36,0.212,0.278,0.394,0.672,146,99,-0.124,0.67,0.359,,-1.6,27,8,9.0,1,59,12,28,10,14,6,0,31,2,2,-0.376,-3.4
KCA/KCA201804110,"Wednesday, April 11, 2018",1:15 p.m. Local,Kauffman Stadium,14314,2:48,Day,Away,Seattle Mariners,SEA,Kansas City Royals,KCR,31,4,6,3,3.0,4,10,36,0.194,0.278,0.323,0.6,146,93,0.116,1.75,0.858,,-0.6,27,7,9.0,0,55,13,25,8,14,4,0,61,0,0,0.385,2.6,34,2,7,2,2.0,2,12,37,0.206,0.27,0.235,0.506,148,92,-0.385,1.19,0.916,,-2.6,27,6,9.0,1,45,26,21,11,11,2,0,58,2,0,-0.115,0.6
KCA/KCA201804120,"Thursday, April 12, 2018",7:15 p.m. Local,Kauffman Stadium,14714,3:00,Night,Away,Los Angeles Angels,LAA,Kansas City Royals,KCR,42,7,15,7,7.0,3,3,45,0.357,0.4,0.595,0.995,119,111,0.088,0.76,0.607,,2.4,27,9,9.0,0,76,5,30,15,24,11,0,66,2,0,0.413,3.6,34,1,9,1,1.0,2,8,36,0.265,0.306,0.324,0.629,171,79,-0.413,0.74,0.258,,-3.6,27,12,9.0,2,43,10,26,11,15,9,0,55,4,3,-0.088,-2.4
KCA/KCA201804130,"Friday, April 13, 2018",7:15 p.m. Local,Kauffman Stadium,15011,3:24,Night,Away,Los Angeles Angels,LAA,Kansas City Royals,KCR,38,5,13,5,5.0,1,8,41,0.342,0.35,0.447,0.797,157,106,0.322,1.45,1.203,,0.4,27,11,9.0,0,59,11,36,15,17,9,0,45,3,0,0.179,0.6,35,4,11,3,3.0,3,8,38,0.314,0.368,0.371,0.74,156,93,-0.181,1.57,0.966,,-0.6,27,12,9.0,1,55,16,23,11,16,7,0,48,1,0,-0.321,-0.4
KCA/KCA201804140,"Saturday, April 14, 2018",6:15 p.m. Local,Kauffman Stadium,15876,3:03,Night,Away,Los Angeles Angels,LAA,Kansas City Royals,KCR,36,5,9,5,4.0,2,11,39,0.25,0.282,0.528,0.81,160,104,0.152,1.31,0.515,,0.4,27,8,9.0,1,56,19,29,7,19,5,0,63,4,0,0.348,1.6,32,3,6,2,3.0,5,11,37,0.188,0.297,0.281,0.579,166,97,-0.349,0.56,0.598,,-1.6,27,5,9.0,3,48,22,27,11,10,5,0,40,2,0,-0.151,-0.4
TOR/TOR201804171,"Tuesday, April 17, 2018",3:08 p.m. Local,Rogers Centre,,2:56,Day,Home,Toronto Blue Jays,TOR,Kansas City Royals,KCR,35,3,11,2,3.0,1,7,37,0.314,0.351,0.543,0.894,150,95,0.003,0.74,0.677,,-1.5,24,5,8.0,2,59,10,26,12,16,7,0,36,3,3,-0.503,-7.0,36,11,13,11,7.88,3,10,41,0.361,0.415,0.611,1.026,146,102,0.501,0.91,0.866,,7.0,27,12,9.0,2,65,13,24,11,16,10,0,43,0,0,-0.002,1.5
TOR/TOR201804172,"Tuesday, April 17, 2018",6:38 p.m. Local,Rogers Centre,18645,3:37,Night,Home,Toronto Blue Jays,TOR,Kansas City Royals,KCR,40,4,10,4,3.6,4,8,46,0.25,0.348,0.45,0.798,191,124,-0.101,1.94,1.06,,-1.0,28,9,9.1,0,75,22,27,18,14,5,0,73,7,3,-0.398,-1.6,36,5,9,5,4.82,7,13,44,0.25,0.386,0.278,0.664,189,117,0.399,1.33,1.627,,1.6,30,13,10.0,2,60,25,32,14,9,6,0,46,1,0,0.103,1.0
TOR/TOR201804180,"Wednesday, April 18, 2018",4:07 p.m. Local,Rogers Centre,28803,3:05,Day,Home,Toronto Blue Jays,TOR,Kansas City Royals,KCR,36,5,8,5,5.0,3,10,40,0.222,0.3,0.417,0.717,182,99,0.071,0.79,0.646,,0.5,24,7,8.0,3,62,20,17,12,14,4,0,34,2,2,-0.572,-11.0,40,15,15,13,14.62,7,9,48,0.375,0.479,0.75,1.229,153,111,0.571,0.83,1.097,,11.0,27,5,9.0,2,58,18,35,12,19,9,0,52,1,0,-0.071,-0.5
DET/DET201804201,"Friday, April 20, 2018",1:11 p.m. Local,Comerica Park,15406,2:46,Day,Home,Detroit Tigers,DET,Kansas City Royals,KCR,41,2,12,2,1.8,1,7,42,0.293,0.31,0.366,0.675,109,105,-0.544,1.17,0.807,,-3.3,28,12,9.1,1,65,14,26,13,21,9,0,71,0,0,0.045,2.0,31,3,6,3,2.89,2,4,34,0.194,0.235,0.387,0.622,157,68,-0.045,1.76,0.846,,-2.0,30,9,10.0,1,44,12,12,11,17,7,0,56,0,0,0.545,3.3
DET/DET201804202,"Friday, April 20, 2018",7:10 p.m. Local,Comerica Park,17194,2:34,Night,Away,Kansas City Royals,KCR,Detroit Tigers,DET,34,3,6,2,2.0,6,11,40,0.176,0.3,0.294,0.594,120,106,0.183,1.22,1.324,,-1.7,27,9,9.0,0,61,26,19,8,15,6,0,69,0,0,0.319,2.7,31,2,5,2,2.0,1,4,33,0.161,0.182,0.258,0.44,163,82,-0.319,1.71,0.484,,-2.7,27,7,9.0,1,51,12,19,13,15,4,0,56,1,0,-0.18,1.7
DET/DET201804210,"Saturday, April 21, 2018",1:10 p.m. Local,Comerica Park,19302,3:04,Day,Home,Detroit Tigers,DET,Kansas City Royals,KCR,37,4,11,4,2.0,1,1,39,0.297,0.308,0.351,0.659,186,80,0.005,0.84,0.668,,-0.7,24,11,8.0,2,53,11,16,17,20,6,0,20,7,3,-0.503,-7.8,39,12,16,12,13.5,8,4,48,0.41,0.5,0.615,1.115,111,108,0.504,1.1,1.034,,7.8,27,9,9.0,0,72,9,27,15,21,12,0,35,3,1,-0.003,0.7
DET/DET201804220,"Sunday, April 22, 2018",1:10 p.m. Local,Comerica Park,19034,3:09,Day,Away,Kansas City Royals,KCR,Detroit Tigers,DET,33,8,7,8,8.0,8,7,41,0.212,0.366,0.515,0.881,152,95,0.681,1.08,1.252,,3.3,27,11,9.0,0,57,16,22,9,17,7,0,44,2,2,-0.181,-0.3,32,5,8,5,4.0,2,6,36,0.25,0.306,0.313,0.618,164,92,0.18,1.1,0.803,,0.3,27,8,9.0,3,62,11,19,12,15,9,0,54,4,4,-0.68,-3.3
KCA/KCA201804240,"Tuesday, April 24, 2018",7:15 p.m. Local,Kauffman Stadium,16555,2:59,Night,Away,Milwaukee Brewers,MIL,Kansas City Royals,KCR,34,5,12,5,5.0,4,3,39,0.353,0.421,0.529,0.95,143,84,0.183,0.87,0.605,,0.4,27,14,9.0,1,58,11,17,16,16,8,0,55,0,0,0.315,2.6,30,2,6,2,2.0,4,4,35,0.2,0.286,0.333,0.619,143,86,-0.315,0.72,0.329,,-2.6,27,12,9.0,2,52,14,20,14,13,5,0,30,0,0,-0.184,-0.4
KCA/KCA201804250,"Wednesday, April 25, 2018",7:16 p.m. Local,Kauffman Stadium,13389,2:57,Night,Away,Milwaukee Brewers,MIL,Kansas City Royals,KCR,35,6,8,5,4.0,3,3,40,0.229,0.275,0.286,0.561,121,96,0.202,1.09,0.553,,1.4,27,7,9.0,1,60,9,27,19,15,5,0,55,3,0,0.298,2.6,33,2,7,2,2.0,2,7,35,0.212,0.257,0.364,0.621,155,78,-0.297,0.7,0.485,,-2.6,27,15,9.0,0,43,15,20,10,16,7,0,49,3,1,-0.203,-1.4
KCA/KCA201804260,"Thursday, April 26, 2018",7:16 p.m. Local,Kauffman Stadium,18315,3:08,Night,Away,Chicago White Sox,CHW,Kansas City Royals,KCR,35,6,9,6,6.0,2,6,38,0.257,0.316,0.686,1.002,154,91,0.287,1.3,0.622,,1.4,27,8,9.0,1,55,11,25,13,16,4,0,49,3,0,0.212,1.6,38,3,12,3,3.0,2,6,41,0.316,0.366,0.474,0.84,142,95,-0.212,0.49,0.832,,-1.6,27,12,9.0,5,56,17,22,13,18,9,1,36,1,0,-0.288,-1.4
KCA/KCA201804270,"Friday, April 27, 2018",7:15 p.m. Local,Kauffman Stadium,15395,3:34,Night,Away,Chicago White Sox,CHW,Kansas City Royals,KCR,42,7,12,7,5.73,1,6,44,0.286,0.302,0.571,0.874,173,125,0.189,1.51,1.173,,1.4,33,12,11.0,1,87,16,22,17,20,11,0,43,3,2,0.31,1.6,44,4,12,2,1.64,1,4,47,0.273,0.319,0.386,0.706,174,113,-0.308,1.21,1.082,,-1.6,33,16,11.0,2,66,19,28,17,23,12,0,46,0,0,-0.19,-1.4
KCA/KCA201804281,"Saturday, April 28, 2018",1:15 p.m. Local,Kauffman Stadium,16971,2:49,Day,Away,Chicago White Sox,CHW,Kansas City Royals,KCR,40,8,15,8,8.0,3,8,43,0.375,0.419,0.525,0.944,140,100,0.249,0.53,0.553,,3.4,27,7,9.0,0,57,19,24,13,19,11,0,69,0,0,0.25,4.6,32,0,6,0,0.0,3,5,35,0.188,0.257,0.219,0.476,148,83,-0.251,0.58,0.133,,-4.6,27,12,9.0,1,52,8,23,8,19,5,0,26,2,2,-0.25,-3.4
KCA/KCA201804282,"Saturday, April 28, 2018",7:15 p.m. Local,Kauffman Stadium,16070,2:39,Night,Home,Kansas City Royals,KCR,Chicago White Sox,CHW,31,2,6,2,2.0,1,11,32,0.194,0.219,0.323,0.541,150,80,-0.307,0.7,0.361,,-2.6,24,8,8.0,0,43,12,25,11,9,2,0,42,0,0,-0.193,-0.9,31,5,8,5,5.62,7,7,38,0.258,0.395,0.355,0.75,123,87,0.193,0.95,0.589,,0.9,27,10,9.0,1,54,13,21,11,13,5,0,77,0,0,0.307,2.6
KCA/KCA201804290,"Sunday, April 29, 2018",1:16 p.m. Local,Kauffman Stadium,23892,3:19,Day,Home,Kansas City Royals,KCR,Chicago White Sox,CHW,36,4,10,4,4.0,5,6,42,0.278,0.381,0.472,0.853,151,120,-0.149,1.49,1.089,,-0.6,24,10,8.0,2,76,16,28,12,18,9,0,48,4,1,-0.352,-0.9,33,5,12,5,4.5,4,7,39,0.364,0.447,0.576,1.023,184,99,0.352,1.57,1.434,,0.9,27,10,9.0,0,59,16,24,15,12,5,0,53,1,0,0.148,0.6
BOS/BOS201804300,"Monday, April 30, 2018",7:10 p.m. Local,Fenway Park,31314,3:13,Night,Home,Boston Red Sox,BOS,Kansas City Royals,KCR,35,6,9,6,6.0,3,13,40,0.257,0.35,0.371,0.721,155,106,0.099,0.73,0.67,,1.2,24,11,8.0,2,59,17,30,6,16,7,0,15,2,0,-0.599,-5.7,37,10,13,9,10.12,3,3,41,0.351,0.39,0.595,0.985,163,98,0.598,0.85,0.915,,5.7,27,4,9.0,0,65,11,22,18,16,5,1,35,0,0,-0.098,-1.2
BOS/BOS201805010,"Tuesday, May 1, 2018",7:10 p.m. Local,Fenway Park,34466,4:25,Night,Away,Kansas City Royals,KCR,Boston Red Sox,BOS,51,7,15,6,4.15,3,11,58,0.294,0.345,0.451,0.796,206,134,0.364,1.53,2.05,,0.1,39,13,13.0,2,77,25,33,24,18,8,0,54,3,3,0.136,0.9,51,6,12,5,4.15,2,10,54,0.235,0.278,0.412,0.69,203,140,-0.135,1.91,1.511,,-0.9,39,21,13.0,2,89,19,32,19,22,9,0,65,0,0,-0.363,-0.1
BOS/BOS201805020,"Wednesday, May 2, 2018",1:05 p.m. Local,Fenway Park,32267,2:45,Day,Home,Boston Red Sox,BOS,Kansas City Royals,KCR,33,4,10,4,4.0,2,10,37,0.303,0.351,0.485,0.836,127,90,-0.294,0.91,0.7,,-0.8,24,9,8.0,4,55,13,22,12,12,5,0,39,0,0,-0.205,-0.7,32,5,10,5,5.62,1,6,33,0.312,0.333,0.719,1.052,139,82,0.207,1.24,0.765,,0.7,27,14,9.0,1,46,18,18,10,16,4,0,45,0,0,0.294,0.8
KCA/KCA201805030,"Thursday, May 3, 2018",1:16 p.m. Local,Kauffman Stadium,28866,3:07,Day,Home,Kansas City Royals,KCR,Detroit Tigers,DET,41,6,15,6,6.0,3,11,44,0.366,0.409,0.512,0.921,143,103,0.26,0.84,1.126,,1.4,24,4,8.0,3,54,20,29,16,14,9,0,30,2,2,-0.76,-5.9,36,10,13,10,11.25,3,4,40,0.361,0.4,0.667,1.067,161,95,0.759,1.26,1.126,,5.9,27,8,9.0,1,62,13,20,9,24,9,0,31,6,1,-0.259,-1.4
KCA/KCA201805040,"Friday, May 4, 2018",7:15 p.m. Local,Kauffman Stadium,24648,2:49,Night,Home,Kansas City Royals,KCR,Detroit Tigers,DET,34,2,9,2,2.0,2,8,36,0.265,0.306,0.324,0.629,116,95,-0.188,1.86,0.887,,-2.6,24,11,8.0,0,58,12,25,10,15,10,1,70,4,3,-0.312,0.1,26,4,6,3,4.5,3,5,30,0.231,0.3,0.231,0.531,145,75,0.312,1.53,1.005,,-0.1,27,8,9.0,0,39,15,21,14,8,0,0,66,0,0,0.188,2.6
KCA/KCA201805050,"Saturday, May 5, 2018",3:15 p.m. Local,Kauffman Stadium,20708,3:06,Day,Away,Detroit Tigers,DET,Kansas City Royals,KCR,37,3,12,3,3.0,3,6,40,0.324,0.375,0.514,0.889,155,94,0.009,1.46,0.487,,-1.6,27,4,9.0,1,50,21,23,11,20,14,0,65,0,0,0.492,2.6,34,2,5,1,1.0,3,10,37,0.147,0.216,0.294,0.51,142,100,-0.492,0.66,0.553,,-2.6,27,10,9.0,0,61,17,22,5,19,9,0,46,2,0,-0.009,1.6
KCA/KCA201805060,"Sunday, May 6, 2018",1:15 p.m. Local,Kauffman Stadium,18424,2:16,Day,Home,Kansas City Royals,KCR,Detroit Tigers,DET,36,2,10,2,2.0,2,8,38,0.278,0.316,0.389,0.705,109,84,-0.37,0.61,0.465,,-2.6,24,7,8.0,0,55,14,15,10,18,7,0,53,0,0,-0.129,0.1,28,4,7,4,4.5,1,6,30,0.25,0.267,0.321,0.588,128,70,0.13,1.14,0.381,,-0.1,27,6,9.0,1,43,9,18,9,14,6,0,60,2,1,0.37,2.6
BAL/BAL201805080,"Tuesday, May 8, 2018",7:07 p.m. Local,Oriole Park at Camden Yards,10863,3:21,Night,Away,Kansas City Royals,KCR,Baltimore Orioles,BAL,43,15,20,15,15.0,3,6,48,0.465,0.479,0.814,1.293,183,121,0.483,0.07,0.495,,10.5,27,7,9.0,3,83,13,25,14,25,14,0,55,1,0,0.018,-2.5,40,7,14,7,7.0,4,8,45,0.35,0.4,0.6,1.0,192,115,-0.018,0.14,0.037,,2.5,27,9,9.0,5,74,19,22,14,19,9,0,10,1,1,-0.482,-10.5
BAL/BAL201805090,"Wednesday, May 9, 2018",7:07 p.m. Local,Oriole Park at Camden Yards,14375,2:45,Night,Home,Baltimore Orioles,BAL,Kansas City Royals,KCR,34,3,8,3,3.0,3,5,37,0.235,0.297,0.382,0.68,123,100,-0.211,1.23,0.974,,-1.5,24,11,8.0,1,66,15,19,16,13,8,0,53,1,0,-0.289,-1.0,32,5,9,5,5.62,2,3,34,0.281,0.324,0.406,0.73,155,81,0.288,1.67,1.038,,1.0,27,16,9.0,1,56,7,18,14,15,6,0,49,0,0,0.212,1.5
BAL/BAL201805100,"Thursday, May 10, 2018",7:07 p.m. Local,Oriole Park at Camden Yards,17842,2:57,Night,Home,Baltimore Orioles,BAL,Kansas City Royals,KCR,34,6,10,6,5.0,5,5,40,0.294,0.385,0.441,0.826,141,107,0.262,0.59,0.752,,1.5,24,7,8.0,3,70,14,23,19,11,3,0,12,0,0,-0.762,-7.0,37,11,14,11,12.38,3,6,40,0.378,0.425,0.73,1.155,162,95,0.76,0.8,1.023,,7.0,27,14,9.0,1,58,15,22,7,24,10,0,21,1,0,-0.261,-1.5
CLE/CLE201805110,"Friday, May 11, 2018",7:10 p.m. Local,Progressive Field,24408,3:34,Night,Away,Kansas City Royals,KCR,Cleveland Indians,CLE,43,10,15,10,7.0,4,8,47,0.349,0.404,0.558,0.962,191,113,0.59,1.21,1.492,,5.3,27,10,9.0,3,62,27,24,18,17,8,0,11,0,0,-0.089,-4.3,34,9,8,9,9.0,7,6,41,0.235,0.366,0.529,0.895,174,113,0.088,1.26,0.987,,4.3,27,13,9.0,1,72,14,27,12,16,3,0,25,3,1,-0.59,-5.3
CLE/CLE201805120,"Saturday, May 12, 2018",5:25 p.m. Local,Progressive Field,24587,2:31,Night,Home,Cleveland Indians,CLE,Kansas City Royals,KCR,33,2,8,2,2.0,0,7,33,0.242,0.242,0.333,0.576,141,90,-0.26,0.77,0.438,,-2.7,24,6,8.0,2,54,17,19,12,14,8,0,46,5,0,-0.24,-1.8,33,6,9,6,5.62,3,9,36,0.273,0.333,0.545,0.879,128,87,0.24,1.01,0.71,,1.8,27,11,9.0,0,48,14,25,9,15,9,0,60,1,0,0.26,2.7
CLE/CLE201805130,"Sunday, May 13, 2018",1:11 p.m. Local,Progressive Field,22105,2:54,Day,Home,Cleveland Indians,CLE,Kansas City Royals,KCR,36,2,9,2,0.0,1,7,37,0.25,0.27,0.278,0.548,175,90,-0.154,0.42,0.098,,-2.7,24,10,8.0,3,51,16,23,13,16,8,0,5,1,0,-0.346,-6.8,38,11,15,11,12.38,6,6,45,0.395,0.489,0.711,1.199,128,106,0.346,0.3,0.498,,6.8,27,10,9.0,0,68,14,24,14,18,8,0,61,1,0,0.155,2.7
KCA/KCA201805140,"Monday, May 14, 2018",6:08 p.m. Local,Kauffman Stadium,14174,2:33,Night,Away,Tampa Bay Rays,TBR,Kansas City Royals,KCR,32,2,8,2,2.0,0,7,32,0.25,0.25,0.313,0.563,128,79,-0.214,1.69,0.421,,-2.6,27,12,9.0,1,45,12,22,14,11,9,0,54,0,0,0.714,3.6,31,1,6,1,1.0,3,6,34,0.194,0.265,0.355,0.62,112,81,-0.716,0.87,0.7,,-3.6,27,17,9.0,0,49,9,23,12,13,6,0,61,1,0,0.213,2.6
KCA/KCA201805150,"Tuesday, May 15, 2018",7:15 p.m. Local,Kauffman Stadium,21500,2:53,Night,Away,Tampa Bay Rays,TBR,Kansas City Royals,KCR,34,6,10,6,6.0,3,9,40,0.294,0.342,0.471,0.813,113,104,0.432,1.61,1.062,,1.4,27,12,9.0,0,66,14,24,7,21,12,0,44,2,2,0.067,-0.4,35,5,11,5,5.0,1,4,37,0.314,0.333,0.371,0.705,153,78,-0.067,1.18,0.992,,0.4,27,6,9.0,1,52,13,13,16,16,8,0,41,0,0,-0.432,-1.4
KCA/KCA201805160,"Wednesday, May 16, 2018",1:15 p.m. Local,Kauffman Stadium,19611,2:59,Day,Away,Tampa Bay Rays,TBR,Kansas City Royals,KCR,36,5,10,4,5.0,1,5,38,0.278,0.316,0.417,0.732,155,73,0.145,1.35,0.533,,0.4,27,6,9.0,0,46,9,18,13,18,6,0,41,0,0,0.355,1.6,32,3,8,3,3.0,4,8,39,0.25,0.333,0.344,0.677,118,99,-0.356,0.73,0.659,,-1.6,27,7,9.0,1,64,16,19,6,20,9,0,34,1,0,-0.145,-0.4
KCA/KCA201805180,"Friday, May 18, 2018",7:15 p.m. Local,Kauffman Stadium,26433,2:46,Night,Home,Kansas City Royals,KCR,New York Yankees,NYY,34,2,8,2,2.0,2,7,37,0.235,0.27,0.235,0.506,139,94,-0.329,0.73,0.331,,-2.6,24,8,8.0,1,50,15,29,14,14,4,0,48,0,0,-0.171,-0.9,31,5,6,4,3.38,5,7,36,0.194,0.306,0.355,0.66,146,89,0.17,0.98,0.546,,0.9,27,10,9.0,0,48,20,21,10,14,5,0,48,2,2,0.33,2.6
KCA/KCA201805190,"Saturday, May 19, 2018",6:15 p.m. Local,Kauffman Stadium,33684,2:57,Night,Away,New York Yankees,NYY,Kansas City Royals,KCR,39,8,14,8,8.0,3,7,42,0.359,0.405,0.821,1.225,124,110,0.355,1.17,0.808,,3.4,27,13,9.0,0,71,11,28,8,24,10,0,48,0,0,0.147,1.6,32,3,9,3,3.0,3,10,36,0.281,0.343,0.406,0.749,171,89,-0.147,0.7,0.693,,-1.6,27,9,9.0,5,50,15,24,11,12,8,0,29,0,0,-0.354,-3.4
KCA/KCA201805200,"Sunday, May 20, 2018",1:15 p.m. Local,Kauffman Stadium,24121,2:31,Day,Away,New York Yankees,NYY,Kansas City Royals,KCR,40,10,14,9,10.0,4,6,45,0.35,0.422,0.8,1.222,105,100,0.247,0.37,0.639,,5.4,27,12,9.0,0,64,18,18,10,24,8,0,74,0,0,0.253,3.6,30,1,4,1,1.0,1,7,32,0.133,0.188,0.133,0.321,156,70,-0.253,0.49,0.044,,-3.6,27,6,9.0,4,39,11,20,14,9,2,0,28,0,0,-0.247,-5.4
SLN/SLN201805210,"Monday, May 21, 2018",7:15 p.m. Local,Busch Stadium III,42140,2:28,Night,Home,St. Louis Cardinals,STL,Kansas City Royals,KCR,29,0,4,0,0.0,1,9,31,0.138,0.194,0.138,0.331,141,77,-0.255,0.48,0.155,,-4.2,24,9,8.0,2,46,13,18,11,9,4,0,35,1,0,-0.247,-2.3,33,6,10,6,6.75,1,10,35,0.303,0.324,0.545,0.869,109,92,0.247,0.56,0.479,,2.2,27,11,9.0,0,48,18,26,11,13,7,0,87,,,0.254,4.2
SLN/SLN201805220,"Tuesday, May 22, 2018",7:15 p.m. Local,Busch Stadium III,39545,2:53,Night,Away,Kansas City Royals,KCR,St. Louis Cardinals,STL,35,5,10,5,5.0,4,9,40,0.286,0.359,0.486,0.845,112,92,0.078,1.17,0.604,,0.8,27,11,9.0,0,54,16,22,8,19,10,0,63,0,0,0.424,3.2,34,1,11,0,0.0,0,8,36,0.324,0.343,0.324,0.666,135,76,-0.424,0.77,0.448,,-3.2,27,7,9.0,2,44,15,17,13,14,7,0,58,3,0,-0.077,-0.8
SLN/SLN201805230,"Wednesday, May 23, 2018",12:16 p.m. Local,Busch Stadium III,41984,3:04,Day,Away,Kansas City Royals,KCR,St. Louis Cardinals,STL,35,5,8,5,2.7,2,10,40,0.229,0.263,0.314,0.577,141,104,0.075,1.17,0.768,,0.3,30,10,10.0,0,61,19,24,13,15,9,0,55,0,0,0.424,2.7,35,2,6,2,1.8,2,12,38,0.171,0.216,0.229,0.445,157,92,-0.424,1.18,0.422,,-2.7,30,12,10.0,1,47,12,33,14,10,6,0,66,6,1,-0.077,-0.3
TEX/TEX201805240,"Thursday, May 24, 2018",7:08 p.m. Local,Globe Life Park in Arlington,23230,2:53,Night,Away,Kansas City Royals,KCR,Texas Rangers,TEX,37,8,11,6,6.0,2,8,42,0.297,0.366,0.351,0.717,146,96,0.164,0.51,0.5,,2.9,27,9,9.0,0,49,24,23,16,14,9,0,70,1,0,0.335,3.1,29,2,5,2,1.0,3,8,32,0.172,0.25,0.241,0.491,152,94,-0.338,0.56,0.111,,-3.1,27,11,9.0,0,52,14,28,9,12,5,0,42,2,2,-0.164,-2.9
TEX/TEX201805250,"Friday, May 25, 2018",7:08 p.m. Local,Globe Life Park in Arlington,35105,3:07,Night,Home,Texas Rangers,TEX,Kansas City Royals,KCR,37,4,10,4,4.0,3,8,40,0.27,0.325,0.514,0.839,169,100,-0.125,0.72,0.648,,-1.1,24,5,8.0,3,57,16,27,12,17,4,0,27,1,0,-0.377,-3.5,35,8,10,8,9.0,5,7,40,0.286,0.375,0.714,1.089,154,96,0.377,0.93,0.86,,3.5,27,9,9.0,2,65,11,20,11,17,6,0,45,3,1,0.123,1.1
TEX/TEX201805260,"Saturday, May 26, 2018",3:06 p.m. Local,Globe Life Park in Arlington,29644,2:59,Day,Home,Texas Rangers,TEX,Kansas City Royals,KCR,35,3,6,3,2.7,3,5,38,0.171,0.237,0.229,0.465,157,84,-0.523,1.44,0.578,,-2.6,27,14,9.0,1,51,12,21,13,17,10,0,50,0,0,0.023,1.1,33,4,8,4,4.0,4,6,38,0.242,0.324,0.485,0.809,134,95,-0.021,1.34,1.055,,-1.1,30,11,10.0,0,63,10,22,13,15,5,0,57,0,0,0.524,2.6
TEX/TEX201805270,"Sunday, May 27, 2018",2:08 p.m. Local,Globe Life Park in Arlington,31898,3:00,Day,Away,Kansas City Royals,KCR,Texas Rangers,TEX,34,5,9,5,5.0,3,2,37,0.265,0.324,0.441,0.766,160,82,0.169,1.35,0.473,,-0.1,27,5,9.0,2,56,9,17,19,13,7,0,68,2,0,0.331,2.1,34,3,9,3,3.0,3,11,37,0.265,0.324,0.529,0.854,128,101,-0.331,0.51,0.711,,-2.1,27,14,9.0,2,55,18,28,10,13,4,0,36,3,0,-0.169,0.1
KCA/KCA201805280,"Monday, May 28, 2018",6:15 p.m. Local,Kauffman Stadium,18572,3:13,Night,Away,Minnesota Twins,MIN,Kansas City Royals,KCR,39,8,12,8,8.0,5,10,45,0.308,0.4,0.513,0.913,147,96,0.313,1.42,1.016,,3.4,27,8,9.0,1,51,20,25,9,20,9,0,54,4,1,0.189,-0.4,40,5,13,4,4.0,3,8,44,0.325,0.386,0.5,0.886,149,88,-0.188,1.07,1.006,,0.4,27,4,9.0,1,58,10,20,14,18,5,0,51,0,0,-0.312,-3.4
KCA/KCA201805290,"Tuesday, May 29, 2018",7:39 p.m. Local,Kauffman Stadium,20533,4:12,Night,Home,Kansas City Royals,KCR,Minnesota Twins,MIN,46,1,7,1,0.64,8,11,56,0.152,0.291,0.152,0.443,187,131,-1.143,2.01,0.536,,-6.2,41,13,13.2,1,83,18,30,16,20,7,0,74,0,0,0.644,5.0,49,2,9,2,1.32,3,13,53,0.184,0.245,0.286,0.531,218,118,-0.644,1.65,1.46,,-5.1,42,17,14.0,0,59,22,37,18,18,7,0,60,0,0,1.145,6.2
KCA/KCA201805300,"Wednesday, May 30, 2018",7:15 p.m. Local,Kauffman Stadium,21343,3:01,Night,Home,Kansas City Royals,KCR,Minnesota Twins,MIN,37,8,11,8,8.0,5,9,42,0.297,0.381,0.568,0.949,148,101,-0.073,0.45,0.468,,3.4,24,7,8.0,3,57,19,25,14,14,4,0,5,1,1,-0.427,-6.9,39,11,16,11,12.38,2,6,42,0.41,0.429,0.744,1.172,169,102,0.426,0.69,0.697,,6.9,27,12,9.0,2,65,16,21,15,19,9,0,51,2,1,0.072,-3.4
KCA/KCA201806010,"Friday, June 1, 2018",7:16 p.m. Local,Kauffman Stadium,23413,2:49,Night,Away,Oakland Athletics,OAK,Kansas City Royals,KCR,41,16,16,16,16.0,5,11,47,0.39,0.447,0.756,1.203,110,133,0.366,0.24,0.5,,11.4,27,10,9.0,0,82,22,29,8,23,13,0,70,0,0,0.134,4.6,32,0,8,0,0.0,0,4,34,0.25,0.294,0.375,0.669,201,77,-0.136,0.31,0.066,,-4.6,27,7,9.0,4,47,11,19,12,16,8,0,14,3,3,-0.365,-11.4
KCA/KCA201806020,"Saturday, June 2, 2018",1:16 p.m. Local,Kauffman Stadium,24553,3:00,Day,Home,Kansas City Royals,KCR,Oakland Athletics,OAK,35,4,9,4,4.0,3,4,39,0.257,0.333,0.4,0.733,144,90,-0.179,0.72,0.765,,-0.6,24,9,8.0,1,54,8,28,11,20,12,0,38,1,0,-0.321,-0.9,29,5,8,5,5.62,3,10,34,0.276,0.382,0.552,0.934,151,85,0.321,1.38,0.783,,0.9,27,10,9.0,1,41,23,23,9,10,4,0,47,0,0,0.178,0.6
KCA/KCA201806030,"Sunday, June 3, 2018",1:17 p.m. Local,Kauffman Stadium,19424,2:26,Day,Away,Oakland Athletics,OAK,Kansas City Royals,KCR,34,5,8,5,5.0,3,10,38,0.235,0.316,0.353,0.669,115,84,0.126,0.91,0.782,,0.4,27,11,9.0,1,43,18,24,11,13,3,0,58,0,0,0.375,3.6,29,1,3,1,1.0,3,6,32,0.103,0.188,0.241,0.429,135,81,-0.375,1.05,0.283,,-3.6,27,7,9.0,1,50,13,18,11,12,3,0,62,1,1,-0.125,-0.4
ANA/ANA201806040,"Monday, June 4, 2018",7:07 p.m. Local,Angel Stadium of Anaheim,32553,3:35,Night,Home,Los Angeles Angels,LAA,Kansas City Royals,KCR,39,6,12,6,6.0,2,7,41,0.308,0.341,0.487,0.829,175,100,0.221,1.51,0.984,,1.5,24,6,8.0,2,57,16,27,15,17,5,0,34,2,1,-0.721,-5.0,34,9,14,8,10.12,6,3,41,0.412,0.488,0.588,1.076,156,100,0.719,1.07,1.571,,5.0,27,9,9.0,1,68,14,22,7,25,7,0,30,3,0,-0.221,-1.5
ANA/ANA201806050,"Tuesday, June 5, 2018",7:08 p.m. Local,Angel Stadium of Anaheim,31514,2:16,Night,Home,Los Angeles Angels,LAA,Kansas City Royals,KCR,28,0,1,0,0.0,1,4,30,0.036,0.1,0.036,0.136,119,81,-0.74,1.05,0.094,,-4.5,24,8,8.0,0,48,16,17,13,11,3,0,51,2,1,0.239,3.0,29,1,7,0,1.12,1,6,30,0.241,0.267,0.241,0.508,116,76,-0.24,1.18,0.375,,-3.0,27,13,9.0,0,45,14,19,12,11,3,0,88,,,0.739,4.5
ANA/ANA201806060,"Wednesday, June 6, 2018",7:08 p.m. Local,Angel Stadium of Anaheim,36512,3:11,Night,Home,Los Angeles Angels,LAA,Kansas City Royals,KCR,33,3,8,3,3.0,5,13,38,0.242,0.342,0.273,0.615,142,87,-0.377,1.24,0.689,,-1.5,24,6,8.0,2,33,27,27,10,10,6,0,51,0,0,-0.122,0.0,34,4,10,4,4.5,4,8,38,0.294,0.368,0.588,0.957,155,84,0.122,1.39,0.942,,-0.0,27,10,9.0,0,50,11,23,6,20,10,0,51,2,0,0.378,1.5
OAK/OAK201806070,"Thursday, June 7, 2018",7:08 p.m. Local,Oakland-Alameda County Coliseum,7963,2:18,Night,Home,Oakland Athletics,OAK,Kansas City Royals,KCR,30,1,4,1,1.0,0,6,30,0.133,0.133,0.267,0.4,117,82,-0.344,0.89,0.197,,-3.5,24,7,8.0,1,53,14,15,12,12,7,0,45,0,0,-0.158,-0.0,32,4,9,4,4.5,1,8,33,0.281,0.303,0.406,0.709,110,85,0.157,0.76,0.607,,0.0,27,10,9.0,1,46,13,26,9,15,7,0,65,0,0,0.343,3.5
OAK/OAK201806080,"Friday, June 8, 2018",7:07 p.m. Local,Oakland-Alameda County Coliseum,10132,2:32,Night,Home,Oakland Athletics,OAK,Kansas City Royals,KCR,34,2,7,2,2.0,2,7,36,0.206,0.25,0.324,0.574,138,81,-0.288,0.36,0.142,,-2.5,24,6,8.0,3,50,10,21,13,14,6,0,28,2,1,-0.212,-3.0,35,7,11,6,6.75,1,7,36,0.314,0.333,0.657,0.99,118,90,0.212,0.55,0.452,,3.0,27,10,9.0,1,54,14,22,12,16,7,0,63,2,0,0.288,2.5
OAK/OAK201806090,"Saturday, June 9, 2018",1:08 p.m. Local,Oakland-Alameda County Coliseum,16208,2:27,Day,Away,Kansas City Royals,KCR,Oakland Athletics,OAK,31,2,4,2,2.0,2,7,34,0.129,0.206,0.258,0.464,126,79,-0.226,1.38,0.334,,-2.5,27,7,9.0,0,43,11,25,6,18,6,0,78,0,0,0.727,4.5,31,0,4,0,0.0,3,13,34,0.129,0.206,0.129,0.335,123,83,-0.726,0.81,0.26,,-4.5,27,5,9.0,1,37,23,23,9,9,3,0,72,0,0,0.227,2.5
OAK/OAK201806100,"Sunday, June 10, 2018",1:08 p.m. Local,Oakland-Alameda County Coliseum,15548,2:25,Day,Home,Oakland Athletics,OAK,Kansas City Royals,KCR,35,2,7,1,2.0,0,6,35,0.2,0.2,0.371,0.571,129,86,-0.492,1.43,0.656,,-2.5,24,6,8.0,1,60,14,12,16,13,3,0,50,3,0,-0.009,1.0,29,3,7,3,3.38,5,7,35,0.241,0.371,0.379,0.751,110,87,0.009,1.45,0.93,,-1.0,27,10,9.0,1,50,17,20,9,13,7,0,64,1,0,0.492,2.5
KCA/KCA201806120,"Tuesday, June 12, 2018",7:15 p.m. Local,Kauffman Stadium,20476,2:58,Night,Away,Cincinnati Reds,CIN,Kansas City Royals,KCR,37,5,8,5,4.5,6,5,43,0.216,0.326,0.351,0.677,128,95,0.096,0.96,1.335,,-0.1,30,14,10.0,1,60,10,25,12,20,9,0,71,0,0,0.405,4.1,34,1,4,1,0.9,1,4,36,0.118,0.167,0.206,0.373,150,80,-0.405,1.67,0.335,,-4.1,30,9,10.0,1,52,11,17,15,15,7,0,78,0,0,-0.096,0.1
KCA/KCA201806130,"Wednesday, June 13, 2018",7:15 p.m. Local,Kauffman Stadium,24899,2:41,Night,Away,Cincinnati Reds,CIN,Kansas City Royals,KCR,36,7,9,6,5.0,0,3,38,0.25,0.27,0.389,0.659,128,83,0.005,1.06,0.494,,2.4,27,11,9.0,0,59,8,16,13,21,9,0,66,4,0,0.495,4.6,30,0,5,0,0.0,3,1,33,0.167,0.242,0.233,0.476,119,85,-0.494,0.82,0.265,,-4.6,27,12,9.0,1,59,5,21,11,18,7,0,57,5,3,-0.005,-2.4
KCA/KCA201806150,"Friday, June 15, 2018",7:15 p.m. Local,Kauffman Stadium,27603,2:49,Night,Away,Houston Astros,HOU,Kansas City Royals,KCR,36,7,12,7,7.0,2,5,38,0.333,0.368,0.639,1.007,134,101,0.449,0.95,0.93,,2.4,27,7,9.0,0,61,8,32,12,19,6,0,57,0,0,0.052,1.6,31,3,5,3,3.0,4,14,35,0.161,0.257,0.226,0.483,151,92,-0.052,0.83,0.557,,-1.6,27,9,9.0,3,40,24,28,8,9,4,0,32,0,0,-0.449,-2.4
KCA/KCA201806160,"Saturday, June 16, 2018",1:15 p.m. Local,Kauffman Stadium,20657,2:46,Day,Away,Houston Astros,HOU,Kansas City Royals,KCR,35,10,10,10,9.0,4,9,40,0.286,0.35,0.514,0.864,149,89,0.316,0.83,0.631,,5.4,27,10,9.0,0,54,12,23,8,19,10,0,60,0,0,0.185,2.6,33,2,6,2,0.0,1,12,36,0.182,0.25,0.212,0.462,150,95,-0.183,0.55,0.356,,-2.6,27,7,9.0,2,48,22,25,14,7,6,0,34,0,0,-0.316,-5.4
KCA/KCA201806170,"Sunday, June 17, 2018",1:17 p.m. Local,Kauffman Stadium,22326,2:46,Day,Away,Houston Astros,HOU,Kansas City Royals,KCR,37,7,15,7,7.0,3,3,41,0.405,0.439,0.541,0.98,133,81,0.452,0.99,1.372,,2.4,27,12,9.0,1,51,6,24,18,17,12,0,55,0,0,0.049,0.6,32,4,6,3,2.0,4,11,36,0.188,0.278,0.344,0.622,118,81,-0.048,1.34,0.571,,-0.6,27,18,9.0,1,39,18,24,12,9,3,0,40,3,1,-0.452,-2.4
KCA/KCA201806180,"Monday, June 18, 2018",7:16 p.m. Local,Kauffman Stadium,18319,3:04,Night,Away,Texas Rangers,TEX,Kansas City Royals,KCR,33,6,8,6,6.0,7,10,41,0.242,0.39,0.455,0.845,129,96,0.184,1.14,0.66,,1.4,27,12,9.0,0,60,18,18,12,11,4,0,42,0,0,0.317,1.6,34,3,9,3,3.0,1,3,36,0.265,0.278,0.353,0.631,161,82,-0.317,0.72,0.594,,-1.6,27,8,9.0,2,56,6,20,14,18,6,0,49,2,0,-0.185,-1.4
KCA/KCA201806190,"Tuesday, June 19, 2018",7:15 p.m. Local,Kauffman Stadium,17789,2:46,Night,Away,Texas Rangers,TEX,Kansas City Royals,KCR,36,4,12,3,3.0,5,6,41,0.333,0.415,0.444,0.859,133,83,0.129,0.95,0.541,,-0.6,27,11,9.0,0,46,9,31,17,13,8,0,71,0,0,0.373,3.6,30,1,4,1,0.0,3,9,33,0.133,0.212,0.133,0.345,139,90,-0.374,0.64,0.369,,-3.6,27,12,9.0,0,52,13,25,11,10,4,0,37,1,0,-0.127,0.6
KCA/KCA201806200,"Wednesday, June 20, 2018",7:15 p.m. Local,Kauffman Stadium,19489,2:53,Night,Away,Texas Rangers,TEX,Kansas City Royals,KCR,31,3,6,2,3.0,7,7,40,0.194,0.35,0.29,0.64,127,91,-0.045,1.45,0.504,,-1.6,27,15,9.0,1,54,15,22,10,15,4,0,59,1,0,0.546,2.6,31,2,7,2,2.0,2,2,33,0.226,0.273,0.387,0.66,150,84,-0.545,0.82,0.487,,-2.6,27,10,9.0,1,53,9,24,12,17,7,0,50,1,0,0.046,1.6
HOU/HOU201806220,"Friday, June 22, 2018",7:10 p.m. Local,Minute Maid Park,39357,3:09,Night,Away,Kansas City Royals,KCR,Houston Astros,HOU,36,1,9,1,1.0,4,11,40,0.25,0.325,0.389,0.714,154,98,-0.253,1.77,0.747,,-3.5,27,11,9.0,0,58,21,19,9,16,7,0,71,0,0,0.754,4.6,28,0,2,0,0.0,7,7,36,0.071,0.278,0.107,0.385,156,91,-0.755,1.57,0.656,,-4.5,27,4,9.0,0,50,17,24,12,9,4,0,64,0,0,0.254,3.6
HOU/HOU201806230,"Saturday, June 23, 2018",6:16 p.m. Local,Minute Maid Park,40028,3:55,Night,Home,Houston Astros,HOU,Kansas City Royals,KCR,40,3,5,3,2.25,2,16,42,0.125,0.167,0.2,0.367,187,117,-0.537,1.9,0.511,,-3.1,33,8,11.0,1,62,28,27,10,14,6,0,65,0,0,0.037,-0.3,39,4,8,4,3.27,7,8,49,0.205,0.313,0.308,0.62,186,113,-0.039,1.09,1.277,,0.3,36,11,12.0,1,55,12,46,14,20,6,0,59,1,0,0.538,3.1
HOU/HOU201806240,"Sunday, June 24, 2018",1:11 p.m. Local,Minute Maid Park,41823,3:04,Day,Home,Houston Astros,HOU,Kansas City Royals,KCR,32,3,5,3,2.0,4,12,38,0.156,0.263,0.313,0.576,149,118,-0.119,0.53,0.176,,-1.5,24,6,8.0,2,59,28,31,9,12,7,0,16,0,0,-0.381,-7.0,33,11,9,10,10.12,7,4,41,0.273,0.4,0.545,0.945,178,88,0.381,0.4,0.601,,7.0,27,6,9.0,1,53,11,23,8,21,7,0,64,0,0,0.119,1.6
KCA/KCA201806250,"Monday, June 25, 2018",3:17 p.m. Local,Kauffman Stadium,19535,2:44,Day,Home,Kansas City Royals,KCR,Los Angeles Angels,LAA,29,0,3,0,0.0,2,9,32,0.103,0.188,0.103,0.291,130,91,-0.659,0.88,0.263,,-4.6,24,12,8.0,0,49,16,26,17,3,1,0,65,0,0,0.159,2.1,28,2,9,2,2.25,3,9,31,0.321,0.387,0.429,0.816,141,86,-0.162,1.26,0.444,,-2.1,27,15,9.0,0,50,18,19,7,12,10,0,77,1,0,0.66,4.6
MIL/MIL201806260,"Tuesday, June 26, 2018",7:10 p.m. Local,Miller Park,34412,2:41,Night,Home,Milwaukee Brewers,MIL,Kansas City Royals,KCR,30,1,3,1,1.0,3,11,33,0.1,0.182,0.267,0.448,138,97,-0.295,0.32,0.117,,-3.4,24,11,8.0,3,49,23,25,5,14,3,0,37,0,0,-0.205,-1.1,33,5,9,5,5.62,4,9,37,0.273,0.351,0.636,0.988,149,86,0.204,0.52,0.402,,1.1,27,4,9.0,1,51,15,20,14,10,6,0,84,2,0,0.295,3.4
MIL/MIL201806270,"Wednesday, June 27, 2018",1:10 p.m. Local,Miller Park,38436,2:48,Day,Away,Kansas City Royals,KCR,Milwaukee Brewers,MIL,33,5,8,5,5.0,2,6,37,0.242,0.297,0.333,0.631,152,83,0.265,1.14,0.768,,0.6,27,10,9.0,2,52,12,19,11,17,7,0,63,0,0,0.235,0.4,34,4,9,4,4.0,4,9,38,0.265,0.342,0.471,0.813,127,101,-0.233,0.93,0.671,,-0.4,27,7,9.0,1,51,21,29,12,13,8,0,49,6,3,-0.266,-0.6
SEA/SEA201806290,"Friday, June 29, 2018",7:10 p.m. Local,Safeco Field,25558,2:26,Night,Home,Seattle Mariners,SEA,Kansas City Royals,KCR,29,1,6,1,1.0,0,7,31,0.207,0.233,0.276,0.509,140,71,-0.394,0.44,0.209,,-3.3,24,2,8.0,2,39,17,15,15,8,4,0,52,0,0,-0.106,-0.2,29,4,5,4,4.5,5,6,34,0.172,0.294,0.379,0.673,96,79,0.106,0.75,0.383,,0.2,27,15,9.0,0,44,11,24,6,17,5,0,78,,,0.394,3.3
SEA/SEA201806300,"Saturday, June 30, 2018",7:10 p.m. Local,Safeco Field,33395,2:38,Night,Home,Seattle Mariners,SEA,Kansas City Royals,KCR,36,4,9,4,3.0,2,7,39,0.25,0.282,0.333,0.615,117,98,-0.116,0.68,0.653,,-0.3,24,9,8.0,1,51,17,30,15,15,7,0,26,0,0,-0.384,-2.2,36,6,14,6,6.75,0,6,37,0.389,0.378,0.583,0.962,141,81,0.385,1.15,0.746,,2.2,27,10,9.0,1,52,11,18,13,18,7,0,47,0,0,0.118,0.3
SEA/SEA201807010,"Sunday, July 1, 2018",1:10 p.m. Local,Safeco Field,38344,2:00,Day,Home,Seattle Mariners,SEA,Kansas City Royals,KCR,29,0,2,0,0.0,2,14,31,0.069,0.129,0.103,0.232,102,89,-0.732,0.75,0.144,,-4.3,24,12,8.0,0,46,26,17,7,8,3,0,69,,,0.231,2.8,29,1,6,1,1.12,0,3,29,0.207,0.207,0.241,0.448,125,64,-0.232,1.24,0.22,,-2.8,27,7,9.0,0,42,6,16,14,12,9,0,87,0,0,0.732,4.3
KCA/KCA201807020,"Monday, July 2, 2018",7:15 p.m. Local,Kauffman Stadium,18285,2:44,Night,Away,Cleveland Indians,CLE,Kansas City Royals,KCR,34,9,11,9,8.0,2,2,42,0.324,0.39,0.588,0.978,133,90,0.456,0.45,0.754,,4.4,27,10,9.0,1,63,6,21,20,15,7,0,51,0,0,0.044,1.6,34,3,8,3,3.0,0,5,34,0.235,0.235,0.353,0.588,142,88,-0.045,0.64,0.254,,-1.6,27,12,9.0,2,58,12,18,14,15,7,0,19,0,0,-0.456,-4.4
KCA/KCA201807030,"Tuesday, July 3, 2018",7:15 p.m. Local,Kauffman Stadium,19005,2:58,Night,Away,Cleveland Indians,CLE,Kansas City Royals,KCR,36,6,11,6,6.0,4,5,43,0.306,0.381,0.389,0.77,155,86,0.365,1.25,0.938,,1.4,27,6,9.0,1,52,12,22,18,15,8,0,39,3,0,0.134,0.6,36,4,12,4,4.0,2,5,39,0.333,0.385,0.5,0.885,140,100,-0.135,1.05,0.822,,-0.6,27,11,9.0,1,59,18,23,9,22,8,0,33,0,0,-0.366,-1.4
KCA/KCA201807040,"Wednesday, July 4, 2018",7:15 p.m. Local,Kauffman Stadium,22001,2:49,Night,Away,Cleveland Indians,CLE,Kansas City Royals,KCR,28,3,4,3,3.0,6,5,37,0.143,0.278,0.214,0.492,131,87,-0.124,1.7,0.405,,-1.6,27,5,9.0,0,46,13,28,13,13,5,0,66,1,0,0.625,2.6,32,2,8,1,1.0,1,12,35,0.25,0.286,0.313,0.598,142,85,-0.624,0.86,0.707,,-2.6,27,8,9.0,0,41,14,30,6,15,6,0,44,0,0,0.125,1.6
KCA/KCA201807060,"Friday, July 6, 2018",7:15 p.m. Local,Kauffman Stadium,24673,2:59,Night,Away,Boston Red Sox,BOS,Kansas City Royals,KCR,41,10,15,10,10.0,2,4,43,0.366,0.395,0.683,1.078,157,109,0.412,0.21,0.54,,5.4,27,8,9.0,1,66,9,34,13,24,12,0,69,0,0,0.088,-0.4,37,5,10,5,5.0,1,12,38,0.27,0.289,0.459,0.749,168,102,-0.089,0.31,0.085,,0.4,27,10,9.0,3,51,19,32,10,15,7,0,5,1,0,-0.412,-5.4
KCA/KCA201807070,"Saturday, July 7, 2018",6:15 p.m. Local,Kauffman Stadium,30347,4:03,Night,Away,Boston Red Sox,BOS,Kansas City Royals,KCR,40,15,16,15,15.0,13,8,54,0.4,0.537,0.6,1.137,166,112,0.559,1.11,1.264,,10.4,27,8,9.0,1,66,13,34,13,20,13,0,44,3,0,-0.058,0.6,34,4,6,4,4.0,2,13,40,0.176,0.275,0.324,0.599,215,110,0.059,1.02,0.733,,-0.6,27,9,9.0,1,66,21,23,9,13,5,0,33,4,3,-0.559,-10.4
KCA/KCA201807080,"Sunday, July 8, 2018",1:16 p.m. Local,Kauffman Stadium,28443,3:25,Day,Away,Boston Red Sox,BOS,Kansas City Royals,KCR,35,7,14,7,6.0,7,5,44,0.4,0.477,0.457,0.934,150,91,0.421,1.2,1.069,,2.4,27,5,9.0,0,61,8,22,19,13,7,0,55,1,0,0.081,0.6,39,4,12,4,4.0,1,13,40,0.308,0.325,0.41,0.735,168,107,-0.08,1.08,0.823,,-0.6,27,16,9.0,0,66,17,24,8,18,10,0,30,5,2,-0.419,-2.4
MIN/MIN201807090,"Monday, July 9, 2018",7:10 p.m. Local,Target Field,20199,3:03,Night,Home,Minnesota Twins,MIN,Kansas City Royals,KCR,33,1,7,1,1.0,1,11,35,0.212,0.257,0.303,0.56,175,94,-0.456,1.37,0.453,,-3.6,24,8,8.0,0,53,23,19,13,9,6,0,67,1,1,-0.045,1.1,35,3,11,3,3.38,4,9,39,0.314,0.385,0.343,0.727,143,106,0.046,1.13,0.848,,-1.1,27,9,9.0,0,59,14,33,10,16,14,0,69,0,0,0.455,3.7
MIN/MIN201807100,"Tuesday, July 10, 2018",7:10 p.m. Local,Target Field,27551,3:30,Night,Away,Kansas City Royals,KCR,Minnesota Twins,MIN,40,9,15,9,9.0,4,8,45,0.375,0.444,0.625,1.069,151,119,0.322,0.78,0.652,,4.3,27,8,9.0,1,72,23,26,12,20,12,0,43,0,0,0.178,0.7,34,4,9,4,4.0,3,8,37,0.265,0.324,0.441,0.766,197,89,-0.179,0.49,0.449,,-0.7,27,7,9.0,2,50,9,30,11,15,4,0,20,4,0,-0.323,-4.3
MIN/MIN201807110,"Wednesday, July 11, 2018",12:12 p.m. Local,Target Field,26708,3:19,Day,Home,Minnesota Twins,MIN,Kansas City Royals,KCR,35,5,9,5,4.0,3,12,40,0.257,0.35,0.514,0.864,152,114,0.0,1.0,0.773,,0.3,24,6,8.0,2,71,20,23,11,12,5,0,33,2,2,-0.5,-3.9,38,8,15,7,9.0,3,8,41,0.395,0.439,0.632,1.071,187,106,0.501,1.04,1.091,,3.9,27,9,9.0,3,65,13,28,13,17,8,0,46,2,0,-0.001,-0.3
CHA/CHA201807130,"Friday, July 13, 2018",7:11 p.m. Local,Guaranteed Rate Field,19361,3:34,Night,Home,Chicago White Sox,CHW,Kansas City Royals,KCR,35,6,7,5,3.0,3,9,41,0.2,0.293,0.257,0.55,180,102,-0.048,0.69,0.699,,1.5,24,11,8.0,3,57,22,23,10,17,5,0,21,3,0,-0.453,-5.0,37,9,14,9,10.12,6,4,43,0.378,0.465,0.676,1.141,159,111,0.454,1.15,0.847,,5.0,27,4,9.0,0,72,11,28,18,15,7,0,57,5,1,0.048,-1.5
CHA/CHA201807140,"Saturday, July 14, 2018",1:31 p.m. Local,Guaranteed Rate Field,20159,2:47,Day,Away,Kansas City Royals,KCR,Chicago White Sox,CHW,35,5,9,5,5.0,0,9,35,0.257,0.257,0.486,0.743,149,91,0.094,0.99,0.45,,0.5,27,6,9.0,0,57,15,19,6,20,10,0,74,0,0,0.405,4.5,33,0,6,0,0.0,3,10,36,0.182,0.25,0.182,0.432,124,99,-0.406,0.54,0.331,,-4.5,27,7,9.0,2,56,18,25,12,11,4,0,48,0,0,-0.096,-0.5
CHA/CHA201807150,"Sunday, July 15, 2018",1:11 p.m. Local,Guaranteed Rate Field,23434,2:39,Day,Home,Chicago White Sox,CHW,Kansas City Royals,KCR,30,1,5,1,1.0,3,8,33,0.167,0.242,0.333,0.576,133,95,-0.22,0.36,0.095,,-3.5,24,11,8.0,2,63,11,21,10,12,3,0,44,0,0,-0.279,-6.0,36,10,13,9,11.25,2,8,38,0.361,0.395,0.611,1.006,140,88,0.279,0.46,0.473,,6.0,27,10,9.0,1,53,19,16,16,12,9,0,72,0,0,0.22,3.5
KCA/KCA201807200,"Friday, July 20, 2018",7:15 p.m. Local,Kauffman Stadium,27719,3:08,Night,Home,Kansas City Royals,KCR,Minnesota Twins,MIN,36,5,10,5,5.0,6,4,43,0.278,0.372,0.389,0.761,148,107,-0.301,0.59,0.702,,0.4,24,4,8.0,1,61,12,34,15,18,6,0,43,0,0,-0.199,-1.9,32,6,8,6,6.75,3,6,35,0.25,0.314,0.406,0.721,183,95,0.2,1.44,0.529,,1.9,27,9,9.0,0,56,18,21,7,19,9,0,64,2,1,0.301,-0.4
KCA/KCA201807210,"Saturday, July 21, 2018",6:15 p.m. Local,Kauffman Stadium,22159,3:11,Night,Home,Kansas City Royals,KCR,Minnesota Twins,MIN,32,2,7,2,2.0,3,11,35,0.219,0.286,0.25,0.536,163,103,-0.391,0.84,0.465,,-2.6,24,9,8.0,1,55,14,34,14,7,2,0,49,3,1,-0.11,0.1,29,4,6,4,4.5,9,7,39,0.207,0.395,0.31,0.705,156,92,0.109,1.16,0.579,,-0.1,27,11,9.0,0,56,17,19,12,11,5,0,54,1,0,0.391,2.6
KCA/KCA201807220,"Sunday, July 22, 2018",1:17 p.m. Local,Kauffman Stadium,18107,2:35,Day,Home,Kansas City Royals,KCR,Minnesota Twins,MIN,30,3,3,3,3.0,3,10,33,0.1,0.182,0.233,0.415,146,86,-0.254,1.16,0.393,,-1.6,24,7,8.0,1,46,12,28,12,8,3,0,69,2,2,-0.246,-0.9,27,5,4,5,4.5,3,8,31,0.148,0.233,0.296,0.53,124,92,0.244,1.02,0.842,,0.9,27,9,9.0,1,52,22,18,7,13,5,0,65,1,0,0.254,1.6
KCA/KCA201807230,"Monday, July 23, 2018",7:15 p.m. Local,Kauffman Stadium,18370,3:13,Night,Away,Detroit Tigers,DET,Kansas City Royals,KCR,35,5,9,4,4.0,3,6,38,0.257,0.316,0.343,0.659,159,88,0.435,0.99,1.178,,0.4,27,11,9.0,0,60,10,18,20,9,5,0,49,3,1,0.066,0.6,39,4,12,4,2.0,3,8,44,0.308,0.372,0.41,0.782,126,101,-0.066,1.24,0.732,,-0.6,27,17,9.0,0,58,21,22,15,17,12,0,66,3,3,-0.434,-0.4
KCA/KCA201807240,"Tuesday, July 24, 2018",7:15 p.m. Local,Kauffman Stadium,25957,2:43,Night,Home,Kansas City Royals,KCR,Detroit Tigers,DET,30,4,3,4,4.0,2,8,32,0.1,0.156,0.267,0.423,123,91,-0.349,0.46,0.252,,-0.6,24,9,8.0,2,51,22,18,12,10,5,0,40,0,0,-0.152,-0.9,33,5,9,5,5.62,1,8,34,0.273,0.294,0.545,0.84,143,83,0.154,0.82,0.399,,0.9,27,12,9.0,1,47,16,20,13,12,8,0,67,2,2,0.347,0.6
KCA/KCA201807250,"Wednesday, July 25, 2018",1:15 p.m. Local,Kauffman Stadium,17382,2:50,Day,Away,Detroit Tigers,DET,Kansas City Royals,KCR,37,8,11,6,8.0,4,10,42,0.297,0.366,0.432,0.798,142,106,0.366,0.64,0.69,,3.4,27,9,9.0,0,65,18,23,12,16,4,0,57,0,0,0.135,0.6,39,4,11,4,4.0,0,8,39,0.282,0.282,0.385,0.667,165,97,-0.136,0.56,0.354,,-0.6,27,8,9.0,1,57,15,25,15,16,7,0,27,1,0,-0.365,-3.4
NYA/NYA201807260,"Thursday, July 26, 2018",7:09 p.m. Local,Yankee Stadium III,46965,2:58,Night,Home,New York Yankees,NYY,Kansas City Royals,KCR,35,2,9,2,2.0,2,12,37,0.257,0.297,0.4,0.697,151,89,-0.248,0.5,0.197,,-2.6,24,10,8.0,1,42,20,27,12,11,5,0,27,2,0,-0.253,-2.9,33,7,11,6,3.38,3,6,39,0.333,0.385,0.485,0.869,143,92,0.254,0.57,0.514,,2.9,27,12,9.0,1,51,12,29,12,17,11,0,64,0,0,0.245,2.6
NYA/NYA201807281,"Saturday, July 28, 2018",1:10 p.m. Local,Yankee Stadium III,46571,3:06,Day,Away,Kansas City Royals,KCR,New York Yankees,NYY,36,10,11,10,10.0,3,8,41,0.306,0.366,0.556,0.921,138,105,0.404,1.28,0.827,,5.4,27,13,9.0,1,62,17,26,11,18,7,0,33,4,0,0.096,-0.4,36,5,13,4,5.0,4,5,41,0.361,0.439,0.472,0.911,169,84,-0.096,0.73,0.864,,0.4,27,8,9.0,2,50,9,25,13,18,12,0,27,0,0,-0.404,-5.4
NYA/NYA201807282,"Saturday, July 28, 2018",7:08 p.m. Local,Yankee Stadium III,45043,3:27,Night,Home,New York Yankees,NYY,Kansas City Royals,KCR,38,4,12,4,4.0,6,13,46,0.316,0.422,0.474,0.896,139,106,-0.071,1.3,1.21,,-0.6,24,8,8.0,2,59,19,28,11,15,8,0,45,1,1,-0.43,-0.9,31,5,10,5,5.62,4,4,38,0.323,0.395,0.548,0.943,168,75,0.43,1.95,1.088,,0.9,27,7,9.0,1,50,8,17,11,18,7,0,50,5,1,0.071,0.6
NYA/NYA201807290,"Sunday, July 29, 2018",1:10 p.m. Local,Yankee Stadium III,46192,2:51,Day,Home,New York Yankees,NYY,Kansas City Royals,KCR,32,3,6,3,3.0,1,8,34,0.188,0.235,0.5,0.735,142,101,-0.298,0.49,0.22,,-1.6,24,9,8.0,1,62,19,20,8,16,6,0,33,4,2,-0.201,-1.9,30,6,9,6,6.75,4,7,36,0.3,0.389,0.467,0.856,150,89,0.202,0.69,0.451,,1.9,27,9,9.0,3,55,14,20,8,16,13,0,63,0,0,0.298,1.6
CHA/CHA201807310,"Tuesday, July 31, 2018",7:11 p.m. Local,Guaranteed Rate Field,15250,3:10,Night,Away,Kansas City Royals,KCR,Chicago White Sox,CHW,33,4,6,4,4.0,3,13,36,0.182,0.25,0.364,0.614,177,82,0.03,1.65,0.485,,-0.5,27,12,9.0,1,39,22,21,6,14,6,0,60,2,0,0.469,2.5,36,2,10,2,2.0,6,11,42,0.278,0.381,0.417,0.798,133,109,-0.47,0.64,0.922,,-2.5,27,5,9.0,2,66,25,18,11,14,8,0,56,0,0,-0.032,0.5
CHA/CHA201808010,"Wednesday, August 1, 2018",7:09 p.m. Local,Guaranteed Rate Field,18019,3:01,Night,Away,Kansas City Royals,KCR,Chicago White Sox,CHW,37,10,10,8,6.0,5,5,43,0.27,0.357,0.459,0.817,128,98,0.37,0.47,0.795,,5.5,27,10,9.0,1,54,16,28,13,20,8,0,43,2,0,0.13,-0.5,34,5,9,5,5.0,4,7,38,0.265,0.342,0.441,0.783,168,85,-0.13,0.6,0.265,,0.5,27,9,9.0,1,46,15,24,16,11,8,0,29,3,2,-0.37,-5.5
CHA/CHA201808020,"Thursday, August 2, 2018",1:10 p.m. Local,Guaranteed Rate Field,19682,2:52,Day,Home,Chicago White Sox,CHW,Kansas City Royals,KCR,33,4,7,4,4.0,2,6,36,0.212,0.25,0.364,0.614,133,78,0.069,1.11,1.027,,-0.5,24,6,8.0,2,48,14,16,10,18,6,0,61,4,3,-0.569,-2.0,31,6,9,6,6.75,4,12,35,0.29,0.371,0.613,0.984,123,86,0.568,1.41,1.206,,2.0,27,8,9.0,1,47,19,20,4,15,8,0,61,8,3,-0.07,0.5
MIN/MIN201808030,"Friday, August 3, 2018",7:11 p.m. Local,Target Field,22236,3:21,Night,Home,Minnesota Twins,MIN,Kansas City Royals,KCR,35,4,10,4,4.0,0,10,37,0.286,0.297,0.371,0.669,171,102,-0.122,1.17,0.711,,-0.7,24,9,8.0,0,60,19,23,8,18,10,0,37,2,0,-0.378,-1.9,33,6,11,6,6.75,6,9,39,0.333,0.436,0.394,0.83,154,94,0.378,1.33,0.943,,1.9,27,5,9.0,1,56,14,24,11,13,9,0,46,1,0,0.121,0.7
MIN/MIN201808040,"Saturday, August 4, 2018",6:46 p.m. Local,Target Field,27909,2:45,Night,Home,Minnesota Twins,MIN,Kansas City Royals,KCR,32,2,6,2,2.0,3,7,36,0.188,0.257,0.219,0.476,160,91,-0.153,0.59,0.419,,-2.7,24,7,8.0,3,58,11,22,14,12,5,0,31,2,2,-0.345,-3.9,34,8,11,8,9.0,4,9,39,0.324,0.385,0.676,1.061,138,98,0.344,0.92,0.678,,3.9,27,12,9.0,0,53,16,29,10,16,8,0,62,0,0,0.154,2.7
MIN/MIN201808050,"Sunday, August 5, 2018",1:12 p.m. Local,Target Field,25390,2:53,Day,Home,Minnesota Twins,MIN,Kansas City Royals,KCR,39,5,12,5,5.0,2,10,41,0.308,0.341,0.487,0.829,135,97,-0.224,0.87,1.144,,0.3,24,11,8.0,1,57,14,26,10,19,5,0,37,2,0,-0.277,-1.9,33,6,11,6,6.75,2,7,35,0.333,0.371,0.485,0.856,147,90,0.279,1.91,0.794,,1.9,27,6,9.0,2,55,13,22,13,13,7,0,39,3,0,0.223,-0.3
KCA/KCA201808060,"Monday, August 6, 2018",7:16 p.m. Local,Kauffman Stadium,32339,2:52,Night,Away,Chicago Cubs,CHC,Kansas City Royals,KCR,34,3,9,2,3.0,4,12,38,0.265,0.342,0.441,0.783,125,87,-0.042,1.35,0.796,,-1.6,27,11,9.0,0,49,16,22,12,10,6,0,55,0,0,0.542,3.6,33,1,8,1,1.0,1,5,35,0.242,0.286,0.242,0.528,144,86,-0.541,1.13,0.429,,-3.6,27,11,9.0,1,50,16,20,12,16,7,0,59,1,1,0.041,1.6
KCA/KCA201808070,"Tuesday, August 7, 2018",7:15 p.m. Local,Kauffman Stadium,27883,2:49,Night,Away,Chicago Cubs,CHC,Kansas City Royals,KCR,32,5,9,5,5.0,5,5,39,0.281,0.359,0.375,0.734,143,89,0.143,0.79,0.526,,0.4,27,10,9.0,0,48,14,27,15,14,4,0,64,1,0,0.357,4.6,33,0,6,0,0.0,3,7,36,0.182,0.25,0.182,0.432,147,92,-0.359,0.58,0.234,,-4.6,27,13,9.0,0,50,20,22,11,15,7,0,43,0,0,-0.142,-0.4
KCA/KCA201808080,"Wednesday, August 8, 2018",7:15 p.m. Local,Kauffman Stadium,24294,2:31,Night,Home,Kansas City Royals,KCR,Chicago Cubs,CHC,29,0,3,0,0.0,2,3,31,0.103,0.161,0.103,0.265,136,72,-0.42,0.59,0.212,,-4.6,24,6,8.0,1,45,8,19,9,17,10,0,43,0,0,-0.08,-4.9,32,9,9,8,10.12,4,5,37,0.281,0.351,0.5,0.851,114,86,0.081,0.97,0.424,,4.9,27,7,9.0,0,56,7,23,9,19,6,0,72,0,0,0.42,4.6
KCA/KCA201808100,"Friday, August 10, 2018",7:16 p.m. Local,Kauffman Stadium,29414,3:04,Night,Away,St. Louis Cardinals,STL,Kansas City Royals,KCR,38,7,12,7,7.0,3,9,42,0.316,0.381,0.632,1.013,156,95,0.307,0.47,0.543,,2.4,27,6,9.0,0,56,13,26,11,18,7,0,61,0,0,0.193,4.6,33,0,7,0,0.0,4,5,38,0.212,0.316,0.303,0.619,158,98,-0.192,0.36,0.175,,-4.6,27,8,9.0,3,63,14,21,9,19,6,0,22,2,0,-0.307,-2.4
KCA/KCA201808110,"Saturday, August 11, 2018",6:15 p.m. Local,Kauffman Stadium,38427,2:56,Night,Away,St. Louis Cardinals,STL,Kansas City Royals,KCR,37,8,11,8,8.0,3,4,40,0.297,0.35,0.568,0.918,140,99,0.328,0.74,0.649,,3.4,27,10,9.0,1,65,5,29,19,14,7,0,69,1,0,0.173,1.6,29,3,5,2,3.0,5,10,34,0.172,0.294,0.276,0.57,158,92,-0.172,0.54,0.394,,-1.6,27,16,9.0,2,48,17,27,10,9,5,0,29,0,0,-0.328,-3.4
KCA/KCA201808120,"Sunday, August 12, 2018",1:15 p.m. Local,Kauffman Stadium,23409,3:04,Day,Away,St. Louis Cardinals,STL,Kansas City Royals,KCR,38,8,12,8,8.0,1,10,43,0.316,0.395,0.447,0.843,132,111,0.298,0.81,0.976,,3.4,27,14,9.0,0,62,19,30,14,14,9,0,58,1,0,0.204,2.6,31,2,5,2,2.0,2,9,34,0.161,0.235,0.194,0.429,170,78,-0.203,1.11,0.375,,-2.6,27,11,9.0,1,40,12,26,15,7,3,0,70,6,2,-0.297,-3.4
KCA/KCA201808130,"Monday, August 13, 2018",7:16 p.m. Local,Kauffman Stadium,14721,2:42,Night,Home,Kansas City Royals,KCR,Toronto Blue Jays,TOR,28,1,5,1,1.0,4,7,32,0.179,0.281,0.286,0.567,149,79,-0.463,0.78,0.387,,-3.6,24,8,8.0,1,41,13,25,9,12,4,0,43,0,0,-0.037,1.1,27,3,7,3,3.38,5,7,32,0.259,0.375,0.37,0.745,140,86,0.038,1.21,0.554,,-1.1,27,13,9.0,1,51,19,18,6,14,6,0,67,0,0,0.463,3.6
KCA/KCA201808140,"Tuesday, August 14, 2018",7:46 p.m. Local,Kauffman Stadium,13680,3:06,Night,Away,Toronto Blue Jays,TOR,Kansas City Royals,KCR,31,6,6,5,6.0,7,4,39,0.194,0.359,0.419,0.778,153,86,0.404,1.51,1.181,,1.4,27,12,9.0,0,42,10,34,12,15,6,0,31,0,0,0.096,-0.4,36,5,12,5,5.0,4,8,40,0.333,0.4,0.5,0.9,149,92,-0.093,1.14,1.1,,0.4,27,12,9.0,2,53,21,18,13,15,10,0,39,0,0,-0.405,-1.4
KCA/KCA201808150,"Wednesday, August 15, 2018",7:30 p.m. Local,Kauffman Stadium,14391,2:39,Night,Away,Toronto Blue Jays,TOR,Kansas City Royals,KCR,36,6,10,6,6.0,4,6,41,0.278,0.366,0.417,0.783,126,93,0.297,1.1,0.934,,1.4,27,3,9.0,3,57,11,25,6,24,9,0,48,1,0,0.204,-0.4,33,5,7,5,5.0,2,5,35,0.212,0.257,0.545,0.803,146,85,-0.204,0.99,0.587,,0.4,27,6,9.0,1,53,11,21,6,22,8,0,25,2,0,-0.297,-1.4
KCA/KCA201808160,"Thursday, August 16, 2018",9:29 p.m. Local,Kauffman Stadium,14894,2:43,Night,Home,Kansas City Royals,KCR,Toronto Blue Jays,TOR,31,2,7,2,2.0,3,9,36,0.226,0.306,0.258,0.564,121,87,-0.15,0.66,0.443,,-2.6,24,8,8.0,1,49,24,17,11,12,6,0,28,2,1,-0.35,-1.9,34,6,12,6,6.75,2,6,37,0.353,0.389,0.559,0.948,151,75,0.348,0.96,0.698,,1.9,27,10,9.0,0,44,15,16,13,16,8,0,48,1,0,0.151,2.6
CHA/CHA201808170,"Friday, August 17, 2018",7:11 p.m. Local,Guaranteed Rate Field,24556,2:57,Night,Home,Chicago White Sox,CHW,Kansas City Royals,KCR,30,3,6,3,3.0,3,7,34,0.2,0.265,0.267,0.531,155,83,0.001,1.11,0.438,,-1.5,24,7,8.0,2,51,14,19,12,12,7,0,52,3,3,-0.501,-5.0,35,9,10,9,9.0,4,7,40,0.286,0.375,0.543,0.918,130,96,0.5,0.75,1.18,,5.0,27,8,9.0,0,59,13,24,10,18,8,0,56,0,0,0.0,1.5
CHA/CHA201808180,"Saturday, August 18, 2018",6:10 p.m. Local,Guaranteed Rate Field,19018,3:06,Night,Away,Kansas City Royals,KCR,Chicago White Sox,CHW,32,3,6,3,3.0,5,8,37,0.188,0.297,0.313,0.61,156,84,-0.055,1.37,0.631,,-1.5,27,8,9.0,1,47,11,26,13,11,5,0,54,2,0,0.554,3.5,35,1,9,1,1.0,1,13,36,0.257,0.278,0.4,0.678,144,106,-0.553,0.9,0.607,,-3.5,27,15,9.0,1,63,19,24,15,8,4,0,56,4,1,0.054,1.5
CHA/CHA201808190,"Sunday, August 19, 2018",1:11 p.m. Local,Guaranteed Rate Field,22033,3:11,Day,Home,Chicago White Sox,CHW,Kansas City Royals,KCR,36,6,9,6,6.0,3,16,39,0.25,0.308,0.5,0.808,143,102,-0.173,0.95,0.74,,1.5,24,9,8.0,3,50,27,25,4,16,5,0,23,0,0,-0.328,-3.0,32,7,10,7,7.88,4,9,37,0.312,0.389,0.594,0.983,166,90,0.327,1.14,0.801,,3.0,27,2,9.0,3,52,19,19,9,15,8,0,24,2,0,0.172,-1.5
TBA/TBA201808200,"Monday, August 20, 2018",7:10 p.m. Local,Tropicana Field,10036,2:49,Night,Home,Tampa Bay Rays,TBR,Kansas City Royals,KCR,32,0,6,0,0.0,2,10,34,0.188,0.235,0.219,0.454,149,84,-0.743,0.96,0.442,,-4.5,24,10,8.0,0,44,16,24,9,13,7,0,53,1,0,0.243,3.0,30,1,8,1,1.12,4,7,34,0.267,0.353,0.3,0.653,126,90,-0.242,1.62,0.409,,-3.0,27,9,9.0,0,47,11,32,12,11,7,0,53,2,0,0.742,4.5
TBA/TBA201808210,"Tuesday, August 21, 2018",7:10 p.m. Local,Tropicana Field,9402,3:03,Night,Home,Tampa Bay Rays,TBR,Kansas City Royals,KCR,34,1,8,1,1.0,2,16,36,0.235,0.278,0.412,0.69,154,106,-0.377,0.72,0.391,,-3.5,24,9,8.0,1,43,32,33,6,12,3,0,38,0,0,-0.124,-0.0,37,4,14,4,4.5,3,10,40,0.378,0.425,0.595,1.02,163,92,0.123,0.94,0.572,,0.0,27,3,9.0,1,53,14,25,14,13,9,0,70,0,0,0.377,3.5
TBA/TBA201808220,"Wednesday, August 22, 2018",7:11 p.m. Local,Tropicana Field,8686,2:52,Night,Home,Tampa Bay Rays,TBR,Kansas City Royals,KCR,33,3,7,3,3.0,0,8,33,0.212,0.212,0.455,0.667,139,90,-0.269,0.78,0.497,,-1.5,24,10,8.0,0,58,13,19,7,18,8,0,44,3,1,-0.231,-2.0,36,6,14,6,4.5,2,7,39,0.389,0.421,0.472,0.893,133,89,0.229,1.04,0.714,,2.0,27,7,9.0,2,52,19,18,14,16,11,0,58,1,0,0.27,1.5
TBA/TBA201808230,"Thursday, August 23, 2018",7:10 p.m. Local,Tropicana Field,9088,2:51,Night,Home,Tampa Bay Rays,TBR,Kansas City Royals,KCR,32,3,7,3,3.0,3,10,36,0.219,0.278,0.25,0.528,160,87,-0.219,1.83,0.579,,-1.5,25,7,8.1,0,43,17,27,10,13,6,0,52,3,0,-0.279,-1.1,35,4,11,2,3.24,6,9,43,0.314,0.419,0.371,0.79,133,90,0.279,1.24,1.318,,1.1,27,8,9.0,0,62,12,16,13,14,9,0,50,0,0,0.22,1.5
KCA/KCA201808240,"Friday, August 24, 2018",7:15 p.m. Local,Kauffman Stadium,19304,2:55,Night,Home,Kansas City Royals,KCR,Cleveland Indians,CLE,35,4,10,4,4.0,3,8,39,0.286,0.342,0.486,0.828,132,107,0.135,1.12,1.04,,-0.6,24,5,8.0,3,71,14,22,13,15,9,0,58,0,0,-0.634,-0.9,30,5,6,5,5.62,3,9,34,0.2,0.294,0.533,0.827,176,81,0.635,1.25,1.234,,0.9,27,8,9.0,2,45,13,23,5,17,5,0,51,0,0,-0.135,0.6
KCA/KCA201808250,"Saturday, August 25, 2018",6:16 p.m. Local,Kauffman Stadium,16894,2:45,Night,Home,Kansas City Royals,KCR,Cleveland Indians,CLE,31,1,5,0,1.0,2,6,33,0.161,0.212,0.226,0.438,117,89,-0.271,0.69,0.281,,-3.6,24,11,8.0,1,50,16,23,14,11,6,0,34,2,0,-0.23,-2.9,33,7,14,7,7.88,2,7,36,0.424,0.457,0.636,1.094,152,78,0.23,0.72,0.592,,2.9,27,10,9.0,0,44,14,20,12,15,10,0,63,1,0,0.272,3.6
KCA/KCA201808260,"Sunday, August 26, 2018",1:17 p.m. Local,Kauffman Stadium,18575,3:08,Day,Away,Cleveland Indians,CLE,Kansas City Royals,KCR,39,12,13,11,12.0,7,6,47,0.333,0.435,0.564,0.999,150,102,0.44,0.61,0.837,,7.4,27,8,9.0,3,60,15,27,14,20,9,0,47,0,0,0.06,-0.4,36,5,9,5,5.0,1,10,37,0.25,0.27,0.583,0.854,177,103,-0.059,0.65,0.431,,0.4,27,11,9.0,2,49,19,35,10,16,6,0,33,2,0,-0.441,-7.4
KCA/KCA201808280,"Tuesday, August 28, 2018",7:15 p.m. Local,Kauffman Stadium,16888,2:24,Night,Home,Kansas City Royals,KCR,Detroit Tigers,DET,30,2,6,2,2.0,0,7,32,0.2,0.219,0.333,0.552,129,68,-0.189,0.6,0.247,,-2.6,24,12,8.0,1,41,9,18,11,13,5,0,39,0,0,-0.312,-1.9,31,6,10,5,6.75,3,6,36,0.323,0.361,0.484,0.845,104,86,0.31,0.66,0.564,,1.9,27,11,9.0,1,52,10,26,10,17,9,0,74,,,0.188,2.6
KCA/KCA201808290,"Wednesday, August 29, 2018",1:15 p.m. Local,Kauffman Stadium,17091,2:38,Day,Home,Kansas City Royals,KCR,Detroit Tigers,DET,31,2,3,2,2.0,4,11,35,0.097,0.2,0.194,0.394,134,98,-0.12,0.36,0.194,,-2.6,24,6,8.0,2,51,19,28,7,13,6,0,20,4,2,-0.379,-4.9,33,9,12,9,10.12,3,5,37,0.364,0.405,0.758,1.163,158,82,0.379,0.48,0.545,,4.9,27,5,9.0,1,48,11,23,6,23,12,0,67,0,0,0.12,2.6
KCA/KCA201808310,"Friday, August 31, 2018",7:17 p.m. Local,Kauffman Stadium,15394,2:39,Night,Home,Kansas City Royals,KCR,Baltimore Orioles,BAL,30,2,4,2,2.0,2,4,33,0.133,0.182,0.267,0.448,158,79,-0.2,0.79,0.4,,-2.6,24,5,8.0,3,50,9,20,12,15,3,0,32,0,0,-0.301,-4.9,35,9,14,8,10.12,5,5,42,0.4,0.452,0.686,1.138,124,93,0.3,0.91,0.767,,4.9,27,9,9.0,1,56,14,23,7,25,10,0,68,0,0,0.2,2.6
KCA/KCA201809010,"Saturday, September 1, 2018",6:17 p.m. Local,Kauffman Stadium,15358,2:56,Night,Home,Kansas City Royals,KCR,Baltimore Orioles,BAL,36,4,13,4,4.0,1,7,38,0.361,0.368,0.556,0.924,150,86,0.218,1.57,1.012,,-0.6,25,9,8.1,2,49,15,22,15,15,8,0,47,2,0,-0.719,-0.7,34,5,10,5,5.4,2,8,37,0.294,0.333,0.529,0.863,131,99,0.72,1.13,1.67,,0.7,27,12,9.0,2,56,17,26,10,17,9,0,56,0,0,-0.22,0.6
KCA/KCA201809020,"Sunday, September 2, 2018",1:17 p.m. Local,Kauffman Stadium,18463,2:48,Day,Home,Kansas City Royals,KCR,Baltimore Orioles,BAL,31,1,6,1,1.0,0,10,31,0.194,0.194,0.29,0.484,150,83,-0.217,0.64,0.188,,-3.6,24,10,8.0,0,41,17,25,10,11,7,0,29,2,0,-0.284,-4.9,36,9,14,7,9.0,3,7,40,0.389,0.45,0.556,1.006,121,89,0.285,0.57,0.668,,4.9,27,9,9.0,1,53,10,26,11,18,12,0,71,0,0,0.216,3.6
CLE/CLE201809030,"Monday, September 3, 2018",4:10 p.m. Local,Progressive Field,20536,2:40,Day,Away,Kansas City Royals,KCR,Cleveland Indians,CLE,38,5,11,5,5.0,0,12,38,0.289,0.289,0.658,0.947,122,108,0.102,0.81,0.452,,0.3,27,13,9.0,1,58,25,25,9,17,9,0,79,3,0,0.397,3.7,29,1,4,1,1.0,2,6,32,0.138,0.219,0.241,0.46,159,74,-0.397,0.5,0.206,,-3.7,27,6,9.0,4,48,10,17,10,13,8,0,50,0,0,-0.103,-0.3
CLE/CLE201809040,"Tuesday, September 4, 2018",7:10 p.m. Local,Progressive Field,17041,2:59,Night,Home,Cleveland Indians,CLE,Kansas City Royals,KCR,32,3,5,3,2.0,2,13,36,0.156,0.25,0.313,0.563,161,98,-0.142,0.39,0.152,,-1.7,24,3,8.0,2,42,19,37,9,10,7,0,31,2,0,-0.359,-4.8,35,9,11,9,9.0,4,10,42,0.314,0.405,0.571,0.976,149,103,0.36,0.4,0.49,,4.8,27,5,9.0,1,58,15,30,9,17,3,0,71,1,1,0.14,1.7
CLE/CLE201809050,"Wednesday, September 5, 2018",1:10 p.m. Local,Progressive Field,18435,2:31,Day,Home,Cleveland Indians,CLE,Kansas City Royals,KCR,29,1,2,1,1.0,1,16,30,0.069,0.1,0.172,0.272,110,95,-0.548,0.92,0.228,,-3.7,24,7,8.0,0,40,26,29,6,7,4,0,51,2,1,0.047,1.2,34,3,11,3,1.12,1,6,36,0.324,0.333,0.382,0.716,144,76,-0.046,1.1,0.534,,-1.2,27,6,9.0,0,48,13,15,13,16,9,0,75,1,0,0.547,3.7
MIN/MIN201809070,"Friday, September 7, 2018",7:10 p.m. Local,Target Field,19944,3:36,Night,Home,Minnesota Twins,MIN,Kansas City Royals,KCR,35,6,10,6,6.0,7,6,43,0.286,0.405,0.429,0.833,175,103,0.161,0.95,0.886,,1.3,24,12,8.0,1,61,18,24,9,21,14,0,19,4,0,-0.663,-5.9,36,10,12,9,10.12,7,3,43,0.333,0.442,0.444,0.886,174,100,0.665,0.99,1.066,,5.9,27,9,9.0,1,64,13,23,22,11,1,0,25,2,2,-0.163,-1.3
MIN/MIN201809080,"Saturday, September 8, 2018",6:10 p.m. Local,Target Field,25814,2:42,Night,Away,Kansas City Royals,KCR,Minnesota Twins,MIN,35,4,8,4,4.0,3,9,39,0.229,0.308,0.286,0.593,119,96,0.043,0.77,0.661,,-0.7,27,6,9.0,0,55,20,21,10,16,8,0,79,2,1,0.457,3.7,27,1,1,1,1.0,1,4,29,0.037,0.069,0.037,0.106,158,73,-0.457,0.93,0.082,,-3.7,27,9,9.0,0,39,6,28,8,16,6,0,65,1,1,-0.042,0.7
MIN/MIN201809090,"Sunday, September 9, 2018",1:13 p.m. Local,Target Field,20903,2:36,Day,Home,Minnesota Twins,MIN,Kansas City Royals,KCR,29,1,3,1,1.0,4,10,34,0.103,0.235,0.207,0.442,121,87,-0.546,1.22,0.392,,-3.7,26,8,8.2,1,48,18,24,10,9,2,0,63,0,0,0.047,1.5,32,3,7,3,3.12,3,7,35,0.219,0.286,0.375,0.661,144,83,-0.045,1.25,0.727,,-1.5,27,8,9.0,1,45,16,22,9,16,5,0,61,0,0,0.546,3.7
KCA/KCA201809100,"Monday, September 10, 2018",7:15 p.m. Local,Kauffman Stadium,17809,2:51,Night,Home,Kansas City Royals,KCR,Chicago White Sox,CHW,36,3,8,3,2.7,0,8,36,0.222,0.222,0.417,0.639,138,85,-0.461,1.31,0.527,,-2.1,27,15,9.0,2,46,16,23,14,14,4,0,54,0,0,-0.039,0.2,33,4,8,3,3.0,2,5,36,0.242,0.286,0.545,0.831,124,81,0.04,1.23,0.971,,-0.2,30,14,10.0,2,50,13,20,16,13,5,0,61,0,0,0.462,2.1
KCA/KCA201809110,"Tuesday, September 11, 2018",7:17 p.m. Local,Kauffman Stadium,17613,2:55,Night,Home,Kansas City Royals,KCR,Chicago White Sox,CHW,33,3,6,3,3.0,5,9,38,0.182,0.289,0.212,0.502,110,94,-0.197,0.68,0.362,,-1.6,24,13,8.0,0,46,17,31,17,7,3,0,30,2,2,-0.303,-1.9,28,6,9,6,5.62,3,5,33,0.321,0.375,0.429,0.804,157,72,0.304,0.78,0.555,,1.9,27,14,9.0,0,45,10,19,13,12,5,0,69,2,1,0.199,1.6
KCA/KCA201809120,"Wednesday, September 12, 2018",7:15 p.m. Local,Kauffman Stadium,17840,3:53,Night,Away,Chicago White Sox,CHW,Kansas City Royals,KCR,41,4,7,4,3.0,6,11,47,0.171,0.277,0.366,0.642,193,111,-0.297,1.64,1.322,,-2.1,36,15,12.0,0,59,22,30,14,16,8,0,54,3,0,0.797,4.1,38,2,7,2,1.5,8,12,46,0.184,0.326,0.263,0.589,179,110,-0.797,1.7,0.916,,-4.1,36,15,12.0,2,60,22,28,12,14,8,0,56,1,0,0.298,2.1
KCA/KCA201809130,"Thursday, September 13, 2018",7:17 p.m. Local,Kauffman Stadium,18745,3:12,Night,Home,Kansas City Royals,KCR,Minnesota Twins,MIN,33,4,7,4,4.0,1,7,35,0.212,0.229,0.364,0.592,183,82,-0.125,0.97,0.508,,-0.6,24,7,8.0,2,46,13,23,9,18,7,0,56,2,0,-0.376,-1.9,32,6,8,5,4.5,7,6,40,0.25,0.4,0.5,0.9,123,107,0.375,1.07,1.053,,1.9,27,8,9.0,1,70,11,26,10,16,10,0,57,7,2,0.125,0.6
KCA/KCA201809140,"Friday, September 14, 2018",7:17 p.m. Local,Kauffman Stadium,18389,3:15,Night,Home,Kansas City Royals,KCR,Minnesota Twins,MIN,40,4,13,4,4.0,3,5,43,0.325,0.372,0.375,0.747,143,112,0.067,1.59,0.901,,-0.6,25,10,8.1,2,64,13,35,18,17,9,0,60,0,0,-0.566,-3.7,34,8,11,8,8.64,5,11,40,0.324,0.4,0.588,0.988,164,94,0.567,1.21,1.388,,3.7,27,10,9.0,0,54,19,21,10,14,7,0,34,1,0,-0.067,0.6
KCA/KCA201809150,"Saturday, September 15, 2018",6:16 p.m. Local,Kauffman Stadium,19505,3:04,Night,Home,Kansas City Royals,KCR,Minnesota Twins,MIN,36,3,11,3,2.0,2,5,39,0.306,0.333,0.333,0.667,165,98,-0.154,0.52,0.367,,-1.6,24,10,8.0,0,55,10,33,10,22,12,0,32,2,1,-0.346,-5.9,40,10,15,9,5.62,1,8,41,0.375,0.39,0.575,0.965,140,105,0.344,0.66,0.596,,5.9,27,6,9.0,0,65,15,25,14,18,10,0,56,1,1,0.155,1.6
KCA/KCA201809160,"Sunday, September 16, 2018",1:15 p.m. Local,Kauffman Stadium,20286,3:24,Day,Away,Minnesota Twins,MIN,Kansas City Royals,KCR,42,9,18,8,8.0,3,8,45,0.429,0.467,0.762,1.229,130,120,0.527,1.0,1.128,,4.4,27,10,9.0,1,73,15,32,11,23,12,0,38,1,0,-0.029,-1.4,38,6,13,6,6.0,0,9,38,0.342,0.342,0.526,0.868,198,89,0.029,0.87,0.759,,1.4,27,8,9.0,4,50,13,26,13,16,9,0,29,2,1,-0.53,-4.4
PIT/PIT201809170,"Monday, September 17, 2018",7:07 p.m. Local,PNC Park,10316,3:08,Night,Home,Pittsburgh Pirates,PIT,Kansas City Royals,KCR,36,6,10,6,6.0,0,5,39,0.278,0.289,0.444,0.734,161,88,0.311,1.67,0.938,,1.8,26,9,8.2,0,53,20,15,15,18,9,0,42,4,1,-0.812,-3.2,41,7,16,6,7.27,3,8,44,0.39,0.432,0.463,0.895,122,100,0.811,1.11,1.945,,3.2,27,9,9.0,1,59,24,17,21,12,8,0,40,0,0,-0.312,-1.8
PIT/PIT201809180,"Tuesday, September 18, 2018",7:06 p.m. Local,PNC Park,11566,3:29,Night,Home,Pittsburgh Pirates,PIT,Kansas City Royals,KCR,38,1,7,1,0.82,3,17,41,0.184,0.244,0.263,0.507,163,109,-0.588,1.66,0.744,,-4.1,31,11,10.1,1,52,32,25,8,13,8,0,68,4,0,0.088,1.6,38,2,9,2,1.74,3,4,42,0.237,0.293,0.342,0.635,166,105,-0.089,1.59,1.07,,-1.6,33,10,11.0,0,69,15,22,11,24,12,0,79,0,0,0.589,4.1
PIT/PIT201809190,"Wednesday, September 19, 2018",7:08 p.m. Local,PNC Park,13073,2:22,Night,Home,Pittsburgh Pirates,PIT,Kansas City Royals,KCR,31,1,6,1,1.0,2,10,33,0.194,0.242,0.355,0.597,103,78,-0.593,0.78,0.382,,-3.2,24,9,8.0,1,40,19,20,10,11,6,0,58,0,0,0.092,1.7,30,2,9,2,2.25,0,6,31,0.3,0.29,0.5,0.79,119,66,-0.092,1.27,0.388,,-1.7,27,9,9.0,1,41,10,15,12,13,6,0,68,0,0,0.592,3.2
DET/DET201809200,"Thursday, September 20, 2018",7:10 p.m. Local,Comerica Park,20282,3:12,Night,Home,Detroit Tigers,DET,Kansas City Royals,KCR,41,8,12,8,5.0,0,9,42,0.293,0.31,0.659,0.968,152,114,0.196,0.65,0.846,,3.3,24,9,8.0,3,70,17,27,11,21,8,0,9,0,0,-0.696,-6.8,37,11,14,11,10.12,5,3,43,0.378,0.442,0.784,1.226,166,89,0.697,0.88,1.047,,6.8,27,8,9.0,4,66,8,15,16,19,8,0,29,2,0,-0.195,-3.3
DET/DET201809210,"Friday, September 21, 2018",7:09 p.m. Local,Comerica Park,22001,2:51,Night,Away,Kansas City Royals,KCR,Detroit Tigers,DET,35,4,9,3,1.0,2,5,38,0.257,0.289,0.343,0.632,127,79,0.034,1.89,0.563,,-0.7,27,8,9.0,1,51,10,18,14,17,8,0,59,1,1,0.467,1.7,35,3,9,3,2.0,1,9,36,0.257,0.278,0.4,0.678,134,88,-0.467,0.7,0.868,,-1.7,27,10,9.0,0,50,17,21,11,15,8,0,52,0,0,-0.033,0.7
DET/DET201809220,"Saturday, September 22, 2018",6:10 p.m. Local,Comerica Park,24815,2:42,Night,Home,Detroit Tigers,DET,Kansas City Royals,KCR,30,4,6,4,4.0,2,7,33,0.2,0.242,0.5,0.742,150,79,-0.194,1.08,0.695,,-0.7,24,6,8.0,1,44,15,20,11,13,7,0,52,0,0,-0.306,-0.8,35,5,11,4,4.5,1,8,37,0.314,0.333,0.514,0.848,126,99,0.306,1.23,0.941,,0.8,27,12,9.0,2,61,15,23,13,15,7,0,66,0,0,0.194,0.7
DET/DET201809230,"Sunday, September 23, 2018",1:10 p.m. Local,Comerica Park,24230,2:47,Day,Away,Kansas City Royals,KCR,Detroit Tigers,DET,36,3,10,3,3.0,2,7,38,0.278,0.316,0.444,0.76,136,101,-0.018,1.9,0.642,,-1.7,27,11,9.0,0,68,12,21,12,17,8,0,66,0,0,0.517,2.7,30,2,6,2,2.0,4,3,36,0.2,0.278,0.2,0.478,165,88,-0.517,0.97,0.774,,-2.7,27,12,9.0,1,52,12,24,15,14,7,0,52,0,0,0.017,1.7
CIN/CIN201809250,"Tuesday, September 25, 2018",6:43 p.m. Local,Great American Ball Park,13172,2:40,Night,Away,Kansas City Royals,KCR,Cincinnati Reds,CIN,35,4,7,4,4.0,1,11,36,0.2,0.222,0.4,0.622,142,87,0.192,2.2,0.829,,-0.4,27,11,9.0,1,54,17,16,13,11,2,0,56,0,0,0.307,1.4,36,3,9,3,3.0,3,7,39,0.25,0.308,0.389,0.697,129,86,-0.306,0.96,1.151,,-1.4,27,6,9.0,2,51,11,24,20,9,2,0,49,0,0,-0.192,0.4
CIN/CIN201809260,"Wednesday, September 26, 2018",6:41 p.m. Local,Great American Ball Park,12549,2:48,Night,Away,Kansas City Royals,KCR,Cincinnati Reds,CIN,35,6,9,5,5.0,2,8,38,0.257,0.297,0.486,0.783,135,96,0.256,0.67,0.703,,1.6,27,7,9.0,1,53,18,25,18,10,5,0,73,2,0,0.244,3.4,31,1,5,1,1.0,3,11,34,0.161,0.235,0.258,0.493,149,88,-0.243,0.74,0.233,,-3.4,27,15,9.0,1,44,18,26,8,12,6,0,37,2,0,-0.255,-1.6
KCA/KCA201809270,"Thursday, September 27, 2018",7:16 p.m. Local,Kauffman Stadium,19262,3:08,Night,Home,Kansas City Royals,KCR,Cleveland Indians,CLE,38,1,10,1,0.9,2,5,41,0.263,0.293,0.316,0.608,153,101,-0.72,1.54,0.625,,-4.1,29,8,9.2,1,59,12,31,17,17,8,0,57,2,0,0.22,2.7,37,2,8,2,1.86,2,9,40,0.216,0.275,0.324,0.599,151,108,-0.222,1.68,0.882,,-2.7,30,13,10.0,0,62,22,24,13,15,7,0,55,0,0,0.721,4.1
KCA/KCA201809280,"Friday, September 28, 2018",7:15 p.m. Local,Kauffman Stadium,15920,3:16,Night,Away,Cleveland Indians,CLE,Kansas City Royals,KCR,44,14,16,12,12.0,3,3,47,0.364,0.404,0.591,0.995,157,120,0.111,0.51,0.49,,9.4,27,7,9.0,1,69,14,37,19,22,10,0,69,4,4,0.39,-1.4,34,6,7,6,6.0,3,7,37,0.206,0.27,0.382,0.653,175,98,-0.39,0.51,0.078,,1.4,27,9,9.0,2,63,15,20,10,17,6,0,45,4,4,-0.11,-9.4
KCA/KCA201809290,"Saturday, September 29, 2018",6:16 p.m. Local,Kauffman Stadium,23324,3:07,Night,Home,Kansas City Royals,KCR,Cleveland Indians,CLE,35,4,10,4,4.0,2,9,38,0.286,0.316,0.457,0.773,161,99,-0.042,0.96,0.484,,-0.6,24,1,8.0,1,59,15,25,11,16,7,0,45,4,1,-0.459,-4.9,40,9,16,9,10.12,5,9,45,0.4,0.467,0.525,0.992,149,107,0.458,0.84,1.119,,4.9,27,8,9.0,1,56,21,30,10,21,11,0,49,0,0,0.041,0.6
KCA/KCA201809300,"Sunday, September 30, 2018",2:17 p.m. Local,Kauffman Stadium,19690,2:44,Day,Away,Cleveland Indians,CLE,Kansas City Royals,KCR,33,2,6,1,1.0,4,8,38,0.182,0.289,0.333,0.623,128,88,-0.216,1.71,0.569,,-2.6,27,9,9.0,0,51,9,28,10,15,6,0,61,0,0,0.717,3.6,32,1,5,1,1.0,2,8,34,0.156,0.206,0.156,0.362,147,79,-0.716,1.02,0.475,,-3.6,27,8,9.0,1,42,22,15,14,10,5,0,56,0,0,0.217,2.6
