,date,time,venue,attendance,duration,time_of_day,winner,winning_name,winning_abbr,losing_name,losing_abbr,away_at_bats,away_runs,away_hits,away_rbi,away_earned_runs,away_bases_on_balls,away_strikeouts,away_plate_appearances,away_batting_average,away_on_base_percentage,away_slugging_percentage,away_on_base_plus,away_pitches,away_strikes,away_win_probability_for_offensive_player,away_average_leverage_index,away_win_probability_added,away_win_probability_subtracted,away_base_out_runs_added,away_putouts,away_assists,away_innings_pitched,away_home_runs,away_strikes_by_contact,away_strikes_swinging,away_strikes_looking,away_grounded_balls,away_fly_balls,away_line_drives,away_unknown_bat_type,away_game_score,away_inherited_runners,away_inherited_score,away_win_probability_by_pitcher,away_base_out_runs_saved,home_at_bats,home_runs,home_hits,home_rbi,home_earned_runs,home_bases_on_balls,home_strikeouts,home_plate_appearances,home_batting_average,home_on_base_percentage,home_slugging_percentage,home_on_base_plus,home_pitches,home_strikes,home_win_probability_for_offensive_player,home_average_leverage_index,home_win_probability_added,home_win_probability_subtracted,home_base_out_runs_added,home_putouts,home_assists,home_innings_pitched,home_home_runs,home_strikes_by_contact,home_strikes_swinging,home_strikes_looking,home_grounded_balls,home_fly_balls,home_line_drives,home_unknown_bat_type,home_game_score,home_inherited_runners,home_inherited_score,home_win_probability_by_pitcher,home_base_out_runs_saved
BAL/BAL201803290,"Thursday, March 29, 2018",3:08 p.m. Local,Oriole Park at Camden Yards,45469,3:31,Day,Home,Baltimore Orioles,BAL,Minnesota Twins,MIN,40,2,8,2,1.64,3,11,43,0.2,0.256,0.2,0.456,156,112,-0.502,1.55,0.904,,-3.5,30,9,10.0,1,66,28,18,14,15,3,0,73,2,0,0.003,2.0,34,3,5,3,2.7,5,13,40,0.147,0.256,0.324,0.58,162,98,-0.003,1.71,1.161,,-2.0,33,11,11.0,0,57,22,19,8,14,3,0,73,2,0,0.505,3.5
BAL/BAL201803310,"Saturday, March 31, 2018",7:08 p.m. Local,Oriole Park at Camden Yards,17763,2:50,Night,Away,Minnesota Twins,MIN,Baltimore Orioles,BAL,34,6,9,5,5.0,4,9,38,0.265,0.342,0.618,0.96,154,91,0.234,0.5,0.488,,1.5,27,7,9.0,1,44,19,28,14,11,3,0,73,0,0,0.266,2.5,30,2,3,2,2.0,7,11,37,0.1,0.27,0.233,0.504,142,88,-0.266,0.4,0.129,,-2.5,27,11,9.0,3,44,25,19,8,11,2,0,40,0,0,-0.234,-1.5
BAL/BAL201804010,"Sunday, April 1, 2018",1:08 p.m. Local,Oriole Park at Camden Yards,17212,2:35,Day,Away,Minnesota Twins,MIN,Baltimore Orioles,BAL,38,7,10,6,7.0,3,10,41,0.263,0.317,0.632,0.949,107,94,0.346,0.22,0.504,,2.5,27,9,9.0,0,51,20,23,13,15,4,0,86,,,0.154,4.5,30,0,3,0,0.0,1,6,31,0.1,0.129,0.133,0.262,150,71,-0.155,0.33,0.013,,-4.5,27,10,9.0,4,44,11,16,11,13,2,0,27,1,0,-0.346,-2.5
PIT/PIT201804020,"Monday, April 2, 2018",1:10 p.m. Local,PNC Park,30186,3:26,Day,Home,Pittsburgh Pirates,PIT,Minnesota Twins,MIN,33,4,7,3,4.0,3,10,37,0.212,0.297,0.394,0.691,167,101,-0.289,0.7,0.66,,-0.2,24,10,8.0,1,60,16,25,8,15,6,0,33,2,0,-0.212,-1.3,27,5,5,5,5.62,11,6,39,0.185,0.421,0.333,0.754,161,89,0.209,1.27,0.557,,1.3,27,4,9.0,1,53,17,19,11,11,5,0,61,3,2,0.289,0.2
PIT/PIT201804040,"Wednesday, April 4, 2018",6:09 p.m. Local,PNC Park,20690,3:25,Night,Away,Minnesota Twins,MIN,Pittsburgh Pirates,PIT,34,7,9,7,7.0,4,8,39,0.265,0.333,0.5,0.833,167,91,0.513,0.77,0.896,,2.8,27,11,9.0,1,57,9,25,12,15,7,0,40,2,0,-0.011,1.2,34,3,8,3,3.0,4,6,38,0.235,0.316,0.353,0.669,153,103,0.012,0.8,0.522,,-1.2,27,7,9.0,1,62,16,25,12,16,7,0,40,2,1,-0.512,-2.8
MIN/MIN201804050,"Thursday, April 5, 2018",3:16 p.m. Local,Target Field,39214,3:09,Day,Home,Minnesota Twins,MIN,Seattle Mariners,SEA,36,2,8,2,1.0,4,7,40,0.222,0.3,0.222,0.522,144,94,-0.337,1.1,0.771,,-2.7,24,2,8.0,3,57,12,25,17,12,5,0,57,3,0,-0.161,0.1,33,4,8,4,4.5,2,11,35,0.242,0.286,0.515,0.801,150,93,0.164,1.36,0.868,,-0.1,27,11,9.0,0,51,20,22,5,17,5,0,45,3,0,0.339,2.7
MIN/MIN201804070,"Saturday, April 7, 2018",1:11 p.m. Local,Target Field,18416,3:36,Day,Away,Seattle Mariners,SEA,Minnesota Twins,MIN,39,11,12,10,11.0,3,12,42,0.308,0.357,0.538,0.896,177,103,0.304,1.06,0.652,,6.3,27,8,9.0,0,57,18,28,10,17,10,0,49,5,1,0.197,0.7,35,4,9,4,4.0,5,7,40,0.257,0.35,0.371,0.721,171,111,-0.195,0.53,0.597,,-0.7,27,6,9.0,2,69,14,28,9,19,8,0,39,4,3,-0.305,-6.3
MIN/MIN201804090,"Monday, April 9, 2018",7:10 p.m. Local,Target Field,15521,3:28,Night,Away,Houston Astros,HOU,Minnesota Twins,MIN,33,2,7,2,2.0,4,13,37,0.212,0.297,0.273,0.57,149,97,-0.168,1.69,0.629,,-2.7,27,7,9.0,0,47,27,23,11,9,4,0,77,4,0,0.668,4.7,33,0,6,0,0.0,2,10,35,0.182,0.229,0.273,0.501,165,93,-0.668,1.08,0.691,,-4.7,27,6,9.0,0,55,17,21,9,14,7,0,66,1,1,0.168,2.7
MIN/MIN201804100,"Tuesday, April 10, 2018",7:11 p.m. Local,Target Field,15500,3:21,Night,Home,Minnesota Twins,MIN,Houston Astros,HOU,31,1,7,1,1.0,5,5,37,0.226,0.351,0.226,0.577,176,92,-0.428,0.81,0.46,,-3.7,24,7,8.0,0,48,8,36,10,16,6,0,40,0,0,-0.072,0.1,31,4,8,4,4.5,7,13,39,0.258,0.385,0.29,0.675,145,107,0.072,1.12,0.496,,-0.1,27,11,9.0,0,60,18,29,11,8,5,0,57,0,0,0.427,3.7
MIN/MIN201804110,"Wednesday, April 11, 2018",12:10 p.m. Local,Target Field,15438,3:35,Day,Home,Minnesota Twins,MIN,Houston Astros,HOU,38,8,13,7,7.0,7,8,47,0.342,0.447,0.447,0.894,175,104,0.152,1.07,1.222,,3.3,26,9,8.2,2,61,12,31,12,19,7,0,15,2,0,-0.651,-4.5,35,9,9,9,9.35,7,12,42,0.257,0.381,0.514,0.895,174,98,0.651,1.61,1.335,,4.5,27,7,9.0,1,55,18,25,13,10,5,0,29,6,3,-0.15,-3.3
MIN/MIN201804120,"Thursday, April 12, 2018",7:11 p.m. Local,Target Field,15474,2:55,Night,Home,Minnesota Twins,MIN,Chicago White Sox,CHW,30,0,3,0,0.0,0,13,31,0.1,0.129,0.1,0.229,143,96,-0.452,0.68,0.095,,-4.7,24,7,8.0,0,54,17,25,10,7,2,0,47,2,2,-0.048,0.1,30,4,7,4,3.38,6,6,36,0.233,0.361,0.333,0.694,127,83,0.046,0.69,0.558,,-0.1,27,8,9.0,0,50,10,23,10,14,3,0,82,0,0,0.452,4.7
MIN/MIN201804170,"Tuesday, April 17, 2018",7:10 p.m. Local,Estadio Hiram Bithorn,19516,3:24,Night,Away,Cleveland Indians,CLE,Minnesota Twins,MIN,39,6,12,6,6.0,1,9,40,0.308,0.325,0.692,1.017,153,107,0.151,0.9,0.591,,1.4,27,4,9.0,0,60,19,28,9,21,6,0,64,1,0,0.35,3.7,34,1,6,1,1.0,4,9,38,0.176,0.263,0.235,0.498,169,100,-0.35,0.61,0.31,,-3.7,27,6,9.0,4,50,17,33,9,16,6,0,44,1,1,-0.149,-1.3
MIN/MIN201804180,"Wednesday, April 18, 2018",7:09 p.m. Local,Estadio Hiram Bithorn,19537,5:13,Night,Home,Minnesota Twins,MIN,Cleveland Indians,CLE,58,1,12,1,0.56,2,12,61,0.207,0.246,0.276,0.522,233,147,-1.247,1.92,1.347,,-7.3,45,11,15.0,1,85,20,42,23,23,7,0,77,0,0,0.749,3.9,59,2,13,2,0.6,2,15,61,0.22,0.246,0.288,0.534,209,164,-0.747,1.95,1.5,,-3.9,48,20,16.0,1,96,27,41,18,26,9,0,76,1,0,1.249,7.3
TBA/TBA201804200,"Friday, April 20, 2018",7:10 p.m. Local,Tropicana Field,9786,3:30,Night,Home,Tampa Bay Rays,TBR,Minnesota Twins,MIN,36,7,7,7,6.3,3,10,39,0.194,0.256,0.472,0.729,160,102,0.344,1.62,1.194,,2.0,29,9,9.2,0,53,23,26,15,11,3,0,40,3,3,-0.846,-3.5,38,8,11,6,6.52,7,13,46,0.289,0.413,0.368,0.781,148,97,0.845,1.18,2.02,,3.5,30,10,10.0,3,55,20,22,13,12,5,0,62,2,1,-0.345,-2.0
TBA/TBA201804210,"Saturday, April 21, 2018",6:10 p.m. Local,Tropicana Field,10106,2:53,Night,Home,Tampa Bay Rays,TBR,Minnesota Twins,MIN,31,1,9,1,1.0,0,7,33,0.29,0.281,0.387,0.668,141,94,-0.351,0.59,0.308,,-3.5,24,9,8.0,3,47,19,28,12,14,3,0,53,1,1,-0.15,-6.0,35,10,12,10,11.25,2,8,38,0.343,0.395,0.686,1.08,141,94,0.15,0.95,0.564,,6.0,27,11,9.0,0,49,22,23,15,12,4,0,69,0,0,0.35,3.5
TBA/TBA201804220,"Sunday, April 22, 2018",1:10 p.m. Local,Tropicana Field,12515,3:39,Day,Home,Tampa Bay Rays,TBR,Minnesota Twins,MIN,35,6,9,6,6.0,5,10,41,0.257,0.366,0.371,0.737,162,107,0.171,1.35,1.218,,1.5,24,6,8.0,3,57,15,35,7,18,7,0,42,5,2,-0.673,-4.0,36,8,14,8,9.0,2,12,39,0.389,0.436,0.667,1.103,169,107,0.671,1.5,1.53,,4.0,27,5,9.0,1,56,21,30,7,17,10,0,52,6,3,-0.173,-1.5
NYA/NYA201804230,"Monday, April 23, 2018",7:10 p.m. Local,Yankee Stadium III,39249,3:38,Night,Home,New York Yankees,NYY,Minnesota Twins,MIN,32,1,6,1,1.0,3,8,37,0.188,0.278,0.25,0.528,197,88,-0.215,0.34,0.159,,-3.6,24,5,8.0,4,46,24,18,10,15,5,0,36,2,2,-0.285,-9.9,37,14,13,14,15.75,7,8,44,0.351,0.455,0.784,1.238,144,114,0.285,0.51,0.49,,9.9,27,7,9.0,0,67,19,28,8,21,8,0,67,1,0,0.215,3.6
NYA/NYA201804240,"Tuesday, April 24, 2018",6:38 p.m. Local,Yankee Stadium III,39025,3:11,Night,Home,New York Yankees,NYY,Minnesota Twins,MIN,32,3,5,1,1.0,3,9,35,0.156,0.229,0.25,0.479,165,86,-0.217,0.6,0.339,,-1.6,24,6,8.0,4,45,15,28,11,12,3,0,35,0,0,-0.286,-3.9,35,8,10,8,9.0,3,13,38,0.286,0.342,0.657,0.999,147,99,0.285,0.79,0.66,,3.9,27,8,9.0,0,49,22,28,9,13,7,0,69,2,0,0.215,1.6
NYA/NYA201804250,"Wednesday, April 25, 2018",6:38 p.m. Local,Yankee Stadium III,39243,3:40,Night,Home,New York Yankees,NYY,Minnesota Twins,MIN,36,4,10,4,4.0,6,9,42,0.278,0.381,0.389,0.77,179,104,-0.117,0.72,0.89,,-0.6,24,6,8.0,2,54,22,28,8,19,10,0,23,2,0,-0.384,-2.9,32,7,11,7,7.88,7,8,42,0.344,0.439,0.625,1.064,169,108,0.382,1.4,0.819,,2.9,27,7,9.0,1,61,23,24,10,17,8,0,39,6,0,0.117,0.6
NYA/NYA201804260,"Thursday, April 26, 2018",1:08 p.m. Local,Yankee Stadium III,40758,3:05,Day,Home,New York Yankees,NYY,Minnesota Twins,MIN,35,3,8,3,3.0,4,12,39,0.229,0.308,0.429,0.736,132,113,-0.015,1.29,0.463,,-1.6,24,5,8.0,1,57,18,38,8,15,7,0,77,0,0,-0.484,0.1,28,4,5,4,3.38,3,12,32,0.179,0.25,0.321,0.571,166,81,0.484,0.64,1.185,,-0.1,27,7,9.0,2,38,20,23,8,9,3,0,54,0,0,0.016,1.6
MIN/MIN201804270,"Friday, April 27, 2018",7:12 p.m. Local,Target Field,25002,4:00,Night,Away,Cincinnati Reds,CIN,Minnesota Twins,MIN,45,15,20,14,14.0,6,8,54,0.444,0.5,0.8,1.3,202,103,0.767,0.77,1.307,,10.3,27,7,9.0,2,67,15,21,16,23,11,0,19,3,0,-0.268,-4.3,39,9,14,8,8.0,6,9,45,0.359,0.444,0.641,1.085,176,119,0.268,0.87,0.838,,4.3,27,7,9.0,3,65,19,35,11,19,9,0,36,7,4,-0.767,-10.3
MIN/MIN201804280,"Saturday, April 28, 2018",1:12 p.m. Local,Target Field,27115,2:58,Day,Home,Minnesota Twins,MIN,Cincinnati Reds,CIN,32,1,6,1,1.0,5,4,37,0.188,0.297,0.344,0.641,152,84,-0.454,0.79,0.772,,-3.7,24,11,8.0,1,61,11,12,6,22,5,0,41,2,0,-0.047,1.1,31,3,8,3,2.25,3,6,35,0.258,0.314,0.452,0.766,137,93,0.047,1.58,0.55,,-1.1,27,3,9.0,1,61,5,27,14,12,5,0,59,1,0,0.453,3.7
MIN/MIN201804290,"Sunday, April 29, 2018",1:11 p.m. Local,Target Field,25677,3:07,Day,Away,Cincinnati Reds,CIN,Minnesota Twins,MIN,41,8,14,8,8.0,4,6,45,0.341,0.4,0.488,0.888,145,100,0.318,0.4,0.565,,3.3,27,6,9.0,0,59,13,28,14,21,12,0,66,3,0,0.183,2.7,34,2,8,2,2.0,3,9,37,0.235,0.297,0.382,0.68,163,92,-0.184,0.49,0.132,,-2.7,27,9,9.0,1,60,11,21,9,16,8,0,30,2,2,-0.317,-3.3
MIN/MIN201804300,"Monday, April 30, 2018",7:12 p.m. Local,Target Field,16456,3:13,Night,Away,Toronto Blue Jays,TOR,Minnesota Twins,MIN,38,7,10,6,6.0,6,7,44,0.263,0.364,0.474,0.837,152,87,0.233,1.36,0.814,,2.3,27,9,9.0,1,55,10,22,18,13,5,0,43,1,1,0.269,-0.3,37,5,10,5,5.0,4,5,42,0.27,0.357,0.486,0.844,155,92,-0.268,0.89,0.762,,0.4,27,12,9.0,2,57,9,26,12,20,12,0,28,2,0,-0.232,-2.3
MIN/MIN201805010,"Tuesday, May 1, 2018",7:10 p.m. Local,Target Field,16245,3:32,Night,Away,Toronto Blue Jays,TOR,Minnesota Twins,MIN,38,7,10,5,6.3,7,12,47,0.263,0.383,0.5,0.883,159,104,0.432,0.97,1.625,,1.8,30,10,10.0,2,55,18,31,12,15,7,0,39,0,0,0.069,1.2,37,4,8,4,3.6,1,6,38,0.216,0.237,0.432,0.669,182,103,-0.069,1.9,0.675,,-1.2,30,10,10.0,2,56,14,33,12,19,8,0,53,1,0,-0.432,-1.8
MIN/MIN201805020,"Wednesday, May 2, 2018",12:10 p.m. Local,Target Field,16420,2:47,Day,Home,Minnesota Twins,MIN,Toronto Blue Jays,TOR,30,0,6,0,0.0,3,9,34,0.2,0.294,0.233,0.527,136,85,-0.507,0.68,0.419,,-4.6,24,5,8.0,1,43,20,23,11,10,7,0,61,3,1,0.005,0.1,32,4,9,4,4.5,3,7,36,0.281,0.333,0.406,0.74,140,88,-0.005,1.31,0.397,,-0.1,27,11,9.0,0,46,13,29,10,16,10,0,63,1,0,0.506,4.7
CHA/CHA201805030,"Thursday, May 3, 2018",7:11 p.m. Local,Guaranteed Rate Field,13260,2:54,Night,Home,Chicago White Sox,CHW,Minnesota Twins,MIN,33,5,7,4,4.0,2,3,37,0.212,0.27,0.364,0.634,149,73,-0.112,1.27,0.574,,0.5,26,7,8.2,2,48,5,20,8,23,11,0,46,1,0,-0.387,-1.6,30,6,7,5,4.15,2,14,34,0.233,0.303,0.5,0.803,125,93,0.386,0.98,1.197,,1.6,27,8,9.0,1,43,26,25,5,12,3,0,42,1,0,0.114,-0.5
CHA/CHA201805040,"Friday, May 4, 2018",7:10 p.m. Local,Guaranteed Rate Field,15935,3:19,Night,Away,Minnesota Twins,MIN,Chicago White Sox,CHW,37,6,12,6,5.0,4,11,41,0.324,0.39,0.784,1.174,144,101,0.289,1.31,0.91,,1.5,27,10,9.0,2,57,18,26,10,16,6,0,44,1,0,0.212,0.5,36,4,9,4,4.0,3,5,39,0.25,0.308,0.472,0.78,166,102,-0.21,0.8,0.681,,-0.5,27,10,9.0,4,65,20,17,16,15,5,0,33,3,0,-0.289,-1.5
CHA/CHA201805050,"Saturday, May 5, 2018",6:10 p.m. Local,Guaranteed Rate Field,23765,3:23,Night,Away,Minnesota Twins,MIN,Chicago White Sox,CHW,36,8,11,8,8.0,8,8,44,0.306,0.432,0.472,0.904,152,104,0.405,0.48,0.613,,3.5,27,8,9.0,2,53,12,39,9,19,7,0,55,0,0,0.098,0.5,36,4,11,3,4.0,0,11,36,0.306,0.306,0.583,0.889,174,110,-0.097,0.43,0.294,,-0.5,27,10,9.0,1,65,18,27,9,16,9,0,12,3,2,-0.403,-3.5
CHA/CHA201805060,"Sunday, May 6, 2018",1:10 p.m. Local,Guaranteed Rate Field,17424,2:56,Day,Away,Minnesota Twins,MIN,Chicago White Sox,CHW,32,5,4,5,4.0,3,6,35,0.125,0.2,0.25,0.45,136,85,0.361,1.23,1.051,,0.5,27,5,9.0,0,48,16,21,10,16,4,0,60,1,1,0.141,1.5,30,3,5,2,3.0,2,12,35,0.167,0.212,0.233,0.445,140,88,-0.139,1.42,0.607,,-1.5,27,7,9.0,1,46,20,22,8,13,5,0,61,4,3,-0.361,-0.5
SLN/SLN201805070,"Monday, May 7, 2018",7:12 p.m. Local,Busch Stadium III,40182,2:55,Night,Away,Minnesota Twins,MIN,St. Louis Cardinals,STL,36,6,11,6,6.0,3,10,41,0.306,0.366,0.444,0.81,137,103,0.176,0.73,0.469,,1.8,27,10,9.0,0,61,12,30,10,17,7,0,72,0,0,0.326,4.2,29,0,4,0,0.0,3,12,34,0.138,0.242,0.172,0.415,160,88,-0.326,0.5,0.203,,-4.2,27,9,9.0,0,37,18,33,12,6,2,0,43,1,0,-0.175,-1.8
SLN/SLN201805080,"Tuesday, May 8, 2018",12:15 p.m. Local,Busch Stadium III,39253,2:54,Day,Away,Minnesota Twins,MIN,St. Louis Cardinals,STL,35,7,10,6,5.0,3,4,42,0.286,0.35,0.429,0.779,137,88,0.293,0.66,0.724,,2.8,27,10,9.0,1,61,8,19,9,25,11,0,60,0,0,0.207,3.2,27,1,2,1,1.0,2,7,30,0.074,0.138,0.185,0.323,141,93,-0.21,0.85,0.211,,-3.2,27,8,9.0,1,55,16,23,9,12,3,0,46,0,0,-0.293,-2.8
ANA/ANA201805100,"Thursday, May 10, 2018",7:08 p.m. Local,Angel Stadium of Anaheim,30127,3:08,Night,Home,Los Angeles Angels,LAA,Minnesota Twins,MIN,32,4,8,4,4.0,3,9,35,0.25,0.314,0.469,0.783,125,102,-0.022,0.72,0.595,,-0.5,24,12,8.0,3,56,17,29,14,9,5,0,35,1,1,-0.479,-3.0,32,7,12,7,7.88,2,2,37,0.375,0.432,0.781,1.214,159,82,0.48,0.84,0.837,,3.0,27,14,9.0,2,48,8,26,13,18,6,0,50,0,0,0.02,0.5
ANA/ANA201805110,"Friday, May 11, 2018",7:09 p.m. Local,Angel Stadium of Anaheim,43521,3:23,Night,Away,Minnesota Twins,MIN,Los Angeles Angels,LAA,33,5,9,5,5.0,3,11,37,0.273,0.324,0.576,0.9,159,98,0.443,1.08,1.149,,0.5,27,9,9.0,1,54,17,27,10,13,3,0,33,4,0,0.057,0.5,36,4,10,4,4.0,2,8,38,0.278,0.316,0.389,0.705,156,102,-0.056,1.36,0.687,,-0.5,27,9,9.0,3,55,16,31,12,16,10,0,57,2,2,-0.444,-0.5
ANA/ANA201805120,"Saturday, May 12, 2018",6:08 p.m. Local,Angel Stadium of Anaheim,40117,4:21,Night,Away,Minnesota Twins,MIN,Los Angeles Angels,LAA,41,5,10,5,3.75,4,9,46,0.244,0.304,0.317,0.621,209,112,-0.112,2.0,0.989,,-1.0,36,11,12.0,0,58,17,37,13,20,9,0,60,0,0,0.612,3.0,41,3,7,3,2.25,12,10,55,0.171,0.364,0.244,0.608,176,116,-0.612,1.28,1.215,,-3.0,36,12,12.0,0,64,22,30,12,20,8,0,49,0,0,0.113,1.0
ANA/ANA201805130,"Sunday, May 13, 2018",1:08 p.m. Local,Angel Stadium of Anaheim,38029,3:28,Day,Home,Los Angeles Angels,LAA,Minnesota Twins,MIN,33,1,7,1,1.0,4,13,37,0.212,0.297,0.242,0.54,139,105,-0.497,1.58,0.661,,-3.5,25,6,8.1,0,49,26,30,10,10,4,0,58,2,0,-0.003,2.0,30,2,7,2,2.16,5,8,37,0.233,0.361,0.267,0.628,156,85,0.003,1.89,0.995,,-2.0,27,8,9.0,0,46,13,26,9,14,7,0,72,4,1,0.498,3.5
MIN/MIN201805140,"Monday, May 14, 2018",7:52 p.m. Local,Target Field,16581,2:53,Night,Away,Seattle Mariners,SEA,Minnesota Twins,MIN,33,1,6,0,1.0,1,8,36,0.182,0.229,0.303,0.532,133,85,-0.298,1.31,0.671,,-3.7,27,4,9.0,0,54,14,17,12,14,5,0,70,0,0,0.799,4.7,31,0,4,0,0.0,0,7,31,0.129,0.129,0.161,0.29,136,88,-0.798,1.34,0.156,,-4.7,27,10,9.0,0,54,13,21,7,17,4,0,70,0,0,0.299,3.7
MIN/MIN201805150,"Tuesday, May 15, 2018",7:10 p.m. Local,Target Field,24259,2:45,Night,Home,Minnesota Twins,MIN,St. Louis Cardinals,STL,29,1,2,1,1.0,1,12,31,0.069,0.129,0.069,0.198,144,82,-0.368,0.97,0.196,,-3.7,24,6,8.0,1,42,17,23,10,7,3,0,57,3,1,-0.133,0.1,32,4,9,3,4.5,1,5,33,0.281,0.303,0.406,0.709,124,92,0.134,0.86,0.713,,-0.1,27,7,9.0,0,59,9,24,10,17,8,0,79,1,0,0.366,3.7
MIN/MIN201805160,"Wednesday, May 16, 2018",12:11 p.m. Local,Target Field,25180,3:50,Day,Away,St. Louis Cardinals,STL,Minnesota Twins,MIN,38,7,13,7,7.0,6,10,44,0.342,0.432,0.526,0.958,173,114,0.324,1.56,1.085,,2.3,27,13,9.0,1,63,16,35,8,20,13,0,42,5,1,0.175,-0.3,34,5,10,4,5.0,5,6,39,0.294,0.385,0.382,0.767,182,104,-0.176,0.98,0.969,,0.3,27,8,9.0,1,55,13,36,11,17,7,0,40,5,1,-0.324,-2.3
MIN/MIN201805180,"Friday, May 18, 2018",7:10 p.m. Local,Target Field,29349,2:52,Night,Away,Milwaukee Brewers,MIL,Minnesota Twins,MIN,38,8,15,7,8.0,5,9,44,0.395,0.455,0.737,1.191,143,104,0.275,0.57,0.529,,3.3,27,7,9.0,1,61,19,24,9,21,13,0,60,1,0,0.224,1.7,34,3,8,3,3.0,1,10,36,0.235,0.25,0.382,0.632,163,93,-0.223,0.38,0.248,,-1.7,27,10,9.0,3,55,8,30,12,13,7,0,33,1,0,-0.276,-3.3
MIN/MIN201805190,"Saturday, May 19, 2018",6:11 p.m. Local,Target Field,30182,3:02,Night,Away,Milwaukee Brewers,MIL,Minnesota Twins,MIN,30,5,6,4,4.0,3,6,35,0.2,0.286,0.433,0.719,142,90,0.18,1.71,0.926,,0.3,27,11,9.0,1,53,17,20,14,11,2,0,39,2,0,0.321,0.7,28,4,5,4,4.0,8,14,36,0.179,0.361,0.357,0.718,148,85,-0.32,1.19,1.015,,-0.7,27,12,9.0,2,33,30,22,8,6,4,0,47,0,0,-0.178,-0.3
MIN/MIN201805200,"Sunday, May 20, 2018",1:13 p.m. Local,Target Field,28577,3:23,Day,Home,Minnesota Twins,MIN,Milwaukee Brewers,MIL,33,1,7,1,1.0,2,17,35,0.212,0.257,0.303,0.56,151,108,-0.474,1.38,0.39,,-3.7,24,8,8.0,0,52,30,26,2,14,4,0,53,2,2,-0.026,1.1,29,3,6,3,3.38,5,9,34,0.207,0.324,0.276,0.599,155,86,0.026,1.15,0.71,,-1.1,27,2,9.0,1,45,17,24,9,11,5,0,63,2,0,0.476,3.7
MIN/MIN201805210,"Monday, May 21, 2018",7:10 p.m. Local,Target Field,17161,2:35,Night,Home,Minnesota Twins,MIN,Detroit Tigers,DET,29,2,3,2,2.0,2,9,31,0.103,0.161,0.241,0.403,138,77,-0.364,1.5,0.3,,-2.7,24,3,8.0,0,47,16,14,6,14,3,0,49,3,1,-0.135,0.1,29,4,8,4,4.5,4,7,35,0.276,0.353,0.414,0.767,119,87,0.136,0.92,0.891,,-0.1,27,5,9.0,1,50,11,26,4,20,9,0,75,0,0,0.365,2.7
MIN/MIN201805220,"Tuesday, May 22, 2018",7:11 p.m. Local,Target Field,25559,3:01,Night,Home,Minnesota Twins,MIN,Detroit Tigers,DET,33,0,7,0,0.0,1,8,35,0.212,0.257,0.242,0.5,130,91,-0.391,0.82,0.229,,-4.7,24,8,8.0,0,60,15,16,20,5,3,0,48,2,2,-0.11,-1.9,28,6,7,6,6.75,4,4,33,0.25,0.344,0.429,0.772,142,78,0.11,0.79,0.612,,1.9,27,18,9.0,0,42,6,30,8,17,9,0,67,2,0,0.39,4.7
MIN/MIN201805230,"Wednesday, May 23, 2018",12:10 p.m. Local,Target Field,23891,2:59,Day,Away,Detroit Tigers,DET,Minnesota Twins,MIN,34,4,10,4,4.0,2,6,37,0.294,0.324,0.441,0.766,157,99,0.022,1.11,0.517,,-0.7,27,9,9.0,0,64,17,18,16,13,7,0,59,1,0,0.479,3.7,30,1,5,1,1.0,4,8,34,0.167,0.265,0.233,0.498,153,102,-0.479,0.71,0.427,,-3.7,27,14,9.0,1,56,21,25,8,14,4,0,50,2,1,-0.021,0.7
SEA/SEA201805250,"Friday, May 25, 2018",7:10 p.m. Local,Safeco Field,19924,2:14,Night,Home,Seattle Mariners,SEA,Minnesota Twins,MIN,31,1,4,1,1.0,0,12,31,0.129,0.129,0.226,0.355,112,88,-0.581,0.87,0.267,,-3.3,24,9,8.0,0,53,15,20,10,9,2,0,64,0,0,0.079,1.8,27,2,5,2,2.25,2,9,29,0.185,0.241,0.185,0.427,128,71,-0.079,1.23,0.408,,-1.8,27,10,9.0,1,42,11,18,10,8,2,0,78,0,0,0.58,3.3
SEA/SEA201805260,"Saturday, May 26, 2018",7:10 p.m. Local,Safeco Field,23986,3:40,Night,Home,Seattle Mariners,SEA,Minnesota Twins,MIN,41,3,8,3,2.25,3,12,44,0.195,0.25,0.244,0.494,160,106,-0.5,1.63,0.633,,-2.8,35,11,11.2,3,62,21,25,13,16,8,0,44,0,0,-0.002,1.7,41,4,10,4,3.09,1,7,44,0.244,0.279,0.463,0.742,165,101,-0.001,1.37,1.39,,-1.7,36,12,12.0,0,62,17,22,12,23,5,0,58,1,1,0.498,2.8
SEA/SEA201805270,"Sunday, May 27, 2018",1:10 p.m. Local,Safeco Field,31340,2:18,Day,Home,Seattle Mariners,SEA,Minnesota Twins,MIN,30,1,4,1,1.0,0,2,30,0.133,0.133,0.2,0.333,115,68,-0.479,1.43,0.287,,-3.3,24,6,8.0,1,49,4,15,15,13,9,0,61,4,2,-0.022,0.8,33,3,11,3,3.38,1,9,34,0.333,0.353,0.455,0.807,95,80,0.02,1.09,0.908,,-0.8,27,15,9.0,0,41,21,18,7,17,9,0,72,0,0,0.479,3.3
KCA/KCA201805280,"Monday, May 28, 2018",6:15 p.m. Local,Kauffman Stadium,18572,3:13,Night,Away,Minnesota Twins,MIN,Kansas City Royals,KCR,39,8,12,8,8.0,5,10,45,0.308,0.4,0.513,0.913,147,96,0.313,1.42,1.016,,3.4,27,8,9.0,1,51,20,25,9,20,9,0,54,4,1,0.189,-0.4,40,5,13,4,4.0,3,8,44,0.325,0.386,0.5,0.886,149,88,-0.188,1.07,1.006,,0.4,27,4,9.0,1,58,10,20,14,18,5,0,51,0,0,-0.312,-3.4
KCA/KCA201805290,"Tuesday, May 29, 2018",7:39 p.m. Local,Kauffman Stadium,20533,4:12,Night,Home,Kansas City Royals,KCR,Minnesota Twins,MIN,46,1,7,1,0.64,8,11,56,0.152,0.291,0.152,0.443,187,131,-1.143,2.01,0.536,,-6.2,41,13,13.2,1,83,18,30,16,20,7,0,74,0,0,0.644,5.0,49,2,9,2,1.32,3,13,53,0.184,0.245,0.286,0.531,218,118,-0.644,1.65,1.46,,-5.1,42,17,14.0,0,59,22,37,18,18,7,0,60,0,0,1.145,6.2
KCA/KCA201805300,"Wednesday, May 30, 2018",7:15 p.m. Local,Kauffman Stadium,21343,3:01,Night,Home,Kansas City Royals,KCR,Minnesota Twins,MIN,37,8,11,8,8.0,5,9,42,0.297,0.381,0.568,0.949,148,101,-0.073,0.45,0.468,,3.4,24,7,8.0,3,57,19,25,14,14,4,0,5,1,1,-0.427,-6.9,39,11,16,11,12.38,2,6,42,0.41,0.429,0.744,1.172,169,102,0.426,0.69,0.697,,6.9,27,12,9.0,2,65,16,21,15,19,9,0,51,2,1,0.072,-3.4
MIN/MIN201805310,"Thursday, May 31, 2018",7:11 p.m. Local,Target Field,19148,3:29,Night,Away,Cleveland Indians,CLE,Minnesota Twins,MIN,37,9,12,9,8.0,3,5,43,0.324,0.395,0.676,1.071,154,121,0.466,0.95,0.895,,4.3,27,9,9.0,3,76,15,30,10,23,9,0,42,6,3,0.035,-3.3,37,8,12,8,8.0,2,10,40,0.324,0.375,0.595,0.97,187,95,-0.035,0.63,0.703,,3.3,27,13,9.0,3,52,16,27,12,15,6,0,18,2,1,-0.465,-4.3
MIN/MIN201806010,"Friday, June 1, 2018",7:11 p.m. Local,Target Field,30171,2:39,Night,Home,Minnesota Twins,MIN,Cleveland Indians,CLE,33,4,7,4,4.0,1,8,35,0.212,0.229,0.424,0.653,130,92,-0.169,0.57,0.336,,-0.7,24,5,8.0,2,50,14,28,13,13,4,0,22,2,0,-0.332,-2.9,33,7,9,7,7.88,5,5,38,0.273,0.368,0.576,0.944,134,92,0.331,0.77,0.659,,2.9,27,10,9.0,1,52,18,22,6,22,7,0,52,0,0,0.168,0.7
MIN/MIN201806020,"Saturday, June 2, 2018",3:11 p.m. Local,Target Field,23476,3:12,Day,Home,Minnesota Twins,MIN,Cleveland Indians,CLE,33,1,7,0,1.0,5,8,39,0.212,0.333,0.242,0.576,141,110,-0.245,0.61,0.392,,-3.7,24,3,8.0,1,64,17,29,13,12,6,0,45,4,2,-0.255,-2.9,33,7,8,6,3.38,3,15,36,0.242,0.306,0.455,0.76,174,90,0.256,0.8,0.633,,2.9,27,10,9.0,0,39,25,26,7,11,5,0,64,0,0,0.245,3.7
MIN/MIN201806030,"Sunday, June 3, 2018",1:12 p.m. Local,Target Field,26096,3:14,Day,Home,Minnesota Twins,MIN,Cleveland Indians,CLE,31,5,6,5,5.0,4,10,35,0.194,0.286,0.516,0.802,156,101,0.153,1.05,1.125,,0.3,24,9,8.0,4,55,19,27,12,9,2,0,42,1,0,-0.651,-2.9,34,7,11,7,7.88,4,4,38,0.324,0.395,0.765,1.159,158,98,0.654,1.35,1.235,,2.9,27,11,9.0,3,65,17,16,10,20,7,0,62,1,1,-0.152,-0.3
MIN/MIN201806051,"Tuesday, June 5, 2018",3:10 p.m. Local,Target Field,,2:37,Day,Home,Minnesota Twins,MIN,Chicago White Sox,CHW,36,2,8,2,2.0,0,7,37,0.222,0.243,0.361,0.604,136,88,-0.202,1.28,0.418,,-2.7,24,6,8.0,1,54,17,17,13,16,7,0,75,0,0,-0.297,0.1,27,4,3,4,0.0,5,5,32,0.111,0.25,0.259,0.509,144,84,0.296,0.86,1.018,,-0.1,27,10,9.0,1,53,14,18,7,15,5,0,54,0,0,0.203,2.7
MIN/MIN201806052,"Tuesday, June 5, 2018",6:35 p.m. Local,Target Field,26261,3:07,Night,Away,Chicago White Sox,CHW,Minnesota Twins,MIN,35,6,9,6,6.0,5,7,40,0.257,0.35,0.457,0.807,153,97,0.321,1.07,0.611,,1.4,27,11,9.0,0,55,20,22,13,15,7,0,51,6,1,0.18,1.7,34,3,10,2,3.0,3,4,38,0.294,0.368,0.382,0.751,156,95,-0.18,0.46,0.661,,-1.7,27,12,9.0,1,55,12,28,12,18,10,0,20,2,2,-0.319,-1.3
MIN/MIN201806060,"Wednesday, June 6, 2018",7:10 p.m. Local,Target Field,20393,3:27,Night,Away,Chicago White Sox,CHW,Minnesota Twins,MIN,35,5,9,4,5.0,2,13,38,0.257,0.297,0.314,0.612,174,112,0.285,0.94,0.819,,0.3,27,8,9.0,0,54,28,30,10,13,7,0,46,1,0,0.217,2.7,33,2,8,2,2.0,5,10,38,0.242,0.342,0.364,0.706,171,106,-0.217,1.03,0.532,,-2.7,27,9,9.0,0,61,14,31,9,14,2,0,49,2,2,-0.283,-0.3
MIN/MIN201806070,"Thursday, June 7, 2018",12:10 p.m. Local,Target Field,21469,2:14,Day,Home,Minnesota Twins,MIN,Chicago White Sox,CHW,31,2,6,2,2.0,0,10,31,0.194,0.194,0.29,0.484,120,78,-0.226,0.34,0.043,,-2.7,24,7,8.0,3,37,15,26,6,15,6,0,32,0,0,-0.275,-2.9,32,7,9,7,7.88,3,6,35,0.281,0.343,0.656,0.999,109,77,0.274,0.35,0.453,,2.9,27,8,9.0,0,41,13,23,8,18,7,0,77,,,0.225,2.7
MIN/MIN201806080,"Friday, June 8, 2018",7:12 p.m. Local,Target Field,28383,3:21,Night,Away,Los Angeles Angels,LAA,Minnesota Twins,MIN,34,4,7,4,4.0,2,10,36,0.206,0.25,0.412,0.662,165,95,0.145,1.16,0.785,,-0.7,27,8,9.0,1,51,16,28,7,17,6,0,52,1,0,0.356,2.7,33,2,7,2,2.0,3,12,36,0.212,0.278,0.394,0.672,147,102,-0.356,0.98,0.523,,-2.7,27,7,9.0,2,54,21,27,8,13,6,0,65,0,0,-0.144,0.7
MIN/MIN201806090,"Saturday, June 9, 2018",5:10 p.m. Local,Target Field,24061,2:53,Night,Away,Los Angeles Angels,LAA,Minnesota Twins,MIN,31,2,6,2,2.0,2,6,34,0.194,0.265,0.387,0.652,143,89,-0.213,1.53,0.389,,-2.7,27,7,9.0,0,51,11,27,15,10,3,0,70,0,0,0.714,3.7,33,1,7,0,1.0,1,10,34,0.212,0.235,0.273,0.508,145,94,-0.715,0.79,0.385,,-3.7,27,15,9.0,2,55,14,25,8,15,7,0,62,0,0,0.214,2.7
MIN/MIN201806100,"Sunday, June 10, 2018",1:11 p.m. Local,Target Field,28656,3:08,Day,Home,Minnesota Twins,MIN,Los Angeles Angels,LAA,34,5,8,5,4.0,5,7,42,0.235,0.357,0.294,0.651,134,100,-0.054,0.72,0.79,,0.3,24,6,8.0,2,61,18,21,6,22,10,0,34,2,1,-0.446,-2.9,33,7,10,7,7.88,5,6,38,0.303,0.395,0.667,1.061,160,81,0.447,1.16,0.92,,2.9,27,5,9.0,0,49,11,21,7,20,9,0,50,0,0,0.054,-0.3
DET/DET201806120,"Tuesday, June 12, 2018",7:10 p.m. Local,Comerica Park,20340,3:24,Night,Away,Minnesota Twins,MIN,Detroit Tigers,DET,32,6,7,6,6.0,3,7,36,0.219,0.278,0.313,0.59,173,96,0.382,1.32,1.09,,1.3,27,3,9.0,0,54,9,33,14,12,3,0,51,2,2,0.118,0.7,34,4,7,3,2.0,5,10,41,0.206,0.317,0.294,0.611,163,113,-0.118,1.28,0.794,,-0.7,27,10,9.0,1,59,24,30,7,18,5,0,62,5,4,-0.382,-1.3
DET/DET201806130,"Wednesday, June 13, 2018",7:10 p.m. Local,Comerica Park,19206,3:08,Night,Home,Detroit Tigers,DET,Minnesota Twins,MIN,31,2,4,2,2.0,3,10,35,0.129,0.229,0.226,0.454,135,105,-0.257,1.85,0.393,,-2.7,24,7,8.0,1,64,14,27,7,14,4,0,60,1,0,-0.243,-0.8,36,5,12,4,4.5,1,8,38,0.333,0.368,0.472,0.841,169,99,0.243,0.9,1.493,,0.8,27,8,9.0,0,60,18,21,12,16,10,0,56,0,0,0.256,2.7
DET/DET201806140,"Thursday, June 14, 2018",1:10 p.m. Local,Comerica Park,27573,2:32,Day,Home,Detroit Tigers,DET,Minnesota Twins,MIN,33,1,6,1,1.0,1,7,34,0.182,0.206,0.242,0.448,127,82,-0.423,1.02,0.248,,-3.7,24,9,8.0,1,45,13,24,10,16,8,0,60,0,0,-0.076,1.2,29,3,6,3,3.38,1,10,32,0.207,0.25,0.379,0.629,121,86,0.076,0.91,0.7,,-1.2,27,7,9.0,0,51,22,13,13,8,4,0,66,0,0,0.425,3.7
CLE/CLE201806150,"Friday, June 15, 2018",7:11 p.m. Local,Progressive Field,32637,2:42,Night,Away,Minnesota Twins,MIN,Cleveland Indians,CLE,33,6,6,4,5.0,1,4,34,0.182,0.206,0.394,0.6,142,81,0.204,0.59,0.442,,1.3,27,10,9.0,1,47,7,27,14,15,8,0,66,1,0,0.298,1.7,33,3,7,3,3.0,4,5,37,0.212,0.297,0.333,0.631,126,88,-0.296,0.45,0.156,,-1.7,27,12,9.0,2,54,8,26,13,15,7,0,45,2,2,-0.204,-1.3
CLE/CLE201806160,"Saturday, June 16, 2018",4:10 p.m. Local,Progressive Field,30282,2:55,Day,Away,Minnesota Twins,MIN,Cleveland Indians,CLE,38,9,13,9,9.0,3,5,43,0.342,0.405,0.579,0.984,130,93,0.411,0.74,0.801,,4.3,27,8,9.0,2,64,5,24,11,23,11,0,38,0,0,0.09,1.7,35,3,10,3,3.0,1,6,38,0.286,0.316,0.514,0.83,143,90,-0.09,0.67,0.43,,-1.7,27,11,9.0,1,58,10,22,13,17,7,0,31,2,1,-0.41,-4.3
CLE/CLE201806170,"Sunday, June 17, 2018",1:11 p.m. Local,Progressive Field,27128,3:03,Day,Home,Cleveland Indians,CLE,Minnesota Twins,MIN,35,1,10,1,1.0,3,11,38,0.286,0.342,0.4,0.742,154,92,-0.328,0.71,0.573,,-3.7,24,8,8.0,0,47,15,30,11,13,3,0,40,1,0,-0.171,0.2,31,4,7,4,4.5,4,11,35,0.226,0.314,0.355,0.669,134,94,0.17,1.1,0.547,,-0.2,27,9,9.0,0,53,22,19,9,11,6,0,51,2,0,0.328,3.7
MIN/MIN201806190,"Tuesday, June 19, 2018",7:11 p.m. Local,Target Field,28550,3:14,Night,Home,Minnesota Twins,MIN,Boston Red Sox,BOS,35,2,8,2,2.0,4,10,40,0.229,0.325,0.314,0.639,142,88,-0.158,1.26,0.887,,-2.7,24,6,8.0,0,47,20,21,11,14,7,0,73,3,2,-0.342,-1.9,28,6,5,5,6.75,3,11,33,0.179,0.303,0.321,0.624,155,96,0.343,1.43,0.919,,1.9,27,8,9.0,1,54,10,32,8,9,3,0,62,1,0,0.158,2.7
MIN/MIN201806200,"Wednesday, June 20, 2018",7:11 p.m. Local,Target Field,33153,3:13,Night,Home,Minnesota Twins,MIN,Boston Red Sox,BOS,30,1,4,0,0.0,5,5,35,0.133,0.257,0.167,0.424,140,84,-0.425,0.74,0.457,,-3.7,24,6,8.0,2,50,14,24,14,11,5,0,48,0,0,-0.075,0.1,31,4,8,4,4.5,2,6,33,0.258,0.303,0.581,0.884,155,86,0.076,1.24,0.585,,-0.1,27,15,9.0,0,49,15,22,8,17,7,0,56,0,0,0.424,3.7
MIN/MIN201806210,"Thursday, June 21, 2018",12:10 p.m. Local,Target Field,32631,2:58,Day,Away,Boston Red Sox,BOS,Minnesota Twins,MIN,42,9,16,9,9.0,4,9,47,0.381,0.447,0.619,1.066,124,112,0.112,0.58,0.703,,4.3,27,8,9.0,0,66,16,30,11,22,12,0,79,0,0,0.389,2.7,29,2,4,2,2.0,1,5,32,0.138,0.188,0.172,0.36,182,81,-0.389,0.77,0.047,,-2.7,27,5,9.0,2,51,9,21,8,17,8,0,52,1,1,-0.11,-4.3
MIN/MIN201806220,"Friday, June 22, 2018",7:10 p.m. Local,Target Field,28004,3:01,Night,Away,Texas Rangers,TEX,Minnesota Twins,MIN,35,8,11,8,8.0,4,6,41,0.314,0.385,0.457,0.842,141,100,0.138,0.83,0.513,,3.3,27,11,9.0,0,66,12,22,16,15,6,0,63,0,0,0.362,3.7,28,1,3,1,1.0,2,5,30,0.107,0.167,0.179,0.345,158,95,-0.362,0.63,0.239,,-3.7,27,9,9.0,1,60,9,26,8,15,5,0,50,0,0,-0.138,-3.3
MIN/MIN201806230,"Saturday, June 23, 2018",1:11 p.m. Local,Target Field,23230,3:35,Day,Away,Texas Rangers,TEX,Minnesota Twins,MIN,37,9,10,9,9.0,2,12,42,0.27,0.357,0.514,0.871,175,119,0.53,0.66,0.79,,4.4,27,6,9.0,2,64,27,28,12,13,8,0,41,3,2,-0.032,-1.3,37,6,11,6,6.0,4,9,41,0.297,0.366,0.514,0.879,189,111,0.032,0.56,0.538,,1.3,27,9,9.0,2,58,14,39,6,22,12,0,21,2,0,-0.531,-4.3
MIN/MIN201806240,"Sunday, June 24, 2018",1:11 p.m. Local,Target Field,23633,2:21,Day,Home,Minnesota Twins,MIN,Texas Rangers,TEX,29,0,2,0,0.0,2,15,31,0.069,0.129,0.103,0.232,104,85,-0.59,0.94,0.204,,-4.7,24,4,8.0,0,37,25,23,8,6,2,0,59,0,0,0.09,2.1,31,2,8,2,2.25,1,7,32,0.258,0.281,0.323,0.604,132,76,-0.089,1.11,0.523,,-2.1,27,8,9.0,0,49,10,17,6,18,9,0,83,0,0,0.589,4.7
CHA/CHA201806260,"Tuesday, June 26, 2018",8:58 p.m. Local,Guaranteed Rate Field,16276,3:16,Night,Home,Chicago White Sox,CHW,Minnesota Twins,MIN,31,4,6,4,4.0,1,7,33,0.194,0.212,0.387,0.599,165,88,0.007,1.23,0.492,,-0.5,24,6,8.0,1,55,13,20,5,20,5,0,40,11,4,-0.508,-4.0,37,8,12,8,6.75,3,14,42,0.324,0.405,0.459,0.864,133,106,0.506,0.83,1.244,,4.0,27,5,9.0,2,60,22,24,11,12,7,0,48,0,0,-0.006,0.5
CHA/CHA201806270,"Wednesday, June 27, 2018",7:11 p.m. Local,Guaranteed Rate Field,19466,2:56,Night,Home,Chicago White Sox,CHW,Minnesota Twins,MIN,32,1,5,1,1.0,4,7,36,0.156,0.25,0.188,0.438,130,97,-0.324,0.69,0.126,,-3.5,24,14,8.0,2,58,11,28,17,8,6,0,41,0,0,-0.176,-2.0,34,6,12,6,6.75,1,9,35,0.353,0.371,0.559,0.93,152,83,0.177,0.59,0.582,,2.0,27,12,9.0,0,53,19,13,13,12,10,0,72,2,0,0.324,3.5
CHA/CHA201806280,"Thursday, June 28, 2018",1:10 p.m. Local,Guaranteed Rate Field,21610,4:51,Day,Away,Minnesota Twins,MIN,Chicago White Sox,CHW,45,2,7,2,1.38,8,7,54,0.156,0.283,0.267,0.55,222,128,-0.419,2.71,1.21,,-4.5,39,14,13.0,0,78,10,40,15,24,5,0,71,1,0,0.918,5.5,47,1,10,1,0.69,5,16,53,0.213,0.302,0.234,0.536,207,145,-0.919,1.86,1.49,,-5.5,39,10,13.0,1,93,27,25,14,17,9,0,60,3,0,0.42,4.5
CHN/CHN201806290,"Friday, June 29, 2018",4:08 p.m. Local,Wrigley Field,41492,3:27,Day,Home,Chicago Cubs,CHC,Minnesota Twins,MIN,36,6,10,6,4.0,5,9,42,0.278,0.366,0.417,0.783,141,88,0.154,0.95,0.864,,1.5,24,13,8.0,4,46,17,25,12,16,10,0,25,0,0,-0.654,-6.0,34,10,12,10,11.25,6,6,42,0.353,0.463,0.735,1.199,153,83,0.654,0.9,1.251,,6.0,27,9,9.0,1,45,13,25,15,14,4,0,39,3,0,-0.154,-1.5
CHN/CHN201806300,"Saturday, June 30, 2018",1:21 p.m. Local,Wrigley Field,40950,3:44,Day,Home,Chicago Cubs,CHC,Minnesota Twins,MIN,37,9,11,9,9.0,5,9,43,0.297,0.372,0.405,0.777,182,103,0.667,1.34,1.265,,4.5,24,10,8.0,0,58,19,26,12,17,8,0,32,5,2,-1.169,-10.0,38,14,20,14,15.75,7,5,49,0.526,0.563,0.605,1.168,160,114,1.171,1.1,1.778,,10.0,27,9,9.0,1,66,20,28,16,21,17,0,28,2,0,-0.668,-4.5
CHN/CHN201807010,"Sunday, July 1, 2018",1:22 p.m. Local,Wrigley Field,40051,3:43,Day,Home,Chicago Cubs,CHC,Minnesota Twins,MIN,43,10,16,10,8.0,4,7,48,0.372,0.438,0.674,1.112,161,113,-0.04,0.53,0.588,,5.5,24,10,8.0,2,66,13,34,12,24,11,0,15,1,1,-0.46,-7.0,38,11,14,11,12.38,6,7,45,0.368,0.444,0.684,1.129,177,101,0.461,0.75,0.754,,7.0,27,6,9.0,3,53,19,29,17,15,7,0,39,1,1,0.04,-5.5
MIL/MIL201807020,"Monday, July 2, 2018",7:10 p.m. Local,Miller Park,31353,3:28,Night,Home,Milwaukee Brewers,MIL,Minnesota Twins,MIN,40,5,11,5,4.5,0,9,40,0.275,0.275,0.375,0.65,172,105,-0.048,2.32,0.783,,0.1,28,12,9.1,1,61,17,27,15,16,7,0,38,2,0,-0.451,-2.6,40,6,14,5,4.82,4,8,46,0.35,0.413,0.45,0.863,153,107,0.453,1.21,1.79,,2.6,30,12,10.0,1,64,17,26,16,17,9,0,34,1,0,0.048,-0.1
MIL/MIL201807030,"Tuesday, July 3, 2018",3:11 p.m. Local,Miller Park,32375,2:55,Day,Home,Milwaukee Brewers,MIL,Minnesota Twins,MIN,31,0,2,0,0.0,4,13,35,0.065,0.171,0.097,0.268,144,88,-0.558,0.89,0.257,,-4.4,24,0,8.0,1,49,14,25,6,12,3,0,56,0,0,0.059,1.9,28,2,4,2,2.25,4,16,32,0.143,0.25,0.286,0.536,139,93,-0.059,1.15,0.507,,-1.9,27,5,9.0,0,49,19,25,0,12,5,0,68,0,0,0.559,4.4
MIL/MIL201807040,"Wednesday, July 4, 2018",3:10 p.m. Local,Miller Park,36700,2:35,Day,Home,Milwaukee Brewers,MIL,Minnesota Twins,MIN,32,2,6,2,2.0,1,6,33,0.188,0.212,0.344,0.556,114,82,-0.401,0.78,0.495,,-2.4,24,8,8.0,3,45,10,27,8,18,9,0,56,1,0,-0.099,0.9,29,3,6,3,3.38,2,5,31,0.207,0.258,0.517,0.775,122,70,0.099,1.36,0.563,,-0.9,27,7,9.0,1,39,9,22,10,15,2,0,67,1,1,0.402,2.4
MIN/MIN201807050,"Thursday, July 5, 2018",7:11 p.m. Local,Target Field,23895,2:29,Night,Home,Minnesota Twins,MIN,Baltimore Orioles,BAL,31,2,5,2,2.0,2,6,34,0.161,0.235,0.419,0.655,139,81,-0.386,0.65,0.401,,-2.7,24,9,8.0,1,39,19,23,10,15,7,0,51,0,0,-0.113,-0.9,34,5,9,4,4.5,2,7,36,0.265,0.306,0.471,0.776,121,99,0.114,1.14,0.515,,0.9,27,11,9.0,2,58,11,30,11,16,9,0,63,0,0,0.386,2.7
MIN/MIN201807060,"Friday, July 6, 2018",7:11 p.m. Local,Target Field,27570,2:51,Night,Home,Minnesota Twins,MIN,Baltimore Orioles,BAL,37,2,11,1,2.0,2,4,39,0.297,0.333,0.297,0.631,124,92,-0.241,0.38,0.287,,-2.7,24,8,8.0,1,60,12,20,19,14,8,0,21,2,0,-0.258,-1.9,34,6,11,5,5.62,1,8,35,0.324,0.343,0.412,0.755,150,84,0.259,0.7,0.457,,1.9,27,17,9.0,0,44,12,28,10,16,10,0,57,0,0,0.241,2.7
MIN/MIN201807070,"Saturday, July 7, 2018",1:10 p.m. Local,Target Field,25974,2:54,Day,Home,Minnesota Twins,MIN,Baltimore Orioles,BAL,33,4,7,4,4.0,4,11,37,0.212,0.297,0.424,0.722,143,93,-0.188,1.36,0.588,,-0.6,24,16,8.0,1,45,26,22,11,11,2,0,49,0,0,-0.312,-0.9,31,5,8,4,5.62,3,8,34,0.258,0.324,0.484,0.807,151,81,0.312,1.06,1.033,,0.9,27,8,9.0,1,40,17,24,13,10,6,0,62,0,0,0.187,0.7
MIN/MIN201807080,"Sunday, July 8, 2018",1:13 p.m. Local,Target Field,22557,2:54,Day,Home,Minnesota Twins,MIN,Baltimore Orioles,BAL,33,1,7,1,1.0,1,6,34,0.212,0.235,0.364,0.599,144,94,-0.352,0.52,0.14,,-3.7,24,7,8.0,3,56,14,24,13,14,6,0,37,3,3,-0.149,-5.9,36,10,11,9,6.75,2,7,38,0.306,0.342,0.583,0.925,141,97,0.149,0.65,0.462,,5.9,27,12,9.0,1,60,12,25,13,16,6,0,66,0,0,0.351,3.7
MIN/MIN201807090,"Monday, July 9, 2018",7:10 p.m. Local,Target Field,20199,3:03,Night,Home,Minnesota Twins,MIN,Kansas City Royals,KCR,33,1,7,1,1.0,1,11,35,0.212,0.257,0.303,0.56,175,94,-0.456,1.37,0.453,,-3.6,24,8,8.0,0,53,23,19,13,9,6,0,67,1,1,-0.045,1.1,35,3,11,3,3.38,4,9,39,0.314,0.385,0.343,0.727,143,106,0.046,1.13,0.848,,-1.1,27,9,9.0,0,59,14,33,10,16,14,0,69,0,0,0.455,3.7
MIN/MIN201807100,"Tuesday, July 10, 2018",7:10 p.m. Local,Target Field,27551,3:30,Night,Away,Kansas City Royals,KCR,Minnesota Twins,MIN,40,9,15,9,9.0,4,8,45,0.375,0.444,0.625,1.069,151,119,0.322,0.78,0.652,,4.3,27,8,9.0,1,72,23,26,12,20,12,0,43,0,0,0.178,0.7,34,4,9,4,4.0,3,8,37,0.265,0.324,0.441,0.766,197,89,-0.179,0.49,0.449,,-0.7,27,7,9.0,2,50,9,30,11,15,4,0,20,4,0,-0.323,-4.3
MIN/MIN201807110,"Wednesday, July 11, 2018",12:12 p.m. Local,Target Field,26708,3:19,Day,Home,Minnesota Twins,MIN,Kansas City Royals,KCR,35,5,9,5,4.0,3,12,40,0.257,0.35,0.514,0.864,152,114,0.0,1.0,0.773,,0.3,24,6,8.0,2,71,20,23,11,12,5,0,33,2,2,-0.5,-3.9,38,8,15,7,9.0,3,8,41,0.395,0.439,0.632,1.071,187,106,0.501,1.04,1.091,,3.9,27,9,9.0,3,65,13,28,13,17,8,0,46,2,0,-0.001,-0.3
MIN/MIN201807120,"Thursday, July 12, 2018",9:10 p.m. Local,Target Field,25281,2:50,Night,Home,Minnesota Twins,MIN,Tampa Bay Rays,TBR,33,1,7,1,1.0,1,11,35,0.212,0.229,0.303,0.532,136,86,-0.37,0.69,0.288,,-3.7,24,7,8.0,1,50,20,16,6,17,12,0,36,0,0,-0.13,-0.9,31,5,7,4,5.62,3,5,34,0.226,0.294,0.387,0.681,136,86,0.13,0.89,0.514,,0.9,27,3,9.0,0,50,12,24,10,16,8,0,77,3,0,0.37,3.7
MIN/MIN201807130,"Friday, July 13, 2018",7:11 p.m. Local,Target Field,28756,3:23,Night,Home,Minnesota Twins,MIN,Tampa Bay Rays,TBR,40,8,13,7,7.0,2,10,43,0.325,0.372,0.575,0.947,151,102,0.037,0.59,0.671,,3.3,24,9,8.0,1,57,15,30,12,18,8,0,7,1,1,-0.537,-6.9,36,11,15,11,12.38,4,7,42,0.417,0.452,0.722,1.175,156,101,0.538,0.83,0.794,,6.9,27,10,9.0,2,54,22,25,13,18,7,0,27,3,2,-0.038,-3.3
MIN/MIN201807140,"Saturday, July 14, 2018",1:11 p.m. Local,Target Field,25094,3:45,Day,Away,Tampa Bay Rays,TBR,Minnesota Twins,MIN,44,19,20,19,19.0,4,7,50,0.455,0.5,0.818,1.318,189,115,0.94,1.14,1.385,,14.3,27,4,9.0,1,73,18,24,14,24,12,0,53,4,1,-0.438,-1.3,38,6,11,6,5.0,6,12,44,0.289,0.386,0.395,0.781,180,113,0.439,0.97,1.072,,1.3,27,11,9.0,3,55,28,30,9,17,6,0,38,3,2,-0.939,-14.3
MIN/MIN201807150,"Sunday, July 15, 2018",1:12 p.m. Local,Target Field,25561,4:38,Day,Home,Minnesota Twins,MIN,Tampa Bay Rays,TBR,43,7,14,7,6.3,4,7,48,0.326,0.396,0.372,0.768,196,114,0.617,2.22,1.753,,1.8,28,10,9.1,1,71,25,18,19,17,11,0,51,10,4,-1.114,-6.1,35,11,10,9,9.64,10,11,48,0.286,0.457,0.429,0.885,190,116,1.115,1.71,2.113,,6.1,30,12,10.0,0,64,21,31,15,11,4,0,28,3,0,-0.615,-1.8
KCA/KCA201807200,"Friday, July 20, 2018",7:15 p.m. Local,Kauffman Stadium,27719,3:08,Night,Home,Kansas City Royals,KCR,Minnesota Twins,MIN,36,5,10,5,5.0,6,4,43,0.278,0.372,0.389,0.761,148,107,-0.301,0.59,0.702,,0.4,24,4,8.0,1,61,12,34,15,18,6,0,43,0,0,-0.199,-1.9,32,6,8,6,6.75,3,6,35,0.25,0.314,0.406,0.721,183,95,0.2,1.44,0.529,,1.9,27,9,9.0,0,56,18,21,7,19,9,0,64,2,1,0.301,-0.4
KCA/KCA201807210,"Saturday, July 21, 2018",6:15 p.m. Local,Kauffman Stadium,22159,3:11,Night,Home,Kansas City Royals,KCR,Minnesota Twins,MIN,32,2,7,2,2.0,3,11,35,0.219,0.286,0.25,0.536,163,103,-0.391,0.84,0.465,,-2.6,24,9,8.0,1,55,14,34,14,7,2,0,49,3,1,-0.11,0.1,29,4,6,4,4.5,9,7,39,0.207,0.395,0.31,0.705,156,92,0.109,1.16,0.579,,-0.1,27,11,9.0,0,56,17,19,12,11,5,0,54,1,0,0.391,2.6
KCA/KCA201807220,"Sunday, July 22, 2018",1:17 p.m. Local,Kauffman Stadium,18107,2:35,Day,Home,Kansas City Royals,KCR,Minnesota Twins,MIN,30,3,3,3,3.0,3,10,33,0.1,0.182,0.233,0.415,146,86,-0.254,1.16,0.393,,-1.6,24,7,8.0,1,46,12,28,12,8,3,0,69,2,2,-0.246,-0.9,27,5,4,5,4.5,3,8,31,0.148,0.233,0.296,0.53,124,92,0.244,1.02,0.842,,0.9,27,9,9.0,1,52,22,18,7,13,5,0,65,1,0,0.254,1.6
TOR/TOR201807230,"Monday, July 23, 2018",7:08 p.m. Local,Rogers Centre,25405,3:18,Night,Away,Minnesota Twins,MIN,Toronto Blue Jays,TOR,39,8,13,8,8.0,2,12,41,0.333,0.366,0.59,0.956,160,103,0.362,0.61,0.713,,3.5,27,6,9.0,1,48,19,36,16,11,6,0,49,3,0,0.139,1.5,37,3,11,3,3.0,5,9,43,0.297,0.372,0.405,0.777,157,99,-0.14,0.63,0.344,,-1.5,27,10,9.0,2,58,16,25,9,20,8,0,48,2,2,-0.361,-3.5
TOR/TOR201807240,"Tuesday, July 24, 2018",7:08 p.m. Local,Rogers Centre,31933,2:30,Night,Away,Minnesota Twins,MIN,Toronto Blue Jays,TOR,35,5,9,5,3.0,1,5,37,0.257,0.27,0.4,0.67,123,95,0.042,0.89,0.621,,0.5,27,9,9.0,0,55,9,31,15,16,7,0,77,0,0,0.458,4.5,30,0,5,0,0.0,1,11,31,0.167,0.194,0.2,0.394,148,81,-0.458,0.9,0.19,,-4.5,27,12,9.0,1,41,16,24,10,9,4,0,58,0,0,-0.042,-0.5
TOR/TOR201807250,"Wednesday, July 25, 2018",4:08 p.m. Local,Rogers Centre,32686,4:20,Day,Away,Minnesota Twins,MIN,Toronto Blue Jays,TOR,49,12,17,12,9.82,7,9,57,0.347,0.439,0.551,0.99,185,134,0.51,1.7,1.524,,6.5,33,10,11.0,0,89,16,29,20,20,6,0,45,0,0,-0.011,-0.5,44,6,16,6,4.91,2,10,49,0.364,0.388,0.455,0.842,215,121,0.01,1.3,1.394,,0.5,33,9,11.0,1,79,16,26,11,25,17,0,44,5,4,-0.51,-6.5
BOS/BOS201807260,"Thursday, July 26, 2018",7:11 p.m. Local,Fenway Park,37439,2:59,Night,Away,Minnesota Twins,MIN,Boston Red Sox,BOS,32,2,8,1,2.0,4,9,36,0.25,0.333,0.281,0.615,145,90,-0.135,1.93,0.745,,-2.8,27,11,9.0,0,51,16,23,9,14,8,0,75,0,0,0.635,3.8,31,1,5,1,1.0,4,8,36,0.161,0.278,0.194,0.471,140,80,-0.635,1.38,0.452,,-3.8,27,11,9.0,0,42,18,20,12,11,7,0,63,3,0,0.134,2.8
BOS/BOS201807270,"Friday, July 27, 2018",7:11 p.m. Local,Fenway Park,37273,3:26,Night,Home,Boston Red Sox,BOS,Minnesota Twins,MIN,36,3,6,3,2.7,5,12,42,0.167,0.286,0.222,0.508,154,112,0.024,1.0,1.312,,-2.3,27,9,9.0,3,57,17,38,15,9,4,0,54,0,0,-0.524,0.8,35,4,8,4,4.0,1,9,37,0.229,0.27,0.514,0.785,169,99,0.523,1.66,1.157,,-0.8,30,10,10.0,0,56,18,25,10,16,11,0,74,0,0,-0.022,2.3
BOS/BOS201807280,"Saturday, July 28, 2018",7:10 p.m. Local,Fenway Park,36798,3:28,Night,Home,Boston Red Sox,BOS,Minnesota Twins,MIN,35,4,7,4,4.0,1,9,36,0.2,0.222,0.343,0.565,177,97,-0.076,0.92,0.593,,-0.8,24,5,8.0,1,50,11,36,15,11,7,0,33,3,1,-0.423,-5.7,38,10,14,10,11.25,6,12,44,0.368,0.455,0.684,1.139,146,111,0.421,0.98,1.012,,5.7,27,10,9.0,1,64,18,29,9,17,7,0,47,1,0,0.076,0.8
BOS/BOS201807290,"Sunday, July 29, 2018",1:07 p.m. Local,Fenway Park,36785,2:42,Day,Home,Boston Red Sox,BOS,Minnesota Twins,MIN,29,0,4,0,0.0,1,8,31,0.138,0.194,0.172,0.366,146,79,-0.443,0.89,0.179,,-4.8,24,6,8.0,0,42,12,25,10,11,3,0,37,1,0,-0.057,1.3,35,3,10,3,3.38,3,10,39,0.286,0.359,0.371,0.73,110,88,0.056,0.82,0.608,,-1.3,27,8,9.0,0,45,15,28,10,15,8,0,74,0,0,0.444,4.8
MIN/MIN201807300,"Monday, July 30, 2018",7:11 p.m. Local,Target Field,26256,2:56,Night,Home,Minnesota Twins,MIN,Cleveland Indians,CLE,35,4,9,4,4.0,5,5,41,0.257,0.366,0.6,0.966,133,96,-0.161,1.57,1.195,,-0.7,25,5,8.1,0,65,10,21,7,23,11,0,48,1,0,-0.337,-1.0,31,5,9,5,5.4,3,8,36,0.29,0.343,0.355,0.698,151,92,0.339,1.93,1.19,,1.0,27,5,9.0,3,49,14,29,9,15,7,1,39,4,0,0.162,0.7
MIN/MIN201807310,"Tuesday, July 31, 2018",7:10 p.m. Local,Target Field,25407,3:08,Night,Away,Cleveland Indians,CLE,Minnesota Twins,MIN,37,6,11,5,6.0,4,8,41,0.297,0.366,0.351,0.717,139,87,0.235,1.02,0.874,,1.3,27,9,9.0,1,53,14,20,16,13,6,0,56,2,0,0.265,2.7,30,2,6,2,2.0,5,5,38,0.2,0.324,0.367,0.691,146,85,-0.264,0.98,0.498,,-2.7,27,9,9.0,0,42,11,32,9,18,6,0,53,2,0,-0.236,-1.3
MIN/MIN201808010,"Wednesday, August 1, 2018",12:10 p.m. Local,Target Field,29261,3:03,Day,Away,Cleveland Indians,CLE,Minnesota Twins,MIN,33,2,8,1,1.0,4,5,38,0.242,0.342,0.303,0.645,128,94,-0.218,1.4,0.543,,-2.6,27,11,9.0,0,64,14,16,13,15,7,0,80,1,0,0.721,4.7,30,0,5,0,0.0,1,12,31,0.167,0.194,0.233,0.427,155,92,-0.721,1.03,0.33,,-4.7,27,11,9.0,0,52,19,21,13,5,2,0,64,0,0,0.221,2.7
MIN/MIN201808030,"Friday, August 3, 2018",7:11 p.m. Local,Target Field,22236,3:21,Night,Home,Minnesota Twins,MIN,Kansas City Royals,KCR,35,4,10,4,4.0,0,10,37,0.286,0.297,0.371,0.669,171,102,-0.122,1.17,0.711,,-0.7,24,9,8.0,0,60,19,23,8,18,10,0,37,2,0,-0.378,-1.9,33,6,11,6,6.75,6,9,39,0.333,0.436,0.394,0.83,154,94,0.378,1.33,0.943,,1.9,27,5,9.0,1,56,14,24,11,13,9,0,46,1,0,0.121,0.7
MIN/MIN201808040,"Saturday, August 4, 2018",6:46 p.m. Local,Target Field,27909,2:45,Night,Home,Minnesota Twins,MIN,Kansas City Royals,KCR,32,2,6,2,2.0,3,7,36,0.188,0.257,0.219,0.476,160,91,-0.153,0.59,0.419,,-2.7,24,7,8.0,3,58,11,22,14,12,5,0,31,2,2,-0.345,-3.9,34,8,11,8,9.0,4,9,39,0.324,0.385,0.676,1.061,138,98,0.344,0.92,0.678,,3.9,27,12,9.0,0,53,16,29,10,16,8,0,62,0,0,0.154,2.7
MIN/MIN201808050,"Sunday, August 5, 2018",1:12 p.m. Local,Target Field,25390,2:53,Day,Home,Minnesota Twins,MIN,Kansas City Royals,KCR,39,5,12,5,5.0,2,10,41,0.308,0.341,0.487,0.829,135,97,-0.224,0.87,1.144,,0.3,24,11,8.0,1,57,14,26,10,19,5,0,37,2,0,-0.277,-1.9,33,6,11,6,6.75,2,7,35,0.333,0.371,0.485,0.856,147,90,0.279,1.91,0.794,,1.9,27,6,9.0,2,55,13,22,13,13,7,0,39,3,0,0.223,-0.3
CLE/CLE201808060,"Monday, August 6, 2018",7:10 p.m. Local,Progressive Field,18620,2:52,Night,Home,Cleveland Indians,CLE,Minnesota Twins,MIN,30,0,3,0,0.0,3,13,33,0.1,0.182,0.133,0.315,157,88,-0.248,0.38,0.101,,-4.7,24,10,8.0,4,40,17,31,9,8,3,0,33,0,0,-0.254,-5.8,32,10,11,10,9.0,6,5,39,0.344,0.436,0.75,1.186,143,85,0.254,0.48,0.403,,5.8,27,8,9.0,0,51,17,17,12,16,5,0,74,0,0,0.246,4.7
CLE/CLE201808070,"Tuesday, August 7, 2018",9:20 p.m. Local,Progressive Field,19921,2:53,Night,Away,Minnesota Twins,MIN,Cleveland Indians,CLE,36,3,11,3,3.0,2,11,39,0.306,0.359,0.444,0.803,139,84,-0.002,1.71,0.471,,-1.7,27,3,9.0,1,42,17,25,12,13,8,0,67,0,0,0.502,2.7,32,2,6,2,2.0,2,9,37,0.188,0.27,0.281,0.552,130,86,-0.505,0.68,0.685,,-2.7,27,7,9.0,1,48,11,27,6,18,5,0,48,1,0,0.002,1.7
CLE/CLE201808080,"Wednesday, August 8, 2018",7:11 p.m. Local,Progressive Field,25476,3:21,Night,Home,Cleveland Indians,CLE,Minnesota Twins,MIN,34,2,8,2,2.0,2,9,36,0.235,0.278,0.382,0.66,158,88,-0.281,1.22,0.873,,-2.7,26,9,8.2,1,48,11,29,9,16,7,0,48,3,0,-0.22,-0.4,33,5,8,5,4.15,3,4,37,0.242,0.297,0.364,0.661,141,96,0.219,1.66,0.882,,0.4,27,9,9.0,1,66,8,22,11,19,10,0,67,0,0,0.282,2.7
CLE/CLE201808090,"Thursday, August 9, 2018",1:10 p.m. Local,Progressive Field,25942,2:58,Day,Home,Cleveland Indians,CLE,Minnesota Twins,MIN,32,4,7,4,4.0,0,10,33,0.219,0.212,0.344,0.556,153,91,-0.244,1.1,0.526,,-0.7,25,10,8.1,1,57,11,24,10,13,5,0,37,0,0,-0.258,-0.8,30,5,6,5,5.4,7,8,38,0.2,0.351,0.333,0.685,140,92,0.259,1.12,0.831,,0.8,27,8,9.0,1,52,16,24,11,12,5,0,54,0,0,0.242,0.7
DET/DET201808100,"Friday, August 10, 2018",7:10 p.m. Local,Comerica Park,24849,2:37,Night,Home,Detroit Tigers,DET,Minnesota Twins,MIN,36,3,10,2,1.0,0,1,37,0.278,0.27,0.361,0.631,124,96,-0.287,0.58,0.383,,-1.7,24,8,8.0,2,63,7,26,16,20,10,0,47,0,0,-0.213,-0.8,27,5,4,5,5.62,3,6,31,0.148,0.226,0.444,0.67,137,75,0.212,0.87,0.524,,0.8,27,13,9.0,0,48,8,19,8,14,5,0,54,1,0,0.286,1.7
DET/DET201808110,"Saturday, August 11, 2018",6:10 p.m. Local,Comerica Park,26991,3:09,Night,Away,Minnesota Twins,MIN,Detroit Tigers,DET,35,4,9,3,4.0,6,7,41,0.257,0.366,0.371,0.737,147,95,0.109,1.37,0.674,,-0.7,27,13,9.0,1,51,22,22,17,11,4,0,61,0,0,0.391,1.7,34,3,9,3,3.0,3,6,37,0.265,0.324,0.412,0.736,163,98,-0.391,0.86,0.637,,-1.7,27,16,9.0,1,55,8,35,17,11,3,0,42,0,0,-0.109,0.7
DET/DET201808120,"Sunday, August 12, 2018",1:32 p.m. Local,Comerica Park,30105,2:33,Day,Home,Detroit Tigers,DET,Minnesota Twins,MIN,30,2,4,2,2.0,1,8,32,0.133,0.156,0.3,0.456,118,87,-0.374,1.08,0.327,,-2.7,24,13,8.0,0,53,14,20,6,17,7,0,35,4,2,-0.126,0.2,30,4,9,4,4.5,2,4,34,0.3,0.353,0.333,0.686,133,77,0.128,1.02,0.674,,-0.2,27,4,9.0,1,55,7,15,16,11,6,0,66,0,0,0.374,2.7
MIN/MIN201808140,"Tuesday, August 14, 2018",7:13 p.m. Local,Target Field,28515,2:45,Night,Home,Minnesota Twins,MIN,Pittsburgh Pirates,PIT,33,2,7,2,2.0,3,12,36,0.212,0.278,0.273,0.551,127,98,-0.375,1.0,0.513,,-2.7,24,8,8.0,1,60,16,22,8,13,8,0,49,0,0,-0.125,-0.9,33,5,10,5,5.62,1,5,34,0.303,0.324,0.455,0.778,153,84,0.123,1.42,0.695,,0.9,27,7,9.0,0,53,10,21,8,20,8,0,60,3,0,0.375,2.7
MIN/MIN201808150,"Wednesday, August 15, 2018",12:11 p.m. Local,Target Field,26191,3:18,Day,Home,Minnesota Twins,MIN,Pittsburgh Pirates,PIT,38,4,12,3,3.0,4,8,43,0.316,0.395,0.421,0.816,143,118,-0.066,1.01,1.024,,-0.7,24,6,8.0,1,67,20,31,9,21,7,0,46,1,1,-0.434,-1.9,33,6,9,6,6.75,1,11,34,0.273,0.294,0.424,0.718,178,93,0.435,1.5,0.918,,1.9,27,6,9.0,1,46,19,28,10,12,8,0,35,4,0,0.066,0.7
MIN/MIN201808160,"Thursday, August 16, 2018",7:11 p.m. Local,Target Field,25108,3:35,Night,Home,Minnesota Twins,MIN,Detroit Tigers,DET,37,8,10,8,8.0,6,6,43,0.27,0.372,0.676,1.048,183,101,0.208,0.53,0.819,,3.3,24,6,8.0,3,57,13,31,10,21,5,0,19,3,3,-0.707,-10.9,38,15,15,15,11.25,4,10,45,0.395,0.444,0.711,1.155,166,105,0.708,0.88,0.92,,10.9,27,7,9.0,4,62,18,27,9,21,9,0,19,3,2,-0.207,-3.3
MIN/MIN201808170,"Friday, August 17, 2018",7:10 p.m. Local,Target Field,26605,2:43,Night,Home,Minnesota Twins,MIN,Detroit Tigers,DET,32,4,10,3,4.0,4,8,37,0.312,0.389,0.406,0.795,115,98,-0.139,0.97,0.672,,-0.7,24,6,8.0,3,57,19,22,12,13,8,0,56,2,2,-0.362,-0.9,29,5,5,5,5.62,0,7,31,0.172,0.226,0.483,0.709,146,76,0.361,1.19,0.843,,0.9,27,13,9.0,0,43,13,20,7,15,2,0,51,2,0,0.138,0.7
MIN/MIN201808180,"Saturday, August 18, 2018",6:22 p.m. Local,Target Field,31904,3:29,Night,Away,Detroit Tigers,DET,Minnesota Twins,MIN,34,7,6,6,6.0,6,8,42,0.176,0.333,0.353,0.686,169,103,0.382,1.1,0.941,,2.4,27,6,9.0,4,55,18,30,12,14,7,0,43,1,0,0.119,-0.3,38,5,11,5,5.0,3,8,41,0.289,0.341,0.658,0.999,175,106,-0.118,0.98,0.796,,0.3,27,8,9.0,1,61,12,33,9,21,9,0,38,2,0,-0.38,-2.3
MIN/MIN201808190,"Sunday, August 19, 2018",1:15 p.m. Local,Target Field,27917,3:16,Day,Home,Minnesota Twins,MIN,Detroit Tigers,DET,34,4,8,3,4.0,6,10,40,0.235,0.35,0.324,0.674,133,101,-0.231,0.98,0.947,,-0.7,24,8,8.0,3,53,20,28,12,12,6,0,46,4,2,-0.271,-0.9,29,5,7,5,5.62,3,6,33,0.241,0.303,0.586,0.889,178,87,0.272,1.8,0.78,,0.9,27,8,9.0,0,49,14,24,11,13,3,0,48,4,3,0.228,0.7
MIN/MIN201808200,"Monday, August 20, 2018",6:43 p.m. Local,Target Field,23431,3:24,Night,Away,Chicago White Sox,CHW,Minnesota Twins,MIN,40,8,13,7,7.0,4,10,45,0.325,0.4,0.5,0.9,162,112,0.329,0.74,0.76,,3.3,27,10,9.0,2,64,20,28,17,13,6,0,54,0,0,0.172,-0.3,34,5,7,5,5.0,3,12,37,0.206,0.27,0.5,0.77,176,99,-0.172,0.68,0.439,,0.3,27,8,9.0,1,42,20,37,11,11,5,0,27,3,0,-0.329,-3.3
CHA/CHA201808210,"Tuesday, August 21, 2018",7:11 p.m. Local,Guaranteed Rate Field,23133,3:16,Night,Away,Minnesota Twins,MIN,Chicago White Sox,CHW,33,5,10,4,4.0,4,9,39,0.303,0.395,0.303,0.698,130,107,0.234,1.23,1.05,,0.5,27,12,9.0,2,57,17,33,14,11,4,0,57,0,0,0.267,2.5,29,2,6,2,2.0,3,11,33,0.207,0.281,0.414,0.695,178,89,-0.268,1.45,0.629,,-2.5,27,13,9.0,0,49,19,21,6,13,3,0,54,4,4,-0.233,-0.5
CHA/CHA201808220,"Wednesday, August 22, 2018",1:11 p.m. Local,Guaranteed Rate Field,15160,3:06,Day,Home,Chicago White Sox,CHW,Minnesota Twins,MIN,34,3,7,3,3.0,4,8,39,0.206,0.308,0.324,0.631,148,94,-0.111,0.7,0.481,,-1.5,24,15,8.0,3,57,12,25,12,14,4,0,29,2,0,-0.39,-3.0,32,7,8,6,4.5,6,6,38,0.25,0.368,0.563,0.931,164,86,0.389,0.8,0.802,,3.0,27,6,9.0,1,51,17,18,14,12,6,0,60,2,1,0.112,1.5
MIN/MIN201808230,"Thursday, August 23, 2018",7:10 p.m. Local,Target Field,24171,2:58,Night,Home,Minnesota Twins,MIN,Oakland Athletics,OAK,35,4,9,3,4.0,5,10,40,0.257,0.35,0.514,0.864,133,96,-0.217,0.82,0.582,,-0.7,24,13,8.0,1,50,17,29,12,13,5,0,31,0,0,-0.284,-1.9,32,6,9,6,6.75,2,6,34,0.281,0.324,0.406,0.73,169,82,0.282,1.11,0.743,,1.9,27,10,9.0,2,49,6,27,16,10,5,0,42,2,0,0.217,0.7
MIN/MIN201808240,"Friday, August 24, 2018",7:10 p.m. Local,Target Field,22568,3:05,Night,Away,Oakland Athletics,OAK,Minnesota Twins,MIN,35,7,10,7,6.0,2,4,38,0.286,0.316,0.571,0.887,132,104,0.109,1.16,0.605,,2.3,27,10,9.0,0,72,11,21,12,20,6,0,55,1,0,0.391,3.7,29,1,5,1,0.0,3,8,35,0.172,0.242,0.172,0.415,161,90,-0.39,0.77,0.378,,-3.7,27,10,9.0,3,57,10,23,14,10,4,0,64,0,0,-0.109,-2.3
MIN/MIN201808250,"Saturday, August 25, 2018",6:20 p.m. Local,Target Field,28772,3:10,Night,Away,Oakland Athletics,OAK,Minnesota Twins,MIN,36,6,12,6,6.0,4,6,40,0.333,0.4,0.472,0.872,144,97,0.206,1.01,0.665,,1.4,27,10,9.0,2,55,12,30,13,17,8,0,60,4,0,0.294,2.7,34,2,8,2,2.0,2,10,37,0.235,0.297,0.412,0.709,164,93,-0.295,0.64,0.465,,-2.7,27,11,9.0,1,49,18,26,11,13,6,0,35,0,0,-0.206,-1.3
MIN/MIN201808260,"Sunday, August 26, 2018",1:11 p.m. Local,Target Field,23318,3:12,Day,Away,Oakland Athletics,OAK,Minnesota Twins,MIN,40,6,13,6,6.0,0,6,40,0.325,0.325,0.675,1.0,147,94,0.275,0.98,0.689,,1.3,27,16,9.0,2,61,15,18,15,19,5,0,52,2,0,0.225,2.7,33,2,7,2,2.0,4,3,38,0.212,0.316,0.424,0.74,147,89,-0.224,0.69,0.516,,-2.7,27,10,9.0,4,56,8,25,17,13,5,0,43,0,0,-0.275,-1.3
CLE/CLE201808280,"Tuesday, August 28, 2018",7:10 p.m. Local,Progressive Field,19194,3:04,Night,Home,Cleveland Indians,CLE,Minnesota Twins,MIN,34,1,7,1,1.0,3,12,37,0.206,0.27,0.324,0.594,147,88,-0.323,0.61,0.158,,-3.7,24,11,8.0,0,43,19,26,11,11,6,0,33,1,1,-0.177,-3.8,37,8,14,8,7.88,3,8,41,0.378,0.415,0.405,0.82,134,90,0.177,0.63,0.455,,3.8,27,7,9.0,1,57,15,18,16,14,11,0,80,0,0,0.323,3.7
CLE/CLE201808290,"Wednesday, August 29, 2018",7:10 p.m. Local,Progressive Field,20398,3:09,Night,Away,Minnesota Twins,MIN,Cleveland Indians,CLE,35,4,9,4,4.0,5,9,42,0.257,0.381,0.457,0.838,149,104,0.09,1.29,1.059,,-0.7,27,13,9.0,0,65,14,25,9,17,4,0,40,1,0,0.41,1.7,34,3,8,3,3.0,3,5,37,0.235,0.297,0.294,0.591,166,94,-0.411,1.42,0.584,,-1.7,27,7,9.0,1,58,7,29,14,15,10,0,53,1,0,-0.09,0.7
CLE/CLE201808300,"Thursday, August 30, 2018",1:10 p.m. Local,Progressive Field,20244,3:06,Day,Home,Cleveland Indians,CLE,Minnesota Twins,MIN,32,3,5,3,1.0,3,14,35,0.156,0.229,0.344,0.572,147,94,-0.191,1.04,0.521,,-1.7,24,7,8.0,1,37,26,31,8,10,5,0,51,2,2,-0.312,-0.8,29,5,6,5,5.62,4,6,34,0.207,0.303,0.414,0.717,156,88,0.313,0.96,0.885,,0.8,27,8,9.0,2,53,13,22,8,16,7,0,70,1,0,0.188,1.7
TEX/TEX201808310,"Friday, August 31, 2018",7:09 p.m. Local,Globe Life Park in Arlington,22808,3:42,Night,Away,Minnesota Twins,MIN,Texas Rangers,TEX,38,10,12,9,10.0,4,4,45,0.316,0.395,0.579,0.974,189,99,0.488,1.02,1.055,,4.9,27,8,9.0,1,68,8,23,19,17,5,0,27,1,0,0.012,-1.9,36,7,7,7,3.0,6,9,43,0.194,0.326,0.333,0.659,171,113,-0.012,0.88,0.759,,1.9,27,11,9.0,2,66,20,27,13,13,7,1,35,1,1,-0.487,-4.9
TEX/TEX201809010,"Saturday, September 1, 2018",7:08 p.m. Local,Globe Life Park in Arlington,32175,2:52,Night,Home,Texas Rangers,TEX,Minnesota Twins,MIN,33,4,8,3,4.0,2,6,35,0.242,0.286,0.424,0.71,152,86,-0.155,0.56,0.551,,-1.1,24,8,8.0,4,42,15,29,10,17,8,0,39,1,0,-0.345,-2.5,30,7,5,6,6.75,3,7,33,0.167,0.242,0.567,0.809,137,91,0.345,0.9,0.628,,2.5,27,6,9.0,1,53,17,21,9,14,5,0,43,3,0,0.156,1.1
TEX/TEX201809020,"Sunday, September 2, 2018",2:09 p.m. Local,Globe Life Park in Arlington,23423,3:09,Day,Home,Texas Rangers,TEX,Minnesota Twins,MIN,33,4,8,4,4.0,3,4,36,0.242,0.306,0.455,0.76,198,91,-0.335,0.38,0.191,,-1.1,24,6,8.0,6,63,4,24,12,17,7,0,43,1,1,-0.167,-13.5,42,18,19,15,18.0,2,8,48,0.452,0.5,1.071,1.571,141,128,0.166,0.54,0.495,,13.5,27,11,9.0,2,78,15,35,7,28,14,0,67,0,0,0.335,1.1
HOU/HOU201809030,"Monday, September 3, 2018",1:11 p.m. Local,Minute Maid Park,39559,2:59,Day,Home,Houston Astros,HOU,Minnesota Twins,MIN,36,1,8,1,0.0,3,13,39,0.222,0.282,0.25,0.532,114,100,-0.342,0.37,0.494,,-3.6,24,13,8.0,2,44,16,40,10,13,8,0,61,0,0,-0.157,0.0,28,4,4,3,2.25,2,5,30,0.143,0.2,0.357,0.557,160,66,0.156,1.18,0.348,,-0.0,27,7,9.0,0,35,10,21,13,10,5,0,64,3,0,0.342,3.6
HOU/HOU201809040,"Tuesday, September 4, 2018",7:10 p.m. Local,Minute Maid Park,31315,2:58,Night,Home,Houston Astros,HOU,Minnesota Twins,MIN,31,2,5,2,2.0,3,11,34,0.161,0.235,0.29,0.526,127,88,-0.29,0.43,0.302,,-2.5,24,12,8.0,1,38,21,29,5,15,8,0,27,0,0,-0.21,-1.0,33,5,10,5,5.62,1,5,34,0.303,0.324,0.485,0.808,129,83,0.21,0.85,0.438,,1.0,27,4,9.0,1,50,7,26,16,12,6,0,73,1,0,0.289,2.6
HOU/HOU201809050,"Wednesday, September 5, 2018",7:10 p.m. Local,Minute Maid Park,31011,3:21,Night,Home,Houston Astros,HOU,Minnesota Twins,MIN,31,1,6,1,1.0,5,9,36,0.194,0.306,0.29,0.596,168,79,-0.26,0.45,0.319,,-3.6,24,5,8.0,2,40,12,27,11,11,5,0,36,4,0,-0.241,-5.0,31,9,9,9,10.12,8,7,40,0.29,0.45,0.581,1.031,136,87,0.24,0.73,0.542,,5.0,27,11,9.0,1,42,10,35,7,17,7,0,56,3,0,0.259,3.6
MIN/MIN201809070,"Friday, September 7, 2018",7:10 p.m. Local,Target Field,19944,3:36,Night,Home,Minnesota Twins,MIN,Kansas City Royals,KCR,35,6,10,6,6.0,7,6,43,0.286,0.405,0.429,0.833,175,103,0.161,0.95,0.886,,1.3,24,12,8.0,1,61,18,24,9,21,14,0,19,4,0,-0.663,-5.9,36,10,12,9,10.12,7,3,43,0.333,0.442,0.444,0.886,174,100,0.665,0.99,1.066,,5.9,27,9,9.0,1,64,13,23,22,11,1,0,25,2,2,-0.163,-1.3
MIN/MIN201809080,"Saturday, September 8, 2018",6:10 p.m. Local,Target Field,25814,2:42,Night,Away,Kansas City Royals,KCR,Minnesota Twins,MIN,35,4,8,4,4.0,3,9,39,0.229,0.308,0.286,0.593,119,96,0.043,0.77,0.661,,-0.7,27,6,9.0,0,55,20,21,10,16,8,0,79,2,1,0.457,3.7,27,1,1,1,1.0,1,4,29,0.037,0.069,0.037,0.106,158,73,-0.457,0.93,0.082,,-3.7,27,9,9.0,0,39,6,28,8,16,6,0,65,1,1,-0.042,0.7
MIN/MIN201809090,"Sunday, September 9, 2018",1:13 p.m. Local,Target Field,20903,2:36,Day,Home,Minnesota Twins,MIN,Kansas City Royals,KCR,29,1,3,1,1.0,4,10,34,0.103,0.235,0.207,0.442,121,87,-0.546,1.22,0.392,,-3.7,26,8,8.2,1,48,18,24,10,9,2,0,63,0,0,0.047,1.5,32,3,7,3,3.12,3,7,35,0.219,0.286,0.375,0.661,144,83,-0.045,1.25,0.727,,-1.5,27,8,9.0,1,45,16,22,9,16,5,0,61,0,0,0.546,3.7
MIN/MIN201809100,"Monday, September 10, 2018",7:10 p.m. Local,Target Field,21565,3:39,Night,Away,New York Yankees,NYY,Minnesota Twins,MIN,37,7,11,7,7.0,10,7,48,0.297,0.438,0.486,0.924,144,111,0.114,0.81,0.781,,2.3,27,9,9.0,0,56,19,36,12,19,10,0,63,0,0,0.386,2.7,36,2,10,2,2.0,0,6,36,0.278,0.278,0.333,0.611,205,96,-0.387,0.84,0.251,,-2.7,27,11,9.0,1,53,5,38,12,18,11,0,58,3,2,-0.114,-2.3
MIN/MIN201809110,"Tuesday, September 11, 2018",7:17 p.m. Local,Target Field,20343,3:04,Night,Home,Minnesota Twins,MIN,New York Yankees,NYY,27,5,5,5,5.0,5,5,34,0.185,0.324,0.37,0.694,171,75,-0.16,0.74,0.361,,0.3,24,10,8.0,1,39,12,25,13,10,4,0,40,3,3,-0.339,-5.9,36,10,13,9,10.12,7,7,43,0.361,0.465,0.5,0.965,132,102,0.339,0.68,0.728,,5.9,27,14,9.0,1,54,14,34,11,18,12,0,49,3,3,0.16,-0.3
MIN/MIN201809120,"Wednesday, September 12, 2018",7:10 p.m. Local,Target Field,24134,2:46,Night,Home,Minnesota Twins,MIN,New York Yankees,NYY,29,1,2,1,1.0,3,7,32,0.069,0.156,0.103,0.26,127,83,-0.544,0.83,0.256,,-3.7,24,11,8.0,0,47,17,19,7,15,6,0,62,2,0,0.044,1.1,30,3,7,3,3.38,0,8,30,0.233,0.233,0.333,0.567,144,82,-0.043,1.12,0.486,,-1.1,27,7,9.0,0,46,16,20,13,9,6,0,74,2,0,0.544,3.7
KCA/KCA201809130,"Thursday, September 13, 2018",7:17 p.m. Local,Kauffman Stadium,18745,3:12,Night,Home,Kansas City Royals,KCR,Minnesota Twins,MIN,33,4,7,4,4.0,1,7,35,0.212,0.229,0.364,0.592,183,82,-0.125,0.97,0.508,,-0.6,24,7,8.0,2,46,13,23,9,18,7,0,56,2,0,-0.376,-1.9,32,6,8,5,4.5,7,6,40,0.25,0.4,0.5,0.9,123,107,0.375,1.07,1.053,,1.9,27,8,9.0,1,70,11,26,10,16,10,0,57,7,2,0.125,0.6
KCA/KCA201809140,"Friday, September 14, 2018",7:17 p.m. Local,Kauffman Stadium,18389,3:15,Night,Home,Kansas City Royals,KCR,Minnesota Twins,MIN,40,4,13,4,4.0,3,5,43,0.325,0.372,0.375,0.747,143,112,0.067,1.59,0.901,,-0.6,25,10,8.1,2,64,13,35,18,17,9,0,60,0,0,-0.566,-3.7,34,8,11,8,8.64,5,11,40,0.324,0.4,0.588,0.988,164,94,0.567,1.21,1.388,,3.7,27,10,9.0,0,54,19,21,10,14,7,0,34,1,0,-0.067,0.6
KCA/KCA201809150,"Saturday, September 15, 2018",6:16 p.m. Local,Kauffman Stadium,19505,3:04,Night,Home,Kansas City Royals,KCR,Minnesota Twins,MIN,36,3,11,3,2.0,2,5,39,0.306,0.333,0.333,0.667,165,98,-0.154,0.52,0.367,,-1.6,24,10,8.0,0,55,10,33,10,22,12,0,32,2,1,-0.346,-5.9,40,10,15,9,5.62,1,8,41,0.375,0.39,0.575,0.965,140,105,0.344,0.66,0.596,,5.9,27,6,9.0,0,65,15,25,14,18,10,0,56,1,1,0.155,1.6
KCA/KCA201809160,"Sunday, September 16, 2018",1:15 p.m. Local,Kauffman Stadium,20286,3:24,Day,Away,Minnesota Twins,MIN,Kansas City Royals,KCR,42,9,18,8,8.0,3,8,45,0.429,0.467,0.762,1.229,130,120,0.527,1.0,1.128,,4.4,27,10,9.0,1,73,15,32,11,23,12,0,38,1,0,-0.029,-1.4,38,6,13,6,6.0,0,9,38,0.342,0.342,0.526,0.868,198,89,0.029,0.87,0.759,,1.4,27,8,9.0,4,50,13,26,13,16,9,0,29,2,1,-0.53,-4.4
DET/DET201809170,"Monday, September 17, 2018",7:10 p.m. Local,Comerica Park,19004,2:54,Night,Away,Minnesota Twins,MIN,Detroit Tigers,DET,35,6,9,6,6.0,3,5,39,0.257,0.333,0.486,0.819,142,89,0.188,0.7,0.535,,1.3,27,10,9.0,0,53,7,30,11,19,6,0,52,0,0,0.312,3.7,31,1,5,0,0.0,4,7,35,0.161,0.257,0.194,0.451,154,87,-0.314,0.57,0.237,,-3.7,27,9,9.0,2,54,12,21,8,16,10,0,27,2,0,-0.186,-1.3
DET/DET201809180,"Tuesday, September 18, 2018",7:10 p.m. Local,Comerica Park,19740,3:02,Night,Away,Minnesota Twins,MIN,Detroit Tigers,DET,36,5,10,5,5.0,4,9,40,0.278,0.35,0.444,0.794,129,101,0.073,0.91,0.673,,0.3,27,5,9.0,0,55,12,34,11,16,9,0,62,1,0,0.428,1.7,33,3,6,3,3.0,1,11,34,0.182,0.206,0.242,0.448,170,88,-0.427,0.94,0.245,,-1.7,27,10,9.0,1,48,20,20,6,16,6,0,52,3,0,-0.072,-0.3
DET/DET201809190,"Wednesday, September 19, 2018",1:11 p.m. Local,Comerica Park,19296,2:47,Day,Away,Minnesota Twins,MIN,Detroit Tigers,DET,37,8,11,7,8.0,2,5,40,0.297,0.325,0.405,0.73,124,111,0.298,0.36,0.419,,3.3,27,14,9.0,0,68,9,34,10,23,8,0,52,0,0,0.202,2.7,28,2,4,2,2.0,2,7,32,0.143,0.219,0.179,0.397,164,81,-0.202,0.35,0.083,,-2.7,27,7,9.0,0,46,15,20,14,8,5,0,27,1,0,-0.298,-3.3
OAK/OAK201809210,"Friday, September 21, 2018",7:07 p.m. Local,Oakland-Alameda County Coliseum,27558,3:21,Night,Home,Oakland Athletics,OAK,Minnesota Twins,MIN,38,6,9,6,5.4,3,10,42,0.237,0.31,0.421,0.731,164,106,-0.018,1.15,1.047,,1.0,27,5,9.0,3,57,19,30,11,17,8,0,46,1,1,-0.483,-2.5,32,7,7,7,7.0,5,11,40,0.219,0.325,0.531,0.856,162,94,0.484,1.42,1.272,,2.5,30,12,10.0,1,53,14,27,8,15,6,0,52,2,2,0.017,-1.0
OAK/OAK201809220,"Saturday, September 22, 2018",6:08 p.m. Local,Oakland-Alameda County Coliseum,36731,3:03,Night,Home,Oakland Athletics,OAK,Minnesota Twins,MIN,32,2,7,2,2.0,3,6,36,0.219,0.278,0.281,0.559,136,92,-0.346,1.78,0.603,,-2.5,26,10,8.2,1,57,14,21,8,19,8,0,44,6,0,-0.154,1.0,33,3,8,2,2.08,3,5,37,0.242,0.324,0.394,0.718,132,84,0.154,1.27,1.327,,-1.0,27,8,9.0,0,51,11,22,14,14,8,0,64,1,0,0.347,2.5
OAK/OAK201809230,"Sunday, September 23, 2018",1:07 p.m. Local,Oakland-Alameda County Coliseum,35754,3:02,Day,Away,Minnesota Twins,MIN,Oakland Athletics,OAK,34,5,9,5,3.0,0,10,35,0.265,0.257,0.382,0.639,151,91,0.248,0.78,0.517,,0.5,27,13,9.0,1,51,18,22,11,14,5,0,60,4,0,0.251,3.5,33,1,8,1,1.0,4,5,37,0.242,0.324,0.364,0.688,136,86,-0.251,0.54,0.381,,-3.5,27,8,9.0,1,47,18,21,17,11,6,0,39,2,1,-0.248,-0.5
MIN/MIN201809250,"Tuesday, September 25, 2018",7:10 p.m. Local,Target Field,23849,3:12,Night,Away,Detroit Tigers,DET,Minnesota Twins,MIN,35,4,6,4,4.0,2,8,37,0.171,0.216,0.2,0.416,158,92,0.168,1.16,1.042,,-0.6,27,7,9.0,0,49,19,24,11,16,10,0,60,3,0,0.333,2.7,35,2,9,2,2.0,3,7,38,0.257,0.316,0.286,0.602,152,103,-0.332,1.5,0.517,,-2.7,27,8,9.0,0,59,16,28,10,18,13,0,52,2,2,-0.167,0.7
MIN/MIN201809260,"Wednesday, September 26, 2018",7:12 p.m. Local,Target Field,21316,3:36,Night,Home,Minnesota Twins,MIN,Detroit Tigers,DET,33,4,8,4,4.0,6,10,40,0.242,0.35,0.303,0.653,177,102,0.112,0.57,0.637,,-0.7,24,4,8.0,3,59,21,22,10,14,6,0,22,3,2,-0.612,-6.9,37,11,14,11,6.75,6,8,43,0.378,0.465,0.703,1.168,164,106,0.613,0.95,0.925,,6.9,27,6,9.0,0,58,19,29,6,23,14,0,29,3,1,-0.111,0.7
MIN/MIN201809270,"Thursday, September 27, 2018",7:13 p.m. Local,Target Field,22342,3:20,Night,Home,Minnesota Twins,MIN,Detroit Tigers,DET,34,3,8,3,3.0,7,6,42,0.235,0.357,0.235,0.592,173,110,0.017,0.67,0.591,,-1.7,24,8,8.0,0,70,14,26,13,16,3,0,39,3,3,-0.514,-4.9,35,9,12,9,10.12,4,10,39,0.343,0.41,0.514,0.925,187,101,0.515,0.91,0.817,,4.9,27,8,9.0,0,47,19,35,11,14,9,0,45,2,0,-0.014,1.7
MIN/MIN201809281,"Friday, September 28, 2018",1:10 p.m. Local,Target Field,20245,2:45,Day,Home,Minnesota Twins,MIN,Chicago White Sox,CHW,30,1,4,1,1.0,4,12,34,0.133,0.235,0.133,0.369,136,86,-0.635,1.24,0.417,,-3.7,24,3,8.0,0,37,21,28,9,9,4,0,56,0,0,0.135,2.1,27,2,5,2,2.25,5,8,33,0.185,0.303,0.222,0.525,130,83,-0.136,1.45,0.496,,-2.1,27,8,9.0,0,45,11,27,3,17,7,0,72,0,0,0.634,3.7
MIN/MIN201809282,"Friday, September 28, 2018",7:10 p.m. Local,Target Field,28191,3:02,Night,Home,Minnesota Twins,MIN,Chicago White Sox,CHW,34,4,8,4,4.0,2,7,37,0.235,0.297,0.5,0.797,178,83,-0.098,0.36,0.094,,-0.7,24,6,8.0,0,43,14,26,7,20,9,0,14,2,1,-0.402,-7.9,39,12,13,12,12.38,7,10,47,0.333,0.447,0.41,0.857,128,106,0.402,0.22,0.593,,7.9,27,7,9.0,2,66,12,28,14,15,7,0,59,0,0,0.099,0.7
MIN/MIN201809290,"Saturday, September 29, 2018",6:10 p.m. Local,Target Field,32717,3:20,Night,Home,Minnesota Twins,MIN,Chicago White Sox,CHW,34,3,7,2,1.0,3,9,38,0.206,0.263,0.265,0.528,186,93,-0.054,0.54,0.172,,-1.7,24,8,8.0,0,54,16,23,15,11,6,0,7,3,3,-0.447,-3.9,33,8,11,8,9.0,7,8,42,0.333,0.452,0.424,0.877,146,110,0.447,0.34,0.666,,3.9,27,10,9.0,0,66,14,30,9,17,8,0,66,0,0,0.053,1.7
MIN/MIN201809300,"Sunday, September 30, 2018",2:13 p.m. Local,Target Field,30144,2:56,Day,Home,Minnesota Twins,MIN,Chicago White Sox,CHW,32,4,7,4,4.0,3,15,38,0.219,0.297,0.313,0.61,119,102,-0.307,0.87,0.785,,-0.7,24,13,8.0,2,47,22,33,7,12,6,0,41,1,0,-0.193,-0.9,31,5,7,5,5.62,2,3,33,0.226,0.273,0.484,0.757,152,81,0.193,1.49,0.697,,0.9,27,5,9.0,0,52,9,20,14,14,4,0,50,3,1,0.306,0.7
