,date,time,venue,attendance,duration,time_of_day,winner,winning_name,winning_abbr,losing_name,losing_abbr,away_at_bats,away_runs,away_hits,away_rbi,away_earned_runs,away_bases_on_balls,away_strikeouts,away_plate_appearances,away_batting_average,away_on_base_percentage,away_slugging_percentage,away_on_base_plus,away_pitches,away_strikes,away_win_probability_for_offensive_player,away_average_leverage_index,away_win_probability_added,away_win_probability_subtracted,away_base_out_runs_added,away_putouts,away_assists,away_innings_pitched,away_home_runs,away_strikes_by_contact,away_strikes_swinging,away_strikes_looking,away_grounded_balls,away_fly_balls,away_line_drives,away_unknown_bat_type,away_game_score,away_inherited_runners,away_inherited_score,away_win_probability_by_pitcher,away_base_out_runs_saved,home_at_bats,home_runs,home_hits,home_rbi,home_earned_runs,home_bases_on_balls,home_strikeouts,home_plate_appearances,home_batting_average,home_on_base_percentage,home_slugging_percentage,home_on_base_plus,home_pitches,home_strikes,home_win_probability_for_offensive_player,home_average_leverage_index,home_win_probability_added,home_win_probability_subtracted,home_base_out_runs_added,home_putouts,home_assists,home_innings_pitched,home_home_runs,home_strikes_by_contact,home_strikes_swinging,home_strikes_looking,home_grounded_balls,home_fly_balls,home_line_drives,home_unknown_bat_type,home_game_score,home_inherited_runners,home_inherited_score,home_win_probability_by_pitcher,home_base_out_runs_saved
OAK/OAK201803290,"Thursday, March 29, 2018",1:07 p.m. Local,Oakland-Alameda County Coliseum,27764,4:02,Day,Home,Oakland Athletics,OAK,Los Angeles Angels,LAA,46,5,13,5,4.09,1,7,47,0.283,0.298,0.565,0.863,198,113,-0.284,1.61,0.835,,-0.4,31,9,10.1,2,77,11,25,14,25,8,0,38,4,0,-0.216,-1.5,42,6,12,6,5.23,5,11,47,0.286,0.362,0.5,0.862,164,128,0.216,1.28,1.467,,1.5,33,10,11.0,3,79,16,33,13,18,9,0,34,0,0,0.284,0.5
OAK/OAK201803300,"Friday, March 30, 2018",7:37 p.m. Local,Oakland-Alameda County Coliseum,27665,2:48,Night,Away,Los Angeles Angels,LAA,Oakland Athletics,OAK,32,2,6,1,2.0,0,7,32,0.188,0.188,0.281,0.469,150,78,-0.229,2.0,0.28,,-2.5,27,7,9.0,0,45,16,17,10,15,8,0,72,0,0,0.73,3.5,33,1,7,1,1.0,1,8,36,0.212,0.278,0.242,0.52,116,92,-0.729,0.72,0.72,,-3.5,27,8,9.0,1,54,23,16,12,13,4,0,74,1,0,0.229,2.5
OAK/OAK201803310,"Saturday, March 31, 2018",1:07 p.m. Local,Oakland-Alameda County Coliseum,17012,3:23,Day,Away,Los Angeles Angels,LAA,Oakland Athletics,OAK,41,8,12,8,7.0,1,6,43,0.293,0.326,0.488,0.813,154,102,0.229,0.7,0.595,,3.5,27,11,9.0,0,62,17,23,12,23,14,0,49,4,1,0.271,1.5,34,3,8,3,3.0,5,9,39,0.235,0.333,0.353,0.686,153,96,-0.272,0.55,0.269,,-1.5,27,9,9.0,0,46,19,31,13,12,7,0,37,3,2,-0.229,-3.5
OAK/OAK201804010,"Sunday, April 1, 2018",1:07 p.m. Local,Oakland-Alameda County Coliseum,14644,3:07,Day,Away,Los Angeles Angels,LAA,Oakland Athletics,OAK,37,7,13,7,6.0,2,3,40,0.351,0.375,0.459,0.834,150,77,0.4,1.09,1.021,,2.5,27,10,9.0,1,49,10,18,14,21,13,0,59,2,0,0.101,0.5,31,4,5,4,4.0,5,8,36,0.161,0.278,0.258,0.536,138,92,-0.1,1.08,0.58,,-0.5,27,14,9.0,0,43,22,27,10,13,6,0,32,3,2,-0.398,-2.5
OAK/OAK201804020,"Monday, April 2, 2018",7:07 p.m. Local,Oakland-Alameda County Coliseum,7416,3:10,Night,Home,Oakland Athletics,OAK,Texas Rangers,TEX,35,1,7,1,1.0,4,11,39,0.2,0.282,0.2,0.482,129,96,-0.448,1.26,0.725,,-3.5,24,8,8.0,1,45,24,27,10,14,7,0,57,2,2,-0.052,1.0,31,3,9,3,3.38,3,7,34,0.29,0.353,0.452,0.805,165,85,0.052,1.61,0.786,,-1.0,27,9,9.0,0,52,11,22,12,12,4,0,60,3,0,0.448,3.5
OAK/OAK201804030,"Tuesday, April 3, 2018",7:07 p.m. Local,Oakland-Alameda County Coliseum,9157,2:50,Night,Away,Texas Rangers,TEX,Oakland Athletics,OAK,32,4,10,4,4.0,2,2,34,0.312,0.353,0.469,0.822,154,74,0.133,1.03,0.468,,-0.5,27,10,9.0,1,43,9,25,16,14,6,0,63,0,0,0.366,3.5,34,1,8,1,1.0,3,13,38,0.235,0.316,0.353,0.669,133,91,-0.365,0.59,0.437,,-3.5,27,19,9.0,1,44,18,29,13,8,2,0,35,0,0,-0.134,0.5
OAK/OAK201804040,"Wednesday, April 4, 2018",7:07 p.m. Local,Oakland-Alameda County Coliseum,7908,2:23,Night,Home,Oakland Athletics,OAK,Texas Rangers,TEX,29,2,4,2,2.0,1,4,31,0.138,0.194,0.241,0.435,152,70,-0.288,0.64,0.158,,-2.5,24,9,8.0,0,37,8,25,13,12,4,0,36,4,0,-0.212,-2.0,31,6,9,5,3.38,5,10,38,0.29,0.395,0.419,0.814,103,86,0.212,0.66,0.546,,2.0,27,13,9.0,1,38,18,30,9,13,8,0,75,0,0,0.288,2.5
OAK/OAK201804050,"Thursday, April 5, 2018",12:37 p.m. Local,Oakland-Alameda County Coliseum,10132,3:10,Day,Away,Texas Rangers,TEX,Oakland Athletics,OAK,35,6,10,4,5.0,2,4,38,0.286,0.324,0.429,0.753,142,93,0.157,1.5,0.645,,1.5,27,10,9.0,0,57,14,22,15,17,8,0,37,4,1,0.343,1.5,35,3,12,3,3.0,2,5,40,0.343,0.375,0.371,0.746,136,89,-0.344,0.75,0.783,,-1.5,27,11,9.0,1,60,8,21,14,18,9,0,45,3,0,-0.158,-1.5
ANA/ANA201804060,"Friday, April 6, 2018",7:07 p.m. Local,Angel Stadium of Anaheim,36023,3:35,Night,Home,Los Angeles Angels,LAA,Oakland Athletics,OAK,37,9,13,8,9.0,1,5,39,0.351,0.359,0.784,1.143,167,100,0.489,1.46,0.826,,4.5,24,8,8.0,2,54,11,35,14,19,6,0,32,8,4,-0.991,-9.0,38,13,14,10,9.0,5,7,44,0.368,0.455,0.605,1.06,156,102,0.989,0.52,1.939,,9.0,27,14,9.0,5,61,14,27,17,14,8,0,17,1,0,-0.49,-4.5
ANA/ANA201804070,"Saturday, April 7, 2018",6:08 p.m. Local,Angel Stadium of Anaheim,40129,3:20,Night,Away,Oakland Athletics,OAK,Los Angeles Angels,LAA,31,7,7,7,7.0,10,8,42,0.226,0.429,0.419,0.848,145,101,0.331,1.16,0.812,,2.5,27,8,9.0,2,54,14,33,10,13,7,0,57,1,0,0.168,1.5,33,3,7,3,3.0,2,11,35,0.212,0.257,0.424,0.681,184,89,-0.17,0.78,0.637,,-1.5,27,13,9.0,1,49,15,25,11,11,5,0,36,0,0,-0.332,-2.5
ANA/ANA201804080,"Sunday, April 8, 2018",1:08 p.m. Local,Angel Stadium of Anaheim,44742,2:53,Day,Home,Los Angeles Angels,LAA,Oakland Athletics,OAK,29,1,3,1,1.0,2,12,31,0.103,0.161,0.207,0.368,147,79,-0.256,0.44,0.022,,-3.5,24,11,8.0,2,34,26,19,9,8,3,0,29,2,1,-0.244,-2.0,30,6,7,6,6.75,4,8,36,0.233,0.333,0.467,0.8,128,91,0.244,0.37,0.473,,2.0,27,7,9.0,1,50,13,28,13,10,2,0,86,0,0,0.257,3.5
LAN/LAN201804100,"Tuesday, April 10, 2018",7:10 p.m. Local,Dodger Stadium,41243,2:49,Night,Home,Los Angeles Dodgers,LAD,Oakland Athletics,OAK,32,0,5,0,0.0,2,11,34,0.156,0.206,0.188,0.393,145,99,-0.381,0.41,0.124,,-4.3,24,9,8.0,3,50,16,33,11,10,4,0,49,2,0,-0.118,-0.2,33,4,11,4,4.5,2,9,35,0.333,0.371,0.667,1.038,152,86,0.118,0.67,0.373,,0.2,27,8,9.0,0,45,10,31,14,10,3,0,77,2,0,0.381,4.3
LAN/LAN201804110,"Wednesday, April 11, 2018",7:11 p.m. Local,Dodger Stadium,49394,3:50,Night,Away,Oakland Athletics,OAK,Los Angeles Dodgers,LAD,49,16,21,15,16.0,1,9,50,0.429,0.44,0.673,1.113,161,135,0.424,0.45,0.708,,11.7,27,8,9.0,2,82,21,32,19,21,11,0,44,2,2,0.077,-1.7,39,6,12,6,5.0,0,5,40,0.308,0.3,0.538,0.838,208,100,-0.078,0.41,0.221,,1.7,27,8,9.0,3,56,13,31,13,22,8,0,24,1,1,-0.423,-11.7
SEA/SEA201804130,"Friday, April 13, 2018",7:11 p.m. Local,Safeco Field,25352,3:08,Night,Home,Seattle Mariners,SEA,Oakland Athletics,OAK,34,4,8,4,4.0,4,7,38,0.235,0.316,0.5,0.816,163,87,-0.048,1.13,0.826,,-0.3,24,14,8.0,2,48,12,27,9,18,7,0,51,4,2,-0.453,-3.2,34,7,11,7,7.88,3,7,37,0.324,0.378,0.559,0.937,150,105,0.451,1.02,1.161,,3.2,27,11,9.0,3,60,13,32,19,8,3,0,48,0,0,0.047,0.3
SEA/SEA201804140,"Saturday, April 14, 2018",6:13 p.m. Local,Safeco Field,29013,3:32,Night,Home,Seattle Mariners,SEA,Oakland Athletics,OAK,36,8,10,8,8.0,3,11,40,0.278,0.35,0.583,0.933,159,112,0.102,0.71,0.762,,3.7,24,7,8.0,4,56,20,36,8,17,7,0,29,1,0,-0.603,-6.2,42,10,17,9,10.12,2,7,44,0.405,0.432,0.738,1.17,176,97,0.604,0.88,1.033,,6.2,27,7,9.0,3,53,13,31,15,20,9,0,38,3,1,-0.103,-3.7
SEA/SEA201804150,"Sunday, April 15, 2018",1:10 p.m. Local,Safeco Field,25882,2:40,Day,Away,Oakland Athletics,OAK,Seattle Mariners,SEA,33,2,7,2,2.0,0,10,36,0.212,0.278,0.333,0.611,116,78,-0.182,1.32,0.465,,-2.3,27,9,9.0,1,39,16,23,8,15,8,0,71,1,0,0.682,3.3,28,1,2,1,1.0,3,5,32,0.071,0.161,0.179,0.34,125,74,-0.681,0.93,0.268,,-3.3,27,6,9.0,1,45,11,18,9,15,6,0,62,3,0,0.182,2.3
OAK/OAK201804160,"Monday, April 16, 2018",7:07 p.m. Local,Oakland-Alameda County Coliseum,7479,2:56,Night,Home,Oakland Athletics,OAK,Chicago White Sox,CHW,31,1,6,1,1.0,1,8,33,0.194,0.219,0.29,0.509,168,78,-0.429,0.63,0.161,,-3.5,24,7,8.0,1,38,14,26,13,11,5,0,62,4,3,-0.07,-4.0,32,8,8,6,6.75,7,11,40,0.25,0.385,0.438,0.822,119,100,0.07,0.84,0.502,,4.0,27,13,9.0,1,54,17,29,11,11,4,0,71,0,0,0.429,3.5
OAK/OAK201804170,"Tuesday, April 17, 2018",7:07 p.m. Local,Oakland-Alameda County Coliseum,46028,2:56,Night,Home,Oakland Athletics,OAK,Chicago White Sox,CHW,34,2,8,2,2.0,3,14,37,0.235,0.297,0.353,0.65,170,87,-0.136,0.26,0.157,,-2.5,24,6,8.0,1,38,25,24,12,8,5,0,10,1,1,-0.363,-6.0,33,10,13,10,11.25,6,8,41,0.394,0.463,0.636,1.1,148,98,0.363,0.37,0.451,,6.0,27,13,9.0,1,58,19,23,8,19,9,0,73,0,0,0.136,2.5
OAK/OAK201804180,"Wednesday, April 18, 2018",12:37 p.m. Local,Oakland-Alameda County Coliseum,13321,5:48,Day,Home,Oakland Athletics,OAK,Chicago White Sox,CHW,58,11,17,11,7.07,6,11,65,0.293,0.369,0.397,0.766,288,167,0.064,1.97,1.895,,4.1,41,8,13.2,2,107,24,36,21,26,6,0,25,5,4,-0.565,-5.8,54,12,16,12,7.9,12,13,68,0.296,0.412,0.481,0.893,268,156,0.566,1.7,2.493,,5.8,42,16,14.0,1,82,29,45,11,32,17,0,18,3,2,-0.065,-4.1
OAK/OAK201804200,"Friday, April 20, 2018",7:07 p.m. Local,Oakland-Alameda County Coliseum,23473,3:16,Night,Away,Boston Red Sox,BOS,Oakland Athletics,OAK,35,7,11,7,7.0,1,6,36,0.314,0.333,0.514,0.848,172,87,0.389,0.94,0.739,,2.5,27,7,9.0,0,46,17,24,17,12,7,0,44,6,0,0.112,1.5,37,3,10,3,3.0,2,11,40,0.27,0.325,0.351,0.676,131,112,-0.112,0.72,0.598,,-1.5,27,13,9.0,2,67,9,36,11,15,10,0,35,3,3,-0.389,-2.5
OAK/OAK201804210,"Saturday, April 21, 2018",6:07 p.m. Local,Oakland-Alameda County Coliseum,25746,2:16,Night,Home,Oakland Athletics,OAK,Boston Red Sox,BOS,28,0,0,0,0.0,2,10,30,0.0,0.067,0.0,0.067,125,75,-0.441,0.55,0.07,,-4.5,24,9,8.0,1,42,14,19,9,9,2,0,62,0,0,-0.061,1.0,31,3,7,3,3.38,2,10,33,0.226,0.273,0.516,0.789,108,78,0.06,0.73,0.403,,-1.0,27,9,9.0,0,41,15,22,9,12,5,0,95,,,0.44,4.5
OAK/OAK201804220,"Sunday, April 22, 2018",1:07 p.m. Local,Oakland-Alameda County Coliseum,29804,2:44,Day,Home,Oakland Athletics,OAK,Boston Red Sox,BOS,34,1,6,1,1.0,1,10,35,0.176,0.2,0.235,0.435,98,101,-0.397,1.16,0.618,,-3.5,24,10,8.0,1,60,21,20,8,16,11,0,50,0,0,-0.103,-0.0,31,4,9,4,4.5,1,6,32,0.29,0.313,0.452,0.764,142,70,0.104,1.37,0.773,,0.0,27,7,9.0,0,44,8,18,12,13,7,0,62,3,0,0.397,3.5
TEX/TEX201804230,"Monday, April 23, 2018",7:07 p.m. Local,Globe Life Park in Arlington,17060,3:20,Night,Away,Oakland Athletics,OAK,Texas Rangers,TEX,38,9,14,9,9.0,7,4,46,0.368,0.478,0.632,1.11,147,98,0.253,1.03,1.397,,3.9,27,11,9.0,1,62,11,25,15,19,8,0,51,0,0,0.245,1.1,32,4,7,3,4.0,2,9,34,0.219,0.265,0.406,0.671,161,97,-0.246,1.35,0.6,,-1.1,27,10,9.0,1,50,18,29,9,14,5,0,41,6,2,-0.254,-3.9
TEX/TEX201804240,"Tuesday, April 24, 2018",7:07 p.m. Local,Globe Life Park in Arlington,19391,3:07,Night,Away,Oakland Athletics,OAK,Texas Rangers,TEX,33,3,8,3,3.0,4,8,41,0.242,0.39,0.455,0.845,129,95,-0.045,1.66,0.904,,-2.1,27,7,9.0,0,55,15,25,7,18,6,0,65,1,1,0.544,3.1,31,2,6,2,2.0,2,8,35,0.194,0.257,0.226,0.483,155,89,-0.544,1.23,0.544,,-3.1,27,9,9.0,1,57,8,24,9,15,7,0,58,1,1,0.045,2.1
TEX/TEX201804250,"Wednesday, April 25, 2018",7:07 p.m. Local,Globe Life Park in Arlington,19121,2:59,Night,Home,Texas Rangers,TEX,Oakland Athletics,OAK,31,2,4,2,2.0,3,8,34,0.129,0.206,0.226,0.432,149,97,-0.441,1.17,0.475,,-3.1,24,9,8.0,0,58,8,31,10,13,4,0,51,0,0,-0.059,0.5,32,4,8,4,4.5,5,11,37,0.25,0.351,0.344,0.695,151,86,0.059,1.04,0.782,,-0.5,27,10,9.0,1,41,16,29,13,8,6,0,48,1,0,0.441,3.1
HOU/HOU201804270,"Friday, April 27, 2018",7:10 p.m. Local,Minute Maid Park,32636,2:30,Night,Away,Oakland Athletics,OAK,Houston Astros,HOU,36,8,10,8,8.0,0,7,36,0.278,0.278,0.611,0.889,110,90,0.26,0.78,0.684,,3.5,27,5,9.0,0,52,10,28,17,12,4,0,73,0,0,0.241,3.6,32,1,5,1,0.0,1,8,33,0.156,0.182,0.156,0.338,135,75,-0.242,0.59,0.248,,-3.5,27,14,9.0,3,38,14,23,10,14,6,0,42,1,0,-0.259,-3.4
HOU/HOU201804280,"Saturday, April 28, 2018",6:10 p.m. Local,Minute Maid Park,41493,3:14,Night,Home,Houston Astros,HOU,Oakland Athletics,OAK,28,0,3,0,0.0,1,8,29,0.107,0.138,0.107,0.245,185,84,-0.169,0.33,0.022,,-4.6,24,5,8.0,4,43,20,21,10,10,4,0,27,2,1,-0.332,-7.0,34,11,13,11,11.25,6,6,43,0.382,0.442,0.794,1.236,131,102,0.332,0.26,0.412,,7.0,27,8,9.0,0,60,14,30,6,25,13,0,80,0,0,0.169,4.6
HOU/HOU201804290,"Sunday, April 29, 2018",1:10 p.m. Local,Minute Maid Park,39131,2:46,Day,Home,Houston Astros,HOU,Oakland Athletics,OAK,35,4,9,4,4.0,0,14,36,0.257,0.278,0.457,0.735,115,101,-0.071,0.91,0.78,,-0.5,24,10,8.0,1,47,27,27,9,12,6,0,54,2,2,-0.431,-4.0,29,8,7,7,6.75,3,7,36,0.241,0.324,0.414,0.737,146,76,0.43,1.12,0.878,,4.0,27,8,9.0,1,38,13,24,12,12,3,0,62,1,1,0.07,0.6
SEA/SEA201805010,"Tuesday, May 1, 2018",7:10 p.m. Local,Safeco Field,12468,3:06,Night,Home,Seattle Mariners,SEA,Oakland Athletics,OAK,29,3,4,3,3.0,6,13,35,0.138,0.286,0.276,0.562,139,94,-0.259,0.88,0.441,,-1.3,24,7,8.0,1,41,20,33,8,8,2,0,37,3,1,-0.241,-2.2,32,6,9,6,6.75,5,8,39,0.281,0.385,0.469,0.853,153,84,0.242,0.97,0.775,,2.2,27,6,9.0,1,53,14,17,12,13,4,0,57,2,2,0.259,1.3
SEA/SEA201805020,"Wednesday, May 2, 2018",7:10 p.m. Local,Safeco Field,11603,2:25,Night,Away,Oakland Athletics,OAK,Seattle Mariners,SEA,35,3,8,3,3.0,1,16,36,0.229,0.25,0.486,0.736,126,95,0.176,1.83,0.946,,-1.3,27,10,9.0,1,50,27,18,1,18,7,0,58,2,0,0.322,2.3,35,2,9,2,2.0,3,8,38,0.257,0.316,0.371,0.687,129,80,-0.325,1.12,0.782,,-2.3,27,1,9.0,2,42,20,18,14,13,6,0,82,0,0,-0.178,1.3
SEA/SEA201805030,"Thursday, May 3, 2018",7:10 p.m. Local,Safeco Field,12888,2:31,Night,Home,Seattle Mariners,SEA,Oakland Athletics,OAK,31,1,6,1,1.0,1,9,32,0.194,0.219,0.323,0.541,110,98,-0.337,0.57,0.261,,-3.3,24,11,8.0,1,61,18,19,9,13,5,0,49,0,0,-0.164,-0.2,29,4,7,4,4.5,0,6,33,0.241,0.29,0.379,0.67,149,69,0.163,0.82,0.432,,0.2,27,10,9.0,1,41,16,12,15,10,4,0,58,0,0,0.336,3.3
OAK/OAK201805040,"Friday, May 4, 2018",7:07 p.m. Local,Oakland-Alameda County Coliseum,12723,3:21,Night,Home,Oakland Athletics,OAK,Baltimore Orioles,BAL,35,4,9,4,4.0,2,11,37,0.257,0.297,0.4,0.697,187,94,-0.119,0.8,0.855,,-0.5,24,8,8.0,2,46,22,26,14,10,5,0,40,3,0,-0.382,-2.0,37,6,11,6,4.5,3,10,40,0.297,0.35,0.541,0.891,147,115,0.383,1.43,0.939,,2.0,27,9,9.0,1,68,19,28,10,17,6,0,61,2,0,0.118,0.5
OAK/OAK201805050,"Saturday, May 5, 2018",6:07 p.m. Local,Oakland-Alameda County Coliseum,24612,3:32,Night,Home,Oakland Athletics,OAK,Baltimore Orioles,BAL,41,0,7,0,0.0,5,20,47,0.171,0.277,0.244,0.52,155,117,-1.094,1.36,0.591,,-5.9,34,12,11.1,1,51,34,32,12,9,6,0,87,0,0,0.593,3.7,38,2,4,2,1.59,2,11,40,0.105,0.15,0.184,0.334,192,94,-0.594,1.66,0.566,,-3.7,36,11,12.0,0,54,17,23,15,12,5,0,75,0,0,1.093,5.9
OAK/OAK201805060,"Sunday, May 6, 2018",1:07 p.m. Local,Oakland-Alameda County Coliseum,17112,2:25,Day,Home,Oakland Athletics,OAK,Baltimore Orioles,BAL,29,1,3,1,1.0,1,9,31,0.103,0.133,0.207,0.34,133,74,-0.609,0.94,0.381,,-3.5,24,11,8.0,0,41,15,18,14,7,2,0,60,0,0,0.111,2.0,31,2,7,2,1.12,1,8,32,0.226,0.25,0.29,0.54,112,83,-0.11,1.61,0.443,,-2.0,27,11,9.0,1,46,16,21,13,10,4,0,78,0,0,0.61,3.5
OAK/OAK201805070,"Monday, May 7, 2018",7:08 p.m. Local,Oakland-Alameda County Coliseum,7360,2:57,Night,Away,Houston Astros,HOU,Oakland Athletics,OAK,45,16,20,14,12.0,6,4,51,0.444,0.51,0.756,1.265,119,112,0.388,0.19,0.585,,11.5,27,14,9.0,0,72,14,27,21,20,10,0,70,0,0,0.112,2.5,35,2,8,2,2.0,2,5,37,0.229,0.27,0.343,0.613,175,78,-0.111,0.35,0.041,,-2.5,27,16,9.0,3,52,9,17,16,14,5,0,4,3,2,-0.389,-11.5
OAK/OAK201805080,"Tuesday, May 8, 2018",7:07 p.m. Local,Oakland-Alameda County Coliseum,9675,2:46,Night,Away,Houston Astros,HOU,Oakland Athletics,OAK,37,4,12,4,4.0,2,5,40,0.324,0.375,0.486,0.861,132,82,0.124,1.27,0.733,,-0.5,27,15,9.0,0,50,13,21,9,23,11,0,48,0,0,0.374,2.5,29,2,6,1,2.0,4,7,34,0.207,0.294,0.276,0.57,129,82,-0.373,0.82,0.548,,-2.5,27,10,9.0,1,46,14,22,14,9,7,0,42,1,0,-0.126,0.5
OAK/OAK201805090,"Wednesday, May 9, 2018",12:37 p.m. Local,Oakland-Alameda County Coliseum,18044,2:43,Day,Away,Houston Astros,HOU,Oakland Athletics,OAK,35,4,10,4,4.0,0,5,35,0.286,0.286,0.543,0.829,139,82,0.145,0.96,0.76,,-0.5,27,3,9.0,0,56,7,19,13,17,5,0,66,0,0,0.355,3.5,30,1,4,1,1.0,3,9,33,0.133,0.212,0.2,0.412,125,89,-0.355,0.91,0.318,,-3.5,27,8,9.0,2,45,21,23,4,17,6,0,58,0,0,-0.144,0.5
NYA/NYA201805110,"Friday, May 11, 2018",7:09 p.m. Local,Yankee Stadium III,43093,3:02,Night,Away,Oakland Athletics,OAK,New York Yankees,NYY,41,10,14,10,10.0,5,5,48,0.341,0.426,0.707,1.133,131,107,0.468,1.45,0.884,,5.4,27,15,9.0,2,65,17,25,15,22,8,0,58,6,1,0.032,-0.4,33,5,7,5,2.0,4,6,38,0.212,0.297,0.394,0.691,170,81,-0.031,0.63,0.837,,0.4,27,11,9.0,4,43,13,25,19,9,1,0,28,0,0,-0.468,-5.4
NYA/NYA201805120,"Saturday, May 12, 2018",1:08 p.m. Local,Yankee Stadium III,41859,4:15,Day,Home,New York Yankees,NYY,Oakland Athletics,OAK,35,6,6,6,4.91,8,11,44,0.171,0.318,0.257,0.575,213,99,-0.286,1.69,1.228,,0.4,32,6,10.2,3,42,20,37,9,16,6,0,29,4,2,-0.214,-1.8,43,7,11,7,5.91,9,10,52,0.256,0.385,0.465,0.85,169,116,0.216,1.76,1.569,,1.8,33,8,11.0,1,58,22,36,9,24,8,0,29,0,0,0.287,-0.4
NYA/NYA201805130,"Sunday, May 13, 2018",3:50 p.m. Local,Yankee Stadium III,40538,3:07,Day,Home,New York Yankees,NYY,Oakland Athletics,OAK,35,2,8,2,2.0,3,12,38,0.229,0.289,0.314,0.604,163,105,-0.286,0.47,0.303,,-2.6,24,10,8.0,1,53,19,33,9,14,5,0,37,0,0,-0.217,-1.9,35,6,12,6,6.75,4,6,39,0.343,0.41,0.514,0.925,161,94,0.214,0.8,0.5,,1.9,27,4,9.0,1,59,10,25,17,12,4,0,63,0,0,0.285,2.6
BOS/BOS201805140,"Monday, May 14, 2018",7:12 p.m. Local,Fenway Park,35249,2:40,Night,Away,Oakland Athletics,OAK,Boston Red Sox,BOS,37,6,11,6,6.0,0,7,37,0.297,0.297,0.622,0.919,115,98,0.309,1.59,0.895,,1.2,27,14,9.0,2,60,13,25,14,16,7,0,45,1,0,0.191,-0.2,36,5,9,5,4.0,1,4,37,0.25,0.27,0.444,0.715,154,84,-0.192,0.92,0.991,,0.2,27,11,9.0,3,54,7,23,17,15,7,0,39,0,0,-0.31,-1.2
BOS/BOS201805150,"Tuesday, May 15, 2018",8:52 p.m. Local,Fenway Park,34906,3:16,Night,Away,Oakland Athletics,OAK,Boston Red Sox,BOS,34,5,9,5,5.0,3,5,38,0.265,0.342,0.412,0.754,143,112,0.132,1.3,0.76,,0.2,27,12,9.0,1,79,19,14,8,21,8,0,53,0,0,0.369,1.8,38,3,10,3,2.0,1,6,39,0.263,0.282,0.447,0.729,178,93,-0.371,0.95,0.701,,-1.8,27,7,9.0,1,58,16,19,13,19,10,0,47,2,2,-0.132,-0.2
BOS/BOS201805160,"Wednesday, May 16, 2018",7:11 p.m. Local,Fenway Park,34947,3:08,Night,Home,Boston Red Sox,BOS,Oakland Athletics,OAK,31,4,5,4,4.0,5,13,36,0.161,0.278,0.452,0.729,149,105,-0.225,0.52,0.493,,-0.8,24,13,8.0,2,59,20,26,5,13,0,0,45,0,0,-0.274,-1.7,32,6,9,6,6.75,2,6,34,0.281,0.324,0.469,0.792,169,92,0.275,0.99,0.5,,1.7,27,4,9.0,3,56,15,21,15,11,6,0,60,0,0,0.226,0.8
TOR/TOR201805170,"Thursday, May 17, 2018",7:07 p.m. Local,Rogers Centre,22893,3:34,Night,Away,Oakland Athletics,OAK,Toronto Blue Jays,TOR,41,10,14,10,9.0,6,13,48,0.341,0.438,0.61,1.047,156,128,0.429,0.85,0.787,,5.5,27,11,9.0,0,77,26,25,12,16,10,0,50,5,3,0.069,-0.5,33,5,7,5,5.0,7,3,41,0.212,0.341,0.273,0.614,210,86,-0.07,0.53,0.535,,0.5,27,9,9.0,3,49,10,27,13,18,11,0,40,3,1,-0.431,-5.5
TOR/TOR201805180,"Friday, May 18, 2018",7:08 p.m. Local,Rogers Centre,21703,2:55,Night,Away,Oakland Athletics,OAK,Toronto Blue Jays,TOR,35,3,9,3,3.0,1,7,36,0.257,0.278,0.543,0.821,136,103,0.028,1.32,0.663,,-1.5,27,7,9.0,0,69,14,20,10,18,3,0,49,3,0,0.474,3.5,32,1,6,1,1.0,3,15,35,0.188,0.257,0.219,0.476,150,86,-0.474,0.83,0.459,,-3.5,27,7,9.0,1,37,23,26,8,9,5,0,54,2,0,-0.026,1.5
TOR/TOR201805190,"Saturday, May 19, 2018",1:09 p.m. Local,Rogers Centre,35786,3:16,Day,Away,Oakland Athletics,OAK,Toronto Blue Jays,TOR,37,5,10,5,5.0,4,10,41,0.27,0.341,0.405,0.747,162,105,0.283,1.16,1.038,,0.5,27,6,9.0,1,62,17,26,8,19,7,0,40,0,0,0.217,0.5,32,4,6,4,4.0,6,5,40,0.188,0.325,0.375,0.7,162,100,-0.218,1.05,0.703,,-0.5,27,5,9.0,1,51,27,22,9,19,9,0,61,4,2,-0.282,-0.5
TOR/TOR201805200,"Sunday, May 20, 2018",1:07 p.m. Local,Rogers Centre,30676,3:11,Day,Away,Oakland Athletics,OAK,Toronto Blue Jays,TOR,37,9,11,7,4.0,5,5,44,0.297,0.364,0.486,0.85,142,115,0.241,0.52,0.569,,4.5,27,10,9.0,1,74,10,31,13,21,6,0,74,0,0,0.259,2.5,29,2,4,2,2.0,4,5,34,0.138,0.242,0.241,0.484,198,90,-0.259,0.5,0.114,,-2.5,27,9,9.0,1,50,14,26,11,14,4,0,36,4,4,-0.241,-4.5
OAK/OAK201805220,"Tuesday, May 22, 2018",7:07 p.m. Local,Oakland-Alameda County Coliseum,9408,2:50,Night,Away,Seattle Mariners,SEA,Oakland Athletics,OAK,35,3,6,3,2.7,4,10,40,0.171,0.275,0.286,0.561,141,98,-0.056,1.27,1.055,,-2.0,30,16,10.0,0,50,17,31,14,11,8,0,59,2,0,0.555,3.0,37,2,7,1,0.9,0,7,38,0.189,0.211,0.243,0.454,160,95,-0.554,1.48,0.436,,-3.0,30,13,10.0,1,58,7,30,21,9,5,0,62,0,0,0.054,2.0
OAK/OAK201805230,"Wednesday, May 23, 2018",7:07 p.m. Local,Oakland-Alameda County Coliseum,6991,2:43,Night,Away,Seattle Mariners,SEA,Oakland Athletics,OAK,33,1,6,1,1.0,3,7,36,0.182,0.25,0.212,0.462,130,94,-0.327,1.45,0.406,,-3.5,27,10,9.0,0,60,12,22,12,14,5,0,77,0,0,0.828,4.5,29,0,3,0,0.0,2,10,31,0.103,0.161,0.103,0.265,147,86,-0.829,1.0,0.228,,-4.5,27,10,9.0,0,47,14,25,10,9,6,0,69,1,0,0.327,3.5
OAK/OAK201805240,"Thursday, May 24, 2018",12:36 p.m. Local,Oakland-Alameda County Coliseum,12633,2:44,Day,Home,Oakland Athletics,OAK,Seattle Mariners,SEA,32,3,10,2,3.0,4,8,36,0.312,0.389,0.344,0.733,117,94,-0.379,0.65,0.777,,-1.5,24,11,8.0,0,54,15,25,10,14,10,0,47,0,0,-0.123,-0.0,28,4,5,4,4.5,1,5,30,0.179,0.2,0.214,0.414,149,71,0.122,1.43,0.44,,0.0,27,13,9.0,0,49,11,11,13,11,6,0,40,2,1,0.378,1.5
OAK/OAK201805250,"Friday, May 25, 2018",6:36 p.m. Local,Oakland-Alameda County Coliseum,22691,3:02,Night,Away,Arizona Diamondbacks,ARI,Oakland Athletics,OAK,39,7,12,7,7.0,5,5,44,0.308,0.386,0.564,0.95,133,106,0.317,0.5,0.675,,2.5,27,8,9.0,1,62,14,30,15,19,8,0,71,0,0,0.183,3.5,32,1,5,1,1.0,2,10,34,0.156,0.206,0.281,0.487,166,85,-0.183,0.6,0.177,,-3.5,27,12,9.0,1,42,14,29,7,15,6,0,21,2,0,-0.317,-2.5
OAK/OAK201805260,"Saturday, May 26, 2018",1:07 p.m. Local,Oakland-Alameda County Coliseum,17580,2:15,Day,Home,Oakland Athletics,OAK,Arizona Diamondbacks,ARI,29,0,2,0,0.0,0,5,30,0.069,0.069,0.069,0.138,114,76,-0.569,0.57,0.097,,-4.5,24,4,8.0,3,44,9,23,13,12,6,0,67,0,0,0.068,1.0,29,3,5,3,3.38,1,3,30,0.172,0.2,0.552,0.752,102,77,-0.069,0.98,0.307,,-1.0,27,12,9.0,0,50,10,17,6,20,5,0,88,,,0.569,4.5
OAK/OAK201805270,"Sunday, May 27, 2018",1:07 p.m. Local,Oakland-Alameda County Coliseum,13947,2:38,Day,Home,Oakland Athletics,OAK,Arizona Diamondbacks,ARI,29,1,3,1,1.0,2,11,32,0.103,0.156,0.103,0.26,145,80,-0.572,0.94,0.278,,-3.5,24,6,8.0,1,45,15,20,8,11,3,0,54,1,0,0.072,2.0,29,2,7,2,2.25,4,9,33,0.241,0.333,0.345,0.678,114,83,-0.071,1.35,0.526,,-2.0,27,6,9.0,0,39,20,24,7,13,5,0,67,0,0,0.572,3.5
OAK/OAK201805280,"Monday, May 28, 2018",1:07 p.m. Local,Oakland-Alameda County Coliseum,10881,3:55,Day,Away,Tampa Bay Rays,TBR,Oakland Athletics,OAK,46,1,7,1,0.69,1,9,47,0.152,0.17,0.196,0.366,189,108,-0.791,1.91,0.638,,-5.4,39,15,13.0,0,63,14,31,20,17,8,0,69,4,0,1.291,6.4,44,0,7,0,0.0,5,12,49,0.159,0.245,0.227,0.472,164,111,-1.291,1.47,0.712,,-6.4,39,21,13.0,0,62,25,24,15,17,8,0,80,0,0,0.79,5.4
OAK/OAK201805290,"Tuesday, May 29, 2018",7:06 p.m. Local,Oakland-Alameda County Coliseum,7521,2:55,Night,Away,Tampa Bay Rays,TBR,Oakland Athletics,OAK,33,4,10,4,4.0,2,9,35,0.303,0.343,0.667,1.01,160,90,0.028,1.61,0.524,,-0.5,27,11,9.0,0,56,15,19,8,16,9,0,68,1,0,0.471,1.5,34,3,5,3,2.0,3,12,37,0.147,0.216,0.206,0.422,145,101,-0.472,0.63,0.802,,-1.5,27,11,9.0,4,54,22,25,14,8,3,0,40,0,0,-0.029,0.5
OAK/OAK201805300,"Wednesday, May 30, 2018",7:06 p.m. Local,Oakland-Alameda County Coliseum,6705,2:50,Night,Away,Tampa Bay Rays,TBR,Oakland Athletics,OAK,38,6,10,6,6.0,2,6,43,0.263,0.349,0.526,0.875,125,113,0.2,0.49,0.62,,1.5,27,8,9.0,0,71,23,19,19,13,4,0,75,0,0,0.299,4.5,28,0,1,0,0.0,2,7,30,0.036,0.1,0.036,0.136,170,83,-0.298,0.58,0.048,,-4.5,27,12,9.0,2,48,14,21,9,12,4,0,43,0,0,-0.202,-1.5
OAK/OAK201805310,"Thursday, May 31, 2018",12:37 p.m. Local,Oakland-Alameda County Coliseum,12070,2:37,Day,Home,Oakland Athletics,OAK,Tampa Bay Rays,TBR,33,3,7,3,3.0,3,7,36,0.212,0.278,0.273,0.551,142,78,-0.341,0.52,0.179,,-1.5,24,8,8.0,3,44,11,23,11,15,8,0,43,2,2,-0.16,-3.0,33,7,7,7,7.88,5,9,38,0.212,0.316,0.545,0.861,121,89,0.161,0.67,0.464,,3.0,27,12,9.0,0,54,16,19,10,14,5,0,61,3,1,0.34,1.5
KCA/KCA201806010,"Friday, June 1, 2018",7:16 p.m. Local,Kauffman Stadium,23413,2:49,Night,Away,Oakland Athletics,OAK,Kansas City Royals,KCR,41,16,16,16,16.0,5,11,47,0.39,0.447,0.756,1.203,110,133,0.366,0.24,0.5,,11.4,27,10,9.0,0,82,22,29,8,23,13,0,70,0,0,0.134,4.6,32,0,8,0,0.0,0,4,34,0.25,0.294,0.375,0.669,201,77,-0.136,0.31,0.066,,-4.6,27,7,9.0,4,47,11,19,12,16,8,0,14,3,3,-0.365,-11.4
KCA/KCA201806020,"Saturday, June 2, 2018",1:16 p.m. Local,Kauffman Stadium,24553,3:00,Day,Home,Kansas City Royals,KCR,Oakland Athletics,OAK,35,4,9,4,4.0,3,4,39,0.257,0.333,0.4,0.733,144,90,-0.179,0.72,0.765,,-0.6,24,9,8.0,1,54,8,28,11,20,12,0,38,1,0,-0.321,-0.9,29,5,8,5,5.62,3,10,34,0.276,0.382,0.552,0.934,151,85,0.321,1.38,0.783,,0.9,27,10,9.0,1,41,23,23,9,10,4,0,47,0,0,0.178,0.6
KCA/KCA201806030,"Sunday, June 3, 2018",1:17 p.m. Local,Kauffman Stadium,19424,2:26,Day,Away,Oakland Athletics,OAK,Kansas City Royals,KCR,34,5,8,5,5.0,3,10,38,0.235,0.316,0.353,0.669,115,84,0.126,0.91,0.782,,0.4,27,11,9.0,1,43,18,24,11,13,3,0,58,0,0,0.375,3.6,29,1,3,1,1.0,3,6,32,0.103,0.188,0.241,0.429,135,81,-0.375,1.05,0.283,,-3.6,27,7,9.0,1,50,13,18,11,12,3,0,62,1,1,-0.125,-0.4
TEX/TEX201806050,"Tuesday, June 5, 2018",7:08 p.m. Local,Globe Life Park in Arlington,19470,2:52,Night,Home,Texas Rangers,TEX,Oakland Athletics,OAK,37,4,10,4,4.0,3,6,41,0.27,0.341,0.432,0.774,140,99,-0.041,1.02,0.602,,-1.1,24,9,8.0,5,69,12,18,14,17,5,0,50,1,0,-0.459,-2.5,31,7,8,7,7.88,6,5,37,0.258,0.378,0.742,1.12,148,76,0.46,0.89,1.148,,2.5,27,9,9.0,1,44,8,24,11,15,5,0,44,2,0,0.04,1.1
TEX/TEX201806060,"Wednesday, June 6, 2018",7:06 p.m. Local,Globe Life Park in Arlington,22335,3:05,Night,Home,Texas Rangers,TEX,Oakland Athletics,OAK,36,2,11,2,2.0,2,3,38,0.306,0.342,0.444,0.787,155,93,-0.232,0.33,0.209,,-3.1,24,9,8.0,4,62,7,24,16,17,7,0,28,3,2,-0.267,-3.5,29,8,7,8,9.0,6,7,35,0.241,0.371,0.69,1.061,158,91,0.269,0.56,0.485,,3.5,27,13,9.0,1,52,12,27,9,13,5,0,46,2,0,0.232,3.1
OAK/OAK201806070,"Thursday, June 7, 2018",7:08 p.m. Local,Oakland-Alameda County Coliseum,7963,2:18,Night,Home,Oakland Athletics,OAK,Kansas City Royals,KCR,30,1,4,1,1.0,0,6,30,0.133,0.133,0.267,0.4,117,82,-0.344,0.89,0.197,,-3.5,24,7,8.0,1,53,14,15,12,12,7,0,45,0,0,-0.158,-0.0,32,4,9,4,4.5,1,8,33,0.281,0.303,0.406,0.709,110,85,0.157,0.76,0.607,,0.0,27,10,9.0,1,46,13,26,9,15,7,0,65,0,0,0.343,3.5
OAK/OAK201806080,"Friday, June 8, 2018",7:07 p.m. Local,Oakland-Alameda County Coliseum,10132,2:32,Night,Home,Oakland Athletics,OAK,Kansas City Royals,KCR,34,2,7,2,2.0,2,7,36,0.206,0.25,0.324,0.574,138,81,-0.288,0.36,0.142,,-2.5,24,6,8.0,3,50,10,21,13,14,6,0,28,2,1,-0.212,-3.0,35,7,11,6,6.75,1,7,36,0.314,0.333,0.657,0.99,118,90,0.212,0.55,0.452,,3.0,27,10,9.0,1,54,14,22,12,16,7,0,63,2,0,0.288,2.5
OAK/OAK201806090,"Saturday, June 9, 2018",1:08 p.m. Local,Oakland-Alameda County Coliseum,16208,2:27,Day,Away,Kansas City Royals,KCR,Oakland Athletics,OAK,31,2,4,2,2.0,2,7,34,0.129,0.206,0.258,0.464,126,79,-0.226,1.38,0.334,,-2.5,27,7,9.0,0,43,11,25,6,18,6,0,78,0,0,0.727,4.5,31,0,4,0,0.0,3,13,34,0.129,0.206,0.129,0.335,123,83,-0.726,0.81,0.26,,-4.5,27,5,9.0,1,37,23,23,9,9,3,0,72,0,0,0.227,2.5
OAK/OAK201806100,"Sunday, June 10, 2018",1:08 p.m. Local,Oakland-Alameda County Coliseum,15548,2:25,Day,Home,Oakland Athletics,OAK,Kansas City Royals,KCR,35,2,7,1,2.0,0,6,35,0.2,0.2,0.371,0.571,129,86,-0.492,1.43,0.656,,-2.5,24,6,8.0,1,60,14,12,16,13,3,0,50,3,0,-0.009,1.0,29,3,7,3,3.38,5,7,35,0.241,0.371,0.379,0.751,110,87,0.009,1.45,0.93,,-1.0,27,10,9.0,1,50,17,20,9,13,7,0,64,1,0,0.492,2.5
OAK/OAK201806120,"Tuesday, June 12, 2018",7:07 p.m. Local,Oakland-Alameda County Coliseum,11742,2:57,Night,Away,Houston Astros,HOU,Oakland Athletics,OAK,37,6,12,6,6.0,5,4,42,0.324,0.405,0.568,0.972,134,84,0.322,1.06,0.695,,1.5,27,7,9.0,0,52,11,21,9,24,11,0,61,3,0,0.179,1.5,33,3,7,2,2.0,3,9,39,0.212,0.308,0.303,0.611,138,87,-0.18,0.62,0.52,,-1.5,27,7,9.0,2,43,21,23,12,13,6,0,21,1,0,-0.32,-1.5
OAK/OAK201806130,"Wednesday, June 13, 2018",7:07 p.m. Local,Oakland-Alameda County Coliseum,9164,3:04,Night,Away,Houston Astros,HOU,Oakland Athletics,OAK,39,13,14,13,13.0,8,9,48,0.359,0.458,0.769,1.228,138,108,0.441,0.17,0.536,,8.5,27,9,9.0,3,62,14,32,14,17,6,0,48,0,0,0.059,-0.5,34,5,7,5,5.0,2,12,36,0.206,0.25,0.5,0.75,190,91,-0.059,0.33,0.073,,0.5,27,10,9.0,4,48,17,26,7,15,4,0,4,2,2,-0.441,-8.5
OAK/OAK201806140,"Thursday, June 14, 2018",12:37 p.m. Local,Oakland-Alameda County Coliseum,13009,2:45,Day,Away,Houston Astros,HOU,Oakland Athletics,OAK,38,7,13,6,5.0,4,3,42,0.342,0.405,0.553,0.957,121,82,0.326,0.62,0.647,,2.5,27,4,9.0,2,56,7,19,17,18,11,0,62,0,0,0.178,1.5,32,3,5,3,3.0,0,9,33,0.156,0.182,0.406,0.588,137,87,-0.177,0.47,0.248,,-1.5,27,16,9.0,1,60,11,16,5,18,7,0,19,2,0,-0.323,-2.5
OAK/OAK201806150,"Friday, June 15, 2018",6:37 p.m. Local,Oakland-Alameda County Coliseum,18356,3:22,Night,Away,Los Angeles Angels,LAA,Oakland Athletics,OAK,36,8,9,5,4.0,5,5,43,0.25,0.349,0.361,0.71,154,107,0.325,0.41,0.559,,3.5,27,10,9.0,0,73,9,25,14,18,11,0,66,0,0,0.176,0.5,35,4,10,2,1.0,3,11,38,0.286,0.342,0.4,0.742,177,94,-0.173,0.44,0.184,,-0.5,27,10,9.0,1,51,18,25,12,11,6,1,34,0,0,-0.325,-3.5
OAK/OAK201806160,"Saturday, June 16, 2018",1:07 p.m. Local,Oakland-Alameda County Coliseum,19185,2:42,Day,Home,Oakland Athletics,OAK,Los Angeles Angels,LAA,32,4,6,4,4.0,3,6,35,0.188,0.257,0.281,0.538,148,84,-0.034,1.18,0.63,,-0.5,24,7,8.0,2,48,9,27,7,19,9,0,57,0,0,-0.465,-2.0,30,6,6,6,6.75,3,8,36,0.2,0.333,0.467,0.8,136,88,0.466,1.05,1.02,,2.0,27,6,9.0,1,50,10,28,10,12,3,0,55,0,0,0.036,0.5
OAK/OAK201806170,"Sunday, June 17, 2018",1:08 p.m. Local,Oakland-Alameda County Coliseum,21217,3:38,Day,Home,Oakland Athletics,OAK,Los Angeles Angels,LAA,41,5,9,4,4.09,4,9,46,0.22,0.304,0.39,0.695,167,110,-0.076,2.16,0.791,,-0.5,31,6,10.1,2,64,20,26,12,20,11,0,71,6,2,-0.425,-2.1,36,6,7,6,5.23,5,10,43,0.194,0.302,0.389,0.691,157,98,0.423,0.97,1.575,,2.1,33,14,11.0,2,54,15,29,6,21,6,0,40,1,0,0.076,0.5
SDN/SDN201806190,"Tuesday, June 19, 2018",7:10 p.m. Local,Petco Park,37485,3:21,Night,Away,Oakland Athletics,OAK,San Diego Padres,SDP,36,4,7,3,2.7,4,10,40,0.194,0.275,0.361,0.636,166,103,0.195,0.93,1.462,,-0.5,30,9,10.0,0,56,22,25,9,17,5,0,53,0,0,0.304,2.5,36,2,6,2,1.8,3,14,39,0.167,0.231,0.25,0.481,168,108,-0.305,1.78,0.397,,-2.5,30,10,10.0,2,57,29,22,12,10,6,0,69,1,0,-0.196,0.5
SDN/SDN201806200,"Wednesday, June 20, 2018",12:41 p.m. Local,Petco Park,28225,3:04,Day,Away,Oakland Athletics,OAK,San Diego Padres,SDP,41,12,15,12,11.0,4,10,47,0.366,0.426,0.78,1.206,148,118,0.376,0.29,0.543,,8.0,27,9,9.0,1,80,11,27,12,20,7,0,63,1,0,0.124,0.0,35,4,9,3,3.0,4,11,39,0.257,0.333,0.4,0.733,195,92,-0.123,0.29,0.129,,-0.0,27,5,9.0,5,49,19,26,13,11,8,0,34,1,0,-0.376,-8.0
CHA/CHA201806221,"Friday, June 22, 2018",3:11 p.m. Local,Guaranteed Rate Field,,3:04,Day,Away,Oakland Athletics,OAK,Chicago White Sox,CHW,39,11,11,9,5.0,2,7,42,0.282,0.31,0.436,0.745,149,108,0.322,0.35,0.48,,6.5,27,10,9.0,0,72,13,23,14,19,4,0,70,0,0,0.179,2.5,35,2,8,2,2.0,0,9,36,0.229,0.25,0.286,0.536,165,106,-0.179,0.38,0.088,,-2.5,27,8,9.0,2,68,15,23,13,13,7,0,36,3,0,-0.321,-6.5
CHA/CHA201806222,"Friday, June 22, 2018",7:00 p.m. Local,Guaranteed Rate Field,18323,2:47,Night,Home,Chicago White Sox,CHW,Oakland Athletics,OAK,34,4,8,4,4.0,3,11,37,0.235,0.297,0.353,0.65,125,87,-0.179,0.73,0.835,,-0.5,24,10,8.0,1,46,15,26,9,14,7,0,41,2,2,-0.322,-2.0,35,6,10,6,5.62,2,7,37,0.286,0.324,0.4,0.724,132,86,0.324,1.32,0.675,,2.0,27,6,9.0,1,53,12,21,15,13,7,0,53,7,2,0.179,0.5
CHA/CHA201806230,"Saturday, June 23, 2018",1:10 p.m. Local,Guaranteed Rate Field,20457,3:28,Day,Away,Oakland Athletics,OAK,Chicago White Sox,CHW,33,7,9,7,7.0,6,5,40,0.273,0.375,0.515,0.89,139,116,0.384,1.8,1.251,,2.5,27,13,9.0,1,68,14,34,11,18,10,0,28,4,1,0.116,-1.5,36,6,8,6,6.0,2,11,40,0.222,0.3,0.389,0.689,182,96,-0.116,1.22,1.115,,1.5,27,9,9.0,2,52,21,23,15,10,4,0,39,3,2,-0.384,-2.5
CHA/CHA201806240,"Sunday, June 24, 2018",1:10 p.m. Local,Guaranteed Rate Field,21908,2:42,Day,Home,Chicago White Sox,CHW,Oakland Athletics,OAK,31,3,7,2,3.0,3,3,35,0.226,0.286,0.387,0.673,136,84,-0.065,0.71,0.348,,-1.5,24,10,8.0,3,55,11,18,11,18,5,0,31,0,0,-0.437,-6.0,34,10,12,10,11.25,1,7,36,0.353,0.389,0.647,1.036,129,91,0.437,0.59,0.808,,6.0,27,9,9.0,1,55,18,18,11,16,9,0,63,1,1,0.063,1.5
DET/DET201806250,"Monday, June 25, 2018",3:10 p.m. Local,Comerica Park,19127,3:17,Day,Away,Oakland Athletics,OAK,Detroit Tigers,DET,37,5,12,5,5.0,3,6,42,0.324,0.381,0.568,0.949,133,100,0.336,1.5,1.46,,0.3,27,7,9.0,1,55,12,33,5,27,9,0,63,3,2,0.163,0.7,37,4,10,4,4.0,0,10,39,0.27,0.27,0.432,0.703,166,95,-0.164,1.52,1.06,,-0.7,27,4,9.0,2,60,17,18,12,17,10,0,61,3,0,-0.337,-0.3
DET/DET201806260,"Tuesday, June 26, 2018",7:10 p.m. Local,Comerica Park,22809,3:47,Night,Away,Oakland Athletics,OAK,Detroit Tigers,DET,38,9,11,9,6.0,5,7,44,0.289,0.386,0.526,0.913,181,105,0.466,1.08,1.248,,4.3,27,7,9.0,0,58,13,34,14,17,6,0,17,0,0,0.033,-2.3,38,7,12,7,7.0,7,6,45,0.316,0.422,0.447,0.87,180,108,-0.033,1.36,0.773,,2.3,27,10,9.0,2,68,21,19,12,20,11,0,33,6,2,-0.467,-4.3
DET/DET201806270,"Wednesday, June 27, 2018",7:10 p.m. Local,Comerica Park,23961,3:11,Night,Away,Oakland Athletics,OAK,Detroit Tigers,DET,37,3,9,3,3.0,2,7,40,0.243,0.3,0.351,0.651,143,110,-0.191,1.34,0.555,,-1.7,27,7,9.0,0,66,16,28,10,20,8,0,68,0,0,0.69,4.7,29,0,3,0,0.0,5,6,34,0.103,0.235,0.138,0.373,166,84,-0.69,0.97,0.287,,-4.7,27,6,9.0,0,52,10,22,9,14,4,0,67,0,0,0.19,1.7
DET/DET201806280,"Thursday, June 28, 2018",1:10 p.m. Local,Comerica Park,28866,2:29,Day,Away,Oakland Athletics,OAK,Detroit Tigers,DET,36,4,10,4,4.0,0,5,36,0.278,0.278,0.333,0.611,127,87,0.067,1.21,0.646,,-0.7,27,8,9.0,1,56,12,19,18,13,8,0,55,0,0,0.433,2.7,31,2,5,2,2.0,2,6,33,0.161,0.212,0.29,0.502,119,83,-0.432,0.93,0.452,,-2.7,27,16,9.0,0,52,11,20,10,15,8,0,53,0,0,-0.067,0.7
OAK/OAK201806290,"Friday, June 29, 2018",7:07 p.m. Local,Oakland-Alameda County Coliseum,14823,2:50,Night,Home,Oakland Athletics,OAK,Cleveland Indians,CLE,31,1,6,1,1.0,2,8,34,0.194,0.265,0.258,0.523,131,88,-0.509,0.72,0.423,,-3.5,24,9,8.0,1,47,15,26,7,16,4,0,61,6,0,0.011,1.0,31,3,8,3,3.38,2,9,33,0.258,0.303,0.452,0.755,144,86,-0.012,1.22,0.451,,-1.0,27,6,9.0,0,46,15,25,13,9,7,0,71,1,1,0.511,3.5
OAK/OAK201806300,"Saturday, June 30, 2018",1:07 p.m. Local,Oakland-Alameda County Coliseum,17748,2:50,Day,Home,Oakland Athletics,OAK,Cleveland Indians,CLE,29,2,3,2,2.0,2,10,32,0.103,0.188,0.31,0.498,143,78,-0.254,0.78,0.356,,-2.5,24,8,8.0,3,44,15,19,3,16,4,0,49,2,0,-0.246,-3.0,30,7,8,7,7.88,3,6,34,0.267,0.324,0.667,0.99,136,83,0.246,0.91,0.713,,3.0,27,4,9.0,2,53,14,16,7,18,4,0,68,3,0,0.255,2.5
OAK/OAK201807010,"Sunday, July 1, 2018",1:07 p.m. Local,Oakland-Alameda County Coliseum,16164,3:21,Day,Away,Cleveland Indians,CLE,Oakland Athletics,OAK,46,15,20,15,15.0,3,10,51,0.435,0.48,0.804,1.284,151,119,0.331,1.15,0.908,,10.5,27,9,9.0,0,73,20,26,10,27,12,0,47,4,1,0.171,1.5,33,3,9,3,3.0,2,7,36,0.273,0.333,0.333,0.667,186,93,-0.17,0.67,0.611,,-1.5,27,8,9.0,2,56,18,20,7,19,11,0,45,4,3,-0.33,-10.5
OAK/OAK201807030,"Tuesday, July 3, 2018",6:07 p.m. Local,Oakland-Alameda County Coliseum,29925,2:39,Night,Home,Oakland Athletics,OAK,San Diego Padres,SDP,34,2,9,2,2.0,4,9,38,0.265,0.342,0.294,0.636,108,103,-0.115,1.04,0.663,,-2.5,24,13,8.0,2,60,17,26,9,16,8,0,37,0,0,-0.385,-2.0,27,6,8,6,6.75,5,2,32,0.296,0.406,0.556,0.962,158,64,0.385,1.08,0.925,,2.0,27,5,9.0,0,42,4,18,15,10,4,0,45,1,0,0.115,2.5
OAK/OAK201807040,"Wednesday, July 4, 2018",1:07 p.m. Local,Oakland-Alameda County Coliseum,14408,2:33,Day,Home,Oakland Athletics,OAK,San Diego Padres,SDP,32,2,7,2,2.0,4,3,36,0.219,0.306,0.344,0.649,132,79,-0.398,1.4,0.609,,-2.5,24,14,8.0,0,52,12,15,12,17,8,0,52,3,1,-0.102,-0.0,28,4,6,4,4.5,6,5,35,0.214,0.371,0.357,0.729,110,76,0.101,1.43,0.922,,0.0,27,11,9.0,1,44,10,22,10,13,8,0,60,1,0,0.398,2.5
CLE/CLE201807060,"Friday, July 6, 2018",7:10 p.m. Local,Progressive Field,34633,3:16,Night,Home,Cleveland Indians,CLE,Oakland Athletics,OAK,35,4,11,4,4.0,1,11,37,0.314,0.351,0.543,0.894,132,103,-0.015,0.73,0.736,,-0.7,24,9,8.0,0,53,17,33,12,12,5,0,28,1,1,-0.485,-5.8,30,10,10,9,10.12,3,4,36,0.333,0.361,0.467,0.828,161,81,0.486,1.14,0.821,,5.8,27,10,9.0,2,55,8,18,12,17,9,0,49,4,1,0.014,0.7
CLE/CLE201807070,"Saturday, July 7, 2018",4:11 p.m. Local,Progressive Field,33195,3:49,Day,Away,Oakland Athletics,OAK,Cleveland Indians,CLE,43,6,12,6,4.91,2,5,46,0.279,0.311,0.535,0.846,166,115,0.096,1.03,1.195,,0.2,33,13,11.0,0,69,17,29,14,25,9,0,48,2,1,0.404,2.8,41,3,9,3,1.64,4,8,45,0.22,0.289,0.268,0.557,178,104,-0.404,1.3,0.52,,-2.8,33,9,11.0,3,67,13,24,16,17,9,0,68,1,0,-0.096,-0.2
CLE/CLE201807080,"Sunday, July 8, 2018",1:11 p.m. Local,Progressive Field,27125,3:04,Day,Away,Oakland Athletics,OAK,Cleveland Indians,CLE,39,6,12,6,6.0,3,12,42,0.308,0.357,0.538,0.896,153,115,0.132,0.97,0.5,,1.3,27,9,9.0,0,68,16,31,9,18,10,0,62,1,0,0.367,4.7,33,0,5,0,0.0,3,8,36,0.152,0.222,0.182,0.404,166,95,-0.367,0.5,0.37,,-4.7,27,3,9.0,2,60,9,26,11,14,5,0,46,3,0,-0.132,-1.3
HOU/HOU201807090,"Monday, July 9, 2018",7:10 p.m. Local,Minute Maid Park,28301,2:56,Night,Away,Oakland Athletics,OAK,Houston Astros,HOU,32,2,6,2,2.0,5,13,37,0.188,0.297,0.281,0.579,125,106,-0.146,1.31,0.572,,-2.5,27,9,9.0,0,51,27,28,8,11,5,0,66,0,0,0.647,4.6,30,0,5,0,0.0,2,7,32,0.167,0.219,0.167,0.385,164,80,-0.647,1.06,0.299,,-4.6,27,9,9.0,1,52,14,14,12,11,6,0,74,3,1,0.147,2.6
HOU/HOU201807100,"Tuesday, July 10, 2018",7:11 p.m. Local,Minute Maid Park,34585,4:03,Night,Home,Houston Astros,HOU,Oakland Athletics,OAK,42,5,10,5,4.09,0,11,43,0.238,0.256,0.429,0.684,189,126,0.133,1.14,1.256,,-0.6,31,7,10.1,2,74,23,29,9,22,8,0,39,1,0,-0.632,-1.4,43,6,10,5,4.35,3,12,47,0.233,0.298,0.395,0.693,184,127,0.632,1.35,1.379,,1.4,33,7,11.0,1,73,23,31,16,15,5,0,72,2,2,-0.132,0.6
HOU/HOU201807110,"Wednesday, July 11, 2018",7:11 p.m. Local,Minute Maid Park,41119,3:13,Night,Away,Oakland Athletics,OAK,Houston Astros,HOU,36,8,10,8,8.0,7,9,46,0.278,0.413,0.472,0.885,134,111,0.31,0.6,0.588,,3.5,27,13,9.0,1,58,21,32,15,13,8,0,45,0,0,0.188,1.6,34,3,7,3,3.0,1,1,35,0.206,0.229,0.294,0.523,186,86,-0.189,0.49,0.23,,-1.6,27,14,9.0,1,58,4,24,14,19,6,0,26,5,1,-0.311,-3.5
HOU/HOU201807120,"Thursday, July 12, 2018",1:11 p.m. Local,Minute Maid Park,38900,3:21,Day,Away,Oakland Athletics,OAK,Houston Astros,HOU,38,6,11,6,6.0,3,10,41,0.289,0.341,0.395,0.736,153,116,0.365,0.83,1.284,,1.4,27,10,9.0,1,57,23,36,9,19,9,0,43,2,1,0.134,0.6,31,4,5,4,4.0,5,6,36,0.161,0.278,0.29,0.568,190,88,-0.134,1.4,0.43,,-0.6,27,6,9.0,0,44,18,26,13,12,4,0,42,3,0,-0.367,-1.4
SFN/SFN201807130,"Friday, July 13, 2018",7:15 p.m. Local,AT&T Park,41751,3:16,Night,Home,San Francisco Giants,SFG,Oakland Athletics,OAK,30,1,3,1,1.0,3,8,33,0.1,0.182,0.2,0.382,155,86,-0.288,1.01,0.556,,-3.0,24,8,8.0,0,52,11,23,11,11,7,0,54,6,5,-0.213,-3.4,29,7,8,5,7.88,5,2,37,0.276,0.405,0.379,0.785,134,93,0.214,1.28,0.821,,3.4,27,11,9.0,1,61,10,22,13,15,10,0,64,3,0,0.287,3.0
SFN/SFN201807140,"Saturday, July 14, 2018",7:05 p.m. Local,AT&T Park,41970,3:10,Night,Away,Oakland Athletics,OAK,San Francisco Giants,SFG,34,4,9,4,4.0,3,11,40,0.265,0.325,0.412,0.737,142,88,0.202,1.69,0.95,,-0.0,27,10,9.0,0,42,20,26,4,21,12,0,33,1,0,0.299,1.0,35,3,10,3,3.0,4,9,41,0.286,0.375,0.371,0.746,146,89,-0.301,1.26,0.842,,-1.0,27,3,9.0,1,52,12,25,13,14,8,0,47,2,0,-0.201,0.0
SFN/SFN201807150,"Sunday, July 15, 2018",1:05 p.m. Local,AT&T Park,42098,2:44,Day,Away,Oakland Athletics,OAK,San Francisco Giants,SFG,34,6,10,6,6.0,4,10,39,0.294,0.359,0.412,0.771,119,105,0.294,0.79,0.629,,2.0,27,12,9.0,1,59,13,33,10,15,7,0,54,0,0,0.206,2.0,29,2,5,2,2.0,3,7,32,0.172,0.25,0.31,0.56,167,82,-0.206,0.68,0.345,,-2.0,27,9,9.0,1,43,17,22,12,10,6,0,46,0,0,-0.295,-2.0
OAK/OAK201807200,"Friday, July 20, 2018",6:37 p.m. Local,Oakland-Alameda County Coliseum,45606,2:47,Night,Away,San Francisco Giants,SFG,Oakland Athletics,OAK,33,5,8,5,5.0,1,10,36,0.242,0.257,0.485,0.742,119,93,0.124,1.04,0.549,,0.5,27,3,9.0,0,60,14,19,9,16,6,0,68,1,0,0.378,3.5,30,1,4,1,1.0,1,6,34,0.133,0.206,0.233,0.439,139,83,-0.376,0.69,0.298,,-3.5,27,6,9.0,2,47,5,31,5,20,13,0,58,3,1,-0.123,-0.5
OAK/OAK201807210,"Saturday, July 21, 2018",6:07 p.m. Local,Oakland-Alameda County Coliseum,56310,4:04,Night,Home,Oakland Athletics,OAK,San Francisco Giants,SFG,39,3,6,3,2.45,5,14,44,0.154,0.25,0.256,0.506,194,109,-0.355,1.52,1.145,,-2.5,32,14,10.2,0,54,30,25,12,13,4,0,45,5,1,-0.144,1.0,34,4,7,3,3.38,9,10,45,0.206,0.386,0.235,0.622,172,109,0.145,1.83,1.244,,-1.0,33,12,11.0,1,58,24,27,12,13,3,0,63,5,1,0.356,2.5
OAK/OAK201807220,"Sunday, July 22, 2018",1:08 p.m. Local,Oakland-Alameda County Coliseum,44374,3:19,Day,Home,Oakland Athletics,OAK,San Francisco Giants,SFG,38,5,9,5,4.5,1,8,39,0.237,0.256,0.368,0.625,151,105,-0.006,1.4,0.966,,0.0,29,12,9.2,4,62,21,22,13,17,3,0,50,0,0,-0.493,-1.5,34,6,8,5,4.66,6,4,42,0.235,0.366,0.618,0.984,158,88,0.493,1.23,1.463,,1.5,30,10,10.0,1,59,10,19,13,18,6,0,63,3,2,0.008,-0.0
TEX/TEX201807230,"Monday, July 23, 2018",7:07 p.m. Local,Globe Life Park in Arlington,18744,3:13,Night,Away,Oakland Athletics,OAK,Texas Rangers,TEX,44,15,18,15,15.0,4,7,49,0.409,0.469,0.818,1.288,132,115,0.374,0.63,0.627,,9.9,27,9,9.0,1,68,18,29,9,28,18,0,57,0,0,0.126,2.1,33,3,8,3,3.0,2,7,36,0.242,0.306,0.394,0.699,189,89,-0.126,0.42,0.33,,-2.1,27,10,9.0,4,60,8,21,14,12,8,0,24,3,1,-0.374,-9.9
TEX/TEX201807240,"Tuesday, July 24, 2018",7:08 p.m. Local,Globe Life Park in Arlington,18249,4:08,Night,Away,Oakland Athletics,OAK,Texas Rangers,TEX,42,13,11,13,10.8,8,11,51,0.262,0.392,0.595,0.987,172,147,0.605,0.69,1.814,,7.4,30,7,10.0,3,93,20,34,11,20,8,0,44,3,3,-0.104,-4.4,38,10,9,9,4.5,4,8,44,0.237,0.295,0.526,0.822,248,115,0.105,1.43,0.629,,4.4,30,9,10.0,4,66,21,28,12,20,9,0,55,4,3,-0.604,-7.4
TEX/TEX201807250,"Wednesday, July 25, 2018",7:08 p.m. Local,Globe Life Park in Arlington,20549,3:48,Night,Away,Oakland Athletics,OAK,Texas Rangers,TEX,36,6,12,6,6.0,5,7,41,0.333,0.415,0.556,0.97,161,98,0.407,0.86,1.477,,0.9,27,7,9.0,1,59,11,29,13,16,7,0,31,1,1,0.092,0.1,33,5,8,5,5.0,3,12,36,0.242,0.306,0.394,0.699,173,99,-0.093,1.33,0.554,,-0.1,27,8,9.0,2,58,15,26,9,12,6,0,55,0,0,-0.407,-0.9
TEX/TEX201807260,"Thursday, July 26, 2018",7:07 p.m. Local,Globe Life Park in Arlington,20533,3:27,Night,Away,Oakland Athletics,OAK,Texas Rangers,TEX,35,7,10,6,7.0,2,6,39,0.286,0.333,0.6,0.933,178,88,0.282,2.16,0.913,,1.9,27,10,9.0,0,51,9,28,10,20,7,0,34,0,0,0.219,-0.9,36,6,10,5,5.0,5,11,43,0.278,0.381,0.389,0.77,131,113,-0.219,0.92,1.452,,0.9,27,8,9.0,1,68,24,21,12,14,9,0,37,0,0,-0.281,-1.9
COL/COL201807270,"Friday, July 27, 2018",6:42 p.m. Local,Coors Field,40229,3:03,Night,Home,Colorado Rockies,COL,Oakland Athletics,OAK,36,1,9,1,1.0,4,8,41,0.25,0.341,0.333,0.675,116,105,-0.517,0.81,0.631,,-4.1,24,11,8.0,1,60,13,32,14,14,10,0,42,0,0,0.016,1.5,33,3,10,3,3.38,1,9,34,0.303,0.324,0.485,0.808,163,80,-0.017,1.43,0.477,,-1.5,27,10,9.0,0,51,18,11,14,10,5,0,64,1,0,0.517,4.1
COL/COL201807280,"Saturday, July 28, 2018",7:01 p.m. Local,Coors Field,47809,2:57,Night,Home,Colorado Rockies,COL,Oakland Athletics,OAK,31,1,6,1,1.0,5,10,37,0.194,0.297,0.29,0.588,114,100,-0.368,0.55,0.365,,-4.1,24,12,8.0,2,54,14,32,6,16,8,0,40,0,0,-0.131,0.5,32,4,10,4,4.5,4,2,37,0.312,0.389,0.719,1.108,160,70,0.132,1.01,0.505,,-0.5,27,6,9.0,0,50,6,14,12,19,9,0,57,2,0,0.369,4.1
COL/COL201807290,"Sunday, July 29, 2018",1:12 p.m. Local,Coors Field,41988,2:28,Day,Home,Colorado Rockies,COL,Oakland Athletics,OAK,31,2,5,2,2.0,1,10,32,0.161,0.188,0.355,0.542,128,82,-0.553,0.78,0.376,,-3.1,24,5,8.0,1,40,16,26,10,11,7,0,39,2,0,0.054,1.5,31,3,8,3,3.38,2,9,34,0.258,0.303,0.419,0.722,118,85,-0.053,1.26,0.428,,-1.5,27,10,9.0,2,52,17,16,7,16,6,0,68,1,0,0.555,3.1
OAK/OAK201807300,"Monday, July 30, 2018",7:07 p.m. Local,Oakland-Alameda County Coliseum,11449,2:59,Night,Home,Oakland Athletics,OAK,Toronto Blue Jays,TOR,33,1,5,1,1.0,4,10,37,0.152,0.243,0.303,0.546,154,93,-0.326,0.47,0.249,,-3.5,24,7,8.0,2,52,20,21,9,14,5,0,33,3,0,-0.172,-6.0,34,10,12,10,10.12,7,3,43,0.353,0.442,0.676,1.118,145,89,0.174,0.8,0.413,,6.0,27,9,9.0,1,52,14,23,9,24,10,0,65,1,0,0.327,3.5
OAK/OAK201807310,"Tuesday, July 31, 2018",7:07 p.m. Local,Oakland-Alameda County Coliseum,17325,3:10,Night,Home,Oakland Athletics,OAK,Toronto Blue Jays,TOR,31,2,6,2,2.0,3,9,35,0.194,0.265,0.323,0.587,170,96,-0.194,0.74,0.4,,-2.5,24,3,8.0,1,53,20,23,9,14,9,0,22,3,0,-0.305,-2.0,35,6,11,5,6.75,5,9,40,0.314,0.4,0.514,0.914,145,99,0.305,0.84,0.689,,2.0,27,8,9.0,1,51,15,33,6,20,10,0,58,0,0,0.195,2.5
OAK/OAK201808010,"Wednesday, August 1, 2018",12:37 p.m. Local,Oakland-Alameda County Coliseum,17058,3:04,Day,Home,Oakland Athletics,OAK,Toronto Blue Jays,TOR,34,3,8,3,3.0,6,9,40,0.235,0.35,0.382,0.732,143,109,-0.275,0.49,0.272,,-1.5,24,8,8.0,1,71,17,21,9,16,5,0,22,2,2,-0.224,-4.0,34,8,13,8,9.0,2,8,39,0.382,0.436,0.559,0.995,172,93,0.224,0.67,0.546,,4.0,27,8,9.0,1,49,18,26,13,14,6,0,61,4,1,0.275,1.5
OAK/OAK201808030,"Friday, August 3, 2018",7:07 p.m. Local,Oakland-Alameda County Coliseum,14766,3:32,Night,Home,Oakland Athletics,OAK,Detroit Tigers,DET,43,0,6,0,0.0,1,10,44,0.14,0.159,0.163,0.322,182,111,-1.228,1.75,0.505,,-6.4,38,16,12.2,0,67,22,24,16,17,9,0,79,0,0,0.729,5.0,42,1,7,1,0.71,3,8,45,0.167,0.222,0.214,0.437,167,117,-0.729,1.68,1.075,,-5.0,39,16,13.0,0,67,23,27,16,18,5,0,74,0,0,1.229,6.4
OAK/OAK201808040,"Saturday, August 4, 2018",6:07 p.m. Local,Oakland-Alameda County Coliseum,33668,2:30,Night,Home,Oakland Athletics,OAK,Detroit Tigers,DET,31,1,7,1,0.0,1,6,32,0.226,0.25,0.258,0.508,123,68,-0.625,1.01,0.418,,-3.5,24,5,8.0,2,41,12,15,10,15,6,0,56,2,0,0.125,2.0,30,2,6,2,2.25,3,10,33,0.2,0.273,0.5,0.773,109,76,-0.125,1.41,0.555,,-2.0,27,12,9.0,0,40,13,23,5,15,7,0,63,1,0,0.625,3.5
OAK/OAK201808050,"Sunday, August 5, 2018",1:08 p.m. Local,Oakland-Alameda County Coliseum,19559,2:41,Day,Home,Oakland Athletics,OAK,Detroit Tigers,DET,32,0,5,0,0.0,2,12,34,0.156,0.206,0.188,0.393,144,85,-0.433,0.74,0.232,,-4.5,24,9,8.0,3,42,22,21,8,12,4,0,50,0,0,-0.068,-2.0,31,6,8,6,6.75,2,6,35,0.258,0.343,0.548,0.891,134,85,0.068,0.94,0.497,,2.0,27,9,9.0,0,50,14,21,13,12,5,0,75,0,0,0.434,4.5
OAK/OAK201808070,"Tuesday, August 7, 2018",7:07 p.m. Local,Oakland-Alameda County Coliseum,33654,3:21,Night,Away,Los Angeles Dodgers,LAD,Oakland Athletics,OAK,34,4,9,4,4.0,7,7,42,0.265,0.39,0.353,0.743,147,109,0.135,1.15,0.666,,-0.5,27,7,9.0,1,70,15,24,9,19,8,0,55,0,0,0.366,2.5,30,2,4,2,2.0,4,11,34,0.133,0.235,0.3,0.535,175,97,-0.368,0.85,0.514,,-2.5,27,8,9.0,0,51,13,33,8,11,4,0,34,4,0,-0.134,0.5
OAK/OAK201808080,"Wednesday, August 8, 2018",7:09 p.m. Local,Oakland-Alameda County Coliseum,32062,3:00,Night,Home,Oakland Athletics,OAK,Los Angeles Dodgers,LAD,34,2,7,2,2.0,2,11,36,0.206,0.25,0.324,0.574,136,96,-0.404,1.19,0.718,,-2.5,24,12,8.0,0,48,20,28,10,13,6,0,53,2,0,-0.094,1.0,33,3,8,2,2.25,0,2,33,0.242,0.242,0.242,0.485,143,90,0.095,1.7,0.695,,-1.0,27,4,9.0,1,63,8,19,13,18,8,0,64,1,0,0.405,2.5
ANA/ANA201808100,"Friday, August 10, 2018",7:34 p.m. Local,Angel Stadium of Anaheim,42722,2:22,Night,Home,Los Angeles Angels,LAA,Oakland Athletics,OAK,32,3,6,3,3.0,0,8,33,0.188,0.212,0.406,0.618,104,81,-0.361,0.92,0.394,,-1.5,24,11,8.0,2,41,13,27,8,16,9,0,55,0,0,-0.141,0.0,30,4,7,4,4.5,0,5,30,0.233,0.233,0.433,0.667,129,72,0.139,1.01,0.669,,-0.0,27,9,9.0,2,47,8,17,12,13,8,0,51,1,0,0.361,1.5
ANA/ANA201808110,"Saturday, August 11, 2018",6:08 p.m. Local,Angel Stadium of Anaheim,39425,3:08,Night,Away,Oakland Athletics,OAK,Los Angeles Angels,LAA,40,7,14,7,7.0,3,7,43,0.35,0.395,0.6,0.995,137,84,0.338,0.38,0.542,,2.5,27,7,9.0,0,58,10,16,11,22,10,0,75,2,0,0.162,4.5,31,0,5,0,0.0,3,8,35,0.161,0.257,0.226,0.483,136,85,-0.163,0.35,0.116,,-4.5,27,7,9.0,3,52,13,20,6,17,8,0,16,2,1,-0.337,-2.5
ANA/ANA201808120,"Sunday, August 12, 2018",1:08 p.m. Local,Angel Stadium of Anaheim,38364,3:49,Day,Away,Oakland Athletics,OAK,Los Angeles Angels,LAA,35,8,12,8,8.0,1,16,44,0.343,0.419,0.543,0.961,178,116,0.444,1.09,0.809,,3.5,27,7,9.0,1,63,24,29,8,14,9,0,36,2,0,0.056,-2.5,38,7,11,7,7.0,4,11,43,0.289,0.372,0.5,0.872,185,113,-0.058,0.74,0.806,,2.5,27,6,9.0,1,68,21,24,11,16,10,0,39,0,0,-0.444,-3.5
OAK/OAK201808130,"Monday, August 13, 2018",7:07 p.m. Local,Oakland-Alameda County Coliseum,10400,3:09,Night,Home,Oakland Athletics,OAK,Seattle Mariners,SEA,35,6,10,5,6.0,5,7,40,0.286,0.375,0.314,0.689,157,93,-0.252,0.56,0.495,,1.5,24,11,8.0,0,60,14,21,14,14,6,0,36,0,0,-0.248,-3.0,34,7,11,7,7.88,5,5,39,0.324,0.41,0.5,0.91,143,92,0.245,1.02,0.568,,3.0,27,12,9.0,0,60,14,18,12,17,8,0,62,6,5,0.252,-1.5
OAK/OAK201808140,"Tuesday, August 14, 2018",7:07 p.m. Local,Oakland-Alameda County Coliseum,17419,2:28,Night,Home,Oakland Athletics,OAK,Seattle Mariners,SEA,34,2,9,2,2.0,0,7,34,0.265,0.265,0.441,0.706,120,78,-0.517,0.85,0.572,,-2.5,24,12,8.0,2,45,14,19,12,15,10,0,44,1,0,0.017,1.0,30,3,8,3,3.38,3,5,33,0.267,0.333,0.567,0.9,110,81,-0.017,1.46,0.573,,-1.0,27,12,9.0,1,52,14,15,11,14,3,0,57,0,0,0.516,2.5
OAK/OAK201808150,"Wednesday, August 15, 2018",12:36 p.m. Local,Oakland-Alameda County Coliseum,17078,3:13,Day,Away,Seattle Mariners,SEA,Oakland Athletics,OAK,45,2,10,2,1.5,1,6,47,0.222,0.255,0.333,0.589,161,111,-0.547,1.74,1.048,,-3.9,36,10,12.0,0,69,13,29,23,16,7,0,83,2,0,1.047,5.9,41,0,6,0,0.0,3,12,44,0.146,0.205,0.244,0.448,159,106,-1.048,1.66,0.577,,-5.9,36,18,12.0,1,69,14,23,10,19,6,0,71,1,0,0.546,3.9
OAK/OAK201808170,"Friday, August 17, 2018",7:07 p.m. Local,Oakland-Alameda County Coliseum,23535,3:33,Night,Home,Oakland Athletics,OAK,Houston Astros,HOU,34,3,6,3,2.7,5,8,39,0.176,0.282,0.353,0.635,169,97,-0.172,2.27,0.65,,-2.0,27,6,9.0,1,49,17,31,10,16,6,0,57,0,0,-0.328,0.5,35,4,8,3,2.0,6,8,41,0.229,0.341,0.4,0.741,168,105,0.328,1.07,1.816,,-0.5,30,9,10.0,2,66,13,26,8,19,5,0,49,0,0,0.171,2.0
OAK/OAK201808180,"Saturday, August 18, 2018",1:07 p.m. Local,Oakland-Alameda County Coliseum,32204,2:33,Day,Home,Oakland Athletics,OAK,Houston Astros,HOU,28,1,2,1,1.0,1,9,29,0.071,0.103,0.179,0.282,124,84,-0.359,0.49,0.052,,-3.5,24,6,8.0,0,46,14,24,7,12,3,0,34,1,0,-0.142,-3.0,35,7,11,7,7.88,2,7,37,0.314,0.351,0.543,0.894,133,82,0.142,0.58,0.436,,3.0,27,4,9.0,1,50,13,19,8,20,13,0,81,0,0,0.358,3.5
OAK/OAK201808190,"Sunday, August 19, 2018",1:07 p.m. Local,Oakland-Alameda County Coliseum,29143,3:07,Day,Away,Houston Astros,HOU,Oakland Athletics,OAK,38,9,13,9,9.0,0,11,38,0.342,0.342,0.816,1.158,153,97,0.538,1.06,0.969,,4.5,27,8,9.0,3,56,12,29,8,19,5,0,43,2,0,-0.037,0.5,34,4,8,4,4.0,2,10,36,0.235,0.278,0.5,0.778,142,103,0.038,0.69,0.746,,-0.5,27,8,9.0,5,56,16,31,9,15,5,0,25,3,0,-0.536,-4.5
OAK/OAK201808200,"Monday, August 20, 2018",7:08 p.m. Local,Oakland-Alameda County Coliseum,9341,2:48,Night,Home,Oakland Athletics,OAK,Texas Rangers,TEX,29,0,3,0,0.0,1,9,31,0.103,0.161,0.138,0.299,159,87,-0.249,0.37,0.136,,-4.5,24,7,8.0,4,52,13,22,10,10,4,0,21,0,0,-0.252,-5.0,38,9,14,9,10.12,4,7,42,0.368,0.429,0.789,1.218,125,97,0.252,0.55,0.468,,5.0,27,10,9.0,0,54,12,31,10,21,12,0,82,0,0,0.248,4.5
OAK/OAK201808210,"Tuesday, August 21, 2018",7:06 p.m. Local,Oakland-Alameda County Coliseum,11579,2:26,Night,Home,Oakland Athletics,OAK,Texas Rangers,TEX,28,0,2,0,0.0,2,7,30,0.071,0.133,0.107,0.24,125,84,-0.389,0.66,0.132,,-4.5,24,12,8.0,1,47,13,24,13,8,2,0,33,1,0,-0.111,-2.0,36,6,12,6,6.75,2,5,38,0.333,0.368,0.472,0.841,127,86,0.112,0.71,0.478,,2.0,27,13,9.0,0,57,5,24,16,15,9,0,80,0,0,0.389,4.5
OAK/OAK201808220,"Wednesday, August 22, 2018",12:37 p.m. Local,Oakland-Alameda County Coliseum,13139,3:03,Day,Away,Texas Rangers,TEX,Oakland Athletics,OAK,36,4,9,4,4.0,4,10,40,0.25,0.325,0.444,0.769,139,98,0.113,1.44,0.52,,-0.5,27,7,9.0,0,61,15,22,8,18,9,0,73,2,0,0.387,2.5,29,2,4,2,2.0,4,9,35,0.138,0.286,0.207,0.493,151,88,-0.386,0.63,0.6,,-2.5,27,4,9.0,2,45,15,28,6,14,6,0,32,1,0,-0.113,0.5
MIN/MIN201808230,"Thursday, August 23, 2018",7:10 p.m. Local,Target Field,24171,2:58,Night,Home,Minnesota Twins,MIN,Oakland Athletics,OAK,35,4,9,3,4.0,5,10,40,0.257,0.35,0.514,0.864,133,96,-0.217,0.82,0.582,,-0.7,24,13,8.0,1,50,17,29,12,13,5,0,31,0,0,-0.284,-1.9,32,6,9,6,6.75,2,6,34,0.281,0.324,0.406,0.73,169,82,0.282,1.11,0.743,,1.9,27,10,9.0,2,49,6,27,16,10,5,0,42,2,0,0.217,0.7
MIN/MIN201808240,"Friday, August 24, 2018",7:10 p.m. Local,Target Field,22568,3:05,Night,Away,Oakland Athletics,OAK,Minnesota Twins,MIN,35,7,10,7,6.0,2,4,38,0.286,0.316,0.571,0.887,132,104,0.109,1.16,0.605,,2.3,27,10,9.0,0,72,11,21,12,20,6,0,55,1,0,0.391,3.7,29,1,5,1,0.0,3,8,35,0.172,0.242,0.172,0.415,161,90,-0.39,0.77,0.378,,-3.7,27,10,9.0,3,57,10,23,14,10,4,0,64,0,0,-0.109,-2.3
MIN/MIN201808250,"Saturday, August 25, 2018",6:20 p.m. Local,Target Field,28772,3:10,Night,Away,Oakland Athletics,OAK,Minnesota Twins,MIN,36,6,12,6,6.0,4,6,40,0.333,0.4,0.472,0.872,144,97,0.206,1.01,0.665,,1.4,27,10,9.0,2,55,12,30,13,17,8,0,60,4,0,0.294,2.7,34,2,8,2,2.0,2,10,37,0.235,0.297,0.412,0.709,164,93,-0.295,0.64,0.465,,-2.7,27,11,9.0,1,49,18,26,11,13,6,0,35,0,0,-0.206,-1.3
MIN/MIN201808260,"Sunday, August 26, 2018",1:11 p.m. Local,Target Field,23318,3:12,Day,Away,Oakland Athletics,OAK,Minnesota Twins,MIN,40,6,13,6,6.0,0,6,40,0.325,0.325,0.675,1.0,147,94,0.275,0.98,0.689,,1.3,27,16,9.0,2,61,15,18,15,19,5,0,52,2,0,0.225,2.7,33,2,7,2,2.0,4,3,38,0.212,0.316,0.424,0.74,147,89,-0.224,0.69,0.516,,-2.7,27,10,9.0,4,56,8,25,17,13,5,0,43,0,0,-0.275,-1.3
HOU/HOU201808270,"Monday, August 27, 2018",7:10 p.m. Local,Minute Maid Park,43171,3:16,Night,Home,Houston Astros,HOU,Oakland Athletics,OAK,32,4,6,4,4.0,2,11,34,0.188,0.235,0.438,0.673,162,90,-0.191,0.88,0.575,,-0.6,24,8,8.0,2,53,14,23,10,11,4,0,25,2,2,-0.309,-7.0,38,11,16,11,12.38,5,4,43,0.421,0.488,0.684,1.173,130,98,0.308,0.96,0.893,,7.0,27,9,9.0,2,61,15,22,12,22,11,0,54,0,0,0.192,0.6
HOU/HOU201808280,"Tuesday, August 28, 2018",7:10 p.m. Local,Minute Maid Park,33136,3:21,Night,Away,Oakland Athletics,OAK,Houston Astros,HOU,32,4,5,4,4.0,6,8,39,0.156,0.308,0.281,0.589,131,94,0.138,1.55,0.92,,-0.5,27,9,9.0,0,52,15,27,11,13,2,0,48,2,0,0.363,1.6,32,3,6,3,2.0,2,9,34,0.188,0.235,0.219,0.454,154,86,-0.363,1.15,0.571,,-1.6,27,8,9.0,1,49,12,25,10,13,5,0,45,1,0,-0.138,0.6
HOU/HOU201808290,"Wednesday, August 29, 2018",1:10 p.m. Local,Minute Maid Park,32926,3:27,Day,Home,Houston Astros,HOU,Oakland Athletics,OAK,36,4,9,4,4.0,4,9,41,0.25,0.341,0.333,0.675,160,84,-0.158,1.56,1.107,,-0.6,25,10,8.1,1,47,20,17,16,11,6,0,32,3,0,-0.342,-0.7,30,5,8,5,4.32,10,8,41,0.267,0.439,0.4,0.839,150,87,0.342,1.75,1.328,,0.7,27,10,9.0,0,41,16,30,13,10,4,0,48,6,0,0.158,0.6
OAK/OAK201808300,"Thursday, August 30, 2018",7:07 p.m. Local,Oakland-Alameda County Coliseum,10844,2:40,Night,Away,Seattle Mariners,SEA,Oakland Athletics,OAK,36,7,9,5,4.0,2,7,38,0.25,0.289,0.417,0.706,136,94,0.385,0.27,0.573,,2.5,27,10,9.0,0,56,13,25,14,15,7,0,72,0,0,0.116,3.5,30,1,4,1,1.0,4,5,34,0.133,0.235,0.167,0.402,136,81,-0.117,0.47,0.104,,-3.5,27,11,9.0,1,48,9,24,9,16,3,0,36,0,0,-0.384,-2.5
OAK/OAK201808310,"Friday, August 31, 2018",7:08 p.m. Local,Oakland-Alameda County Coliseum,17942,3:07,Night,Home,Oakland Athletics,OAK,Seattle Mariners,SEA,36,5,9,5,5.0,1,9,37,0.25,0.27,0.5,0.77,151,100,-0.109,0.7,0.569,,0.5,24,8,8.0,2,57,14,29,11,16,8,0,18,2,0,-0.392,-3.0,36,7,13,7,7.88,2,7,40,0.361,0.4,0.639,1.039,147,99,0.392,0.94,0.805,,3.0,27,8,9.0,3,57,17,25,11,19,12,0,29,1,0,0.109,-0.5
OAK/OAK201809010,"Saturday, September 1, 2018",6:07 p.m. Local,Oakland-Alameda County Coliseum,28760,3:33,Night,Away,Seattle Mariners,SEA,Oakland Athletics,OAK,39,8,12,6,7.0,2,5,43,0.308,0.372,0.385,0.757,177,104,0.356,1.2,0.697,,3.5,27,6,9.0,2,64,13,27,11,23,11,0,57,5,3,0.146,-2.5,34,7,6,6,6.0,6,18,42,0.176,0.333,0.412,0.745,160,111,-0.147,0.64,0.744,,2.5,27,8,9.0,0,57,33,21,8,8,1,0,43,3,2,-0.355,-3.5
OAK/OAK201809020,"Sunday, September 2, 2018",1:07 p.m. Local,Oakland-Alameda County Coliseum,21497,2:53,Day,Home,Oakland Athletics,OAK,Seattle Mariners,SEA,35,2,8,2,2.0,2,5,37,0.229,0.27,0.314,0.585,142,81,-0.254,0.73,0.406,,-2.5,24,9,8.0,2,51,12,18,12,18,9,0,44,8,4,-0.247,-4.0,30,8,9,8,9.0,5,8,36,0.3,0.389,0.533,0.922,126,89,0.247,0.88,0.656,,4.0,27,8,9.0,0,48,14,27,10,13,6,0,62,2,0,0.254,2.5
OAK/OAK201809030,"Monday, September 3, 2018",1:07 p.m. Local,Oakland-Alameda County Coliseum,40546,3:04,Day,Home,Oakland Athletics,OAK,New York Yankees,NYY,30,3,4,3,2.0,4,11,35,0.133,0.229,0.267,0.495,132,93,-0.141,0.87,0.532,,-1.5,24,3,8.0,1,51,13,29,9,11,4,0,30,1,1,-0.36,-2.0,34,6,10,5,5.62,3,10,37,0.294,0.351,0.5,0.851,151,90,0.361,1.0,0.801,,2.0,27,8,9.0,1,42,19,29,5,19,9,0,51,2,0,0.139,1.5
OAK/OAK201809040,"Tuesday, September 4, 2018",7:07 p.m. Local,Oakland-Alameda County Coliseum,17536,3:12,Night,Away,New York Yankees,NYY,Oakland Athletics,OAK,33,5,8,5,5.0,5,10,38,0.242,0.342,0.424,0.766,124,90,0.138,1.0,1.039,,0.5,27,9,9.0,1,49,19,24,13,10,3,0,68,1,0,0.363,3.5,27,1,2,1,1.0,2,9,30,0.074,0.167,0.185,0.352,161,78,-0.362,1.31,0.288,,-3.5,27,12,9.0,2,38,14,26,8,10,2,0,54,9,2,-0.138,-0.5
OAK/OAK201809050,"Wednesday, September 5, 2018",7:17 p.m. Local,Oakland-Alameda County Coliseum,21004,2:53,Night,Home,Oakland Athletics,OAK,New York Yankees,NYY,31,2,5,2,2.0,3,7,34,0.161,0.235,0.29,0.526,127,94,-0.157,0.35,0.107,,-2.5,24,6,8.0,0,51,12,31,12,12,3,0,26,2,0,-0.346,-4.0,35,8,11,6,7.88,2,8,37,0.314,0.351,0.486,0.837,144,84,0.345,0.42,0.457,,4.0,27,10,9.0,1,47,16,21,11,16,10,0,60,0,0,0.156,2.5
OAK/OAK201809070,"Friday, September 7, 2018",7:07 p.m. Local,Oakland-Alameda County Coliseum,15572,3:17,Night,Home,Oakland Athletics,OAK,Texas Rangers,TEX,34,4,8,4,4.0,5,8,39,0.235,0.333,0.412,0.745,174,90,-0.179,0.42,0.413,,-0.5,24,9,8.0,3,50,19,23,10,16,9,0,29,4,0,-0.319,-4.0,34,8,10,8,7.88,7,8,42,0.294,0.429,0.559,0.987,151,99,0.32,0.75,0.554,,4.0,27,9,9.0,1,59,12,28,15,11,5,0,53,3,0,0.18,0.5
OAK/OAK201809080,"Saturday, September 8, 2018",1:07 p.m. Local,Oakland-Alameda County Coliseum,20504,3:25,Day,Home,Oakland Athletics,OAK,Texas Rangers,TEX,36,6,9,6,6.0,1,12,37,0.25,0.27,0.556,0.826,168,105,0.227,1.0,1.069,,1.5,24,6,8.0,3,60,25,20,10,14,6,0,52,2,1,-0.728,-4.0,33,8,9,8,9.0,6,7,39,0.273,0.385,0.667,1.051,160,100,0.728,1.15,1.302,,4.0,27,8,9.0,3,58,14,28,6,20,7,0,37,0,0,-0.227,-1.5
OAK/OAK201809090,"Sunday, September 9, 2018",1:07 p.m. Local,Oakland-Alameda County Coliseum,27932,2:59,Day,Home,Oakland Athletics,OAK,Texas Rangers,TEX,27,3,4,3,3.0,7,5,35,0.148,0.314,0.148,0.462,143,80,-0.052,0.9,0.458,,-1.5,24,11,8.0,1,40,13,27,9,14,6,0,59,2,0,-0.448,-3.0,32,7,9,5,7.88,3,6,36,0.281,0.361,0.469,0.83,136,90,0.448,0.88,0.872,,3.0,27,10,9.0,0,50,19,21,11,15,6,0,37,1,0,0.052,1.5
BAL/BAL201809110,"Tuesday, September 11, 2018",7:10 p.m. Local,Oriole Park at Camden Yards,9141,2:45,Night,Away,Oakland Athletics,OAK,Baltimore Orioles,BAL,34,3,7,3,3.0,3,9,37,0.206,0.27,0.265,0.535,125,87,-0.012,1.31,0.427,,-1.5,27,9,9.0,1,50,12,25,13,12,7,0,66,0,0,0.511,2.5,32,2,6,2,2.0,1,11,33,0.188,0.212,0.281,0.493,142,84,-0.51,0.74,0.43,,-2.5,27,10,9.0,0,47,11,26,8,13,6,0,55,0,0,0.011,1.5
BAL/BAL201809120,"Wednesday, September 12, 2018",7:08 p.m. Local,Oriole Park at Camden Yards,10480,2:39,Night,Away,Oakland Athletics,OAK,Baltimore Orioles,BAL,42,10,15,10,10.0,4,8,46,0.357,0.413,0.524,0.937,99,113,0.392,0.21,0.547,,5.5,27,9,9.0,0,62,16,35,9,25,13,0,51,0,0,0.111,4.5,28,0,1,0,0.0,1,5,29,0.036,0.069,0.036,0.105,180,71,-0.11,0.37,0.051,,-4.5,27,6,9.0,1,43,10,18,11,12,4,0,8,1,1,-0.39,-5.5
BAL/BAL201809130,"Thursday, September 13, 2018",7:08 p.m. Local,Oriole Park at Camden Yards,11714,2:51,Night,Home,Baltimore Orioles,BAL,Oakland Athletics,OAK,35,3,9,3,3.0,3,11,38,0.257,0.316,0.4,0.716,130,100,-0.31,0.8,0.882,,-1.5,24,11,8.0,0,49,20,31,12,12,4,0,31,2,0,-0.189,-1.0,32,5,12,5,5.62,2,5,34,0.375,0.412,0.406,0.818,149,92,0.19,1.69,0.588,,1.0,27,7,9.0,1,58,10,25,11,16,8,0,60,5,1,0.311,1.5
TBA/TBA201809140,"Friday, September 14, 2018",7:10 p.m. Local,Tropicana Field,11549,3:05,Night,Away,Oakland Athletics,OAK,Tampa Bay Rays,TBR,32,2,3,2,1.8,2,10,34,0.094,0.147,0.219,0.366,141,90,-0.248,1.58,0.608,,-3.0,30,9,10.0,0,51,17,22,8,14,3,0,56,0,0,0.746,4.0,33,1,6,1,0.9,4,7,38,0.182,0.289,0.212,0.502,137,86,-0.746,1.18,0.584,,-4.0,30,8,10.0,1,53,10,25,11,15,6,0,60,0,0,0.245,3.0
TBA/TBA201809150,"Saturday, September 15, 2018",6:10 p.m. Local,Tropicana Field,15154,3:19,Night,Home,Tampa Bay Rays,TBR,Oakland Athletics,OAK,38,5,13,4,5.0,2,10,40,0.342,0.375,0.526,0.901,150,111,-0.0,1.25,1.174,,0.5,24,11,8.0,2,64,21,26,12,16,10,0,52,2,1,-0.499,-3.0,29,7,8,7,7.88,5,6,37,0.276,0.389,0.552,0.941,161,87,0.499,1.51,1.172,,3.0,27,7,9.0,2,44,18,25,13,12,4,0,53,5,2,0.001,-0.5
TBA/TBA201809160,"Sunday, September 16, 2018",1:10 p.m. Local,Tropicana Field,13197,2:59,Day,Home,Tampa Bay Rays,TBR,Oakland Athletics,OAK,29,4,4,4,4.0,4,6,33,0.138,0.242,0.276,0.518,141,83,-0.361,0.52,0.194,,-0.5,24,10,8.0,2,48,12,23,9,14,5,0,41,0,0,-0.14,-1.0,32,5,9,5,5.62,4,4,37,0.281,0.378,0.625,1.003,135,80,0.138,0.76,0.495,,1.0,27,10,9.0,1,50,10,20,12,16,7,0,55,6,3,0.362,0.5
OAK/OAK201809180,"Tuesday, September 18, 2018",7:07 p.m. Local,Oakland-Alameda County Coliseum,15031,3:42,Night,Away,Los Angeles Angels,LAA,Oakland Athletics,OAK,35,9,9,8,9.0,4,7,40,0.257,0.35,0.514,0.864,182,96,0.599,1.33,1.051,,4.5,27,7,9.0,0,57,15,24,17,11,3,0,60,4,2,-0.1,-2.5,33,7,7,7,7.0,7,11,40,0.212,0.35,0.242,0.592,155,109,0.097,0.91,0.999,,2.5,27,12,9.0,2,55,17,37,9,13,7,0,54,5,3,-0.599,-4.5
OAK/OAK201809190,"Wednesday, September 19, 2018",7:06 p.m. Local,Oakland-Alameda County Coliseum,16425,2:23,Night,Home,Oakland Athletics,OAK,Los Angeles Angels,LAA,31,0,4,0,0.0,0,3,31,0.129,0.129,0.129,0.258,134,66,-0.231,0.39,0.029,,-4.5,24,7,8.0,1,39,5,22,17,11,5,0,28,0,0,-0.269,-6.0,33,10,10,10,10.12,3,8,39,0.303,0.359,0.455,0.814,110,86,0.269,0.35,0.443,,6.0,27,14,9.0,0,45,21,20,10,17,11,0,71,1,0,0.231,4.5
OAK/OAK201809200,"Thursday, September 20, 2018",12:37 p.m. Local,Oakland-Alameda County Coliseum,17217,3:22,Day,Home,Oakland Athletics,OAK,Los Angeles Angels,LAA,32,3,5,3,3.0,3,9,35,0.156,0.229,0.406,0.635,183,88,-0.067,0.41,0.251,,-1.5,24,9,8.0,3,47,17,24,10,13,4,0,30,3,3,-0.433,-17.0,44,21,22,20,15.75,7,7,51,0.5,0.569,0.795,1.364,140,114,0.435,0.48,0.715,,17.0,27,10,9.0,2,75,19,20,12,25,16,0,58,1,0,0.067,1.5
OAK/OAK201809210,"Friday, September 21, 2018",7:07 p.m. Local,Oakland-Alameda County Coliseum,27558,3:21,Night,Home,Oakland Athletics,OAK,Minnesota Twins,MIN,38,6,9,6,5.4,3,10,42,0.237,0.31,0.421,0.731,164,106,-0.018,1.15,1.047,,1.0,27,5,9.0,3,57,19,30,11,17,8,0,46,1,1,-0.483,-2.5,32,7,7,7,7.0,5,11,40,0.219,0.325,0.531,0.856,162,94,0.484,1.42,1.272,,2.5,30,12,10.0,1,53,14,27,8,15,6,0,52,2,2,0.017,-1.0
OAK/OAK201809220,"Saturday, September 22, 2018",6:08 p.m. Local,Oakland-Alameda County Coliseum,36731,3:03,Night,Home,Oakland Athletics,OAK,Minnesota Twins,MIN,32,2,7,2,2.0,3,6,36,0.219,0.278,0.281,0.559,136,92,-0.346,1.78,0.603,,-2.5,26,10,8.2,1,57,14,21,8,19,8,0,44,6,0,-0.154,1.0,33,3,8,2,2.08,3,5,37,0.242,0.324,0.394,0.718,132,84,0.154,1.27,1.327,,-1.0,27,8,9.0,0,51,11,22,14,14,8,0,64,1,0,0.347,2.5
OAK/OAK201809230,"Sunday, September 23, 2018",1:07 p.m. Local,Oakland-Alameda County Coliseum,35754,3:02,Day,Away,Minnesota Twins,MIN,Oakland Athletics,OAK,34,5,9,5,3.0,0,10,35,0.265,0.257,0.382,0.639,151,91,0.248,0.78,0.517,,0.5,27,13,9.0,1,51,18,22,11,14,5,0,60,4,0,0.251,3.5,33,1,8,1,1.0,4,5,37,0.242,0.324,0.364,0.688,136,86,-0.251,0.54,0.381,,-3.5,27,8,9.0,1,47,18,21,17,11,6,0,39,2,1,-0.248,-0.5
SEA/SEA201809240,"Monday, September 24, 2018",7:10 p.m. Local,Safeco Field,16491,3:03,Night,Away,Oakland Athletics,OAK,Seattle Mariners,SEA,36,7,10,7,7.0,3,11,41,0.278,0.341,0.611,0.953,128,107,0.458,0.89,0.947,,2.7,27,11,9.0,2,57,18,32,13,13,3,0,52,1,0,0.043,1.3,32,3,6,3,3.0,1,8,33,0.188,0.212,0.406,0.618,168,86,-0.043,0.78,0.549,,-1.3,27,6,9.0,4,51,12,23,11,13,7,0,53,3,1,-0.458,-2.7
SEA/SEA201809250,"Tuesday, September 25, 2018",7:10 p.m. Local,Safeco Field,12791,3:57,Night,Home,Seattle Mariners,SEA,Oakland Athletics,OAK,47,8,16,8,6.55,4,13,51,0.34,0.392,0.468,0.86,181,135,0.221,1.95,1.157,,2.7,31,10,10.1,3,74,25,36,12,22,12,0,26,2,0,-0.722,-5.0,46,10,14,10,7.84,4,10,50,0.304,0.36,0.587,0.947,208,114,0.723,1.07,2.244,,5.0,33,11,11.0,1,65,24,25,19,17,6,0,16,4,0,-0.221,-2.7
SEA/SEA201809260,"Wednesday, September 26, 2018",7:10 p.m. Local,Safeco Field,13727,3:13,Night,Away,Oakland Athletics,OAK,Seattle Mariners,SEA,36,9,9,9,8.0,4,8,41,0.25,0.341,0.611,0.953,156,97,0.467,1.01,0.715,,4.7,27,8,9.0,0,56,11,30,11,17,6,0,38,3,0,0.033,1.3,31,3,6,3,3.0,6,8,39,0.194,0.333,0.29,0.624,149,95,-0.032,0.57,0.618,,-1.3,27,8,9.0,4,57,19,19,10,14,5,0,40,3,2,-0.468,-4.7
ANA/ANA201809280,"Friday, September 28, 2018",7:08 p.m. Local,Angel Stadium of Anaheim,35041,3:17,Night,Home,Los Angeles Angels,LAA,Oakland Athletics,OAK,31,5,5,3,2.0,9,13,40,0.161,0.35,0.194,0.544,123,99,-0.22,0.4,0.147,,0.5,24,10,8.0,2,40,23,36,11,7,2,0,53,4,2,-0.28,-4.0,31,8,9,8,9.0,4,6,37,0.29,0.378,0.613,0.991,174,86,0.279,0.41,0.444,,4.0,27,8,9.0,0,51,13,22,9,17,6,0,62,4,2,0.221,-0.5
ANA/ANA201809290,"Saturday, September 29, 2018",6:09 p.m. Local,Angel Stadium of Anaheim,43762,3:11,Night,Away,Oakland Athletics,OAK,Los Angeles Angels,LAA,31,5,8,5,5.0,4,9,37,0.258,0.324,0.548,0.873,146,92,0.193,1.33,0.504,,0.5,27,8,9.0,0,56,16,20,10,14,6,0,51,0,0,0.308,2.5,31,2,4,2,1.0,5,7,38,0.129,0.27,0.129,0.399,152,88,-0.309,0.57,0.507,,-2.5,27,9,9.0,2,48,17,22,10,14,5,0,41,3,1,-0.192,-0.5
ANA/ANA201809300,"Sunday, September 30, 2018",12:09 p.m. Local,Angel Stadium of Anaheim,36892,2:40,Day,Home,Los Angeles Angels,LAA,Oakland Athletics,OAK,32,4,5,4,4.0,2,11,34,0.156,0.206,0.375,0.581,128,98,0.084,1.18,0.642,,-0.5,24,4,8.0,2,58,20,20,8,13,4,0,48,0,0,-0.585,-1.0,31,5,7,5,5.62,1,11,32,0.226,0.25,0.484,0.734,145,80,0.586,0.83,1.215,,1.0,27,6,9.0,2,36,23,21,4,16,7,0,48,0,0,-0.086,0.5
