,date,time,venue,attendance,duration,time_of_day,winner,winning_name,winning_abbr,losing_name,losing_abbr,away_at_bats,away_runs,away_hits,away_rbi,away_earned_runs,away_bases_on_balls,away_strikeouts,away_plate_appearances,away_batting_average,away_on_base_percentage,away_slugging_percentage,away_on_base_plus,away_pitches,away_strikes,away_win_probability_for_offensive_player,away_average_leverage_index,away_win_probability_added,away_win_probability_subtracted,away_base_out_runs_added,away_putouts,away_assists,away_innings_pitched,away_home_runs,away_strikes_by_contact,away_strikes_swinging,away_strikes_looking,away_grounded_balls,away_fly_balls,away_line_drives,away_unknown_bat_type,away_game_score,away_inherited_runners,away_inherited_score,away_win_probability_by_pitcher,away_base_out_runs_saved,home_at_bats,home_runs,home_hits,home_rbi,home_earned_runs,home_bases_on_balls,home_strikeouts,home_plate_appearances,home_batting_average,home_on_base_percentage,home_slugging_percentage,home_on_base_plus,home_pitches,home_strikes,home_win_probability_for_offensive_player,home_average_leverage_index,home_win_probability_added,home_win_probability_subtracted,home_base_out_runs_added,home_putouts,home_assists,home_innings_pitched,home_home_runs,home_strikes_by_contact,home_strikes_swinging,home_strikes_looking,home_grounded_balls,home_fly_balls,home_line_drives,home_unknown_bat_type,home_game_score,home_inherited_runners,home_inherited_score,home_win_probability_by_pitcher,home_base_out_runs_saved
ATL/ATL201803290,"Thursday, March 29, 2018",4:12 p.m. Local,SunTrust Park,40208,3:28,Day,Home,Atlanta Braves,ATL,Philadelphia Phillies,PHI,31,5,6,5,5.0,6,11,38,0.194,0.342,0.355,0.697,137,100,-0.022,1.49,0.566,,0.6,26,11,8.2,3,47,21,32,5,15,6,0,60,3,2,-0.477,-3.7,34,8,9,7,7.27,4,6,40,0.265,0.359,0.559,0.918,171,93,0.477,0.84,1.262,,3.7,27,9,9.0,1,52,18,23,16,14,5,0,45,7,3,0.023,-0.6
ATL/ATL201803300,"Friday, March 30, 2018",7:35 p.m. Local,SunTrust Park,35123,4:16,Night,Away,Philadelphia Phillies,PHI,Atlanta Braves,ATL,40,5,10,5,3.27,5,10,48,0.25,0.319,0.45,0.769,185,127,0.141,1.82,1.364,,-0.4,33,14,11.0,0,60,24,42,13,19,8,0,41,0,0,0.361,1.4,37,4,9,4,3.27,5,9,46,0.243,0.356,0.297,0.653,213,115,-0.359,1.57,1.111,,-1.4,33,10,11.0,2,72,16,27,13,17,10,0,53,2,0,-0.14,0.4
ATL/ATL201803310,"Saturday, March 31, 2018",7:10 p.m. Local,SunTrust Park,37777,3:21,Night,Home,Atlanta Braves,ATL,Philadelphia Phillies,PHI,31,2,6,2,2.0,4,9,36,0.194,0.286,0.29,0.576,181,89,0.006,0.57,0.368,,-2.4,24,8,8.0,1,50,14,26,8,15,8,0,20,4,4,-0.504,-11.1,43,15,19,14,11.25,5,5,51,0.442,0.49,0.674,1.164,142,116,0.505,0.63,0.802,,11.1,27,7,9.0,0,71,16,29,21,20,11,0,50,2,0,-0.004,2.4
NYN/NYN201804030,"Tuesday, April 3, 2018",7:11 p.m. Local,Citi Field,21397,2:51,Night,Home,New York Mets,NYM,Philadelphia Phillies,PHI,31,0,3,0,0.0,3,11,34,0.097,0.176,0.097,0.273,127,101,-0.534,0.97,0.438,,-4.0,24,6,8.0,0,50,21,30,8,12,3,0,53,2,0,0.035,1.6,30,2,7,2,2.25,1,8,33,0.233,0.303,0.267,0.57,151,83,-0.034,1.46,0.521,,-1.6,27,6,9.0,0,43,11,31,6,16,7,0,69,2,0,0.535,4.0
NYN/NYN201804040,"Wednesday, April 4, 2018",2:47 p.m. Local,Citi Field,21328,3:05,Day,Home,New York Mets,NYM,Philadelphia Phillies,PHI,31,2,5,1,2.0,2,15,33,0.161,0.212,0.226,0.438,152,99,-0.303,0.94,0.439,,-2.0,24,10,8.0,1,53,22,24,8,8,2,0,51,1,0,-0.198,-0.4,27,4,5,4,4.5,6,7,34,0.185,0.353,0.37,0.723,154,93,0.199,1.12,0.711,,0.4,27,8,9.0,0,54,17,23,11,9,6,0,51,0,0,0.302,2.0
PHI/PHI201804050,"Thursday, April 5, 2018",3:11 p.m. Local,Citizens Bank Park,44488,3:03,Day,Home,Philadelphia Phillies,PHI,Miami Marlins,MIA,31,0,4,0,0.0,0,12,31,0.129,0.129,0.161,0.29,177,90,-0.351,0.56,0.099,,-4.4,24,8,8.0,1,38,20,32,9,10,4,0,41,0,0,-0.151,-1.1,30,5,6,5,5.62,9,9,39,0.2,0.385,0.367,0.751,132,105,0.15,0.62,0.472,,1.1,27,7,9.0,0,51,28,26,11,10,4,0,70,1,0,0.351,4.4
PHI/PHI201804070,"Saturday, April 7, 2018",6:08 p.m. Local,Citizens Bank Park,33660,3:21,Night,Home,Philadelphia Phillies,PHI,Miami Marlins,MIA,32,1,5,0,1.0,1,10,33,0.156,0.182,0.188,0.369,200,90,-0.022,0.32,0.273,,-3.4,24,4,8.0,4,52,12,26,12,11,5,0,4,3,0,-0.478,-16.1,42,20,20,20,22.5,6,11,49,0.476,0.531,0.857,1.388,137,127,0.479,0.49,0.596,,16.1,27,8,9.0,0,73,25,29,13,19,4,0,65,0,0,0.021,3.4
PHI/PHI201804080,"Sunday, April 8, 2018",1:40 p.m. Local,Citizens Bank Park,34326,3:04,Day,Away,Miami Marlins,MIA,Philadelphia Phillies,PHI,31,6,7,6,5.0,5,10,38,0.226,0.351,0.355,0.706,153,91,0.27,1.01,0.992,,1.6,27,7,9.0,0,48,16,26,10,11,7,0,37,0,0,0.23,1.4,31,3,7,3,3.0,4,5,36,0.226,0.306,0.323,0.628,148,92,-0.231,1.21,0.533,,-1.4,27,11,9.0,1,49,15,28,9,18,9,0,49,4,2,-0.27,-1.6
PHI/PHI201804090,"Monday, April 9, 2018",7:07 p.m. Local,Citizens Bank Park,18127,3:22,Night,Home,Philadelphia Phillies,PHI,Cincinnati Reds,CIN,36,5,11,5,5.0,5,11,41,0.306,0.39,0.417,0.807,163,104,-0.118,1.18,1.179,,0.6,24,7,8.0,3,58,18,30,11,14,9,0,38,0,0,-0.379,-2.1,30,6,6,6,4.5,4,6,35,0.2,0.286,0.533,0.819,172,94,0.379,1.72,1.043,,2.1,27,11,9.0,1,56,11,27,11,14,4,0,36,3,0,0.12,-0.6
PHI/PHI201804100,"Tuesday, April 10, 2018",7:07 p.m. Local,Citizens Bank Park,20895,2:44,Night,Home,Philadelphia Phillies,PHI,Cincinnati Reds,CIN,29,1,3,1,1.0,3,8,32,0.103,0.188,0.103,0.291,138,77,-0.392,1.15,0.255,,-3.4,24,7,8.0,1,38,5,34,10,11,5,0,71,0,0,-0.11,-2.1,30,6,6,6,6.75,2,11,34,0.2,0.273,0.4,0.673,117,87,0.11,0.94,0.802,,2.1,27,10,9.0,0,44,13,30,9,11,4,0,75,0,0,0.39,3.4
PHI/PHI201804110,"Wednesday, April 11, 2018",7:08 p.m. Local,Citizens Bank Park,19099,3:48,Night,Home,Philadelphia Phillies,PHI,Cincinnati Reds,CIN,44,3,11,3,2.25,1,13,47,0.25,0.267,0.295,0.562,182,125,-0.54,1.52,1.128,,-2.9,35,15,11.2,2,70,19,36,18,15,8,0,54,2,0,0.039,1.7,39,4,6,4,2.31,6,12,47,0.154,0.261,0.308,0.569,187,121,-0.038,1.87,1.02,,-1.7,36,14,12.0,0,63,25,33,17,12,4,0,66,0,0,0.539,2.9
TBA/TBA201804130,"Friday, April 13, 2018",7:10 p.m. Local,Tropicana Field,13372,2:53,Night,Away,Philadelphia Phillies,PHI,Tampa Bay Rays,TBR,33,2,7,2,2.0,3,13,36,0.212,0.278,0.273,0.551,131,95,-0.09,1.4,0.952,,-2.5,27,7,9.0,0,38,23,34,8,12,4,0,68,2,0,0.589,3.5,31,1,4,1,1.0,3,8,34,0.129,0.206,0.129,0.335,133,81,-0.59,1.51,0.4,,-3.5,27,8,9.0,0,43,12,26,9,14,2,0,65,2,1,0.088,2.5
TBA/TBA201804140,"Saturday, April 14, 2018",6:10 p.m. Local,Tropicana Field,20934,2:46,Night,Away,Philadelphia Phillies,PHI,Tampa Bay Rays,TBR,38,9,13,9,8.0,3,3,42,0.342,0.381,0.526,0.907,118,103,0.403,0.35,0.601,,4.5,27,17,9.0,0,63,14,26,15,21,10,0,49,1,0,0.096,0.5,31,4,8,4,3.0,3,4,36,0.258,0.306,0.355,0.66,150,78,-0.097,0.4,0.169,,-0.5,27,9,9.0,1,49,11,18,22,7,3,0,18,0,0,-0.405,-4.5
TBA/TBA201804150,"Sunday, April 15, 2018",1:10 p.m. Local,Tropicana Field,19841,3:34,Day,Away,Philadelphia Phillies,PHI,Tampa Bay Rays,TBR,36,10,8,10,7.0,6,8,43,0.222,0.349,0.361,0.71,152,114,0.392,1.1,0.837,,5.5,27,7,9.0,1,71,15,28,10,18,6,0,41,5,1,0.108,0.5,38,4,11,4,3.0,2,10,42,0.289,0.357,0.447,0.805,183,96,-0.109,0.8,0.759,,-0.5,27,5,9.0,1,52,13,31,9,19,9,0,44,3,3,-0.392,-5.5
ATL/ATL201804160,"Monday, April 16, 2018",7:37 p.m. Local,SunTrust Park,17812,2:40,Night,Home,Atlanta Braves,ATL,Philadelphia Phillies,PHI,32,1,6,1,1.0,6,11,38,0.188,0.316,0.313,0.628,99,93,-0.628,0.92,0.59,,-3.4,24,11,8.0,0,41,21,31,8,13,4,0,57,0,0,0.129,1.9,25,2,4,1,2.25,1,3,28,0.16,0.185,0.16,0.345,151,64,-0.13,1.64,0.287,,-1.9,27,5,9.0,1,47,5,12,14,10,4,0,64,1,0,0.628,3.4
ATL/ATL201804170,"Tuesday, April 17, 2018",7:36 p.m. Local,SunTrust Park,17913,3:36,Night,Away,Philadelphia Phillies,PHI,Atlanta Braves,ATL,34,5,8,5,4.5,10,13,44,0.235,0.409,0.294,0.703,179,109,-0.081,1.56,1.497,,0.1,30,11,10.0,0,54,24,31,11,10,5,0,55,3,0,0.58,3.9,38,1,8,1,0.9,4,6,43,0.211,0.302,0.211,0.513,192,116,-0.581,1.85,0.595,,-3.9,30,12,10.0,0,65,22,29,17,15,7,0,64,2,0,0.081,-0.1
ATL/ATL201804180,"Wednesday, April 18, 2018",7:36 p.m. Local,SunTrust Park,22135,3:08,Night,Home,Atlanta Braves,ATL,Philadelphia Phillies,PHI,31,3,6,2,2.0,4,10,35,0.194,0.286,0.226,0.512,139,101,-0.233,0.72,0.653,,-1.4,24,5,8.0,2,55,15,31,12,10,7,0,52,0,0,-0.266,-3.1,33,7,11,6,7.88,2,10,36,0.333,0.389,0.515,0.904,157,94,0.267,1.14,0.708,,3.1,27,11,9.0,0,57,16,21,8,15,8,0,58,2,0,0.235,1.4
PHI/PHI201804190,"Thursday, April 19, 2018",7:08 p.m. Local,Citizens Bank Park,19071,2:53,Night,Home,Philadelphia Phillies,PHI,Pittsburgh Pirates,PIT,29,0,2,0,0.0,2,13,31,0.069,0.129,0.069,0.198,165,88,-0.186,0.44,0.059,,-4.4,24,6,8.0,1,47,16,25,8,8,4,0,28,4,0,-0.314,-3.1,32,7,9,7,7.88,5,16,38,0.281,0.395,0.375,0.77,130,94,0.314,0.36,0.526,,3.1,27,4,9.0,0,36,27,31,9,7,5,0,83,0,0,0.186,4.4
PHI/PHI201804200,"Friday, April 20, 2018",7:05 p.m. Local,Citizens Bank Park,20183,2:42,Night,Home,Philadelphia Phillies,PHI,Pittsburgh Pirates,PIT,32,1,6,1,1.0,3,7,37,0.188,0.27,0.281,0.552,129,82,-0.523,1.27,0.503,,-3.4,24,15,8.0,0,44,14,24,8,18,8,0,61,0,0,0.021,1.9,30,2,8,2,2.25,1,5,31,0.267,0.29,0.4,0.69,131,82,-0.02,1.44,0.627,,-1.9,27,7,9.0,0,56,9,17,14,11,6,0,59,0,0,0.522,3.4
PHI/PHI201804210,"Saturday, April 21, 2018",4:06 p.m. Local,Citizens Bank Park,28161,3:11,Day,Home,Philadelphia Phillies,PHI,Pittsburgh Pirates,PIT,34,2,8,2,2.0,0,11,34,0.235,0.235,0.324,0.559,156,98,-0.286,0.89,0.408,,-2.4,24,4,8.0,1,54,24,20,9,14,3,0,57,6,3,-0.216,-2.1,31,6,7,5,5.62,4,10,37,0.226,0.333,0.323,0.656,134,93,0.215,0.94,0.772,,2.1,27,4,9.0,1,49,24,20,8,14,8,0,66,1,0,0.284,2.4
PHI/PHI201804220,"Sunday, April 22, 2018",1:37 p.m. Local,Citizens Bank Park,29199,3:35,Day,Home,Philadelphia Phillies,PHI,Pittsburgh Pirates,PIT,40,2,7,2,1.64,4,11,44,0.175,0.25,0.325,0.575,167,106,-0.671,1.68,1.008,,-3.4,31,7,10.1,0,66,24,16,12,17,7,0,64,0,0,0.17,1.9,38,3,8,3,2.61,5,12,44,0.211,0.295,0.342,0.638,157,104,-0.17,2.0,1.075,,-1.9,33,11,11.0,1,55,25,24,12,15,4,0,60,1,0,0.67,3.4
PHI/PHI201804240,"Tuesday, April 24, 2018",7:08 p.m. Local,Citizens Bank Park,18195,3:49,Night,Away,Arizona Diamondbacks,ARI,Philadelphia Phillies,PHI,35,8,11,8,8.0,6,12,41,0.314,0.415,0.6,1.015,176,108,0.486,1.35,1.178,,3.6,27,6,9.0,0,54,19,35,13,10,1,0,50,2,1,0.015,0.4,32,4,7,4,4.0,4,16,38,0.219,0.316,0.25,0.566,174,111,-0.015,0.98,0.81,,-0.4,27,7,9.0,3,50,27,34,7,10,5,0,44,4,0,-0.485,-3.6
PHI/PHI201804250,"Wednesday, April 25, 2018",7:08 p.m. Local,Citizens Bank Park,21349,2:55,Night,Home,Philadelphia Phillies,PHI,Arizona Diamondbacks,ARI,30,3,5,3,1.0,4,6,36,0.167,0.25,0.167,0.417,123,86,-0.142,0.93,0.815,,-1.4,24,10,8.0,1,51,13,22,15,11,3,0,42,0,0,-0.356,-1.1,30,5,10,5,5.62,1,11,32,0.333,0.344,0.5,0.844,150,81,0.357,1.48,0.831,,1.1,27,10,9.0,0,39,16,26,10,10,6,0,61,1,0,0.144,1.4
PHI/PHI201804260,"Thursday, April 26, 2018",1:06 p.m. Local,Citizens Bank Park,20335,3:12,Day,Away,Arizona Diamondbacks,ARI,Philadelphia Phillies,PHI,36,8,11,8,8.0,7,10,43,0.306,0.419,0.667,1.085,148,101,0.369,0.38,0.553,,3.6,27,13,9.0,0,49,15,37,6,20,9,0,54,0,0,0.131,2.4,33,2,9,2,2.0,2,7,35,0.273,0.314,0.364,0.678,167,93,-0.131,0.38,0.167,,-2.4,27,10,9.0,3,58,10,25,15,11,8,0,12,1,1,-0.369,-3.6
PHI/PHI201804270,"Friday, April 27, 2018",7:07 p.m. Local,Citizens Bank Park,27076,2:50,Night,Home,Philadelphia Phillies,PHI,Atlanta Braves,ATL,36,3,9,2,3.0,1,8,37,0.25,0.27,0.333,0.604,127,95,-0.216,0.79,0.581,,-1.4,24,7,8.0,3,56,18,21,19,9,2,0,43,0,0,-0.284,-3.1,30,7,9,7,7.88,4,6,36,0.3,0.4,0.633,1.033,134,77,0.283,1.03,0.746,,3.1,27,12,9.0,0,38,11,28,10,15,6,0,54,0,0,0.217,1.4
PHI/PHI201804280,"Saturday, April 28, 2018",6:07 p.m. Local,Citizens Bank Park,27794,3:10,Night,Away,Atlanta Braves,ATL,Philadelphia Phillies,PHI,34,4,9,4,4.0,5,7,40,0.265,0.35,0.412,0.762,151,93,0.118,1.02,0.475,,-0.4,27,7,9.0,1,56,15,22,12,16,3,0,66,2,0,0.382,3.4,31,1,5,1,1.0,5,11,36,0.161,0.278,0.258,0.536,149,99,-0.383,0.59,0.369,,-3.4,27,8,9.0,1,51,22,27,7,13,6,0,42,1,0,-0.117,0.4
PHI/PHI201804290,"Sunday, April 29, 2018",1:39 p.m. Local,Citizens Bank Park,31010,3:26,Day,Away,Atlanta Braves,ATL,Philadelphia Phillies,PHI,39,10,11,10,10.0,6,10,46,0.282,0.391,0.641,1.032,146,103,0.311,0.65,0.639,,5.6,27,9,9.0,0,54,17,32,8,21,6,0,57,2,0,0.191,3.4,31,1,5,1,1.0,5,13,36,0.161,0.278,0.194,0.471,171,96,-0.19,0.42,0.257,,-3.4,27,4,9.0,2,53,16,27,12,6,2,0,26,3,0,-0.31,-5.6
MIA/MIA201804300,"Monday, April 30, 2018",7:10 p.m. Local,Marlins Park,5415,3:06,Night,Home,Miami Marlins,MIA,Philadelphia Phillies,PHI,33,4,8,4,4.0,6,4,39,0.242,0.359,0.485,0.844,140,88,0.008,0.82,0.813,,-0.1,24,13,8.0,1,50,14,25,11,18,8,0,21,1,0,-0.508,-4.4,35,8,13,8,9.0,2,6,37,0.371,0.405,0.6,1.005,155,86,0.511,1.21,0.849,,4.4,27,10,9.0,2,50,7,31,16,13,6,0,31,0,0,-0.009,0.1
MIA/MIA201805010,"Tuesday, May 1, 2018",7:09 p.m. Local,Marlins Park,5844,2:54,Night,Home,Miami Marlins,MIA,Philadelphia Phillies,PHI,37,1,8,1,0.9,3,9,42,0.216,0.293,0.27,0.563,120,90,-0.596,1.54,0.721,,-3.5,28,10,9.1,1,48,14,28,11,18,8,0,66,2,0,0.096,1.7,34,2,7,2,1.93,1,8,35,0.206,0.229,0.382,0.611,137,87,-0.096,1.8,0.88,,-1.7,30,6,10.0,0,50,13,24,10,16,6,0,60,0,0,0.596,3.5
MIA/MIA201805020,"Wednesday, May 2, 2018",7:10 p.m. Local,Marlins Park,5941,2:54,Night,Away,Philadelphia Phillies,PHI,Miami Marlins,MIA,38,6,12,5,5.0,1,7,41,0.316,0.341,0.474,0.815,116,109,0.057,0.85,0.481,,1.9,27,10,9.0,0,70,12,27,15,17,9,0,76,2,0,0.443,4.1,29,0,5,0,0.0,1,7,30,0.172,0.2,0.172,0.372,153,78,-0.445,0.61,0.152,,-4.1,27,9,9.0,1,42,15,21,10,12,8,0,62,0,0,-0.056,-1.9
WAS/WAS201805040,"Friday, May 4, 2018",7:05 p.m. Local,Nationals Park,35497,2:49,Night,Home,Washington Nationals,WSN,Philadelphia Phillies,PHI,34,3,7,3,3.0,2,9,36,0.206,0.25,0.471,0.721,143,92,-0.161,0.34,0.196,,-1.6,24,6,8.0,3,45,15,32,13,12,5,0,17,1,1,-0.339,-2.9,32,7,9,7,7.88,7,8,39,0.281,0.41,0.594,1.004,145,92,0.34,0.52,0.453,,2.9,27,11,9.0,2,53,17,22,8,16,8,0,66,0,0,0.161,1.6
WAS/WAS201805050,"Saturday, May 5, 2018",4:05 p.m. Local,Nationals Park,34687,3:13,Day,Away,Philadelphia Phillies,PHI,Washington Nationals,WSN,32,3,7,3,3.0,6,11,38,0.219,0.342,0.375,0.717,152,93,-0.013,1.28,0.484,,-1.6,27,12,9.0,1,42,20,31,11,10,6,0,61,1,0,0.513,3.6,27,1,2,1,1.0,8,7,36,0.074,0.306,0.185,0.491,160,94,-0.511,0.72,0.522,,-3.6,27,10,9.0,1,58,18,18,10,10,2,0,55,1,0,0.012,1.6
WAS/WAS201805060,"Sunday, May 6, 2018",1:35 p.m. Local,Nationals Park,30611,3:33,Day,Home,Washington Nationals,WSN,Philadelphia Phillies,PHI,36,4,9,4,4.0,2,18,39,0.25,0.308,0.444,0.752,146,108,0.114,1.73,0.958,,-0.6,24,11,8.0,1,51,28,29,5,13,10,0,64,2,1,-0.613,-2.7,29,5,7,5,5.62,6,6,36,0.241,0.389,0.345,0.734,164,88,0.614,1.17,1.368,,2.7,27,5,9.0,1,52,14,23,13,10,3,0,72,2,2,-0.114,0.6
PHI/PHI201805070,"Monday, May 7, 2018",7:07 p.m. Local,Citizens Bank Park,17050,3:05,Night,Home,Philadelphia Phillies,PHI,San Francisco Giants,SFG,32,0,6,0,0.0,4,12,36,0.188,0.278,0.219,0.497,175,96,-0.206,0.33,0.143,,-4.4,24,6,8.0,4,50,17,29,4,16,8,0,34,0,0,-0.294,-7.1,38,11,12,11,11.25,4,6,42,0.316,0.381,0.658,1.039,152,116,0.295,0.49,0.437,,7.1,27,4,9.0,0,65,21,30,14,18,6,0,72,1,0,0.205,4.4
PHI/PHI201805080,"Tuesday, May 8, 2018",7:09 p.m. Local,Citizens Bank Park,22456,2:53,Night,Home,Philadelphia Phillies,PHI,San Francisco Giants,SFG,32,2,6,2,2.0,1,17,33,0.188,0.212,0.313,0.525,125,93,-0.35,0.62,0.307,,-2.4,24,8,8.0,3,38,30,27,7,8,5,0,44,0,0,-0.152,-0.1,30,4,8,4,4.5,3,6,34,0.267,0.353,0.6,0.953,143,74,0.151,0.93,0.572,,0.1,27,7,9.0,1,44,10,20,8,16,5,0,75,1,0,0.348,2.4
PHI/PHI201805090,"Wednesday, May 9, 2018",7:08 p.m. Local,Citizens Bank Park,18448,3:19,Night,Home,Philadelphia Phillies,PHI,San Francisco Giants,SFG,34,3,9,3,3.0,3,11,38,0.265,0.316,0.324,0.639,170,106,-0.249,0.35,0.161,,-1.4,24,6,8.0,1,61,13,32,10,14,7,0,37,5,3,-0.251,-7.1,33,11,10,9,12.38,7,9,41,0.303,0.415,0.455,0.869,175,94,0.252,0.52,0.443,,7.1,27,6,9.0,0,44,12,38,12,13,6,0,66,0,0,0.249,1.4
PHI/PHI201805100,"Thursday, May 10, 2018",1:08 p.m. Local,Citizens Bank Park,30204,2:47,Day,Home,Philadelphia Phillies,PHI,San Francisco Giants,SFG,32,3,5,3,3.0,1,15,33,0.156,0.182,0.375,0.557,151,92,-0.13,0.84,0.354,,-1.4,24,8,8.0,1,43,22,27,8,9,2,0,31,2,1,-0.369,-2.1,34,6,11,6,6.75,3,9,37,0.324,0.378,0.5,0.878,135,97,0.371,0.72,0.837,,2.1,27,5,9.0,2,53,21,23,13,12,6,0,61,0,0,0.13,1.4
PHI/PHI201805110,"Friday, May 11, 2018",7:07 p.m. Local,Citizens Bank Park,29247,2:49,Night,Away,New York Mets,NYM,Philadelphia Phillies,PHI,34,3,9,3,3.0,2,5,36,0.265,0.306,0.471,0.776,153,82,0.167,1.01,1.085,,-1.4,27,11,9.0,1,50,10,22,13,16,6,0,52,0,0,0.332,3.4,32,1,7,1,1.0,4,8,37,0.219,0.324,0.313,0.637,126,96,-0.33,1.24,0.398,,-3.4,27,10,9.0,2,42,15,39,13,11,4,0,71,0,0,-0.169,1.4
PHI/PHI201805130,"Sunday, May 13, 2018",2:34 p.m. Local,Citizens Bank Park,34091,3:19,Day,Home,Philadelphia Phillies,PHI,New York Mets,NYM,34,2,11,2,2.0,3,8,38,0.324,0.395,0.441,0.836,163,93,-0.333,1.25,0.818,,-2.4,24,10,8.0,2,53,18,22,13,13,6,0,52,0,0,-0.168,-0.1,29,4,8,4,4.5,7,7,37,0.276,0.417,0.552,0.968,142,101,0.168,1.41,0.987,,0.1,27,10,9.0,1,62,13,26,11,12,6,0,52,1,0,0.332,2.4
BAL/BAL201805160,"Wednesday, May 16, 2018",12:07 p.m. Local,Oriole Park at Camden Yards,29706,2:42,Day,Away,Philadelphia Phillies,PHI,Baltimore Orioles,BAL,35,4,9,4,4.0,3,8,38,0.257,0.316,0.457,0.773,128,91,0.155,1.1,0.711,,-0.5,27,4,9.0,1,56,11,24,10,17,7,0,79,2,0,0.348,3.5,31,1,4,1,1.0,2,13,33,0.129,0.182,0.29,0.472,144,86,-0.347,0.87,0.382,,-3.5,27,7,9.0,1,40,26,20,5,13,8,0,50,3,2,-0.152,0.5
SLN/SLN201805170,"Thursday, May 17, 2018",6:15 p.m. Local,Busch Stadium III,41039,3:33,Night,Away,Philadelphia Phillies,PHI,St. Louis Cardinals,STL,38,6,11,6,6.0,2,8,40,0.289,0.325,0.474,0.799,150,91,0.041,1.57,0.554,,1.8,27,10,9.0,0,46,18,27,17,13,5,0,66,5,1,0.457,2.2,35,2,10,2,2.0,3,5,40,0.286,0.359,0.314,0.673,139,90,-0.458,0.73,0.795,,-2.2,27,13,9.0,2,55,10,25,16,15,7,0,70,2,1,-0.043,-1.8
SLN/SLN201805180,"Friday, May 18, 2018",8:50 p.m. Local,Busch Stadium III,42050,3:26,Night,Home,St. Louis Cardinals,STL,Philadelphia Phillies,PHI,34,4,7,4,4.0,2,9,36,0.206,0.25,0.412,0.662,180,88,-0.163,0.48,0.212,,-0.2,24,13,8.0,3,54,14,20,12,13,4,0,36,0,0,-0.338,-8.2,36,12,15,11,11.25,5,4,43,0.417,0.488,0.75,1.238,140,110,0.337,0.54,0.669,,8.3,27,11,9.0,2,78,7,25,17,17,8,0,60,0,0,0.162,0.2
SLN/SLN201805190,"Saturday, May 19, 2018",1:18 p.m. Local,Busch Stadium III,44431,3:42,Day,Away,Philadelphia Phillies,PHI,St. Louis Cardinals,STL,35,7,7,6,5.0,5,12,40,0.2,0.3,0.343,0.643,150,116,0.675,1.42,1.287,,2.8,27,4,9.0,1,57,28,31,15,8,4,0,47,1,0,-0.173,-1.8,34,6,7,5,4.0,3,7,38,0.206,0.263,0.353,0.616,180,96,0.173,1.13,1.053,,1.8,27,12,9.0,1,56,16,24,8,20,8,0,44,4,2,-0.675,-2.8
SLN/SLN201805200,"Sunday, May 20, 2018",1:16 p.m. Local,Busch Stadium III,43560,2:53,Day,Home,St. Louis Cardinals,STL,Philadelphia Phillies,PHI,29,1,2,1,1.0,3,14,32,0.069,0.156,0.172,0.329,129,97,-0.291,0.78,0.196,,-3.2,24,8,8.0,1,52,22,23,6,9,1,0,47,0,0,-0.209,-1.2,32,5,10,4,5.62,1,8,35,0.312,0.324,0.469,0.792,148,89,0.209,0.66,0.572,,1.3,27,7,9.0,1,46,17,26,10,16,9,0,83,1,0,0.29,3.2
PHI/PHI201805210,"Monday, May 21, 2018",7:07 p.m. Local,Citizens Bank Park,21284,2:33,Night,Home,Philadelphia Phillies,PHI,Atlanta Braves,ATL,32,0,5,0,0.0,1,9,33,0.156,0.182,0.156,0.338,138,89,-0.531,0.75,0.213,,-4.4,24,8,8.0,2,49,16,24,9,14,6,0,59,0,0,0.03,0.9,31,3,8,3,3.38,3,7,34,0.258,0.324,0.484,0.807,133,84,-0.03,0.99,0.478,,-0.9,27,7,9.0,0,42,14,28,10,14,5,0,75,0,0,0.53,4.4
PHI/PHI201805220,"Tuesday, May 22, 2018",7:09 p.m. Local,Citizens Bank Park,18545,3:18,Night,Away,Atlanta Braves,ATL,Philadelphia Phillies,PHI,36,3,10,2,1.0,3,14,39,0.278,0.333,0.389,0.722,133,100,-0.092,1.54,0.709,,-1.4,27,8,9.0,0,49,24,27,12,10,4,0,60,1,0,0.593,3.4,33,1,7,1,1.0,2,9,35,0.212,0.257,0.273,0.53,155,87,-0.593,1.09,0.515,,-3.4,27,6,9.0,1,46,16,25,14,10,3,0,51,2,0,0.094,1.4
PHI/PHI201805230,"Wednesday, May 23, 2018",7:07 p.m. Local,Citizens Bank Park,27647,2:51,Night,Home,Philadelphia Phillies,PHI,Atlanta Braves,ATL,33,0,8,0,0.0,2,9,35,0.242,0.286,0.303,0.589,135,95,-0.423,0.77,0.313,,-4.4,24,7,8.0,0,55,18,22,12,12,9,0,48,1,0,-0.077,-0.1,31,4,8,4,4.5,5,8,37,0.258,0.361,0.323,0.684,139,85,0.076,0.87,0.493,,0.1,27,10,9.0,0,46,18,21,11,13,5,0,66,2,0,0.423,4.4
PHI/PHI201805250,"Friday, May 25, 2018",7:07 p.m. Local,Citizens Bank Park,21374,2:59,Night,Away,Toronto Blue Jays,TOR,Philadelphia Phillies,PHI,37,6,11,6,5.0,1,11,38,0.297,0.316,0.486,0.802,146,93,0.256,1.91,0.582,,1.6,27,9,9.0,2,50,18,25,13,13,9,0,58,0,0,0.245,-0.6,34,5,7,4,5.0,5,10,39,0.206,0.308,0.5,0.808,145,93,-0.243,0.53,0.987,,0.6,27,10,9.0,1,50,20,23,10,14,5,0,30,2,1,-0.255,-1.6
PHI/PHI201805260,"Saturday, May 26, 2018",4:34 p.m. Local,Citizens Bank Park,26788,2:25,Day,Home,Philadelphia Phillies,PHI,Toronto Blue Jays,TOR,28,1,3,1,1.0,3,12,31,0.107,0.194,0.107,0.301,88,82,-0.513,0.88,0.473,,-3.4,24,10,8.0,2,37,20,25,14,2,0,0,68,0,0,0.014,1.9,30,2,6,2,2.25,0,5,31,0.2,0.226,0.4,0.626,135,62,-0.014,1.48,0.507,,-1.9,27,12,9.0,0,34,10,18,13,12,2,0,75,2,0,0.515,3.4
PHI/PHI201805270,"Sunday, May 27, 2018",1:42 p.m. Local,Citizens Bank Park,24182,2:50,Day,Away,Toronto Blue Jays,TOR,Philadelphia Phillies,PHI,33,5,8,5,5.0,5,13,38,0.242,0.342,0.394,0.736,130,90,0.089,1.41,0.685,,0.6,27,8,9.0,0,42,19,29,8,12,8,0,58,0,0,0.41,1.4,32,3,6,2,2.0,3,10,35,0.188,0.257,0.219,0.476,149,83,-0.41,0.89,0.603,,-1.4,27,8,9.0,1,46,13,24,11,11,3,0,56,2,0,-0.09,-0.6
LAN/LAN201805280,"Monday, May 28, 2018",5:11 p.m. Local,Dodger Stadium,39759,3:32,Night,Home,Los Angeles Dodgers,LAD,Philadelphia Phillies,PHI,33,4,7,3,3.0,2,10,38,0.212,0.278,0.364,0.641,148,101,0.003,1.3,0.494,,-0.3,24,8,8.0,0,56,20,24,11,13,4,0,59,4,1,-0.504,-1.2,31,5,7,5,4.5,2,11,33,0.226,0.273,0.29,0.563,153,93,0.503,0.78,1.009,,1.2,27,8,9.0,1,42,21,30,10,10,4,0,41,0,0,-0.003,0.3
LAN/LAN201805290,"Tuesday, May 29, 2018",7:11 p.m. Local,Dodger Stadium,40044,3:26,Night,Away,Philadelphia Phillies,PHI,Los Angeles Dodgers,LAD,38,6,12,6,6.0,5,10,43,0.316,0.395,0.553,0.948,136,114,0.182,0.94,0.525,,1.7,27,10,9.0,0,66,20,28,11,17,7,0,68,2,0,0.318,3.3,34,1,9,1,1.0,2,7,36,0.265,0.306,0.294,0.6,169,83,-0.319,0.54,0.37,,-3.3,27,7,9.0,1,46,14,23,15,12,5,0,42,1,1,-0.182,-1.7
LAN/LAN201805300,"Wednesday, May 30, 2018",7:10 p.m. Local,Dodger Stadium,43302,3:03,Night,Home,Los Angeles Dodgers,LAD,Philadelphia Phillies,PHI,35,2,8,2,2.0,2,13,38,0.229,0.289,0.343,0.632,151,99,-0.22,0.31,0.133,,-2.3,24,9,8.0,2,49,24,26,10,12,4,0,32,0,0,-0.279,-4.2,35,8,13,8,9.0,4,10,42,0.371,0.415,0.6,1.015,149,98,0.277,0.45,0.486,,4.2,27,6,9.0,1,48,18,32,13,15,8,0,72,0,0,0.221,2.3
LAN/LAN201805310,"Thursday, May 31, 2018",4:36 p.m. Local,Dodger Stadium,40986,2:40,Day,Away,Philadelphia Phillies,PHI,Los Angeles Dodgers,LAD,31,2,6,2,2.0,1,12,32,0.194,0.219,0.226,0.445,134,80,-0.132,1.34,0.453,,-2.3,27,8,9.0,0,43,12,25,7,12,6,0,75,0,0,0.634,3.3,30,1,2,1,1.0,1,9,31,0.067,0.097,0.1,0.197,118,88,-0.635,0.93,0.259,,-3.3,27,8,9.0,0,50,12,26,12,9,4,0,59,0,0,0.133,2.3
SFN/SFN201806010,"Friday, June 1, 2018",7:15 p.m. Local,AT&T Park,38119,2:49,Night,Home,San Francisco Giants,SFG,Philadelphia Phillies,PHI,31,0,6,0,0.0,1,13,33,0.194,0.219,0.226,0.445,155,92,-0.358,0.59,0.208,,-4.0,24,7,8.0,0,44,19,29,12,7,2,0,40,0,0,-0.143,-0.4,32,4,9,3,4.5,3,8,38,0.281,0.361,0.375,0.736,136,99,0.142,0.85,0.46,,0.4,27,8,9.0,0,61,20,18,15,11,5,0,70,0,0,0.357,4.0
SFN/SFN201806020,"Saturday, June 2, 2018",7:04 p.m. Local,AT&T Park,39208,2:24,Night,Home,San Francisco Giants,SFG,Philadelphia Phillies,PHI,30,0,3,0,0.0,0,5,30,0.1,0.1,0.167,0.267,120,74,-0.611,0.96,0.203,,-4.0,24,8,8.0,0,44,11,19,13,12,2,0,67,3,1,0.112,1.6,30,2,7,2,2.25,1,12,32,0.233,0.25,0.3,0.55,103,84,-0.112,1.2,0.427,,-1.6,27,12,9.0,0,41,22,21,13,7,4,0,76,0,0,0.612,4.0
SFN/SFN201806030,"Sunday, June 3, 2018",1:11 p.m. Local,AT&T Park,40491,2:28,Day,Home,San Francisco Giants,SFG,Philadelphia Phillies,PHI,33,1,6,1,1.0,3,11,36,0.182,0.25,0.273,0.523,111,83,-0.211,0.97,0.345,,-3.0,24,10,8.0,2,46,18,19,8,14,7,0,40,0,0,-0.288,-2.4,31,6,11,6,6.75,0,5,31,0.355,0.355,0.581,0.935,125,78,0.289,0.8,0.78,,2.4,27,8,9.0,1,51,10,17,11,15,8,0,62,0,0,0.213,3.0
CHN/CHN201806050,"Tuesday, June 5, 2018",7:05 p.m. Local,Wrigley Field,40553,2:46,Night,Away,Philadelphia Phillies,PHI,Chicago Cubs,CHC,35,6,9,6,6.0,6,7,42,0.257,0.357,0.371,0.729,121,97,0.257,0.52,0.431,,1.5,27,12,9.0,0,57,17,23,16,13,6,0,60,2,0,0.244,3.5,33,1,8,1,1.0,2,3,36,0.242,0.286,0.303,0.589,155,82,-0.244,0.39,0.19,,-3.5,27,9,9.0,1,52,12,18,13,18,6,0,39,0,0,-0.257,-1.5
CHN/CHN201806060,"Wednesday, June 6, 2018",7:06 p.m. Local,Wrigley Field,40275,3:20,Night,Home,Chicago Cubs,CHC,Philadelphia Phillies,PHI,33,5,6,5,5.0,4,16,38,0.182,0.289,0.364,0.653,148,94,0.239,1.56,0.95,,0.5,26,11,8.2,2,42,26,26,9,8,4,0,54,2,2,-0.74,-2.6,31,7,6,7,7.27,6,9,38,0.194,0.316,0.452,0.767,152,94,0.739,1.09,1.602,,2.6,27,7,9.0,2,52,18,24,14,9,3,0,63,4,2,-0.239,-0.5
CHN/CHN201806070,"Thursday, June 7, 2018",1:22 p.m. Local,Wrigley Field,40057,3:20,Day,Home,Chicago Cubs,CHC,Philadelphia Phillies,PHI,33,3,6,3,2.0,9,12,43,0.182,0.372,0.212,0.584,123,111,-0.394,1.06,0.824,,-1.5,24,7,8.0,1,60,22,29,14,7,5,0,44,0,0,-0.105,0.0,27,4,6,4,4.5,1,9,31,0.222,0.241,0.37,0.612,190,80,0.105,1.61,0.593,,-0.0,27,11,9.0,0,40,16,24,8,11,3,0,51,4,0,0.396,1.5
PHI/PHI201806080,"Friday, June 8, 2018",7:10 p.m. Local,Citizens Bank Park,22196,3:27,Night,Away,Milwaukee Brewers,MIL,Philadelphia Phillies,PHI,38,12,13,12,12.0,4,11,44,0.342,0.405,0.684,1.089,152,113,0.394,0.2,0.504,,7.6,27,3,9.0,1,69,16,28,15,14,7,0,53,2,1,0.106,0.4,33,4,8,4,4.0,2,11,38,0.242,0.289,0.424,0.714,164,100,-0.104,0.24,0.061,,-0.4,27,8,9.0,3,56,16,28,4,20,7,0,5,1,1,-0.393,-7.6
PHI/PHI201806090,"Saturday, June 9, 2018",1:07 p.m. Local,Citizens Bank Park,25304,3:31,Day,Away,Milwaukee Brewers,MIL,Philadelphia Phillies,PHI,40,12,13,12,10.0,3,7,46,0.325,0.4,0.65,1.05,153,122,0.548,0.58,1.147,,7.6,27,7,9.0,1,75,19,27,14,19,10,0,51,0,0,-0.048,1.4,31,3,6,3,3.0,3,8,36,0.194,0.286,0.323,0.608,194,101,0.047,0.87,0.413,,-1.4,27,12,9.0,3,57,21,23,6,18,5,0,43,4,3,-0.547,-7.6
PHI/PHI201806100,"Sunday, June 10, 2018",1:36 p.m. Local,Citizens Bank Park,31175,2:57,Day,Home,Philadelphia Phillies,PHI,Milwaukee Brewers,MIL,35,3,8,3,3.0,1,14,38,0.229,0.289,0.286,0.575,133,100,-0.284,0.91,0.825,,-1.4,24,11,8.0,0,49,21,30,12,9,4,0,59,0,0,-0.217,-0.1,28,4,4,4,1.12,4,6,34,0.143,0.242,0.179,0.421,148,83,0.218,1.72,0.546,,0.1,27,8,9.0,0,43,12,28,15,9,4,0,66,2,0,0.284,1.4
PHI/PHI201806120,"Tuesday, June 12, 2018",7:09 p.m. Local,Citizens Bank Park,19556,3:07,Night,Home,Philadelphia Phillies,PHI,Colorado Rockies,COL,37,4,11,4,4.0,0,13,39,0.297,0.308,0.351,0.659,134,112,-0.288,0.4,0.7,,-0.4,24,9,8.0,1,58,26,28,13,13,9,0,56,0,0,-0.212,-1.1,27,5,4,5,5.62,5,12,33,0.148,0.273,0.259,0.532,156,79,0.212,1.37,0.374,,1.1,27,8,9.0,0,35,18,26,9,7,6,0,72,5,3,0.288,0.4
PHI/PHI201806130,"Wednesday, June 13, 2018",7:08 p.m. Local,Citizens Bank Park,20075,2:55,Night,Away,Colorado Rockies,COL,Philadelphia Phillies,PHI,35,7,11,7,7.0,4,10,41,0.314,0.375,0.457,0.832,139,96,0.277,0.45,0.496,,2.6,27,7,9.0,2,51,18,27,12,15,8,0,67,0,0,0.224,2.4,34,2,7,2,2.0,1,9,35,0.206,0.229,0.441,0.67,150,97,-0.223,0.43,0.139,,-2.4,27,9,9.0,1,51,23,23,8,17,6,0,29,0,0,-0.275,-2.6
PHI/PHI201806140,"Thursday, June 14, 2018",1:06 p.m. Local,Citizens Bank Park,22500,3:21,Day,Home,Philadelphia Phillies,PHI,Colorado Rockies,COL,29,3,3,3,3.0,2,9,31,0.103,0.161,0.241,0.403,169,85,-0.234,0.56,0.235,,-1.4,24,6,8.0,2,55,14,16,8,12,5,0,40,5,4,-0.267,-5.1,36,9,13,8,10.12,3,8,39,0.361,0.41,0.667,1.077,139,107,0.266,0.67,0.577,,5.1,27,9,9.0,1,59,17,31,8,20,13,0,68,1,1,0.233,1.4
MIL/MIL201806150,"Friday, June 15, 2018",7:10 p.m. Local,Miller Park,40945,2:51,Night,Home,Milwaukee Brewers,MIL,Philadelphia Phillies,PHI,32,2,8,2,2.0,2,6,35,0.25,0.314,0.375,0.689,166,94,-0.155,0.41,0.092,,-2.4,24,11,8.0,3,50,13,31,10,16,8,0,21,0,0,-0.345,-9.1,38,13,13,11,10.12,4,7,44,0.342,0.409,0.632,1.041,144,97,0.345,0.28,0.488,,9.1,27,9,9.0,1,61,17,19,17,15,9,0,63,0,0,0.156,2.4
MIL/MIL201806160,"Saturday, June 16, 2018",3:11 p.m. Local,Miller Park,40531,3:32,Day,Away,Philadelphia Phillies,PHI,Milwaukee Brewers,MIL,36,4,9,4,4.0,10,14,46,0.25,0.413,0.472,0.885,133,109,0.14,1.0,0.807,,-0.4,27,8,9.0,0,50,29,30,8,14,7,0,62,0,0,0.361,3.4,30,1,5,1,1.0,1,9,32,0.167,0.219,0.2,0.419,187,91,-0.362,0.89,0.328,,-3.4,27,5,9.0,2,52,19,22,10,11,5,0,52,4,1,-0.139,0.4
MIL/MIL201806170,"Sunday, June 17, 2018",1:10 p.m. Local,Miller Park,40985,4:02,Day,Away,Philadelphia Phillies,PHI,Milwaukee Brewers,MIL,37,10,12,10,10.0,5,9,43,0.324,0.419,0.649,1.067,180,91,0.68,1.34,1.151,,5.6,27,7,9.0,3,46,18,27,12,16,10,0,33,5,1,-0.182,-4.6,37,9,13,9,9.0,7,11,47,0.351,0.457,0.757,1.213,159,116,0.182,0.96,1.248,,4.6,27,11,9.0,3,55,24,37,7,21,10,0,37,4,2,-0.682,-5.6
PHI/PHI201806180,"Monday, June 18, 2018",7:09 p.m. Local,Citizens Bank Park,22083,3:39,Night,Home,Philadelphia Phillies,PHI,St. Louis Cardinals,STL,41,5,9,4,4.5,1,19,42,0.22,0.238,0.512,0.75,175,118,0.329,1.2,1.288,,0.1,29,10,9.2,1,51,32,35,8,14,5,0,41,0,0,-0.827,-1.4,37,6,8,6,5.59,5,8,42,0.216,0.31,0.351,0.661,168,109,0.827,1.32,1.439,,1.4,30,8,10.0,3,62,22,25,15,14,8,0,74,4,1,-0.329,-0.1
PHI/PHI201806190,"Tuesday, June 19, 2018",7:08 p.m. Local,Citizens Bank Park,21122,3:16,Night,Away,St. Louis Cardinals,STL,Philadelphia Phillies,PHI,34,7,8,7,7.0,3,11,38,0.235,0.316,0.559,0.875,154,93,0.763,1.3,1.448,,2.6,27,10,9.0,2,42,17,35,8,15,5,0,39,2,2,-0.262,-1.6,34,6,9,6,6.0,5,9,42,0.265,0.375,0.471,0.846,136,100,0.262,1.1,1.126,,1.6,27,8,9.0,3,51,15,34,14,13,6,0,54,2,2,-0.762,-2.6
PHI/PHI201806200,"Wednesday, June 20, 2018",1:07 p.m. Local,Citizens Bank Park,26120,3:08,Day,Home,Philadelphia Phillies,PHI,St. Louis Cardinals,STL,34,3,7,3,3.0,3,8,38,0.206,0.289,0.412,0.701,139,97,-0.323,1.09,0.915,,-1.4,24,8,8.0,2,59,11,27,10,16,4,0,41,1,0,-0.177,-0.1,33,4,9,4,2.25,2,10,36,0.273,0.306,0.515,0.821,149,94,0.178,1.69,0.854,,0.1,27,10,9.0,2,52,20,22,10,14,7,0,55,2,0,0.323,1.4
WAS/WAS201806220,"Friday, June 22, 2018",7:05 p.m. Local,Nationals Park,35630,3:30,Night,Away,Philadelphia Phillies,PHI,Washington Nationals,WSN,41,12,15,11,12.0,8,13,49,0.366,0.469,0.61,1.079,143,138,0.423,0.75,0.742,,7.4,27,7,9.0,0,72,26,40,9,19,11,0,51,1,0,0.077,2.6,33,2,8,2,2.0,2,7,36,0.242,0.278,0.364,0.641,226,91,-0.077,0.54,0.398,,-2.6,27,8,9.0,3,59,14,18,12,15,3,0,28,3,1,-0.422,-7.4
WAS/WAS201806230,"Saturday, June 23, 2018",4:05 p.m. Local,Nationals Park,40341,3:03,Day,Away,Philadelphia Phillies,PHI,Washington Nationals,WSN,33,5,10,5,5.0,4,7,38,0.303,0.368,0.455,0.823,138,88,0.125,1.16,0.806,,0.4,27,11,9.0,1,48,18,22,17,10,4,0,58,0,0,0.374,1.6,32,3,6,3,3.0,3,7,35,0.188,0.257,0.313,0.57,144,88,-0.375,1.07,0.467,,-1.6,27,12,9.0,1,47,14,29,13,12,4,0,45,1,1,-0.125,-0.4
WAS/WAS201806240,"Sunday, June 24, 2018",8:07 p.m. Local,Nationals Park,29314,3:47,Night,Home,Washington Nationals,WSN,Philadelphia Phillies,PHI,34,6,9,6,6.0,4,5,39,0.265,0.359,0.529,0.888,163,113,0.212,1.73,0.752,,1.4,24,11,8.0,1,68,19,26,17,12,3,0,48,4,2,-0.711,-3.9,39,8,17,8,9.0,4,8,43,0.436,0.488,0.667,1.155,177,107,0.712,0.85,1.961,,3.9,27,14,9.0,2,61,16,30,15,16,10,0,36,2,2,-0.21,-1.4
PHI/PHI201806250,"Monday, June 25, 2018",7:08 p.m. Local,Citizens Bank Park,44136,3:20,Night,Away,New York Yankees,NYY,Philadelphia Phillies,PHI,33,4,7,4,4.0,6,12,39,0.212,0.333,0.333,0.667,154,97,0.082,1.44,0.595,,-0.4,27,10,9.0,1,47,24,26,10,11,4,0,72,5,0,0.419,2.4,30,2,3,2,2.0,5,15,35,0.1,0.229,0.2,0.429,150,97,-0.418,0.77,0.541,,-2.4,27,6,9.0,1,43,28,26,8,7,3,0,61,3,2,-0.081,0.4
PHI/PHI201806260,"Tuesday, June 26, 2018",7:07 p.m. Local,Citizens Bank Park,43568,2:38,Night,Away,New York Yankees,NYY,Philadelphia Phillies,PHI,36,6,10,6,3.0,2,8,40,0.278,0.325,0.5,0.825,141,79,0.277,0.41,0.533,,1.6,27,6,9.0,0,42,21,16,14,15,8,0,74,0,0,0.223,4.4,32,0,6,0,0.0,1,10,33,0.188,0.212,0.219,0.431,128,94,-0.223,0.48,0.099,,-4.4,27,11,9.0,2,46,22,26,9,13,7,0,35,0,0,-0.277,-1.6
PHI/PHI201806270,"Wednesday, June 27, 2018",7:06 p.m. Local,Citizens Bank Park,42028,2:43,Night,Home,Philadelphia Phillies,PHI,New York Yankees,NYY,30,0,4,0,0.0,2,9,32,0.133,0.188,0.133,0.321,150,87,-0.4,0.69,0.15,,-4.4,24,7,8.0,1,40,18,29,10,11,5,0,37,0,0,-0.1,0.9,31,3,8,3,3.38,2,10,34,0.258,0.303,0.419,0.722,117,100,0.101,0.79,0.491,,-0.9,27,9,9.0,0,54,16,30,11,11,6,0,73,0,0,0.4,4.4
PHI/PHI201806280,"Thursday, June 28, 2018",7:08 p.m. Local,Citizens Bank Park,25026,3:09,Night,Home,Philadelphia Phillies,PHI,Washington Nationals,WSN,33,3,7,2,3.0,2,10,36,0.212,0.257,0.273,0.53,140,89,-0.421,0.99,0.495,,-1.4,24,12,8.0,1,45,19,25,8,16,8,0,54,0,0,-0.079,-0.1,29,4,9,3,3.38,3,6,36,0.31,0.4,0.517,0.917,135,85,0.078,1.31,0.589,,0.1,27,5,9.0,0,52,12,21,14,11,4,0,71,3,1,0.421,1.4
PHI/PHI201806290,"Friday, June 29, 2018",7:07 p.m. Local,Citizens Bank Park,36903,3:43,Night,Away,Washington Nationals,WSN,Philadelphia Phillies,PHI,44,17,18,17,17.0,7,12,52,0.409,0.481,0.955,1.435,173,128,0.439,0.26,0.519,,12.6,27,14,9.0,3,70,25,33,10,23,9,0,31,0,0,0.062,-2.6,35,7,10,6,7.0,5,6,40,0.286,0.375,0.629,1.004,213,108,-0.064,0.18,0.145,,2.6,27,5,9.0,7,65,14,29,13,16,6,0,13,3,0,-0.437,-12.6
PHI/PHI201806300,"Saturday, June 30, 2018",6:07 p.m. Local,Citizens Bank Park,42746,3:20,Night,Home,Philadelphia Phillies,PHI,Washington Nationals,WSN,33,2,8,2,2.0,3,9,37,0.242,0.324,0.394,0.718,146,96,-0.489,0.84,0.703,,-2.4,24,5,8.0,1,52,14,31,12,12,5,0,40,2,0,-0.013,0.9,31,3,7,3,3.38,3,8,34,0.226,0.294,0.484,0.778,153,92,0.011,1.55,0.568,,-0.9,27,11,9.0,1,53,15,24,5,18,7,0,48,2,0,0.487,2.4
PHI/PHI201807010,"Sunday, July 1, 2018",1:39 p.m. Local,Citizens Bank Park,22051,4:28,Day,Home,Philadelphia Phillies,PHI,Washington Nationals,WSN,42,3,8,3,1.38,8,9,51,0.19,0.314,0.214,0.528,189,131,-0.851,1.78,0.972,,-3.4,37,12,12.1,1,81,18,33,23,11,7,0,49,3,0,0.35,2.2,42,4,7,4,2.92,6,12,49,0.167,0.265,0.238,0.503,207,120,-0.35,1.8,1.267,,-2.2,39,20,13.0,0,72,25,23,14,17,6,0,49,3,0,0.85,3.4
PHI/PHI201807030,"Tuesday, July 3, 2018",8:30 p.m. Local,Citizens Bank Park,28204,2:45,Night,Home,Philadelphia Phillies,PHI,Baltimore Orioles,BAL,34,2,7,1,2.0,2,9,36,0.206,0.25,0.353,0.603,123,85,-0.49,0.96,0.688,,-2.4,24,7,8.0,0,50,15,20,12,13,4,0,56,3,0,-0.009,0.9,29,3,5,3,3.38,4,6,35,0.172,0.294,0.31,0.604,125,80,0.008,1.81,0.571,,-0.9,27,10,9.0,1,44,15,21,10,14,6,0,65,1,0,0.491,2.4
PHI/PHI201807040,"Wednesday, July 4, 2018",4:11 p.m. Local,Citizens Bank Park,30943,2:55,Day,Home,Philadelphia Phillies,PHI,Baltimore Orioles,BAL,33,1,7,1,1.0,3,12,37,0.212,0.297,0.273,0.57,128,99,-0.383,0.8,0.412,,-3.4,24,7,8.0,1,49,21,29,10,11,7,0,61,0,0,-0.118,-0.1,27,4,3,3,3.38,3,7,30,0.111,0.2,0.259,0.459,139,79,0.117,1.05,0.546,,0.1,27,10,9.0,0,43,18,20,8,12,4,0,66,0,0,0.381,3.4
PIT/PIT201807060,"Friday, July 6, 2018",7:06 p.m. Local,PNC Park,24846,4:30,Night,Away,Philadelphia Phillies,PHI,Pittsburgh Pirates,PIT,44,17,18,17,17.0,10,12,57,0.409,0.526,0.659,1.185,185,137,0.555,0.85,1.011,,12.8,27,12,9.0,0,78,23,36,13,20,9,0,40,3,0,-0.055,-0.8,39,5,12,5,3.0,4,8,45,0.308,0.4,0.436,0.836,236,110,0.057,0.72,0.762,,0.8,27,7,9.0,2,66,20,24,18,13,7,0,25,7,2,-0.556,-12.8
PIT/PIT201807070,"Saturday, July 7, 2018",4:05 p.m. Local,PNC Park,28150,2:48,Day,Away,Philadelphia Phillies,PHI,Pittsburgh Pirates,PIT,34,3,9,3,3.0,2,8,36,0.265,0.306,0.382,0.688,135,91,0.075,1.33,0.772,,-1.2,27,7,9.0,1,49,14,28,10,16,9,0,64,0,0,0.424,2.2,35,2,8,2,2.0,1,12,36,0.229,0.25,0.343,0.593,124,98,-0.425,1.06,0.614,,-2.2,27,9,9.0,0,55,18,25,9,14,4,0,58,1,1,-0.076,1.2
PIT/PIT201807080,"Sunday, July 8, 2018",1:36 p.m. Local,PNC Park,19542,2:42,Day,Home,Pittsburgh Pirates,PIT,Philadelphia Phillies,PHI,30,1,4,1,1.0,1,12,34,0.133,0.212,0.233,0.445,132,84,-0.275,0.76,0.371,,-3.2,24,10,8.0,0,37,23,24,10,9,3,0,38,0,0,-0.223,-0.3,33,4,9,4,4.5,2,6,35,0.273,0.314,0.364,0.678,125,90,0.222,1.01,0.616,,0.3,27,8,9.0,1,55,14,21,15,12,6,0,64,0,0,0.277,3.2
NYN/NYN201807091,"Monday, July 9, 2018",4:11 p.m. Local,Citi Field,,3:24,Day,Home,New York Mets,NYM,Philadelphia Phillies,PHI,38,3,10,3,2.7,7,13,45,0.263,0.378,0.342,0.72,139,116,-0.398,1.21,1.15,,-1.4,27,8,9.0,2,62,25,29,13,12,2,0,49,0,0,-0.101,-0.0,33,4,7,3,4.0,0,5,34,0.212,0.212,0.455,0.667,194,95,0.101,1.89,0.92,,0.0,30,9,10.0,1,57,16,22,12,17,4,0,43,5,0,0.399,1.4
NYN/NYN201807092,"Monday, July 9, 2018",8:08 p.m. Local,Citi Field,24139,2:41,Night,Away,Philadelphia Phillies,PHI,New York Mets,NYM,29,3,2,3,3.0,4,11,33,0.069,0.182,0.103,0.285,141,92,0.074,0.79,0.464,,-1.0,27,3,9.0,0,54,11,27,9,9,3,0,84,2,0,0.425,3.0,29,1,2,1,1.0,2,13,32,0.069,0.156,0.103,0.26,136,100,-0.427,0.81,0.109,,-3.0,27,7,9.0,0,49,23,28,7,9,5,0,62,0,0,-0.075,1.0
NYN/NYN201807100,"Tuesday, July 10, 2018",7:11 p.m. Local,Citi Field,22416,2:50,Night,Away,Philadelphia Phillies,PHI,New York Mets,NYM,35,7,13,7,7.0,2,8,41,0.371,0.436,0.571,1.007,125,96,0.335,0.52,0.561,,3.0,27,8,9.0,0,56,15,26,10,19,8,0,54,1,1,0.165,1.0,31,3,7,3,3.0,3,8,35,0.226,0.286,0.387,0.673,155,79,-0.164,0.39,0.211,,-1.0,27,9,9.0,2,44,12,23,7,17,9,0,28,1,0,-0.335,-3.0
NYN/NYN201807110,"Wednesday, July 11, 2018",7:11 p.m. Local,Citi Field,22137,3:07,Night,Home,New York Mets,NYM,Philadelphia Phillies,PHI,35,0,6,0,0.0,2,7,37,0.171,0.216,0.2,0.416,145,89,-0.774,1.46,0.272,,-4.4,29,9,9.2,1,52,15,22,13,15,5,0,70,2,0,0.274,1.3,32,3,4,3,2.79,4,4,36,0.125,0.222,0.25,0.472,134,87,-0.274,1.31,0.659,,-1.3,30,10,10.0,0,61,15,12,7,21,6,0,78,0,0,0.773,4.4
BAL/BAL201807120,"Thursday, July 12, 2018",6:08 p.m. Local,Oriole Park at Camden Yards,20100,3:04,Night,Away,Philadelphia Phillies,PHI,Baltimore Orioles,BAL,40,5,14,5,5.0,1,3,42,0.35,0.381,0.475,0.856,133,108,0.111,1.22,0.638,,0.5,27,12,9.0,2,70,16,22,20,17,7,0,58,1,0,0.389,0.5,34,4,7,4,4.0,1,9,35,0.206,0.229,0.412,0.64,142,85,-0.389,0.85,0.568,,-0.5,27,16,9.0,1,48,18,19,14,11,5,0,24,5,0,-0.111,-0.5
MIA/MIA201807130,"Friday, July 13, 2018",7:11 p.m. Local,Marlins Park,8090,2:34,Night,Away,Philadelphia Phillies,PHI,Miami Marlins,MIA,34,2,8,2,2.0,2,12,36,0.235,0.278,0.353,0.631,128,90,-0.195,1.28,0.371,,-2.1,27,15,9.0,0,46,9,35,8,14,5,0,71,0,0,0.695,4.1,26,0,3,0,0.0,4,4,30,0.115,0.233,0.154,0.387,139,75,-0.695,0.82,0.237,,-4.1,27,7,9.0,1,47,6,22,10,12,8,0,65,0,0,0.194,2.1
MIA/MIA201807140,"Saturday, July 14, 2018",4:10 p.m. Local,Marlins Park,14793,3:00,Day,Home,Miami Marlins,MIA,Philadelphia Phillies,PHI,33,0,8,0,0.0,2,5,36,0.242,0.286,0.273,0.558,127,97,-0.513,0.68,0.408,,-4.1,24,12,8.0,0,56,18,23,12,17,8,0,60,1,0,0.014,1.6,29,2,4,2,2.25,2,6,32,0.138,0.219,0.138,0.357,151,86,-0.015,1.26,0.322,,-1.6,27,9,9.0,0,46,6,34,17,6,2,0,66,0,0,0.514,4.1
MIA/MIA201807150,"Sunday, July 15, 2018",1:10 p.m. Local,Marlins Park,8829,2:58,Day,Home,Miami Marlins,MIA,Philadelphia Phillies,PHI,31,5,4,5,5.0,5,10,36,0.129,0.25,0.226,0.476,145,88,0.138,0.94,0.557,,0.9,24,10,8.0,2,43,14,31,9,12,6,0,30,6,4,-0.638,-6.4,37,10,15,9,11.25,2,5,42,0.405,0.452,0.622,1.074,149,94,0.637,0.84,1.14,,6.4,27,6,9.0,0,60,13,21,15,18,10,0,34,1,0,-0.139,-0.9
PHI/PHI201807200,"Friday, July 20, 2018",7:07 p.m. Local,Citizens Bank Park,30034,3:15,Night,Home,Philadelphia Phillies,PHI,San Diego Padres,SDP,35,5,9,4,4.0,5,10,40,0.257,0.35,0.314,0.664,135,115,-0.001,0.75,0.853,,0.6,24,9,8.0,1,64,17,34,7,18,11,0,22,1,0,-0.498,-7.1,34,11,12,10,12.38,4,8,38,0.353,0.421,0.471,0.892,180,80,0.498,1.16,0.791,,7.1,27,8,9.0,0,44,12,24,14,12,5,0,29,2,0,0.003,-0.6
PHI/PHI201807221,"Sunday, July 22, 2018",12:09 p.m. Local,Citizens Bank Park,29392,3:10,Day,Away,San Diego Padres,SDP,Philadelphia Phillies,PHI,41,10,15,9,7.0,1,13,43,0.366,0.372,0.537,0.909,148,114,0.36,0.94,0.657,,5.6,27,10,9.0,1,60,21,33,13,16,3,0,51,0,0,0.141,2.4,34,2,6,2,2.0,4,11,40,0.176,0.3,0.294,0.594,170,95,-0.139,0.52,0.473,,-2.4,27,6,9.0,1,44,14,37,12,11,5,0,41,5,3,-0.361,-5.6
PHI/PHI201807222,"Sunday, July 22, 2018",6:06 p.m. Local,Citizens Bank Park,25054,2:41,Night,Home,Philadelphia Phillies,PHI,San Diego Padres,SDP,28,0,2,0,0.0,1,8,30,0.071,0.133,0.071,0.205,138,71,-0.473,0.73,0.23,,-4.4,24,6,8.0,2,36,15,20,11,9,3,0,55,2,2,-0.027,-1.1,32,5,8,5,5.62,3,9,36,0.25,0.333,0.469,0.802,105,87,0.025,1.04,0.496,,1.1,27,10,9.0,0,45,19,23,7,16,5,0,79,0,0,0.474,4.4
PHI/PHI201807230,"Monday, July 23, 2018",7:08 p.m. Local,Citizens Bank Park,33753,3:43,Night,Away,Los Angeles Dodgers,LAD,Philadelphia Phillies,PHI,35,7,10,6,7.0,6,8,42,0.286,0.381,0.714,1.095,156,114,0.533,1.14,1.264,,2.6,27,8,9.0,4,66,23,25,9,19,8,0,36,0,0,-0.032,-1.6,35,6,8,6,6.0,0,12,35,0.229,0.229,0.6,0.829,188,102,0.032,1.31,0.86,,1.6,27,8,9.0,4,55,25,22,8,15,5,0,34,6,1,-0.533,-2.6
PHI/PHI201807240,"Tuesday, July 24, 2018",7:19 p.m. Local,Citizens Bank Park,35028,5:55,Night,Home,Philadelphia Phillies,PHI,Los Angeles Dodgers,LAD,57,4,11,3,2.25,5,17,63,0.193,0.258,0.351,0.609,233,173,-1.062,1.87,0.947,,-3.9,46,11,15.1,3,85,40,48,13,27,5,1,56,4,0,0.562,0.6,57,7,11,7,4.11,6,17,63,0.193,0.27,0.404,0.673,251,155,-0.563,1.68,1.614,,-0.6,48,10,16.0,2,81,33,41,17,23,14,0,48,0,0,1.062,3.9
PHI/PHI201807250,"Wednesday, July 25, 2018",12:37 p.m. Local,Citizens Bank Park,35659,2:58,Day,Home,Philadelphia Phillies,PHI,Los Angeles Dodgers,LAD,31,3,6,3,2.0,4,11,36,0.194,0.278,0.355,0.633,150,95,-0.236,0.58,0.452,,-1.4,24,5,8.0,2,52,13,30,12,9,3,0,38,2,2,-0.264,-3.1,31,7,7,7,7.88,3,10,34,0.226,0.294,0.516,0.81,144,101,0.265,0.81,0.586,,3.1,27,8,9.0,1,55,12,34,8,14,3,0,56,1,0,0.236,1.4
CIN/CIN201807260,"Thursday, July 26, 2018",7:12 p.m. Local,Great American Ball Park,17031,3:24,Night,Away,Philadelphia Phillies,PHI,Cincinnati Reds,CIN,43,9,18,9,9.0,2,9,45,0.419,0.444,0.977,1.421,138,127,0.485,0.92,0.93,,4.6,27,5,9.0,2,79,16,32,14,20,7,0,41,3,0,0.015,0.4,34,4,8,4,4.0,1,9,35,0.235,0.257,0.412,0.669,193,89,-0.016,0.62,0.64,,-0.4,27,14,9.0,7,46,13,30,8,17,6,0,31,1,0,-0.484,-4.6
CIN/CIN201807270,"Friday, July 27, 2018",7:12 p.m. Local,Great American Ball Park,24776,3:10,Night,Home,Cincinnati Reds,CIN,Philadelphia Phillies,PHI,34,4,7,4,3.0,3,10,38,0.206,0.27,0.294,0.564,151,104,-0.191,0.71,0.582,,-0.4,24,7,8.0,2,49,21,34,13,12,6,0,50,0,0,-0.311,-2.1,28,6,7,6,6.75,7,13,38,0.25,0.389,0.536,0.925,157,98,0.31,1.12,0.689,,2.1,27,9,9.0,1,52,19,27,10,8,4,0,46,5,0,0.19,0.4
CIN/CIN201807280,"Saturday, July 28, 2018",6:41 p.m. Local,Great American Ball Park,35249,3:14,Night,Home,Cincinnati Reds,CIN,Philadelphia Phillies,PHI,29,2,4,2,2.0,2,7,32,0.138,0.219,0.276,0.495,144,92,-0.248,1.25,0.524,,-2.4,24,12,8.0,0,51,22,19,11,12,3,0,46,0,0,-0.251,-2.1,31,6,11,6,6.75,6,5,41,0.355,0.474,0.516,0.99,142,89,0.251,1.1,0.951,,2.1,27,11,9.0,1,60,12,17,15,14,6,0,58,3,0,0.25,2.4
CIN/CIN201807290,"Sunday, July 29, 2018",1:12 p.m. Local,Great American Ball Park,21649,2:48,Day,Home,Cincinnati Reds,CIN,Philadelphia Phillies,PHI,34,0,8,0,0.0,1,14,35,0.235,0.257,0.265,0.522,116,98,-0.356,0.45,0.263,,-4.4,24,9,8.0,1,46,20,32,7,13,4,0,41,3,0,-0.145,-0.1,32,4,10,4,4.5,2,7,36,0.312,0.343,0.469,0.812,145,79,0.144,0.85,0.427,,0.1,27,4,9.0,0,44,13,22,14,13,7,0,77,2,0,0.356,4.4
BOS/BOS201807300,"Monday, July 30, 2018",7:12 p.m. Local,Fenway Park,37722,4:03,Night,Home,Boston Red Sox,BOS,Philadelphia Phillies,PHI,47,1,10,1,0.69,5,10,52,0.213,0.288,0.298,0.586,165,117,-1.148,1.68,0.651,,-5.9,37,17,12.1,0,69,22,27,19,18,9,0,75,2,1,0.648,4.2,43,2,7,2,1.46,2,8,45,0.163,0.2,0.279,0.479,185,109,-0.648,1.66,1.071,,-4.2,39,17,13.0,0,57,18,34,19,16,9,0,66,0,0,1.15,5.9
BOS/BOS201807310,"Tuesday, July 31, 2018",7:12 p.m. Local,Fenway Park,37816,3:13,Night,Away,Philadelphia Phillies,PHI,Boston Red Sox,BOS,34,3,10,3,3.0,6,8,43,0.294,0.419,0.382,0.801,122,94,-0.104,1.71,0.597,,-1.8,27,9,9.0,0,51,15,28,12,15,6,0,68,0,0,0.606,3.8,32,1,6,1,1.0,1,9,35,0.188,0.257,0.281,0.538,168,82,-0.606,1.0,0.661,,-3.8,27,9,9.0,0,45,12,27,7,16,10,0,50,0,0,0.107,1.8
PHI/PHI201808020,"Thursday, August 2, 2018",7:07 p.m. Local,Citizens Bank Park,26050,2:37,Night,Home,Philadelphia Phillies,PHI,Miami Marlins,MIA,31,2,5,2,2.0,0,8,31,0.161,0.161,0.258,0.419,143,84,-0.176,1.9,0.343,,-2.4,26,9,8.2,2,51,13,20,13,10,2,0,63,0,0,-0.326,-0.7,31,5,7,5,5.19,3,8,34,0.226,0.294,0.419,0.713,118,89,0.324,0.81,1.201,,0.7,27,11,9.0,1,50,14,27,11,12,3,0,63,0,0,0.175,2.4
PHI/PHI201808030,"Friday, August 3, 2018",7:06 p.m. Local,Citizens Bank Park,33737,3:10,Night,Home,Philadelphia Phillies,PHI,Miami Marlins,MIA,32,1,6,1,1.0,1,10,34,0.188,0.235,0.25,0.485,156,97,-0.476,0.79,0.413,,-3.4,24,4,8.0,0,53,20,27,11,11,5,0,60,2,1,-0.024,-1.1,33,5,9,4,2.25,5,10,38,0.273,0.368,0.364,0.732,138,97,0.025,1.28,0.521,,1.1,27,10,9.0,0,53,16,28,7,16,10,0,75,5,0,0.475,3.4
PHI/PHI201808040,"Saturday, August 4, 2018",7:45 p.m. Local,Citizens Bank Park,35194,2:20,Night,Home,Philadelphia Phillies,PHI,Miami Marlins,MIA,30,3,4,3,3.0,1,8,31,0.133,0.161,0.333,0.495,135,74,-0.181,0.33,0.085,,-1.4,24,10,8.0,4,41,12,21,10,12,5,0,28,0,0,-0.319,-4.1,34,8,11,8,9.0,2,7,37,0.324,0.361,0.676,1.038,106,85,0.318,0.34,0.444,,4.1,27,12,9.0,2,54,12,19,15,13,4,0,68,0,0,0.182,1.4
PHI/PHI201808050,"Sunday, August 5, 2018",1:39 p.m. Local,Citizens Bank Park,42343,3:15,Day,Home,Philadelphia Phillies,PHI,Miami Marlins,MIA,37,3,9,3,3.0,2,7,39,0.243,0.282,0.405,0.687,163,93,-0.221,1.25,0.677,,-1.4,24,5,8.0,1,52,17,24,14,16,11,0,60,2,2,-0.28,-1.1,28,5,6,5,5.62,6,9,35,0.214,0.371,0.321,0.693,125,97,0.279,1.22,1.001,,1.1,27,8,9.0,2,48,22,27,6,13,4,0,50,0,0,0.221,1.4
ARI/ARI201808060,"Monday, August 6, 2018",6:40 p.m. Local,Chase Field,21131,4:38,Night,Home,Arizona Diamondbacks,ARI,Philadelphia Phillies,PHI,45,2,7,2,1.29,4,14,53,0.156,0.25,0.2,0.45,213,124,-0.817,2.15,0.706,,-5.1,40,19,13.1,2,63,24,37,14,19,9,0,78,1,0,0.318,3.8,51,3,12,3,2.02,6,7,57,0.235,0.316,0.451,0.767,181,138,-0.317,1.45,1.768,,-3.8,42,12,14.0,0,78,22,38,26,18,7,0,66,1,0,0.818,5.1
ARI/ARI201808070,"Tuesday, August 7, 2018",6:40 p.m. Local,Chase Field,22382,3:08,Night,Away,Philadelphia Phillies,PHI,Arizona Diamondbacks,ARI,33,5,6,4,3.0,7,5,40,0.182,0.325,0.303,0.628,133,95,-0.025,1.2,0.552,,0.4,27,11,9.0,0,49,15,31,14,14,5,0,67,2,2,0.526,2.6,33,2,9,2,2.0,1,7,34,0.273,0.294,0.303,0.597,155,91,-0.526,0.82,0.444,,-2.6,27,13,9.0,1,53,14,24,13,13,6,0,67,2,1,0.026,-0.4
ARI/ARI201808080,"Wednesday, August 8, 2018",12:40 p.m. Local,Chase Field,23384,2:58,Day,Home,Arizona Diamondbacks,ARI,Philadelphia Phillies,PHI,29,0,4,0,0.0,1,10,30,0.138,0.167,0.172,0.339,144,86,-0.306,0.44,0.108,,-4.6,24,8,8.0,0,40,23,23,14,5,2,0,34,2,2,-0.194,-1.9,34,6,13,5,6.75,3,6,39,0.382,0.436,0.559,0.995,128,88,0.194,0.54,0.448,,1.9,27,15,9.0,0,49,18,21,13,16,10,0,79,0,0,0.307,4.6
SDN/SDN201808100,"Friday, August 10, 2018",7:10 p.m. Local,Petco Park,26306,2:34,Night,Home,San Diego Padres,SDP,Philadelphia Phillies,PHI,34,0,8,0,0.0,3,8,37,0.235,0.297,0.235,0.533,114,96,-0.527,0.56,0.557,,-4.0,24,7,8.0,1,54,15,27,13,13,7,0,61,0,0,0.025,1.6,29,2,7,2,2.25,1,11,30,0.241,0.267,0.345,0.611,137,79,-0.026,1.57,0.329,,-1.6,27,12,9.0,0,37,15,27,9,9,5,0,66,0,0,0.526,4.0
SDN/SDN201808110,"Saturday, August 11, 2018",5:42 p.m. Local,Petco Park,35098,3:12,Night,Away,Philadelphia Phillies,PHI,San Diego Padres,SDP,34,5,7,5,5.0,3,10,37,0.206,0.27,0.471,0.741,153,97,0.221,0.88,0.486,,1.0,27,12,9.0,0,54,14,29,10,14,6,0,66,2,1,0.277,3.0,32,1,7,1,1.0,4,9,38,0.219,0.316,0.344,0.66,161,101,-0.279,0.4,0.366,,-3.0,27,5,9.0,2,59,12,30,14,10,7,0,33,1,1,-0.221,-1.0
SDN/SDN201808120,"Sunday, August 12, 2018",12:41 p.m. Local,Petco Park,26930,3:20,Day,Home,San Diego Padres,SDP,Philadelphia Phillies,PHI,31,3,6,2,3.0,5,10,36,0.194,0.306,0.258,0.564,150,98,-0.208,0.58,0.16,,-1.0,24,9,8.0,1,55,13,30,11,10,7,0,33,1,1,-0.293,-5.4,31,9,9,6,6.75,6,7,39,0.29,0.395,0.387,0.782,158,95,0.292,0.48,0.623,,5.4,27,11,9.0,0,52,15,28,16,10,3,0,71,2,2,0.208,1.0
PHI/PHI201808140,"Tuesday, August 14, 2018",7:08 p.m. Local,Citizens Bank Park,33081,2:40,Night,Away,Boston Red Sox,BOS,Philadelphia Phillies,PHI,32,2,6,2,2.0,2,8,34,0.188,0.235,0.438,0.673,126,89,-0.133,1.55,0.588,,-2.4,27,8,9.0,1,51,16,22,8,16,8,0,79,0,0,0.633,3.4,29,1,2,1,1.0,1,13,30,0.069,0.1,0.172,0.272,129,83,-0.632,0.96,0.352,,-3.4,27,7,9.0,2,38,17,28,8,8,1,0,67,0,0,0.133,2.4
PHI/PHI201808150,"Wednesday, August 15, 2018",7:11 p.m. Local,Citizens Bank Park,35266,3:27,Night,Home,Philadelphia Phillies,PHI,Boston Red Sox,BOS,35,4,10,4,3.0,4,6,40,0.286,0.375,0.314,0.689,146,93,-0.129,1.06,0.788,,-0.4,24,5,8.0,0,52,14,29,20,9,4,0,50,0,0,-0.371,-3.1,36,7,12,7,5.62,2,8,39,0.333,0.359,0.444,0.803,159,102,0.372,1.25,0.939,,3.1,27,14,9.0,0,65,16,21,8,21,13,0,35,8,0,0.13,0.4
PHI/PHI201808161,"Thursday, August 16, 2018",4:08 p.m. Local,Citizens Bank Park,,3:01,Day,Away,New York Mets,NYM,Philadelphia Phillies,PHI,52,24,25,19,13.0,7,5,61,0.481,0.55,0.827,1.377,146,108,0.747,0.49,1.143,,19.6,27,6,9.0,4,65,10,33,22,26,17,0,39,0,0,-0.246,0.4,37,4,10,4,4.0,1,4,38,0.27,0.289,0.622,0.911,177,104,0.244,0.59,0.533,,-0.4,27,13,9.0,3,68,16,20,9,24,7,0,16,3,2,-0.745,-19.6
PHI/PHI201808162,"Thursday, August 16, 2018",7:44 p.m. Local,Citizens Bank Park,33049,3:03,Night,Home,Philadelphia Phillies,PHI,New York Mets,NYM,37,6,9,6,5.0,5,8,42,0.243,0.333,0.378,0.712,152,97,-0.037,0.46,0.46,,1.6,24,5,8.0,2,58,19,20,9,20,10,0,27,0,0,-0.463,-5.1,37,9,14,8,7.88,1,6,39,0.378,0.41,0.649,1.059,149,95,0.463,0.67,0.65,,5.1,27,5,9.0,0,60,18,17,7,24,10,0,46,3,1,0.037,-1.6
PHI/PHI201808170,"Friday, August 17, 2018",6:09 p.m. Local,Citizens Bank Park,40460,3:21,Night,Home,Philadelphia Phillies,PHI,New York Mets,NYM,32,2,6,2,2.0,1,14,35,0.188,0.229,0.219,0.447,146,106,-0.326,0.49,0.39,,-2.4,24,11,8.0,0,52,29,25,9,10,4,0,40,1,0,-0.175,-0.1,30,4,8,3,4.5,4,7,35,0.267,0.371,0.367,0.738,154,86,0.176,1.03,0.451,,0.1,27,6,9.0,0,46,17,23,13,10,6,0,77,1,0,0.325,2.4
PHI/PHI201808180,"Saturday, August 18, 2018",4:06 p.m. Local,Citizens Bank Park,35158,2:31,Day,Away,New York Mets,NYM,Philadelphia Phillies,PHI,35,3,7,3,3.0,0,12,36,0.2,0.222,0.371,0.594,108,93,-0.047,1.21,0.548,,-1.4,27,9,9.0,0,50,14,29,9,14,6,0,80,,,0.546,3.4,32,1,7,0,0.0,0,9,32,0.219,0.219,0.281,0.5,151,78,-0.546,0.92,0.325,,-3.4,27,6,9.0,1,39,15,24,11,12,6,0,66,0,0,0.047,1.4
PHI/PHI201808190,"Sunday, August 19, 2018",7:10 p.m. Local,BB&T Park,2429,3:11,Night,Away,New York Mets,NYM,Philadelphia Phillies,PHI,37,8,14,8,8.0,2,11,40,0.378,0.41,0.405,0.816,144,106,0.324,0.38,0.488,,3.6,27,13,9.0,1,66,16,24,20,7,5,0,51,1,0,0.176,2.4,34,2,8,2,2.0,0,7,35,0.235,0.235,0.382,0.618,163,100,-0.175,0.43,0.105,,-2.4,27,15,9.0,0,58,14,28,20,8,2,0,25,3,2,-0.325,-3.6
WAS/WAS201808210,"Tuesday, August 21, 2018",7:06 p.m. Local,Nationals Park,24080,3:16,Night,Home,Washington Nationals,WSN,Philadelphia Phillies,PHI,35,4,8,4,3.0,3,5,39,0.229,0.289,0.343,0.632,155,94,0.091,0.84,0.859,,-0.6,24,6,8.0,3,53,14,27,13,18,5,0,54,3,0,-0.591,-5.9,38,10,14,10,11.25,6,9,44,0.368,0.455,0.711,1.165,149,97,0.591,1.25,1.105,,5.9,27,8,9.0,1,53,15,29,12,17,7,0,58,6,2,-0.09,0.6
WAS/WAS201808220,"Wednesday, August 22, 2018",7:06 p.m. Local,Nationals Park,31855,3:45,Night,Home,Washington Nationals,WSN,Philadelphia Phillies,PHI,38,7,11,7,7.0,2,10,40,0.289,0.325,0.605,0.93,157,111,0.376,1.57,1.015,,2.4,26,8,8.2,1,68,15,28,14,14,5,0,22,2,0,-0.876,-3.5,39,8,14,7,7.27,2,7,42,0.359,0.381,0.59,0.971,177,104,0.876,0.96,1.965,,3.5,27,10,9.0,3,65,13,26,15,18,6,0,32,3,0,-0.376,-2.4
WAS/WAS201808230,"Thursday, August 23, 2018",1:05 p.m. Local,Nationals Park,29475,2:41,Day,Away,Philadelphia Phillies,PHI,Washington Nationals,WSN,28,2,3,2,2.0,4,13,33,0.107,0.219,0.214,0.433,115,78,-0.126,1.15,0.479,,-2.6,27,7,9.0,0,32,21,26,6,10,1,0,80,0,0,0.626,4.6,31,0,5,0,0.0,1,10,33,0.161,0.188,0.258,0.446,128,79,-0.624,0.93,0.223,,-4.6,27,2,9.0,1,35,22,22,10,12,7,0,71,0,0,0.126,2.6
TOR/TOR201808240,"Friday, August 24, 2018",7:07 p.m. Local,Rogers Centre,26292,2:43,Night,Home,Toronto Blue Jays,TOR,Philadelphia Phillies,PHI,35,2,10,2,2.0,2,9,38,0.286,0.316,0.371,0.687,132,93,-0.352,0.66,0.565,,-2.5,24,11,8.0,2,50,13,30,10,17,8,0,46,2,0,-0.149,0.0,29,4,6,4,4.5,3,8,33,0.207,0.303,0.448,0.751,150,81,0.148,1.28,0.539,,-0.0,27,7,9.0,1,41,21,19,13,8,4,0,55,0,0,0.352,2.5
TOR/TOR201808250,"Saturday, August 25, 2018",4:07 p.m. Local,Rogers Centre,33127,2:59,Day,Home,Toronto Blue Jays,TOR,Philadelphia Phillies,PHI,38,6,13,6,6.0,2,7,41,0.342,0.366,0.474,0.84,131,93,0.141,1.72,0.893,,1.5,24,7,8.0,2,56,14,23,15,17,10,0,41,4,3,-0.641,-4.0,32,8,9,8,9.0,4,7,37,0.281,0.378,0.563,0.941,143,83,0.64,1.03,1.605,,4.0,27,10,9.0,0,45,15,23,9,16,7,0,18,2,1,-0.14,-1.5
TOR/TOR201808260,"Sunday, August 26, 2018",1:08 p.m. Local,Rogers Centre,28209,3:17,Day,Away,Philadelphia Phillies,PHI,Toronto Blue Jays,TOR,38,8,14,8,8.0,7,4,46,0.368,0.457,0.763,1.22,142,105,0.255,0.83,0.668,,3.5,27,7,9.0,2,59,20,26,10,25,10,0,56,0,0,0.246,1.5,32,3,7,3,3.0,4,11,36,0.219,0.306,0.469,0.774,186,91,-0.244,0.55,0.371,,-1.5,27,8,9.0,4,48,18,25,6,15,6,0,20,1,0,-0.256,-3.5
PHI/PHI201808270,"Monday, August 27, 2018",7:07 p.m. Local,Citizens Bank Park,21261,3:13,Night,Away,Washington Nationals,WSN,Philadelphia Phillies,PHI,35,5,9,4,3.0,5,8,41,0.257,0.35,0.371,0.721,134,99,0.241,1.2,0.716,,0.6,27,12,9.0,1,55,13,31,16,12,2,0,56,0,0,0.258,1.4,31,3,6,3,3.0,3,8,35,0.194,0.265,0.355,0.62,167,79,-0.257,0.92,0.498,,-1.4,27,9,9.0,1,48,16,15,14,10,3,0,39,3,1,-0.243,-0.6
PHI/PHI201808280,"Tuesday, August 28, 2018",7:08 p.m. Local,Citizens Bank Park,21083,3:28,Night,Away,Washington Nationals,WSN,Philadelphia Phillies,PHI,32,5,6,3,3.0,3,11,35,0.188,0.257,0.375,0.632,160,104,0.406,0.84,1.096,,0.6,27,7,9.0,2,55,17,32,9,12,5,0,52,1,0,0.092,0.4,33,4,7,4,4.0,1,10,35,0.212,0.257,0.455,0.712,149,109,-0.092,1.14,0.592,,-0.4,27,9,9.0,1,64,16,29,8,15,4,0,69,2,2,-0.407,-0.6
PHI/PHI201808290,"Wednesday, August 29, 2018",7:07 p.m. Local,Citizens Bank Park,22525,3:38,Night,Home,Philadelphia Phillies,PHI,Washington Nationals,WSN,36,6,10,6,5.0,4,10,40,0.278,0.35,0.639,0.989,174,108,0.13,1.37,1.171,,1.6,24,7,8.0,1,63,9,36,12,14,7,0,34,2,0,-0.628,-4.1,33,8,9,8,9.0,5,11,40,0.273,0.4,0.455,0.855,167,103,0.629,1.37,1.45,,4.1,27,8,9.0,3,59,19,25,8,14,8,0,35,4,0,-0.127,-1.6
PHI/PHI201808310,"Friday, August 31, 2018",7:07 p.m. Local,Citizens Bank Park,22556,3:23,Night,Home,Philadelphia Phillies,PHI,Chicago Cubs,CHC,36,1,9,1,0.9,5,12,41,0.25,0.341,0.333,0.675,144,108,-0.643,1.28,0.755,,-3.9,28,10,9.1,1,55,28,25,13,11,5,0,68,0,0,0.142,2.7,32,2,5,2,1.93,1,9,33,0.156,0.182,0.281,0.463,174,97,-0.142,1.66,0.716,,-2.7,30,9,10.0,1,55,14,28,8,15,6,0,56,2,0,0.642,3.9
PHI/PHI201809010,"Saturday, September 1, 2018",7:07 p.m. Local,Citizens Bank Park,33040,2:41,Night,Away,Chicago Cubs,CHC,Philadelphia Phillies,PHI,37,7,11,6,4.0,1,9,39,0.297,0.316,0.541,0.856,124,88,0.21,0.87,0.541,,2.6,27,14,9.0,0,52,16,20,11,18,10,0,58,0,0,0.29,3.4,32,1,6,1,1.0,2,7,34,0.188,0.235,0.219,0.454,136,87,-0.288,0.51,0.315,,-3.4,27,9,9.0,1,42,13,32,16,9,6,0,42,0,0,-0.212,-2.6
PHI/PHI201809020,"Sunday, September 2, 2018",1:39 p.m. Local,Citizens Bank Park,36517,3:37,Day,Away,Chicago Cubs,CHC,Philadelphia Phillies,PHI,34,8,9,8,8.0,4,13,39,0.265,0.333,0.735,1.069,156,109,0.145,0.79,0.489,,3.6,27,8,9.0,0,50,27,32,13,9,3,0,63,0,0,0.357,3.4,36,1,10,1,1.0,0,12,36,0.278,0.278,0.361,0.639,168,107,-0.356,0.43,0.199,,-3.4,27,8,9.0,3,64,17,26,9,15,9,0,52,4,1,-0.144,-3.6
MIA/MIA201809030,"Monday, September 3, 2018",1:10 p.m. Local,Marlins Park,7771,2:24,Day,Home,Miami Marlins,MIA,Philadelphia Phillies,PHI,30,1,4,1,1.0,0,9,30,0.133,0.133,0.233,0.367,103,83,-0.4,0.67,0.198,,-3.1,24,6,8.0,0,50,20,13,8,13,6,0,50,0,0,-0.102,0.6,29,3,6,3,3.38,1,8,30,0.207,0.233,0.31,0.544,125,71,0.102,0.85,0.499,,-0.6,27,8,9.0,1,41,13,17,7,14,8,0,72,0,0,0.399,3.1
MIA/MIA201809040,"Tuesday, September 4, 2018",7:10 p.m. Local,Marlins Park,7131,3:14,Night,Away,Philadelphia Phillies,PHI,Miami Marlins,MIA,36,9,9,9,9.0,10,5,48,0.25,0.438,0.556,0.993,134,112,0.431,0.43,0.636,,4.9,27,10,9.0,2,67,16,29,15,16,5,0,55,0,0,0.069,0.1,37,4,11,4,4.0,2,12,39,0.297,0.333,0.514,0.847,189,96,-0.066,0.43,0.232,,-0.1,27,12,9.0,2,52,19,25,11,14,10,0,20,3,2,-0.432,-4.9
MIA/MIA201809050,"Wednesday, September 5, 2018",7:10 p.m. Local,Marlins Park,6427,2:44,Night,Home,Miami Marlins,MIA,Philadelphia Phillies,PHI,31,1,6,1,1.0,3,9,36,0.194,0.306,0.258,0.564,122,94,-0.544,0.79,0.559,,-3.1,24,10,8.0,0,41,21,32,11,11,5,0,50,0,0,0.044,1.6,28,2,4,2,2.25,3,8,32,0.143,0.25,0.143,0.393,139,81,-0.044,1.48,0.29,,-1.6,27,12,9.0,0,37,19,25,15,5,3,0,75,2,1,0.544,3.1
NYN/NYN201809070,"Friday, September 7, 2018",7:10 p.m. Local,Citi Field,23379,2:43,Night,Away,Philadelphia Phillies,PHI,New York Mets,NYM,33,4,7,4,4.0,2,13,35,0.212,0.257,0.455,0.712,116,110,0.252,1.18,0.856,,0.0,27,9,9.0,2,64,19,27,6,14,6,0,66,0,0,0.248,1.0,30,3,3,3,3.0,1,8,32,0.1,0.156,0.333,0.49,165,76,-0.247,0.93,0.561,,-1.0,27,5,9.0,2,37,10,29,13,9,1,0,59,0,0,-0.251,-0.0
NYN/NYN201809080,"Saturday, September 8, 2018",7:11 p.m. Local,Citi Field,25094,3:12,Night,Home,New York Mets,NYM,Philadelphia Phillies,PHI,37,5,14,5,5.0,6,5,44,0.378,0.455,0.514,0.968,149,97,-0.15,0.41,0.287,,1.0,24,7,8.0,2,62,10,25,13,20,11,0,29,2,0,-0.348,-6.4,34,10,11,10,11.25,5,10,41,0.324,0.415,0.618,1.032,147,93,0.349,0.57,0.541,,6.4,27,10,9.0,1,53,21,19,9,16,8,0,33,4,0,0.151,-1.0
NYN/NYN201809090,"Sunday, September 9, 2018",1:37 p.m. Local,Citi Field,24153,3:12,Day,Home,New York Mets,NYM,Philadelphia Phillies,PHI,31,4,7,4,4.0,3,10,38,0.226,0.306,0.419,0.725,140,106,-0.121,0.88,0.581,,0.0,24,6,8.0,1,61,17,28,9,15,6,0,31,1,0,-0.379,-2.4,33,6,9,6,6.75,5,6,40,0.273,0.4,0.515,0.915,159,84,0.38,1.11,0.865,,2.4,27,5,9.0,2,52,12,20,7,20,12,0,44,2,1,0.122,-0.0
PHI/PHI201809111,"Tuesday, September 11, 2018",3:07 p.m. Local,Citizens Bank Park,,3:27,Day,Away,Washington Nationals,WSN,Philadelphia Phillies,PHI,33,3,10,3,3.0,5,4,38,0.303,0.395,0.424,0.819,167,106,-0.025,1.05,0.53,,-1.4,27,7,9.0,0,59,18,30,17,12,4,0,72,2,0,0.523,3.4,31,1,5,1,1.0,4,15,35,0.161,0.257,0.226,0.483,173,94,-0.524,0.78,0.272,,-3.4,27,16,9.0,1,45,22,27,8,8,3,0,47,4,1,0.023,1.4
PHI/PHI201809112,"Tuesday, September 11, 2018",7:16 p.m. Local,Citizens Bank Park,19630,4:16,Night,Away,Washington Nationals,WSN,Philadelphia Phillies,PHI,35,7,6,7,6.3,7,12,43,0.171,0.326,0.4,0.726,176,120,0.531,1.74,1.515,,2.1,30,11,10.0,1,58,14,48,13,10,5,0,26,7,0,-0.032,-1.1,40,6,13,6,5.4,5,6,46,0.325,0.413,0.525,0.938,199,110,0.032,1.54,1.28,,1.1,30,12,10.0,2,75,16,19,14,20,10,0,54,4,1,-0.531,-2.1
PHI/PHI201809120,"Wednesday, September 12, 2018",7:09 p.m. Local,Citizens Bank Park,20258,2:56,Night,Away,Washington Nationals,WSN,Philadelphia Phillies,PHI,35,5,9,5,5.0,1,9,36,0.257,0.278,0.6,0.878,134,97,0.224,0.71,0.46,,0.6,27,5,9.0,1,53,14,30,12,14,6,0,72,0,0,0.276,3.4,32,1,5,1,1.0,1,10,34,0.156,0.206,0.281,0.487,143,87,-0.278,0.37,0.226,,-3.4,27,12,9.0,3,45,14,28,6,16,4,0,43,0,0,-0.224,-0.6
PHI/PHI201809140,"Friday, September 14, 2018",7:06 p.m. Local,Citizens Bank Park,21671,2:54,Night,Home,Philadelphia Phillies,PHI,Miami Marlins,MIA,35,2,9,1,2.0,2,5,38,0.257,0.316,0.4,0.716,171,81,-0.211,0.32,0.131,,-2.4,24,11,8.0,5,49,8,24,10,20,8,0,30,0,0,-0.289,-10.1,40,14,18,14,15.75,4,8,44,0.45,0.5,0.9,1.4,129,100,0.288,0.45,0.465,,10.1,27,6,9.0,1,56,16,29,14,18,7,0,62,0,0,0.212,2.4
PHI/PHI201809150,"Saturday, September 15, 2018",7:07 p.m. Local,Citizens Bank Park,24695,2:48,Night,Home,Philadelphia Phillies,PHI,Miami Marlins,MIA,34,4,6,4,4.0,1,12,35,0.176,0.2,0.265,0.465,134,99,-0.292,1.05,0.627,,-0.4,24,5,8.0,1,51,22,28,11,11,5,0,53,0,0,-0.208,-1.1,29,5,4,5,3.38,3,10,33,0.138,0.242,0.276,0.518,150,81,0.207,1.21,0.756,,1.1,27,11,9.0,0,44,15,22,7,12,5,0,35,0,0,0.292,0.4
PHI/PHI201809160,"Sunday, September 16, 2018",1:39 p.m. Local,Citizens Bank Park,30040,3:04,Day,Away,Miami Marlins,MIA,Philadelphia Phillies,PHI,33,6,9,5,6.0,2,11,37,0.273,0.306,0.485,0.79,160,96,0.27,0.74,0.66,,1.6,27,6,9.0,1,50,23,23,14,11,6,0,60,0,0,0.231,0.4,36,4,7,3,3.0,1,10,38,0.194,0.237,0.361,0.598,152,100,-0.231,0.65,0.363,,-0.4,27,11,9.0,1,57,21,22,11,15,6,0,54,0,0,-0.268,-1.6
PHI/PHI201809170,"Monday, September 17, 2018",7:06 p.m. Local,Citizens Bank Park,21767,3:07,Night,Away,New York Mets,NYM,Philadelphia Phillies,PHI,38,9,14,9,9.0,2,10,41,0.368,0.39,0.553,0.943,125,109,0.329,1.46,1.06,,4.6,27,9,9.0,0,59,32,18,11,18,11,0,56,1,0,0.171,0.4,29,4,5,4,4.0,3,5,36,0.172,0.306,0.241,0.547,161,78,-0.172,1.05,0.737,,-0.4,27,8,9.0,1,50,8,20,11,14,4,0,38,2,2,-0.328,-4.6
PHI/PHI201809180,"Tuesday, September 18, 2018",7:07 p.m. Local,Citizens Bank Park,18895,3:22,Night,Home,Philadelphia Phillies,PHI,New York Mets,NYM,33,2,6,2,2.0,4,15,37,0.182,0.27,0.303,0.573,159,104,-0.157,1.04,0.367,,-2.4,24,7,8.0,1,46,30,28,10,8,3,0,62,3,2,-0.345,-1.1,30,5,7,5,5.62,6,9,38,0.233,0.395,0.367,0.761,153,98,0.342,0.74,0.886,,1.1,27,5,9.0,1,50,18,30,10,12,7,0,56,2,0,0.156,2.4
PHI/PHI201809190,"Wednesday, September 19, 2018",6:06 p.m. Local,Citizens Bank Park,19085,3:02,Night,Home,Philadelphia Phillies,PHI,New York Mets,NYM,32,0,6,0,0.0,3,9,35,0.188,0.257,0.188,0.445,153,93,-0.361,0.48,0.296,,-4.4,24,4,8.0,2,54,17,22,14,9,4,0,45,0,0,-0.14,-0.1,32,4,7,4,4.5,5,10,37,0.219,0.324,0.469,0.793,141,94,0.139,0.9,0.429,,0.1,27,11,9.0,0,53,13,28,7,15,3,0,67,2,0,0.36,4.4
ATL/ATL201809200,"Thursday, September 20, 2018",7:37 p.m. Local,SunTrust Park,27474,3:25,Night,Home,Atlanta Braves,ATL,Philadelphia Phillies,PHI,32,3,6,3,3.0,2,10,34,0.188,0.235,0.188,0.423,163,89,-0.221,1.09,0.471,,-1.4,24,7,8.0,0,46,19,25,7,15,4,0,39,5,3,-0.279,-4.1,29,8,10,7,9.0,6,7,39,0.345,0.436,0.448,0.884,134,95,0.28,1.09,0.892,,4.1,27,4,9.0,0,57,13,25,13,13,4,0,56,0,0,0.221,1.4
ATL/ATL201809210,"Friday, September 21, 2018",7:36 p.m. Local,SunTrust Park,34370,3:24,Night,Home,Atlanta Braves,ATL,Philadelphia Phillies,PHI,33,5,7,5,5.0,3,7,36,0.212,0.278,0.455,0.732,159,92,0.001,1.43,0.873,,0.6,24,6,8.0,1,53,18,21,8,18,7,0,58,4,2,-0.502,-2.1,33,6,9,6,6.75,4,7,37,0.273,0.351,0.394,0.745,138,100,0.5,1.23,1.371,,2.1,27,8,9.0,1,61,19,20,13,13,5,0,49,2,0,-0.001,-0.6
ATL/ATL201809220,"Saturday, September 22, 2018",1:06 p.m. Local,SunTrust Park,35616,2:38,Day,Home,Atlanta Braves,ATL,Philadelphia Phillies,PHI,30,3,4,3,3.0,4,6,34,0.133,0.235,0.133,0.369,135,74,-0.231,0.67,0.395,,-1.4,24,10,8.0,0,34,14,26,8,16,5,0,31,1,1,-0.27,-1.1,28,5,6,5,5.62,6,6,35,0.214,0.353,0.214,0.567,115,86,0.271,1.02,0.549,,1.1,27,5,9.0,0,51,17,18,12,11,7,0,68,6,3,0.23,1.4
ATL/ATL201809230,"Sunday, September 23, 2018",1:37 p.m. Local,SunTrust Park,34214,2:43,Day,Home,Atlanta Braves,ATL,Philadelphia Phillies,PHI,32,1,6,1,1.0,3,4,36,0.188,0.278,0.281,0.559,115,81,-0.615,0.84,0.556,,-3.4,24,5,8.0,1,46,9,26,18,10,2,0,61,0,0,0.114,1.9,28,2,4,2,2.25,1,9,29,0.143,0.172,0.321,0.494,131,83,-0.114,1.78,0.398,,-1.9,27,14,9.0,1,42,20,21,8,11,7,0,56,0,0,0.613,3.4
COL/COL201809240,"Monday, September 24, 2018",6:41 p.m. Local,Coors Field,30336,2:57,Night,Home,Colorado Rockies,COL,Philadelphia Phillies,PHI,29,1,5,1,1.0,3,10,32,0.172,0.25,0.345,0.595,152,84,-0.208,0.62,0.141,,-4.1,24,11,8.0,1,43,15,26,10,9,4,0,28,3,3,-0.293,-5.5,36,10,13,8,10.12,8,7,44,0.361,0.477,0.528,1.005,129,92,0.293,0.51,0.623,,5.5,27,12,9.0,1,49,17,26,16,13,7,0,69,0,0,0.207,4.1
COL/COL201809250,"Tuesday, September 25, 2018",6:41 p.m. Local,Coors Field,30217,3:21,Night,Home,Colorado Rockies,COL,Philadelphia Phillies,PHI,36,3,9,2,2.0,5,8,41,0.25,0.341,0.333,0.675,149,87,-0.151,0.51,0.384,,-2.1,24,11,8.0,1,55,12,20,16,12,6,0,21,2,1,-0.35,-5.5,37,10,14,10,11.25,4,8,43,0.378,0.452,0.541,0.993,138,90,0.349,0.68,0.676,,5.5,27,12,9.0,0,57,18,15,16,14,8,0,50,7,1,0.15,2.1
COL/COL201809260,"Wednesday, September 26, 2018",6:41 p.m. Local,Coors Field,35181,2:51,Night,Home,Colorado Rockies,COL,Philadelphia Phillies,PHI,30,0,4,0,0.0,2,14,32,0.133,0.188,0.167,0.354,151,89,-0.298,0.44,0.101,,-5.1,24,13,8.0,4,42,24,23,12,4,3,0,28,4,2,-0.202,-9.5,37,14,16,14,15.75,4,8,43,0.432,0.476,0.946,1.422,131,95,0.201,0.51,0.509,,9.5,27,11,9.0,0,54,23,18,16,15,9,0,81,0,0,0.298,5.1
COL/COL201809270,"Thursday, September 27, 2018",1:12 p.m. Local,Coors Field,36448,3:06,Day,Home,Colorado Rockies,COL,Philadelphia Phillies,PHI,35,3,8,3,3.0,4,14,40,0.229,0.325,0.486,0.811,127,102,-0.411,0.54,0.641,,-2.1,24,10,8.0,3,46,24,32,7,14,5,0,50,1,0,-0.09,-0.5,34,5,9,4,5.62,1,4,35,0.265,0.286,0.676,0.962,175,91,0.089,1.23,0.419,,0.5,27,5,9.0,2,64,10,17,15,16,4,0,51,2,0,0.41,2.1
PHI/PHI201809280,"Friday, September 28, 2018",7:07 p.m. Local,Citizens Bank Park,24306,3:42,Night,Away,Atlanta Braves,ATL,Philadelphia Phillies,PHI,44,10,19,9,9.0,3,13,48,0.432,0.468,0.614,1.082,162,110,0.226,0.57,0.734,,5.6,27,6,9.0,1,57,26,27,15,17,12,0,70,3,0,0.275,2.4,31,2,4,2,2.0,4,14,36,0.129,0.25,0.29,0.54,184,103,-0.276,0.6,0.157,,-2.4,27,7,9.0,1,53,30,20,9,8,2,0,50,6,2,-0.225,-5.6
PHI/PHI201809290,"Saturday, September 29, 2018",7:09 p.m. Local,Citizens Bank Park,30886,2:43,Night,Home,Philadelphia Phillies,PHI,Atlanta Braves,ATL,28,0,2,0,0.0,5,10,34,0.071,0.235,0.071,0.307,134,73,-0.516,1.25,0.327,,-4.4,24,9,8.0,0,38,15,20,13,5,4,0,70,2,0,0.014,0.9,26,3,5,3,3.38,7,10,35,0.192,0.364,0.231,0.594,114,84,-0.014,1.17,0.574,,-0.9,27,14,9.0,0,44,18,22,12,6,2,0,77,0,0,0.514,4.4
PHI/PHI201809300,"Sunday, September 30, 2018",3:09 p.m. Local,Citizens Bank Park,34202,2:57,Day,Home,Philadelphia Phillies,PHI,Atlanta Braves,ATL,31,1,4,1,1.0,4,16,35,0.129,0.229,0.194,0.422,133,96,-0.463,0.77,0.36,,-3.4,24,3,8.0,1,49,21,26,6,9,3,0,50,1,0,-0.037,0.9,30,3,6,3,2.25,4,11,35,0.2,0.286,0.4,0.686,150,87,0.038,1.11,0.455,,-0.9,27,5,9.0,0,45,21,21,6,14,5,0,56,1,0,0.463,3.4
