,date,time,venue,attendance,duration,time_of_day,winner,winning_name,winning_abbr,losing_name,losing_abbr,away_at_bats,away_runs,away_hits,away_rbi,away_earned_runs,away_bases_on_balls,away_strikeouts,away_plate_appearances,away_batting_average,away_on_base_percentage,away_slugging_percentage,away_on_base_plus,away_pitches,away_strikes,away_win_probability_for_offensive_player,away_average_leverage_index,away_win_probability_added,away_win_probability_subtracted,away_base_out_runs_added,away_putouts,away_assists,away_innings_pitched,away_home_runs,away_strikes_by_contact,away_strikes_swinging,away_strikes_looking,away_grounded_balls,away_fly_balls,away_line_drives,away_unknown_bat_type,away_game_score,away_inherited_runners,away_inherited_score,away_win_probability_by_pitcher,away_base_out_runs_saved,home_at_bats,home_runs,home_hits,home_rbi,home_earned_runs,home_bases_on_balls,home_strikeouts,home_plate_appearances,home_batting_average,home_on_base_percentage,home_slugging_percentage,home_on_base_plus,home_pitches,home_strikes,home_win_probability_for_offensive_player,home_average_leverage_index,home_win_probability_added,home_win_probability_subtracted,home_base_out_runs_added,home_putouts,home_assists,home_innings_pitched,home_home_runs,home_strikes_by_contact,home_strikes_swinging,home_strikes_looking,home_grounded_balls,home_fly_balls,home_line_drives,home_unknown_bat_type,home_game_score,home_inherited_runners,home_inherited_score,home_win_probability_by_pitcher,home_base_out_runs_saved
SDN/SDN201803290,"Thursday, March 29, 2018",1:12 p.m. Local,Petco Park,44649,3:36,Day,Away,Milwaukee Brewers,MIL,San Diego Padres,SDP,42,2,10,2,1.5,2,9,45,0.238,0.289,0.286,0.575,198,99,-0.229,2.1,0.896,,-3.4,36,12,12.0,0,61,14,26,18,15,9,0,73,0,0,0.728,4.4,39,1,6,1,0.75,6,15,45,0.154,0.267,0.154,0.421,153,122,-0.728,1.25,1.2,,-4.4,36,20,12.0,0,67,23,33,15,10,1,0,64,2,0,0.228,3.4
SDN/SDN201803300,"Friday, March 30, 2018",7:11 p.m. Local,Petco Park,31513,3:08,Night,Away,Milwaukee Brewers,MIL,San Diego Padres,SDP,37,8,11,8,5.0,1,4,40,0.297,0.308,0.486,0.794,150,100,0.726,0.88,1.655,,4.0,27,14,9.0,2,59,17,24,15,20,11,0,29,3,0,-0.223,-2.0,37,6,12,6,6.0,4,7,42,0.324,0.405,0.541,0.945,136,97,0.223,1.55,0.786,,2.0,27,11,9.0,1,55,14,28,15,15,8,0,39,2,0,-0.723,-4.0
SDN/SDN201803310,"Saturday, March 31, 2018",5:41 p.m. Local,Petco Park,35106,2:51,Night,Away,Milwaukee Brewers,MIL,San Diego Padres,SDP,39,7,12,7,7.0,6,9,45,0.308,0.4,0.385,0.785,128,108,0.42,0.9,0.935,,3.0,27,7,9.0,1,57,19,32,13,17,10,0,48,0,0,0.08,1.0,31,3,6,3,3.0,1,8,32,0.194,0.219,0.419,0.638,180,79,-0.081,0.76,0.574,,-1.0,27,7,9.0,0,43,17,19,5,18,6,0,31,2,1,-0.419,-3.0
SDN/SDN201804020,"Monday, April 2, 2018",7:10 p.m. Local,Petco Park,16899,3:11,Night,Away,Colorado Rockies,COL,San Diego Padres,SDP,37,7,12,7,7.0,6,3,44,0.324,0.409,0.676,1.085,156,88,0.315,1.05,0.766,,3.0,27,10,9.0,2,62,14,16,14,21,11,0,49,1,0,0.184,0.0,35,4,8,4,4.0,5,8,41,0.229,0.341,0.543,0.884,165,94,-0.184,0.74,0.566,,-0.0,27,10,9.0,3,49,18,27,11,16,8,0,28,2,0,-0.316,-3.0
SDN/SDN201804030,"Tuesday, April 3, 2018",7:10 p.m. Local,Petco Park,19283,2:47,Night,Home,San Diego Padres,SDP,Colorado Rockies,COL,31,4,6,4,4.0,5,5,36,0.194,0.306,0.258,0.564,149,78,0.004,1.01,0.427,,-0.0,24,11,8.0,3,46,11,21,15,11,6,0,46,2,2,-0.504,-4.4,31,8,8,8,9.0,4,7,36,0.258,0.361,0.581,0.942,133,89,0.504,0.78,1.008,,4.4,27,15,9.0,0,51,10,28,15,9,3,0,49,2,0,-0.003,0.0
SDN/SDN201804040,"Wednesday, April 4, 2018",7:10 p.m. Local,Petco Park,19698,2:41,Night,Away,Colorado Rockies,COL,San Diego Padres,SDP,35,5,9,5,5.0,3,11,38,0.257,0.316,0.314,0.63,124,99,0.3,0.53,0.48,,1.0,27,8,9.0,0,50,21,28,13,11,4,0,76,1,1,0.199,2.0,32,2,6,1,1.0,2,7,35,0.188,0.257,0.219,0.476,157,83,-0.199,0.45,0.173,,-2.0,27,10,9.0,0,48,13,22,11,14,6,0,34,0,0,-0.301,-1.0
SDN/SDN201804050,"Thursday, April 5, 2018",12:40 p.m. Local,Petco Park,20509,2:58,Day,Away,Colorado Rockies,COL,San Diego Padres,SDP,31,3,4,3,0.0,7,11,39,0.129,0.289,0.129,0.419,123,92,-0.06,1.14,1.018,,-1.0,27,7,9.0,1,50,17,25,13,8,2,0,68,1,0,0.559,3.0,31,1,6,1,1.0,0,8,31,0.194,0.194,0.29,0.484,154,87,-0.561,1.67,0.195,,-3.0,27,12,9.0,0,51,10,27,5,18,11,0,69,2,0,0.059,1.0
HOU/HOU201804060,"Friday, April 6, 2018",7:10 p.m. Local,Minute Maid Park,41138,3:11,Night,Away,San Diego Padres,SDP,Houston Astros,HOU,38,4,13,3,3.0,3,11,42,0.342,0.405,0.474,0.878,157,104,0.043,1.17,0.677,,-0.6,27,4,9.0,0,48,24,32,18,9,7,0,56,0,0,0.456,3.6,30,1,4,1,1.0,4,12,35,0.133,0.229,0.133,0.362,157,104,-0.455,0.88,0.317,,-3.6,27,14,9.0,0,55,13,36,6,13,8,0,47,1,0,-0.045,0.6
HOU/HOU201804070,"Saturday, April 7, 2018",6:10 p.m. Local,Minute Maid Park,42306,3:27,Night,Home,Houston Astros,HOU,San Diego Padres,SDP,35,0,6,0,0.0,1,14,37,0.171,0.194,0.257,0.452,167,101,-0.829,1.67,0.483,,-5.1,29,12,9.2,0,53,23,25,11,11,5,0,58,3,1,0.329,3.8,32,1,6,1,0.93,6,8,38,0.188,0.316,0.188,0.503,149,99,-0.33,1.48,0.938,,-3.8,30,11,10.0,0,66,10,23,13,11,5,0,78,1,0,0.829,5.1
HOU/HOU201804080,"Sunday, April 8, 2018",1:10 p.m. Local,Minute Maid Park,37093,2:25,Day,Home,Houston Astros,HOU,San Diego Padres,SDP,31,1,4,1,0.0,4,9,36,0.129,0.25,0.129,0.379,133,93,-0.387,0.68,0.403,,-3.5,24,10,8.0,2,48,19,26,14,8,2,0,51,0,0,-0.113,0.0,30,4,6,4,4.5,0,10,30,0.2,0.2,0.4,0.6,135,89,0.114,1.14,0.468,,-0.0,27,10,9.0,0,51,9,29,13,7,1,0,66,0,0,0.387,3.6
COL/COL201804090,"Monday, April 9, 2018",6:41 p.m. Local,Coors Field,20291,2:46,Night,Away,San Diego Padres,SDP,Colorado Rockies,COL,38,7,13,7,7.0,1,10,40,0.342,0.359,0.605,0.964,139,94,0.19,1.45,0.885,,1.9,27,15,9.0,3,51,17,26,14,15,8,0,41,2,0,0.31,-0.9,33,6,7,6,6.0,5,8,38,0.212,0.316,0.515,0.831,141,81,-0.31,1.0,0.812,,0.9,27,12,9.0,2,45,13,23,16,9,3,0,24,2,0,-0.189,-1.9
COL/COL201804100,"Tuesday, April 10, 2018",6:41 p.m. Local,Coors Field,22446,2:39,Night,Away,San Diego Padres,SDP,Colorado Rockies,COL,35,5,10,5,5.0,3,10,39,0.286,0.359,0.514,0.873,111,87,0.177,1.11,0.82,,-0.1,27,9,9.0,1,50,19,18,8,17,7,0,67,2,0,0.322,3.1,30,2,5,2,0.0,1,10,31,0.167,0.194,0.333,0.527,133,79,-0.323,0.93,0.523,,-3.1,27,7,9.0,2,37,20,22,10,10,4,0,56,0,0,-0.178,0.1
COL/COL201804110,"Wednesday, April 11, 2018",1:11 p.m. Local,Coors Field,21248,2:56,Day,Home,Colorado Rockies,COL,San Diego Padres,SDP,33,4,6,3,3.0,1,13,35,0.182,0.229,0.394,0.623,147,90,-0.259,0.82,0.314,,-1.1,24,9,8.0,0,45,22,23,13,7,1,0,48,2,2,-0.24,-1.5,30,6,9,5,3.38,3,11,37,0.3,0.371,0.333,0.705,125,96,0.24,0.83,0.608,,1.5,27,11,9.0,2,55,20,21,14,8,7,0,61,0,0,0.261,1.1
SDN/SDN201804120,"Thursday, April 12, 2018",7:10 p.m. Local,Petco Park,22288,2:47,Night,Away,San Francisco Giants,SFG,San Diego Padres,SDP,36,7,10,5,3.0,8,7,46,0.278,0.422,0.333,0.756,126,103,0.262,0.57,0.575,,3.0,27,7,9.0,0,59,10,34,19,12,3,0,76,0,0,0.24,4.0,27,0,1,0,0.0,3,6,30,0.037,0.133,0.037,0.17,171,82,-0.238,0.58,0.122,,-4.0,27,10,9.0,0,44,16,22,8,13,3,0,36,3,0,-0.26,-3.0
SDN/SDN201804130,"Friday, April 13, 2018",7:10 p.m. Local,Petco Park,31675,2:32,Night,Home,San Diego Padres,SDP,San Francisco Giants,SFG,35,1,10,1,0.0,1,8,37,0.286,0.324,0.286,0.61,118,90,-0.359,0.83,0.401,,-3.0,24,11,8.0,1,44,16,30,15,12,9,0,41,1,0,-0.141,-1.4,34,5,8,5,4.5,1,6,36,0.235,0.278,0.382,0.66,126,76,0.141,1.03,0.547,,1.4,27,12,9.0,0,42,10,24,17,11,5,0,60,4,1,0.36,3.0
SDN/SDN201804140,"Saturday, April 14, 2018",5:40 p.m. Local,Petco Park,41117,2:59,Night,Home,San Diego Padres,SDP,San Francisco Giants,SFG,34,4,9,4,4.0,3,11,37,0.265,0.324,0.588,0.913,149,87,-0.087,1.32,0.8,,-0.0,24,8,8.0,2,41,18,28,8,15,9,0,42,7,0,-0.412,-1.4,34,5,11,5,5.62,4,9,39,0.324,0.385,0.559,0.943,149,97,0.413,1.09,1.154,,1.4,27,10,9.0,2,58,12,27,12,14,7,0,37,1,0,0.088,0.0
SDN/SDN201804150,"Sunday, April 15, 2018",1:10 p.m. Local,Petco Park,34316,3:09,Day,Home,San Diego Padres,SDP,San Francisco Giants,SFG,32,1,7,1,1.0,1,12,34,0.219,0.235,0.281,0.517,182,80,-0.135,0.51,0.249,,-3.0,24,10,8.0,1,35,18,27,8,13,6,0,32,2,0,-0.365,-6.4,35,10,11,9,10.12,7,12,43,0.314,0.442,0.543,0.985,127,113,0.365,0.62,0.696,,6.4,27,5,9.0,0,55,28,30,15,8,7,0,67,0,0,0.136,3.0
SDN/SDN201804160,"Monday, April 16, 2018",7:10 p.m. Local,Petco Park,23082,2:50,Night,Away,Los Angeles Dodgers,LAD,San Diego Padres,SDP,36,10,9,10,9.0,7,11,43,0.25,0.372,0.528,0.9,140,106,0.459,0.54,0.692,,6.0,27,7,9.0,1,54,20,32,10,15,8,0,67,0,0,0.041,1.0,32,3,6,3,3.0,1,12,34,0.188,0.235,0.344,0.579,170,88,-0.042,0.51,0.304,,-1.0,27,9,9.0,2,43,17,28,8,12,4,0,25,0,0,-0.459,-6.0
SDN/SDN201804170,"Tuesday, April 17, 2018",7:10 p.m. Local,Petco Park,22959,4:12,Night,Away,Los Angeles Dodgers,LAD,San Diego Padres,SDP,46,7,11,7,5.25,6,8,54,0.239,0.333,0.413,0.746,191,121,0.265,1.94,1.196,,1.6,36,7,12.0,1,66,12,43,20,19,10,0,68,5,0,0.234,2.4,41,3,5,2,1.5,7,20,48,0.122,0.25,0.244,0.494,198,120,-0.232,1.2,1.296,,-2.4,36,12,12.0,1,54,35,31,9,12,4,0,51,1,1,-0.266,-1.6
SDN/SDN201804180,"Wednesday, April 18, 2018",7:10 p.m. Local,Petco Park,23748,3:26,Night,Away,Los Angeles Dodgers,LAD,San Diego Padres,SDP,44,13,18,11,11.0,3,11,48,0.409,0.447,0.591,1.038,150,121,0.514,0.64,0.664,,9.0,27,6,9.0,0,60,25,36,15,19,13,0,45,2,0,-0.013,0.0,34,4,8,4,4.0,3,13,39,0.235,0.308,0.265,0.572,186,107,0.013,0.36,0.347,,-0.0,27,10,9.0,1,50,26,31,14,8,4,0,9,0,0,-0.514,-9.0
ARI/ARI201804200,"Friday, April 20, 2018",6:40 p.m. Local,Chase Field,24902,2:54,Night,Away,San Diego Padres,SDP,Arizona Diamondbacks,ARI,33,4,5,2,2.0,2,6,36,0.152,0.2,0.242,0.442,153,90,0.158,1.48,0.71,,-0.6,27,5,9.0,0,59,12,19,19,9,3,0,80,1,0,0.341,3.6,28,1,1,1,1.0,4,14,32,0.036,0.156,0.071,0.228,134,89,-0.342,1.03,0.686,,-3.6,27,15,9.0,1,36,18,35,5,9,5,0,66,2,2,-0.159,0.6
ARI/ARI201804210,"Saturday, April 21, 2018",5:10 p.m. Local,Chase Field,38820,2:55,Night,Home,Arizona Diamondbacks,ARI,San Diego Padres,SDP,33,2,9,2,2.0,1,10,34,0.273,0.294,0.303,0.597,150,79,-0.266,0.73,0.405,,-2.6,24,9,8.0,1,39,15,27,12,11,7,0,48,1,0,-0.234,-1.9,32,6,10,6,6.75,5,10,37,0.312,0.405,0.563,0.968,132,95,0.235,0.94,0.711,,1.9,27,11,9.0,0,53,12,30,9,13,7,0,55,0,0,0.265,2.6
ARI/ARI201804220,"Sunday, April 22, 2018",1:10 p.m. Local,Chase Field,31061,2:42,Day,Home,Arizona Diamondbacks,ARI,San Diego Padres,SDP,31,2,3,2,2.0,1,15,32,0.097,0.125,0.226,0.351,138,92,-0.399,0.69,0.25,,-2.6,24,7,8.0,1,45,24,23,10,6,4,0,41,0,0,-0.102,0.1,29,4,6,3,4.5,4,6,33,0.207,0.303,0.31,0.613,134,85,0.103,0.9,0.442,,-0.1,27,9,9.0,1,40,18,27,9,14,6,0,70,0,0,0.399,2.6
COL/COL201804230,"Monday, April 23, 2018",6:41 p.m. Local,Coors Field,24419,3:24,Night,Away,San Diego Padres,SDP,Colorado Rockies,COL,43,13,16,12,13.0,6,9,49,0.372,0.449,0.581,1.03,144,125,0.626,0.64,1.228,,7.9,27,15,9.0,2,63,19,43,18,16,11,0,32,0,0,-0.127,0.1,34,5,9,5,5.0,2,6,36,0.265,0.306,0.471,0.776,208,85,0.126,0.87,0.564,,-0.1,27,11,9.0,2,49,12,26,17,11,8,0,44,4,4,-0.628,-7.9
COL/COL201804240,"Tuesday, April 24, 2018",7:26 p.m. Local,Coors Field,23727,2:24,Night,Home,Colorado Rockies,COL,San Diego Padres,SDP,30,0,4,0,0.0,2,12,32,0.133,0.188,0.167,0.354,138,74,-0.155,0.39,0.045,,-5.1,24,7,8.0,1,34,19,21,9,9,5,0,20,1,0,-0.345,-3.5,31,8,9,7,7.88,5,10,37,0.29,0.389,0.452,0.841,113,84,0.344,0.27,0.438,,3.5,27,9,9.0,0,44,16,24,8,14,8,0,77,0,0,0.156,5.1
COL/COL201804250,"Wednesday, April 25, 2018",1:10 p.m. Local,Coors Field,32989,3:06,Day,Home,Colorado Rockies,COL,San Diego Padres,SDP,28,2,4,2,2.0,4,16,33,0.143,0.242,0.179,0.421,154,102,-0.35,0.57,0.232,,-3.1,24,6,8.0,0,46,27,29,6,7,4,0,42,0,0,-0.152,-0.5,31,5,9,5,4.5,4,11,37,0.29,0.351,0.355,0.706,165,98,0.153,0.8,0.49,,0.5,27,8,9.0,0,55,14,29,10,12,7,0,76,0,0,0.348,3.1
SDN/SDN201804270,"Friday, April 27, 2018",7:10 p.m. Local,Petco Park,29977,2:40,Night,Away,New York Mets,NYM,San Diego Padres,SDP,33,5,9,5,5.0,4,7,39,0.273,0.368,0.424,0.793,135,85,0.075,1.0,0.626,,1.0,27,11,9.0,1,40,16,29,15,12,4,0,73,2,0,0.425,3.0,29,1,6,1,1.0,4,8,34,0.207,0.303,0.31,0.613,133,86,-0.426,0.78,0.301,,-3.0,27,12,9.0,1,48,20,18,9,13,6,0,51,2,2,-0.075,-1.0
SDN/SDN201804280,"Saturday, April 28, 2018",5:41 p.m. Local,Petco Park,42778,2:50,Night,Home,San Diego Padres,SDP,New York Mets,NYM,31,2,4,2,2.0,2,9,33,0.129,0.182,0.226,0.408,163,66,-0.124,0.23,0.057,,-2.0,24,5,8.0,2,33,11,22,8,14,7,0,9,0,0,-0.377,-8.4,38,12,13,12,13.5,4,10,43,0.342,0.419,0.632,1.05,109,103,0.377,0.27,0.491,,8.4,27,8,9.0,1,58,16,29,7,21,10,0,57,1,0,0.123,2.0
SDN/SDN201804290,"Sunday, April 29, 2018",1:11 p.m. Local,Petco Park,34639,3:29,Day,Away,New York Mets,NYM,San Diego Padres,SDP,45,14,19,14,14.0,7,7,53,0.422,0.5,0.667,1.167,162,134,0.319,0.8,0.7,,10.0,27,7,9.0,0,80,25,29,12,27,13,0,54,0,0,0.181,2.0,38,2,11,2,2.0,2,12,40,0.289,0.325,0.342,0.667,216,116,-0.181,0.51,0.368,,-2.0,27,8,9.0,3,74,22,20,11,15,8,0,39,3,1,-0.32,-10.0
SFN/SFN201804300,"Monday, April 30, 2018",7:15 p.m. Local,AT&T Park,35470,3:19,Night,Home,San Francisco Giants,SFG,San Diego Padres,SDP,36,5,10,4,3.0,5,6,42,0.278,0.357,0.333,0.69,153,98,0.328,1.46,0.955,,1.0,26,7,8.2,0,58,18,22,17,14,8,0,46,1,0,-0.828,-2.4,36,6,10,6,6.23,5,10,42,0.278,0.381,0.389,0.77,166,96,0.83,1.08,1.6,,2.4,27,14,9.0,0,57,12,27,11,15,5,0,51,3,0,-0.329,-1.0
SFN/SFN201805010,"Tuesday, May 1, 2018",7:15 p.m. Local,AT&T Park,36735,2:24,Night,Away,San Diego Padres,SDP,San Francisco Giants,SFG,29,3,5,3,3.0,1,6,30,0.172,0.2,0.448,0.648,146,69,0.134,1.51,0.755,,-1.0,27,8,9.0,0,35,8,26,7,16,4,0,66,0,0,0.365,2.0,33,2,6,2,2.0,5,10,38,0.182,0.289,0.242,0.532,105,87,-0.367,0.92,0.694,,-2.0,27,9,9.0,2,43,17,27,12,11,4,0,65,0,0,-0.135,1.0
SFN/SFN201805020,"Wednesday, May 2, 2018",12:45 p.m. Local,AT&T Park,36475,3:02,Day,Home,San Francisco Giants,SFG,San Diego Padres,SDP,34,4,8,4,4.0,4,9,39,0.235,0.316,0.353,0.669,159,102,-0.024,0.51,0.314,,-0.0,24,6,8.0,1,51,25,26,14,12,3,0,22,2,0,-0.474,-5.4,38,9,14,9,9.0,4,8,44,0.368,0.432,0.579,1.011,169,90,0.473,0.52,0.719,,5.4,27,12,9.0,1,52,16,22,11,20,10,0,50,2,0,0.026,0.0
SDN/SDN201805040,"Friday, May 4, 2018",8:10 p.m. Local,Estadio de Beisbol Monterrey,21536,3:07,Night,Away,Los Angeles Dodgers,LAD,San Diego Padres,SDP,34,4,9,4,4.0,3,9,37,0.265,0.324,0.529,0.854,146,103,0.169,0.72,0.514,,-0.0,27,7,9.0,0,55,17,31,12,13,8,0,77,0,0,0.331,4.0,26,0,0,0,0.0,5,13,31,0.0,0.161,0.0,0.161,164,93,-0.33,0.53,0.153,,-4.0,27,12,9.0,2,45,17,31,7,6,4,0,47,0,0,-0.169,0.0
SDN/SDN201805050,"Saturday, May 5, 2018",6:11 p.m. Local,Estadio de Beisbol Monterrey,21791,3:26,Night,Home,San Diego Padres,SDP,Los Angeles Dodgers,LAD,33,4,10,4,4.0,5,10,40,0.303,0.41,0.455,0.865,148,90,-0.025,1.03,0.918,,-0.0,24,8,8.0,2,49,15,26,10,14,9,0,53,3,0,-0.476,-3.4,30,7,9,7,7.88,5,10,36,0.3,0.389,0.6,0.989,154,87,0.475,1.36,1.026,,3.4,27,9,9.0,1,51,18,18,9,12,8,0,34,3,1,0.025,0.0
SDN/SDN201805060,"Sunday, May 6, 2018",3:10 p.m. Local,Estadio de Beisbol Monterrey,21789,3:10,Day,Home,San Diego Padres,SDP,Los Angeles Dodgers,LAD,37,0,9,0,0.0,3,12,40,0.243,0.3,0.27,0.57,149,102,-0.461,0.92,0.412,,-4.0,24,6,8.0,1,53,14,35,12,13,8,0,57,2,1,-0.04,0.6,33,3,11,3,3.38,3,8,36,0.333,0.389,0.515,0.904,161,97,0.041,1.17,0.614,,-0.6,27,6,9.0,0,57,10,30,12,13,5,0,62,0,0,0.46,4.0
SDN/SDN201805070,"Monday, May 7, 2018",7:12 p.m. Local,Petco Park,17296,3:00,Night,Away,Washington Nationals,WSN,San Diego Padres,SDP,34,8,8,8,8.0,7,8,42,0.235,0.381,0.588,0.969,152,102,0.358,0.77,0.709,,4.0,27,13,9.0,0,59,16,27,10,17,10,0,57,0,0,0.143,-1.0,31,5,8,5,5.0,3,9,36,0.258,0.333,0.355,0.688,160,95,-0.144,0.57,0.376,,1.0,27,10,9.0,3,55,18,24,17,6,3,0,43,0,0,-0.358,-4.0
SDN/SDN201805080,"Tuesday, May 8, 2018",7:10 p.m. Local,Petco Park,18989,2:31,Night,Away,Washington Nationals,WSN,San Diego Padres,SDP,33,4,9,4,4.0,1,10,36,0.273,0.286,0.364,0.649,116,91,0.057,0.83,0.467,,-0.0,27,10,9.0,0,53,14,24,15,11,7,0,78,2,0,0.443,4.0,29,0,3,0,0.0,1,8,30,0.103,0.133,0.103,0.237,132,77,-0.444,0.67,0.149,,-4.0,27,12,9.0,0,38,17,22,11,10,4,0,64,0,0,-0.057,0.0
SDN/SDN201805090,"Wednesday, May 9, 2018",6:12 p.m. Local,Petco Park,18804,2:50,Night,Home,San Diego Padres,SDP,Washington Nationals,WSN,32,1,8,1,1.0,2,12,34,0.25,0.294,0.375,0.669,136,84,-0.542,1.32,0.664,,-3.0,24,9,8.0,0,40,16,28,8,12,7,0,63,2,0,0.043,1.6,30,2,8,2,2.25,5,8,35,0.267,0.371,0.367,0.738,126,78,-0.043,1.57,0.811,,-1.6,27,12,9.0,1,37,13,28,14,8,3,0,56,2,0,0.544,3.0
SDN/SDN201805100,"Thursday, May 10, 2018",7:10 p.m. Local,Petco Park,20515,2:39,Night,Away,St. Louis Cardinals,STL,San Diego Padres,SDP,32,2,8,2,1.0,1,11,34,0.25,0.265,0.344,0.608,134,90,-0.126,1.36,0.417,,-2.0,27,15,9.0,1,46,21,23,8,14,9,0,63,0,0,0.628,3.0,30,1,5,1,1.0,2,5,32,0.167,0.219,0.267,0.485,139,86,-0.628,0.78,0.357,,-3.0,27,7,9.0,1,51,11,24,16,9,2,0,56,0,0,0.127,2.0
SDN/SDN201805110,"Friday, May 11, 2018",7:10 p.m. Local,Petco Park,28207,3:15,Night,Away,St. Louis Cardinals,STL,San Diego Padres,SDP,37,9,13,9,9.0,5,3,44,0.351,0.429,0.757,1.185,174,92,0.362,0.37,0.52,,5.0,27,12,9.0,1,66,7,19,12,24,11,0,62,0,0,0.137,-1.0,38,5,11,4,5.0,3,8,41,0.289,0.341,0.526,0.868,162,111,-0.139,0.3,0.159,,1.0,27,11,9.0,5,66,19,26,14,16,9,0,18,0,0,-0.363,-5.0
SDN/SDN201805120,"Saturday, May 12, 2018",5:56 p.m. Local,Petco Park,32715,4:16,Night,Home,San Diego Padres,SDP,St. Louis Cardinals,STL,47,1,9,1,0.69,4,14,52,0.191,0.269,0.213,0.482,196,125,-0.993,1.65,0.777,,-4.8,36,13,12.0,0,58,24,43,21,12,4,0,66,4,1,0.493,1.9,42,2,7,1,1.5,5,14,47,0.167,0.255,0.19,0.446,204,115,-0.494,1.75,0.915,,-1.9,39,14,13.0,0,57,23,35,15,14,8,0,67,0,0,0.993,4.8
SDN/SDN201805130,"Sunday, May 13, 2018",1:10 p.m. Local,Petco Park,28183,2:47,Day,Home,San Diego Padres,SDP,St. Louis Cardinals,STL,31,3,6,3,3.0,3,12,35,0.194,0.286,0.355,0.641,159,81,-0.319,0.95,0.549,,-1.0,24,8,8.0,0,41,16,24,14,5,2,0,40,3,1,-0.181,-1.4,28,5,8,5,5.62,6,9,37,0.286,0.389,0.357,0.746,129,93,0.181,1.34,0.654,,1.4,27,14,9.0,1,48,13,32,12,10,5,0,73,0,0,0.319,1.0
SDN/SDN201805140,"Monday, May 14, 2018",7:11 p.m. Local,Petco Park,17245,2:55,Night,Away,Colorado Rockies,COL,San Diego Padres,SDP,37,6,11,6,6.0,3,5,40,0.297,0.35,0.541,0.891,145,95,0.472,1.29,1.034,,2.0,27,13,9.0,0,62,7,26,12,20,10,0,43,1,1,0.029,0.0,34,4,8,3,3.0,3,8,37,0.235,0.297,0.382,0.68,138,94,-0.028,0.9,0.861,,-0.0,27,11,9.0,3,51,15,29,17,9,6,0,44,0,0,-0.47,-2.0
SDN/SDN201805150,"Tuesday, May 15, 2018",12:40 p.m. Local,Petco Park,19598,2:23,Day,Home,San Diego Padres,SDP,Colorado Rockies,COL,28,0,1,0,0.0,2,13,30,0.036,0.1,0.036,0.136,127,81,-0.37,0.6,0.063,,-4.0,24,8,8.0,2,43,19,19,8,7,3,0,51,0,0,-0.131,-0.4,30,4,8,4,4.5,2,7,32,0.267,0.313,0.467,0.779,113,81,0.132,0.64,0.497,,0.4,27,9,9.0,0,46,12,23,10,13,7,0,85,4,0,0.369,4.0
PIT/PIT201805170,"Thursday, May 17, 2018",7:07 p.m. Local,PNC Park,11404,2:56,Night,Home,Pittsburgh Pirates,PIT,San Diego Padres,SDP,34,4,9,4,4.0,2,12,37,0.265,0.306,0.382,0.688,143,92,-0.124,1.42,0.82,,-0.2,24,6,8.0,0,45,19,28,12,11,5,0,36,4,0,-0.375,-1.3,32,5,9,4,4.5,3,6,37,0.281,0.333,0.406,0.74,145,90,0.375,1.41,1.111,,1.3,27,9,9.0,0,54,15,21,12,16,10,0,38,2,0,0.124,0.2
PIT/PIT201805180,"Friday, May 18, 2018",7:05 p.m. Local,PNC Park,18920,3:08,Night,Away,San Diego Padres,SDP,Pittsburgh Pirates,PIT,32,3,6,3,2.0,2,8,34,0.188,0.235,0.25,0.485,158,84,-0.044,2.1,0.598,,-1.2,27,10,9.0,0,48,13,23,13,11,7,0,52,3,0,0.545,2.2,34,2,8,2,2.0,6,6,42,0.235,0.381,0.324,0.704,126,95,-0.546,1.04,1.129,,-2.2,27,12,9.0,0,52,13,30,17,11,4,0,54,0,0,0.045,1.2
PIT/PIT201805190,"Saturday, May 19, 2018",7:06 p.m. Local,PNC Park,20578,2:26,Night,Away,San Diego Padres,SDP,Pittsburgh Pirates,PIT,36,6,10,6,5.0,1,7,38,0.278,0.289,0.556,0.845,103,93,0.185,1.0,0.449,,1.8,27,13,9.0,0,57,16,20,20,10,4,0,58,2,1,0.316,2.2,33,2,8,2,2.0,0,3,33,0.242,0.242,0.364,0.606,140,76,-0.316,0.43,0.43,,-2.2,27,14,9.0,2,47,12,17,14,16,12,0,54,0,0,-0.184,-1.8
PIT/PIT201805200,"Sunday, May 20, 2018",1:37 p.m. Local,PNC Park,17783,3:15,Day,Away,San Diego Padres,SDP,Pittsburgh Pirates,PIT,37,8,9,7,7.0,0,7,38,0.243,0.243,0.351,0.595,157,98,0.845,1.45,1.322,,3.8,27,4,9.0,2,59,11,28,17,14,8,0,41,0,0,-0.346,-0.8,36,5,10,5,5.0,5,5,44,0.278,0.364,0.472,0.836,149,98,0.345,1.12,1.282,,0.8,27,11,9.0,1,63,14,21,8,25,6,0,53,1,0,-0.847,-3.8
WAS/WAS201805210,"Monday, May 21, 2018",7:05 p.m. Local,Nationals Park,27890,2:27,Night,Home,Washington Nationals,WSN,San Diego Padres,SDP,31,2,4,2,2.0,3,8,34,0.129,0.206,0.226,0.432,145,91,-0.151,0.29,0.124,,-2.6,24,9,8.0,4,51,14,26,11,12,5,0,26,0,0,-0.349,-5.9,37,10,15,10,11.25,2,4,40,0.405,0.436,0.892,1.328,144,93,0.35,0.38,0.478,,5.9,27,10,9.0,1,65,14,14,12,22,12,0,67,0,0,0.15,2.6
WAS/WAS201805220,"Tuesday, May 22, 2018",7:15 p.m. Local,Nationals Park,25700,2:48,Night,Home,Washington Nationals,WSN,San Diego Padres,SDP,31,1,7,1,1.0,1,10,32,0.226,0.25,0.355,0.605,141,75,-0.549,1.39,0.344,,-3.6,25,8,8.1,1,38,13,24,11,10,6,0,61,0,0,0.05,1.9,32,2,8,2,2.16,3,9,35,0.25,0.314,0.375,0.689,119,95,-0.049,1.18,0.846,,-1.9,27,11,9.0,1,57,19,19,8,15,6,0,58,1,0,0.549,3.6
WAS/WAS201805230,"Wednesday, May 23, 2018",4:05 p.m. Local,Nationals Park,31076,3:00,Day,Away,San Diego Padres,SDP,Washington Nationals,WSN,33,3,8,3,3.0,2,9,35,0.242,0.286,0.333,0.619,143,88,-0.023,1.4,0.531,,-1.6,27,8,9.0,1,49,16,25,10,14,8,0,68,1,0,0.522,3.6,33,1,7,1,1.0,1,12,34,0.212,0.235,0.333,0.569,147,96,-0.521,0.81,0.521,,-3.6,27,9,9.0,0,47,22,27,7,14,8,0,50,1,0,0.021,1.6
LAN/LAN201805250,"Friday, May 25, 2018",7:10 p.m. Local,Dodger Stadium,44612,2:26,Night,Home,Los Angeles Dodgers,LAD,San Diego Padres,SDP,32,1,6,1,0.0,0,15,32,0.188,0.188,0.25,0.438,121,95,-0.301,0.41,0.278,,-3.3,24,8,8.0,2,46,22,27,13,4,2,0,49,0,0,-0.198,-0.2,28,4,5,4,4.5,3,5,31,0.179,0.258,0.393,0.651,133,73,0.198,0.77,0.382,,0.2,27,9,9.0,0,43,10,20,10,13,3,0,70,1,0,0.302,3.3
LAN/LAN201805260,"Saturday, May 26, 2018",7:10 p.m. Local,Dodger Stadium,43920,3:12,Night,Away,San Diego Padres,SDP,Los Angeles Dodgers,LAD,34,7,10,7,7.0,4,9,40,0.294,0.385,0.676,1.061,162,90,0.523,1.29,1.194,,2.7,27,8,9.0,2,55,17,18,11,15,7,0,30,3,0,-0.024,-0.7,35,5,8,5,5.0,5,8,40,0.229,0.325,0.429,0.754,142,100,0.023,0.95,0.915,,0.7,27,10,9.0,4,56,14,30,13,14,4,0,42,1,1,-0.524,-2.7
LAN/LAN201805270,"Sunday, May 27, 2018",1:10 p.m. Local,Dodger Stadium,46650,2:26,Day,Home,Los Angeles Dodgers,LAD,San Diego Padres,SDP,32,1,6,1,1.0,0,10,33,0.188,0.182,0.281,0.463,111,89,-0.45,0.71,0.269,,-3.3,24,6,8.0,2,51,19,19,10,13,5,0,53,0,0,-0.049,-2.2,32,6,10,5,6.75,2,5,34,0.312,0.353,0.531,0.884,127,77,0.051,1.03,0.462,,2.2,27,6,9.0,0,46,9,22,10,17,6,0,73,0,0,0.451,3.3
SDN/SDN201805280,"Monday, May 28, 2018",1:11 p.m. Local,Petco Park,27932,2:41,Day,Away,Miami Marlins,MIA,San Diego Padres,SDP,37,7,15,7,7.0,2,7,39,0.405,0.436,0.514,0.949,125,101,0.304,0.45,0.488,,3.0,27,4,9.0,1,66,12,26,7,23,14,0,68,1,0,0.196,2.0,32,2,6,2,2.0,1,4,33,0.188,0.212,0.344,0.556,157,74,-0.197,0.39,0.136,,-2.0,27,13,9.0,0,43,11,20,7,21,6,0,24,2,0,-0.304,-3.0
SDN/SDN201805290,"Tuesday, May 29, 2018",7:10 p.m. Local,Petco Park,16321,3:02,Night,Home,San Diego Padres,SDP,Miami Marlins,MIA,35,5,10,4,5.0,1,9,36,0.286,0.306,0.486,0.791,151,100,0.06,0.71,0.793,,1.0,24,12,8.0,1,54,17,29,16,10,7,0,41,3,3,-0.561,-5.4,33,9,10,7,7.88,2,8,36,0.303,0.343,0.424,0.767,150,102,0.56,1.0,0.922,,5.4,27,13,9.0,1,65,12,25,16,11,9,0,47,2,1,-0.061,-1.0
SDN/SDN201805300,"Wednesday, May 30, 2018",7:10 p.m. Local,Petco Park,15733,2:20,Night,Home,San Diego Padres,SDP,Miami Marlins,MIA,31,2,4,2,2.0,1,6,33,0.129,0.182,0.226,0.408,131,76,-0.162,1.92,0.396,,-2.0,25,6,8.1,1,41,11,24,19,6,2,0,66,0,0,-0.338,0.2,30,3,6,2,2.16,5,9,36,0.2,0.314,0.367,0.681,122,79,0.337,0.9,1.301,,-0.2,27,15,9.0,1,44,12,23,9,14,5,0,65,0,0,0.162,2.0
SDN/SDN201805310,"Thursday, May 31, 2018",6:10 p.m. Local,Petco Park,17373,2:59,Night,Home,San Diego Padres,SDP,Miami Marlins,MIA,36,3,10,3,3.0,2,11,38,0.278,0.316,0.361,0.677,159,100,-0.081,0.58,0.431,,-1.0,24,9,8.0,1,49,19,32,17,8,5,0,33,2,0,-0.421,-4.4,35,8,10,8,7.88,7,11,42,0.286,0.405,0.429,0.833,155,94,0.42,0.7,0.677,,4.4,27,12,9.0,1,47,13,34,12,12,8,0,63,3,0,0.08,1.0
SDN/SDN201806010,"Friday, June 1, 2018",7:11 p.m. Local,Petco Park,25729,2:57,Night,Away,Cincinnati Reds,CIN,San Diego Padres,SDP,34,7,8,6,6.0,7,4,41,0.235,0.366,0.382,0.748,150,79,0.262,0.62,0.513,,3.0,27,11,9.0,0,46,8,25,18,13,6,0,60,1,0,0.238,2.0,33,2,7,2,2.0,3,9,36,0.212,0.278,0.303,0.581,144,104,-0.238,0.54,0.201,,-2.0,27,13,9.0,1,59,16,29,11,13,7,0,34,2,0,-0.262,-3.0
SDN/SDN201806020,"Saturday, June 2, 2018",5:40 p.m. Local,Petco Park,31710,2:50,Night,Home,San Diego Padres,SDP,Cincinnati Reds,CIN,33,2,8,2,2.0,2,12,36,0.242,0.306,0.485,0.79,150,96,-0.129,0.48,0.272,,-2.0,24,12,8.0,0,51,16,29,8,13,4,0,39,3,2,-0.37,-4.4,33,8,12,8,7.88,2,4,37,0.364,0.378,0.394,0.772,153,98,0.37,0.54,0.504,,4.4,27,6,9.0,2,60,8,30,19,12,8,0,55,0,0,0.13,2.0
SDN/SDN201806030,"Sunday, June 3, 2018",3:11 p.m. Local,Petco Park,25377,3:06,Day,Home,San Diego Padres,SDP,Cincinnati Reds,CIN,37,3,12,3,3.0,2,7,39,0.324,0.359,0.541,0.9,139,101,-0.123,0.89,0.512,,-1.0,24,12,8.0,2,62,15,24,12,18,12,0,38,3,0,-0.378,-2.4,32,6,9,6,6.75,3,6,35,0.281,0.343,0.469,0.812,163,93,0.379,0.82,0.836,,2.4,27,10,9.0,2,59,19,18,13,13,6,0,46,0,0,0.122,1.0
SDN/SDN201806040,"Monday, June 4, 2018",7:10 p.m. Local,Petco Park,19419,2:57,Night,Home,San Diego Padres,SDP,Atlanta Braves,ATL,36,4,9,4,4.0,2,7,39,0.25,0.308,0.361,0.669,163,102,-0.026,0.49,0.351,,-0.0,24,11,8.0,4,63,14,25,18,11,6,0,35,2,1,-0.474,-7.4,35,11,13,11,12.38,5,4,42,0.371,0.439,0.886,1.325,145,94,0.473,0.57,0.732,,7.4,27,13,9.0,0,54,13,27,15,18,7,0,56,0,0,0.027,0.0
SDN/SDN201806050,"Tuesday, June 5, 2018",7:10 p.m. Local,Petco Park,21049,2:55,Night,Away,Atlanta Braves,ATL,San Diego Padres,SDP,44,14,18,14,14.0,5,3,51,0.409,0.48,0.75,1.23,144,112,0.29,0.5,0.561,,10.0,27,11,9.0,1,77,7,28,18,24,12,0,67,0,0,0.21,3.0,28,1,4,1,1.0,5,9,33,0.143,0.273,0.25,0.523,185,82,-0.21,0.39,0.162,,-3.0,27,10,9.0,3,42,11,29,10,9,2,0,8,0,0,-0.29,-10.0
SDN/SDN201806060,"Wednesday, June 6, 2018",12:40 p.m. Local,Petco Park,20898,2:47,Day,Home,San Diego Padres,SDP,Atlanta Braves,ATL,30,1,4,1,1.0,2,13,34,0.133,0.212,0.267,0.479,143,87,-0.508,1.0,0.417,,-3.0,24,6,8.0,0,45,23,19,6,12,6,0,54,0,0,0.009,0.6,29,3,7,3,3.38,4,11,34,0.241,0.333,0.31,0.644,132,94,-0.01,1.27,0.519,,-0.6,27,7,9.0,1,46,28,20,9,10,6,0,51,1,0,0.509,3.0
MIA/MIA201806080,"Friday, June 8, 2018",7:11 p.m. Local,Marlins Park,10654,3:00,Night,Home,Miami Marlins,MIA,San Diego Padres,SDP,30,0,6,0,0.0,2,10,33,0.2,0.25,0.267,0.517,162,87,-0.366,0.79,0.287,,-4.1,24,7,8.0,0,43,15,29,9,12,6,0,42,0,0,-0.138,-0.4,30,4,8,4,4.5,9,9,40,0.267,0.425,0.333,0.758,138,94,0.138,0.83,0.565,,0.4,27,10,9.0,0,56,13,26,10,12,7,0,63,3,0,0.363,4.1
MIA/MIA201806090,"Saturday, June 9, 2018",4:12 p.m. Local,Marlins Park,12089,3:07,Day,Away,San Diego Padres,SDP,Miami Marlins,MIA,37,5,12,4,5.0,4,8,41,0.324,0.39,0.459,0.85,136,107,0.313,1.65,0.944,,0.9,27,7,9.0,1,60,18,29,8,21,9,0,47,2,2,0.185,0.1,34,4,7,2,3.0,2,11,36,0.206,0.25,0.353,0.603,176,85,-0.186,1.19,0.886,,-0.1,27,8,9.0,1,42,18,25,9,14,9,0,31,1,0,-0.315,-0.9
MIA/MIA201806100,"Sunday, June 10, 2018",1:10 p.m. Local,Marlins Park,12984,2:24,Day,Away,San Diego Padres,SDP,Miami Marlins,MIA,31,3,8,3,3.0,1,8,34,0.258,0.273,0.387,0.66,115,84,0.008,1.1,0.414,,-1.1,27,14,9.0,0,53,13,18,12,13,4,0,71,0,0,0.49,3.1,29,1,2,1,1.0,3,8,33,0.069,0.182,0.069,0.251,136,70,-0.491,0.7,0.247,,-3.1,27,11,9.0,1,36,17,17,16,5,2,0,53,0,0,-0.01,1.1
SLN/SLN201806110,"Monday, June 11, 2018",7:16 p.m. Local,Busch Stadium III,40971,2:53,Night,Home,St. Louis Cardinals,STL,San Diego Padres,SDP,31,2,4,2,2.0,3,10,35,0.129,0.229,0.258,0.487,130,93,-0.28,0.7,0.382,,-2.2,24,9,8.0,3,46,24,23,10,11,6,0,36,0,0,-0.219,-1.3,34,5,12,5,5.62,0,4,35,0.353,0.353,0.618,0.971,156,85,0.219,0.99,0.611,,1.2,27,8,9.0,1,53,4,28,17,14,4,0,68,2,1,0.281,2.2
SLN/SLN201806120,"Tuesday, June 12, 2018",7:16 p.m. Local,Busch Stadium III,40199,2:25,Night,Away,San Diego Padres,SDP,St. Louis Cardinals,STL,33,4,7,4,4.0,0,9,34,0.212,0.212,0.333,0.545,113,81,0.098,1.04,0.416,,-0.2,27,11,9.0,0,52,10,19,16,9,2,0,63,0,0,0.403,2.2,31,2,5,2,2.0,0,9,32,0.161,0.188,0.161,0.349,117,79,-0.402,0.62,0.284,,-2.2,27,10,9.0,1,40,16,23,12,10,5,0,53,0,0,-0.098,0.2
SLN/SLN201806130,"Wednesday, June 13, 2018",7:16 p.m. Local,Busch Stadium III,44094,2:45,Night,Away,San Diego Padres,SDP,St. Louis Cardinals,STL,35,4,10,4,4.0,1,9,37,0.286,0.306,0.4,0.706,132,87,0.064,1.08,0.455,,-0.2,27,10,9.0,1,49,16,22,12,15,11,0,47,1,0,0.435,2.2,33,2,8,2,2.0,0,7,34,0.242,0.265,0.333,0.598,128,90,-0.434,0.61,0.414,,-2.2,27,7,9.0,0,53,17,20,11,15,8,0,37,1,1,-0.065,0.2
ATL/ATL201806140,"Thursday, June 14, 2018",7:35 p.m. Local,SunTrust Park,25250,2:26,Night,Home,Atlanta Braves,ATL,San Diego Padres,SDP,33,2,8,2,2.0,0,6,34,0.242,0.242,0.333,0.576,119,88,-0.426,0.65,0.46,,-2.4,24,9,8.0,1,56,10,22,11,17,8,0,57,1,1,-0.075,-0.1,28,4,5,3,3.38,2,6,33,0.179,0.281,0.357,0.638,117,82,0.075,1.22,0.44,,0.1,27,7,9.0,0,47,12,23,14,9,5,0,75,0,0,0.425,2.4
ATL/ATL201806150,"Friday, June 15, 2018",7:36 p.m. Local,SunTrust Park,41497,2:50,Night,Away,San Diego Padres,SDP,Atlanta Braves,ATL,37,9,14,9,9.0,5,5,42,0.378,0.452,0.595,1.047,130,86,0.497,1.02,1.451,,4.6,27,9,9.0,1,48,18,20,18,14,6,0,54,0,0,0.005,1.4,34,3,6,3,2.0,3,11,37,0.176,0.243,0.324,0.567,140,85,-0.006,1.24,0.685,,-1.4,27,16,9.0,2,49,19,17,13,11,4,0,48,2,1,-0.497,-4.6
ATL/ATL201806160,"Saturday, June 16, 2018",5:12 p.m. Local,SunTrust Park,41916,2:19,Night,Home,Atlanta Braves,ATL,San Diego Padres,SDP,31,0,4,0,0.0,1,13,33,0.129,0.182,0.194,0.375,107,99,-0.729,0.72,0.31,,-4.4,24,7,8.0,1,46,29,24,9,9,5,0,69,0,0,0.23,2.9,29,1,5,1,1.12,0,7,29,0.172,0.172,0.276,0.448,137,75,-0.23,1.54,0.217,,-2.9,27,8,9.0,0,46,10,19,12,10,2,0,74,0,0,0.729,4.4
ATL/ATL201806170,"Sunday, June 17, 2018",1:37 p.m. Local,SunTrust Park,40251,3:10,Day,Home,Atlanta Braves,ATL,San Diego Padres,SDP,31,1,6,1,1.0,3,17,36,0.194,0.278,0.194,0.471,132,107,-0.438,0.7,0.545,,-3.4,24,5,8.0,1,50,27,30,9,6,2,0,61,1,0,-0.062,-0.1,32,4,7,4,4.5,1,11,33,0.219,0.242,0.406,0.649,166,92,0.061,1.4,0.47,,0.1,27,5,9.0,0,51,22,19,8,13,5,0,80,0,0,0.437,3.4
SDN/SDN201806190,"Tuesday, June 19, 2018",7:10 p.m. Local,Petco Park,37485,3:21,Night,Away,Oakland Athletics,OAK,San Diego Padres,SDP,36,4,7,3,2.7,4,10,40,0.194,0.275,0.361,0.636,166,103,0.195,0.93,1.462,,-0.5,30,9,10.0,0,56,22,25,9,17,5,0,53,0,0,0.304,2.5,36,2,6,2,1.8,3,14,39,0.167,0.231,0.25,0.481,168,108,-0.305,1.78,0.397,,-2.5,30,10,10.0,2,57,29,22,12,10,6,0,69,1,0,-0.196,0.5
SDN/SDN201806200,"Wednesday, June 20, 2018",12:41 p.m. Local,Petco Park,28225,3:04,Day,Away,Oakland Athletics,OAK,San Diego Padres,SDP,41,12,15,12,11.0,4,10,47,0.366,0.426,0.78,1.206,148,118,0.376,0.29,0.543,,8.0,27,9,9.0,1,80,11,27,12,20,7,0,63,1,0,0.124,0.0,35,4,9,3,3.0,4,11,39,0.257,0.333,0.4,0.733,195,92,-0.123,0.29,0.129,,-0.0,27,5,9.0,5,49,19,26,13,11,8,0,34,1,0,-0.376,-8.0
SFN/SFN201806210,"Thursday, June 21, 2018",7:15 p.m. Local,AT&T Park,37497,2:23,Night,Home,San Francisco Giants,SFG,San Diego Padres,SDP,31,0,4,0,0.0,2,9,33,0.129,0.182,0.194,0.375,132,81,-0.581,0.85,0.222,,-4.0,24,10,8.0,0,41,9,31,12,10,3,0,65,2,1,0.08,0.6,28,3,6,2,2.25,4,4,33,0.214,0.303,0.357,0.66,114,78,-0.08,1.17,0.418,,-0.6,27,12,9.0,0,46,11,24,10,15,5,0,82,0,0,0.58,4.0
SFN/SFN201806220,"Friday, June 22, 2018",7:14 p.m. Local,AT&T Park,40546,2:53,Night,Away,San Diego Padres,SDP,San Francisco Giants,SFG,36,6,12,5,5.0,3,5,40,0.333,0.385,0.417,0.801,129,101,0.169,1.42,0.798,,2.0,27,12,9.0,0,66,13,22,15,17,10,0,62,3,1,0.331,2.0,32,2,5,1,2.0,1,8,33,0.156,0.182,0.219,0.401,149,80,-0.331,1.1,0.563,,-2.0,27,12,9.0,0,45,18,17,16,8,2,0,47,2,2,-0.168,-2.0
SFN/SFN201806230,"Saturday, June 23, 2018",1:05 p.m. Local,AT&T Park,40348,2:36,Day,Home,San Francisco Giants,SFG,San Diego Padres,SDP,33,3,11,2,2.0,3,6,36,0.333,0.389,0.485,0.874,133,82,-0.308,1.04,0.537,,-1.0,24,6,8.0,0,51,10,21,16,11,6,0,55,2,0,-0.19,-1.4,31,5,8,5,5.62,2,8,35,0.258,0.314,0.419,0.734,125,91,0.189,1.07,0.797,,1.4,27,16,9.0,1,54,14,23,8,16,8,0,52,3,0,0.309,1.0
SFN/SFN201806240,"Sunday, June 24, 2018",1:05 p.m. Local,AT&T Park,39230,3:02,Day,Home,San Francisco Giants,SFG,San Diego Padres,SDP,38,2,6,2,1.64,3,10,41,0.158,0.22,0.237,0.456,167,103,-0.292,1.89,0.828,,-2.9,31,13,10.1,1,60,19,24,12,16,9,0,61,0,0,-0.209,0.6,39,3,9,3,2.61,2,10,42,0.231,0.286,0.436,0.722,155,114,0.21,1.38,1.478,,-0.6,33,8,11.0,1,61,22,31,14,15,10,0,70,1,1,0.291,2.9
TEX/TEX201806250,"Monday, June 25, 2018",7:08 p.m. Local,Globe Life Park in Arlington,23470,3:14,Night,Home,Texas Rangers,TEX,San Diego Padres,SDP,36,4,11,4,4.0,1,8,37,0.306,0.324,0.5,0.824,163,95,-0.041,1.13,0.625,,-1.1,24,6,8.0,0,58,20,17,17,11,4,0,62,5,2,-0.461,-2.5,34,7,12,7,5.62,3,8,40,0.353,0.4,0.382,0.782,135,106,0.46,0.91,1.07,,2.5,27,11,9.0,2,52,18,36,13,15,6,0,37,0,0,0.04,1.1
TEX/TEX201806260,"Tuesday, June 26, 2018",7:09 p.m. Local,Globe Life Park in Arlington,21780,3:07,Night,Away,San Diego Padres,SDP,Texas Rangers,TEX,31,3,7,3,3.0,5,11,37,0.226,0.324,0.29,0.615,150,97,0.04,1.2,0.923,,-2.1,27,5,9.0,2,53,16,28,5,16,8,0,56,0,0,0.459,3.1,35,2,8,2,2.0,3,11,39,0.229,0.308,0.4,0.708,157,97,-0.459,1.42,0.474,,-3.1,27,5,9.0,0,49,16,32,6,18,12,0,65,1,0,-0.041,2.1
TEX/TEX201806270,"Wednesday, June 27, 2018",7:10 p.m. Local,Globe Life Park in Arlington,21365,2:24,Night,Home,Texas Rangers,TEX,San Diego Padres,SDP,31,2,4,2,2.0,2,9,33,0.129,0.182,0.194,0.375,125,77,-0.393,0.69,0.332,,-3.1,24,9,8.0,1,40,17,20,4,18,10,0,43,1,0,-0.108,-0.5,34,5,12,5,5.62,2,4,40,0.353,0.436,0.618,1.054,124,79,0.109,1.11,0.545,,0.5,27,3,9.0,0,46,8,25,13,18,8,0,80,2,1,0.391,3.1
SDN/SDN201806290,"Friday, June 29, 2018",7:10 p.m. Local,Petco Park,27083,3:02,Night,Away,Pittsburgh Pirates,PIT,San Diego Padres,SDP,36,6,11,5,3.0,0,8,38,0.306,0.324,0.472,0.797,137,96,0.313,0.62,0.598,,2.0,27,11,9.0,0,56,15,25,11,18,7,0,66,2,1,0.189,1.0,37,3,12,3,3.0,2,8,40,0.324,0.359,0.351,0.71,143,95,-0.187,0.53,0.269,,-1.0,27,11,9.0,1,55,15,25,16,14,8,0,34,0,0,-0.312,-2.0
SDN/SDN201806300,"Saturday, June 30, 2018",7:10 p.m. Local,Petco Park,32418,2:48,Night,Home,San Diego Padres,SDP,Pittsburgh Pirates,PIT,33,3,7,3,3.0,4,10,37,0.212,0.297,0.394,0.691,115,104,-0.359,0.54,0.719,,-1.0,24,12,8.0,1,49,16,39,12,11,5,0,42,1,0,-0.143,-0.4,28,4,5,4,4.5,2,9,31,0.179,0.233,0.393,0.626,158,74,0.144,1.28,0.374,,0.4,27,13,9.0,0,36,18,20,9,11,4,0,66,0,0,0.357,1.0
SDN/SDN201807010,"Sunday, July 1, 2018",1:11 p.m. Local,Petco Park,32099,3:30,Day,Away,Pittsburgh Pirates,PIT,San Diego Padres,SDP,36,7,9,7,7.0,3,5,39,0.25,0.308,0.556,0.863,189,86,0.499,1.42,1.011,,3.0,27,8,9.0,1,50,10,26,18,13,4,0,37,7,0,0.002,-1.0,35,5,9,5,4.0,7,10,43,0.257,0.372,0.371,0.744,138,114,-0.002,0.85,0.974,,1.0,27,13,9.0,3,60,29,25,13,13,6,0,22,2,0,-0.498,-3.0
OAK/OAK201807030,"Tuesday, July 3, 2018",6:07 p.m. Local,Oakland-Alameda County Coliseum,29925,2:39,Night,Home,Oakland Athletics,OAK,San Diego Padres,SDP,34,2,9,2,2.0,4,9,38,0.265,0.342,0.294,0.636,108,103,-0.115,1.04,0.663,,-2.5,24,13,8.0,2,60,17,26,9,16,8,0,37,0,0,-0.385,-2.0,27,6,8,6,6.75,5,2,32,0.296,0.406,0.556,0.962,158,64,0.385,1.08,0.925,,2.0,27,5,9.0,0,42,4,18,15,10,4,0,45,1,0,0.115,2.5
OAK/OAK201807040,"Wednesday, July 4, 2018",1:07 p.m. Local,Oakland-Alameda County Coliseum,14408,2:33,Day,Home,Oakland Athletics,OAK,San Diego Padres,SDP,32,2,7,2,2.0,4,3,36,0.219,0.306,0.344,0.649,132,79,-0.398,1.4,0.609,,-2.5,24,14,8.0,0,52,12,15,12,17,8,0,52,3,1,-0.102,-0.0,28,4,6,4,4.5,6,5,35,0.214,0.371,0.357,0.729,110,76,0.101,1.43,0.922,,0.0,27,11,9.0,1,44,10,22,10,13,8,0,60,1,0,0.398,2.5
ARI/ARI201807050,"Thursday, July 5, 2018",6:41 p.m. Local,Chase Field,17982,3:15,Night,Away,San Diego Padres,SDP,Arizona Diamondbacks,ARI,33,6,8,5,4.0,3,10,36,0.242,0.306,0.485,0.79,152,95,0.23,1.11,0.661,,1.4,27,6,9.0,1,52,20,24,12,11,5,0,49,2,0,0.271,1.6,36,3,11,3,3.0,2,8,39,0.306,0.359,0.444,0.803,152,106,-0.27,0.61,0.601,,-1.6,27,11,9.0,1,52,20,34,11,17,6,0,47,1,1,-0.229,-1.4
ARI/ARI201807060,"Friday, July 6, 2018",6:40 p.m. Local,Chase Field,25128,2:52,Night,Home,Arizona Diamondbacks,ARI,San Diego Padres,SDP,31,1,5,1,1.0,1,8,33,0.161,0.212,0.194,0.406,135,87,-0.489,1.25,0.337,,-3.6,24,7,8.0,0,49,17,21,14,9,4,0,58,6,1,-0.013,1.1,30,3,6,3,3.38,3,7,35,0.2,0.314,0.267,0.581,128,87,0.014,1.21,0.661,,-1.1,27,14,9.0,0,45,17,25,11,12,7,0,66,0,0,0.487,3.6
ARI/ARI201807070,"Saturday, July 7, 2018",7:10 p.m. Local,Chase Field,27091,3:23,Night,Home,Arizona Diamondbacks,ARI,San Diego Padres,SDP,32,5,7,5,5.0,4,10,36,0.219,0.306,0.594,0.899,201,93,0.112,0.38,0.304,,0.4,24,8,8.0,5,46,18,29,12,10,2,0,10,3,2,-0.612,-15.9,41,20,18,19,20.25,7,10,50,0.439,0.52,0.902,1.422,146,119,0.611,0.31,0.746,,15.9,27,10,9.0,4,60,19,40,12,20,9,0,42,1,0,-0.112,-0.4
ARI/ARI201807080,"Sunday, July 8, 2018",1:11 p.m. Local,Chase Field,24869,5:31,Day,Away,San Diego Padres,SDP,Arizona Diamondbacks,ARI,59,4,13,4,2.25,8,20,67,0.22,0.313,0.305,0.619,241,166,-0.831,1.98,1.836,,-4.1,48,22,16.0,0,85,29,52,18,21,10,0,43,0,0,1.333,5.1,57,3,11,3,1.69,4,18,63,0.193,0.27,0.263,0.533,277,161,-1.333,2.01,1.237,,-5.1,48,13,16.0,1,91,33,37,22,17,11,0,45,3,0,0.833,4.1
SDN/SDN201807090,"Monday, July 9, 2018",7:10 p.m. Local,Petco Park,28110,2:50,Night,Away,Los Angeles Dodgers,LAD,San Diego Padres,SDP,38,8,14,8,8.0,4,2,43,0.368,0.419,0.5,0.919,136,93,0.275,0.41,0.581,,4.0,27,10,9.0,1,61,9,23,17,20,12,0,72,0,0,0.225,2.0,34,2,5,1,1.0,1,10,35,0.147,0.171,0.265,0.436,149,93,-0.225,0.57,0.083,,-2.0,27,15,9.0,0,55,17,21,11,13,6,0,30,0,0,-0.276,-4.0
SDN/SDN201807100,"Tuesday, July 10, 2018",7:10 p.m. Local,Petco Park,26272,2:18,Night,Home,San Diego Padres,SDP,Los Angeles Dodgers,LAD,30,1,4,1,1.0,2,9,32,0.133,0.188,0.267,0.454,111,76,-0.353,0.67,0.136,,-3.0,24,8,8.0,2,40,17,19,8,13,6,0,51,0,0,-0.148,-0.4,31,4,8,4,4.5,1,8,32,0.258,0.281,0.452,0.733,121,84,0.148,0.66,0.501,,0.4,27,6,9.0,1,49,13,22,13,10,4,0,78,0,0,0.352,3.0
SDN/SDN201807110,"Wednesday, July 11, 2018",7:10 p.m. Local,Petco Park,26448,3:18,Night,Away,Los Angeles Dodgers,LAD,San Diego Padres,SDP,37,4,10,3,3.0,5,5,42,0.27,0.357,0.351,0.708,134,100,0.163,1.2,0.763,,-0.0,27,9,9.0,1,61,9,30,17,15,4,0,65,1,0,0.335,2.0,31,2,5,2,2.0,2,12,33,0.161,0.212,0.323,0.535,158,90,-0.335,0.91,0.486,,-2.0,27,9,9.0,0,45,20,25,9,10,5,0,43,2,0,-0.165,0.0
SDN/SDN201807120,"Thursday, July 12, 2018",7:10 p.m. Local,Petco Park,29595,3:14,Night,Away,Los Angeles Dodgers,LAD,San Diego Padres,SDP,30,3,5,3,3.0,4,9,36,0.167,0.306,0.233,0.539,155,89,-0.029,1.55,0.61,,-1.0,27,8,9.0,0,44,13,32,11,10,6,0,64,2,2,0.527,2.0,35,2,8,2,2.0,3,10,38,0.229,0.289,0.314,0.604,144,99,-0.526,1.04,0.619,,-2.0,27,10,9.0,0,55,15,29,12,13,5,0,61,3,1,0.026,1.0
SDN/SDN201807130,"Friday, July 13, 2018",7:10 p.m. Local,Petco Park,38988,3:29,Night,Away,Chicago Cubs,CHC,San Diego Padres,SDP,35,5,9,4,2.7,5,7,42,0.257,0.366,0.371,0.737,164,101,0.394,1.57,1.585,,0.5,30,9,10.0,1,61,13,27,21,8,5,0,44,2,0,0.106,0.5,39,4,10,4,3.6,4,14,44,0.256,0.341,0.359,0.7,160,109,-0.104,1.63,1.068,,-0.5,30,20,10.0,0,60,22,27,13,12,6,0,49,0,0,-0.394,-0.5
SDN/SDN201807140,"Saturday, July 14, 2018",7:10 p.m. Local,Petco Park,38837,3:13,Night,Away,Chicago Cubs,CHC,San Diego Padres,SDP,40,11,13,11,11.0,3,10,43,0.325,0.372,0.625,0.997,168,99,0.529,0.77,1.007,,7.0,27,8,9.0,2,62,7,30,11,19,7,0,52,1,0,-0.029,-2.0,33,6,8,6,6.0,4,4,37,0.242,0.324,0.515,0.839,163,99,0.028,0.79,0.598,,2.0,27,5,9.0,3,53,11,35,7,22,12,0,33,1,0,-0.53,-7.0
SDN/SDN201807150,"Sunday, July 15, 2018",1:10 p.m. Local,Petco Park,37672,3:24,Day,Away,Chicago Cubs,CHC,San Diego Padres,SDP,35,7,10,7,6.0,3,11,42,0.286,0.381,0.343,0.724,177,105,0.338,0.74,0.575,,3.0,27,8,9.0,2,68,22,17,14,11,6,0,48,3,1,0.162,0.0,34,4,9,4,4.0,5,10,40,0.265,0.375,0.441,0.816,161,101,-0.16,0.46,0.386,,-0.0,27,7,9.0,0,54,16,31,7,17,7,0,28,0,0,-0.338,-3.0
PHI/PHI201807200,"Friday, July 20, 2018",7:07 p.m. Local,Citizens Bank Park,30034,3:15,Night,Home,Philadelphia Phillies,PHI,San Diego Padres,SDP,35,5,9,4,4.0,5,10,40,0.257,0.35,0.314,0.664,135,115,-0.001,0.75,0.853,,0.6,24,9,8.0,1,64,17,34,7,18,11,0,22,1,0,-0.498,-7.1,34,11,12,10,12.38,4,8,38,0.353,0.421,0.471,0.892,180,80,0.498,1.16,0.791,,7.1,27,8,9.0,0,44,12,24,14,12,5,0,29,2,0,0.003,-0.6
PHI/PHI201807221,"Sunday, July 22, 2018",12:09 p.m. Local,Citizens Bank Park,29392,3:10,Day,Away,San Diego Padres,SDP,Philadelphia Phillies,PHI,41,10,15,9,7.0,1,13,43,0.366,0.372,0.537,0.909,148,114,0.36,0.94,0.657,,5.6,27,10,9.0,1,60,21,33,13,16,3,0,51,0,0,0.141,2.4,34,2,6,2,2.0,4,11,40,0.176,0.3,0.294,0.594,170,95,-0.139,0.52,0.473,,-2.4,27,6,9.0,1,44,14,37,12,11,5,0,41,5,3,-0.361,-5.6
PHI/PHI201807222,"Sunday, July 22, 2018",6:06 p.m. Local,Citizens Bank Park,25054,2:41,Night,Home,Philadelphia Phillies,PHI,San Diego Padres,SDP,28,0,2,0,0.0,1,8,30,0.071,0.133,0.071,0.205,138,71,-0.473,0.73,0.23,,-4.4,24,6,8.0,2,36,15,20,11,9,3,0,55,2,2,-0.027,-1.1,32,5,8,5,5.62,3,9,36,0.25,0.333,0.469,0.802,105,87,0.025,1.04,0.496,,1.1,27,10,9.0,0,45,19,23,7,16,5,0,79,0,0,0.474,4.4
NYN/NYN201807230,"Monday, July 23, 2018",7:10 p.m. Local,Citi Field,21731,2:57,Night,Away,San Diego Padres,SDP,New York Mets,NYM,32,3,5,2,2.0,2,11,34,0.156,0.206,0.281,0.487,156,90,0.017,1.75,0.64,,-1.0,27,5,9.0,0,52,15,23,8,13,5,0,54,2,1,0.485,2.0,35,2,7,2,2.0,1,12,38,0.2,0.263,0.2,0.463,125,106,-0.485,1.02,0.726,,-2.0,27,7,9.0,0,59,22,25,14,9,3,0,70,0,0,-0.015,1.0
NYN/NYN201807240,"Tuesday, July 24, 2018",7:10 p.m. Local,Citi Field,21925,2:31,Night,Home,New York Mets,NYM,San Diego Padres,SDP,30,3,6,3,3.0,1,4,32,0.2,0.226,0.233,0.459,139,87,-0.1,0.53,0.246,,-1.0,24,4,8.0,1,51,11,25,9,18,8,0,28,0,0,-0.399,-2.4,33,6,9,6,6.75,3,11,36,0.273,0.333,0.485,0.818,130,88,0.399,0.67,0.612,,2.4,27,9,9.0,0,42,21,25,6,16,8,0,63,0,0,0.101,1.0
NYN/NYN201807250,"Wednesday, July 25, 2018",12:46 p.m. Local,Citi Field,30963,2:18,Day,Home,New York Mets,NYM,San Diego Padres,SDP,32,4,7,3,4.0,3,8,36,0.219,0.306,0.406,0.712,120,79,-0.12,0.86,0.614,,0.0,24,10,8.0,1,45,12,22,7,17,7,0,32,0,0,-0.378,-2.4,29,6,5,6,6.75,3,5,32,0.172,0.25,0.276,0.526,115,73,0.38,1.1,0.745,,2.4,27,9,9.0,2,43,8,22,11,13,5,0,55,1,0,0.12,-0.0
SDN/SDN201807270,"Friday, July 27, 2018",7:10 p.m. Local,Petco Park,34725,2:37,Night,Away,Arizona Diamondbacks,ARI,San Diego Padres,SDP,37,6,11,6,6.0,2,7,39,0.297,0.333,0.432,0.766,126,91,0.399,0.49,0.68,,2.0,27,12,9.0,2,59,10,22,13,16,8,1,67,0,0,0.1,2.0,32,2,8,2,2.0,0,9,32,0.25,0.25,0.438,0.688,142,86,-0.1,0.52,0.25,,-2.0,27,7,9.0,0,45,15,26,13,10,7,0,17,2,0,-0.399,-2.0
SDN/SDN201807280,"Saturday, July 28, 2018",5:40 p.m. Local,Petco Park,37149,3:15,Night,Away,Arizona Diamondbacks,ARI,San Diego Padres,SDP,40,9,15,9,9.0,6,6,47,0.375,0.457,0.5,0.957,143,107,0.462,1.11,1.174,,5.0,27,14,9.0,0,63,11,33,15,21,15,0,50,0,0,0.037,0.0,33,4,7,4,4.0,3,9,36,0.212,0.278,0.333,0.611,174,95,-0.037,1.27,0.654,,-0.0,27,11,9.0,0,50,24,21,14,10,7,0,38,4,2,-0.461,-5.0
SDN/SDN201807290,"Sunday, July 29, 2018",1:21 p.m. Local,Petco Park,32529,3:18,Day,Away,Arizona Diamondbacks,ARI,San Diego Padres,SDP,33,5,9,5,5.0,4,8,38,0.273,0.351,0.576,0.927,145,96,0.277,1.42,0.693,,1.0,27,11,9.0,0,56,15,25,15,11,3,0,49,2,0,0.225,0.0,35,4,8,4,4.0,3,12,38,0.229,0.289,0.314,0.604,150,91,-0.224,0.6,0.781,,-0.0,27,12,9.0,3,49,15,27,13,10,7,0,31,2,0,-0.275,-1.0
SDN/SDN201807300,"Monday, July 30, 2018",7:10 p.m. Local,Petco Park,31725,4:01,Night,Away,San Francisco Giants,SFG,San Diego Padres,SDP,44,5,11,5,3.75,3,9,49,0.25,0.327,0.386,0.713,180,130,0.032,1.75,1.076,,-0.4,36,7,12.0,1,71,20,42,13,22,10,0,54,3,0,0.468,2.4,44,3,9,3,2.25,2,15,48,0.205,0.234,0.341,0.575,198,123,-0.468,1.12,1.199,,-2.4,36,11,12.0,2,55,29,39,11,20,10,0,42,0,0,-0.032,0.4
SDN/SDN201807310,"Tuesday, July 31, 2018",1:10 p.m. Local,Petco Park,29209,3:05,Day,Away,San Francisco Giants,SFG,San Diego Padres,SDP,37,3,10,3,2.7,6,6,45,0.27,0.364,0.432,0.796,163,101,0.072,1.64,1.374,,-1.5,30,8,10.0,0,63,17,21,14,19,11,0,71,0,0,0.426,2.5,34,2,5,2,1.8,5,10,39,0.147,0.256,0.206,0.462,158,97,-0.425,1.6,0.72,,-2.5,30,15,10.0,1,54,15,28,14,10,3,0,47,0,0,-0.073,1.5
CHN/CHN201808020,"Thursday, August 2, 2018",7:05 p.m. Local,Wrigley Field,40714,2:57,Night,Away,San Diego Padres,SDP,Chicago Cubs,CHC,40,6,15,6,6.0,3,2,43,0.375,0.419,0.525,0.944,131,103,0.231,0.86,0.897,,1.5,27,10,9.0,0,60,6,37,18,20,11,0,62,0,0,0.27,3.5,30,1,3,1,1.0,1,8,32,0.1,0.156,0.1,0.256,165,90,-0.269,0.85,0.24,,-3.5,27,18,9.0,1,50,16,24,12,10,2,0,51,1,1,-0.231,-1.5
CHN/CHN201808030,"Friday, August 3, 2018",1:20 p.m. Local,Wrigley Field,40894,3:06,Day,Home,Chicago Cubs,CHC,San Diego Padres,SDP,35,4,8,3,3.0,2,8,38,0.229,0.27,0.343,0.613,133,104,-0.359,0.68,0.8,,-0.5,24,13,8.0,2,62,12,30,17,11,6,0,43,0,0,-0.141,-1.0,32,5,10,5,5.62,2,4,36,0.312,0.333,0.563,0.896,158,89,0.141,1.54,0.497,,1.0,27,12,9.0,1,57,9,23,16,14,5,0,66,7,1,0.359,0.5
CHN/CHN201808040,"Saturday, August 4, 2018",1:21 p.m. Local,Wrigley Field,40855,2:38,Day,Home,Chicago Cubs,CHC,San Diego Padres,SDP,29,4,5,4,4.0,0,12,33,0.172,0.212,0.345,0.557,134,89,-0.39,0.74,0.389,,-0.5,24,10,8.0,2,35,20,34,11,8,3,0,33,0,0,-0.111,-1.0,35,5,11,5,5.62,2,10,38,0.314,0.368,0.571,0.94,134,88,0.111,1.16,0.611,,1.0,27,9,9.0,1,41,17,30,13,12,7,0,50,1,0,0.391,0.5
CHN/CHN201808050,"Sunday, August 5, 2018",1:21 p.m. Local,Wrigley Field,41136,3:29,Day,Away,San Diego Padres,SDP,Chicago Cubs,CHC,39,10,15,10,10.0,5,7,45,0.385,0.444,0.744,1.188,161,118,0.553,1.18,0.996,,5.5,27,9,9.0,2,63,15,40,15,18,6,0,54,4,1,-0.054,-1.5,37,6,12,5,5.0,1,14,39,0.324,0.342,0.541,0.883,185,113,0.056,0.72,0.913,,1.5,27,11,9.0,3,58,23,32,10,13,5,0,30,0,0,-0.555,-5.5
MIL/MIL201808070,"Tuesday, August 7, 2018",7:10 p.m. Local,Miller Park,27664,3:23,Night,Away,San Diego Padres,SDP,Milwaukee Brewers,MIL,39,11,14,10,9.0,6,9,48,0.359,0.435,0.667,1.101,147,110,0.568,0.77,1.335,,6.6,27,11,9.0,2,63,23,24,10,23,10,0,34,1,0,-0.068,-0.6,33,5,8,5,5.0,5,8,39,0.242,0.333,0.485,0.818,187,88,0.066,1.19,0.583,,0.6,27,6,9.0,3,49,17,24,11,15,8,0,38,3,0,-0.568,-6.6
MIL/MIL201808080,"Wednesday, August 8, 2018",7:10 p.m. Local,Miller Park,32355,2:55,Night,Home,Milwaukee Brewers,MIL,San Diego Padres,SDP,36,4,9,4,3.0,2,9,38,0.25,0.289,0.389,0.678,142,102,-0.123,0.27,0.234,,-0.4,24,6,8.0,5,61,16,25,12,15,8,0,19,0,0,-0.377,-4.1,35,8,14,8,9.0,0,8,38,0.4,0.389,0.829,1.217,159,101,0.378,0.45,0.479,,4.1,27,9,9.0,1,63,19,19,10,20,8,0,50,0,0,0.124,0.4
MIL/MIL201808090,"Thursday, August 9, 2018",1:10 p.m. Local,Miller Park,39041,3:14,Day,Away,San Diego Padres,SDP,Milwaukee Brewers,MIL,36,8,13,8,8.0,6,7,42,0.361,0.452,0.694,1.147,142,108,0.652,0.73,1.725,,3.6,27,7,9.0,0,63,21,24,16,13,9,0,43,2,0,-0.15,0.4,36,4,10,3,2.0,1,11,37,0.278,0.297,0.333,0.631,165,102,0.152,1.65,0.577,,-0.4,27,15,9.0,3,60,20,22,10,15,7,0,48,3,3,-0.652,-3.6
SDN/SDN201808100,"Friday, August 10, 2018",7:10 p.m. Local,Petco Park,26306,2:34,Night,Home,San Diego Padres,SDP,Philadelphia Phillies,PHI,34,0,8,0,0.0,3,8,37,0.235,0.297,0.235,0.533,114,96,-0.527,0.56,0.557,,-4.0,24,7,8.0,1,54,15,27,13,13,7,0,61,0,0,0.025,1.6,29,2,7,2,2.25,1,11,30,0.241,0.267,0.345,0.611,137,79,-0.026,1.57,0.329,,-1.6,27,12,9.0,0,37,15,27,9,9,5,0,66,0,0,0.526,4.0
SDN/SDN201808110,"Saturday, August 11, 2018",5:42 p.m. Local,Petco Park,35098,3:12,Night,Away,Philadelphia Phillies,PHI,San Diego Padres,SDP,34,5,7,5,5.0,3,10,37,0.206,0.27,0.471,0.741,153,97,0.221,0.88,0.486,,1.0,27,12,9.0,0,54,14,29,10,14,6,0,66,2,1,0.277,3.0,32,1,7,1,1.0,4,9,38,0.219,0.316,0.344,0.66,161,101,-0.279,0.4,0.366,,-3.0,27,5,9.0,2,59,12,30,14,10,7,0,33,1,1,-0.221,-1.0
SDN/SDN201808120,"Sunday, August 12, 2018",12:41 p.m. Local,Petco Park,26930,3:20,Day,Home,San Diego Padres,SDP,Philadelphia Phillies,PHI,31,3,6,2,3.0,5,10,36,0.194,0.306,0.258,0.564,150,98,-0.208,0.58,0.16,,-1.0,24,9,8.0,1,55,13,30,11,10,7,0,33,1,1,-0.293,-5.4,31,9,9,6,6.75,6,7,39,0.29,0.395,0.387,0.782,158,95,0.292,0.48,0.623,,5.4,27,11,9.0,0,52,15,28,16,10,3,0,71,2,2,0.208,1.0
SDN/SDN201808130,"Monday, August 13, 2018",7:10 p.m. Local,Petco Park,22609,2:47,Night,Away,Los Angeles Angels,LAA,San Diego Padres,SDP,37,6,8,5,5.4,1,5,40,0.216,0.256,0.459,0.716,140,79,0.217,1.67,1.195,,1.5,30,10,10.0,2,48,9,22,21,13,9,0,67,1,0,0.284,1.5,35,3,6,3,2.7,2,8,38,0.171,0.211,0.343,0.553,119,91,-0.284,1.34,0.741,,-1.5,30,19,10.0,2,57,16,18,12,16,3,0,68,0,0,-0.216,-1.5
SDN/SDN201808140,"Tuesday, August 14, 2018",7:10 p.m. Local,Petco Park,21747,3:14,Night,Away,Los Angeles Angels,LAA,San Diego Padres,SDP,34,7,11,7,6.0,4,4,39,0.324,0.385,0.529,0.914,155,100,0.334,0.98,0.752,,3.0,27,9,9.0,1,65,8,27,10,21,11,0,57,1,0,0.167,1.0,34,3,10,3,3.0,1,11,36,0.294,0.306,0.471,0.776,169,96,-0.167,0.6,0.53,,-1.0,27,12,9.0,1,53,17,26,9,15,9,0,30,0,0,-0.334,-3.0
SDN/SDN201808150,"Wednesday, August 15, 2018",6:11 p.m. Local,Petco Park,22851,2:43,Night,Away,Los Angeles Angels,LAA,San Diego Padres,SDP,35,3,10,3,3.0,0,6,36,0.286,0.278,0.4,0.678,135,81,0.132,1.39,0.889,,-1.0,27,8,9.0,1,46,12,23,15,15,6,0,69,0,0,0.368,2.0,28,2,4,2,1.0,4,11,34,0.143,0.242,0.321,0.564,127,91,-0.368,1.22,0.614,,-2.0,27,10,9.0,1,46,18,27,8,11,5,0,50,0,0,-0.132,1.0
SDN/SDN201808160,"Thursday, August 16, 2018",7:10 p.m. Local,Petco Park,20617,3:00,Night,Away,Arizona Diamondbacks,ARI,San Diego Padres,SDP,33,5,7,5,5.0,8,15,43,0.212,0.381,0.333,0.714,112,110,0.321,0.34,0.47,,1.0,27,8,9.0,1,52,16,42,8,11,4,0,79,,,0.181,3.0,32,1,5,1,1.0,0,6,32,0.156,0.156,0.313,0.469,192,76,-0.183,0.38,0.069,,-3.0,27,5,9.0,1,41,5,30,12,14,7,0,21,4,0,-0.319,-1.0
SDN/SDN201808170,"Friday, August 17, 2018",7:10 p.m. Local,Petco Park,20010,3:46,Night,Away,Arizona Diamondbacks,ARI,San Diego Padres,SDP,38,9,13,9,9.0,6,15,45,0.342,0.432,0.579,1.011,173,119,0.494,0.92,0.854,,5.0,27,8,9.0,2,61,22,36,13,11,5,0,45,0,0,0.007,0.0,33,4,5,4,4.0,7,8,41,0.152,0.317,0.394,0.711,193,102,-0.005,0.63,0.537,,-0.0,27,7,9.0,2,55,13,34,11,14,3,0,27,0,0,-0.493,-5.0
SDN/SDN201808180,"Saturday, August 18, 2018",5:54 p.m. Local,Petco Park,24440,2:54,Night,Home,San Diego Padres,SDP,Arizona Diamondbacks,ARI,37,6,12,6,6.0,0,8,38,0.324,0.316,0.432,0.748,157,85,0.222,1.69,0.96,,2.0,26,7,8.2,0,50,14,21,17,13,8,0,30,1,1,-0.722,-3.4,34,7,9,7,7.27,6,11,41,0.265,0.366,0.294,0.66,118,99,0.723,1.19,1.544,,3.4,27,13,9.0,0,54,21,24,15,9,6,0,32,0,0,-0.221,-2.0
SDN/SDN201808190,"Sunday, August 19, 2018",1:11 p.m. Local,Petco Park,22346,3:09,Day,Away,Arizona Diamondbacks,ARI,San Diego Padres,SDP,37,4,11,4,4.0,4,8,41,0.297,0.366,0.568,0.933,158,105,0.269,1.47,1.211,,-0.0,27,13,9.0,1,70,16,19,8,21,9,0,56,0,0,0.231,1.0,34,3,8,3,3.0,1,11,36,0.235,0.278,0.353,0.631,161,98,-0.231,1.26,0.769,,-1.0,27,4,9.0,3,53,15,30,16,7,5,0,48,1,0,-0.27,0.0
COL/COL201808210,"Tuesday, August 21, 2018",6:42 p.m. Local,Coors Field,27862,2:34,Night,Away,San Diego Padres,SDP,Colorado Rockies,COL,37,4,11,4,4.0,1,13,40,0.297,0.308,0.514,0.821,108,104,-0.047,1.84,0.722,,-1.1,27,9,9.0,1,50,30,24,9,17,7,0,51,0,0,0.546,2.1,33,3,7,3,3.0,1,10,35,0.212,0.235,0.394,0.629,149,74,-0.545,1.02,0.689,,-2.1,27,7,9.0,2,41,18,15,11,13,5,0,45,2,0,0.046,1.1
COL/COL201808220,"Wednesday, August 22, 2018",6:41 p.m. Local,Coors Field,28966,2:43,Night,Home,Colorado Rockies,COL,San Diego Padres,SDP,32,2,5,2,2.0,1,9,33,0.156,0.182,0.281,0.463,148,83,-0.328,0.62,0.269,,-3.1,24,11,8.0,0,39,18,26,9,14,7,0,46,0,0,-0.172,-1.5,33,6,10,5,5.62,3,5,37,0.303,0.351,0.455,0.806,123,92,0.171,0.81,0.556,,1.5,27,8,9.0,1,61,10,21,18,11,5,0,59,1,0,0.328,3.1
COL/COL201808230,"Thursday, August 23, 2018",1:12 p.m. Local,Coors Field,30625,3:00,Day,Home,Colorado Rockies,COL,San Diego Padres,SDP,35,3,9,3,2.0,3,9,38,0.257,0.316,0.343,0.659,124,104,-0.032,1.6,0.816,,-2.1,26,8,8.2,2,60,17,27,17,9,5,0,59,0,0,-0.469,1.0,31,4,7,4,4.15,1,10,33,0.226,0.242,0.484,0.726,157,81,0.469,1.33,1.46,,-1.0,27,14,9.0,1,49,19,13,8,14,7,0,57,3,1,0.031,2.1
LAN/LAN201808240,"Friday, August 24, 2018",7:10 p.m. Local,Dodger Stadium,47559,2:48,Night,Home,Los Angeles Dodgers,LAD,San Diego Padres,SDP,31,1,4,1,1.0,2,13,33,0.129,0.182,0.258,0.44,161,97,-0.165,0.34,0.016,,-3.3,24,4,8.0,3,43,22,32,8,10,3,0,18,0,0,-0.334,-7.2,36,11,13,10,11.25,6,12,42,0.361,0.452,0.722,1.175,143,98,0.336,0.23,0.552,,7.2,27,6,9.0,0,48,21,29,11,13,4,0,75,0,0,0.165,3.3
LAN/LAN201808250,"Saturday, August 25, 2018",6:11 p.m. Local,Dodger Stadium,53528,3:26,Night,Home,Los Angeles Dodgers,LAD,San Diego Padres,SDP,45,4,11,4,2.25,0,15,46,0.244,0.244,0.4,0.644,165,115,-0.383,1.01,1.007,,-1.7,34,10,11.1,2,64,23,28,13,18,6,0,48,0,0,-0.117,0.0,42,5,11,5,3.97,3,11,47,0.262,0.326,0.452,0.778,163,107,0.117,1.56,0.937,,-0.0,36,12,12.0,2,56,23,29,14,18,8,0,67,0,0,0.384,1.7
LAN/LAN201808260,"Sunday, August 26, 2018",1:10 p.m. Local,Dodger Stadium,43252,3:07,Day,Home,Los Angeles Dodgers,LAD,San Diego Padres,SDP,41,3,15,3,2.0,1,12,42,0.366,0.381,0.561,0.942,175,91,-0.104,0.87,0.539,,-1.3,24,5,8.0,1,49,19,23,13,16,8,0,34,4,2,-0.397,-3.2,34,7,11,7,7.88,5,8,39,0.324,0.41,0.529,0.94,129,106,0.396,0.88,0.957,,3.2,27,6,9.0,2,64,13,29,6,20,12,0,48,2,0,0.104,1.3
SDN/SDN201808280,"Tuesday, August 28, 2018",7:10 p.m. Local,Petco Park,25168,2:13,Night,Home,San Diego Padres,SDP,Seattle Mariners,SEA,33,1,8,1,1.0,0,1,33,0.242,0.242,0.394,0.636,121,71,-0.528,0.54,0.329,,-3.0,24,10,8.0,1,45,3,23,14,18,5,0,68,0,0,0.027,1.6,29,2,5,2,2.25,2,9,31,0.172,0.226,0.31,0.536,97,80,-0.026,1.14,0.296,,-1.6,27,14,9.0,1,45,11,24,11,9,4,0,63,0,0,0.527,3.0
SDN/SDN201808290,"Wednesday, August 29, 2018",12:41 p.m. Local,Petco Park,20266,3:16,Day,Home,San Diego Padres,SDP,Seattle Mariners,SEA,34,3,9,3,3.0,4,11,38,0.265,0.342,0.324,0.666,154,96,-0.076,0.39,0.293,,-1.0,24,3,8.0,2,58,11,27,10,13,7,0,14,0,0,-0.425,-4.4,36,8,13,8,9.0,3,5,41,0.361,0.39,0.611,1.001,164,104,0.425,0.49,0.558,,4.4,27,9,9.0,0,71,12,21,10,23,10,0,65,3,0,0.075,1.0
SDN/SDN201808300,"Thursday, August 30, 2018",7:10 p.m. Local,Petco Park,20056,3:36,Night,Home,San Diego Padres,SDP,Colorado Rockies,COL,46,2,4,1,0.69,5,8,52,0.087,0.192,0.087,0.279,169,120,-0.876,1.58,0.725,,-3.8,38,10,12.2,1,75,11,34,24,14,5,0,82,0,0,0.375,2.8,41,3,6,3,2.13,2,16,45,0.146,0.2,0.268,0.468,181,114,-0.376,1.79,1.132,,-2.8,39,15,13.0,0,54,25,35,13,13,7,0,65,0,0,0.875,3.8
SDN/SDN201808310,"Friday, August 31, 2018",7:11 p.m. Local,Petco Park,21408,2:38,Night,Home,San Diego Padres,SDP,Colorado Rockies,COL,30,0,5,0,0.0,2,6,35,0.167,0.242,0.167,0.409,124,79,-0.509,0.59,0.303,,-4.0,24,13,8.0,3,53,14,12,15,11,4,0,63,1,1,0.009,-3.4,34,7,11,7,7.88,2,6,36,0.324,0.361,0.706,1.067,116,82,-0.009,1.23,0.414,,3.4,27,8,9.0,0,50,9,23,13,15,7,0,64,0,0,0.51,4.0
SDN/SDN201809010,"Saturday, September 1, 2018",5:42 p.m. Local,Petco Park,35779,2:42,Night,Away,Colorado Rockies,COL,San Diego Padres,SDP,36,4,10,4,4.0,2,9,38,0.278,0.316,0.417,0.732,130,88,0.172,1.17,0.729,,-0.0,27,13,9.0,2,50,15,23,9,18,9,0,50,0,0,0.33,2.0,34,2,7,2,2.0,1,4,35,0.206,0.229,0.441,0.67,132,84,-0.329,0.9,0.459,,-2.0,27,9,9.0,1,52,11,21,18,12,2,0,44,2,1,-0.171,0.0
SDN/SDN201809020,"Sunday, September 2, 2018",1:10 p.m. Local,Petco Park,28883,2:47,Day,Away,Colorado Rockies,COL,San Diego Padres,SDP,34,7,9,7,7.0,3,8,39,0.265,0.308,0.471,0.778,136,93,0.485,1.01,0.934,,3.0,27,6,9.0,0,56,14,23,9,19,7,0,47,0,0,0.014,1.0,33,3,7,3,3.0,3,8,36,0.212,0.278,0.242,0.52,141,90,-0.014,1.01,0.603,,-1.0,27,7,9.0,1,53,13,24,10,17,7,0,44,2,2,-0.487,-3.0
ARI/ARI201809030,"Monday, September 3, 2018",5:10 p.m. Local,Chase Field,22514,3:19,Night,Away,San Diego Padres,SDP,Arizona Diamondbacks,ARI,33,6,7,6,6.0,5,9,38,0.212,0.316,0.394,0.71,169,84,0.206,0.95,0.561,,1.4,27,10,9.0,0,45,14,25,11,13,4,0,58,1,0,0.295,2.6,31,2,5,2,2.0,6,7,37,0.161,0.297,0.226,0.523,138,108,-0.296,0.58,0.393,,-2.6,27,10,9.0,2,66,15,27,10,14,6,0,52,2,2,-0.206,-1.4
ARI/ARI201809040,"Tuesday, September 4, 2018",6:40 p.m. Local,Chase Field,18556,2:47,Night,Home,Arizona Diamondbacks,ARI,San Diego Padres,SDP,29,0,3,0,0.0,2,13,31,0.103,0.161,0.138,0.299,127,86,-0.415,0.52,0.125,,-4.6,24,7,8.0,0,39,26,21,10,6,4,0,58,3,1,-0.084,-1.9,29,6,9,4,4.5,3,7,34,0.31,0.364,0.414,0.777,137,80,0.085,0.72,0.376,,1.9,27,12,9.0,0,39,16,25,8,16,11,0,77,0,0,0.415,4.6
CIN/CIN201809060,"Thursday, September 6, 2018",6:41 p.m. Local,Great American Ball Park,14303,2:57,Night,Away,San Diego Padres,SDP,Cincinnati Reds,CIN,35,6,9,6,3.0,1,11,38,0.257,0.27,0.543,0.813,154,100,0.236,0.67,0.496,,1.6,27,5,9.0,2,56,24,20,12,14,3,0,63,1,0,0.264,2.4,31,2,5,2,2.0,3,13,34,0.161,0.235,0.355,0.59,152,97,-0.266,0.4,0.203,,-2.4,27,9,9.0,3,49,26,22,8,10,3,0,50,0,0,-0.235,-1.6
CIN/CIN201809070,"Friday, September 7, 2018",9:17 p.m. Local,Great American Ball Park,14854,2:52,Night,Home,Cincinnati Reds,CIN,San Diego Padres,SDP,35,6,11,6,6.0,0,6,35,0.314,0.314,0.543,0.857,160,86,0.068,0.85,0.584,,1.6,24,5,8.0,3,51,17,18,13,16,9,0,35,3,3,-0.569,-8.1,35,12,11,11,13.5,5,15,40,0.314,0.4,0.6,1.0,126,94,0.568,0.76,0.945,,8.1,27,12,9.0,2,55,20,19,10,10,5,0,33,0,0,-0.069,-1.6
CIN/CIN201809080,"Saturday, September 8, 2018",3:12 p.m. Local,Great American Ball Park,20977,1:44,Day,Home,Cincinnati Reds,CIN,San Diego Padres,SDP,24,2,5,2,2.84,3,10,27,0.208,0.296,0.417,0.713,90,71,-0.128,0.61,0.198,,-0.9,18,5,6.0,1,35,22,14,3,11,3,0,15,0,0,-0.341,-4.0,24,7,8,7,10.5,2,3,27,0.333,0.37,0.458,0.829,105,56,0.34,0.67,0.457,,4.0,19,2,6.1,1,36,5,15,8,14,6,0,63,0,0,0.129,0.9
CIN/CIN201809090,"Sunday, September 9, 2018",4:11 p.m. Local,Great American Ball Park,18424,3:12,Day,Away,San Diego Padres,SDP,Cincinnati Reds,CIN,37,7,10,7,7.0,6,12,43,0.27,0.372,0.568,0.94,154,112,0.33,1.4,1.057,,2.6,27,7,9.0,1,65,23,24,9,17,9,0,27,1,0,0.169,-1.6,35,6,9,6,6.0,3,11,39,0.257,0.333,0.4,0.733,181,91,-0.169,0.99,0.894,,1.6,27,6,9.0,3,50,20,21,7,17,5,0,43,2,0,-0.33,-2.6
SEA/SEA201809110,"Tuesday, September 11, 2018",7:10 p.m. Local,Safeco Field,13833,2:49,Night,Away,San Diego Padres,SDP,Seattle Mariners,SEA,35,2,8,2,2.0,0,8,35,0.229,0.229,0.314,0.543,130,87,-0.105,1.64,0.803,,-2.3,27,13,9.0,1,55,20,12,15,12,7,0,60,1,0,0.603,3.3,33,1,7,1,1.0,4,4,37,0.212,0.297,0.364,0.661,123,77,-0.603,1.39,0.673,,-3.3,27,11,9.0,0,48,11,18,12,17,6,0,57,0,0,0.103,2.3
SEA/SEA201809120,"Wednesday, September 12, 2018",3:40 p.m. Local,Safeco Field,17164,3:07,Day,Away,San Diego Padres,SDP,Seattle Mariners,SEA,37,5,8,5,2.0,2,5,40,0.216,0.275,0.405,0.68,145,104,0.126,1.51,0.594,,0.7,27,11,9.0,2,67,12,25,15,17,9,0,44,0,0,0.374,0.3,34,4,8,4,4.0,2,13,36,0.235,0.278,0.5,0.778,147,93,-0.374,0.68,0.636,,-0.3,27,12,9.0,2,45,25,23,12,9,3,0,46,2,0,-0.126,-0.7
SDN/SDN201809140,"Friday, September 14, 2018",7:12 p.m. Local,Petco Park,22740,2:42,Night,Away,Texas Rangers,TEX,San Diego Padres,SDP,34,4,9,3,3.0,0,10,34,0.265,0.265,0.441,0.706,145,78,0.081,1.02,0.507,,-0.0,27,12,9.0,0,38,19,21,11,13,8,0,52,0,0,0.418,4.0,28,0,5,0,0.0,5,8,33,0.179,0.303,0.179,0.482,118,87,-0.418,0.7,0.319,,-4.0,27,12,9.0,1,46,21,20,12,8,3,0,56,1,0,-0.081,0.0
SDN/SDN201809150,"Saturday, September 15, 2018",5:42 p.m. Local,Petco Park,28833,3:10,Night,Away,Texas Rangers,TEX,San Diego Padres,SDP,35,6,9,6,6.0,3,8,41,0.257,0.35,0.457,0.807,154,100,0.491,1.03,1.161,,2.0,27,11,9.0,1,53,15,32,10,18,9,0,52,0,0,0.009,1.0,32,3,8,3,3.0,5,7,38,0.25,0.351,0.375,0.726,159,96,-0.009,1.12,0.677,,-1.0,27,7,9.0,1,58,12,26,15,11,4,0,56,5,2,-0.492,-2.0
SDN/SDN201809160,"Sunday, September 16, 2018",1:11 p.m. Local,Petco Park,22242,3:15,Day,Home,San Diego Padres,SDP,Texas Rangers,TEX,33,3,8,3,3.0,3,7,38,0.242,0.342,0.545,0.888,148,90,-0.018,1.91,0.664,,-1.0,26,10,8.2,2,48,18,24,5,21,7,0,63,4,1,-0.483,-3.0,32,7,8,7,7.27,5,8,37,0.25,0.351,0.563,0.914,135,92,0.482,0.96,1.731,,3.0,27,8,9.0,2,56,18,19,8,16,6,0,48,3,0,0.018,1.0
SDN/SDN201809170,"Monday, September 17, 2018",7:10 p.m. Local,Petco Park,23653,2:41,Night,Away,San Francisco Giants,SFG,San Diego Padres,SDP,38,4,12,4,4.0,0,11,38,0.316,0.316,0.526,0.842,113,98,0.189,0.99,0.636,,-0.0,27,14,9.0,1,59,13,26,11,16,9,0,64,3,1,0.31,2.0,30,2,5,2,2.0,4,4,34,0.167,0.265,0.3,0.565,141,72,-0.313,0.71,0.384,,-2.0,27,9,9.0,2,46,10,16,14,12,7,0,37,0,0,-0.191,0.0
SDN/SDN201809180,"Tuesday, September 18, 2018",7:10 p.m. Local,Petco Park,26285,3:20,Night,Away,San Francisco Giants,SFG,San Diego Padres,SDP,37,5,9,5,5.0,2,16,39,0.243,0.282,0.378,0.66,150,109,0.409,1.58,1.361,,1.0,27,8,9.0,1,49,31,29,7,14,6,0,45,0,0,0.091,0.0,34,4,9,4,4.0,5,10,39,0.265,0.359,0.441,0.8,162,95,-0.09,1.48,1.115,,-0.0,27,4,9.0,1,47,17,31,10,14,6,0,48,0,0,-0.409,-1.0
SDN/SDN201809190,"Wednesday, September 19, 2018",6:11 p.m. Local,Petco Park,31933,2:54,Night,Home,San Diego Padres,SDP,San Francisco Giants,SFG,34,4,8,4,4.0,3,6,37,0.235,0.297,0.353,0.65,158,90,-0.072,0.69,0.682,,-0.0,24,7,8.0,2,54,15,21,14,14,7,0,28,3,1,-0.43,-4.4,32,8,10,8,9.0,2,10,36,0.312,0.343,0.531,0.874,137,102,0.428,1.17,0.733,,4.4,27,11,9.0,1,57,19,26,12,12,6,0,46,0,0,0.071,0.0
LAN/LAN201809210,"Friday, September 21, 2018",7:10 p.m. Local,Dodger Stadium,52458,3:57,Night,Away,San Diego Padres,SDP,Los Angeles Dodgers,LAD,36,5,8,5,4.0,5,9,41,0.222,0.317,0.417,0.734,178,106,0.144,1.4,0.743,,0.7,27,6,9.0,1,60,20,27,14,13,5,0,58,4,0,0.357,1.3,36,3,9,3,3.0,4,10,40,0.25,0.325,0.389,0.714,158,110,-0.356,0.83,0.696,,-1.3,27,12,9.0,2,59,20,31,10,16,6,0,48,7,0,-0.143,-0.7
LAN/LAN201809220,"Saturday, September 22, 2018",6:10 p.m. Local,Dodger Stadium,53536,2:51,Night,Home,Los Angeles Dodgers,LAD,San Diego Padres,SDP,34,2,8,2,2.0,0,11,36,0.235,0.257,0.353,0.61,134,100,-0.196,0.32,0.104,,-2.3,24,5,8.0,3,54,18,28,13,11,6,0,23,1,0,-0.303,-3.2,33,7,9,7,7.88,2,10,36,0.273,0.333,0.636,0.97,139,92,0.302,0.41,0.441,,3.2,27,9,9.0,1,48,17,27,8,15,8,0,72,5,1,0.198,2.3
LAN/LAN201809230,"Sunday, September 23, 2018",1:10 p.m. Local,Dodger Stadium,50250,3:11,Day,Home,Los Angeles Dodgers,LAD,San Diego Padres,SDP,32,0,5,0,0.0,0,13,32,0.156,0.156,0.188,0.344,178,96,-0.208,0.34,0.053,,-4.3,24,6,8.0,3,54,20,22,6,13,4,0,23,4,4,-0.292,-10.2,41,14,16,14,15.75,4,11,45,0.39,0.444,0.683,1.127,129,110,0.293,0.37,0.481,,10.2,27,4,9.0,0,58,19,33,15,15,5,0,72,0,0,0.209,4.3
SFN/SFN201809240,"Monday, September 24, 2018",7:14 p.m. Local,AT&T Park,35428,2:41,Night,Away,San Diego Padres,SDP,San Francisco Giants,SFG,39,5,12,5,5.0,2,6,42,0.308,0.341,0.436,0.777,122,99,0.199,0.78,0.566,,1.0,27,12,9.0,0,63,16,20,15,19,9,0,74,3,0,0.301,4.0,33,0,7,0,0.0,3,8,36,0.212,0.278,0.242,0.52,146,79,-0.3,0.62,0.246,,-4.0,27,10,9.0,1,47,12,20,17,8,2,0,39,0,0,-0.199,-1.0
SFN/SFN201809250,"Tuesday, September 25, 2018",7:15 p.m. Local,AT&T Park,36063,3:38,Night,Home,San Francisco Giants,SFG,San Diego Padres,SDP,46,4,12,3,2.25,6,11,52,0.261,0.346,0.348,0.694,158,130,-0.225,1.43,1.309,,-1.4,33,9,11.0,1,74,25,31,22,13,8,0,57,0,0,-0.277,-0.4,44,5,9,5,3.27,0,12,44,0.205,0.205,0.364,0.568,202,115,0.277,1.67,1.49,,0.4,36,19,12.0,0,63,21,31,15,17,5,0,42,3,0,0.222,1.4
SFN/SFN201809260,"Wednesday, September 26, 2018",7:15 p.m. Local,AT&T Park,36044,2:57,Night,Away,San Diego Padres,SDP,San Francisco Giants,SFG,34,3,8,2,3.0,1,10,36,0.235,0.25,0.471,0.721,150,94,-0.034,1.62,0.48,,-1.0,27,9,9.0,1,62,20,12,13,12,2,0,61,2,0,0.533,2.0,31,2,5,2,2.0,4,10,35,0.161,0.257,0.258,0.515,141,100,-0.533,0.83,0.62,,-2.0,27,8,9.0,1,57,19,24,12,9,4,0,50,0,0,0.033,1.0
SDN/SDN201809280,"Friday, September 28, 2018",7:10 p.m. Local,Petco Park,28055,5:02,Night,Home,San Diego Padres,SDP,Arizona Diamondbacks,ARI,52,2,10,1,0.6,7,17,61,0.192,0.295,0.231,0.526,223,135,-0.727,1.7,1.511,,-4.7,42,21,14.0,2,77,22,36,12,24,11,0,64,0,0,0.227,2.7,48,3,8,3,1.93,7,16,55,0.167,0.273,0.333,0.606,204,145,-0.227,2.1,1.545,,-2.7,45,11,15.0,0,76,37,32,14,18,7,0,62,2,1,0.727,4.7
SDN/SDN201809290,"Saturday, September 29, 2018",5:40 p.m. Local,Petco Park,28024,2:49,Night,Away,Arizona Diamondbacks,ARI,San Diego Padres,SDP,33,5,7,4,5.0,6,4,39,0.212,0.333,0.364,0.697,137,88,0.183,1.21,0.689,,1.0,27,15,9.0,1,57,9,22,15,14,10,0,53,0,0,0.317,0.0,33,4,7,4,4.0,3,6,36,0.212,0.278,0.364,0.641,148,86,-0.315,0.95,0.582,,-0.0,27,9,9.0,1,48,14,24,18,9,5,0,33,3,1,-0.184,-1.0
SDN/SDN201809300,"Sunday, September 30, 2018",12:11 p.m. Local,Petco Park,31243,3:29,Day,Home,San Diego Padres,SDP,Arizona Diamondbacks,ARI,33,3,6,3,2.7,1,13,35,0.182,0.2,0.364,0.564,179,89,-0.027,1.83,0.794,,-1.5,29,10,9.2,1,54,15,20,12,9,2,0,48,2,0,-0.473,0.4,39,4,11,3,3.72,6,11,45,0.282,0.378,0.436,0.814,130,116,0.473,1.42,1.933,,-0.4,30,13,10.0,2,68,25,23,13,15,5,0,64,0,0,0.027,1.5
