,date,time,venue,attendance,duration,time_of_day,winner,winning_name,winning_abbr,losing_name,losing_abbr,away_at_bats,away_runs,away_hits,away_rbi,away_earned_runs,away_bases_on_balls,away_strikeouts,away_plate_appearances,away_batting_average,away_on_base_percentage,away_slugging_percentage,away_on_base_plus,away_pitches,away_strikes,away_win_probability_for_offensive_player,away_average_leverage_index,away_win_probability_added,away_win_probability_subtracted,away_base_out_runs_added,away_putouts,away_assists,away_innings_pitched,away_home_runs,away_strikes_by_contact,away_strikes_swinging,away_strikes_looking,away_grounded_balls,away_fly_balls,away_line_drives,away_unknown_bat_type,away_game_score,away_inherited_runners,away_inherited_score,away_win_probability_by_pitcher,away_base_out_runs_saved,home_at_bats,home_runs,home_hits,home_rbi,home_earned_runs,home_bases_on_balls,home_strikeouts,home_plate_appearances,home_batting_average,home_on_base_percentage,home_slugging_percentage,home_on_base_plus,home_pitches,home_strikes,home_win_probability_for_offensive_player,home_average_leverage_index,home_win_probability_added,home_win_probability_subtracted,home_base_out_runs_added,home_putouts,home_assists,home_innings_pitched,home_home_runs,home_strikes_by_contact,home_strikes_swinging,home_strikes_looking,home_grounded_balls,home_fly_balls,home_line_drives,home_unknown_bat_type,home_game_score,home_inherited_runners,home_inherited_score,home_win_probability_by_pitcher,home_base_out_runs_saved
SEA/SEA201803290,"Thursday, March 29, 2018",7:10 p.m. Local,Safeco Field,47149,2:35,Night,Home,Seattle Mariners,SEA,Cleveland Indians,CLE,30,1,5,1,1.0,2,8,35,0.167,0.265,0.2,0.465,91,86,-0.569,0.57,0.619,,-3.3,24,11,8.0,1,48,18,19,8,14,5,0,69,,,0.069,1.8,28,2,6,2,2.25,1,8,29,0.214,0.241,0.357,0.599,138,66,-0.068,1.75,0.301,,-1.8,27,8,9.0,0,34,13,19,11,9,6,0,66,1,0,0.57,3.3
SEA/SEA201803310,"Saturday, March 31, 2018",1:10 p.m. Local,Safeco Field,35881,2:47,Day,Away,Cleveland Indians,CLE,Seattle Mariners,SEA,33,6,6,6,6.0,4,8,37,0.182,0.27,0.394,0.664,121,93,0.248,1.53,0.627,,1.7,27,6,9.0,2,55,18,20,8,17,3,0,39,0,0,0.252,-0.7,36,5,10,5,5.0,1,8,37,0.278,0.297,0.472,0.77,155,83,-0.253,0.67,0.831,,0.7,27,7,9.0,2,41,15,27,7,21,5,0,28,1,0,-0.248,-1.7
SEA/SEA201804010,"Sunday, April 1, 2018",1:11 p.m. Local,Safeco Field,24506,2:57,Day,Home,Seattle Mariners,SEA,Cleveland Indians,CLE,34,4,7,4,4.0,3,8,37,0.206,0.27,0.412,0.682,150,91,-0.251,1.14,0.608,,-0.3,24,7,8.0,2,54,15,22,13,13,4,0,53,0,0,-0.251,-1.2,31,5,8,5,5.62,4,8,37,0.258,0.361,0.581,0.942,139,95,0.251,1.2,0.908,,1.2,27,9,9.0,2,56,12,27,10,14,4,0,60,0,0,0.25,0.3
SFN/SFN201804030,"Tuesday, April 3, 2018",1:47 p.m. Local,AT&T Park,40901,3:02,Day,Away,Seattle Mariners,SEA,San Francisco Giants,SFG,34,6,12,6,6.0,5,7,41,0.353,0.425,0.412,0.837,132,97,0.32,0.93,0.508,,2.0,27,13,9.0,2,56,10,31,13,16,6,0,51,0,0,0.181,0.0,33,4,9,4,4.0,0,4,34,0.273,0.265,0.485,0.75,153,90,-0.182,0.47,0.438,,-0.0,27,10,9.0,0,58,13,19,16,14,5,0,19,2,1,-0.32,-2.0
SFN/SFN201804040,"Wednesday, April 4, 2018",4:15 p.m. Local,AT&T Park,42582,2:52,Day,Home,San Francisco Giants,SFG,Seattle Mariners,SEA,34,1,10,1,1.0,4,5,38,0.294,0.368,0.353,0.721,160,82,-0.18,0.38,0.182,,-3.0,24,9,8.0,4,52,10,20,15,14,9,0,14,0,0,-0.32,-6.4,34,10,12,9,11.25,7,4,43,0.353,0.452,0.706,1.158,136,95,0.319,0.49,0.454,,6.4,27,11,9.0,0,61,10,24,13,19,10,0,51,0,0,0.181,3.0
MIN/MIN201804050,"Thursday, April 5, 2018",3:16 p.m. Local,Target Field,39214,3:09,Day,Home,Minnesota Twins,MIN,Seattle Mariners,SEA,36,2,8,2,1.0,4,7,40,0.222,0.3,0.222,0.522,144,94,-0.337,1.1,0.771,,-2.7,24,2,8.0,3,57,12,25,17,12,5,0,57,3,0,-0.161,0.1,33,4,8,4,4.5,2,11,35,0.242,0.286,0.515,0.801,150,93,0.164,1.36,0.868,,-0.1,27,11,9.0,0,51,20,22,5,17,5,0,45,3,0,0.339,2.7
MIN/MIN201804070,"Saturday, April 7, 2018",1:11 p.m. Local,Target Field,18416,3:36,Day,Away,Seattle Mariners,SEA,Minnesota Twins,MIN,39,11,12,10,11.0,3,12,42,0.308,0.357,0.538,0.896,177,103,0.304,1.06,0.652,,6.3,27,8,9.0,0,57,18,28,10,17,10,0,49,5,1,0.197,0.7,35,4,9,4,4.0,5,7,40,0.257,0.35,0.371,0.721,171,111,-0.195,0.53,0.597,,-0.7,27,6,9.0,2,69,14,28,9,19,8,0,39,4,3,-0.305,-6.3
KCA/KCA201804090,"Monday, April 9, 2018",7:15 p.m. Local,Kauffman Stadium,12324,2:45,Night,Home,Kansas City Royals,KCR,Seattle Mariners,SEA,27,0,2,0,0.0,2,6,32,0.074,0.219,0.074,0.293,176,71,-0.18,0.42,0.09,,-4.6,24,7,8.0,1,37,10,24,9,12,3,0,28,2,1,-0.32,-5.9,37,10,13,9,11.25,5,8,44,0.351,0.455,0.541,0.995,113,106,0.322,0.38,0.5,,5.9,27,11,9.0,0,64,17,25,10,19,13,0,76,0,0,0.18,4.6
KCA/KCA201804100,"Tuesday, April 10, 2018",7:15 p.m. Local,Kauffman Stadium,14850,2:58,Night,Away,Seattle Mariners,SEA,Kansas City Royals,KCR,34,8,9,8,8.0,5,4,43,0.265,0.395,0.529,0.925,147,89,0.376,0.65,0.734,,3.4,27,9,9.0,1,55,10,25,12,19,4,0,47,2,0,0.123,1.6,33,3,7,3,3.0,2,9,36,0.212,0.278,0.394,0.672,146,99,-0.124,0.67,0.359,,-1.6,27,8,9.0,1,59,12,28,10,14,6,0,31,2,2,-0.376,-3.4
KCA/KCA201804110,"Wednesday, April 11, 2018",1:15 p.m. Local,Kauffman Stadium,14314,2:48,Day,Away,Seattle Mariners,SEA,Kansas City Royals,KCR,31,4,6,3,3.0,4,10,36,0.194,0.278,0.323,0.6,146,93,0.116,1.75,0.858,,-0.6,27,7,9.0,0,55,13,25,8,14,4,0,61,0,0,0.385,2.6,34,2,7,2,2.0,2,12,37,0.206,0.27,0.235,0.506,148,92,-0.385,1.19,0.916,,-2.6,27,6,9.0,1,45,26,21,11,11,2,0,58,2,0,-0.115,0.6
SEA/SEA201804130,"Friday, April 13, 2018",7:11 p.m. Local,Safeco Field,25352,3:08,Night,Home,Seattle Mariners,SEA,Oakland Athletics,OAK,34,4,8,4,4.0,4,7,38,0.235,0.316,0.5,0.816,163,87,-0.048,1.13,0.826,,-0.3,24,14,8.0,2,48,12,27,9,18,7,0,51,4,2,-0.453,-3.2,34,7,11,7,7.88,3,7,37,0.324,0.378,0.559,0.937,150,105,0.451,1.02,1.161,,3.2,27,11,9.0,3,60,13,32,19,8,3,0,48,0,0,0.047,0.3
SEA/SEA201804140,"Saturday, April 14, 2018",6:13 p.m. Local,Safeco Field,29013,3:32,Night,Home,Seattle Mariners,SEA,Oakland Athletics,OAK,36,8,10,8,8.0,3,11,40,0.278,0.35,0.583,0.933,159,112,0.102,0.71,0.762,,3.7,24,7,8.0,4,56,20,36,8,17,7,0,29,1,0,-0.603,-6.2,42,10,17,9,10.12,2,7,44,0.405,0.432,0.738,1.17,176,97,0.604,0.88,1.033,,6.2,27,7,9.0,3,53,13,31,15,20,9,0,38,3,1,-0.103,-3.7
SEA/SEA201804150,"Sunday, April 15, 2018",1:10 p.m. Local,Safeco Field,25882,2:40,Day,Away,Oakland Athletics,OAK,Seattle Mariners,SEA,33,2,7,2,2.0,0,10,36,0.212,0.278,0.333,0.611,116,78,-0.182,1.32,0.465,,-2.3,27,9,9.0,1,39,16,23,8,15,8,0,71,1,0,0.682,3.3,28,1,2,1,1.0,3,5,32,0.071,0.161,0.179,0.34,125,74,-0.681,0.93,0.268,,-3.3,27,6,9.0,1,45,11,18,9,15,6,0,62,3,0,0.182,2.3
SEA/SEA201804160,"Monday, April 16, 2018",7:10 p.m. Local,Safeco Field,12923,2:21,Night,Home,Seattle Mariners,SEA,Houston Astros,HOU,30,1,3,1,1.0,4,10,34,0.1,0.206,0.2,0.406,96,90,-0.592,0.93,0.362,,-3.3,24,12,8.0,1,42,22,26,7,13,9,0,67,,,0.09,1.8,30,2,6,2,2.25,1,6,31,0.2,0.226,0.4,0.626,148,62,-0.09,1.37,0.488,,-1.8,27,7,9.0,1,35,7,20,15,9,5,0,66,0,0,0.591,3.3
SEA/SEA201804170,"Tuesday, April 17, 2018",7:10 p.m. Local,Safeco Field,15382,2:48,Night,Away,Houston Astros,HOU,Seattle Mariners,SEA,34,4,9,4,4.0,5,8,41,0.265,0.366,0.382,0.748,127,86,0.096,0.79,0.837,,-0.3,27,10,9.0,1,48,15,23,10,17,7,0,81,0,0,0.404,3.3,29,1,3,1,1.0,1,14,30,0.103,0.133,0.207,0.34,150,88,-0.405,1.12,0.162,,-3.3,27,8,9.0,1,45,20,23,10,5,3,0,52,1,1,-0.096,0.3
SEA/SEA201804180,"Wednesday, April 18, 2018",7:10 p.m. Local,Safeco Field,14643,2:45,Night,Away,Houston Astros,HOU,Seattle Mariners,SEA,38,7,12,6,6.0,1,10,40,0.316,0.35,0.474,0.824,124,95,0.253,0.87,0.806,,2.7,27,8,9.0,0,53,17,25,9,19,8,0,68,0,0,0.248,3.3,30,1,5,1,0.0,2,8,32,0.167,0.219,0.167,0.385,145,85,-0.247,0.76,0.284,,-3.3,27,8,9.0,0,50,13,22,10,12,2,0,44,4,2,-0.252,-2.7
SEA/SEA201804190,"Thursday, April 19, 2018",12:40 p.m. Local,Safeco Field,16927,3:02,Day,Away,Houston Astros,HOU,Seattle Mariners,SEA,34,9,12,9,9.0,5,11,40,0.353,0.425,0.618,1.043,133,103,0.202,0.51,0.699,,4.7,27,11,9.0,0,61,13,29,8,15,8,1,79,1,1,0.297,2.3,34,2,7,2,2.0,1,10,35,0.206,0.229,0.265,0.493,166,91,-0.297,0.72,0.095,,-2.3,27,7,9.0,2,52,15,24,11,13,7,0,49,2,2,-0.203,-4.7
TEX/TEX201804200,"Friday, April 20, 2018",7:10 p.m. Local,Globe Life Park in Arlington,27811,3:20,Night,Away,Seattle Mariners,SEA,Texas Rangers,TEX,38,6,14,6,6.0,2,9,43,0.368,0.415,0.579,0.994,150,112,0.269,1.23,1.302,,0.9,27,13,9.0,0,65,22,25,17,14,8,0,55,4,1,0.232,3.1,31,2,6,2,2.0,3,11,36,0.194,0.306,0.226,0.531,173,91,-0.231,1.51,0.553,,-3.1,27,11,9.0,1,42,13,36,11,9,7,0,57,3,1,-0.269,-0.9
TEX/TEX201804210,"Saturday, April 21, 2018",8:30 p.m. Local,Globe Life Park in Arlington,39016,3:29,Night,Away,Seattle Mariners,SEA,Texas Rangers,TEX,37,9,13,9,9.0,2,5,41,0.351,0.39,0.649,1.039,207,88,0.665,1.45,1.265,,3.9,27,9,9.0,0,54,12,22,15,18,8,0,33,2,0,-0.165,-1.9,36,7,10,7,7.0,8,9,47,0.278,0.413,0.444,0.857,134,132,0.166,1.05,1.216,,1.9,27,11,9.0,3,79,18,35,14,15,5,0,40,2,0,-0.664,-3.9
TEX/TEX201804220,"Sunday, April 22, 2018",2:08 p.m. Local,Globe Life Park in Arlington,33661,2:55,Day,Home,Texas Rangers,TEX,Seattle Mariners,SEA,39,4,10,4,3.0,3,9,43,0.256,0.326,0.462,0.787,111,94,-0.263,0.65,1.093,,-1.1,24,11,8.0,2,48,19,27,16,14,7,0,34,1,0,-0.237,-2.5,32,7,8,7,7.88,3,4,36,0.25,0.333,0.531,0.865,160,72,0.237,1.67,0.572,,2.5,27,8,9.0,1,46,9,17,14,14,9,0,53,1,0,0.263,1.1
CHA/CHA201804230,"Monday, April 23, 2018",7:10 p.m. Local,Guaranteed Rate Field,13614,2:56,Night,Home,Chicago White Sox,CHW,Seattle Mariners,SEA,33,4,9,4,4.0,1,4,35,0.273,0.286,0.576,0.861,136,86,-0.102,0.26,0.083,,-0.5,24,10,8.0,3,54,5,27,11,19,5,0,5,1,0,-0.399,-6.0,41,10,18,9,11.25,0,7,41,0.439,0.439,0.829,1.268,139,95,0.4,0.22,0.503,,6.0,27,10,9.0,2,59,12,24,14,20,11,0,60,0,0,0.101,0.5
CHA/CHA201804240,"Tuesday, April 24, 2018",4:10 p.m. Local,Guaranteed Rate Field,10761,2:52,Day,Away,Seattle Mariners,SEA,Chicago White Sox,CHW,32,1,5,1,1.0,1,5,34,0.156,0.206,0.188,0.393,120,92,-0.333,1.63,0.301,,-3.5,27,14,9.0,0,55,9,29,16,11,2,0,69,2,0,0.832,4.5,32,0,5,0,0.0,1,12,33,0.156,0.182,0.188,0.369,141,92,-0.83,0.93,0.449,,-4.5,27,11,9.0,0,41,22,29,10,10,5,0,56,0,0,0.332,3.5
CHA/CHA201804250,"Wednesday, April 25, 2018",1:10 p.m. Local,Guaranteed Rate Field,11417,2:57,Day,Away,Seattle Mariners,SEA,Chicago White Sox,CHW,35,4,8,4,4.0,6,7,41,0.229,0.341,0.371,0.713,141,92,0.037,1.39,0.986,,-0.5,27,6,9.0,1,47,18,27,8,20,9,0,50,0,0,0.463,1.5,33,3,7,3,3.0,2,12,35,0.212,0.257,0.333,0.59,156,93,-0.462,1.33,0.487,,-1.5,27,3,9.0,1,53,15,25,5,16,9,0,44,3,0,-0.038,0.5
CLE/CLE201804260,"Thursday, April 26, 2018",6:10 p.m. Local,Progressive Field,12133,2:46,Night,Away,Seattle Mariners,SEA,Cleveland Indians,CLE,35,5,10,5,5.0,2,6,37,0.286,0.324,0.457,0.781,150,83,0.273,1.44,0.751,,0.3,27,5,9.0,1,49,12,22,14,15,10,0,61,2,2,0.227,0.7,34,4,7,4,4.0,4,14,39,0.206,0.308,0.353,0.661,121,100,-0.227,0.77,0.863,,-0.7,27,13,9.0,0,58,16,26,6,14,6,0,44,1,0,-0.273,-0.3
CLE/CLE201804270,"Friday, April 27, 2018",7:20 p.m. Local,Progressive Field,16335,2:36,Night,Home,Cleveland Indians,CLE,Seattle Mariners,SEA,32,5,6,5,5.0,3,10,35,0.188,0.257,0.406,0.663,130,85,-0.272,0.3,0.139,,0.3,24,5,8.0,5,43,14,28,8,14,8,0,30,0,0,-0.228,-1.8,36,6,13,6,6.75,0,9,38,0.361,0.368,0.944,1.313,124,92,0.227,0.53,0.409,,1.8,27,8,9.0,2,55,12,25,9,19,3,0,71,1,1,0.272,-0.3
CLE/CLE201804280,"Saturday, April 28, 2018",4:10 p.m. Local,Progressive Field,19172,3:00,Day,Away,Seattle Mariners,SEA,Cleveland Indians,CLE,38,12,12,12,10.0,3,6,44,0.316,0.372,0.711,1.083,136,109,0.421,0.45,0.566,,7.3,27,5,9.0,1,66,15,27,9,24,5,0,49,0,0,0.079,0.7,32,4,6,4,4.0,2,10,35,0.188,0.229,0.313,0.541,169,87,-0.078,0.34,0.196,,-0.7,27,5,9.0,4,44,14,29,9,14,5,0,34,2,0,-0.422,-7.3
CLE/CLE201804290,"Sunday, April 29, 2018",1:10 p.m. Local,Progressive Field,17878,3:01,Day,Away,Seattle Mariners,SEA,Cleveland Indians,CLE,42,10,14,10,10.0,1,7,44,0.333,0.364,0.714,1.078,148,92,0.379,0.92,0.756,,5.3,27,12,9.0,1,51,11,30,13,22,14,0,55,3,2,0.121,0.7,34,4,8,4,4.0,3,9,38,0.235,0.316,0.412,0.728,140,94,-0.12,0.52,0.547,,-0.7,27,9,9.0,4,54,11,29,13,12,6,0,31,0,0,-0.378,-5.3
SEA/SEA201805010,"Tuesday, May 1, 2018",7:10 p.m. Local,Safeco Field,12468,3:06,Night,Home,Seattle Mariners,SEA,Oakland Athletics,OAK,29,3,4,3,3.0,6,13,35,0.138,0.286,0.276,0.562,139,94,-0.259,0.88,0.441,,-1.3,24,7,8.0,1,41,20,33,8,8,2,0,37,3,1,-0.241,-2.2,32,6,9,6,6.75,5,8,39,0.281,0.385,0.469,0.853,153,84,0.242,0.97,0.775,,2.2,27,6,9.0,1,53,14,17,12,13,4,0,57,2,2,0.259,1.3
SEA/SEA201805020,"Wednesday, May 2, 2018",7:10 p.m. Local,Safeco Field,11603,2:25,Night,Away,Oakland Athletics,OAK,Seattle Mariners,SEA,35,3,8,3,3.0,1,16,36,0.229,0.25,0.486,0.736,126,95,0.176,1.83,0.946,,-1.3,27,10,9.0,1,50,27,18,1,18,7,0,58,2,0,0.322,2.3,35,2,9,2,2.0,3,8,38,0.257,0.316,0.371,0.687,129,80,-0.325,1.12,0.782,,-2.3,27,1,9.0,2,42,20,18,14,13,6,0,82,0,0,-0.178,1.3
SEA/SEA201805030,"Thursday, May 3, 2018",7:10 p.m. Local,Safeco Field,12888,2:31,Night,Home,Seattle Mariners,SEA,Oakland Athletics,OAK,31,1,6,1,1.0,1,9,32,0.194,0.219,0.323,0.541,110,98,-0.337,0.57,0.261,,-3.3,24,11,8.0,1,61,18,19,9,13,5,0,49,0,0,-0.164,-0.2,29,4,7,4,4.5,0,6,33,0.241,0.29,0.379,0.67,149,69,0.163,0.82,0.432,,0.2,27,10,9.0,1,41,16,12,15,10,4,0,58,0,0,0.336,3.3
SEA/SEA201805040,"Friday, May 4, 2018",7:10 p.m. Local,Safeco Field,41705,3:10,Night,Away,Los Angeles Angels,LAA,Seattle Mariners,SEA,36,5,11,4,5.0,7,10,43,0.306,0.419,0.444,0.863,116,109,0.078,1.1,0.554,,0.7,27,13,9.0,0,59,26,24,12,14,12,0,73,1,0,0.422,4.3,29,0,5,0,0.0,1,11,31,0.172,0.2,0.172,0.372,182,76,-0.422,0.66,0.332,,-4.3,27,10,9.0,0,39,21,15,12,6,2,0,42,4,0,-0.078,-0.7
SEA/SEA201805050,"Saturday, May 5, 2018",6:10 p.m. Local,Safeco Field,36977,4:29,Night,Home,Seattle Mariners,SEA,Los Angeles Angels,LAA,47,8,17,8,6.55,3,11,51,0.362,0.392,0.596,0.988,201,129,0.962,2.03,2.231,,2.7,31,14,10.1,1,73,22,34,11,26,16,0,54,7,3,-1.462,-4.4,45,9,15,7,6.97,5,12,51,0.333,0.4,0.511,0.911,193,130,1.461,1.37,2.924,,4.4,33,8,11.0,2,71,25,34,17,17,14,0,44,0,0,-0.961,-2.7
SEA/SEA201805060,"Sunday, May 6, 2018",1:10 p.m. Local,Safeco Field,40142,3:11,Day,Away,Los Angeles Angels,LAA,Seattle Mariners,SEA,38,8,12,8,8.0,5,9,46,0.316,0.422,0.605,1.027,136,107,0.196,0.68,0.605,,3.7,27,11,9.0,1,63,18,26,16,14,4,0,56,4,0,0.307,2.3,30,2,6,2,2.0,6,6,37,0.2,0.351,0.3,0.651,169,79,-0.308,0.57,0.235,,-2.3,27,12,9.0,3,42,15,22,11,13,3,0,36,2,2,-0.194,-3.7
TOR/TOR201805080,"Tuesday, May 8, 2018",7:08 p.m. Local,Rogers Centre,20513,2:19,Night,Away,Seattle Mariners,SEA,Toronto Blue Jays,TOR,37,5,12,5,5.0,3,5,41,0.324,0.366,0.432,0.798,99,90,0.213,0.63,0.544,,0.5,27,11,9.0,0,55,12,23,20,13,4,0,91,,,0.287,4.5,26,0,0,0,0.0,3,7,29,0.0,0.103,0.0,0.103,148,64,-0.287,0.57,0.11,,-4.5,27,12,9.0,1,37,13,14,10,9,3,0,29,2,0,-0.212,-0.5
TOR/TOR201805090,"Wednesday, May 9, 2018",7:08 p.m. Local,Rogers Centre,20290,3:08,Night,Home,Toronto Blue Jays,TOR,Seattle Mariners,SEA,32,2,5,2,1.0,6,8,39,0.156,0.308,0.219,0.526,139,92,-0.216,1.44,0.565,,-2.5,24,8,8.0,1,56,17,19,11,13,5,0,58,3,1,-0.284,-1.0,34,5,12,5,5.62,2,7,36,0.353,0.389,0.647,1.036,149,99,0.286,1.0,1.18,,1.0,27,10,9.0,0,60,14,25,8,19,13,0,53,0,0,0.217,2.5
TOR/TOR201805100,"Thursday, May 10, 2018",7:07 p.m. Local,Rogers Centre,22315,2:58,Night,Away,Seattle Mariners,SEA,Toronto Blue Jays,TOR,41,9,17,9,9.0,5,9,47,0.415,0.468,0.756,1.224,137,123,0.425,0.49,0.644,,4.5,27,12,9.0,1,73,19,31,15,18,6,0,62,5,1,0.074,1.5,32,3,8,2,3.0,2,10,34,0.25,0.294,0.406,0.7,194,101,-0.076,0.42,0.278,,-1.5,27,7,9.0,4,54,21,26,13,9,3,0,13,2,0,-0.425,-4.5
DET/DET201805121,"Saturday, May 12, 2018",4:10 p.m. Local,Comerica Park,,2:35,Day,Home,Detroit Tigers,DET,Seattle Mariners,SEA,30,3,4,3,3.0,5,7,37,0.133,0.27,0.2,0.47,121,85,-0.414,1.0,0.642,,-1.7,24,9,8.0,1,48,20,17,13,11,5,0,37,0,0,-0.085,0.2,32,4,12,4,4.5,2,5,34,0.375,0.412,0.531,0.943,136,81,0.086,1.75,0.779,,-0.2,27,10,9.0,0,46,11,24,11,16,7,0,57,2,2,0.414,1.7
DET/DET201805122,"Saturday, May 12, 2018",7:29 p.m. Local,Comerica Park,25506,3:35,Night,Away,Seattle Mariners,SEA,Detroit Tigers,DET,36,9,13,9,9.0,5,8,43,0.361,0.465,0.611,1.076,153,115,0.542,0.87,1.131,,4.3,27,7,9.0,1,69,17,29,15,13,7,0,36,0,0,-0.041,-0.3,36,5,9,5,5.0,2,11,40,0.25,0.325,0.389,0.714,191,106,0.042,0.9,0.679,,0.3,27,14,9.0,2,58,19,29,9,16,11,0,29,3,0,-0.54,-4.3
DET/DET201805130,"Sunday, May 13, 2018",1:11 p.m. Local,Comerica Park,24718,2:57,Day,Home,Detroit Tigers,DET,Seattle Mariners,SEA,37,4,11,4,2.0,2,6,42,0.297,0.366,0.378,0.744,145,95,-0.121,1.15,1.159,,-0.7,24,5,8.0,1,48,17,30,11,21,12,0,52,0,0,-0.377,-2.1,34,5,10,5,5.62,0,4,35,0.294,0.314,0.412,0.726,149,101,0.38,1.74,0.938,,2.1,27,10,9.0,1,64,17,20,9,21,9,0,41,2,0,0.123,0.7
MIN/MIN201805140,"Monday, May 14, 2018",7:52 p.m. Local,Target Field,16581,2:53,Night,Away,Seattle Mariners,SEA,Minnesota Twins,MIN,33,1,6,0,1.0,1,8,36,0.182,0.229,0.303,0.532,133,85,-0.298,1.31,0.671,,-3.7,27,4,9.0,0,54,14,17,12,14,5,0,70,0,0,0.799,4.7,31,0,4,0,0.0,0,7,31,0.129,0.129,0.161,0.29,136,88,-0.798,1.34,0.156,,-4.7,27,10,9.0,0,54,13,21,7,17,4,0,70,0,0,0.299,3.7
SEA/SEA201805150,"Tuesday, May 15, 2018",7:10 p.m. Local,Safeco Field,14670,4:26,Night,Home,Seattle Mariners,SEA,Texas Rangers,TEX,44,8,12,7,5.73,5,7,51,0.273,0.36,0.409,0.769,224,133,0.444,1.43,1.864,,2.7,31,6,10.1,1,83,17,33,20,18,8,0,23,3,0,-0.943,-4.6,44,9,15,8,6.97,4,12,53,0.341,0.42,0.523,0.943,192,143,0.943,1.83,1.908,,4.6,33,13,11.0,1,84,25,34,13,22,11,0,30,3,0,-0.443,-2.7
SEA/SEA201805160,"Wednesday, May 16, 2018",12:40 p.m. Local,Safeco Field,20629,2:52,Day,Away,Texas Rangers,TEX,Seattle Mariners,SEA,36,5,7,3,1.0,3,10,39,0.194,0.256,0.25,0.506,124,96,-0.081,1.3,0.706,,0.7,27,12,9.0,1,54,25,17,13,13,5,0,74,3,0,0.58,3.3,32,1,6,1,1.0,1,3,33,0.188,0.212,0.313,0.525,144,86,-0.581,1.14,0.292,,-3.3,27,8,9.0,0,53,5,28,14,15,6,0,78,5,4,0.08,-0.7
SEA/SEA201805170,"Thursday, May 17, 2018",7:10 p.m. Local,Safeco Field,15169,3:08,Night,Away,Detroit Tigers,DET,Seattle Mariners,SEA,37,3,9,2,2.0,2,4,40,0.243,0.3,0.297,0.597,145,101,0.106,1.12,1.061,,-1.3,27,9,9.0,0,65,9,27,20,13,8,0,60,4,0,0.395,2.3,32,2,7,2,2.0,2,14,35,0.219,0.265,0.281,0.546,147,94,-0.396,1.52,0.419,,-2.3,27,14,9.0,0,51,21,22,9,10,5,0,58,4,0,-0.104,1.3
SEA/SEA201805180,"Friday, May 18, 2018",7:10 p.m. Local,Safeco Field,34932,2:48,Night,Home,Seattle Mariners,SEA,Detroit Tigers,DET,33,4,7,4,3.0,3,6,36,0.212,0.278,0.303,0.581,129,99,-0.096,1.18,0.584,,-0.3,24,7,8.0,0,60,15,24,12,15,8,0,60,6,3,-0.404,-1.2,28,5,5,5,5.62,4,7,34,0.179,0.294,0.214,0.508,143,85,0.402,0.88,0.876,,1.2,27,9,9.0,0,48,14,23,10,12,4,0,47,0,0,0.097,0.3
SEA/SEA201805190,"Saturday, May 19, 2018",6:10 p.m. Local,Safeco Field,35739,2:34,Night,Home,Seattle Mariners,SEA,Detroit Tigers,DET,28,2,3,2,2.0,1,8,30,0.107,0.133,0.25,0.383,160,83,-0.159,0.69,0.337,,-2.3,24,9,8.0,2,50,15,18,8,13,3,0,40,1,1,-0.341,-3.2,32,7,10,7,7.88,3,5,38,0.312,0.378,0.688,1.066,117,98,0.342,0.82,0.681,,3.2,27,7,9.0,1,61,16,21,12,17,10,0,80,,,0.158,2.3
SEA/SEA201805200,"Sunday, May 20, 2018",1:10 p.m. Local,Safeco Field,34252,3:21,Day,Home,Seattle Mariners,SEA,Detroit Tigers,DET,41,2,10,2,1.64,1,12,42,0.244,0.262,0.366,0.628,139,126,-0.368,1.34,0.544,,-3.3,30,9,10.0,1,73,21,32,13,16,7,0,82,0,0,-0.131,1.4,35,3,6,3,2.7,3,6,38,0.171,0.237,0.257,0.494,175,83,0.131,1.04,1.079,,-1.4,33,13,11.0,1,46,9,28,12,17,5,0,50,1,0,0.369,3.3
OAK/OAK201805220,"Tuesday, May 22, 2018",7:07 p.m. Local,Oakland-Alameda County Coliseum,9408,2:50,Night,Away,Seattle Mariners,SEA,Oakland Athletics,OAK,35,3,6,3,2.7,4,10,40,0.171,0.275,0.286,0.561,141,98,-0.056,1.27,1.055,,-2.0,30,16,10.0,0,50,17,31,14,11,8,0,59,2,0,0.555,3.0,37,2,7,1,0.9,0,7,38,0.189,0.211,0.243,0.454,160,95,-0.554,1.48,0.436,,-3.0,30,13,10.0,1,58,7,30,21,9,5,0,62,0,0,0.054,2.0
OAK/OAK201805230,"Wednesday, May 23, 2018",7:07 p.m. Local,Oakland-Alameda County Coliseum,6991,2:43,Night,Away,Seattle Mariners,SEA,Oakland Athletics,OAK,33,1,6,1,1.0,3,7,36,0.182,0.25,0.212,0.462,130,94,-0.327,1.45,0.406,,-3.5,27,10,9.0,0,60,12,22,12,14,5,0,77,0,0,0.828,4.5,29,0,3,0,0.0,2,10,31,0.103,0.161,0.103,0.265,147,86,-0.829,1.0,0.228,,-4.5,27,10,9.0,0,47,14,25,10,9,6,0,69,1,0,0.327,3.5
OAK/OAK201805240,"Thursday, May 24, 2018",12:36 p.m. Local,Oakland-Alameda County Coliseum,12633,2:44,Day,Home,Oakland Athletics,OAK,Seattle Mariners,SEA,32,3,10,2,3.0,4,8,36,0.312,0.389,0.344,0.733,117,94,-0.379,0.65,0.777,,-1.5,24,11,8.0,0,54,15,25,10,14,10,0,47,0,0,-0.123,-0.0,28,4,5,4,4.5,1,5,30,0.179,0.2,0.214,0.414,149,71,0.122,1.43,0.44,,0.0,27,13,9.0,0,49,11,11,13,11,6,0,40,2,1,0.378,1.5
SEA/SEA201805250,"Friday, May 25, 2018",7:10 p.m. Local,Safeco Field,19924,2:14,Night,Home,Seattle Mariners,SEA,Minnesota Twins,MIN,31,1,4,1,1.0,0,12,31,0.129,0.129,0.226,0.355,112,88,-0.581,0.87,0.267,,-3.3,24,9,8.0,0,53,15,20,10,9,2,0,64,0,0,0.079,1.8,27,2,5,2,2.25,2,9,29,0.185,0.241,0.185,0.427,128,71,-0.079,1.23,0.408,,-1.8,27,10,9.0,1,42,11,18,10,8,2,0,78,0,0,0.58,3.3
SEA/SEA201805260,"Saturday, May 26, 2018",7:10 p.m. Local,Safeco Field,23986,3:40,Night,Home,Seattle Mariners,SEA,Minnesota Twins,MIN,41,3,8,3,2.25,3,12,44,0.195,0.25,0.244,0.494,160,106,-0.5,1.63,0.633,,-2.8,35,11,11.2,3,62,21,25,13,16,8,0,44,0,0,-0.002,1.7,41,4,10,4,3.09,1,7,44,0.244,0.279,0.463,0.742,165,101,-0.001,1.37,1.39,,-1.7,36,12,12.0,0,62,17,22,12,23,5,0,58,1,1,0.498,2.8
SEA/SEA201805270,"Sunday, May 27, 2018",1:10 p.m. Local,Safeco Field,31340,2:18,Day,Home,Seattle Mariners,SEA,Minnesota Twins,MIN,30,1,4,1,1.0,0,2,30,0.133,0.133,0.2,0.333,115,68,-0.479,1.43,0.287,,-3.3,24,6,8.0,1,49,4,15,15,13,9,0,61,4,2,-0.022,0.8,33,3,11,3,3.38,1,9,34,0.333,0.353,0.455,0.807,95,80,0.02,1.09,0.908,,-0.8,27,15,9.0,0,41,21,18,7,17,9,0,72,0,0,0.479,3.3
SEA/SEA201805280,"Monday, May 28, 2018",1:10 p.m. Local,Safeco Field,26236,2:32,Day,Home,Seattle Mariners,SEA,Texas Rangers,TEX,28,1,5,0,0.0,5,7,33,0.179,0.303,0.179,0.482,107,84,-0.549,1.12,0.45,,-3.3,24,14,8.0,0,43,13,28,8,13,6,0,53,2,0,0.049,1.8,28,2,6,2,2.25,2,2,32,0.214,0.29,0.214,0.505,136,64,-0.051,1.43,0.598,,-1.8,27,13,9.0,0,41,5,20,18,9,5,0,64,1,0,0.55,3.3
SEA/SEA201805290,"Tuesday, May 29, 2018",7:10 p.m. Local,Safeco Field,13259,3:40,Night,Away,Texas Rangers,TEX,Seattle Mariners,SEA,37,9,12,7,9.0,8,12,47,0.324,0.468,0.541,1.009,166,105,0.719,1.43,1.585,,4.7,27,8,9.0,1,53,21,31,12,13,9,0,35,4,0,-0.219,-0.7,39,5,12,5,5.0,0,9,41,0.308,0.341,0.462,0.803,190,111,0.22,1.5,0.97,,0.7,27,9,9.0,1,70,17,24,9,21,16,0,37,5,4,-0.72,-4.7
SEA/SEA201805300,"Wednesday, May 30, 2018",7:10 p.m. Local,Safeco Field,13070,3:17,Night,Away,Texas Rangers,TEX,Seattle Mariners,SEA,35,7,11,7,6.0,7,11,44,0.314,0.442,0.429,0.87,160,105,0.617,1.36,1.535,,2.7,27,7,9.0,0,61,19,25,8,17,8,0,38,1,1,-0.116,-1.7,38,6,13,4,5.0,2,11,41,0.342,0.366,0.526,0.892,164,107,0.115,1.5,1.082,,1.7,27,4,9.0,0,61,22,24,12,16,9,0,52,5,4,-0.617,-2.7
SEA/SEA201805310,"Thursday, May 31, 2018",7:10 p.m. Local,Safeco Field,15630,2:53,Night,Home,Seattle Mariners,SEA,Texas Rangers,TEX,33,1,8,1,1.0,2,8,35,0.242,0.286,0.364,0.649,140,97,-0.257,0.52,0.372,,-3.3,24,11,8.0,1,49,16,32,9,16,7,0,37,0,0,-0.243,-2.2,32,6,11,6,5.62,3,3,37,0.344,0.378,0.531,0.91,148,84,0.243,0.85,0.52,,2.2,27,7,9.0,1,55,8,21,16,15,8,0,57,0,0,0.257,3.3
SEA/SEA201806010,"Friday, June 1, 2018",7:10 p.m. Local,Safeco Field,22636,4:16,Night,Home,Seattle Mariners,SEA,Tampa Bay Rays,TBR,46,3,11,3,2.08,2,16,49,0.239,0.286,0.37,0.655,189,137,-0.694,1.35,1.27,,-3.2,36,19,12.0,1,81,29,28,12,18,8,0,53,3,0,0.194,1.8,46,4,11,4,3.0,3,8,50,0.239,0.3,0.391,0.691,203,129,-0.194,1.92,1.039,,-1.8,39,12,13.0,2,78,17,34,28,10,3,0,65,0,0,0.694,3.2
SEA/SEA201806020,"Saturday, June 2, 2018",7:10 p.m. Local,Safeco Field,28599,2:57,Night,Home,Seattle Mariners,SEA,Tampa Bay Rays,TBR,30,1,5,1,1.0,2,8,33,0.167,0.242,0.2,0.442,147,87,-0.433,0.78,0.335,,-3.3,24,9,8.0,1,53,12,22,13,9,3,0,49,1,0,-0.067,0.8,31,3,9,3,3.38,4,7,36,0.29,0.389,0.419,0.808,129,85,0.068,1.02,0.618,,-0.8,27,12,9.0,0,54,9,22,13,11,3,0,64,1,0,0.433,3.3
SEA/SEA201806030,"Sunday, June 3, 2018",1:10 p.m. Local,Safeco Field,26567,2:40,Day,Home,Seattle Mariners,SEA,Tampa Bay Rays,TBR,31,1,5,1,1.0,1,8,35,0.161,0.235,0.194,0.429,131,81,-0.436,1.49,0.402,,-3.3,24,7,8.0,0,51,11,19,18,6,4,0,80,0,0,-0.064,1.8,28,2,4,2,1.12,1,16,30,0.143,0.172,0.143,0.315,123,86,0.066,1.23,0.809,,-1.8,27,14,9.0,0,46,19,21,10,3,2,0,74,0,0,0.436,3.3
HOU/HOU201806050,"Tuesday, June 5, 2018",7:11 p.m. Local,Minute Maid Park,35646,2:29,Night,Away,Seattle Mariners,SEA,Houston Astros,HOU,35,7,8,7,7.0,1,7,36,0.229,0.25,0.486,0.736,119,87,0.358,0.48,0.458,,2.5,27,10,9.0,0,46,12,29,16,12,5,0,62,2,0,0.142,3.6,33,1,9,1,1.0,1,6,34,0.273,0.294,0.364,0.658,138,82,-0.142,0.3,0.209,,-3.6,27,11,9.0,3,54,9,19,14,13,4,0,34,1,0,-0.359,-2.4
HOU/HOU201806060,"Wednesday, June 6, 2018",7:11 p.m. Local,Minute Maid Park,30361,3:14,Night,Home,Houston Astros,HOU,Seattle Mariners,SEA,37,5,11,5,4.0,3,7,40,0.297,0.35,0.568,0.918,151,93,0.148,0.95,1.15,,0.4,24,12,8.0,1,52,16,25,16,14,4,0,36,2,2,-0.647,-3.0,33,7,13,7,6.75,5,6,38,0.394,0.474,0.576,1.049,150,93,0.647,1.33,1.134,,3.0,27,12,9.0,3,54,16,23,10,17,8,0,46,2,1,-0.146,-0.4
TBA/TBA201806070,"Thursday, June 7, 2018",7:10 p.m. Local,Tropicana Field,10342,2:43,Night,Away,Seattle Mariners,SEA,Tampa Bay Rays,TBR,33,5,8,5,5.0,3,10,37,0.242,0.297,0.424,0.722,122,89,0.226,0.95,0.575,,0.5,27,14,9.0,1,53,18,19,12,12,4,0,60,1,1,0.275,0.5,35,4,10,4,4.0,1,4,37,0.286,0.324,0.486,0.81,134,85,-0.277,0.65,0.471,,-0.5,27,6,9.0,2,58,11,16,15,16,8,0,51,0,0,-0.224,-0.5
TBA/TBA201806080,"Friday, June 8, 2018",7:10 p.m. Local,Tropicana Field,12435,2:50,Night,Away,Seattle Mariners,SEA,Tampa Bay Rays,TBR,34,4,8,4,4.0,3,8,38,0.235,0.316,0.294,0.61,131,97,0.083,1.32,0.497,,-0.5,27,11,9.0,2,56,12,29,12,14,7,0,63,1,1,0.417,1.5,33,3,8,3,3.0,0,5,35,0.242,0.286,0.424,0.71,147,90,-0.419,0.77,0.541,,-1.5,27,8,9.0,0,56,15,20,14,14,5,0,49,4,1,-0.083,0.5
TBA/TBA201806090,"Saturday, June 9, 2018",4:10 p.m. Local,Tropicana Field,12258,2:52,Day,Home,Tampa Bay Rays,TBR,Seattle Mariners,SEA,35,3,10,3,2.0,4,4,40,0.286,0.375,0.4,0.775,123,92,-0.126,0.47,0.424,,-1.5,24,7,8.0,0,58,15,19,10,21,10,0,24,0,0,-0.374,-3.0,32,7,10,6,6.75,2,7,35,0.312,0.343,0.469,0.812,151,80,0.374,0.84,0.544,,3.0,27,9,9.0,1,47,18,15,9,17,8,0,51,2,0,0.126,1.5
TBA/TBA201806100,"Sunday, June 10, 2018",1:09 p.m. Local,Tropicana Field,10512,2:50,Day,Away,Seattle Mariners,SEA,Tampa Bay Rays,TBR,32,5,6,5,5.0,2,7,34,0.188,0.235,0.469,0.704,142,107,0.276,1.5,0.766,,0.5,27,10,9.0,1,72,13,22,10,15,6,0,65,1,1,0.224,0.5,35,4,9,4,4.0,1,11,36,0.257,0.278,0.429,0.706,167,98,-0.223,0.84,0.725,,-0.5,27,11,9.0,3,56,21,21,11,13,7,0,50,0,0,-0.276,-0.5
SEA/SEA201806110,"Monday, June 11, 2018",7:10 p.m. Local,Safeco Field,20116,2:35,Night,Home,Seattle Mariners,SEA,Los Angeles Angels,LAA,35,3,7,3,3.0,2,11,37,0.2,0.243,0.514,0.758,104,97,-0.218,0.56,0.569,,-1.3,24,11,8.0,3,49,22,26,9,15,6,0,26,2,0,-0.281,-1.2,30,5,8,5,5.62,2,7,32,0.267,0.313,0.6,0.913,144,71,0.28,1.08,0.597,,1.2,27,5,9.0,3,39,8,24,15,8,4,0,54,0,0,0.219,1.3
SEA/SEA201806120,"Tuesday, June 12, 2018",7:10 p.m. Local,Safeco Field,20402,3:01,Night,Home,Seattle Mariners,SEA,Los Angeles Angels,LAA,34,3,6,3,3.0,4,8,38,0.176,0.263,0.382,0.646,135,99,-0.196,0.76,0.56,,-1.3,24,9,8.0,4,59,17,23,14,12,5,0,43,1,0,-0.304,-2.2,34,6,14,6,5.62,1,6,36,0.412,0.429,0.853,1.282,152,88,0.305,0.98,0.858,,2.2,27,10,9.0,2,50,12,25,9,19,9,0,61,1,0,0.195,1.3
SEA/SEA201806130,"Wednesday, June 13, 2018",1:10 p.m. Local,Safeco Field,28236,3:35,Day,Home,Seattle Mariners,SEA,Los Angeles Angels,LAA,37,6,13,6,6.0,4,11,42,0.351,0.405,0.676,1.08,156,109,0.219,1.5,1.306,,1.7,25,7,8.1,3,57,21,31,8,19,11,0,42,3,1,-0.719,-3.9,36,8,14,8,8.64,2,10,39,0.389,0.421,0.694,1.115,171,106,0.719,1.35,1.906,,3.9,27,8,9.0,2,66,17,23,9,18,8,0,46,0,0,-0.219,-1.7
SEA/SEA201806140,"Thursday, June 14, 2018",7:10 p.m. Local,Safeco Field,30479,2:56,Night,Away,Boston Red Sox,BOS,Seattle Mariners,SEA,34,2,8,2,1.0,2,7,36,0.235,0.278,0.382,0.66,134,84,-0.155,1.88,0.562,,-2.3,27,8,9.0,0,50,14,20,12,15,8,0,70,0,0,0.654,3.3,29,1,6,1,1.0,2,9,33,0.207,0.273,0.207,0.48,135,87,-0.654,0.93,0.668,,-3.3,27,10,9.0,1,55,9,24,9,12,4,0,62,0,0,0.154,2.3
SEA/SEA201806150,"Friday, June 15, 2018",7:10 p.m. Local,Safeco Field,44459,3:09,Night,Home,Seattle Mariners,SEA,Boston Red Sox,BOS,38,6,10,6,6.0,5,6,43,0.263,0.349,0.342,0.691,145,97,0.155,1.28,1.09,,1.7,24,6,8.0,2,59,16,22,16,15,9,1,50,0,0,-0.656,-3.2,34,7,10,7,7.88,3,11,37,0.294,0.351,0.529,0.881,169,95,0.655,1.52,1.299,,3.2,27,6,9.0,1,48,14,33,12,11,5,0,22,2,0,-0.155,-1.7
SEA/SEA201806160,"Saturday, June 16, 2018",5:16 p.m. Local,Safeco Field,44151,2:22,Night,Home,Seattle Mariners,SEA,Boston Red Sox,BOS,28,0,2,0,0.0,0,12,28,0.071,0.071,0.071,0.143,120,85,-0.729,0.81,0.067,,-4.3,24,9,8.0,0,46,16,23,9,7,3,0,65,0,0,0.229,2.8,29,1,6,1,1.12,2,6,31,0.207,0.258,0.241,0.499,115,76,-0.23,1.15,0.292,,-2.8,27,10,9.0,0,40,12,26,13,10,5,0,84,1,0,0.73,4.3
SEA/SEA201806170,"Sunday, June 17, 2018",1:10 p.m. Local,Safeco Field,46462,3:15,Day,Away,Boston Red Sox,BOS,Seattle Mariners,SEA,38,9,13,9,9.0,3,4,42,0.342,0.381,0.605,0.986,160,100,0.336,0.67,0.643,,4.7,27,8,9.0,1,70,9,21,15,20,7,0,60,2,0,0.165,1.3,35,3,8,3,3.0,3,11,38,0.229,0.289,0.371,0.661,152,98,-0.165,0.55,0.318,,-1.3,27,9,9.0,3,56,19,23,13,11,2,0,36,0,0,-0.336,-4.7
NYA/NYA201806190,"Tuesday, June 19, 2018",7:09 p.m. Local,Yankee Stadium III,45122,2:28,Night,Home,New York Yankees,NYY,Seattle Mariners,SEA,30,2,2,2,1.0,0,12,30,0.067,0.067,0.2,0.267,127,84,-0.244,0.61,0.17,,-2.6,24,7,8.0,4,35,23,26,6,12,5,0,37,1,1,-0.256,-2.9,34,7,11,7,7.88,1,8,35,0.324,0.343,0.676,1.019,124,93,0.255,0.64,0.607,,2.9,27,6,9.0,1,52,20,21,8,18,8,0,76,0,0,0.245,2.6
NYA/NYA201806200,"Wednesday, June 20, 2018",7:09 p.m. Local,Yankee Stadium III,46047,3:28,Night,Home,New York Yankees,NYY,Seattle Mariners,SEA,35,5,10,4,5.0,3,7,40,0.286,0.35,0.343,0.693,160,109,0.003,1.36,0.709,,0.4,26,8,8.2,2,66,14,29,17,12,4,0,54,1,0,-0.504,-2.5,35,7,11,6,6.23,2,11,40,0.314,0.375,0.571,0.946,172,99,0.502,0.95,1.436,,2.5,27,10,9.0,0,53,21,25,9,16,9,0,39,3,2,-0.004,-0.4
NYA/NYA201806210,"Thursday, June 21, 2018",1:09 p.m. Local,Yankee Stadium III,46658,2:51,Day,Home,New York Yankees,NYY,Seattle Mariners,SEA,32,3,9,3,3.0,3,9,37,0.281,0.361,0.438,0.799,150,104,-0.469,0.75,0.774,,-1.6,24,7,8.0,2,54,20,32,9,15,6,0,43,0,0,-0.033,0.1,32,4,8,4,4.5,4,11,36,0.25,0.333,0.469,0.802,164,88,0.031,1.69,0.493,,-0.1,27,10,9.0,1,48,21,19,9,12,5,0,45,2,0,0.468,1.6
BOS/BOS201806220,"Friday, June 22, 2018",7:11 p.m. Local,Fenway Park,37342,3:34,Night,Home,Boston Red Sox,BOS,Seattle Mariners,SEA,39,10,14,10,10.0,3,10,42,0.359,0.405,0.615,1.02,175,97,0.558,1.2,0.98,,5.2,24,7,8.0,1,51,15,31,13,16,4,0,19,5,3,-1.057,-9.8,43,14,20,13,15.75,3,5,46,0.465,0.5,0.698,1.198,140,110,1.057,0.8,1.707,,9.7,27,8,9.0,3,78,7,25,10,28,13,0,0,0,0,-0.557,-5.2
BOS/BOS201806230,"Saturday, June 23, 2018",7:16 p.m. Local,Fenway Park,36051,3:01,Night,Away,Seattle Mariners,SEA,Boston Red Sox,BOS,42,7,14,6,6.0,3,6,46,0.333,0.391,0.429,0.82,117,109,0.245,0.53,0.625,,2.2,27,11,9.0,0,73,12,24,15,21,11,0,79,0,0,0.255,2.8,33,2,6,2,2.0,2,7,35,0.182,0.229,0.242,0.471,173,74,-0.254,0.57,0.12,,-2.8,27,7,9.0,0,44,9,22,14,12,9,0,30,0,0,-0.246,-2.2
BOS/BOS201806240,"Sunday, June 24, 2018",1:08 p.m. Local,Fenway Park,36274,2:29,Day,Home,Boston Red Sox,BOS,Seattle Mariners,SEA,30,0,4,0,0.0,1,13,31,0.133,0.161,0.2,0.361,128,83,-0.376,0.57,0.107,,-4.8,24,6,8.0,1,36,27,21,10,7,4,0,44,0,0,-0.123,-0.8,30,5,8,5,5.62,0,8,32,0.267,0.25,0.433,0.683,117,90,0.124,0.65,0.392,,0.7,27,8,9.0,0,55,13,22,8,16,4,0,81,0,0,0.376,4.8
BAL/BAL201806250,"Monday, June 25, 2018",7:08 p.m. Local,Oriole Park at Camden Yards,21202,3:02,Night,Away,Seattle Mariners,SEA,Baltimore Orioles,BAL,32,5,7,4,5.0,10,6,43,0.219,0.395,0.313,0.708,120,97,0.321,1.34,0.873,,0.5,27,14,9.0,1,57,13,27,14,13,7,0,53,0,0,0.182,1.5,31,3,4,3,3.0,3,8,35,0.129,0.229,0.226,0.454,168,75,-0.182,0.97,0.557,,-1.5,27,12,9.0,1,42,11,22,17,6,2,0,51,6,0,-0.318,-0.5
BAL/BAL201806260,"Tuesday, June 26, 2018",7:07 p.m. Local,Oriole Park at Camden Yards,16327,2:41,Night,Away,Seattle Mariners,SEA,Baltimore Orioles,BAL,34,3,9,3,3.0,2,7,36,0.265,0.306,0.412,0.717,120,99,0.08,1.44,0.867,,-1.5,27,10,9.0,1,59,12,28,12,15,5,0,66,0,0,0.422,2.5,32,2,8,1,2.0,1,11,33,0.25,0.273,0.375,0.648,152,84,-0.422,1.28,0.519,,-2.5,27,10,9.0,1,50,14,22,8,13,10,0,61,4,2,-0.078,1.5
BAL/BAL201806270,"Wednesday, June 27, 2018",7:08 p.m. Local,Oriole Park at Camden Yards,15502,3:39,Night,Away,Seattle Mariners,SEA,Baltimore Orioles,BAL,45,8,14,8,6.55,3,3,51,0.311,0.353,0.511,0.864,135,112,0.631,1.83,1.749,,2.5,33,15,11.0,2,68,10,34,18,26,13,0,43,0,0,-0.129,-1.5,45,7,13,6,4.91,0,5,45,0.289,0.289,0.444,0.733,180,96,0.127,1.58,1.618,,1.5,33,11,11.0,2,62,10,24,18,22,11,0,26,3,1,-0.629,-2.5
BAL/BAL201806280,"Thursday, June 28, 2018",3:08 p.m. Local,Oriole Park at Camden Yards,14263,3:04,Day,Away,Seattle Mariners,SEA,Baltimore Orioles,BAL,40,4,12,3,2.7,1,9,43,0.3,0.317,0.4,0.717,148,96,-0.024,1.32,1.128,,-1.0,30,9,10.0,2,58,18,20,15,18,10,0,64,0,0,0.526,3.0,35,2,6,2,1.8,3,8,38,0.171,0.237,0.343,0.58,140,97,-0.525,1.48,0.514,,-3.0,30,11,10.0,1,58,19,20,11,16,3,0,46,4,0,0.025,1.0
SEA/SEA201806290,"Friday, June 29, 2018",7:10 p.m. Local,Safeco Field,25558,2:26,Night,Home,Seattle Mariners,SEA,Kansas City Royals,KCR,29,1,6,1,1.0,0,7,31,0.207,0.233,0.276,0.509,140,71,-0.394,0.44,0.209,,-3.3,24,2,8.0,2,39,17,15,15,8,4,0,52,0,0,-0.106,-0.2,29,4,5,4,4.5,5,6,34,0.172,0.294,0.379,0.673,96,79,0.106,0.75,0.383,,0.2,27,15,9.0,0,44,11,24,6,17,5,0,78,,,0.394,3.3
SEA/SEA201806300,"Saturday, June 30, 2018",7:10 p.m. Local,Safeco Field,33395,2:38,Night,Home,Seattle Mariners,SEA,Kansas City Royals,KCR,36,4,9,4,3.0,2,7,39,0.25,0.282,0.333,0.615,117,98,-0.116,0.68,0.653,,-0.3,24,9,8.0,1,51,17,30,15,15,7,0,26,0,0,-0.384,-2.2,36,6,14,6,6.75,0,6,37,0.389,0.378,0.583,0.962,141,81,0.385,1.15,0.746,,2.2,27,10,9.0,1,52,11,18,13,18,7,0,47,0,0,0.118,0.3
SEA/SEA201807010,"Sunday, July 1, 2018",1:10 p.m. Local,Safeco Field,38344,2:00,Day,Home,Seattle Mariners,SEA,Kansas City Royals,KCR,29,0,2,0,0.0,2,14,31,0.069,0.129,0.103,0.232,102,89,-0.732,0.75,0.144,,-4.3,24,12,8.0,0,46,26,17,7,8,3,0,69,,,0.231,2.8,29,1,6,1,1.12,0,3,29,0.207,0.207,0.241,0.448,125,64,-0.232,1.24,0.22,,-2.8,27,7,9.0,0,42,6,16,14,12,9,0,87,0,0,0.732,4.3
SEA/SEA201807030,"Tuesday, July 3, 2018",7:09 p.m. Local,Safeco Field,38624,2:27,Night,Home,Seattle Mariners,SEA,Los Angeles Angels,LAA,31,1,4,1,1.0,2,5,33,0.129,0.182,0.29,0.472,118,80,-0.395,0.58,0.236,,-3.3,24,9,8.0,1,44,10,26,14,12,2,0,65,0,0,-0.106,-0.2,32,4,6,3,3.38,2,11,34,0.188,0.235,0.344,0.579,126,84,0.107,0.93,0.401,,0.2,27,11,9.0,1,45,18,21,12,9,5,0,70,0,0,0.394,3.3
SEA/SEA201807040,"Wednesday, July 4, 2018",1:10 p.m. Local,Safeco Field,39518,3:33,Day,Away,Los Angeles Angels,LAA,Seattle Mariners,SEA,40,7,13,7,5.0,3,4,44,0.325,0.372,0.55,0.922,163,110,0.371,1.39,0.958,,2.7,27,7,9.0,2,75,16,18,16,20,8,0,57,4,1,0.129,0.3,35,4,10,4,3.0,3,15,39,0.286,0.342,0.514,0.856,168,99,-0.13,0.88,0.929,,-0.3,27,10,9.0,1,54,24,23,9,12,9,0,33,2,0,-0.371,-2.7
SEA/SEA201807050,"Thursday, July 5, 2018",7:10 p.m. Local,Safeco Field,32128,3:22,Night,Home,Seattle Mariners,SEA,Los Angeles Angels,LAA,32,1,6,1,1.0,4,12,37,0.188,0.27,0.219,0.489,153,93,-0.39,0.85,0.53,,-3.3,24,11,8.0,1,45,20,28,9,12,7,0,48,5,1,-0.11,-0.2,31,4,9,4,4.5,5,5,36,0.29,0.389,0.516,0.905,156,90,0.109,1.31,0.658,,0.2,27,8,9.0,0,51,17,22,13,13,5,0,63,0,0,0.39,3.3
SEA/SEA201807060,"Friday, July 6, 2018",7:10 p.m. Local,Safeco Field,26554,3:11,Night,Away,Colorado Rockies,COL,Seattle Mariners,SEA,39,7,13,7,6.0,2,4,43,0.333,0.372,0.59,0.962,147,110,0.224,0.59,0.528,,2.7,27,12,9.0,1,70,8,32,16,20,7,0,63,0,0,0.277,3.3,33,1,8,1,1.0,0,7,33,0.242,0.242,0.333,0.576,169,100,-0.277,0.46,0.182,,-3.3,27,9,9.0,1,58,15,27,14,12,8,0,41,0,0,-0.223,-2.7
SEA/SEA201807070,"Saturday, July 7, 2018",1:10 p.m. Local,Safeco Field,36104,2:53,Day,Away,Colorado Rockies,COL,Seattle Mariners,SEA,36,5,10,5,5.0,1,11,38,0.278,0.289,0.389,0.678,157,99,0.186,1.15,0.808,,0.7,27,9,9.0,1,55,20,24,10,16,4,0,53,0,0,0.313,3.3,32,1,7,1,1.0,4,9,36,0.219,0.306,0.313,0.618,127,95,-0.311,1.02,0.52,,-3.3,27,4,9.0,1,56,12,27,8,15,8,0,55,0,0,-0.186,-0.7
SEA/SEA201807080,"Sunday, July 8, 2018",1:10 p.m. Local,Safeco Field,34440,2:28,Day,Home,Seattle Mariners,SEA,Colorado Rockies,COL,32,4,5,4,4.0,0,9,32,0.156,0.156,0.438,0.594,122,88,0.023,1.04,0.59,,-0.3,24,12,8.0,1,50,16,22,10,13,4,0,37,0,0,-0.524,-2.2,29,6,7,6,6.75,5,4,36,0.241,0.361,0.483,0.844,131,74,0.524,0.83,1.02,,2.2,27,9,9.0,3,45,6,23,14,12,5,0,49,0,0,-0.023,0.3
ANA/ANA201807100,"Tuesday, July 10, 2018",7:09 p.m. Local,Angel Stadium of Anaheim,33092,3:10,Night,Home,Los Angeles Angels,LAA,Seattle Mariners,SEA,35,3,7,3,3.0,1,8,36,0.2,0.222,0.343,0.565,151,85,-0.001,0.82,0.393,,-1.5,24,9,8.0,2,42,11,32,9,18,9,0,13,0,0,-0.499,-5.0,39,9,16,9,7.88,4,3,43,0.41,0.465,0.667,1.132,135,96,0.499,0.61,0.985,,5.0,27,10,9.0,1,65,7,25,16,20,11,0,38,2,0,0.002,1.5
ANA/ANA201807110,"Wednesday, July 11, 2018",7:08 p.m. Local,Angel Stadium of Anaheim,35591,2:40,Night,Away,Seattle Mariners,SEA,Los Angeles Angels,LAA,31,3,6,3,3.0,1,7,35,0.194,0.286,0.323,0.608,107,76,0.036,0.92,0.41,,-1.5,27,8,9.0,0,38,15,23,12,12,5,0,77,0,0,0.464,4.5,29,0,2,0,0.0,0,6,30,0.069,0.1,0.069,0.169,129,73,-0.465,0.59,0.135,,-4.5,27,11,9.0,1,46,7,20,11,12,5,0,50,2,0,-0.035,1.5
ANA/ANA201807120,"Thursday, July 12, 2018",7:08 p.m. Local,Angel Stadium of Anaheim,44027,3:02,Night,Home,Los Angeles Angels,LAA,Seattle Mariners,SEA,34,2,9,2,2.0,2,7,37,0.265,0.324,0.294,0.618,156,84,-0.168,0.42,0.236,,-2.5,24,8,8.0,4,50,13,21,15,12,7,0,35,0,0,-0.333,-7.0,37,11,15,11,12.38,3,5,43,0.405,0.465,0.73,1.195,131,100,0.332,0.52,0.584,,7.0,27,12,9.0,0,64,9,27,11,22,8,0,62,0,0,0.168,2.5
COL/COL201807130,"Friday, July 13, 2018",6:41 p.m. Local,Coors Field,38126,3:19,Night,Home,Colorado Rockies,COL,Seattle Mariners,SEA,37,7,12,6,7.0,4,7,41,0.324,0.39,0.486,0.877,130,97,-0.066,0.68,0.665,,1.9,24,10,8.0,2,60,8,29,16,14,12,0,29,1,1,-0.434,-5.5,37,10,14,10,11.25,3,5,41,0.378,0.425,0.676,1.101,161,81,0.436,0.89,0.847,,5.5,27,14,9.0,0,56,7,18,15,18,8,0,33,4,3,0.065,-1.9
COL/COL201807140,"Saturday, July 14, 2018",7:12 p.m. Local,Coors Field,47789,2:50,Night,Home,Colorado Rockies,COL,Seattle Mariners,SEA,31,1,5,1,1.0,1,8,32,0.161,0.188,0.194,0.381,138,77,-0.404,0.53,0.242,,-4.1,24,11,8.0,1,41,12,24,16,8,3,0,36,1,1,-0.097,0.5,32,4,10,4,4.5,2,7,35,0.312,0.371,0.531,0.903,113,92,0.095,0.85,0.472,,-0.5,27,11,9.0,0,51,21,20,9,16,10,0,69,2,0,0.405,4.1
COL/COL201807150,"Sunday, July 15, 2018",1:12 p.m. Local,Coors Field,35630,3:11,Day,Home,Colorado Rockies,COL,Seattle Mariners,SEA,35,3,9,3,3.0,1,8,37,0.257,0.278,0.286,0.563,117,97,-0.307,1.31,0.654,,-2.1,24,7,8.0,1,65,14,18,18,10,6,0,56,0,0,-0.193,0.5,29,4,9,3,3.38,2,6,32,0.31,0.344,0.483,0.827,143,82,0.191,1.41,0.997,,-0.5,27,12,9.0,0,54,6,22,11,13,4,0,59,2,0,0.308,2.1
SEA/SEA201807200,"Friday, July 20, 2018",7:11 p.m. Local,Safeco Field,43331,2:37,Night,Home,Seattle Mariners,SEA,Chicago White Sox,CHW,31,1,5,1,1.0,2,11,33,0.161,0.212,0.226,0.438,120,68,-0.535,0.95,0.369,,-3.3,24,10,8.0,0,29,19,20,6,14,8,0,61,3,1,0.034,0.8,30,3,9,3,2.25,1,5,33,0.3,0.333,0.367,0.7,105,75,-0.034,1.32,0.463,,-0.8,27,5,9.0,0,42,7,26,11,15,6,0,75,1,0,0.535,3.3
SEA/SEA201807210,"Saturday, July 21, 2018",7:10 p.m. Local,Safeco Field,38186,2:28,Night,Away,Chicago White Sox,CHW,Seattle Mariners,SEA,32,5,7,4,4.0,2,11,37,0.219,0.297,0.375,0.672,111,87,0.174,0.59,0.47,,0.7,27,13,9.0,0,43,20,24,9,13,7,0,82,1,0,0.326,4.3,29,0,2,0,0.0,2,6,31,0.069,0.129,0.069,0.198,127,70,-0.327,0.51,0.125,,-4.3,27,10,9.0,1,38,9,23,15,8,3,0,48,0,0,-0.174,-0.7
SEA/SEA201807220,"Sunday, July 22, 2018",1:10 p.m. Local,Safeco Field,38207,2:53,Day,Home,Seattle Mariners,SEA,Chicago White Sox,CHW,32,2,5,2,2.0,1,11,33,0.156,0.182,0.25,0.432,141,91,-0.189,0.47,0.195,,-2.3,24,8,8.0,2,53,17,21,14,7,3,0,34,1,1,-0.311,-4.2,29,8,7,8,9.0,5,3,35,0.241,0.343,0.517,0.86,124,86,0.31,0.55,0.449,,4.2,27,8,9.0,1,60,6,20,7,20,7,0,62,4,0,0.189,2.3
SEA/SEA201807240,"Tuesday, July 24, 2018",7:10 p.m. Local,Safeco Field,40276,2:58,Night,Away,San Francisco Giants,SFG,Seattle Mariners,SEA,37,4,11,3,3.0,1,12,38,0.297,0.316,0.432,0.748,133,105,0.219,1.43,1.063,,-0.3,27,14,9.0,1,67,19,19,13,12,7,0,40,1,1,0.28,1.3,33,3,9,3,3.0,3,5,37,0.273,0.324,0.364,0.688,152,86,-0.28,1.31,0.703,,-1.3,27,9,9.0,1,47,11,28,14,15,7,0,45,2,0,-0.22,0.3
SEA/SEA201807250,"Wednesday, July 25, 2018",1:10 p.m. Local,Safeco Field,45548,2:37,Day,Home,Seattle Mariners,SEA,San Francisco Giants,SFG,34,2,6,2,2.0,0,7,34,0.176,0.176,0.235,0.412,120,83,-0.349,0.8,0.635,,-2.3,24,9,8.0,1,53,12,18,15,12,8,0,63,1,1,-0.151,0.8,25,3,4,3,2.25,2,5,30,0.16,0.241,0.28,0.521,117,71,0.151,1.5,0.533,,-0.8,27,11,9.0,0,40,13,18,10,12,5,0,59,1,1,0.35,2.3
ANA/ANA201807270,"Friday, July 27, 2018",7:08 p.m. Local,Angel Stadium of Anaheim,42336,2:54,Night,Home,Los Angeles Angels,LAA,Seattle Mariners,SEA,36,3,9,3,2.7,2,8,39,0.25,0.308,0.444,0.752,135,80,-0.337,0.99,1.052,,-2.0,27,8,9.0,1,47,11,22,17,11,5,0,53,0,0,-0.165,0.5,31,4,7,4,4.0,4,8,36,0.226,0.306,0.387,0.693,121,78,0.164,1.87,0.783,,-0.5,30,18,10.0,2,47,9,22,8,16,8,0,61,2,0,0.335,2.0
ANA/ANA201807280,"Saturday, July 28, 2018",6:08 p.m. Local,Angel Stadium of Anaheim,43325,2:41,Night,Home,Los Angeles Angels,LAA,Seattle Mariners,SEA,37,5,10,5,5.0,0,5,37,0.27,0.27,0.514,0.784,130,89,-0.059,0.32,0.176,,0.5,24,13,8.0,2,47,16,26,19,13,5,0,17,2,2,-0.441,-7.0,37,11,13,11,12.38,2,3,39,0.351,0.385,0.703,1.087,135,78,0.442,0.31,0.587,,7.0,27,13,9.0,3,55,7,16,13,21,10,0,56,0,0,0.059,-0.5
ANA/ANA201807290,"Sunday, July 29, 2018",1:09 p.m. Local,Angel Stadium of Anaheim,35396,3:32,Day,Away,Seattle Mariners,SEA,Los Angeles Angels,LAA,39,8,14,7,8.0,5,6,45,0.359,0.444,0.462,0.906,151,100,0.403,0.47,0.535,,3.5,27,2,9.0,1,58,12,30,17,16,9,0,55,1,0,0.096,-0.5,36,5,10,5,5.0,4,11,41,0.278,0.341,0.389,0.73,173,93,-0.096,0.34,0.251,,0.5,27,11,9.0,0,50,13,30,7,19,7,0,10,3,0,-0.403,-3.5
SEA/SEA201807300,"Monday, July 30, 2018",7:10 p.m. Local,Safeco Field,35198,2:19,Night,Home,Seattle Mariners,SEA,Houston Astros,HOU,31,0,4,0,0.0,1,10,32,0.129,0.156,0.129,0.285,115,82,-0.56,0.93,0.168,,-4.3,24,10,8.0,0,46,15,21,8,13,2,0,64,2,0,0.059,1.8,28,2,4,2,2.25,2,8,31,0.143,0.226,0.179,0.404,116,83,-0.061,1.06,0.438,,-1.8,27,5,9.0,0,44,14,25,10,10,5,0,79,0,0,0.56,4.3
SEA/SEA201807310,"Tuesday, July 31, 2018",7:10 p.m. Local,Safeco Field,28478,3:09,Night,Away,Houston Astros,HOU,Seattle Mariners,SEA,40,5,15,5,5.0,1,5,42,0.375,0.405,0.575,0.98,131,98,0.139,1.25,0.959,,0.7,27,12,9.0,1,60,11,29,18,17,11,0,59,0,0,0.361,2.3,33,2,7,2,2.0,1,10,34,0.212,0.235,0.364,0.599,150,82,-0.361,1.03,0.492,,-2.3,27,14,9.0,2,41,17,27,13,10,5,0,48,2,0,-0.14,-0.7
SEA/SEA201808010,"Wednesday, August 1, 2018",1:10 p.m. Local,Safeco Field,34575,3:02,Day,Away,Houston Astros,HOU,Seattle Mariners,SEA,42,8,15,8,8.0,2,10,44,0.357,0.386,0.714,1.101,134,117,0.421,0.71,0.708,,3.7,27,13,9.0,1,75,13,29,12,20,8,0,50,0,0,0.078,1.3,34,3,9,3,3.0,2,6,36,0.265,0.306,0.353,0.658,177,96,-0.078,0.41,0.419,,-1.3,27,3,9.0,4,55,10,31,15,13,9,0,18,2,2,-0.421,-3.7
SEA/SEA201808020,"Thursday, August 2, 2018",7:10 p.m. Local,Safeco Field,26110,3:01,Night,Away,Toronto Blue Jays,TOR,Seattle Mariners,SEA,39,7,11,6,4.0,3,7,42,0.282,0.333,0.564,0.897,130,99,0.262,1.28,1.153,,2.7,27,9,9.0,2,57,17,25,17,15,6,0,39,0,0,0.237,1.3,35,3,10,3,3.0,2,6,38,0.286,0.342,0.486,0.828,168,81,-0.236,1.18,0.723,,-1.3,27,13,9.0,2,49,12,20,10,19,11,0,49,0,0,-0.263,-2.7
SEA/SEA201808030,"Friday, August 3, 2018",7:10 p.m. Local,Safeco Field,30715,2:23,Night,Away,Toronto Blue Jays,TOR,Seattle Mariners,SEA,37,7,11,7,7.0,0,7,38,0.297,0.289,0.541,0.83,134,83,0.188,0.86,0.589,,2.7,27,9,9.0,0,47,15,21,13,18,8,0,74,0,0,0.313,2.3,34,2,6,2,1.0,0,5,34,0.176,0.176,0.206,0.382,111,91,-0.312,0.61,0.333,,-2.3,27,7,9.0,2,55,13,23,14,15,7,0,54,0,0,-0.187,-2.7
SEA/SEA201808040,"Saturday, August 4, 2018",7:10 p.m. Local,Safeco Field,41238,2:34,Night,Away,Toronto Blue Jays,TOR,Seattle Mariners,SEA,34,5,12,5,5.0,2,8,36,0.353,0.389,0.559,0.948,124,98,0.109,0.88,0.51,,0.7,27,7,9.0,0,58,20,20,16,10,7,0,73,1,1,0.393,3.3,28,1,3,1,1.0,2,6,32,0.107,0.188,0.143,0.33,142,87,-0.393,0.62,0.229,,-3.3,27,15,9.0,1,53,12,22,8,15,3,0,55,0,0,-0.107,-0.7
SEA/SEA201808050,"Sunday, August 5, 2018",1:10 p.m. Local,Safeco Field,40515,2:37,Day,Home,Seattle Mariners,SEA,Toronto Blue Jays,TOR,34,3,9,3,3.0,1,8,35,0.265,0.286,0.382,0.668,127,77,-0.071,0.95,0.69,,-1.3,24,7,8.0,3,45,11,21,13,13,6,0,47,2,0,-0.43,-2.2,34,6,10,6,6.75,3,10,37,0.294,0.351,0.618,0.969,112,81,0.429,1.08,0.992,,2.2,27,8,9.0,1,45,14,22,9,15,5,0,49,0,0,0.07,1.3
TEX/TEX201808060,"Monday, August 6, 2018",7:08 p.m. Local,Globe Life Park in Arlington,17759,3:54,Night,Away,Seattle Mariners,SEA,Texas Rangers,TEX,49,4,14,3,3.0,3,5,52,0.286,0.327,0.408,0.735,171,109,-0.294,2.08,1.24,,-2.8,36,11,12.0,0,72,11,26,22,22,11,0,68,7,3,0.795,3.8,42,3,6,3,2.25,3,10,46,0.143,0.217,0.167,0.384,175,104,-0.795,1.55,0.984,,-3.8,36,15,12.0,1,55,18,31,13,19,5,0,46,0,0,0.295,2.8
TEX/TEX201808070,"Tuesday, August 7, 2018",7:07 p.m. Local,Globe Life Park in Arlington,17575,2:26,Night,Home,Texas Rangers,TEX,Seattle Mariners,SEA,33,4,9,4,4.0,1,2,36,0.273,0.286,0.606,0.892,110,79,0.066,0.72,0.467,,-1.1,24,13,8.0,3,45,6,28,19,14,4,0,18,0,0,-0.567,-6.5,32,11,10,11,7.88,5,2,39,0.312,0.41,0.625,1.035,127,70,0.567,0.62,0.845,,6.5,27,16,9.0,2,50,5,15,15,16,8,0,46,0,0,-0.067,1.1
TEX/TEX201808080,"Wednesday, August 8, 2018",1:07 p.m. Local,Globe Life Park in Arlington,20116,3:13,Day,Home,Texas Rangers,TEX,Seattle Mariners,SEA,35,7,9,7,7.0,3,3,38,0.257,0.316,0.429,0.744,149,99,0.039,0.57,0.518,,1.9,24,12,8.0,2,66,8,25,13,19,7,0,18,2,1,-0.538,-6.5,42,11,19,10,12.38,1,5,45,0.452,0.477,0.833,1.311,155,104,0.538,0.7,0.944,,6.5,27,10,9.0,2,76,3,25,14,24,13,0,57,2,2,-0.037,-1.9
HOU/HOU201808090,"Thursday, August 9, 2018",7:11 p.m. Local,Minute Maid Park,34976,3:36,Night,Away,Seattle Mariners,SEA,Houston Astros,HOU,39,8,14,8,8.0,1,12,42,0.359,0.381,0.744,1.125,162,110,0.339,0.88,0.552,,3.4,27,6,9.0,1,59,19,32,8,20,11,0,41,5,0,0.162,-1.4,37,6,9,6,6.0,4,9,42,0.243,0.333,0.405,0.739,166,107,-0.16,0.39,0.545,,1.4,27,7,9.0,3,64,19,24,11,17,4,0,20,0,0,-0.339,-3.4
HOU/HOU201808100,"Friday, August 10, 2018",7:11 p.m. Local,Minute Maid Park,41236,2:48,Night,Away,Seattle Mariners,SEA,Houston Astros,HOU,34,5,7,5,5.0,1,6,36,0.206,0.25,0.324,0.574,142,77,0.243,1.24,0.948,,0.4,27,13,9.0,0,49,11,17,12,16,11,0,51,0,0,0.257,2.6,34,2,9,2,2.0,2,7,36,0.265,0.306,0.324,0.629,116,95,-0.255,1.39,0.686,,-2.6,27,10,9.0,0,60,10,25,18,9,3,0,54,2,2,-0.244,-0.5
HOU/HOU201808110,"Saturday, August 11, 2018",6:10 p.m. Local,Minute Maid Park,38888,2:56,Night,Away,Seattle Mariners,SEA,Houston Astros,HOU,33,3,10,3,3.0,1,6,35,0.303,0.343,0.455,0.797,138,85,-0.102,1.48,0.635,,-1.5,27,5,9.0,0,49,13,23,13,14,8,0,56,0,0,0.601,2.6,31,2,5,2,2.0,3,8,34,0.161,0.235,0.194,0.429,136,87,-0.6,1.0,0.49,,-2.6,27,12,9.0,0,50,13,24,10,13,5,0,49,1,0,0.103,1.6
HOU/HOU201808120,"Sunday, August 12, 2018",1:11 p.m. Local,Minute Maid Park,40048,3:10,Day,Away,Seattle Mariners,SEA,Houston Astros,HOU,38,4,11,4,2.7,1,7,39,0.289,0.308,0.474,0.781,144,95,0.359,1.88,1.207,,-1.1,30,14,10.0,0,53,19,23,20,11,5,0,62,3,2,0.14,2.1,35,3,8,3,2.7,2,8,39,0.229,0.282,0.229,0.511,146,98,-0.141,1.15,1.188,,-2.1,30,17,10.0,2,65,12,21,16,12,4,0,61,0,0,-0.358,1.1
OAK/OAK201808130,"Monday, August 13, 2018",7:07 p.m. Local,Oakland-Alameda County Coliseum,10400,3:09,Night,Home,Oakland Athletics,OAK,Seattle Mariners,SEA,35,6,10,5,6.0,5,7,40,0.286,0.375,0.314,0.689,157,93,-0.252,0.56,0.495,,1.5,24,11,8.0,0,60,14,21,14,14,6,0,36,0,0,-0.248,-3.0,34,7,11,7,7.88,5,5,39,0.324,0.41,0.5,0.91,143,92,0.245,1.02,0.568,,3.0,27,12,9.0,0,60,14,18,12,17,8,0,62,6,5,0.252,-1.5
OAK/OAK201808140,"Tuesday, August 14, 2018",7:07 p.m. Local,Oakland-Alameda County Coliseum,17419,2:28,Night,Home,Oakland Athletics,OAK,Seattle Mariners,SEA,34,2,9,2,2.0,0,7,34,0.265,0.265,0.441,0.706,120,78,-0.517,0.85,0.572,,-2.5,24,12,8.0,2,45,14,19,12,15,10,0,44,1,0,0.017,1.0,30,3,8,3,3.38,3,5,33,0.267,0.333,0.567,0.9,110,81,-0.017,1.46,0.573,,-1.0,27,12,9.0,1,52,14,15,11,14,3,0,57,0,0,0.516,2.5
OAK/OAK201808150,"Wednesday, August 15, 2018",12:36 p.m. Local,Oakland-Alameda County Coliseum,17078,3:13,Day,Away,Seattle Mariners,SEA,Oakland Athletics,OAK,45,2,10,2,1.5,1,6,47,0.222,0.255,0.333,0.589,161,111,-0.547,1.74,1.048,,-3.9,36,10,12.0,0,69,13,29,23,16,7,0,83,2,0,1.047,5.9,41,0,6,0,0.0,3,12,44,0.146,0.205,0.244,0.448,159,106,-1.048,1.66,0.577,,-5.9,36,18,12.0,1,69,14,23,10,19,6,0,71,1,0,0.546,3.9
SEA/SEA201808170,"Friday, August 17, 2018",7:11 p.m. Local,Safeco Field,46796,2:44,Night,Away,Los Angeles Dodgers,LAD,Seattle Mariners,SEA,36,11,11,10,9.0,5,6,42,0.306,0.381,0.722,1.103,130,98,0.335,0.65,0.599,,6.7,27,5,9.0,1,55,5,38,10,21,7,0,68,0,0,0.165,3.3,32,1,4,1,1.0,2,11,34,0.125,0.176,0.219,0.395,153,87,-0.166,0.42,0.245,,-3.3,27,11,9.0,5,49,14,24,9,12,4,0,27,2,2,-0.335,-6.7
SEA/SEA201808180,"Saturday, August 18, 2018",7:09 p.m. Local,Safeco Field,43264,3:36,Night,Home,Seattle Mariners,SEA,Los Angeles Dodgers,LAD,35,4,6,4,3.6,5,8,41,0.171,0.293,0.429,0.721,168,112,-0.066,1.19,0.943,,-0.8,28,12,9.1,1,66,17,29,10,17,5,0,51,3,1,-0.434,-1.6,34,5,8,4,4.82,6,9,40,0.235,0.35,0.324,0.674,176,106,0.434,1.33,0.979,,1.6,30,8,10.0,3,58,20,29,16,9,2,0,56,0,0,0.066,0.8
SEA/SEA201808190,"Sunday, August 19, 2018",1:10 p.m. Local,Safeco Field,45419,3:12,Day,Away,Los Angeles Dodgers,LAD,Seattle Mariners,SEA,45,12,17,12,11.0,5,3,51,0.378,0.451,0.578,1.029,115,129,0.393,0.25,0.597,,7.7,27,9,9.0,0,85,21,23,13,29,12,0,71,0,0,0.109,3.3,32,1,5,1,1.0,1,12,33,0.156,0.182,0.188,0.369,210,92,-0.11,0.39,0.065,,-3.3,27,9,9.0,2,54,22,16,10,10,5,0,25,0,0,-0.392,-7.7
SEA/SEA201808200,"Monday, August 20, 2018",7:10 p.m. Local,Safeco Field,27072,3:05,Night,Home,Seattle Mariners,SEA,Houston Astros,HOU,32,4,5,3,4.0,2,9,34,0.156,0.206,0.281,0.487,157,91,-0.055,1.51,0.566,,-0.3,24,6,8.0,1,57,8,26,9,14,4,0,48,1,1,-0.446,-3.2,37,7,14,7,6.75,3,10,41,0.378,0.415,0.622,1.036,136,104,0.444,0.97,1.4,,3.2,27,8,9.0,1,62,13,31,14,14,5,0,50,0,0,0.055,0.3
SEA/SEA201808210,"Tuesday, August 21, 2018",7:10 p.m. Local,Safeco Field,25415,2:56,Night,Away,Houston Astros,HOU,Seattle Mariners,SEA,30,3,10,3,3.0,4,3,35,0.333,0.4,0.467,0.867,153,72,-0.007,1.68,0.7,,-1.3,27,11,9.0,0,50,10,12,15,13,6,0,51,3,0,0.507,2.3,35,2,9,1,1.0,1,10,39,0.257,0.333,0.257,0.59,116,104,-0.508,1.0,0.864,,-2.3,27,14,9.0,1,58,20,26,15,10,6,0,54,0,0,0.007,1.3
SEA/SEA201808220,"Wednesday, August 22, 2018",1:10 p.m. Local,Safeco Field,31062,3:13,Day,Away,Houston Astros,HOU,Seattle Mariners,SEA,41,10,17,9,10.0,2,4,44,0.415,0.432,0.659,1.09,138,109,0.318,0.69,0.595,,5.7,27,12,9.0,2,72,8,29,16,22,8,0,35,3,3,0.183,-2.7,33,7,9,7,7.0,2,8,39,0.273,0.333,0.545,0.879,154,90,-0.182,0.47,0.37,,2.7,27,9,9.0,2,53,10,27,12,15,5,0,8,3,1,-0.319,-5.7
ARI/ARI201808240,"Friday, August 24, 2018",6:40 p.m. Local,Chase Field,43867,2:47,Night,Away,Seattle Mariners,SEA,Arizona Diamondbacks,ARI,35,6,9,5,6.0,2,11,38,0.257,0.289,0.514,0.804,124,97,0.226,0.72,0.552,,1.4,27,9,9.0,0,49,21,27,10,15,7,0,57,0,0,0.273,1.6,33,3,6,1,1.0,2,11,36,0.182,0.222,0.242,0.465,137,89,-0.274,0.59,0.274,,-1.6,27,7,9.0,2,41,19,29,11,12,8,0,40,0,0,-0.227,-1.4
ARI/ARI201808250,"Saturday, August 25, 2018",5:10 p.m. Local,Chase Field,34968,4:11,Night,Away,Seattle Mariners,SEA,Arizona Diamondbacks,ARI,41,4,12,4,3.6,7,14,49,0.293,0.396,0.488,0.884,166,126,0.164,1.75,1.524,,-1.1,30,10,10.0,1,54,33,39,13,15,6,0,64,5,2,0.336,2.1,38,3,10,3,2.7,3,10,43,0.263,0.333,0.342,0.675,214,109,-0.333,1.58,1.081,,-2.1,30,5,10.0,2,63,17,29,13,17,7,0,56,0,0,-0.164,1.1
ARI/ARI201808260,"Sunday, August 26, 2018",1:11 p.m. Local,Chase Field,37175,2:48,Day,Home,Arizona Diamondbacks,ARI,Seattle Mariners,SEA,35,2,7,1,0.0,3,6,38,0.2,0.263,0.229,0.492,115,96,-0.209,0.62,0.513,,-2.6,24,5,8.0,1,49,11,36,17,12,5,0,44,0,0,-0.29,-0.9,30,5,8,5,5.62,0,6,31,0.267,0.258,0.4,0.658,148,82,0.29,1.03,0.495,,0.9,27,13,9.0,0,45,15,22,9,16,8,0,66,4,0,0.211,2.6
SDN/SDN201808280,"Tuesday, August 28, 2018",7:10 p.m. Local,Petco Park,25168,2:13,Night,Home,San Diego Padres,SDP,Seattle Mariners,SEA,33,1,8,1,1.0,0,1,33,0.242,0.242,0.394,0.636,121,71,-0.528,0.54,0.329,,-3.0,24,10,8.0,1,45,3,23,14,18,5,0,68,0,0,0.027,1.6,29,2,5,2,2.25,2,9,31,0.172,0.226,0.31,0.536,97,80,-0.026,1.14,0.296,,-1.6,27,14,9.0,1,45,11,24,11,9,4,0,63,0,0,0.527,3.0
SDN/SDN201808290,"Wednesday, August 29, 2018",12:41 p.m. Local,Petco Park,20266,3:16,Day,Home,San Diego Padres,SDP,Seattle Mariners,SEA,34,3,9,3,3.0,4,11,38,0.265,0.342,0.324,0.666,154,96,-0.076,0.39,0.293,,-1.0,24,3,8.0,2,58,11,27,10,13,7,0,14,0,0,-0.425,-4.4,36,8,13,8,9.0,3,5,41,0.361,0.39,0.611,1.001,164,104,0.425,0.49,0.558,,4.4,27,9,9.0,0,71,12,21,10,23,10,0,65,3,0,0.075,1.0
OAK/OAK201808300,"Thursday, August 30, 2018",7:07 p.m. Local,Oakland-Alameda County Coliseum,10844,2:40,Night,Away,Seattle Mariners,SEA,Oakland Athletics,OAK,36,7,9,5,4.0,2,7,38,0.25,0.289,0.417,0.706,136,94,0.385,0.27,0.573,,2.5,27,10,9.0,0,56,13,25,14,15,7,0,72,0,0,0.116,3.5,30,1,4,1,1.0,4,5,34,0.133,0.235,0.167,0.402,136,81,-0.117,0.47,0.104,,-3.5,27,11,9.0,1,48,9,24,9,16,3,0,36,0,0,-0.384,-2.5
OAK/OAK201808310,"Friday, August 31, 2018",7:08 p.m. Local,Oakland-Alameda County Coliseum,17942,3:07,Night,Home,Oakland Athletics,OAK,Seattle Mariners,SEA,36,5,9,5,5.0,1,9,37,0.25,0.27,0.5,0.77,151,100,-0.109,0.7,0.569,,0.5,24,8,8.0,2,57,14,29,11,16,8,0,18,2,0,-0.392,-3.0,36,7,13,7,7.88,2,7,40,0.361,0.4,0.639,1.039,147,99,0.392,0.94,0.805,,3.0,27,8,9.0,3,57,17,25,11,19,12,0,29,1,0,0.109,-0.5
OAK/OAK201809010,"Saturday, September 1, 2018",6:07 p.m. Local,Oakland-Alameda County Coliseum,28760,3:33,Night,Away,Seattle Mariners,SEA,Oakland Athletics,OAK,39,8,12,6,7.0,2,5,43,0.308,0.372,0.385,0.757,177,104,0.356,1.2,0.697,,3.5,27,6,9.0,2,64,13,27,11,23,11,0,57,5,3,0.146,-2.5,34,7,6,6,6.0,6,18,42,0.176,0.333,0.412,0.745,160,111,-0.147,0.64,0.744,,2.5,27,8,9.0,0,57,33,21,8,8,1,0,43,3,2,-0.355,-3.5
OAK/OAK201809020,"Sunday, September 2, 2018",1:07 p.m. Local,Oakland-Alameda County Coliseum,21497,2:53,Day,Home,Oakland Athletics,OAK,Seattle Mariners,SEA,35,2,8,2,2.0,2,5,37,0.229,0.27,0.314,0.585,142,81,-0.254,0.73,0.406,,-2.5,24,9,8.0,2,51,12,18,12,18,9,0,44,8,4,-0.247,-4.0,30,8,9,8,9.0,5,8,36,0.3,0.389,0.533,0.922,126,89,0.247,0.88,0.656,,4.0,27,8,9.0,0,48,14,27,10,13,6,0,62,2,0,0.254,2.5
SEA/SEA201809030,"Monday, September 3, 2018",6:11 p.m. Local,Safeco Field,20579,2:33,Night,Home,Seattle Mariners,SEA,Baltimore Orioles,BAL,30,1,3,1,1.0,0,12,30,0.1,0.1,0.2,0.3,133,92,-0.585,0.96,0.26,,-3.3,24,8,8.0,0,55,18,19,8,10,4,0,54,0,0,0.084,1.8,27,2,5,2,2.25,4,7,32,0.185,0.281,0.333,0.615,132,80,-0.084,1.18,0.443,,-1.8,27,8,9.0,1,48,11,21,8,13,6,0,65,0,0,0.585,3.3
SEA/SEA201809040,"Tuesday, September 4, 2018",7:10 p.m. Local,Safeco Field,11265,3:19,Night,Away,Baltimore Orioles,BAL,Seattle Mariners,SEA,39,5,15,4,5.0,2,7,42,0.385,0.415,0.487,0.902,151,100,0.278,1.26,1.118,,0.7,27,16,9.0,1,65,17,18,13,20,11,0,59,3,2,0.223,1.3,33,3,7,2,2.0,5,4,38,0.212,0.316,0.333,0.649,149,88,-0.22,1.24,0.511,,-1.3,27,10,9.0,1,60,10,18,17,12,6,0,63,6,4,-0.278,-0.7
SEA/SEA201809050,"Wednesday, September 5, 2018",7:11 p.m. Local,Safeco Field,15017,3:04,Night,Home,Seattle Mariners,SEA,Baltimore Orioles,BAL,38,2,8,0,0.0,0,8,39,0.211,0.231,0.263,0.494,161,92,-0.218,0.81,0.759,,-2.3,24,10,8.0,3,56,18,18,16,14,4,0,36,4,2,-0.282,-1.2,34,5,10,5,5.62,4,3,40,0.294,0.385,0.647,1.032,129,94,0.281,1.38,0.813,,1.2,27,10,9.0,0,64,9,21,14,18,8,0,58,0,0,0.218,2.3
SEA/SEA201809070,"Friday, September 7, 2018",7:10 p.m. Local,Safeco Field,32195,2:32,Night,Away,New York Yankees,NYY,Seattle Mariners,SEA,32,4,6,4,4.0,1,11,34,0.188,0.212,0.375,0.587,120,96,0.179,0.57,0.381,,-0.3,27,10,9.0,0,55,24,17,7,15,7,0,86,0,0,0.32,4.3,30,0,3,0,0.0,1,11,31,0.1,0.129,0.133,0.262,140,83,-0.321,0.36,0.084,,-4.3,27,5,9.0,2,44,17,22,13,6,2,0,53,0,0,-0.18,0.3
SEA/SEA201809080,"Saturday, September 8, 2018",6:10 p.m. Local,Safeco Field,38733,2:49,Night,Away,New York Yankees,NYY,Seattle Mariners,SEA,30,4,8,4,3.0,3,9,36,0.267,0.333,0.467,0.8,136,88,0.098,1.74,0.739,,-0.3,27,10,9.0,1,49,13,26,14,9,4,0,60,0,0,0.403,2.3,31,2,4,2,2.0,1,9,33,0.129,0.182,0.258,0.44,138,82,-0.402,0.97,0.686,,-2.3,27,14,9.0,2,45,11,27,10,12,6,0,43,3,1,-0.098,0.3
SEA/SEA201809090,"Sunday, September 9, 2018",1:10 p.m. Local,Safeco Field,34917,3:05,Day,Home,Seattle Mariners,SEA,New York Yankees,NYY,34,2,7,2,2.0,3,8,38,0.206,0.289,0.294,0.584,132,99,-0.466,1.29,0.87,,-2.3,24,8,8.0,0,56,14,29,10,16,4,0,48,1,0,-0.034,0.8,29,3,7,3,3.38,2,9,32,0.241,0.29,0.241,0.532,143,84,0.036,1.81,0.686,,-0.8,27,9,9.0,0,48,12,27,10,11,7,0,49,1,0,0.466,2.3
SEA/SEA201809110,"Tuesday, September 11, 2018",7:10 p.m. Local,Safeco Field,13833,2:49,Night,Away,San Diego Padres,SDP,Seattle Mariners,SEA,35,2,8,2,2.0,0,8,35,0.229,0.229,0.314,0.543,130,87,-0.105,1.64,0.803,,-2.3,27,13,9.0,1,55,20,12,15,12,7,0,60,1,0,0.603,3.3,33,1,7,1,1.0,4,4,37,0.212,0.297,0.364,0.661,123,77,-0.603,1.39,0.673,,-3.3,27,11,9.0,0,48,11,18,12,17,6,0,57,0,0,0.103,2.3
SEA/SEA201809120,"Wednesday, September 12, 2018",3:40 p.m. Local,Safeco Field,17164,3:07,Day,Away,San Diego Padres,SDP,Seattle Mariners,SEA,37,5,8,5,2.0,2,5,40,0.216,0.275,0.405,0.68,145,104,0.126,1.51,0.594,,0.7,27,11,9.0,2,67,12,25,15,17,9,0,44,0,0,0.374,0.3,34,4,8,4,4.0,2,13,36,0.235,0.278,0.5,0.778,147,93,-0.374,0.68,0.636,,-0.3,27,12,9.0,2,45,25,23,12,9,3,0,46,2,0,-0.126,-0.7
ANA/ANA201809130,"Thursday, September 13, 2018",7:09 p.m. Local,Angel Stadium of Anaheim,33328,3:19,Night,Away,Seattle Mariners,SEA,Los Angeles Angels,LAA,35,8,12,8,7.0,7,6,45,0.343,0.444,0.486,0.93,153,96,0.286,0.43,0.574,,3.5,27,13,9.0,1,59,15,22,13,18,11,0,69,0,0,0.215,2.5,32,2,6,2,2.0,3,8,35,0.188,0.257,0.375,0.632,169,105,-0.215,0.55,0.124,,-2.5,27,10,9.0,1,63,9,33,14,10,6,0,34,4,1,-0.285,-3.5
ANA/ANA201809140,"Friday, September 14, 2018",7:08 p.m. Local,Angel Stadium of Anaheim,39872,3:22,Night,Away,Seattle Mariners,SEA,Los Angeles Angels,LAA,36,5,9,5,5.0,2,12,38,0.25,0.289,0.306,0.595,153,107,0.145,0.66,0.522,,0.5,27,11,9.0,0,62,21,26,12,12,9,0,61,1,0,0.357,4.5,33,0,6,0,0.0,3,8,36,0.182,0.25,0.212,0.462,163,97,-0.356,0.61,0.159,,-4.5,27,9,9.0,0,58,13,26,13,12,7,0,50,2,0,-0.144,-0.5
ANA/ANA201809150,"Saturday, September 15, 2018",6:08 p.m. Local,Angel Stadium of Anaheim,42292,3:06,Night,Away,Seattle Mariners,SEA,Los Angeles Angels,LAA,38,6,12,6,6.0,5,9,43,0.316,0.395,0.526,0.922,117,90,0.418,0.75,1.637,,1.5,27,12,9.0,4,51,15,24,13,16,7,0,39,0,0,0.084,-0.5,33,5,8,5,5.0,1,5,34,0.242,0.265,0.667,0.931,155,72,-0.082,1.9,0.482,,0.5,27,11,9.0,2,44,7,21,12,16,6,0,46,6,3,-0.416,-1.5
ANA/ANA201809160,"Sunday, September 16, 2018",1:08 p.m. Local,Angel Stadium of Anaheim,35578,2:55,Day,Home,Los Angeles Angels,LAA,Seattle Mariners,SEA,32,3,7,3,3.0,1,9,33,0.219,0.242,0.344,0.586,122,86,-0.373,1.13,0.579,,-1.5,24,9,8.0,2,54,11,22,6,17,10,0,47,0,0,-0.127,0.0,30,4,7,4,4.5,2,9,32,0.233,0.281,0.5,0.781,131,72,0.126,1.23,0.889,,-0.0,27,9,9.0,1,38,13,21,10,11,4,0,45,0,0,0.373,1.5
HOU/HOU201809170,"Monday, September 17, 2018",7:10 p.m. Local,Minute Maid Park,43144,3:02,Night,Away,Seattle Mariners,SEA,Houston Astros,HOU,34,4,9,4,4.0,8,8,42,0.265,0.405,0.412,0.817,129,91,0.19,0.78,1.245,,-0.5,27,11,9.0,0,43,16,32,17,9,8,0,60,1,0,0.309,3.6,28,1,3,1,1.0,3,7,31,0.107,0.194,0.179,0.372,160,77,-0.307,1.65,0.232,,-3.5,27,15,9.0,1,45,14,18,9,12,5,0,64,2,0,-0.193,0.6
HOU/HOU201809180,"Tuesday, September 18, 2018",7:10 p.m. Local,Minute Maid Park,35715,2:55,Night,Home,Houston Astros,HOU,Seattle Mariners,SEA,33,0,6,0,0.0,4,8,37,0.182,0.27,0.242,0.513,112,89,-0.299,0.46,0.194,,-4.5,24,9,8.0,1,48,22,19,9,16,8,0,44,1,0,-0.202,-3.0,31,7,7,7,7.88,2,5,34,0.226,0.294,0.419,0.713,150,78,0.201,0.66,0.425,,3.0,27,6,9.0,0,48,6,24,11,15,4,0,65,3,0,0.298,4.6
HOU/HOU201809190,"Wednesday, September 19, 2018",7:11 p.m. Local,Minute Maid Park,31229,2:47,Night,Away,Seattle Mariners,SEA,Houston Astros,HOU,38,9,11,8,9.0,2,6,40,0.289,0.325,0.605,0.93,116,103,0.262,0.52,0.513,,4.5,27,13,9.0,0,60,12,31,10,22,10,0,53,0,0,0.238,4.6,30,0,5,0,0.0,3,3,33,0.167,0.242,0.167,0.409,161,72,-0.238,0.46,0.155,,-4.5,27,8,9.0,3,40,12,20,16,11,1,0,36,1,0,-0.262,-4.4
TEX/TEX201809210,"Friday, September 21, 2018",7:09 p.m. Local,Globe Life Park in Arlington,29420,2:17,Night,Home,Texas Rangers,TEX,Seattle Mariners,SEA,28,3,9,3,4.05,3,2,31,0.321,0.387,0.464,0.851,113,69,-0.159,0.52,0.213,,-0.5,18,6,6.0,2,47,3,19,10,16,11,0,26,1,1,-0.314,-4.6,25,8,9,7,10.5,3,4,29,0.36,0.448,0.68,1.128,116,68,0.315,0.61,0.535,,4.6,20,7,6.2,0,43,8,17,7,14,6,0,51,1,0,0.159,0.5
TEX/TEX201809220,"Saturday, September 22, 2018",7:09 p.m. Local,Globe Life Park in Arlington,31158,3:07,Night,Away,Seattle Mariners,SEA,Texas Rangers,TEX,41,13,16,12,12.0,6,7,48,0.39,0.458,0.78,1.239,116,112,0.148,0.68,0.722,,7.9,27,11,9.0,0,64,18,30,10,25,15,0,72,0,0,0.352,5.1,28,0,3,0,0.0,2,5,30,0.107,0.167,0.107,0.274,190,74,-0.352,0.62,0.142,,-5.1,27,7,9.0,3,41,7,26,9,14,6,0,41,4,3,-0.149,-7.9
TEX/TEX201809230,"Sunday, September 23, 2018",2:09 p.m. Local,Globe Life Park in Arlington,31269,2:56,Day,Home,Texas Rangers,TEX,Seattle Mariners,SEA,33,1,6,1,1.0,2,4,35,0.182,0.229,0.212,0.441,135,90,-0.333,1.02,0.429,,-4.1,24,7,8.0,1,54,13,23,14,15,7,0,43,6,2,-0.169,-1.5,33,6,12,6,6.75,1,9,37,0.364,0.405,0.515,0.921,133,94,0.169,1.03,0.784,,1.5,27,12,9.0,0,54,19,21,12,13,8,0,55,1,0,0.331,4.1
SEA/SEA201809240,"Monday, September 24, 2018",7:10 p.m. Local,Safeco Field,16491,3:03,Night,Away,Oakland Athletics,OAK,Seattle Mariners,SEA,36,7,10,7,7.0,3,11,41,0.278,0.341,0.611,0.953,128,107,0.458,0.89,0.947,,2.7,27,11,9.0,2,57,18,32,13,13,3,0,52,1,0,0.043,1.3,32,3,6,3,3.0,1,8,33,0.188,0.212,0.406,0.618,168,86,-0.043,0.78,0.549,,-1.3,27,6,9.0,4,51,12,23,11,13,7,0,53,3,1,-0.458,-2.7
SEA/SEA201809250,"Tuesday, September 25, 2018",7:10 p.m. Local,Safeco Field,12791,3:57,Night,Home,Seattle Mariners,SEA,Oakland Athletics,OAK,47,8,16,8,6.55,4,13,51,0.34,0.392,0.468,0.86,181,135,0.221,1.95,1.157,,2.7,31,10,10.1,3,74,25,36,12,22,12,0,26,2,0,-0.722,-5.0,46,10,14,10,7.84,4,10,50,0.304,0.36,0.587,0.947,208,114,0.723,1.07,2.244,,5.0,33,11,11.0,1,65,24,25,19,17,6,0,16,4,0,-0.221,-2.7
SEA/SEA201809260,"Wednesday, September 26, 2018",7:10 p.m. Local,Safeco Field,13727,3:13,Night,Away,Oakland Athletics,OAK,Seattle Mariners,SEA,36,9,9,9,8.0,4,8,41,0.25,0.341,0.611,0.953,156,97,0.467,1.01,0.715,,4.7,27,8,9.0,0,56,11,30,11,17,6,0,38,3,0,0.033,1.3,31,3,6,3,3.0,6,8,39,0.194,0.333,0.29,0.624,149,95,-0.032,0.57,0.618,,-1.3,27,8,9.0,4,57,19,19,10,14,5,0,40,3,2,-0.468,-4.7
SEA/SEA201809270,"Thursday, September 27, 2018",7:10 p.m. Local,Safeco Field,15799,2:36,Night,Away,Texas Rangers,TEX,Seattle Mariners,SEA,34,2,7,2,2.0,3,10,38,0.206,0.289,0.265,0.554,117,98,-0.099,1.19,0.556,,-2.3,27,9,9.0,0,61,15,22,10,14,6,0,71,0,0,0.6,4.3,30,0,3,0,0.0,1,7,31,0.1,0.129,0.1,0.229,143,75,-0.599,1.06,0.242,,-4.3,27,5,9.0,0,44,13,18,13,10,3,0,68,1,1,0.1,2.3
SEA/SEA201809280,"Friday, September 28, 2018",7:10 p.m. Local,Safeco Field,23598,3:47,Night,Home,Seattle Mariners,SEA,Texas Rangers,TEX,35,6,11,5,5.0,4,9,40,0.314,0.375,0.514,0.889,202,96,-0.15,0.57,0.457,,1.7,24,8,8.0,0,52,16,30,11,16,8,0,36,6,6,-0.349,-8.2,37,12,12,9,7.88,8,11,45,0.324,0.444,0.459,0.904,165,127,0.348,0.71,0.658,,8.2,27,8,9.0,1,72,27,28,9,17,12,0,37,2,0,0.15,-1.7
SEA/SEA201809290,"Saturday, September 29, 2018",6:11 p.m. Local,Safeco Field,31780,2:37,Night,Home,Seattle Mariners,SEA,Texas Rangers,TEX,36,1,10,1,1.0,0,13,37,0.278,0.297,0.306,0.603,97,102,-0.365,1.27,0.478,,-3.3,24,6,8.0,0,51,22,29,13,10,5,0,54,3,2,-0.135,-0.2,31,4,9,4,3.38,1,5,34,0.29,0.324,0.387,0.711,140,70,0.136,1.12,0.879,,0.2,27,6,9.0,0,46,9,15,8,19,10,0,63,0,0,0.364,3.3
SEA/SEA201809300,"Sunday, September 30, 2018",12:10 p.m. Local,Safeco Field,21146,2:14,Day,Home,Seattle Mariners,SEA,Texas Rangers,TEX,29,1,4,1,1.0,0,9,29,0.138,0.138,0.241,0.379,108,77,-0.452,0.69,0.172,,-3.3,24,5,8.0,0,46,17,14,8,12,1,0,41,1,1,-0.046,0.8,30,3,7,3,3.38,1,6,33,0.233,0.25,0.3,0.55,107,70,0.046,0.84,0.436,,-0.8,27,7,9.0,1,43,12,14,10,15,5,0,69,0,0,0.453,3.3
