,date,time,venue,attendance,duration,time_of_day,winner,winning_name,winning_abbr,losing_name,losing_abbr,away_at_bats,away_runs,away_hits,away_rbi,away_earned_runs,away_bases_on_balls,away_strikeouts,away_plate_appearances,away_batting_average,away_on_base_percentage,away_slugging_percentage,away_on_base_plus,away_pitches,away_strikes,away_win_probability_for_offensive_player,away_average_leverage_index,away_win_probability_added,away_win_probability_subtracted,away_base_out_runs_added,away_putouts,away_assists,away_innings_pitched,away_home_runs,away_strikes_by_contact,away_strikes_swinging,away_strikes_looking,away_grounded_balls,away_fly_balls,away_line_drives,away_unknown_bat_type,away_game_score,away_inherited_runners,away_inherited_score,away_win_probability_by_pitcher,away_base_out_runs_saved,home_at_bats,home_runs,home_hits,home_rbi,home_earned_runs,home_bases_on_balls,home_strikeouts,home_plate_appearances,home_batting_average,home_on_base_percentage,home_slugging_percentage,home_on_base_plus,home_pitches,home_strikes,home_win_probability_for_offensive_player,home_average_leverage_index,home_win_probability_added,home_win_probability_subtracted,home_base_out_runs_added,home_putouts,home_assists,home_innings_pitched,home_home_runs,home_strikes_by_contact,home_strikes_swinging,home_strikes_looking,home_grounded_balls,home_fly_balls,home_line_drives,home_unknown_bat_type,home_game_score,home_inherited_runners,home_inherited_score,home_win_probability_by_pitcher,home_base_out_runs_saved
NYN/NYN201803290,"Thursday, March 29, 2018",1:16 p.m. Local,Citi Field,44189,3:01,Day,Home,New York Mets,NYM,St. Louis Cardinals,STL,33,4,6,4,4.0,1,15,34,0.182,0.206,0.394,0.6,164,86,0.054,0.86,0.481,,0.0,24,9,8.0,0,37,20,29,7,11,4,0,36,3,2,-0.555,-5.4,33,9,12,8,9.0,9,8,44,0.364,0.512,0.424,0.936,129,101,0.556,0.65,1.069,,5.4,27,5,9.0,2,57,14,30,12,14,10,0,54,0,0,-0.056,-0.0
NYN/NYN201803310,"Saturday, March 31, 2018",1:10 p.m. Local,Citi Field,36098,3:22,Day,Home,New York Mets,NYM,St. Louis Cardinals,STL,34,2,7,2,2.0,3,12,37,0.206,0.27,0.294,0.564,146,108,-0.245,0.47,0.407,,-2.0,24,7,8.0,2,59,15,34,9,13,3,0,38,5,2,-0.255,-2.4,33,6,11,6,6.75,5,5,40,0.333,0.425,0.606,1.031,175,87,0.256,0.93,0.557,,2.4,27,4,9.0,1,54,7,26,10,19,10,0,63,4,0,0.245,2.0
NYN/NYN201804010,"Sunday, April 1, 2018",1:10 p.m. Local,Citi Field,22486,3:15,Day,Away,St. Louis Cardinals,STL,New York Mets,NYM,34,5,9,5,5.0,7,8,42,0.265,0.405,0.559,0.964,138,124,0.231,0.88,0.693,,1.0,27,5,9.0,0,72,19,33,9,17,5,0,53,0,0,0.271,3.0,32,1,7,1,1.0,3,8,36,0.219,0.286,0.25,0.536,208,82,-0.271,0.64,0.328,,-3.0,27,8,9.0,3,50,11,21,8,17,6,0,43,1,0,-0.229,-1.0
MIL/MIL201804020,"Monday, April 2, 2018",1:10 p.m. Local,Miller Park,45393,2:59,Day,Away,St. Louis Cardinals,STL,Milwaukee Brewers,MIL,37,8,13,8,7.0,1,8,40,0.351,0.375,0.541,0.916,132,91,0.406,0.64,0.794,,3.6,27,8,9.0,3,48,12,31,12,18,9,0,44,3,0,0.093,0.4,35,4,8,4,4.0,1,9,36,0.229,0.25,0.543,0.793,145,90,-0.093,0.62,0.419,,-0.4,27,9,9.0,2,46,13,31,10,16,5,0,33,2,2,-0.407,-3.6
MIL/MIL201804030,"Tuesday, April 3, 2018",6:40 p.m. Local,Miller Park,27760,3:11,Night,Home,Milwaukee Brewers,MIL,St. Louis Cardinals,STL,37,4,10,4,4.0,1,7,39,0.27,0.308,0.541,0.848,153,102,0.11,1.32,0.467,,-0.4,26,7,8.2,2,63,12,27,15,15,7,0,59,3,1,-0.609,-0.7,37,5,12,5,5.19,2,13,39,0.324,0.359,0.541,0.9,160,97,0.612,0.48,1.527,,0.7,27,11,9.0,3,42,23,32,10,14,7,0,35,0,0,-0.11,0.4
MIL/MIL201804040,"Wednesday, April 4, 2018",6:40 p.m. Local,Miller Park,27674,2:48,Night,Away,St. Louis Cardinals,STL,Milwaukee Brewers,MIL,34,6,9,5,3.0,4,9,39,0.265,0.333,0.412,0.745,128,92,0.237,0.61,0.423,,1.6,27,9,9.0,0,50,18,24,18,8,5,0,83,5,0,0.265,4.4,31,0,5,0,0.0,2,10,34,0.161,0.235,0.161,0.397,157,84,-0.265,0.42,0.193,,-4.4,27,14,9.0,1,45,14,25,11,10,5,0,40,1,0,-0.235,-1.6
SLN/SLN201804050,"Thursday, April 5, 2018",6:19 p.m. Local,Busch Stadium III,46512,3:32,Night,Away,Arizona Diamondbacks,ARI,St. Louis Cardinals,STL,34,3,9,3,3.0,5,9,42,0.265,0.366,0.412,0.778,144,99,0.004,1.43,0.548,,-1.2,27,8,9.0,0,53,10,36,18,9,6,0,68,1,0,0.494,3.2,29,1,2,1,1.0,5,13,34,0.069,0.206,0.103,0.309,173,83,-0.494,0.82,0.519,,-3.2,27,13,9.0,0,36,20,27,7,9,3,0,40,3,0,-0.005,1.2
SLN/SLN201804070,"Saturday, April 7, 2018",1:15 p.m. Local,Busch Stadium III,41113,2:58,Day,Home,St. Louis Cardinals,STL,Arizona Diamondbacks,ARI,31,3,5,3,2.0,7,12,39,0.161,0.316,0.226,0.542,136,88,-0.167,0.66,0.67,,-1.2,24,6,8.0,1,45,11,32,11,9,5,0,34,1,0,-0.332,-1.3,33,5,10,5,5.62,0,9,34,0.303,0.294,0.424,0.718,153,91,0.332,1.23,0.622,,1.3,27,7,9.0,0,49,16,26,8,17,9,0,51,0,0,0.169,1.2
SLN/SLN201804080,"Sunday, April 8, 2018",1:15 p.m. Local,Busch Stadium III,40468,2:53,Day,Away,Arizona Diamondbacks,ARI,St. Louis Cardinals,STL,33,4,7,4,4.0,2,9,35,0.212,0.257,0.394,0.651,125,95,0.183,0.97,0.84,,-0.2,27,9,9.0,0,44,17,34,11,13,6,0,63,0,0,0.316,3.2,30,1,5,1,1.0,2,6,32,0.167,0.219,0.167,0.385,157,79,-0.317,1.16,0.33,,-3.2,27,10,9.0,2,40,7,32,10,14,8,0,69,2,1,-0.184,0.2
SLN/SLN201804090,"Monday, April 9, 2018",6:11 p.m. Local,Busch Stadium III,35189,3:41,Night,Away,Milwaukee Brewers,MIL,St. Louis Cardinals,STL,40,5,11,5,4.5,5,6,46,0.275,0.356,0.375,0.731,176,99,0.379,2.2,1.131,,0.3,30,14,10.0,0,62,12,25,19,16,5,0,40,1,0,0.122,0.7,35,4,8,4,3.6,4,10,41,0.229,0.3,0.286,0.586,159,105,-0.124,1.37,1.227,,-0.7,30,13,10.0,0,55,19,31,17,10,5,0,46,4,0,-0.379,-0.3
SLN/SLN201804100,"Tuesday, April 10, 2018",7:16 p.m. Local,Busch Stadium III,35220,4:02,Night,Home,St. Louis Cardinals,STL,Milwaukee Brewers,MIL,43,3,11,3,2.45,5,10,49,0.256,0.347,0.349,0.696,192,109,0.122,2.44,1.479,,-2.2,30,10,10.0,1,63,12,34,20,13,6,0,57,5,2,-0.624,-0.3,37,5,9,4,4.5,8,8,48,0.243,0.391,0.324,0.716,171,118,0.623,1.77,2.206,,0.3,33,12,11.0,1,63,20,35,14,17,8,0,58,2,0,-0.124,2.2
SLN/SLN201804110,"Wednesday, April 11, 2018",12:16 p.m. Local,Busch Stadium III,35814,3:00,Day,Away,Milwaukee Brewers,MIL,St. Louis Cardinals,STL,33,3,8,3,3.0,1,5,34,0.242,0.265,0.485,0.75,148,80,0.016,1.6,0.42,,-1.2,27,11,9.0,1,50,7,23,17,11,5,0,58,1,1,0.483,2.2,32,2,7,2,2.0,2,9,34,0.219,0.265,0.344,0.608,116,88,-0.484,0.6,0.525,,-2.2,27,13,9.0,2,46,17,25,13,10,5,0,53,0,0,-0.016,1.2
CIN/CIN201804120,"Thursday, April 12, 2018",6:41 p.m. Local,Great American Ball Park,11128,3:32,Night,Away,St. Louis Cardinals,STL,Cincinnati Reds,CIN,39,13,13,13,13.0,11,8,52,0.333,0.481,0.692,1.173,154,117,0.593,0.91,1.348,,8.6,27,8,9.0,0,59,18,40,14,18,6,0,45,0,0,-0.093,0.4,34,4,7,3,3.0,4,9,38,0.206,0.289,0.265,0.554,220,95,0.093,0.98,0.647,,-0.4,27,9,9.0,4,45,15,35,12,13,9,0,35,6,2,-0.593,-8.6
CIN/CIN201804130,"Friday, April 13, 2018",6:41 p.m. Local,Great American Ball Park,19561,3:05,Night,Away,St. Louis Cardinals,STL,Cincinnati Reds,CIN,38,5,13,5,5.0,2,9,40,0.342,0.375,0.553,0.928,158,87,0.11,1.24,0.676,,0.6,27,7,9.0,1,50,13,24,12,17,8,0,62,1,0,0.392,1.4,32,3,7,3,3.0,3,13,36,0.219,0.286,0.313,0.598,133,98,-0.393,0.71,0.479,,-1.4,27,10,9.0,2,49,16,34,11,9,3,0,35,1,0,-0.109,-0.6
CIN/CIN201804140,"Saturday, April 14, 2018",1:10 p.m. Local,Great American Ball Park,19213,2:43,Day,Away,St. Louis Cardinals,STL,Cincinnati Reds,CIN,33,6,8,6,6.0,5,9,40,0.242,0.35,0.515,0.865,123,97,0.246,0.59,0.54,,1.6,27,12,9.0,1,56,16,25,10,15,7,0,67,0,0,0.254,3.4,33,1,7,1,1.0,3,6,36,0.212,0.278,0.303,0.581,159,80,-0.253,0.53,0.199,,-3.4,27,11,9.0,2,40,8,32,11,16,8,0,31,2,0,-0.246,-1.6
CIN/CIN201804150,"Sunday, April 15, 2018",3:46 p.m. Local,Great American Ball Park,15557,2:40,Day,Away,St. Louis Cardinals,STL,Cincinnati Reds,CIN,29,3,5,3,3.0,2,6,31,0.172,0.226,0.31,0.536,144,66,-0.01,1.71,0.338,,-1.4,27,9,9.0,2,37,12,17,11,12,5,0,80,0,0,0.509,2.4,31,2,5,2,2.0,4,13,37,0.161,0.297,0.419,0.717,111,97,-0.508,0.51,0.824,,-2.4,27,12,9.0,1,55,15,27,10,8,3,0,59,0,0,0.009,1.4
CHN/CHN201804170,"Tuesday, April 17, 2018",7:05 p.m. Local,Wrigley Field,35103,3:33,Night,Away,St. Louis Cardinals,STL,Chicago Cubs,CHC,34,5,7,5,5.0,10,14,44,0.206,0.386,0.324,0.71,158,111,0.067,1.32,0.817,,0.5,27,2,9.0,1,47,23,41,13,7,3,0,58,2,0,0.434,1.5,32,3,6,3,2.0,6,9,41,0.188,0.35,0.313,0.663,196,94,-0.434,1.06,0.574,,-1.5,27,10,9.0,1,53,18,23,8,16,3,0,54,5,2,-0.065,-0.5
CHN/CHN201804190,"Thursday, April 19, 2018",1:20 p.m. Local,Wrigley Field,29648,3:10,Day,Home,Chicago Cubs,CHC,St. Louis Cardinals,STL,32,5,5,3,3.0,4,11,38,0.156,0.289,0.156,0.446,159,100,-0.108,0.47,0.346,,0.5,24,8,8.0,1,50,19,31,6,15,6,0,22,3,0,-0.393,-4.0,35,8,14,8,9.0,3,6,42,0.4,0.463,0.543,1.006,165,100,0.394,0.63,0.585,,4.0,27,4,9.0,0,60,20,20,16,15,7,0,72,3,3,0.106,-0.5
SLN/SLN201804200,"Friday, April 20, 2018",7:15 p.m. Local,Busch Stadium III,43303,3:02,Night,Home,St. Louis Cardinals,STL,Cincinnati Reds,CIN,32,2,9,2,2.0,2,5,35,0.281,0.314,0.313,0.627,153,89,-0.312,0.55,0.354,,-2.2,24,9,8.0,0,51,12,26,14,14,6,0,31,0,0,-0.189,-0.2,31,4,8,4,4.5,7,7,39,0.258,0.385,0.355,0.739,138,88,0.19,0.88,0.427,,0.2,27,13,9.0,0,47,15,26,14,11,5,0,60,2,0,0.311,2.2
SLN/SLN201804210,"Saturday, April 21, 2018",1:15 p.m. Local,Busch Stadium III,42382,2:57,Day,Home,St. Louis Cardinals,STL,Cincinnati Reds,CIN,29,3,7,3,3.0,6,7,40,0.241,0.421,0.241,0.662,125,81,-0.275,0.71,1.124,,-1.2,24,8,8.0,3,48,12,21,14,10,7,0,45,1,0,-0.227,-0.3,32,4,8,4,4.5,2,5,34,0.25,0.294,0.594,0.888,143,81,0.226,1.83,0.667,,0.3,27,15,9.0,0,55,11,16,13,14,3,0,70,3,1,0.274,1.2
SLN/SLN201804220,"Sunday, April 22, 2018",1:16 p.m. Local,Busch Stadium III,44430,2:37,Day,Home,St. Louis Cardinals,STL,Cincinnati Reds,CIN,33,2,5,2,1.0,0,8,33,0.152,0.152,0.182,0.333,159,80,-0.228,0.71,0.324,,-2.2,24,9,8.0,2,48,11,21,13,12,3,0,40,1,1,-0.273,-5.3,32,9,12,9,10.12,7,6,41,0.375,0.463,0.656,1.12,104,92,0.273,0.86,0.715,,5.3,27,8,9.0,0,50,18,24,12,16,9,0,67,0,0,0.228,2.2
SLN/SLN201804240,"Tuesday, April 24, 2018",7:16 p.m. Local,Busch Stadium III,36237,3:28,Night,Away,New York Mets,NYM,St. Louis Cardinals,STL,33,6,6,6,5.4,8,9,42,0.182,0.333,0.424,0.758,167,97,0.331,1.23,1.492,,1.3,30,13,10.0,1,56,21,20,9,16,10,0,35,0,0,0.167,-0.3,38,5,10,5,4.5,4,9,43,0.263,0.349,0.447,0.796,169,105,-0.168,1.45,0.894,,0.3,30,9,10.0,2,54,14,37,11,18,9,0,42,2,0,-0.333,-1.3
SLN/SLN201804250,"Wednesday, April 25, 2018",7:16 p.m. Local,Busch Stadium III,38045,2:47,Night,Home,St. Louis Cardinals,STL,New York Mets,NYM,34,1,7,1,1.0,1,12,35,0.206,0.229,0.206,0.434,152,96,-0.097,0.68,0.264,,-3.2,24,5,8.0,1,51,23,22,9,13,10,0,31,3,2,-0.403,-5.3,31,9,7,8,5.62,2,7,38,0.226,0.306,0.355,0.66,143,92,0.404,0.63,0.603,,5.3,27,7,9.0,0,54,10,28,13,14,6,0,65,0,0,0.098,3.2
SLN/SLN201804260,"Thursday, April 26, 2018",12:17 p.m. Local,Busch Stadium III,37762,4:11,Day,Home,St. Louis Cardinals,STL,New York Mets,NYM,47,3,9,3,2.08,2,8,53,0.191,0.264,0.213,0.477,190,128,-0.349,2.04,0.976,,-3.1,37,14,12.1,0,74,20,34,21,19,6,0,67,2,1,-0.152,0.9,47,4,11,4,2.19,2,11,50,0.234,0.28,0.298,0.578,193,131,0.153,1.5,1.932,,-0.9,39,12,13.0,0,70,20,41,15,21,8,0,63,3,0,0.348,3.1
PIT/PIT201804270,"Friday, April 27, 2018",7:06 p.m. Local,PNC Park,15748,3:34,Night,Home,Pittsburgh Pirates,PIT,St. Louis Cardinals,STL,37,5,7,5,3.27,5,11,44,0.189,0.279,0.351,0.63,187,94,-0.047,1.77,0.535,,-0.1,32,11,10.2,1,42,19,33,15,13,4,0,64,5,0,-0.451,-1.1,42,6,11,5,4.22,4,11,48,0.262,0.333,0.381,0.714,156,120,0.454,0.71,1.781,,1.1,33,13,11.0,1,70,20,30,16,16,7,0,36,1,0,0.048,0.1
PIT/PIT201804280,"Saturday, April 28, 2018",7:07 p.m. Local,PNC Park,18568,3:14,Night,Home,Pittsburgh Pirates,PIT,St. Louis Cardinals,STL,31,2,5,2,2.0,2,5,35,0.161,0.212,0.226,0.438,151,92,-0.177,1.14,0.497,,-2.2,24,10,8.0,1,57,9,26,10,18,10,0,45,6,4,-0.325,-2.3,29,6,9,5,5.62,7,3,39,0.31,0.436,0.448,0.884,142,87,0.324,1.11,0.901,,2.3,27,10,9.0,0,53,9,25,13,15,6,0,56,0,0,0.177,2.2
PIT/PIT201804290,"Sunday, April 29, 2018",1:37 p.m. Local,PNC Park,14378,2:51,Day,Home,Pittsburgh Pirates,PIT,St. Louis Cardinals,STL,29,0,3,0,0.0,1,11,30,0.103,0.133,0.138,0.271,147,105,-0.397,0.84,0.035,,-4.2,24,8,8.0,0,64,17,24,5,13,4,0,44,2,2,-0.105,-1.3,34,5,10,5,5.62,3,8,38,0.294,0.368,0.294,0.663,147,95,0.104,0.6,0.541,,1.3,27,5,9.0,0,55,12,28,9,17,11,0,84,0,0,0.396,4.2
SLN/SLN201805010,"Tuesday, May 1, 2018",7:15 p.m. Local,Busch Stadium III,38800,2:56,Night,Home,St. Louis Cardinals,STL,Chicago White Sox,CHW,33,2,6,2,2.0,4,7,37,0.182,0.27,0.212,0.482,141,88,-0.176,1.8,0.474,,-2.2,25,10,8.1,2,51,17,20,10,16,7,0,68,0,0,-0.325,0.7,29,3,7,3,3.24,2,5,32,0.241,0.29,0.517,0.808,149,90,0.325,1.02,1.438,,-0.7,27,8,9.0,0,47,12,31,11,14,6,0,49,0,0,0.176,2.2
SLN/SLN201805020,"Wednesday, May 2, 2018",12:15 p.m. Local,Busch Stadium III,37298,2:37,Day,Home,St. Louis Cardinals,STL,Chicago White Sox,CHW,30,2,6,2,2.0,3,7,34,0.2,0.265,0.233,0.498,103,87,-0.53,0.77,0.531,,-2.2,24,12,8.0,2,54,18,15,12,12,9,0,58,0,0,0.03,0.8,25,3,4,3,3.38,3,7,29,0.16,0.276,0.4,0.676,131,65,-0.031,1.49,0.47,,-0.8,27,11,9.0,0,34,16,15,10,8,2,0,67,2,1,0.531,2.2
SLN/SLN201805040,"Friday, May 4, 2018",7:16 p.m. Local,Busch Stadium III,46099,2:58,Night,Home,St. Louis Cardinals,STL,Chicago Cubs,CHC,38,2,10,2,2.0,0,5,38,0.263,0.263,0.316,0.579,151,87,-0.383,0.67,0.462,,-2.2,24,9,8.0,1,52,10,25,17,16,14,0,46,0,0,-0.117,0.7,31,3,9,3,0.0,5,7,36,0.29,0.389,0.387,0.776,123,92,0.117,1.1,0.513,,-0.7,27,13,9.0,0,51,11,30,13,11,11,0,67,2,0,0.383,2.2
SLN/SLN201805050,"Saturday, May 5, 2018",1:15 p.m. Local,Busch Stadium III,47154,3:42,Day,Home,St. Louis Cardinals,STL,Chicago Cubs,CHC,42,6,12,6,5.4,2,6,45,0.286,0.318,0.452,0.771,163,106,0.225,1.63,0.91,,1.3,27,9,9.0,1,63,12,31,14,23,13,0,42,1,0,-0.726,-3.8,34,8,7,7,7.0,7,9,44,0.206,0.364,0.353,0.717,162,93,0.727,1.04,1.791,,3.8,30,9,10.0,2,49,18,26,9,17,7,0,35,1,0,-0.224,-1.3
SLN/SLN201805060,"Sunday, May 6, 2018",7:08 p.m. Local,Busch Stadium III,45438,4:46,Night,Home,St. Louis Cardinals,STL,Chicago Cubs,CHC,48,3,9,3,1.29,4,10,53,0.188,0.245,0.333,0.579,230,139,-0.59,1.89,1.094,,-3.6,41,18,13.2,2,79,24,38,20,19,5,0,48,5,1,0.088,2.5,47,4,10,4,2.63,8,13,56,0.213,0.339,0.404,0.744,216,137,-0.088,1.49,2.004,,-2.5,42,18,14.0,2,71,28,38,17,17,7,0,52,2,0,0.588,3.6
SLN/SLN201805070,"Monday, May 7, 2018",7:12 p.m. Local,Busch Stadium III,40182,2:55,Night,Away,Minnesota Twins,MIN,St. Louis Cardinals,STL,36,6,11,6,6.0,3,10,41,0.306,0.366,0.444,0.81,137,103,0.176,0.73,0.469,,1.8,27,10,9.0,0,61,12,30,10,17,7,0,72,0,0,0.326,4.2,29,0,4,0,0.0,3,12,34,0.138,0.242,0.172,0.415,160,88,-0.326,0.5,0.203,,-4.2,27,9,9.0,0,37,18,33,12,6,2,0,43,1,0,-0.175,-1.8
SLN/SLN201805080,"Tuesday, May 8, 2018",12:15 p.m. Local,Busch Stadium III,39253,2:54,Day,Away,Minnesota Twins,MIN,St. Louis Cardinals,STL,35,7,10,6,5.0,3,4,42,0.286,0.35,0.429,0.779,137,88,0.293,0.66,0.724,,2.8,27,10,9.0,1,61,8,19,9,25,11,0,60,0,0,0.207,3.2,27,1,2,1,1.0,2,7,30,0.074,0.138,0.185,0.323,141,93,-0.21,0.85,0.211,,-3.2,27,8,9.0,1,55,16,23,9,12,3,0,46,0,0,-0.293,-2.8
SDN/SDN201805100,"Thursday, May 10, 2018",7:10 p.m. Local,Petco Park,20515,2:39,Night,Away,St. Louis Cardinals,STL,San Diego Padres,SDP,32,2,8,2,1.0,1,11,34,0.25,0.265,0.344,0.608,134,90,-0.126,1.36,0.417,,-2.0,27,15,9.0,1,46,21,23,8,14,9,0,63,0,0,0.628,3.0,30,1,5,1,1.0,2,5,32,0.167,0.219,0.267,0.485,139,86,-0.628,0.78,0.357,,-3.0,27,7,9.0,1,51,11,24,16,9,2,0,56,0,0,0.127,2.0
SDN/SDN201805110,"Friday, May 11, 2018",7:10 p.m. Local,Petco Park,28207,3:15,Night,Away,St. Louis Cardinals,STL,San Diego Padres,SDP,37,9,13,9,9.0,5,3,44,0.351,0.429,0.757,1.185,174,92,0.362,0.37,0.52,,5.0,27,12,9.0,1,66,7,19,12,24,11,0,62,0,0,0.137,-1.0,38,5,11,4,5.0,3,8,41,0.289,0.341,0.526,0.868,162,111,-0.139,0.3,0.159,,1.0,27,11,9.0,5,66,19,26,14,16,9,0,18,0,0,-0.363,-5.0
SDN/SDN201805120,"Saturday, May 12, 2018",5:56 p.m. Local,Petco Park,32715,4:16,Night,Home,San Diego Padres,SDP,St. Louis Cardinals,STL,47,1,9,1,0.69,4,14,52,0.191,0.269,0.213,0.482,196,125,-0.993,1.65,0.777,,-4.8,36,13,12.0,0,58,24,43,21,12,4,0,66,4,1,0.493,1.9,42,2,7,1,1.5,5,14,47,0.167,0.255,0.19,0.446,204,115,-0.494,1.75,0.915,,-1.9,39,14,13.0,0,57,23,35,15,14,8,0,67,0,0,0.993,4.8
SDN/SDN201805130,"Sunday, May 13, 2018",1:10 p.m. Local,Petco Park,28183,2:47,Day,Home,San Diego Padres,SDP,St. Louis Cardinals,STL,31,3,6,3,3.0,3,12,35,0.194,0.286,0.355,0.641,159,81,-0.319,0.95,0.549,,-1.0,24,8,8.0,0,41,16,24,14,5,2,0,40,3,1,-0.181,-1.4,28,5,8,5,5.62,6,9,37,0.286,0.389,0.357,0.746,129,93,0.181,1.34,0.654,,1.4,27,14,9.0,1,48,13,32,12,10,5,0,73,0,0,0.319,1.0
MIN/MIN201805150,"Tuesday, May 15, 2018",7:10 p.m. Local,Target Field,24259,2:45,Night,Home,Minnesota Twins,MIN,St. Louis Cardinals,STL,29,1,2,1,1.0,1,12,31,0.069,0.129,0.069,0.198,144,82,-0.368,0.97,0.196,,-3.7,24,6,8.0,1,42,17,23,10,7,3,0,57,3,1,-0.133,0.1,32,4,9,3,4.5,1,5,33,0.281,0.303,0.406,0.709,124,92,0.134,0.86,0.713,,-0.1,27,7,9.0,0,59,9,24,10,17,8,0,79,1,0,0.366,3.7
MIN/MIN201805160,"Wednesday, May 16, 2018",12:11 p.m. Local,Target Field,25180,3:50,Day,Away,St. Louis Cardinals,STL,Minnesota Twins,MIN,38,7,13,7,7.0,6,10,44,0.342,0.432,0.526,0.958,173,114,0.324,1.56,1.085,,2.3,27,13,9.0,1,63,16,35,8,20,13,0,42,5,1,0.175,-0.3,34,5,10,4,5.0,5,6,39,0.294,0.385,0.382,0.767,182,104,-0.176,0.98,0.969,,0.3,27,8,9.0,1,55,13,36,11,17,7,0,40,5,1,-0.324,-2.3
SLN/SLN201805170,"Thursday, May 17, 2018",6:15 p.m. Local,Busch Stadium III,41039,3:33,Night,Away,Philadelphia Phillies,PHI,St. Louis Cardinals,STL,38,6,11,6,6.0,2,8,40,0.289,0.325,0.474,0.799,150,91,0.041,1.57,0.554,,1.8,27,10,9.0,0,46,18,27,17,13,5,0,66,5,1,0.457,2.2,35,2,10,2,2.0,3,5,40,0.286,0.359,0.314,0.673,139,90,-0.458,0.73,0.795,,-2.2,27,13,9.0,2,55,10,25,16,15,7,0,70,2,1,-0.043,-1.8
SLN/SLN201805180,"Friday, May 18, 2018",8:50 p.m. Local,Busch Stadium III,42050,3:26,Night,Home,St. Louis Cardinals,STL,Philadelphia Phillies,PHI,34,4,7,4,4.0,2,9,36,0.206,0.25,0.412,0.662,180,88,-0.163,0.48,0.212,,-0.2,24,13,8.0,3,54,14,20,12,13,4,0,36,0,0,-0.338,-8.2,36,12,15,11,11.25,5,4,43,0.417,0.488,0.75,1.238,140,110,0.337,0.54,0.669,,8.3,27,11,9.0,2,78,7,25,17,17,8,0,60,0,0,0.162,0.2
SLN/SLN201805190,"Saturday, May 19, 2018",1:18 p.m. Local,Busch Stadium III,44431,3:42,Day,Away,Philadelphia Phillies,PHI,St. Louis Cardinals,STL,35,7,7,6,5.0,5,12,40,0.2,0.3,0.343,0.643,150,116,0.675,1.42,1.287,,2.8,27,4,9.0,1,57,28,31,15,8,4,0,47,1,0,-0.173,-1.8,34,6,7,5,4.0,3,7,38,0.206,0.263,0.353,0.616,180,96,0.173,1.13,1.053,,1.8,27,12,9.0,1,56,16,24,8,20,8,0,44,4,2,-0.675,-2.8
SLN/SLN201805200,"Sunday, May 20, 2018",1:16 p.m. Local,Busch Stadium III,43560,2:53,Day,Home,St. Louis Cardinals,STL,Philadelphia Phillies,PHI,29,1,2,1,1.0,3,14,32,0.069,0.156,0.172,0.329,129,97,-0.291,0.78,0.196,,-3.2,24,8,8.0,1,52,22,23,6,9,1,0,47,0,0,-0.209,-1.2,32,5,10,4,5.62,1,8,35,0.312,0.324,0.469,0.792,148,89,0.209,0.66,0.572,,1.3,27,7,9.0,1,46,17,26,10,16,9,0,83,1,0,0.29,3.2
SLN/SLN201805210,"Monday, May 21, 2018",7:15 p.m. Local,Busch Stadium III,42140,2:28,Night,Home,St. Louis Cardinals,STL,Kansas City Royals,KCR,29,0,4,0,0.0,1,9,31,0.138,0.194,0.138,0.331,141,77,-0.255,0.48,0.155,,-4.2,24,9,8.0,2,46,13,18,11,9,4,0,35,1,0,-0.247,-2.3,33,6,10,6,6.75,1,10,35,0.303,0.324,0.545,0.869,109,92,0.247,0.56,0.479,,2.2,27,11,9.0,0,48,18,26,11,13,7,0,87,,,0.254,4.2
SLN/SLN201805220,"Tuesday, May 22, 2018",7:15 p.m. Local,Busch Stadium III,39545,2:53,Night,Away,Kansas City Royals,KCR,St. Louis Cardinals,STL,35,5,10,5,5.0,4,9,40,0.286,0.359,0.486,0.845,112,92,0.078,1.17,0.604,,0.8,27,11,9.0,0,54,16,22,8,19,10,0,63,0,0,0.424,3.2,34,1,11,0,0.0,0,8,36,0.324,0.343,0.324,0.666,135,76,-0.424,0.77,0.448,,-3.2,27,7,9.0,2,44,15,17,13,14,7,0,58,3,0,-0.077,-0.8
SLN/SLN201805230,"Wednesday, May 23, 2018",12:16 p.m. Local,Busch Stadium III,41984,3:04,Day,Away,Kansas City Royals,KCR,St. Louis Cardinals,STL,35,5,8,5,2.7,2,10,40,0.229,0.263,0.314,0.577,141,104,0.075,1.17,0.768,,0.3,30,10,10.0,0,61,19,24,13,15,9,0,55,0,0,0.424,2.7,35,2,6,2,1.8,2,12,38,0.171,0.216,0.229,0.445,157,92,-0.424,1.18,0.422,,-2.7,30,12,10.0,1,47,12,33,14,10,6,0,66,6,1,-0.077,-0.3
PIT/PIT201805250,"Friday, May 25, 2018",7:06 p.m. Local,PNC Park,22629,2:37,Night,Home,Pittsburgh Pirates,PIT,St. Louis Cardinals,STL,33,1,7,1,1.0,0,8,33,0.212,0.212,0.364,0.576,127,71,-0.39,0.71,0.222,,-3.2,24,6,8.0,0,41,9,21,15,10,4,0,55,3,3,-0.109,-4.3,35,8,12,8,9.0,1,9,38,0.343,0.368,0.571,0.94,98,93,0.108,0.8,0.514,,4.3,27,14,9.0,1,50,20,23,12,15,10,0,74,0,0,0.39,3.2
PIT/PIT201805260,"Saturday, May 26, 2018",4:07 p.m. Local,PNC Park,22133,2:52,Day,Away,St. Louis Cardinals,STL,Pittsburgh Pirates,PIT,33,4,11,4,4.0,1,9,37,0.333,0.361,0.485,0.846,126,100,0.173,0.88,0.608,,-0.2,27,14,9.0,1,65,9,26,11,15,4,0,62,1,0,0.327,3.2,32,1,6,1,1.0,2,6,34,0.188,0.235,0.313,0.548,150,85,-0.327,0.78,0.306,,-3.2,27,8,9.0,1,50,9,26,16,10,4,0,35,0,0,-0.173,0.2
PIT/PIT201805270,"Sunday, May 27, 2018",1:37 p.m. Local,PNC Park,19608,2:58,Day,Away,St. Louis Cardinals,STL,Pittsburgh Pirates,PIT,35,6,8,6,6.0,5,9,41,0.229,0.341,0.286,0.627,132,92,0.516,1.05,1.337,,1.8,27,6,9.0,0,53,18,21,14,12,7,0,50,0,0,-0.016,0.2,31,4,5,4,4.0,1,7,33,0.161,0.182,0.226,0.408,150,93,0.015,1.52,0.619,,-0.2,27,12,9.0,0,62,11,20,10,15,4,0,56,8,5,-0.514,-1.8
MIL/MIL201805280,"Monday, May 28, 2018",1:12 p.m. Local,Miller Park,42867,3:03,Day,Home,Milwaukee Brewers,MIL,St. Louis Cardinals,STL,32,3,6,3,3.0,1,11,33,0.188,0.212,0.406,0.618,155,90,-0.172,0.75,0.309,,-1.4,24,7,8.0,2,49,22,19,8,13,5,0,43,0,0,-0.328,-4.1,33,8,9,6,6.75,4,7,37,0.273,0.351,0.515,0.867,131,91,0.327,0.7,0.727,,4.1,27,9,9.0,2,51,14,26,8,18,8,0,51,0,0,0.172,1.4
MIL/MIL201805290,"Tuesday, May 29, 2018",6:40 p.m. Local,Miller Park,40982,2:41,Night,Away,St. Louis Cardinals,STL,Milwaukee Brewers,MIL,33,6,10,6,6.0,3,8,39,0.303,0.378,0.576,0.954,135,87,0.276,0.55,0.597,,1.6,27,10,9.0,0,50,11,25,16,10,3,0,65,2,1,0.225,3.4,29,1,3,1,1.0,4,8,34,0.103,0.212,0.138,0.35,127,82,-0.224,0.61,0.169,,-3.4,27,14,9.0,3,45,11,26,10,12,8,0,32,0,0,-0.276,-1.6
MIL/MIL201805300,"Wednesday, May 30, 2018",12:10 p.m. Local,Miller Park,33133,3:31,Day,Home,Milwaukee Brewers,MIL,St. Louis Cardinals,STL,33,2,8,2,1.0,3,13,39,0.242,0.297,0.333,0.631,170,97,-0.298,1.46,0.866,,-2.4,24,9,8.0,1,43,25,29,14,9,3,0,56,0,0,-0.203,0.9,31,3,10,3,3.38,6,4,39,0.323,0.447,0.419,0.867,147,100,0.199,1.88,1.049,,-0.9,27,9,9.0,1,64,12,24,11,17,9,0,71,2,0,0.298,2.4
SLN/SLN201805310,"Thursday, May 31, 2018",6:16 p.m. Local,Busch Stadium III,40832,3:43,Night,Home,St. Louis Cardinals,STL,Pittsburgh Pirates,PIT,37,8,12,8,7.0,3,8,42,0.324,0.39,0.541,0.931,146,110,0.667,1.15,1.715,,3.8,24,6,8.0,1,68,17,25,9,21,7,0,31,0,0,-1.167,-6.3,39,10,14,10,10.12,3,5,42,0.359,0.405,0.513,0.918,176,91,1.168,1.49,1.638,,6.3,27,6,9.0,2,58,7,26,15,19,11,0,44,4,2,-0.668,-3.8
SLN/SLN201806010,"Friday, June 1, 2018",7:16 p.m. Local,Busch Stadium III,47135,2:46,Night,Away,Pittsburgh Pirates,PIT,St. Louis Cardinals,STL,34,4,9,4,3.0,2,6,39,0.265,0.308,0.471,0.778,122,99,0.029,1.02,0.519,,-0.2,27,15,9.0,0,57,12,30,14,16,8,0,81,0,0,0.472,4.2,30,0,4,0,0.0,1,6,31,0.133,0.161,0.167,0.328,145,76,-0.473,0.8,0.21,,-4.2,27,10,9.0,0,39,11,26,18,6,2,0,55,1,1,-0.029,0.2
SLN/SLN201806020,"Saturday, June 2, 2018",1:19 p.m. Local,Busch Stadium III,44492,2:48,Day,Home,St. Louis Cardinals,STL,Pittsburgh Pirates,PIT,30,2,5,2,2.0,1,9,32,0.167,0.194,0.367,0.56,128,95,-0.205,0.89,0.674,,-2.2,24,8,8.0,2,62,12,21,9,14,6,0,59,0,0,-0.297,0.8,29,3,5,3,3.38,4,6,34,0.172,0.294,0.379,0.673,143,77,0.296,1.33,0.809,,-0.7,27,3,9.0,2,44,12,21,9,14,4,0,59,0,0,0.204,2.2
SLN/SLN201806030,"Sunday, June 3, 2018",1:16 p.m. Local,Busch Stadium III,44432,2:25,Day,Home,St. Louis Cardinals,STL,Pittsburgh Pirates,PIT,29,0,2,0,0.0,2,10,31,0.069,0.129,0.069,0.198,137,86,-0.257,0.33,0.048,,-4.2,24,6,8.0,1,43,18,25,13,6,3,0,49,2,0,-0.243,-1.3,31,5,6,5,4.5,3,8,34,0.194,0.265,0.323,0.587,127,81,0.244,0.45,0.352,,1.3,27,10,9.0,0,45,15,21,9,14,4,0,86,1,0,0.257,4.2
SLN/SLN201806050,"Tuesday, June 5, 2018",7:15 p.m. Local,Busch Stadium III,40070,3:12,Night,Away,Miami Marlins,MIA,St. Louis Cardinals,STL,33,7,9,6,7.0,9,10,44,0.273,0.409,0.485,0.894,145,105,0.507,1.32,1.09,,2.8,27,11,9.0,0,63,14,28,12,13,6,0,33,0,0,-0.008,0.2,36,4,12,3,4.0,1,5,37,0.333,0.351,0.361,0.712,179,92,0.008,1.0,0.936,,-0.2,27,10,9.0,2,57,17,18,14,17,13,0,46,0,0,-0.508,-2.8
SLN/SLN201806060,"Wednesday, June 6, 2018",7:16 p.m. Local,Busch Stadium III,40109,3:23,Night,Away,Miami Marlins,MIA,St. Louis Cardinals,STL,45,11,17,9,8.0,2,10,49,0.378,0.429,0.756,1.184,150,116,0.447,0.68,0.775,,6.8,27,10,9.0,0,65,19,32,17,18,9,0,43,3,0,0.052,1.2,34,3,8,3,3.0,2,7,37,0.235,0.27,0.353,0.623,182,103,-0.052,0.53,0.362,,-1.2,27,11,9.0,3,63,11,29,13,15,7,0,36,0,0,-0.447,-6.8
SLN/SLN201806070,"Thursday, June 7, 2018",12:17 p.m. Local,Busch Stadium III,41297,2:42,Day,Home,St. Louis Cardinals,STL,Miami Marlins,MIA,32,1,4,1,0.0,2,8,34,0.125,0.176,0.156,0.333,133,96,-0.349,0.59,0.255,,-3.2,24,9,8.0,2,56,18,22,14,10,4,0,45,3,1,-0.151,-0.2,34,4,11,4,4.5,1,6,35,0.324,0.343,0.5,0.843,130,88,0.151,0.89,0.482,,0.3,27,12,9.0,0,48,18,22,14,14,7,0,73,0,0,0.349,3.2
CIN/CIN201806080,"Friday, June 8, 2018",7:12 p.m. Local,Great American Ball Park,26144,3:51,Night,Away,St. Louis Cardinals,STL,Cincinnati Reds,CIN,37,7,8,7,6.3,6,8,44,0.216,0.341,0.514,0.854,185,108,0.6,2.05,1.113,,2.1,30,9,10.0,0,59,16,33,13,16,4,0,35,1,1,-0.1,-1.1,40,6,13,6,5.4,8,8,48,0.325,0.438,0.4,0.838,171,109,0.099,0.89,1.611,,1.1,30,12,10.0,3,58,24,29,12,20,13,0,46,1,0,-0.599,-2.1
CIN/CIN201806090,"Saturday, June 9, 2018",4:10 p.m. Local,Great American Ball Park,34469,3:22,Day,Away,St. Louis Cardinals,STL,Cincinnati Reds,CIN,34,6,7,6,6.0,5,11,39,0.206,0.308,0.5,0.808,173,97,0.236,1.18,0.576,,1.6,27,6,9.0,2,43,23,31,7,16,7,0,56,2,0,0.265,0.4,37,4,10,4,4.0,4,10,41,0.27,0.341,0.541,0.882,163,109,-0.264,0.52,0.653,,-0.4,27,7,9.0,3,73,13,23,8,19,10,0,51,1,0,-0.235,-1.6
CIN/CIN201806100,"Sunday, June 10, 2018",1:12 p.m. Local,Great American Ball Park,19344,3:21,Day,Home,Cincinnati Reds,CIN,St. Louis Cardinals,STL,35,3,11,2,2.0,3,11,39,0.314,0.359,0.371,0.73,165,89,-0.141,1.01,0.568,,-1.4,24,8,8.0,0,48,19,22,7,18,10,0,31,2,0,-0.36,-2.1,26,6,5,6,6.75,11,10,38,0.192,0.447,0.269,0.717,146,90,0.36,1.15,0.877,,2.1,27,10,9.0,0,42,24,25,7,9,5,0,41,2,1,0.14,1.4
SLN/SLN201806110,"Monday, June 11, 2018",7:16 p.m. Local,Busch Stadium III,40971,2:53,Night,Home,St. Louis Cardinals,STL,San Diego Padres,SDP,31,2,4,2,2.0,3,10,35,0.129,0.229,0.258,0.487,130,93,-0.28,0.7,0.382,,-2.2,24,9,8.0,3,46,24,23,10,11,6,0,36,0,0,-0.219,-1.3,34,5,12,5,5.62,0,4,35,0.353,0.353,0.618,0.971,156,85,0.219,0.99,0.611,,1.2,27,8,9.0,1,53,4,28,17,14,4,0,68,2,1,0.281,2.2
SLN/SLN201806120,"Tuesday, June 12, 2018",7:16 p.m. Local,Busch Stadium III,40199,2:25,Night,Away,San Diego Padres,SDP,St. Louis Cardinals,STL,33,4,7,4,4.0,0,9,34,0.212,0.212,0.333,0.545,113,81,0.098,1.04,0.416,,-0.2,27,11,9.0,0,52,10,19,16,9,2,0,63,0,0,0.403,2.2,31,2,5,2,2.0,0,9,32,0.161,0.188,0.161,0.349,117,79,-0.402,0.62,0.284,,-2.2,27,10,9.0,1,40,16,23,12,10,5,0,53,0,0,-0.098,0.2
SLN/SLN201806130,"Wednesday, June 13, 2018",7:16 p.m. Local,Busch Stadium III,44094,2:45,Night,Away,San Diego Padres,SDP,St. Louis Cardinals,STL,35,4,10,4,4.0,1,9,37,0.286,0.306,0.4,0.706,132,87,0.064,1.08,0.455,,-0.2,27,10,9.0,1,49,16,22,12,15,11,0,47,1,0,0.435,2.2,33,2,8,2,2.0,0,7,34,0.242,0.265,0.333,0.598,128,90,-0.434,0.61,0.414,,-2.2,27,7,9.0,0,53,17,20,11,15,8,0,37,1,1,-0.065,0.2
SLN/SLN201806150,"Friday, June 15, 2018",7:16 p.m. Local,Busch Stadium III,46188,3:29,Night,Away,Chicago Cubs,CHC,St. Louis Cardinals,STL,36,13,14,13,12.0,5,7,46,0.389,0.444,0.75,1.194,161,115,0.367,0.37,0.586,,8.8,27,12,9.0,3,75,14,26,15,18,9,0,56,1,0,0.134,-0.8,35,5,9,4,4.0,3,5,38,0.257,0.316,0.514,0.83,177,100,-0.135,0.37,0.157,,0.8,27,11,9.0,3,59,14,27,15,15,9,0,12,1,1,-0.365,-8.8
SLN/SLN201806160,"Saturday, June 16, 2018",7:16 p.m. Local,Busch Stadium III,47168,3:23,Night,Away,Chicago Cubs,CHC,St. Louis Cardinals,STL,37,6,10,6,5.0,8,8,46,0.27,0.4,0.459,0.859,154,96,0.35,1.21,1.304,,1.8,27,10,9.0,1,49,17,30,15,15,6,0,45,0,0,0.151,1.2,34,3,9,3,3.0,4,7,38,0.265,0.342,0.353,0.695,147,99,-0.151,1.41,0.722,,-1.2,27,9,9.0,2,52,13,34,10,17,8,0,40,3,0,-0.35,-1.8
SLN/SLN201806170,"Sunday, June 17, 2018",7:09 p.m. Local,Busch Stadium III,46214,3:24,Night,Home,St. Louis Cardinals,STL,Chicago Cubs,CHC,30,0,4,0,0.0,3,9,35,0.133,0.257,0.133,0.39,161,86,-0.457,0.79,0.397,,-4.2,24,10,8.0,1,41,28,17,13,8,1,0,52,3,3,-0.042,-1.2,32,5,10,3,4.5,4,6,36,0.312,0.389,0.438,0.826,147,98,0.042,1.27,0.478,,1.2,27,11,9.0,0,58,15,25,13,13,9,0,67,0,0,0.457,4.2
PHI/PHI201806180,"Monday, June 18, 2018",7:09 p.m. Local,Citizens Bank Park,22083,3:39,Night,Home,Philadelphia Phillies,PHI,St. Louis Cardinals,STL,41,5,9,4,4.5,1,19,42,0.22,0.238,0.512,0.75,175,118,0.329,1.2,1.288,,0.1,29,10,9.2,1,51,32,35,8,14,5,0,41,0,0,-0.827,-1.4,37,6,8,6,5.59,5,8,42,0.216,0.31,0.351,0.661,168,109,0.827,1.32,1.439,,1.4,30,8,10.0,3,62,22,25,15,14,8,0,74,4,1,-0.329,-0.1
PHI/PHI201806190,"Tuesday, June 19, 2018",7:08 p.m. Local,Citizens Bank Park,21122,3:16,Night,Away,St. Louis Cardinals,STL,Philadelphia Phillies,PHI,34,7,8,7,7.0,3,11,38,0.235,0.316,0.559,0.875,154,93,0.763,1.3,1.448,,2.6,27,10,9.0,2,42,17,35,8,15,5,0,39,2,2,-0.262,-1.6,34,6,9,6,6.0,5,9,42,0.265,0.375,0.471,0.846,136,100,0.262,1.1,1.126,,1.6,27,8,9.0,3,51,15,34,14,13,6,0,54,2,2,-0.762,-2.6
PHI/PHI201806200,"Wednesday, June 20, 2018",1:07 p.m. Local,Citizens Bank Park,26120,3:08,Day,Home,Philadelphia Phillies,PHI,St. Louis Cardinals,STL,34,3,7,3,3.0,3,8,38,0.206,0.289,0.412,0.701,139,97,-0.323,1.09,0.915,,-1.4,24,8,8.0,2,59,11,27,10,16,4,0,41,1,0,-0.177,-0.1,33,4,9,4,2.25,2,10,36,0.273,0.306,0.515,0.821,149,94,0.178,1.69,0.854,,0.1,27,10,9.0,2,52,20,22,10,14,7,0,55,2,0,0.323,1.4
MIL/MIL201806210,"Thursday, June 21, 2018",7:10 p.m. Local,Miller Park,32764,2:49,Night,Home,Milwaukee Brewers,MIL,St. Louis Cardinals,STL,33,3,7,3,3.0,2,6,36,0.212,0.278,0.364,0.641,170,79,-0.132,0.46,0.149,,-1.4,24,7,8.0,1,41,17,21,12,15,6,0,23,0,0,-0.367,-7.1,37,11,12,9,5.62,4,5,42,0.324,0.381,0.541,0.921,133,106,0.368,0.36,0.642,,7.1,27,11,9.0,1,68,14,24,16,17,7,0,69,0,0,0.133,1.4
MIL/MIL201806220,"Friday, June 22, 2018",7:10 p.m. Local,Miller Park,36275,3:19,Night,Home,Milwaukee Brewers,MIL,St. Louis Cardinals,STL,30,1,3,1,1.0,4,15,36,0.1,0.229,0.133,0.362,140,99,-0.482,1.43,0.429,,-3.4,25,6,8.1,2,42,27,30,9,7,3,0,82,0,0,-0.016,2.2,28,2,3,2,2.16,3,15,32,0.107,0.219,0.321,0.54,162,91,0.016,1.21,0.88,,-2.2,27,7,9.0,0,41,25,25,5,8,3,0,60,2,0,0.484,3.4
MIL/MIL201806230,"Saturday, June 23, 2018",3:10 p.m. Local,Miller Park,35551,2:55,Day,Away,St. Louis Cardinals,STL,Milwaukee Brewers,MIL,30,3,4,3,3.0,5,13,35,0.133,0.257,0.333,0.59,140,88,-0.06,1.88,0.572,,-1.4,27,13,9.0,0,37,20,31,6,11,4,0,63,2,0,0.559,2.4,29,2,6,2,2.0,2,6,35,0.207,0.314,0.207,0.521,148,93,-0.559,0.94,0.673,,-2.4,27,5,9.0,2,54,16,23,15,9,5,0,64,0,0,0.06,1.4
MIL/MIL201806240,"Sunday, June 24, 2018",1:11 p.m. Local,Miller Park,39710,3:14,Day,Away,St. Louis Cardinals,STL,Milwaukee Brewers,MIL,35,8,10,8,8.0,8,11,45,0.286,0.409,0.486,0.895,144,97,0.484,0.47,0.938,,3.6,27,3,9.0,1,45,16,36,8,18,12,0,58,2,0,0.016,2.4,34,2,6,2,2.0,2,14,36,0.176,0.222,0.324,0.546,166,101,-0.016,0.72,0.318,,-2.4,27,6,9.0,1,49,20,32,5,15,6,0,13,1,0,-0.483,-3.6
SLN/SLN201806250,"Monday, June 25, 2018",8:36 p.m. Local,Busch Stadium III,42007,2:48,Night,Home,St. Louis Cardinals,STL,Cleveland Indians,CLE,29,0,4,0,0.0,6,6,35,0.138,0.286,0.138,0.424,145,75,-0.42,0.67,0.233,,-4.2,24,11,8.0,0,40,11,24,12,11,6,0,49,0,0,-0.08,-0.3,33,4,11,4,4.5,2,5,35,0.333,0.371,0.455,0.826,129,93,0.081,0.87,0.532,,0.3,27,10,9.0,0,51,9,33,14,14,7,0,74,2,0,0.42,4.2
SLN/SLN201806260,"Tuesday, June 26, 2018",8:41 p.m. Local,Busch Stadium III,40288,2:53,Night,Home,St. Louis Cardinals,STL,Cleveland Indians,CLE,33,2,6,2,2.0,1,9,34,0.182,0.206,0.182,0.388,151,97,0.051,0.49,0.35,,-2.2,24,11,8.0,4,53,17,27,6,18,5,0,20,0,0,-0.552,-7.3,36,11,13,10,10.12,2,7,40,0.361,0.375,0.722,1.097,138,102,0.553,0.57,0.724,,7.3,27,5,9.0,0,63,16,23,15,16,8,0,59,0,0,-0.052,2.2
SLN/SLN201806270,"Wednesday, June 27, 2018",7:17 p.m. Local,Busch Stadium III,43598,2:56,Night,Away,Cleveland Indians,CLE,St. Louis Cardinals,STL,36,5,9,5,5.0,3,9,40,0.25,0.308,0.5,0.808,132,97,0.224,0.83,0.497,,0.8,27,9,9.0,0,48,17,32,10,18,10,0,60,0,0,0.277,3.2,33,1,6,1,1.0,1,8,36,0.182,0.25,0.212,0.462,157,95,-0.276,0.49,0.316,,-3.2,27,7,9.0,2,46,20,29,12,13,6,0,37,0,0,-0.223,-0.8
SLN/SLN201806290,"Friday, June 29, 2018",7:16 p.m. Local,Busch Stadium III,46226,3:14,Night,Away,Atlanta Braves,ATL,St. Louis Cardinals,STL,35,5,10,5,4.0,4,5,43,0.286,0.381,0.314,0.695,139,107,0.018,1.05,0.809,,0.8,27,9,9.0,0,71,10,26,18,14,8,0,70,4,1,0.483,3.2,31,1,4,1,1.0,4,6,35,0.129,0.229,0.161,0.39,155,88,-0.482,1.16,0.263,,-3.2,27,12,9.0,0,41,15,32,8,17,8,0,55,7,2,-0.017,-0.8
SLN/SLN201806300,"Saturday, June 30, 2018",6:15 p.m. Local,Busch Stadium III,46667,3:11,Night,Away,Atlanta Braves,ATL,St. Louis Cardinals,STL,40,11,15,11,10.0,2,7,44,0.375,0.386,0.65,1.036,141,108,0.282,0.42,0.483,,6.8,27,8,9.0,1,64,17,27,10,24,13,1,74,2,0,0.219,0.2,33,4,9,4,4.0,3,13,37,0.273,0.324,0.424,0.749,154,90,-0.22,0.39,0.122,,-0.2,27,9,9.0,2,45,15,30,13,8,5,0,15,2,0,-0.282,-6.8
SLN/SLN201807010,"Sunday, July 1, 2018",1:15 p.m. Local,Busch Stadium III,46448,3:11,Day,Away,Atlanta Braves,ATL,St. Louis Cardinals,STL,33,6,6,6,6.0,3,4,37,0.182,0.243,0.333,0.577,162,85,0.092,1.11,0.513,,1.8,27,7,9.0,1,55,11,19,15,16,6,0,71,3,2,0.406,-0.8,33,5,7,5,5.0,4,11,37,0.212,0.297,0.333,0.631,131,93,-0.407,0.7,0.46,,0.8,27,11,9.0,1,44,25,24,8,14,6,0,43,1,1,-0.093,-1.8
ARI/ARI201807020,"Monday, July 2, 2018",6:39 p.m. Local,Chase Field,20334,2:52,Night,Away,St. Louis Cardinals,STL,Arizona Diamondbacks,ARI,36,6,10,6,6.0,2,8,38,0.278,0.316,0.528,0.844,129,101,0.284,0.94,0.587,,1.4,27,12,9.0,0,55,21,25,12,16,7,0,61,0,0,0.217,1.6,33,3,8,3,1.0,2,8,36,0.242,0.286,0.303,0.589,145,93,-0.215,0.58,0.466,,-1.6,27,14,9.0,2,55,16,22,17,9,2,0,31,0,0,-0.284,-1.4
ARI/ARI201807030,"Tuesday, July 3, 2018",6:40 p.m. Local,Chase Field,25843,2:51,Night,Home,Arizona Diamondbacks,ARI,St. Louis Cardinals,STL,32,2,7,2,2.0,3,8,36,0.219,0.278,0.25,0.528,135,96,-0.326,0.91,0.446,,-2.6,24,10,8.0,1,50,12,34,11,14,9,0,54,1,0,-0.174,0.1,29,4,6,4,4.5,2,8,32,0.207,0.281,0.379,0.661,144,85,0.175,1.14,0.645,,-0.1,27,8,9.0,0,44,19,22,11,10,5,0,55,5,0,0.325,2.6
ARI/ARI201807040,"Wednesday, July 4, 2018",7:10 p.m. Local,Chase Field,44072,3:47,Night,Away,St. Louis Cardinals,STL,Arizona Diamondbacks,ARI,39,8,13,8,4.0,3,7,44,0.333,0.395,0.59,0.985,154,112,0.461,1.05,1.239,,3.4,27,7,9.0,0,66,24,22,17,16,8,0,49,2,2,0.04,0.6,34,4,8,1,2.0,6,8,42,0.235,0.366,0.235,0.601,179,94,-0.04,1.1,0.725,,-0.6,27,12,9.0,2,54,14,26,12,15,8,0,60,6,4,-0.46,-3.4
SFN/SFN201807050,"Thursday, July 5, 2018",7:15 p.m. Local,AT&T Park,38766,2:35,Night,Away,St. Louis Cardinals,STL,San Francisco Giants,SFG,42,11,18,11,11.0,3,10,46,0.429,0.467,0.714,1.181,103,106,0.368,0.2,0.486,,7.0,27,4,9.0,1,62,16,30,17,16,7,0,77,0,0,0.132,2.0,29,2,2,2,2.0,0,8,29,0.069,0.069,0.172,0.241,161,73,-0.133,0.31,0.006,,-2.0,27,10,9.0,3,44,10,19,6,15,5,0,27,1,0,-0.368,-7.0
SFN/SFN201807060,"Friday, July 6, 2018",7:15 p.m. Local,AT&T Park,37996,2:26,Night,Home,San Francisco Giants,SFG,St. Louis Cardinals,STL,30,2,5,2,2.0,2,3,32,0.167,0.219,0.333,0.552,126,74,-0.36,1.21,0.533,,-2.0,24,11,8.0,1,39,9,26,15,12,4,0,56,0,0,-0.139,0.6,30,3,7,2,3.38,4,6,35,0.233,0.324,0.367,0.69,115,84,0.138,1.22,0.755,,-0.6,27,15,9.0,0,43,19,22,15,10,4,0,55,1,0,0.361,2.0
SFN/SFN201807070,"Saturday, July 7, 2018",1:05 p.m. Local,AT&T Park,39606,2:51,Day,Away,St. Louis Cardinals,STL,San Francisco Giants,SFG,33,3,7,3,3.0,3,7,37,0.212,0.27,0.242,0.513,132,97,0.027,1.21,0.419,,-1.0,27,12,9.0,0,52,21,24,9,18,10,0,64,0,0,0.474,2.0,35,2,8,2,2.0,0,5,35,0.229,0.229,0.257,0.486,146,88,-0.474,0.74,0.393,,-2.0,27,4,9.0,0,51,15,22,15,15,6,0,43,0,0,-0.026,1.0
SFN/SFN201807080,"Sunday, July 8, 2018",1:05 p.m. Local,AT&T Park,38855,3:47,Day,Home,San Francisco Giants,SFG,St. Louis Cardinals,STL,36,8,11,8,8.0,4,12,42,0.306,0.381,0.472,0.853,187,106,0.223,0.89,0.802,,4.0,24,6,8.0,1,50,20,36,8,17,9,0,35,4,0,-0.721,-9.4,43,13,18,11,13.5,5,6,48,0.419,0.479,0.581,1.061,175,118,0.723,0.88,1.204,,9.4,27,8,9.0,2,72,19,27,11,26,12,0,42,1,0,-0.223,-4.0
CHA/CHA201807100,"Tuesday, July 10, 2018",7:11 p.m. Local,Guaranteed Rate Field,23245,3:10,Night,Away,St. Louis Cardinals,STL,Chicago White Sox,CHW,42,14,16,12,13.0,8,9,51,0.381,0.471,0.595,1.066,133,110,0.442,0.58,0.858,,9.5,27,9,9.0,0,65,19,26,12,22,12,0,63,0,0,0.06,2.5,31,2,5,2,2.0,2,9,33,0.161,0.212,0.226,0.438,189,90,-0.06,0.76,0.293,,-2.5,27,9,9.0,2,53,10,27,10,12,4,0,34,7,6,-0.44,-9.5
CHA/CHA201807110,"Wednesday, July 11, 2018",7:11 p.m. Local,Guaranteed Rate Field,26319,2:46,Night,Home,Chicago White Sox,CHW,St. Louis Cardinals,STL,32,0,4,0,0.0,3,10,35,0.125,0.2,0.156,0.356,129,87,-0.515,0.84,0.279,,-4.5,24,7,8.0,0,51,16,20,14,8,3,0,67,0,0,0.013,0.0,29,4,7,4,4.5,2,10,31,0.241,0.29,0.345,0.635,137,85,-0.014,1.08,0.49,,-0.0,27,12,9.0,0,46,21,19,7,12,8,0,77,6,0,0.513,4.5
SLN/SLN201807130,"Friday, July 13, 2018",7:16 p.m. Local,Busch Stadium III,45891,3:14,Night,Away,Cincinnati Reds,CIN,St. Louis Cardinals,STL,40,9,14,9,9.0,4,5,45,0.35,0.422,0.675,1.097,141,116,0.244,0.85,0.674,,4.8,27,11,9.0,0,73,18,25,16,19,12,0,58,1,0,0.259,3.2,31,1,4,1,1.0,3,6,34,0.129,0.206,0.129,0.335,179,89,-0.258,0.64,0.275,,-3.2,27,15,9.0,2,50,15,24,17,8,3,0,45,4,1,-0.242,-4.8
SLN/SLN201807140,"Saturday, July 14, 2018",3:11 p.m. Local,Busch Stadium III,44668,3:07,Day,Away,Cincinnati Reds,CIN,St. Louis Cardinals,STL,40,8,14,8,8.0,5,9,48,0.35,0.458,0.4,0.858,113,101,0.41,0.66,1.306,,3.8,27,10,9.0,1,63,17,21,14,17,9,0,51,1,0,0.09,2.2,34,2,9,2,2.0,0,7,34,0.265,0.265,0.441,0.706,165,78,-0.091,1.34,0.391,,-2.2,27,12,9.0,0,41,14,23,12,15,10,0,65,10,2,-0.409,-3.8
SLN/SLN201807150,"Sunday, July 15, 2018",1:17 p.m. Local,Busch Stadium III,45808,2:53,Day,Home,St. Louis Cardinals,STL,Cincinnati Reds,CIN,34,4,8,4,4.0,4,6,39,0.235,0.333,0.265,0.598,106,99,-0.026,0.75,0.733,,-0.2,24,9,8.0,2,60,16,23,14,14,6,0,28,2,2,-0.475,-2.2,30,6,7,6,6.75,2,5,34,0.233,0.303,0.433,0.736,160,67,0.475,1.18,0.764,,2.2,27,12,9.0,0,43,4,20,13,13,5,0,38,0,0,0.024,0.2
CHN/CHN201807190,"Thursday, July 19, 2018",6:08 p.m. Local,Wrigley Field,41406,3:29,Night,Home,Chicago Cubs,CHC,St. Louis Cardinals,STL,41,6,15,5,5.0,1,6,43,0.366,0.395,0.561,0.956,141,122,0.02,0.95,0.675,,1.5,24,9,8.0,1,77,10,35,16,19,14,0,32,0,0,-0.52,-5.0,36,9,13,9,9.0,2,5,40,0.361,0.385,0.528,0.912,193,100,0.521,0.92,1.03,,5.0,27,13,9.0,2,66,8,26,17,16,11,0,37,7,1,-0.02,-1.5
CHN/CHN201807200,"Friday, July 20, 2018",1:23 p.m. Local,Wrigley Field,41077,3:54,Day,Away,St. Louis Cardinals,STL,Chicago Cubs,CHC,41,18,18,18,18.0,8,2,52,0.439,0.52,0.927,1.447,193,111,0.422,0.34,0.563,,13.5,27,9,9.0,2,81,6,24,17,25,10,0,64,2,0,0.077,-0.5,35,5,10,5,5.0,7,14,44,0.286,0.432,0.486,0.918,204,121,-0.08,0.29,0.22,,0.5,27,14,9.0,5,64,25,32,12,9,4,0,9,6,6,-0.422,-13.5
CHN/CHN201807211,"Saturday, July 21, 2018",12:07 p.m. Local,Wrigley Field,41004,3:13,Day,Home,Chicago Cubs,CHC,St. Louis Cardinals,STL,27,2,2,2,1.0,6,3,36,0.074,0.257,0.185,0.442,149,77,-0.223,0.84,0.598,,-2.5,24,15,8.0,0,48,7,22,13,13,3,0,33,3,1,-0.276,-3.0,29,7,11,6,7.88,8,4,41,0.379,0.487,0.483,0.97,132,83,0.279,1.24,0.73,,3.0,27,12,9.0,1,44,8,31,17,12,7,0,58,3,1,0.224,2.5
CHN/CHN201807212,"Saturday, July 21, 2018",6:16 p.m. Local,Wrigley Field,41244,3:38,Night,Away,St. Louis Cardinals,STL,Chicago Cubs,CHC,35,6,10,6,6.0,7,7,43,0.286,0.395,0.429,0.824,146,94,0.428,1.56,1.316,,1.5,27,11,9.0,0,50,16,28,17,13,8,0,58,3,2,0.071,1.5,34,3,7,3,1.0,7,3,41,0.206,0.341,0.206,0.547,162,89,-0.071,1.41,0.868,,-1.5,27,12,9.0,1,59,12,18,14,17,10,0,59,4,2,-0.43,-1.5
CHN/CHN201807220,"Sunday, July 22, 2018",1:21 p.m. Local,Wrigley Field,39737,3:05,Day,Home,Chicago Cubs,CHC,St. Louis Cardinals,STL,32,2,8,2,2.0,4,8,38,0.25,0.324,0.344,0.668,136,91,-0.289,0.92,0.485,,-2.5,24,11,8.0,1,55,10,26,11,15,5,0,51,2,0,-0.211,-3.0,33,7,12,7,7.88,5,8,40,0.364,0.462,0.485,0.946,152,86,0.211,1.11,0.852,,3.0,27,8,9.0,0,44,18,24,13,13,10,0,59,0,0,0.29,2.5
CIN/CIN201807230,"Monday, July 23, 2018",7:11 p.m. Local,Great American Ball Park,17518,2:48,Night,Home,Cincinnati Reds,CIN,St. Louis Cardinals,STL,30,1,5,1,1.0,1,8,32,0.167,0.219,0.233,0.452,152,76,-0.312,1.72,0.319,,-3.4,26,8,8.2,1,40,14,22,11,11,2,0,77,0,0,-0.189,1.7,31,2,5,2,2.08,4,4,35,0.161,0.257,0.258,0.515,122,97,0.188,0.89,1.144,,-1.7,27,12,9.0,0,64,15,18,11,16,7,0,60,1,0,0.31,3.4
CIN/CIN201807240,"Tuesday, July 24, 2018",7:10 p.m. Local,Great American Ball Park,18379,3:32,Night,Away,St. Louis Cardinals,STL,Cincinnati Reds,CIN,40,4,8,4,3.27,6,11,46,0.2,0.304,0.35,0.654,156,121,-0.061,1.66,1.001,,-1.4,33,11,11.0,1,67,26,28,8,21,12,0,65,0,0,0.561,3.4,37,2,5,2,1.64,3,11,41,0.135,0.22,0.216,0.436,189,96,-0.56,1.22,0.811,,-3.4,33,6,11.0,1,59,19,20,10,16,4,0,62,1,0,0.06,1.4
CIN/CIN201807250,"Wednesday, July 25, 2018",12:36 p.m. Local,Great American Ball Park,20940,3:11,Day,Home,Cincinnati Reds,CIN,St. Louis Cardinals,STL,38,3,10,3,3.0,3,7,41,0.263,0.317,0.447,0.764,151,98,-0.21,0.54,0.869,,-1.4,24,7,8.0,3,57,22,19,13,18,5,0,53,0,0,-0.29,-3.1,31,7,10,7,7.88,6,12,37,0.323,0.432,0.71,1.142,152,90,0.29,1.35,0.707,,3.1,27,10,9.0,2,45,16,29,4,15,7,0,54,0,0,0.21,1.4
SLN/SLN201807270,"Friday, July 27, 2018",7:15 p.m. Local,Busch Stadium III,47169,2:48,Night,Home,St. Louis Cardinals,STL,Chicago Cubs,CHC,34,2,8,2,2.0,0,8,34,0.235,0.235,0.441,0.676,140,79,-0.219,0.85,0.31,,-2.2,24,13,8.0,0,43,13,23,12,14,5,0,25,0,0,-0.28,-1.3,33,5,12,5,5.62,3,7,37,0.364,0.432,0.485,0.917,113,85,0.281,0.75,0.822,,1.2,27,10,9.0,2,51,9,25,12,14,12,0,53,0,0,0.219,2.2
SLN/SLN201807280,"Saturday, July 28, 2018",3:07 p.m. Local,Busch Stadium III,47514,2:41,Day,Home,St. Louis Cardinals,STL,Chicago Cubs,CHC,31,2,7,2,2.0,2,5,33,0.226,0.273,0.323,0.595,143,87,-0.165,0.37,0.155,,-2.2,24,9,8.0,1,50,17,20,16,10,5,0,22,0,0,-0.335,-2.3,31,6,9,6,6.75,4,8,35,0.29,0.371,0.419,0.791,129,92,0.336,0.44,0.438,,2.3,27,16,9.0,1,55,12,25,9,14,6,0,53,0,0,0.165,2.2
SLN/SLN201807290,"Sunday, July 29, 2018",8:23 p.m. Local,Busch Stadium III,45553,2:53,Night,Away,Chicago Cubs,CHC,St. Louis Cardinals,STL,36,5,10,4,2.0,3,7,39,0.278,0.333,0.528,0.861,137,90,0.282,0.9,0.772,,0.8,27,9,9.0,1,52,17,21,16,14,10,0,69,0,0,0.219,2.2,32,2,5,2,2.0,1,9,33,0.156,0.182,0.313,0.494,142,88,-0.219,0.8,0.404,,-2.2,27,10,9.0,2,43,13,32,10,13,5,0,47,1,1,-0.281,-0.8
SLN/SLN201807300,"Monday, July 30, 2018",7:11 p.m. Local,Busch Stadium III,41856,3:38,Night,Home,St. Louis Cardinals,STL,Colorado Rockies,COL,38,4,9,4,3.6,4,12,42,0.237,0.31,0.316,0.625,145,107,-0.222,1.83,1.016,,-0.7,28,6,9.1,2,60,24,23,15,12,8,0,52,5,3,-0.279,-0.6,35,5,7,5,4.82,5,9,40,0.2,0.3,0.371,0.671,170,92,0.28,1.61,1.469,,0.6,30,11,10.0,1,49,20,23,8,18,9,0,56,2,2,0.221,0.7
SLN/SLN201807310,"Tuesday, July 31, 2018",7:16 p.m. Local,Busch Stadium III,42636,2:51,Night,Away,Colorado Rockies,COL,St. Louis Cardinals,STL,35,6,9,6,6.0,4,11,39,0.257,0.333,0.486,0.819,103,106,0.268,0.77,0.805,,1.8,27,9,9.0,1,56,25,25,9,15,4,0,63,3,2,0.233,1.2,29,3,4,2,2.0,2,6,32,0.138,0.188,0.241,0.429,172,74,-0.234,0.77,0.293,,-1.2,27,8,9.0,2,35,17,22,11,13,2,0,47,1,1,-0.268,-1.8
SLN/SLN201808010,"Wednesday, August 1, 2018",7:15 p.m. Local,Busch Stadium III,40544,3:59,Night,Home,St. Louis Cardinals,STL,Colorado Rockies,COL,34,3,7,3,3.0,6,10,40,0.206,0.325,0.265,0.59,195,107,-0.319,1.18,0.558,,-1.2,24,11,8.0,0,60,20,27,12,12,6,0,40,3,1,-0.182,-2.2,37,6,13,6,6.75,4,9,41,0.351,0.415,0.405,0.82,176,120,0.182,1.18,0.893,,2.3,27,8,9.0,0,73,20,27,18,10,4,0,41,2,0,0.318,1.2
SLN/SLN201808020,"Thursday, August 2, 2018",12:15 p.m. Local,Busch Stadium III,41478,3:08,Day,Home,St. Louis Cardinals,STL,Colorado Rockies,COL,31,2,7,1,1.0,3,9,35,0.226,0.294,0.226,0.52,136,86,-0.172,2.02,0.417,,-2.2,25,6,8.1,0,48,18,20,9,14,7,0,61,0,0,-0.328,0.7,31,3,8,3,3.24,3,7,36,0.258,0.333,0.258,0.591,130,83,0.328,1.03,1.398,,-0.7,27,7,9.0,0,45,9,29,6,19,6,0,61,0,0,0.173,2.2
PIT/PIT201808030,"Friday, August 3, 2018",7:06 p.m. Local,PNC Park,26773,3:34,Night,Home,Pittsburgh Pirates,PIT,St. Louis Cardinals,STL,41,6,15,6,4.0,6,8,49,0.366,0.469,0.512,0.982,135,117,0.045,1.01,1.524,,1.8,24,5,8.0,0,60,26,31,15,18,10,0,26,0,0,-0.547,-3.3,34,7,12,7,7.88,2,8,38,0.353,0.368,0.471,0.839,187,88,0.548,1.99,1.014,,3.3,27,13,9.0,1,54,18,16,11,17,8,0,35,5,1,-0.046,-1.8
PIT/PIT201808040,"Saturday, August 4, 2018",7:07 p.m. Local,PNC Park,32473,3:21,Night,Away,St. Louis Cardinals,STL,Pittsburgh Pirates,PIT,40,8,14,8,8.0,7,5,47,0.35,0.447,0.6,1.047,129,119,0.544,1.05,1.173,,3.8,27,11,9.0,1,80,13,26,17,18,10,0,34,0,0,-0.045,0.2,34,4,8,4,4.0,4,7,38,0.235,0.316,0.382,0.698,188,90,0.047,1.01,0.791,,-0.2,27,13,9.0,1,52,16,22,13,14,7,0,30,1,0,-0.545,-3.8
PIT/PIT201808050,"Sunday, August 5, 2018",1:39 p.m. Local,PNC Park,19376,2:58,Day,Away,St. Louis Cardinals,STL,Pittsburgh Pirates,PIT,37,2,10,2,2.0,1,6,38,0.27,0.289,0.351,0.641,132,101,-0.125,1.56,0.543,,-2.2,27,11,9.0,1,55,10,36,10,21,8,0,72,2,0,0.624,3.2,30,1,5,1,1.0,2,11,34,0.167,0.242,0.3,0.542,148,86,-0.625,0.92,0.531,,-3.2,27,5,9.0,1,49,18,19,9,11,4,0,44,0,0,0.124,2.2
MIA/MIA201808060,"Monday, August 6, 2018",7:11 p.m. Local,Marlins Park,8563,3:04,Night,Home,Miami Marlins,MIA,St. Louis Cardinals,STL,33,1,7,1,1.0,4,7,38,0.212,0.297,0.212,0.509,111,111,-0.53,0.6,0.868,,-3.1,24,9,8.0,1,67,11,32,11,15,8,0,55,0,0,0.029,1.6,31,2,8,2,2.25,0,6,31,0.258,0.258,0.419,0.677,180,79,-0.029,1.88,0.338,,-1.6,27,9,9.0,0,49,13,17,12,13,6,0,69,4,0,0.529,3.1
MIA/MIA201808070,"Tuesday, August 7, 2018",7:11 p.m. Local,Marlins Park,7230,2:34,Night,Away,St. Louis Cardinals,STL,Miami Marlins,MIA,34,3,7,3,3.0,1,8,35,0.206,0.229,0.412,0.64,105,95,0.091,1.4,0.807,,-1.1,27,20,9.0,0,54,15,26,13,13,5,0,60,0,0,0.41,2.1,31,2,6,2,2.0,1,2,33,0.194,0.219,0.258,0.477,151,76,-0.41,1.06,0.486,,-2.1,27,10,9.0,2,51,8,17,21,9,4,0,65,0,0,-0.09,1.1
MIA/MIA201808080,"Wednesday, August 8, 2018",7:10 p.m. Local,Marlins Park,7306,2:42,Night,Away,St. Louis Cardinals,STL,Miami Marlins,MIA,34,7,9,7,7.0,4,10,39,0.265,0.359,0.588,0.947,103,99,0.177,0.84,0.646,,2.9,27,9,9.0,0,50,24,25,7,17,5,0,67,0,0,0.324,3.1,30,1,3,1,1.0,1,6,31,0.1,0.129,0.133,0.262,157,75,-0.325,0.59,0.199,,-3.1,27,9,9.0,2,43,8,24,11,13,8,0,54,1,0,-0.175,-2.9
KCA/KCA201808100,"Friday, August 10, 2018",7:16 p.m. Local,Kauffman Stadium,29414,3:04,Night,Away,St. Louis Cardinals,STL,Kansas City Royals,KCR,38,7,12,7,7.0,3,9,42,0.316,0.381,0.632,1.013,156,95,0.307,0.47,0.543,,2.4,27,6,9.0,0,56,13,26,11,18,7,0,61,0,0,0.193,4.6,33,0,7,0,0.0,4,5,38,0.212,0.316,0.303,0.619,158,98,-0.192,0.36,0.175,,-4.6,27,8,9.0,3,63,14,21,9,19,6,0,22,2,0,-0.307,-2.4
KCA/KCA201808110,"Saturday, August 11, 2018",6:15 p.m. Local,Kauffman Stadium,38427,2:56,Night,Away,St. Louis Cardinals,STL,Kansas City Royals,KCR,37,8,11,8,8.0,3,4,40,0.297,0.35,0.568,0.918,140,99,0.328,0.74,0.649,,3.4,27,10,9.0,1,65,5,29,19,14,7,0,69,1,0,0.173,1.6,29,3,5,2,3.0,5,10,34,0.172,0.294,0.276,0.57,158,92,-0.172,0.54,0.394,,-1.6,27,16,9.0,2,48,17,27,10,9,5,0,29,0,0,-0.328,-3.4
KCA/KCA201808120,"Sunday, August 12, 2018",1:15 p.m. Local,Kauffman Stadium,23409,3:04,Day,Away,St. Louis Cardinals,STL,Kansas City Royals,KCR,38,8,12,8,8.0,1,10,43,0.316,0.395,0.447,0.843,132,111,0.298,0.81,0.976,,3.4,27,14,9.0,0,62,19,30,14,14,9,0,58,1,0,0.204,2.6,31,2,5,2,2.0,2,9,34,0.161,0.235,0.194,0.429,170,78,-0.203,1.11,0.375,,-2.6,27,11,9.0,1,40,12,26,15,7,3,0,70,6,2,-0.297,-3.4
SLN/SLN201808130,"Monday, August 13, 2018",7:12 p.m. Local,Busch Stadium III,37197,3:19,Night,Home,St. Louis Cardinals,STL,Washington Nationals,WSN,32,6,8,6,6.0,3,5,37,0.25,0.314,0.469,0.783,138,90,0.476,1.77,1.411,,1.8,24,10,8.0,3,58,9,23,11,18,9,0,35,5,1,-0.977,-3.3,37,7,17,7,7.88,2,3,41,0.459,0.488,0.757,1.245,146,87,0.977,1.52,2.022,,3.3,27,8,9.0,2,58,8,21,13,22,12,0,56,2,0,-0.476,-1.8
SLN/SLN201808140,"Tuesday, August 14, 2018",7:16 p.m. Local,Busch Stadium III,38214,3:12,Night,Home,St. Louis Cardinals,STL,Washington Nationals,WSN,36,4,9,4,4.0,1,9,38,0.25,0.289,0.417,0.706,142,105,-0.247,0.41,0.268,,-0.2,24,6,8.0,2,58,9,38,9,18,10,0,31,0,0,-0.252,-2.3,31,6,8,6,6.75,5,5,37,0.258,0.351,0.516,0.867,164,87,0.253,0.66,0.44,,2.3,27,5,9.0,1,49,11,27,8,20,7,0,62,1,1,0.248,0.2
SLN/SLN201808150,"Wednesday, August 15, 2018",7:15 p.m. Local,Busch Stadium III,36696,3:07,Night,Home,St. Louis Cardinals,STL,Washington Nationals,WSN,32,2,7,2,2.0,4,7,37,0.219,0.297,0.438,0.735,135,93,-0.387,0.67,0.321,,-2.2,24,6,8.0,1,56,10,27,9,17,6,0,47,2,1,-0.116,-0.3,30,4,7,3,3.38,3,5,36,0.233,0.343,0.367,0.71,142,87,0.117,0.99,0.441,,0.3,27,9,9.0,1,54,12,21,11,15,9,0,68,1,1,0.385,2.2
SLN/SLN201808160,"Thursday, August 16, 2018",6:15 p.m. Local,Busch Stadium III,38074,3:28,Night,Away,Washington Nationals,WSN,St. Louis Cardinals,STL,40,5,10,4,2.0,4,5,44,0.25,0.318,0.275,0.593,148,102,0.15,1.49,0.713,,0.8,27,5,9.0,1,61,15,26,17,18,9,0,46,0,0,0.35,0.2,33,4,6,3,3.0,5,4,38,0.182,0.289,0.333,0.623,174,90,-0.352,0.93,0.714,,-0.2,27,7,9.0,0,58,10,22,8,21,7,0,35,3,2,-0.149,-0.8
SLN/SLN201808170,"Friday, August 17, 2018",7:16 p.m. Local,Busch Stadium III,41630,3:07,Night,Home,St. Louis Cardinals,STL,Milwaukee Brewers,MIL,32,2,7,2,2.0,5,8,37,0.219,0.324,0.25,0.574,144,95,-0.297,0.6,0.521,,-2.2,24,8,8.0,1,52,13,30,13,11,6,0,56,2,0,-0.202,-1.2,30,5,6,5,5.62,5,7,36,0.2,0.333,0.4,0.733,147,85,0.201,1.14,0.494,,1.3,27,12,9.0,0,44,14,27,10,13,4,0,70,0,0,0.298,2.2
SLN/SLN201808180,"Saturday, August 18, 2018",6:16 p.m. Local,Busch Stadium III,46040,2:54,Night,Home,St. Louis Cardinals,STL,Milwaukee Brewers,MIL,33,2,6,2,2.0,0,11,34,0.182,0.206,0.424,0.63,159,92,-0.191,0.56,0.319,,-2.2,24,7,8.0,1,47,20,25,8,14,4,0,55,0,0,-0.309,-3.3,32,7,6,7,3.38,3,10,36,0.188,0.278,0.375,0.653,139,101,0.309,0.68,0.559,,3.3,27,7,9.0,2,49,22,30,10,12,4,0,65,0,0,0.19,2.2
SLN/SLN201808190,"Sunday, August 19, 2018",1:15 p.m. Local,Busch Stadium III,45334,2:54,Day,Away,Milwaukee Brewers,MIL,St. Louis Cardinals,STL,29,2,6,2,2.0,6,3,36,0.207,0.343,0.241,0.584,123,85,-0.108,1.33,0.481,,-2.2,27,8,9.0,1,55,11,19,13,14,6,0,67,0,0,0.608,3.2,31,1,5,1,1.0,0,7,33,0.161,0.188,0.258,0.446,148,93,-0.608,0.95,0.313,,-3.2,27,11,9.0,0,58,12,23,12,13,4,0,42,2,0,0.109,2.2
LAN/LAN201808200,"Monday, August 20, 2018",7:10 p.m. Local,Dodger Stadium,42402,4:10,Night,Away,St. Louis Cardinals,STL,Los Angeles Dodgers,LAD,37,5,10,5,5.0,4,13,41,0.27,0.341,0.541,0.882,186,106,0.303,2.03,0.935,,0.7,27,7,9.0,0,48,26,32,8,16,7,0,49,3,1,0.196,1.3,32,3,7,3,3.0,10,12,44,0.219,0.409,0.25,0.659,163,109,-0.196,0.97,1.313,,-1.3,27,6,9.0,3,58,18,33,8,13,8,0,38,5,1,-0.304,-0.7
LAN/LAN201808210,"Tuesday, August 21, 2018",7:10 p.m. Local,Dodger Stadium,43923,3:25,Night,Away,St. Louis Cardinals,STL,Los Angeles Dodgers,LAD,33,5,7,5,5.0,2,11,38,0.212,0.297,0.424,0.722,166,96,0.188,1.34,0.62,,0.7,27,11,9.0,1,46,17,33,11,12,5,0,55,1,0,0.313,2.3,35,2,9,2,2.0,4,10,40,0.257,0.35,0.371,0.721,139,105,-0.312,0.67,0.721,,-2.3,27,7,9.0,2,65,16,24,12,13,5,0,45,1,0,-0.188,-0.7
LAN/LAN201808220,"Wednesday, August 22, 2018",7:10 p.m. Local,Dodger Stadium,48247,3:02,Night,Away,St. Louis Cardinals,STL,Los Angeles Dodgers,LAD,33,3,7,3,3.0,2,10,35,0.212,0.257,0.424,0.681,154,96,0.126,1.2,0.966,,-1.3,27,8,9.0,1,53,20,23,12,11,4,0,74,0,0,0.374,3.3,30,1,2,1,1.0,3,13,33,0.067,0.152,0.167,0.318,143,97,-0.372,1.21,0.344,,-3.3,27,11,9.0,2,44,31,22,9,8,2,0,78,0,0,-0.126,1.3
COL/COL201808240,"Friday, August 24, 2018",6:42 p.m. Local,Coors Field,43578,3:31,Night,Away,St. Louis Cardinals,STL,Colorado Rockies,COL,37,7,11,6,7.0,2,7,40,0.297,0.325,0.568,0.893,166,97,0.144,1.56,0.585,,1.9,27,14,9.0,2,58,15,24,16,15,6,0,25,3,0,0.354,0.1,40,5,15,5,4.0,4,7,45,0.375,0.432,0.55,0.982,152,105,-0.355,0.57,0.895,,-0.1,27,11,9.0,2,62,18,25,16,18,11,0,18,2,1,-0.146,-1.9
COL/COL201808250,"Saturday, August 25, 2018",6:10 p.m. Local,Coors Field,47785,3:02,Night,Home,Colorado Rockies,COL,St. Louis Cardinals,STL,31,1,5,0,1.0,2,13,33,0.161,0.212,0.194,0.406,138,92,-0.352,0.98,0.652,,-4.1,24,11,8.0,1,39,23,30,9,9,5,0,68,4,3,-0.15,-4.5,36,9,13,9,10.12,5,7,42,0.361,0.439,0.611,1.05,136,93,0.149,1.51,0.86,,4.5,27,9,9.0,0,52,19,22,19,11,5,0,79,0,0,0.351,4.1
COL/COL201808260,"Sunday, August 26, 2018",1:11 p.m. Local,Coors Field,41235,2:48,Day,Away,St. Louis Cardinals,STL,Colorado Rockies,COL,41,12,16,12,8.0,2,5,45,0.39,0.409,0.61,1.019,120,111,0.459,0.23,0.585,,6.9,27,8,9.0,0,72,17,22,21,17,7,0,61,0,0,0.042,2.1,32,3,7,2,2.0,2,6,34,0.219,0.265,0.313,0.577,165,72,-0.041,0.31,0.118,,-2.1,27,14,9.0,1,48,9,15,9,17,11,0,14,2,0,-0.458,-6.9
SLN/SLN201808280,"Tuesday, August 28, 2018",7:16 p.m. Local,Busch Stadium III,35258,2:51,Night,Home,St. Louis Cardinals,STL,Pittsburgh Pirates,PIT,29,2,6,1,2.0,2,5,32,0.207,0.281,0.241,0.523,152,78,-0.311,0.5,0.298,,-2.2,24,9,8.0,2,48,14,16,13,11,4,0,32,3,0,-0.19,-1.3,33,5,10,5,5.62,2,9,37,0.303,0.378,0.545,0.924,116,92,0.187,0.83,0.453,,1.3,27,12,9.0,0,55,14,23,13,11,7,0,70,2,0,0.311,2.2
SLN/SLN201808290,"Wednesday, August 29, 2018",7:15 p.m. Local,Busch Stadium III,33448,3:12,Night,Away,Pittsburgh Pirates,PIT,St. Louis Cardinals,STL,35,2,10,2,2.0,1,7,37,0.286,0.306,0.343,0.648,144,101,-0.087,1.46,0.498,,-2.2,27,6,9.0,0,64,16,21,14,15,9,0,71,0,0,0.587,4.2,32,0,5,0,0.0,3,10,36,0.156,0.25,0.25,0.5,142,91,-0.589,0.94,0.51,,-4.2,27,12,9.0,0,57,13,21,8,14,7,0,47,0,0,0.089,2.2
SLN/SLN201808300,"Thursday, August 30, 2018",6:15 p.m. Local,Busch Stadium III,38561,2:53,Night,Home,St. Louis Cardinals,STL,Pittsburgh Pirates,PIT,33,0,6,0,0.0,6,11,39,0.182,0.308,0.212,0.52,111,95,-0.299,0.46,0.254,,-4.2,24,7,8.0,2,54,16,25,10,12,9,0,44,0,0,-0.202,-1.3,30,5,7,5,5.62,1,9,31,0.233,0.258,0.467,0.725,159,82,0.201,0.76,0.412,,1.3,27,4,9.0,0,39,18,25,9,12,6,0,66,7,0,0.298,4.2
SLN/SLN201808310,"Friday, August 31, 2018",7:15 p.m. Local,Busch Stadium III,42365,3:22,Night,Home,St. Louis Cardinals,STL,Cincinnati Reds,CIN,38,5,14,5,5.0,3,3,44,0.368,0.405,0.474,0.878,165,94,0.039,0.39,0.632,,0.8,24,11,8.0,3,63,13,18,14,24,13,0,32,2,0,-0.539,-8.3,39,12,14,12,9.0,5,8,45,0.359,0.444,0.641,1.085,151,107,0.538,0.94,0.747,,8.3,27,12,9.0,1,64,22,21,15,16,8,0,52,1,1,-0.039,-0.8
SLN/SLN201809010,"Saturday, September 1, 2018",6:16 p.m. Local,Busch Stadium III,46368,2:55,Night,Away,Cincinnati Reds,CIN,St. Louis Cardinals,STL,34,4,10,4,4.0,1,7,36,0.294,0.314,0.412,0.726,151,94,0.13,0.78,0.47,,-0.2,27,6,9.0,0,63,12,19,14,14,7,0,79,2,0,0.371,4.2,29,0,2,0,0.0,4,14,33,0.069,0.182,0.069,0.251,141,93,-0.372,0.55,0.175,,-4.2,27,11,9.0,0,42,27,24,7,8,4,0,41,3,0,-0.129,0.2
SLN/SLN201809020,"Sunday, September 2, 2018",1:15 p.m. Local,Busch Stadium III,45743,3:44,Day,Away,Cincinnati Reds,CIN,St. Louis Cardinals,STL,34,6,7,5,5.4,8,7,45,0.206,0.364,0.471,0.834,182,98,0.35,2.27,1.158,,1.3,30,9,10.0,0,61,14,23,16,13,3,0,45,3,0,0.15,0.7,37,4,9,4,2.7,9,8,47,0.243,0.404,0.297,0.702,173,115,-0.15,1.21,1.62,,-0.7,30,14,10.0,2,62,17,36,19,10,4,0,47,1,0,-0.35,-1.3
WAS/WAS201809030,"Monday, September 3, 2018",1:06 p.m. Local,Nationals Park,28648,3:51,Day,Home,Washington Nationals,WSN,St. Louis Cardinals,STL,33,3,5,3,2.7,3,14,37,0.152,0.243,0.242,0.486,195,95,-0.193,1.86,0.561,,-2.1,29,7,9.2,2,52,18,25,5,14,5,0,57,2,0,-0.306,0.9,36,4,8,4,3.72,10,11,48,0.222,0.396,0.472,0.868,143,109,0.309,0.91,1.694,,-0.9,30,6,10.0,1,64,21,24,10,16,7,0,67,3,0,0.193,2.1
WAS/WAS201809040,"Tuesday, September 4, 2018",7:05 p.m. Local,Nationals Park,21637,4:10,Night,Away,St. Louis Cardinals,STL,Washington Nationals,WSN,36,11,10,10,11.0,5,12,43,0.278,0.381,0.694,1.075,203,107,0.556,1.38,0.962,,6.4,27,9,9.0,1,62,20,25,12,13,3,0,50,10,5,-0.055,-3.4,33,8,9,8,4.0,11,8,44,0.273,0.455,0.455,0.909,181,116,0.057,0.7,1.101,,3.4,27,10,9.0,5,60,20,36,9,16,11,0,48,3,0,-0.556,-6.4
WAS/WAS201809050,"Wednesday, September 5, 2018",7:05 p.m. Local,Nationals Park,22124,3:35,Night,Away,St. Louis Cardinals,STL,Washington Nationals,WSN,39,7,15,7,7.0,1,4,41,0.385,0.415,0.641,1.056,164,112,0.236,1.46,0.631,,2.4,27,13,9.0,0,78,13,21,15,20,4,0,36,2,2,0.264,-1.4,43,6,16,6,6.0,1,6,44,0.372,0.386,0.488,0.875,175,108,-0.265,0.58,0.893,,1.4,27,13,9.0,3,64,17,27,18,19,12,0,27,0,0,-0.236,-2.4
DET/DET201809070,"Friday, September 7, 2018",7:10 p.m. Local,Comerica Park,21268,2:51,Night,Home,Detroit Tigers,DET,St. Louis Cardinals,STL,31,3,6,3,3.0,1,12,35,0.194,0.235,0.419,0.655,128,94,-0.329,1.65,0.585,,-1.7,25,9,8.1,1,50,18,26,5,16,9,0,51,1,0,-0.171,-0.5,32,5,8,5,5.4,4,10,37,0.25,0.333,0.375,0.708,148,80,0.172,1.29,1.185,,0.5,27,5,9.0,2,44,14,22,15,8,2,0,53,1,0,0.33,1.7
DET/DET201809080,"Saturday, September 8, 2018",6:38 p.m. Local,Comerica Park,30268,2:56,Night,Home,Detroit Tigers,DET,St. Louis Cardinals,STL,31,3,4,3,3.0,1,14,32,0.129,0.156,0.355,0.511,150,89,-0.088,0.99,0.587,,-1.7,25,12,8.1,0,42,26,21,4,13,1,0,49,2,0,-0.41,-0.7,29,4,6,2,3.24,8,7,39,0.207,0.368,0.207,0.575,131,89,0.412,1.01,0.777,,0.7,27,3,9.0,2,55,13,21,15,9,5,0,79,2,0,0.089,1.7
DET/DET201809090,"Sunday, September 9, 2018",1:10 p.m. Local,Comerica Park,22212,2:41,Day,Away,St. Louis Cardinals,STL,Detroit Tigers,DET,32,5,7,5,3.0,3,7,37,0.219,0.27,0.219,0.489,132,90,0.07,0.85,0.653,,0.3,27,8,9.0,0,59,9,22,14,13,6,0,61,1,0,0.428,2.7,31,2,5,2,2.0,3,7,34,0.161,0.235,0.29,0.526,131,83,-0.427,1.0,0.212,,-2.7,27,9,9.0,0,44,17,22,11,12,7,1,49,3,2,-0.071,-0.3
SLN/SLN201809100,"Monday, September 10, 2018",7:15 p.m. Local,Busch Stadium III,33566,2:55,Night,Home,St. Louis Cardinals,STL,Pittsburgh Pirates,PIT,39,7,13,7,7.0,1,8,40,0.333,0.35,0.59,0.94,125,100,0.303,1.3,0.912,,2.8,24,9,8.0,1,59,17,24,16,15,6,0,45,0,0,-0.802,-4.2,31,8,9,8,7.88,2,8,35,0.29,0.314,0.452,0.766,149,79,0.803,0.88,1.302,,4.3,27,13,9.0,3,45,14,20,11,14,7,0,40,0,0,-0.301,-2.8
SLN/SLN201809110,"Tuesday, September 11, 2018",7:16 p.m. Local,Busch Stadium III,37187,3:23,Night,Home,St. Louis Cardinals,STL,Pittsburgh Pirates,PIT,36,5,10,5,5.0,2,8,38,0.278,0.316,0.417,0.732,151,104,-0.305,0.56,0.326,,0.8,24,4,8.0,1,65,20,19,15,13,8,0,54,4,1,-0.194,-7.2,34,11,11,8,10.12,6,11,42,0.324,0.405,0.471,0.875,153,93,0.194,0.81,0.487,,7.3,27,13,9.0,0,53,16,24,9,16,8,0,69,2,0,0.305,-0.8
SLN/SLN201809120,"Wednesday, September 12, 2018",12:15 p.m. Local,Busch Stadium III,39606,3:00,Day,Away,Pittsburgh Pirates,PIT,St. Louis Cardinals,STL,34,4,10,4,4.0,2,12,38,0.294,0.324,0.294,0.618,133,98,0.124,2.09,0.604,,-0.2,27,9,9.0,0,56,23,19,10,14,7,0,63,2,1,0.376,1.2,33,3,7,3,3.0,3,6,37,0.212,0.278,0.273,0.551,143,90,-0.376,1.01,1.075,,-1.2,27,5,9.0,0,52,10,28,13,15,7,0,55,2,0,-0.124,0.2
SLN/SLN201809130,"Thursday, September 13, 2018",6:15 p.m. Local,Busch Stadium III,40997,3:28,Night,Away,Los Angeles Dodgers,LAD,St. Louis Cardinals,STL,38,9,16,9,9.0,1,7,42,0.421,0.415,0.632,1.046,149,112,0.405,0.89,0.65,,4.8,27,9,9.0,1,65,14,33,19,15,6,0,48,0,0,0.094,-2.8,38,7,12,6,5.0,4,11,43,0.316,0.372,0.474,0.846,160,100,-0.095,0.5,0.527,,2.8,27,12,9.0,1,58,16,26,13,15,9,0,15,2,2,-0.406,-4.8
SLN/SLN201809140,"Friday, September 14, 2018",7:17 p.m. Local,Busch Stadium III,46036,3:04,Night,Away,Los Angeles Dodgers,LAD,St. Louis Cardinals,STL,32,3,7,2,2.0,4,12,37,0.219,0.324,0.406,0.731,116,105,-0.076,1.21,0.472,,-1.2,27,6,9.0,0,50,29,26,8,12,4,0,85,0,0,0.578,4.2,29,0,2,0,0.0,2,10,32,0.069,0.156,0.069,0.225,168,82,-0.578,0.82,0.23,,-4.2,27,8,9.0,2,43,17,22,7,12,3,0,66,2,0,0.077,1.2
SLN/SLN201809150,"Saturday, September 15, 2018",12:07 p.m. Local,Busch Stadium III,45481,3:32,Day,Away,Los Angeles Dodgers,LAD,St. Louis Cardinals,STL,41,17,16,16,13.0,10,9,52,0.39,0.519,0.78,1.3,142,118,0.735,0.58,1.099,,12.8,27,7,9.0,1,57,21,40,12,20,9,0,51,0,0,-0.235,0.2,32,4,5,4,4.0,4,11,36,0.156,0.25,0.25,0.5,189,91,0.236,0.64,0.543,,-0.2,27,8,9.0,5,47,21,23,8,13,6,0,27,7,5,-0.737,-12.8
SLN/SLN201809160,"Sunday, September 16, 2018",7:08 p.m. Local,Busch Stadium III,45217,3:20,Night,Home,St. Louis Cardinals,STL,Los Angeles Dodgers,LAD,29,0,4,0,0.0,5,12,34,0.138,0.265,0.172,0.437,143,88,-0.352,0.53,0.202,,-4.2,24,8,8.0,1,31,16,41,6,11,6,0,45,4,0,-0.147,-1.2,32,5,8,4,4.5,1,11,33,0.25,0.273,0.344,0.616,150,98,0.147,0.75,0.417,,1.2,27,12,9.0,0,56,24,18,8,13,10,0,74,1,0,0.353,4.2
ATL/ATL201809170,"Monday, September 17, 2018",7:36 p.m. Local,SunTrust Park,24304,3:38,Night,Away,St. Louis Cardinals,STL,Atlanta Braves,ATL,37,11,10,11,11.0,7,7,45,0.27,0.4,0.73,1.13,189,109,0.568,1.08,0.924,,6.6,27,5,9.0,1,64,16,29,13,17,5,0,56,2,2,-0.068,-1.6,36,6,10,5,4.0,5,11,43,0.278,0.372,0.389,0.761,175,122,0.068,0.72,0.814,,1.6,27,16,9.0,4,68,28,26,10,16,9,0,28,1,0,-0.567,-6.6
ATL/ATL201809180,"Tuesday, September 18, 2018",7:37 p.m. Local,SunTrust Park,23083,3:18,Night,Away,St. Louis Cardinals,STL,Atlanta Braves,ATL,37,8,11,7,7.0,3,14,41,0.297,0.366,0.432,0.798,161,109,0.13,1.04,0.71,,3.6,27,5,9.0,1,60,27,22,7,16,9,0,53,0,0,0.373,3.4,35,1,7,1,1.0,5,12,40,0.2,0.3,0.343,0.643,173,98,-0.373,0.79,0.398,,-3.4,27,6,9.0,1,55,18,25,10,13,8,0,65,5,4,-0.128,-3.6
ATL/ATL201809190,"Wednesday, September 19, 2018",12:11 p.m. Local,SunTrust Park,25195,3:09,Day,Home,Atlanta Braves,ATL,St. Louis Cardinals,STL,32,3,8,3,3.0,5,10,39,0.25,0.359,0.375,0.734,142,91,-0.223,0.61,0.538,,-1.4,24,8,8.0,2,45,17,29,6,17,9,0,38,3,1,-0.276,-3.1,31,7,7,4,6.75,5,10,36,0.226,0.333,0.484,0.817,147,88,0.274,1.0,0.593,,3.1,27,6,9.0,1,46,22,20,10,11,4,0,56,2,0,0.225,1.4
SLN/SLN201809210,"Friday, September 21, 2018",7:17 p.m. Local,Busch Stadium III,45892,3:22,Night,Home,St. Louis Cardinals,STL,San Francisco Giants,SFG,34,3,8,3,3.0,5,16,39,0.235,0.333,0.324,0.657,140,105,-0.163,1.15,0.898,,-1.2,24,8,8.0,0,53,26,27,8,10,7,0,48,2,2,-0.338,-1.2,34,5,11,5,5.62,2,8,37,0.324,0.361,0.412,0.773,170,87,0.338,1.67,0.987,,1.2,27,5,9.0,0,48,9,30,15,12,6,0,46,3,0,0.161,1.2
SLN/SLN201809220,"Saturday, September 22, 2018",12:07 p.m. Local,Busch Stadium III,45878,3:13,Day,Home,St. Louis Cardinals,STL,San Francisco Giants,SFG,40,4,11,4,3.6,3,9,45,0.275,0.326,0.3,0.626,126,110,-0.102,1.21,1.232,,-0.7,29,12,9.2,2,67,20,23,17,16,4,0,43,0,0,-0.398,-0.4,35,5,8,5,4.66,1,5,36,0.229,0.25,0.429,0.679,163,83,0.398,1.93,1.162,,0.4,30,10,10.0,0,45,10,28,12,18,7,0,47,2,1,0.102,0.7
SLN/SLN201809230,"Sunday, September 23, 2018",1:14 p.m. Local,Busch Stadium III,46596,3:02,Day,Home,St. Louis Cardinals,STL,San Francisco Giants,SFG,34,2,5,2,1.0,0,11,34,0.147,0.147,0.265,0.412,154,101,-0.338,0.59,0.133,,-2.2,24,7,8.0,1,65,18,18,9,14,4,0,51,4,2,-0.161,-5.2,34,9,12,9,10.12,4,9,41,0.353,0.436,0.529,0.965,138,94,0.162,0.6,0.527,,5.3,27,5,9.0,1,53,17,24,12,15,7,0,75,0,0,0.34,2.2
SLN/SLN201809240,"Monday, September 24, 2018",7:16 p.m. Local,Busch Stadium III,36508,3:49,Night,Away,Milwaukee Brewers,MIL,St. Louis Cardinals,STL,33,6,9,5,6.0,6,7,41,0.273,0.39,0.455,0.845,133,103,0.506,1.2,1.197,,1.8,27,5,9.0,2,60,15,28,10,17,7,0,51,3,0,-0.006,0.2,35,4,8,4,4.0,2,11,38,0.229,0.289,0.457,0.747,173,95,0.007,1.54,0.837,,-0.2,27,11,9.0,1,58,12,25,8,17,7,0,51,5,2,-0.507,-1.8
SLN/SLN201809250,"Tuesday, September 25, 2018",7:15 p.m. Local,Busch Stadium III,38051,3:29,Night,Away,Milwaukee Brewers,MIL,St. Louis Cardinals,STL,45,12,15,12,12.0,4,9,49,0.333,0.388,0.689,1.077,151,114,0.349,1.07,0.663,,7.8,27,9,9.0,1,62,19,33,17,19,8,0,44,2,1,0.15,0.2,33,4,8,4,4.0,4,7,38,0.242,0.316,0.364,0.679,156,97,-0.148,0.47,0.614,,-0.2,27,10,9.0,4,52,19,26,12,15,7,0,33,7,2,-0.351,-7.8
SLN/SLN201809260,"Wednesday, September 26, 2018",6:10 p.m. Local,Busch Stadium III,40644,3:16,Night,Away,Milwaukee Brewers,MIL,St. Louis Cardinals,STL,31,2,5,2,2.0,8,8,39,0.161,0.333,0.161,0.495,107,103,-0.161,1.56,0.549,,-2.2,27,8,9.0,0,59,19,25,14,9,7,0,62,1,0,0.66,3.2,27,1,2,1,1.0,3,9,32,0.074,0.188,0.111,0.299,178,71,-0.662,1.07,0.326,,-3.2,27,15,9.0,0,37,13,21,8,11,8,0,50,1,1,0.16,2.2
CHN/CHN201809280,"Friday, September 28, 2018",1:21 p.m. Local,Wrigley Field,39442,3:07,Day,Home,Chicago Cubs,CHC,St. Louis Cardinals,STL,35,4,9,3,2.0,2,3,39,0.257,0.316,0.343,0.659,152,87,-0.296,0.54,0.483,,-0.5,24,4,8.0,1,53,9,25,20,13,4,0,47,5,3,-0.204,-4.0,31,8,8,8,7.88,4,8,38,0.258,0.342,0.387,0.729,118,89,0.204,0.98,0.48,,4.0,27,14,9.0,0,48,15,26,10,15,6,0,60,0,0,0.296,0.5
CHN/CHN201809290,"Saturday, September 29, 2018",12:05 p.m. Local,Wrigley Field,40784,2:25,Day,Away,St. Louis Cardinals,STL,Chicago Cubs,CHC,29,2,3,2,1.0,2,11,34,0.103,0.212,0.103,0.316,104,95,-0.206,1.41,0.495,,-2.5,27,6,9.0,0,53,18,23,10,9,5,0,76,0,0,0.706,3.5,31,1,5,0,0.0,0,6,31,0.161,0.161,0.161,0.323,134,77,-0.706,1.2,0.305,,-3.5,27,11,9.0,0,42,15,20,7,18,6,0,71,0,0,0.206,2.5
CHN/CHN201809300,"Sunday, September 30, 2018",2:22 p.m. Local,Wrigley Field,39275,3:44,Day,Home,Chicago Cubs,CHC,St. Louis Cardinals,STL,36,5,11,4,4.0,5,10,44,0.306,0.419,0.417,0.835,161,115,-0.041,0.6,0.473,,0.5,24,9,8.0,1,66,22,27,11,16,7,0,34,4,3,-0.459,-6.0,35,10,12,8,9.0,6,8,41,0.343,0.439,0.629,1.068,189,97,0.46,0.64,0.78,,6.0,27,8,9.0,0,54,22,21,12,15,11,0,42,7,3,0.042,-0.5
