,date,time,venue,attendance,duration,time_of_day,winner,winning_name,winning_abbr,losing_name,losing_abbr,away_at_bats,away_runs,away_hits,away_rbi,away_earned_runs,away_bases_on_balls,away_strikeouts,away_plate_appearances,away_batting_average,away_on_base_percentage,away_slugging_percentage,away_on_base_plus,away_pitches,away_strikes,away_win_probability_for_offensive_player,away_average_leverage_index,away_win_probability_added,away_win_probability_subtracted,away_base_out_runs_added,away_putouts,away_assists,away_innings_pitched,away_home_runs,away_strikes_by_contact,away_strikes_swinging,away_strikes_looking,away_grounded_balls,away_fly_balls,away_line_drives,away_unknown_bat_type,away_game_score,away_inherited_runners,away_inherited_score,away_win_probability_by_pitcher,away_base_out_runs_saved,home_at_bats,home_runs,home_hits,home_rbi,home_earned_runs,home_bases_on_balls,home_strikeouts,home_plate_appearances,home_batting_average,home_on_base_percentage,home_slugging_percentage,home_on_base_plus,home_pitches,home_strikes,home_win_probability_for_offensive_player,home_average_leverage_index,home_win_probability_added,home_win_probability_subtracted,home_base_out_runs_added,home_putouts,home_assists,home_innings_pitched,home_home_runs,home_strikes_by_contact,home_strikes_swinging,home_strikes_looking,home_grounded_balls,home_fly_balls,home_line_drives,home_unknown_bat_type,home_game_score,home_inherited_runners,home_inherited_score,home_win_probability_by_pitcher,home_base_out_runs_saved
TEX/TEX201803290,"Thursday, March 29, 2018",2:40 p.m. Local,Globe Life Park in Arlington,47253,2:59,Day,Away,Houston Astros,HOU,Texas Rangers,TEX,30,4,6,4,4.0,6,13,37,0.2,0.324,0.467,0.791,133,85,0.038,0.88,0.495,,-1.1,27,5,9.0,0,38,19,28,8,10,3,0,67,0,0,0.463,4.1,31,1,6,0,1.0,2,9,34,0.194,0.265,0.226,0.491,145,82,-0.462,0.66,0.271,,-4.1,27,7,9.0,2,46,17,19,5,17,6,0,50,1,0,-0.036,1.1
TEX/TEX201803300,"Friday, March 30, 2018",7:09 p.m. Local,Globe Life Park in Arlington,35469,3:02,Night,Home,Texas Rangers,TEX,Houston Astros,HOU,31,1,5,1,1.0,5,6,36,0.161,0.278,0.226,0.504,137,83,-0.399,0.69,0.562,,-4.1,24,12,8.0,1,43,8,32,10,15,8,0,49,0,0,-0.101,-0.5,31,5,10,5,5.62,2,6,35,0.323,0.343,0.516,0.859,138,85,0.103,1.22,0.486,,0.5,27,9,9.0,0,45,11,29,15,12,5,0,55,3,0,0.399,4.1
TEX/TEX201803310,"Saturday, March 31, 2018",3:08 p.m. Local,Globe Life Park in Arlington,36892,3:19,Day,Away,Houston Astros,HOU,Texas Rangers,TEX,40,9,14,9,9.0,4,9,45,0.35,0.4,0.6,1.0,151,112,0.3,0.52,0.593,,3.9,27,9,9.0,1,57,15,40,9,23,12,0,61,3,0,0.201,2.1,32,3,5,3,3.0,4,13,36,0.156,0.25,0.281,0.531,183,93,-0.201,0.46,0.209,,-2.1,27,7,9.0,2,34,22,37,12,7,5,0,38,2,1,-0.298,-3.9
TEX/TEX201804010,"Sunday, April 1, 2018",2:09 p.m. Local,Globe Life Park in Arlington,26758,3:13,Day,Away,Houston Astros,HOU,Texas Rangers,TEX,39,8,13,8,8.0,2,11,43,0.333,0.372,0.513,0.885,134,123,0.241,0.66,0.839,,2.9,27,3,9.0,2,70,19,34,4,25,13,0,77,0,0,0.261,3.1,30,2,4,2,2.0,3,12,33,0.133,0.212,0.367,0.579,181,88,-0.262,0.82,0.281,,-3.1,27,1,9.0,0,37,23,28,4,14,3,0,53,2,2,-0.239,-2.9
OAK/OAK201804020,"Monday, April 2, 2018",7:07 p.m. Local,Oakland-Alameda County Coliseum,7416,3:10,Night,Home,Oakland Athletics,OAK,Texas Rangers,TEX,35,1,7,1,1.0,4,11,39,0.2,0.282,0.2,0.482,129,96,-0.448,1.26,0.725,,-3.5,24,8,8.0,1,45,24,27,10,14,7,0,57,2,2,-0.052,1.0,31,3,9,3,3.38,3,7,34,0.29,0.353,0.452,0.805,165,85,0.052,1.61,0.786,,-1.0,27,9,9.0,0,52,11,22,12,12,4,0,60,3,0,0.448,3.5
OAK/OAK201804030,"Tuesday, April 3, 2018",7:07 p.m. Local,Oakland-Alameda County Coliseum,9157,2:50,Night,Away,Texas Rangers,TEX,Oakland Athletics,OAK,32,4,10,4,4.0,2,2,34,0.312,0.353,0.469,0.822,154,74,0.133,1.03,0.468,,-0.5,27,10,9.0,1,43,9,25,16,14,6,0,63,0,0,0.366,3.5,34,1,8,1,1.0,3,13,38,0.235,0.316,0.353,0.669,133,91,-0.365,0.59,0.437,,-3.5,27,19,9.0,1,44,18,29,13,8,2,0,35,0,0,-0.134,0.5
OAK/OAK201804040,"Wednesday, April 4, 2018",7:07 p.m. Local,Oakland-Alameda County Coliseum,7908,2:23,Night,Home,Oakland Athletics,OAK,Texas Rangers,TEX,29,2,4,2,2.0,1,4,31,0.138,0.194,0.241,0.435,152,70,-0.288,0.64,0.158,,-2.5,24,9,8.0,0,37,8,25,13,12,4,0,36,4,0,-0.212,-2.0,31,6,9,5,3.38,5,10,38,0.29,0.395,0.419,0.814,103,86,0.212,0.66,0.546,,2.0,27,13,9.0,1,38,18,30,9,13,8,0,75,0,0,0.288,2.5
OAK/OAK201804050,"Thursday, April 5, 2018",12:37 p.m. Local,Oakland-Alameda County Coliseum,10132,3:10,Day,Away,Texas Rangers,TEX,Oakland Athletics,OAK,35,6,10,4,5.0,2,4,38,0.286,0.324,0.429,0.753,142,93,0.157,1.5,0.645,,1.5,27,10,9.0,0,57,14,22,15,17,8,0,37,4,1,0.343,1.5,35,3,12,3,3.0,2,5,40,0.343,0.375,0.371,0.746,136,89,-0.344,0.75,0.783,,-1.5,27,11,9.0,1,60,8,21,14,18,9,0,45,3,0,-0.158,-1.5
TEX/TEX201804060,"Friday, April 6, 2018",7:41 p.m. Local,Globe Life Park in Arlington,21670,3:06,Night,Away,Toronto Blue Jays,TOR,Texas Rangers,TEX,34,8,9,7,7.0,6,7,43,0.265,0.372,0.471,0.843,162,94,0.255,0.6,0.542,,2.9,27,10,9.0,1,56,13,25,12,17,3,0,64,1,1,0.246,0.1,38,5,13,5,5.0,1,8,39,0.342,0.359,0.5,0.859,170,105,-0.246,0.61,0.297,,-0.1,27,5,9.0,2,63,19,23,11,19,9,0,25,2,2,-0.255,-2.9
TEX/TEX201804070,"Saturday, April 7, 2018",7:08 p.m. Local,Globe Life Park in Arlington,26229,2:37,Night,Home,Texas Rangers,TEX,Toronto Blue Jays,TOR,27,1,2,1,1.0,3,9,30,0.074,0.167,0.259,0.426,143,77,-0.38,0.88,0.219,,-4.1,24,9,8.0,0,39,14,24,8,10,3,0,30,1,1,-0.121,-0.5,30,5,8,5,5.62,5,6,36,0.267,0.361,0.333,0.694,129,76,0.122,0.76,0.646,,0.5,27,9,9.0,1,43,9,24,14,11,5,0,69,0,0,0.378,4.1
TEX/TEX201804080,"Sunday, April 8, 2018",2:09 p.m. Local,Globe Life Park in Arlington,26902,3:16,Day,Away,Toronto Blue Jays,TOR,Texas Rangers,TEX,37,7,11,7,5.0,2,10,39,0.297,0.333,0.486,0.82,179,99,0.266,1.0,0.545,,1.9,27,4,9.0,1,55,22,24,16,11,4,0,49,5,1,0.234,1.1,35,4,9,4,4.0,5,9,42,0.257,0.366,0.457,0.823,147,112,-0.234,0.46,0.52,,-1.1,27,10,9.0,2,61,16,35,10,17,4,0,31,1,1,-0.267,-1.9
TEX/TEX201804090,"Monday, April 9, 2018",7:08 p.m. Local,Globe Life Park in Arlington,16718,3:28,Night,Away,Los Angeles Angels,LAA,Texas Rangers,TEX,40,8,13,8,7.0,2,7,43,0.325,0.372,0.425,0.797,161,100,0.228,1.21,0.663,,2.9,27,9,9.0,1,60,11,29,16,17,12,0,52,3,0,0.272,2.1,35,3,8,3,3.0,6,10,41,0.229,0.341,0.343,0.684,162,94,-0.272,0.7,0.62,,-2.1,27,11,9.0,1,44,16,34,15,10,4,0,48,5,2,-0.227,-2.9
TEX/TEX201804100,"Tuesday, April 10, 2018",7:08 p.m. Local,Globe Life Park in Arlington,18697,3:07,Night,Away,Los Angeles Angels,LAA,Texas Rangers,TEX,41,11,18,10,11.0,4,6,46,0.439,0.478,0.61,1.088,166,99,0.415,0.49,0.608,,5.9,27,3,9.0,0,58,15,26,13,23,10,0,56,0,0,0.085,4.1,35,1,7,1,1.0,4,10,39,0.2,0.282,0.229,0.511,174,102,-0.085,0.36,0.227,,-4.1,27,11,9.0,2,51,18,33,7,18,6,0,7,2,2,-0.415,-5.9
TEX/TEX201804110,"Wednesday, April 11, 2018",7:08 p.m. Local,Globe Life Park in Arlington,20363,3:27,Night,Away,Los Angeles Angels,LAA,Texas Rangers,TEX,34,7,9,7,5.0,6,2,43,0.265,0.395,0.382,0.778,152,94,0.18,0.76,0.677,,1.9,27,5,9.0,1,55,11,28,9,24,11,0,61,3,0,0.32,3.1,32,2,5,2,2.0,6,9,40,0.156,0.325,0.25,0.575,164,93,-0.32,0.68,0.311,,-3.1,27,7,9.0,0,49,11,33,6,17,7,0,40,3,2,-0.18,-1.9
HOU/HOU201804130,"Friday, April 13, 2018",7:10 p.m. Local,Minute Maid Park,32129,2:50,Night,Home,Houston Astros,HOU,Texas Rangers,TEX,33,2,6,2,2.0,1,17,36,0.182,0.25,0.364,0.614,141,93,-0.396,0.94,0.744,,-2.5,24,10,8.0,2,50,18,25,5,11,3,0,57,1,0,-0.103,1.0,33,3,8,2,2.25,3,9,36,0.242,0.306,0.424,0.73,129,86,0.104,1.59,0.709,,-1.0,27,4,9.0,2,46,14,26,12,12,6,0,76,2,0,0.397,2.6
HOU/HOU201804140,"Saturday, April 14, 2018",3:06 p.m. Local,Minute Maid Park,40679,3:26,Day,Away,Texas Rangers,TEX,Houston Astros,HOU,40,6,11,6,5.4,3,15,43,0.275,0.326,0.625,0.951,183,109,0.234,1.55,1.076,,0.9,30,11,10.0,1,50,25,34,13,12,6,0,38,2,0,0.266,0.1,38,5,8,5,4.5,3,7,42,0.211,0.286,0.342,0.628,175,114,-0.267,1.23,0.892,,-0.1,30,9,10.0,4,74,13,27,15,16,7,0,63,0,0,-0.234,-0.9
HOU/HOU201804150,"Sunday, April 15, 2018",7:08 p.m. Local,Minute Maid Park,31803,3:06,Night,Away,Texas Rangers,TEX,Houston Astros,HOU,35,3,5,3,2.7,1,12,37,0.143,0.189,0.286,0.475,148,99,-0.031,1.75,0.629,,-2.1,30,10,10.0,0,46,20,33,5,18,4,0,79,1,0,0.532,4.1,33,1,3,1,0.9,2,10,36,0.091,0.139,0.121,0.26,141,96,-0.53,1.0,0.64,,-4.1,30,5,10.0,1,49,13,34,13,11,4,0,86,0,0,0.032,2.1
TBA/TBA201804160,"Monday, April 16, 2018",7:10 p.m. Local,Tropicana Field,9363,2:49,Night,Home,Tampa Bay Rays,TBR,Texas Rangers,TEX,34,4,8,4,4.0,1,11,35,0.235,0.257,0.412,0.669,144,97,-0.148,0.48,0.114,,-0.5,24,7,8.0,2,46,19,32,5,18,7,0,13,0,0,-0.352,-4.0,37,8,13,6,7.88,4,8,41,0.351,0.415,0.568,0.982,144,94,0.352,0.37,0.519,,4.0,27,4,9.0,2,60,8,26,16,13,5,0,68,1,0,0.148,0.5
TBA/TBA201804170,"Tuesday, April 17, 2018",7:10 p.m. Local,Tropicana Field,8972,2:44,Night,Away,Texas Rangers,TEX,Tampa Bay Rays,TBR,37,7,12,7,7.0,4,5,44,0.324,0.364,0.459,0.823,119,91,0.292,0.83,0.626,,2.5,27,13,9.0,1,54,13,24,15,20,13,0,69,0,0,0.208,2.5,31,2,7,1,1.0,2,8,35,0.226,0.314,0.323,0.637,143,81,-0.208,0.69,0.399,,-2.5,27,10,9.0,1,44,13,24,14,9,5,0,31,0,0,-0.292,-2.5
TBA/TBA201804180,"Wednesday, April 18, 2018",1:10 p.m. Local,Tropicana Field,8657,2:36,Day,Home,Tampa Bay Rays,TBR,Texas Rangers,TEX,32,2,6,2,2.0,3,11,35,0.188,0.257,0.313,0.57,114,81,-0.333,0.94,0.438,,-2.5,24,6,8.0,0,43,16,22,7,14,5,0,47,2,0,-0.167,-0.0,33,4,9,4,4.5,0,6,35,0.273,0.286,0.394,0.68,126,78,0.166,1.07,0.682,,0.0,27,9,9.0,1,50,10,18,14,14,6,0,63,0,0,0.333,2.5
TEX/TEX201804200,"Friday, April 20, 2018",7:10 p.m. Local,Globe Life Park in Arlington,27811,3:20,Night,Away,Seattle Mariners,SEA,Texas Rangers,TEX,38,6,14,6,6.0,2,9,43,0.368,0.415,0.579,0.994,150,112,0.269,1.23,1.302,,0.9,27,13,9.0,0,65,22,25,17,14,8,0,55,4,1,0.232,3.1,31,2,6,2,2.0,3,11,36,0.194,0.306,0.226,0.531,173,91,-0.231,1.51,0.553,,-3.1,27,11,9.0,1,42,13,36,11,9,7,0,57,3,1,-0.269,-0.9
TEX/TEX201804210,"Saturday, April 21, 2018",8:30 p.m. Local,Globe Life Park in Arlington,39016,3:29,Night,Away,Seattle Mariners,SEA,Texas Rangers,TEX,37,9,13,9,9.0,2,5,41,0.351,0.39,0.649,1.039,207,88,0.665,1.45,1.265,,3.9,27,9,9.0,0,54,12,22,15,18,8,0,33,2,0,-0.165,-1.9,36,7,10,7,7.0,8,9,47,0.278,0.413,0.444,0.857,134,132,0.166,1.05,1.216,,1.9,27,11,9.0,3,79,18,35,14,15,5,0,40,2,0,-0.664,-3.9
TEX/TEX201804220,"Sunday, April 22, 2018",2:08 p.m. Local,Globe Life Park in Arlington,33661,2:55,Day,Home,Texas Rangers,TEX,Seattle Mariners,SEA,39,4,10,4,3.0,3,9,43,0.256,0.326,0.462,0.787,111,94,-0.263,0.65,1.093,,-1.1,24,11,8.0,2,48,19,27,16,14,7,0,34,1,0,-0.237,-2.5,32,7,8,7,7.88,3,4,36,0.25,0.333,0.531,0.865,160,72,0.237,1.67,0.572,,2.5,27,8,9.0,1,46,9,17,14,14,9,0,53,1,0,0.263,1.1
TEX/TEX201804230,"Monday, April 23, 2018",7:07 p.m. Local,Globe Life Park in Arlington,17060,3:20,Night,Away,Oakland Athletics,OAK,Texas Rangers,TEX,38,9,14,9,9.0,7,4,46,0.368,0.478,0.632,1.11,147,98,0.253,1.03,1.397,,3.9,27,11,9.0,1,62,11,25,15,19,8,0,51,0,0,0.245,1.1,32,4,7,3,4.0,2,9,34,0.219,0.265,0.406,0.671,161,97,-0.246,1.35,0.6,,-1.1,27,10,9.0,1,50,18,29,9,14,5,0,41,6,2,-0.254,-3.9
TEX/TEX201804240,"Tuesday, April 24, 2018",7:07 p.m. Local,Globe Life Park in Arlington,19391,3:07,Night,Away,Oakland Athletics,OAK,Texas Rangers,TEX,33,3,8,3,3.0,4,8,41,0.242,0.39,0.455,0.845,129,95,-0.045,1.66,0.904,,-2.1,27,7,9.0,0,55,15,25,7,18,6,0,65,1,1,0.544,3.1,31,2,6,2,2.0,2,8,35,0.194,0.257,0.226,0.483,155,89,-0.544,1.23,0.544,,-3.1,27,9,9.0,1,57,8,24,9,15,7,0,58,1,1,0.045,2.1
TEX/TEX201804250,"Wednesday, April 25, 2018",7:07 p.m. Local,Globe Life Park in Arlington,19121,2:59,Night,Home,Texas Rangers,TEX,Oakland Athletics,OAK,31,2,4,2,2.0,3,8,34,0.129,0.206,0.226,0.432,149,97,-0.441,1.17,0.475,,-3.1,24,9,8.0,0,58,8,31,10,13,4,0,51,0,0,-0.059,0.5,32,4,8,4,4.5,5,11,37,0.25,0.351,0.344,0.695,151,86,0.059,1.04,0.782,,-0.5,27,10,9.0,1,41,16,29,13,8,6,0,48,1,0,0.441,3.1
TOR/TOR201804270,"Friday, April 27, 2018",7:08 p.m. Local,Rogers Centre,26312,2:50,Night,Away,Texas Rangers,TEX,Toronto Blue Jays,TOR,34,6,10,6,6.0,2,7,38,0.294,0.333,0.441,0.775,129,91,0.269,1.2,0.757,,1.5,27,12,9.0,0,53,13,25,12,17,7,0,42,1,0,0.232,0.5,36,4,10,4,4.0,1,5,38,0.278,0.316,0.472,0.788,141,85,-0.231,0.95,0.725,,-0.5,27,11,9.0,1,51,15,19,14,17,9,0,31,1,0,-0.268,-1.5
TOR/TOR201804280,"Saturday, April 28, 2018",4:08 p.m. Local,Rogers Centre,39176,3:00,Day,Away,Texas Rangers,TEX,Toronto Blue Jays,TOR,36,7,9,5,5.0,5,12,41,0.25,0.341,0.583,0.925,130,105,0.27,0.61,0.569,,2.5,27,13,9.0,3,50,21,34,11,13,4,0,55,1,0,0.23,0.5,34,4,7,4,4.0,1,4,35,0.206,0.229,0.559,0.787,173,84,-0.231,0.47,0.228,,-0.5,27,10,9.0,3,50,11,23,13,17,4,0,44,0,0,-0.269,-2.5
TOR/TOR201804290,"Sunday, April 29, 2018",1:08 p.m. Local,Rogers Centre,31669,2:37,Day,Home,Toronto Blue Jays,TOR,Texas Rangers,TEX,32,2,6,2,2.0,0,12,32,0.188,0.188,0.344,0.531,132,86,-0.195,0.61,0.305,,-2.5,24,12,8.0,3,42,15,29,10,10,3,0,34,2,2,-0.306,-3.0,28,7,9,7,6.75,5,5,36,0.321,0.417,0.679,1.095,123,79,0.305,0.74,0.62,,3.0,27,7,9.0,1,52,9,18,13,12,3,0,68,0,0,0.195,2.5
CLE/CLE201804300,"Monday, April 30, 2018",6:10 p.m. Local,Progressive Field,12851,3:56,Night,Home,Cleveland Indians,CLE,Texas Rangers,TEX,35,5,9,5,5.0,5,14,41,0.257,0.366,0.429,0.794,163,116,0.254,1.7,1.217,,0.3,24,7,8.0,0,55,23,38,13,8,3,0,58,6,2,-0.754,-2.8,35,7,12,6,6.75,4,11,41,0.343,0.425,0.4,0.825,189,99,0.755,1.57,1.638,,2.8,27,10,9.0,1,54,21,24,13,12,8,0,66,3,0,-0.254,-0.3
CLE/CLE201805010,"Tuesday, May 1, 2018",6:11 p.m. Local,Progressive Field,16356,4:05,Night,Away,Texas Rangers,TEX,Cleveland Indians,CLE,51,8,15,8,6.0,2,16,54,0.294,0.333,0.608,0.941,186,137,0.222,1.38,1.248,,1.7,36,21,12.0,1,71,26,40,16,19,10,0,60,2,0,0.28,0.3,48,6,13,6,3.0,3,7,52,0.271,0.327,0.396,0.723,203,114,-0.279,1.05,1.212,,-0.3,36,7,12.0,4,68,15,31,23,17,12,1,54,2,1,-0.219,-1.7
CLE/CLE201805020,"Wednesday, May 2, 2018",1:11 p.m. Local,Progressive Field,15637,2:41,Day,Home,Cleveland Indians,CLE,Texas Rangers,TEX,33,4,8,4,4.0,1,7,34,0.242,0.265,0.545,0.81,159,88,-0.052,0.25,0.115,,-0.7,24,5,8.0,5,53,11,24,14,12,5,0,-1,0,0,-0.451,-7.8,38,12,15,12,13.5,2,5,42,0.395,0.429,0.947,1.376,134,103,0.45,0.23,0.52,,7.8,27,14,9.0,3,61,20,22,9,25,9,0,59,0,0,0.05,0.7
TEX/TEX201805030,"Thursday, May 3, 2018",7:14 p.m. Local,Globe Life Park in Arlington,22348,3:20,Night,Home,Texas Rangers,TEX,Boston Red Sox,BOS,36,5,9,5,5.0,4,6,41,0.25,0.317,0.389,0.706,157,88,0.025,0.6,0.511,,-0.1,24,7,8.0,1,56,12,20,18,13,4,0,19,5,3,-0.524,-6.5,35,11,11,10,9.0,3,9,40,0.314,0.375,0.514,0.889,148,96,0.523,0.73,0.786,,6.5,27,11,9.0,1,56,18,22,14,13,8,0,47,1,0,-0.023,0.1
TEX/TEX201805040,"Friday, May 4, 2018",7:08 p.m. Local,Globe Life Park in Arlington,31404,2:36,Night,Away,Boston Red Sox,BOS,Texas Rangers,TEX,34,5,7,5,5.0,1,7,35,0.206,0.229,0.588,0.817,146,91,0.117,0.85,0.524,,-0.1,27,6,9.0,1,55,8,28,11,16,8,0,69,0,0,0.383,4.1,30,1,4,1,1.0,1,12,31,0.133,0.161,0.267,0.428,130,95,-0.383,0.6,0.271,,-4.1,27,7,9.0,4,57,14,24,6,12,7,0,55,0,0,-0.117,0.1
TEX/TEX201805050,"Saturday, May 5, 2018",7:07 p.m. Local,Globe Life Park in Arlington,35728,3:18,Night,Away,Boston Red Sox,BOS,Texas Rangers,TEX,35,6,9,5,5.0,3,6,40,0.257,0.308,0.457,0.765,160,94,0.325,1.34,1.32,,0.9,27,4,9.0,3,52,18,24,16,15,4,0,52,3,0,0.174,0.1,33,5,6,5,5.0,3,17,36,0.182,0.25,0.485,0.735,152,104,-0.175,1.5,0.813,,-0.1,27,10,9.0,1,55,22,27,6,10,2,0,55,2,1,-0.326,-0.9
TEX/TEX201805060,"Sunday, May 6, 2018",2:08 p.m. Local,Globe Life Park in Arlington,28360,2:33,Day,Away,Boston Red Sox,BOS,Texas Rangers,TEX,36,6,10,6,6.0,2,7,39,0.278,0.333,0.5,0.833,127,95,0.134,0.95,0.569,,0.9,27,9,9.0,1,55,10,30,17,12,6,0,76,0,0,0.366,4.1,32,1,5,1,1.0,1,14,35,0.156,0.229,0.25,0.479,144,87,-0.366,0.61,0.338,,-4.1,27,11,9.0,2,35,29,23,13,5,2,0,34,0,0,-0.134,-0.9
TEX/TEX201805070,"Monday, May 7, 2018",7:08 p.m. Local,Globe Life Park in Arlington,20057,3:08,Night,Home,Texas Rangers,TEX,Detroit Tigers,DET,41,6,13,5,5.0,3,9,44,0.317,0.364,0.488,0.851,140,103,0.011,1.01,1.068,,0.9,24,9,8.0,1,68,14,21,10,22,11,0,45,2,2,-0.511,-2.5,31,7,7,7,5.62,4,10,35,0.226,0.314,0.452,0.766,152,90,0.513,1.26,1.08,,2.5,27,8,9.0,1,52,20,18,11,10,4,0,34,0,0,-0.011,-0.9
TEX/TEX201805080,"Tuesday, May 8, 2018",7:08 p.m. Local,Globe Life Park in Arlington,18634,3:04,Night,Away,Detroit Tigers,DET,Texas Rangers,TEX,34,7,9,7,6.0,3,5,40,0.265,0.35,0.588,0.938,150,96,0.284,1.01,0.543,,1.9,27,9,9.0,1,61,12,23,12,18,6,0,53,5,1,0.216,1.1,36,4,11,4,4.0,1,11,37,0.306,0.324,0.417,0.741,150,94,-0.215,0.42,0.52,,-1.1,27,10,9.0,3,46,19,29,12,13,6,0,47,0,0,-0.284,-1.9
TEX/TEX201805090,"Wednesday, May 9, 2018",1:09 p.m. Local,Globe Life Park in Arlington,30387,3:22,Day,Home,Texas Rangers,TEX,Detroit Tigers,DET,39,4,10,4,2.7,3,14,44,0.256,0.302,0.462,0.764,149,115,-0.334,1.64,1.127,,-1.6,27,12,9.0,2,61,22,32,15,12,6,0,41,2,0,-0.165,0.1,27,5,7,5,5.0,7,8,39,0.259,0.432,0.556,0.988,188,82,0.165,1.71,1.358,,-0.1,30,10,10.0,1,38,19,25,11,11,4,0,48,4,0,0.334,1.6
HOU/HOU201805110,"Friday, May 11, 2018",7:10 p.m. Local,Minute Maid Park,34297,3:08,Night,Away,Texas Rangers,TEX,Houston Astros,HOU,30,1,5,1,1.0,2,11,33,0.167,0.212,0.233,0.445,147,101,-0.31,1.71,0.385,,-3.6,27,10,9.0,0,54,18,29,7,13,8,0,72,1,0,0.81,4.6,27,0,1,0,0.0,5,8,34,0.037,0.235,0.037,0.272,143,88,-0.809,1.15,0.432,,-4.5,27,7,9.0,0,45,16,27,10,9,3,0,67,5,1,0.309,3.6
HOU/HOU201805120,"Saturday, May 12, 2018",6:10 p.m. Local,Minute Maid Park,36482,2:37,Night,Home,Houston Astros,HOU,Texas Rangers,TEX,31,1,4,1,1.0,0,16,31,0.129,0.129,0.29,0.419,132,84,-0.383,0.68,0.222,,-3.6,24,13,8.0,3,37,24,23,12,3,2,0,54,2,1,-0.117,-2.0,30,6,8,5,5.62,3,4,34,0.267,0.353,0.667,1.02,132,74,0.117,0.85,0.599,,2.0,27,8,9.0,1,47,6,21,13,13,1,0,79,0,0,0.382,3.6
HOU/HOU201805130,"Sunday, May 13, 2018",1:11 p.m. Local,Minute Maid Park,39405,2:52,Day,Home,Houston Astros,HOU,Texas Rangers,TEX,33,1,6,1,1.0,1,12,34,0.182,0.206,0.303,0.509,162,92,-0.351,0.57,0.106,,-3.6,24,7,8.0,2,45,18,29,10,11,5,0,37,3,1,-0.148,-2.0,35,6,9,6,5.62,4,9,40,0.257,0.325,0.486,0.811,141,105,0.149,0.61,0.486,,2.0,27,7,9.0,1,55,18,32,13,14,5,0,78,2,0,0.352,3.6
SEA/SEA201805150,"Tuesday, May 15, 2018",7:10 p.m. Local,Safeco Field,14670,4:26,Night,Home,Seattle Mariners,SEA,Texas Rangers,TEX,44,8,12,7,5.73,5,7,51,0.273,0.36,0.409,0.769,224,133,0.444,1.43,1.864,,2.7,31,6,10.1,1,83,17,33,20,18,8,0,23,3,0,-0.943,-4.6,44,9,15,8,6.97,4,12,53,0.341,0.42,0.523,0.943,192,143,0.943,1.83,1.908,,4.6,33,13,11.0,1,84,25,34,13,22,11,0,30,3,0,-0.443,-2.7
SEA/SEA201805160,"Wednesday, May 16, 2018",12:40 p.m. Local,Safeco Field,20629,2:52,Day,Away,Texas Rangers,TEX,Seattle Mariners,SEA,36,5,7,3,1.0,3,10,39,0.194,0.256,0.25,0.506,124,96,-0.081,1.3,0.706,,0.7,27,12,9.0,1,54,25,17,13,13,5,0,74,3,0,0.58,3.3,32,1,6,1,1.0,1,3,33,0.188,0.212,0.313,0.525,144,86,-0.581,1.14,0.292,,-3.3,27,8,9.0,0,53,5,28,14,15,6,0,78,5,4,0.08,-0.7
CHA/CHA201805170,"Thursday, May 17, 2018",7:10 p.m. Local,Guaranteed Rate Field,17666,2:54,Night,Home,Chicago White Sox,CHW,Texas Rangers,TEX,32,2,6,2,2.0,3,9,37,0.188,0.278,0.25,0.528,133,81,-0.231,1.82,0.598,,-2.5,24,9,8.0,0,48,13,20,13,11,5,0,69,3,2,-0.268,0.0,31,4,8,3,0.0,3,5,34,0.258,0.324,0.29,0.614,130,81,0.269,1.25,1.18,,-0.0,27,9,9.0,0,41,12,31,9,17,12,0,73,0,0,0.232,2.5
CHA/CHA201805180,"Friday, May 18, 2018",7:11 p.m. Local,Guaranteed Rate Field,16373,3:52,Night,Away,Texas Rangers,TEX,Chicago White Sox,CHW,35,12,10,12,11.0,5,8,44,0.286,0.395,0.4,0.795,183,116,0.565,0.83,0.866,,7.5,27,9,9.0,0,65,14,37,17,12,7,0,35,2,2,-0.065,-0.5,37,5,9,5,4.0,4,9,42,0.243,0.333,0.324,0.658,183,122,0.065,0.75,0.628,,0.5,27,13,9.0,1,70,24,28,13,15,6,0,15,3,3,-0.565,-7.5
CHA/CHA201805190,"Saturday, May 19, 2018",6:10 p.m. Local,Guaranteed Rate Field,25611,2:58,Night,Home,Chicago White Sox,CHW,Texas Rangers,TEX,31,3,5,3,2.0,2,8,36,0.161,0.25,0.258,0.508,131,90,-0.287,0.96,0.517,,-1.5,24,13,8.0,1,51,15,24,9,15,6,0,36,2,0,-0.213,-1.0,32,5,8,5,5.62,4,4,36,0.25,0.333,0.5,0.833,144,85,0.212,1.17,0.762,,1.0,27,11,9.0,0,56,8,21,15,13,6,0,55,0,0,0.289,1.5
CHA/CHA201805200,"Sunday, May 20, 2018",1:10 p.m. Local,Guaranteed Rate Field,16829,2:28,Day,Home,Chicago White Sox,CHW,Texas Rangers,TEX,30,0,2,0,0.0,2,10,32,0.067,0.125,0.1,0.225,127,77,-0.417,0.51,0.165,,-4.5,24,5,8.0,1,41,14,22,10,10,5,0,52,0,0,-0.082,1.0,31,3,8,3,3.38,0,13,31,0.258,0.258,0.387,0.645,121,90,0.082,0.81,0.348,,-1.0,27,9,9.0,0,45,19,26,8,10,3,0,84,0,0,0.418,4.5
TEX/TEX201805210,"Monday, May 21, 2018",7:09 p.m. Local,Globe Life Park in Arlington,29553,3:07,Night,Away,New York Yankees,NYY,Texas Rangers,TEX,39,10,12,10,10.0,3,8,44,0.308,0.364,0.821,1.184,139,110,0.498,1.0,0.986,,4.9,27,13,9.0,3,60,16,34,15,17,8,0,44,0,0,0.004,0.1,31,5,5,5,5.0,5,6,37,0.161,0.297,0.484,0.781,173,83,-0.003,0.71,0.695,,-0.1,27,11,9.0,5,42,19,22,15,10,2,0,31,0,0,-0.496,-4.9
TEX/TEX201805220,"Tuesday, May 22, 2018",7:07 p.m. Local,Globe Life Park in Arlington,30325,3:07,Night,Home,Texas Rangers,TEX,New York Yankees,NYY,34,4,7,4,4.0,2,8,37,0.206,0.27,0.471,0.741,171,86,-0.239,0.41,0.284,,-1.1,24,8,8.0,2,47,16,23,10,16,4,0,32,2,0,-0.261,-1.5,28,6,6,5,6.75,8,12,38,0.214,0.405,0.429,0.834,141,98,0.261,0.69,0.437,,1.5,27,6,9.0,3,43,21,34,11,6,3,0,66,0,0,0.239,1.1
TEX/TEX201805230,"Wednesday, May 23, 2018",6:07 p.m. Local,Globe Life Park in Arlington,31304,3:20,Night,Home,Texas Rangers,TEX,New York Yankees,NYY,43,10,14,10,8.0,1,9,45,0.326,0.356,0.674,1.03,162,114,0.403,1.18,1.153,,4.9,24,5,8.0,2,62,17,35,17,17,2,0,21,3,2,-0.905,-7.5,36,12,11,12,13.5,5,9,41,0.306,0.39,0.556,0.946,171,107,0.905,1.07,1.603,,7.5,27,7,9.0,4,57,17,33,11,16,9,0,14,0,0,-0.404,-4.9
TEX/TEX201805240,"Thursday, May 24, 2018",7:08 p.m. Local,Globe Life Park in Arlington,23230,2:53,Night,Away,Kansas City Royals,KCR,Texas Rangers,TEX,37,8,11,6,6.0,2,8,42,0.297,0.366,0.351,0.717,146,96,0.164,0.51,0.5,,2.9,27,9,9.0,0,49,24,23,16,14,9,0,70,1,0,0.335,3.1,29,2,5,2,1.0,3,8,32,0.172,0.25,0.241,0.491,152,94,-0.338,0.56,0.111,,-3.1,27,11,9.0,0,52,14,28,9,12,5,0,42,2,2,-0.164,-2.9
TEX/TEX201805250,"Friday, May 25, 2018",7:08 p.m. Local,Globe Life Park in Arlington,35105,3:07,Night,Home,Texas Rangers,TEX,Kansas City Royals,KCR,37,4,10,4,4.0,3,8,40,0.27,0.325,0.514,0.839,169,100,-0.125,0.72,0.648,,-1.1,24,5,8.0,3,57,16,27,12,17,4,0,27,1,0,-0.377,-3.5,35,8,10,8,9.0,5,7,40,0.286,0.375,0.714,1.089,154,96,0.377,0.93,0.86,,3.5,27,9,9.0,2,65,11,20,11,17,6,0,45,3,1,0.123,1.1
TEX/TEX201805260,"Saturday, May 26, 2018",3:06 p.m. Local,Globe Life Park in Arlington,29644,2:59,Day,Home,Texas Rangers,TEX,Kansas City Royals,KCR,35,3,6,3,2.7,3,5,38,0.171,0.237,0.229,0.465,157,84,-0.523,1.44,0.578,,-2.6,27,14,9.0,1,51,12,21,13,17,10,0,50,0,0,0.023,1.1,33,4,8,4,4.0,4,6,38,0.242,0.324,0.485,0.809,134,95,-0.021,1.34,1.055,,-1.1,30,11,10.0,0,63,10,22,13,15,5,0,57,0,0,0.524,2.6
TEX/TEX201805270,"Sunday, May 27, 2018",2:08 p.m. Local,Globe Life Park in Arlington,31898,3:00,Day,Away,Kansas City Royals,KCR,Texas Rangers,TEX,34,5,9,5,5.0,3,2,37,0.265,0.324,0.441,0.766,160,82,0.169,1.35,0.473,,-0.1,27,5,9.0,2,56,9,17,19,13,7,0,68,2,0,0.331,2.1,34,3,9,3,3.0,3,11,37,0.265,0.324,0.529,0.854,128,101,-0.331,0.51,0.711,,-2.1,27,14,9.0,2,55,18,28,10,13,4,0,36,3,0,-0.169,0.1
SEA/SEA201805280,"Monday, May 28, 2018",1:10 p.m. Local,Safeco Field,26236,2:32,Day,Home,Seattle Mariners,SEA,Texas Rangers,TEX,28,1,5,0,0.0,5,7,33,0.179,0.303,0.179,0.482,107,84,-0.549,1.12,0.45,,-3.3,24,14,8.0,0,43,13,28,8,13,6,0,53,2,0,0.049,1.8,28,2,6,2,2.25,2,2,32,0.214,0.29,0.214,0.505,136,64,-0.051,1.43,0.598,,-1.8,27,13,9.0,0,41,5,20,18,9,5,0,64,1,0,0.55,3.3
SEA/SEA201805290,"Tuesday, May 29, 2018",7:10 p.m. Local,Safeco Field,13259,3:40,Night,Away,Texas Rangers,TEX,Seattle Mariners,SEA,37,9,12,7,9.0,8,12,47,0.324,0.468,0.541,1.009,166,105,0.719,1.43,1.585,,4.7,27,8,9.0,1,53,21,31,12,13,9,0,35,4,0,-0.219,-0.7,39,5,12,5,5.0,0,9,41,0.308,0.341,0.462,0.803,190,111,0.22,1.5,0.97,,0.7,27,9,9.0,1,70,17,24,9,21,16,0,37,5,4,-0.72,-4.7
SEA/SEA201805300,"Wednesday, May 30, 2018",7:10 p.m. Local,Safeco Field,13070,3:17,Night,Away,Texas Rangers,TEX,Seattle Mariners,SEA,35,7,11,7,6.0,7,11,44,0.314,0.442,0.429,0.87,160,105,0.617,1.36,1.535,,2.7,27,7,9.0,0,61,19,25,8,17,8,0,38,1,1,-0.116,-1.7,38,6,13,4,5.0,2,11,41,0.342,0.366,0.526,0.892,164,107,0.115,1.5,1.082,,1.7,27,4,9.0,0,61,22,24,12,16,9,0,52,5,4,-0.617,-2.7
SEA/SEA201805310,"Thursday, May 31, 2018",7:10 p.m. Local,Safeco Field,15630,2:53,Night,Home,Seattle Mariners,SEA,Texas Rangers,TEX,33,1,8,1,1.0,2,8,35,0.242,0.286,0.364,0.649,140,97,-0.257,0.52,0.372,,-3.3,24,11,8.0,1,49,16,32,9,16,7,0,37,0,0,-0.243,-2.2,32,6,11,6,5.62,3,3,37,0.344,0.378,0.531,0.91,148,84,0.243,0.85,0.52,,2.2,27,7,9.0,1,55,8,21,16,15,8,0,57,0,0,0.257,3.3
ANA/ANA201806010,"Friday, June 1, 2018",7:08 p.m. Local,Angel Stadium of Anaheim,33511,2:37,Night,Home,Los Angeles Angels,LAA,Texas Rangers,TEX,33,0,8,0,0.0,2,7,35,0.242,0.286,0.333,0.619,128,83,-0.194,0.33,0.148,,-4.5,24,7,8.0,2,41,20,22,13,13,5,0,22,0,0,-0.306,-2.0,35,6,11,6,6.75,2,8,37,0.314,0.351,0.543,0.894,132,87,0.307,0.45,0.477,,2.0,27,9,9.0,0,46,10,31,8,19,10,0,69,3,0,0.193,4.5
ANA/ANA201806020,"Saturday, June 2, 2018",6:27 p.m. Local,Angel Stadium of Anaheim,44603,3:21,Night,Away,Texas Rangers,TEX,Los Angeles Angels,LAA,32,3,4,3,1.8,4,13,37,0.125,0.216,0.156,0.372,138,100,0.039,1.1,1.042,,-2.0,30,6,10.0,2,44,29,27,10,10,5,0,66,2,0,0.462,3.0,35,2,6,2,1.8,1,12,38,0.171,0.237,0.4,0.637,162,93,-0.462,1.98,0.454,,-3.0,30,11,10.0,0,47,28,18,8,15,4,0,81,1,0,-0.038,2.0
ANA/ANA201806030,"Sunday, June 3, 2018",1:07 p.m. Local,Angel Stadium of Anaheim,33541,2:39,Day,Home,Los Angeles Angels,LAA,Texas Rangers,TEX,31,1,5,1,1.0,7,10,38,0.161,0.316,0.323,0.638,111,108,-0.463,0.53,0.453,,-3.5,24,12,8.0,1,56,20,32,7,14,3,0,53,0,0,-0.037,1.0,28,3,4,3,3.38,0,2,28,0.143,0.143,0.286,0.429,174,78,0.037,1.21,0.311,,-1.0,27,7,9.0,1,49,6,23,14,12,4,0,67,0,0,0.464,3.5
TEX/TEX201806050,"Tuesday, June 5, 2018",7:08 p.m. Local,Globe Life Park in Arlington,19470,2:52,Night,Home,Texas Rangers,TEX,Oakland Athletics,OAK,37,4,10,4,4.0,3,6,41,0.27,0.341,0.432,0.774,140,99,-0.041,1.02,0.602,,-1.1,24,9,8.0,5,69,12,18,14,17,5,0,50,1,0,-0.459,-2.5,31,7,8,7,7.88,6,5,37,0.258,0.378,0.742,1.12,148,76,0.46,0.89,1.148,,2.5,27,9,9.0,1,44,8,24,11,15,5,0,44,2,0,0.04,1.1
TEX/TEX201806060,"Wednesday, June 6, 2018",7:06 p.m. Local,Globe Life Park in Arlington,22335,3:05,Night,Home,Texas Rangers,TEX,Oakland Athletics,OAK,36,2,11,2,2.0,2,3,38,0.306,0.342,0.444,0.787,155,93,-0.232,0.33,0.209,,-3.1,24,9,8.0,4,62,7,24,16,17,7,0,28,3,2,-0.267,-3.5,29,8,7,8,9.0,6,7,35,0.241,0.371,0.69,1.061,158,91,0.269,0.56,0.485,,3.5,27,13,9.0,1,52,12,27,9,13,5,0,46,2,0,0.232,3.1
TEX/TEX201806070,"Thursday, June 7, 2018",7:45 p.m. Local,Globe Life Park in Arlington,30236,2:36,Night,Away,Houston Astros,HOU,Texas Rangers,TEX,34,5,9,5,5.0,2,5,36,0.265,0.306,0.471,0.776,151,81,0.137,0.96,0.624,,-0.1,27,6,9.0,0,41,15,25,9,20,10,0,67,2,0,0.365,3.1,34,2,8,2,2.0,3,10,37,0.235,0.297,0.294,0.591,124,105,-0.363,0.67,0.39,,-3.1,27,9,9.0,2,55,15,35,9,15,5,0,47,0,0,-0.137,0.1
TEX/TEX201806080,"Friday, June 8, 2018",7:10 p.m. Local,Globe Life Park in Arlington,31722,3:02,Night,Away,Houston Astros,HOU,Texas Rangers,TEX,35,7,10,7,7.0,3,6,38,0.286,0.342,0.514,0.856,149,96,0.313,0.99,0.826,,1.9,27,3,9.0,1,56,9,31,17,12,6,0,56,0,0,0.186,2.1,32,3,5,3,3.0,3,13,35,0.156,0.229,0.313,0.541,152,92,-0.186,0.71,0.494,,-2.1,27,15,9.0,2,47,18,27,7,12,3,0,35,0,0,-0.314,-1.9
TEX/TEX201806090,"Saturday, June 9, 2018",6:16 p.m. Local,Globe Life Park in Arlington,38068,3:31,Night,Away,Houston Astros,HOU,Texas Rangers,TEX,32,4,9,4,4.0,3,4,35,0.281,0.343,0.438,0.78,180,84,-0.019,2.18,0.78,,-1.1,27,8,9.0,0,60,11,13,6,22,8,0,51,5,0,0.519,2.1,30,3,5,3,2.0,9,10,47,0.167,0.435,0.233,0.668,141,106,-0.518,1.2,1.21,,-2.1,27,9,9.0,1,62,14,30,11,11,6,0,51,0,0,0.019,1.1
TEX/TEX201806100,"Sunday, June 10, 2018",2:08 p.m. Local,Globe Life Park in Arlington,30251,3:09,Day,Away,Houston Astros,HOU,Texas Rangers,TEX,38,8,12,7,7.0,3,6,41,0.316,0.366,0.605,0.971,183,83,0.497,1.54,1.311,,2.9,27,8,9.0,0,50,14,20,12,20,6,0,18,2,0,0.002,-1.9,41,7,16,6,6.0,1,10,44,0.39,0.419,0.439,0.858,128,121,-0.001,1.25,1.189,,1.9,27,10,9.0,2,70,20,31,16,16,11,0,18,0,0,-0.498,-2.9
LAN/LAN201806120,"Tuesday, June 12, 2018",7:10 p.m. Local,Dodger Stadium,48233,3:08,Night,Home,Los Angeles Dodgers,LAD,Texas Rangers,TEX,34,5,8,4,4.0,5,5,40,0.235,0.35,0.324,0.674,169,89,-0.022,0.34,0.347,,0.7,24,6,8.0,3,47,16,26,13,16,6,0,12,1,1,-0.478,-8.2,39,12,16,11,13.5,3,9,42,0.41,0.452,0.795,1.247,148,106,0.478,0.6,0.67,,8.2,27,10,9.0,1,57,13,37,12,18,10,0,45,0,0,0.023,-0.7
LAN/LAN201806130,"Wednesday, June 13, 2018",7:10 p.m. Local,Dodger Stadium,41303,3:49,Night,Home,Los Angeles Dodgers,LAD,Texas Rangers,TEX,39,2,8,2,1.64,6,8,46,0.205,0.326,0.256,0.582,176,119,-0.691,1.68,0.837,,-3.2,31,10,10.1,1,69,20,30,14,18,11,0,58,2,1,0.188,0.7,35,3,6,1,0.87,9,13,44,0.171,0.341,0.314,0.655,176,102,-0.189,1.75,1.207,,-0.7,33,16,11.0,0,48,16,38,13,9,5,0,47,0,0,0.689,3.2
TEX/TEX201806150,"Friday, June 15, 2018",7:07 p.m. Local,Globe Life Park in Arlington,30448,3:15,Night,Away,Colorado Rockies,COL,Texas Rangers,TEX,39,9,13,9,9.0,3,6,42,0.333,0.381,0.667,1.048,163,116,0.348,1.07,0.81,,3.9,27,13,9.0,2,77,10,29,15,18,10,0,40,1,0,0.152,0.1,30,5,6,5,5.0,5,11,36,0.2,0.333,0.4,0.733,179,96,-0.151,0.68,0.638,,-0.1,27,13,9.0,3,47,13,36,13,6,2,0,20,0,0,-0.348,-3.9
TEX/TEX201806160,"Saturday, June 16, 2018",3:07 p.m. Local,Globe Life Park in Arlington,23468,2:42,Day,Home,Texas Rangers,TEX,Colorado Rockies,COL,31,2,5,2,2.0,3,9,35,0.161,0.229,0.194,0.422,134,81,-0.284,1.37,0.37,,-3.1,24,6,8.0,0,50,12,19,9,14,9,0,55,1,1,-0.216,-0.5,31,5,10,5,5.62,2,4,34,0.323,0.353,0.484,0.837,133,84,0.216,0.94,1.102,,0.5,27,6,9.0,0,50,10,24,10,18,8,0,63,0,0,0.284,3.1
TEX/TEX201806170,"Sunday, June 17, 2018",2:09 p.m. Local,Globe Life Park in Arlington,25513,3:54,Day,Home,Texas Rangers,TEX,Colorado Rockies,COL,41,12,15,12,12.0,3,9,44,0.366,0.409,0.634,1.043,196,106,0.861,1.79,1.289,,6.9,25,7,8.1,1,62,14,30,11,21,13,0,41,2,1,-1.359,-8.9,34,13,10,12,12.96,7,12,44,0.294,0.442,0.412,0.854,173,111,1.358,0.9,2.169,,8.9,27,9,9.0,2,56,21,34,10,13,5,0,36,4,2,-0.86,-6.9
KCA/KCA201806180,"Monday, June 18, 2018",7:16 p.m. Local,Kauffman Stadium,18319,3:04,Night,Away,Texas Rangers,TEX,Kansas City Royals,KCR,33,6,8,6,6.0,7,10,41,0.242,0.39,0.455,0.845,129,96,0.184,1.14,0.66,,1.4,27,12,9.0,0,60,18,18,12,11,4,0,42,0,0,0.317,1.6,34,3,9,3,3.0,1,3,36,0.265,0.278,0.353,0.631,161,82,-0.317,0.72,0.594,,-1.6,27,8,9.0,2,56,6,20,14,18,6,0,49,2,0,-0.185,-1.4
KCA/KCA201806190,"Tuesday, June 19, 2018",7:15 p.m. Local,Kauffman Stadium,17789,2:46,Night,Away,Texas Rangers,TEX,Kansas City Royals,KCR,36,4,12,3,3.0,5,6,41,0.333,0.415,0.444,0.859,133,83,0.129,0.95,0.541,,-0.6,27,11,9.0,0,46,9,31,17,13,8,0,71,0,0,0.373,3.6,30,1,4,1,0.0,3,9,33,0.133,0.212,0.133,0.345,139,90,-0.374,0.64,0.369,,-3.6,27,12,9.0,0,52,13,25,11,10,4,0,37,1,0,-0.127,0.6
KCA/KCA201806200,"Wednesday, June 20, 2018",7:15 p.m. Local,Kauffman Stadium,19489,2:53,Night,Away,Texas Rangers,TEX,Kansas City Royals,KCR,31,3,6,2,3.0,7,7,40,0.194,0.35,0.29,0.64,127,91,-0.045,1.45,0.504,,-1.6,27,15,9.0,1,54,15,22,10,15,4,0,59,1,0,0.546,2.6,31,2,7,2,2.0,2,2,33,0.226,0.273,0.387,0.66,150,84,-0.545,0.82,0.487,,-2.6,27,10,9.0,1,53,9,24,12,17,7,0,50,1,0,0.046,1.6
MIN/MIN201806220,"Friday, June 22, 2018",7:10 p.m. Local,Target Field,28004,3:01,Night,Away,Texas Rangers,TEX,Minnesota Twins,MIN,35,8,11,8,8.0,4,6,41,0.314,0.385,0.457,0.842,141,100,0.138,0.83,0.513,,3.3,27,11,9.0,0,66,12,22,16,15,6,0,63,0,0,0.362,3.7,28,1,3,1,1.0,2,5,30,0.107,0.167,0.179,0.345,158,95,-0.362,0.63,0.239,,-3.7,27,9,9.0,1,60,9,26,8,15,5,0,50,0,0,-0.138,-3.3
MIN/MIN201806230,"Saturday, June 23, 2018",1:11 p.m. Local,Target Field,23230,3:35,Day,Away,Texas Rangers,TEX,Minnesota Twins,MIN,37,9,10,9,9.0,2,12,42,0.27,0.357,0.514,0.871,175,119,0.53,0.66,0.79,,4.4,27,6,9.0,2,64,27,28,12,13,8,0,41,3,2,-0.032,-1.3,37,6,11,6,6.0,4,9,41,0.297,0.366,0.514,0.879,189,111,0.032,0.56,0.538,,1.3,27,9,9.0,2,58,14,39,6,22,12,0,21,2,0,-0.531,-4.3
MIN/MIN201806240,"Sunday, June 24, 2018",1:11 p.m. Local,Target Field,23633,2:21,Day,Home,Minnesota Twins,MIN,Texas Rangers,TEX,29,0,2,0,0.0,2,15,31,0.069,0.129,0.103,0.232,104,85,-0.59,0.94,0.204,,-4.7,24,4,8.0,0,37,25,23,8,6,2,0,59,0,0,0.09,2.1,31,2,8,2,2.25,1,7,32,0.258,0.281,0.323,0.604,132,76,-0.089,1.11,0.523,,-2.1,27,8,9.0,0,49,10,17,6,18,9,0,83,0,0,0.589,4.7
TEX/TEX201806250,"Monday, June 25, 2018",7:08 p.m. Local,Globe Life Park in Arlington,23470,3:14,Night,Home,Texas Rangers,TEX,San Diego Padres,SDP,36,4,11,4,4.0,1,8,37,0.306,0.324,0.5,0.824,163,95,-0.041,1.13,0.625,,-1.1,24,6,8.0,0,58,20,17,17,11,4,0,62,5,2,-0.461,-2.5,34,7,12,7,5.62,3,8,40,0.353,0.4,0.382,0.782,135,106,0.46,0.91,1.07,,2.5,27,11,9.0,2,52,18,36,13,15,6,0,37,0,0,0.04,1.1
TEX/TEX201806260,"Tuesday, June 26, 2018",7:09 p.m. Local,Globe Life Park in Arlington,21780,3:07,Night,Away,San Diego Padres,SDP,Texas Rangers,TEX,31,3,7,3,3.0,5,11,37,0.226,0.324,0.29,0.615,150,97,0.04,1.2,0.923,,-2.1,27,5,9.0,2,53,16,28,5,16,8,0,56,0,0,0.459,3.1,35,2,8,2,2.0,3,11,39,0.229,0.308,0.4,0.708,157,97,-0.459,1.42,0.474,,-3.1,27,5,9.0,0,49,16,32,6,18,12,0,65,1,0,-0.041,2.1
TEX/TEX201806270,"Wednesday, June 27, 2018",7:10 p.m. Local,Globe Life Park in Arlington,21365,2:24,Night,Home,Texas Rangers,TEX,San Diego Padres,SDP,31,2,4,2,2.0,2,9,33,0.129,0.182,0.194,0.375,125,77,-0.393,0.69,0.332,,-3.1,24,9,8.0,1,40,17,20,4,18,10,0,43,1,0,-0.108,-0.5,34,5,12,5,5.62,2,4,40,0.353,0.436,0.618,1.054,124,79,0.109,1.11,0.545,,0.5,27,3,9.0,0,46,8,25,13,18,8,0,80,2,1,0.391,3.1
TEX/TEX201806290,"Friday, June 29, 2018",7:09 p.m. Local,Globe Life Park in Arlington,28156,2:47,Night,Home,Texas Rangers,TEX,Chicago White Sox,CHW,32,3,5,3,3.0,1,8,33,0.156,0.182,0.25,0.432,161,75,-0.131,0.33,0.006,,-2.1,24,10,8.0,5,45,13,17,15,9,4,0,4,2,1,-0.372,-6.5,38,11,12,10,10.12,3,6,41,0.316,0.366,0.763,1.129,109,99,0.371,0.16,0.533,,6.5,27,12,9.0,0,62,12,25,15,17,7,0,64,2,2,0.13,2.1
TEX/TEX201806300,"Saturday, June 30, 2018",8:08 p.m. Local,Globe Life Park in Arlington,28138,3:28,Night,Home,Texas Rangers,TEX,Chicago White Sox,CHW,37,4,12,4,4.0,3,6,41,0.324,0.366,0.568,0.933,178,98,-0.113,0.67,0.789,,-1.1,24,9,8.0,2,57,12,29,18,14,7,0,37,5,2,-0.389,-8.5,36,13,13,12,13.5,5,7,42,0.361,0.429,0.639,1.067,139,104,0.388,1.18,0.788,,8.5,27,12,9.0,2,68,10,26,13,17,7,0,41,2,0,0.112,1.1
TEX/TEX201807010,"Sunday, July 1, 2018",2:08 p.m. Local,Globe Life Park in Arlington,22684,3:16,Day,Away,Chicago White Sox,CHW,Texas Rangers,TEX,39,10,14,10,10.0,1,8,42,0.359,0.366,0.59,0.956,170,93,0.446,1.04,0.84,,4.9,27,8,9.0,0,53,23,17,17,16,13,0,54,4,2,0.053,0.1,38,5,11,5,5.0,6,9,44,0.289,0.386,0.368,0.755,130,106,-0.055,0.63,0.711,,-0.1,27,12,9.0,0,55,13,38,13,16,12,0,28,0,0,-0.447,-4.9
TEX/TEX201807030,"Tuesday, July 3, 2018",7:08 p.m. Local,Globe Life Park in Arlington,40165,3:27,Night,Away,Houston Astros,HOU,Texas Rangers,TEX,32,5,9,5,5.0,4,7,39,0.281,0.395,0.531,0.926,172,89,0.13,1.44,0.577,,-0.1,27,9,9.0,0,51,12,28,6,20,13,0,65,5,1,0.37,2.1,34,3,7,3,3.0,4,10,38,0.206,0.289,0.265,0.554,154,114,-0.37,0.67,0.566,,-2.1,27,8,9.0,2,66,19,29,15,9,6,0,36,0,0,-0.13,0.1
TEX/TEX201807040,"Wednesday, July 4, 2018",6:15 p.m. Local,Globe Life Park in Arlington,43592,3:33,Night,Away,Houston Astros,HOU,Texas Rangers,TEX,37,5,9,5,3.6,5,4,44,0.243,0.341,0.459,0.8,182,95,-0.075,1.41,1.087,,-0.6,30,11,10.0,1,72,9,14,13,21,10,0,40,0,0,0.574,1.6,38,4,11,4,3.6,2,11,43,0.289,0.341,0.421,0.763,153,122,-0.574,1.6,0.73,,-1.6,30,9,10.0,2,65,30,27,13,16,7,0,45,0,0,0.075,0.6
DET/DET201807050,"Thursday, July 5, 2018",7:25 p.m. Local,Comerica Park,21248,2:55,Night,Away,Texas Rangers,TEX,Detroit Tigers,DET,36,7,8,6,6.0,2,6,38,0.222,0.263,0.417,0.68,151,99,0.237,1.38,0.525,,2.3,27,16,9.0,1,58,15,26,16,14,5,0,39,1,0,0.265,-0.3,38,5,12,5,4.0,1,7,39,0.316,0.333,0.421,0.754,144,103,-0.265,0.45,0.818,,0.3,27,12,9.0,2,60,15,28,22,9,4,0,25,0,0,-0.235,-2.3
DET/DET201807060,"Friday, July 6, 2018",7:10 p.m. Local,Comerica Park,27316,2:05,Night,Home,Detroit Tigers,DET,Texas Rangers,TEX,30,1,5,1,1.0,0,12,31,0.167,0.167,0.267,0.433,97,80,-0.569,0.72,0.282,,-3.7,24,10,8.0,2,40,16,24,8,11,3,0,63,,,0.069,1.2,29,3,5,3,3.38,0,3,29,0.172,0.172,0.379,0.552,115,72,-0.069,1.2,0.364,,-1.2,27,7,9.0,1,46,7,19,13,13,6,0,81,0,0,0.569,3.7
DET/DET201807070,"Saturday, July 7, 2018",4:10 p.m. Local,Comerica Park,29174,3:08,Day,Home,Detroit Tigers,DET,Texas Rangers,TEX,35,2,8,2,2.0,1,9,36,0.229,0.25,0.429,0.679,183,92,-0.123,0.32,0.095,,-2.7,24,9,8.0,1,48,12,32,10,16,5,0,22,1,0,-0.38,-2.8,36,7,12,4,3.38,6,12,43,0.333,0.442,0.5,0.942,143,114,0.379,0.25,0.508,,2.8,27,6,9.0,1,56,29,29,12,12,8,0,63,0,0,0.122,2.7
DET/DET201807080,"Sunday, July 8, 2018",1:11 p.m. Local,Comerica Park,22047,2:48,Day,Away,Texas Rangers,TEX,Detroit Tigers,DET,33,3,8,2,2.0,5,7,38,0.242,0.342,0.333,0.675,140,88,0.029,0.96,0.438,,-1.7,27,8,9.0,0,56,13,19,15,11,4,0,66,2,0,0.473,4.7,28,0,4,0,0.0,3,12,31,0.143,0.226,0.143,0.369,137,90,-0.472,0.61,0.234,,-4.7,27,13,9.0,1,50,18,22,5,11,5,0,60,2,0,-0.027,1.7
BOS/BOS201807090,"Monday, July 9, 2018",7:11 p.m. Local,Fenway Park,36754,2:52,Night,Home,Boston Red Sox,BOS,Texas Rangers,TEX,33,0,5,0,0.0,3,9,36,0.152,0.222,0.212,0.434,139,101,-0.499,0.52,0.36,,-4.8,24,7,8.0,2,54,17,30,12,12,7,0,52,1,0,0.0,-0.7,33,5,9,5,5.62,0,6,33,0.273,0.273,0.515,0.788,153,92,-0.0,1.1,0.362,,0.7,27,8,9.0,0,58,16,18,11,16,7,0,65,2,0,0.499,4.8
BOS/BOS201807100,"Tuesday, July 10, 2018",7:11 p.m. Local,Fenway Park,36883,2:56,Night,Home,Boston Red Sox,BOS,Texas Rangers,TEX,33,4,7,3,4.0,4,7,38,0.212,0.316,0.394,0.71,149,90,-0.095,0.59,0.518,,-0.8,24,14,8.0,0,47,17,26,13,13,5,0,29,2,0,-0.403,-3.7,32,8,12,8,9.0,5,3,38,0.375,0.447,0.625,1.072,148,83,0.403,0.82,0.719,,3.8,27,14,9.0,1,51,5,27,16,14,7,0,51,2,2,0.097,0.8
BOS/BOS201807110,"Wednesday, July 11, 2018",7:11 p.m. Local,Fenway Park,36920,2:58,Night,Home,Boston Red Sox,BOS,Texas Rangers,TEX,35,2,9,2,2.0,3,18,38,0.257,0.316,0.343,0.659,118,110,-0.414,0.78,0.47,,-2.8,24,14,8.0,0,49,28,33,10,7,4,0,41,0,0,-0.087,0.2,33,4,11,3,3.38,2,6,35,0.333,0.371,0.424,0.796,158,72,0.087,1.12,0.534,,-0.3,27,5,9.0,0,39,6,27,14,13,6,0,76,3,1,0.413,2.8
BAL/BAL201807130,"Friday, July 13, 2018",7:10 p.m. Local,Oriole Park at Camden Yards,17348,3:08,Night,Away,Texas Rangers,TEX,Baltimore Orioles,BAL,34,5,8,5,5.0,2,8,37,0.235,0.297,0.441,0.738,136,89,0.141,2.09,0.876,,0.5,27,8,9.0,0,54,12,23,11,15,8,0,49,6,3,0.36,0.5,34,4,9,4,4.0,2,7,38,0.265,0.316,0.324,0.639,147,89,-0.358,1.03,1.074,,-0.5,27,10,9.0,2,56,18,15,13,15,7,0,56,2,1,-0.14,-0.5
BAL/BAL201807140,"Saturday, July 14, 2018",7:17 p.m. Local,Oriole Park at Camden Yards,38328,2:45,Night,Home,Baltimore Orioles,BAL,Texas Rangers,TEX,30,0,4,0,0.0,5,12,35,0.133,0.257,0.133,0.39,105,91,-0.735,1.09,0.504,,-4.5,24,10,8.0,0,50,22,19,8,10,2,0,65,0,0,0.234,3.0,27,1,6,1,1.12,2,5,30,0.222,0.267,0.259,0.526,153,71,-0.234,1.55,0.46,,-3.0,27,9,9.0,0,42,11,18,12,11,7,0,67,1,0,0.733,4.5
BAL/BAL201807150,"Sunday, July 15, 2018",1:09 p.m. Local,Oriole Park at Camden Yards,18754,3:02,Day,Home,Baltimore Orioles,BAL,Texas Rangers,TEX,33,5,9,5,5.0,4,8,38,0.273,0.368,0.485,0.853,134,109,-0.189,0.78,0.803,,0.5,24,10,8.0,1,67,18,26,14,11,5,0,27,1,1,-0.312,-2.0,32,6,7,5,5.62,3,3,35,0.219,0.286,0.406,0.692,177,92,0.312,1.31,0.719,,2.0,27,13,9.0,2,56,11,25,13,16,8,0,39,1,0,0.187,-0.5
TEX/TEX201807200,"Friday, July 20, 2018",7:08 p.m. Local,Globe Life Park in Arlington,28253,4:48,Night,Away,Cleveland Indians,CLE,Texas Rangers,TEX,46,9,17,9,7.36,4,6,51,0.37,0.431,0.587,1.018,222,114,0.575,1.84,1.615,,2.8,33,8,11.0,3,73,9,35,18,22,9,0,30,3,1,-0.072,-1.8,48,8,17,8,6.55,8,15,56,0.354,0.446,0.563,1.009,205,140,0.074,1.26,1.965,,1.8,33,20,11.0,2,72,26,42,17,16,5,0,26,2,1,-0.572,-2.8
TEX/TEX201807210,"Saturday, July 21, 2018",7:08 p.m. Local,Globe Life Park in Arlington,31532,3:11,Night,Away,Cleveland Indians,CLE,Texas Rangers,TEX,47,16,21,15,16.0,2,3,50,0.447,0.48,0.851,1.331,131,104,0.25,0.38,0.648,,10.9,27,10,9.0,1,70,9,25,16,28,15,0,63,0,0,0.249,2.1,33,3,8,3,3.0,2,9,35,0.242,0.286,0.394,0.68,166,85,-0.251,0.49,0.065,,-2.1,27,10,9.0,3,45,20,20,11,13,8,0,29,3,1,-0.251,-10.9
TEX/TEX201807220,"Sunday, July 22, 2018",2:08 p.m. Local,Globe Life Park in Arlington,21829,2:33,Day,Home,Texas Rangers,TEX,Cleveland Indians,CLE,30,0,5,0,0.0,5,4,36,0.167,0.306,0.233,0.539,128,72,-0.535,0.82,0.498,,-5.1,24,8,8.0,2,37,8,27,14,12,6,0,61,1,0,0.036,-0.5,29,5,7,5,5.62,4,8,34,0.241,0.324,0.448,0.772,123,80,-0.037,1.43,0.421,,0.5,27,15,9.0,0,45,13,22,12,10,3,0,63,0,0,0.535,5.1
TEX/TEX201807230,"Monday, July 23, 2018",7:07 p.m. Local,Globe Life Park in Arlington,18744,3:13,Night,Away,Oakland Athletics,OAK,Texas Rangers,TEX,44,15,18,15,15.0,4,7,49,0.409,0.469,0.818,1.288,132,115,0.374,0.63,0.627,,9.9,27,9,9.0,1,68,18,29,9,28,18,0,57,0,0,0.126,2.1,33,3,8,3,3.0,2,7,36,0.242,0.306,0.394,0.699,189,89,-0.126,0.42,0.33,,-2.1,27,10,9.0,4,60,8,21,14,12,8,0,24,3,1,-0.374,-9.9
TEX/TEX201807240,"Tuesday, July 24, 2018",7:08 p.m. Local,Globe Life Park in Arlington,18249,4:08,Night,Away,Oakland Athletics,OAK,Texas Rangers,TEX,42,13,11,13,10.8,8,11,51,0.262,0.392,0.595,0.987,172,147,0.605,0.69,1.814,,7.4,30,7,10.0,3,93,20,34,11,20,8,0,44,3,3,-0.104,-4.4,38,10,9,9,4.5,4,8,44,0.237,0.295,0.526,0.822,248,115,0.105,1.43,0.629,,4.4,30,9,10.0,4,66,21,28,12,20,9,0,55,4,3,-0.604,-7.4
TEX/TEX201807250,"Wednesday, July 25, 2018",7:08 p.m. Local,Globe Life Park in Arlington,20549,3:48,Night,Away,Oakland Athletics,OAK,Texas Rangers,TEX,36,6,12,6,6.0,5,7,41,0.333,0.415,0.556,0.97,161,98,0.407,0.86,1.477,,0.9,27,7,9.0,1,59,11,29,13,16,7,0,31,1,1,0.092,0.1,33,5,8,5,5.0,3,12,36,0.242,0.306,0.394,0.699,173,99,-0.093,1.33,0.554,,-0.1,27,8,9.0,2,58,15,26,9,12,6,0,55,0,0,-0.407,-0.9
TEX/TEX201807260,"Thursday, July 26, 2018",7:07 p.m. Local,Globe Life Park in Arlington,20533,3:27,Night,Away,Oakland Athletics,OAK,Texas Rangers,TEX,35,7,10,6,7.0,2,6,39,0.286,0.333,0.6,0.933,178,88,0.282,2.16,0.913,,1.9,27,10,9.0,0,51,9,28,10,20,7,0,34,0,0,0.219,-0.9,36,6,10,5,5.0,5,11,43,0.278,0.381,0.389,0.77,131,113,-0.219,0.92,1.452,,0.9,27,8,9.0,1,68,24,21,12,14,9,0,37,0,0,-0.281,-1.9
HOU/HOU201807270,"Friday, July 27, 2018",7:11 p.m. Local,Minute Maid Park,42592,3:23,Night,Away,Texas Rangers,TEX,Houston Astros,HOU,41,11,15,11,11.0,3,11,47,0.366,0.391,0.683,1.074,150,121,0.178,0.71,0.687,,6.5,27,7,9.0,1,68,23,34,19,14,5,0,65,2,0,0.323,2.6,30,2,6,2,2.0,5,8,36,0.2,0.306,0.333,0.639,201,82,-0.323,0.66,0.227,,-2.6,27,9,9.0,3,38,12,32,7,16,6,0,46,3,3,-0.177,-6.4
HOU/HOU201807280,"Saturday, July 28, 2018",6:12 p.m. Local,Minute Maid Park,43093,2:44,Night,Away,Texas Rangers,TEX,Houston Astros,HOU,42,7,14,7,7.0,1,10,43,0.333,0.349,0.643,0.992,120,106,0.075,1.0,0.689,,2.4,27,11,9.0,2,58,19,29,15,17,8,0,65,0,0,0.427,1.6,31,3,5,3,3.0,1,5,32,0.161,0.188,0.387,0.575,160,72,-0.429,0.8,0.32,,-1.6,27,10,9.0,4,48,6,18,12,14,5,0,47,0,0,-0.074,-2.4
HOU/HOU201807290,"Sunday, July 29, 2018",1:10 p.m. Local,Minute Maid Park,40560,3:01,Day,Away,Texas Rangers,TEX,Houston Astros,HOU,34,4,6,3,3.0,1,19,35,0.176,0.2,0.294,0.494,134,105,0.113,1.58,0.729,,-0.5,27,6,9.0,1,49,28,28,7,7,4,1,63,0,0,0.387,1.6,33,3,7,3,3.0,3,9,37,0.212,0.27,0.364,0.634,155,81,-0.386,0.94,0.791,,-1.6,27,7,9.0,0,46,14,21,10,15,5,0,53,1,0,-0.113,0.6
ARI/ARI201807300,"Monday, July 30, 2018",6:40 p.m. Local,Chase Field,20639,3:33,Night,Away,Texas Rangers,TEX,Arizona Diamondbacks,ARI,39,9,12,9,9.0,6,9,45,0.308,0.4,0.641,1.041,143,114,0.745,1.21,1.533,,4.4,27,9,9.0,1,65,19,30,14,17,9,0,48,2,0,-0.247,-0.4,35,5,9,5,2.0,4,11,40,0.257,0.325,0.486,0.811,179,90,0.245,1.27,1.073,,0.4,27,10,9.0,3,42,16,32,13,12,7,0,50,3,2,-0.746,-4.4
ARI/ARI201807310,"Tuesday, July 31, 2018",6:40 p.m. Local,Chase Field,21877,2:45,Night,Home,Arizona Diamondbacks,ARI,Texas Rangers,TEX,30,0,4,0,0.0,1,12,32,0.133,0.188,0.133,0.321,135,91,-0.277,0.39,0.063,,-4.6,24,6,8.0,1,44,21,26,10,8,4,0,34,0,0,-0.223,-1.9,32,6,9,5,6.75,4,7,37,0.281,0.361,0.438,0.799,128,88,0.224,0.5,0.44,,1.9,27,8,9.0,0,47,11,30,9,17,8,0,82,0,0,0.277,4.6
TEX/TEX201808020,"Thursday, August 2, 2018",7:09 p.m. Local,Globe Life Park in Arlington,19367,3:20,Night,Home,Texas Rangers,TEX,Baltimore Orioles,BAL,40,8,14,8,8.0,2,6,43,0.35,0.381,0.6,0.981,205,102,-0.019,0.27,0.164,,2.9,24,5,8.0,3,67,12,23,17,18,10,0,-1,4,2,-0.482,-12.5,41,17,18,16,18.0,10,8,51,0.439,0.549,0.805,1.354,160,110,0.484,0.34,0.611,,12.5,27,9,9.0,3,62,19,29,13,20,13,0,32,0,0,0.018,-2.9
TEX/TEX201808030,"Friday, August 3, 2018",7:08 p.m. Local,Globe Life Park in Arlington,22544,3:03,Night,Home,Texas Rangers,TEX,Baltimore Orioles,BAL,35,3,10,3,3.0,2,8,37,0.286,0.324,0.371,0.696,163,92,-0.255,0.41,0.229,,-2.1,24,4,8.0,3,61,14,17,15,12,7,0,27,3,3,-0.245,-6.5,36,11,11,10,10.12,2,8,40,0.306,0.375,0.611,0.986,145,100,0.245,0.53,0.5,,6.5,27,13,9.0,0,65,14,21,8,20,6,0,48,0,0,0.255,2.1
TEX/TEX201808040,"Saturday, August 4, 2018",7:09 p.m. Local,Globe Life Park in Arlington,24300,2:25,Night,Home,Texas Rangers,TEX,Baltimore Orioles,BAL,31,1,5,1,1.0,0,7,31,0.161,0.161,0.194,0.355,132,79,-0.548,0.75,0.35,,-4.1,24,9,8.0,2,42,13,24,14,10,4,0,56,0,0,0.048,1.5,30,3,8,3,2.25,2,8,32,0.267,0.313,0.5,0.813,110,85,-0.048,1.29,0.463,,-1.5,27,12,9.0,0,51,11,23,11,11,6,0,71,0,0,0.548,4.1
TEX/TEX201808050,"Sunday, August 5, 2018",2:08 p.m. Local,Globe Life Park in Arlington,19961,3:19,Day,Away,Baltimore Orioles,BAL,Texas Rangers,TEX,34,9,11,9,9.0,3,5,38,0.324,0.378,0.706,1.084,192,97,0.511,1.16,0.886,,3.9,27,5,9.0,0,62,10,25,14,16,6,0,21,4,0,-0.009,-0.9,32,6,6,6,6.0,9,13,42,0.188,0.357,0.313,0.67,149,109,0.011,0.76,0.755,,0.9,27,17,9.0,4,53,27,29,8,12,5,0,20,0,0,-0.511,-3.9
TEX/TEX201808060,"Monday, August 6, 2018",7:08 p.m. Local,Globe Life Park in Arlington,17759,3:54,Night,Away,Seattle Mariners,SEA,Texas Rangers,TEX,49,4,14,3,3.0,3,5,52,0.286,0.327,0.408,0.735,171,109,-0.294,2.08,1.24,,-2.8,36,11,12.0,0,72,11,26,22,22,11,0,68,7,3,0.795,3.8,42,3,6,3,2.25,3,10,46,0.143,0.217,0.167,0.384,175,104,-0.795,1.55,0.984,,-3.8,36,15,12.0,1,55,18,31,13,19,5,0,46,0,0,0.295,2.8
TEX/TEX201808070,"Tuesday, August 7, 2018",7:07 p.m. Local,Globe Life Park in Arlington,17575,2:26,Night,Home,Texas Rangers,TEX,Seattle Mariners,SEA,33,4,9,4,4.0,1,2,36,0.273,0.286,0.606,0.892,110,79,0.066,0.72,0.467,,-1.1,24,13,8.0,3,45,6,28,19,14,4,0,18,0,0,-0.567,-6.5,32,11,10,11,7.88,5,2,39,0.312,0.41,0.625,1.035,127,70,0.567,0.62,0.845,,6.5,27,16,9.0,2,50,5,15,15,16,8,0,46,0,0,-0.067,1.1
TEX/TEX201808080,"Wednesday, August 8, 2018",1:07 p.m. Local,Globe Life Park in Arlington,20116,3:13,Day,Home,Texas Rangers,TEX,Seattle Mariners,SEA,35,7,9,7,7.0,3,3,38,0.257,0.316,0.429,0.744,149,99,0.039,0.57,0.518,,1.9,24,12,8.0,2,66,8,25,13,19,7,0,18,2,1,-0.538,-6.5,42,11,19,10,12.38,1,5,45,0.452,0.477,0.833,1.311,155,104,0.538,0.7,0.944,,6.5,27,10,9.0,2,76,3,25,14,24,13,0,57,2,2,-0.037,-1.9
NYA/NYA201808090,"Thursday, August 9, 2018",7:10 p.m. Local,Yankee Stadium III,43455,2:31,Night,Home,New York Yankees,NYY,Texas Rangers,TEX,31,3,5,3,3.0,4,13,38,0.161,0.297,0.323,0.62,115,92,-0.14,0.41,0.447,,-1.6,24,14,8.0,5,38,23,31,5,14,4,0,27,0,0,-0.362,-2.9,31,7,9,7,7.88,3,4,34,0.29,0.353,0.774,1.127,146,69,0.361,0.82,0.615,,2.9,27,5,9.0,1,42,6,21,15,12,3,0,60,0,0,0.139,1.6
NYA/NYA201808100,"Friday, August 10, 2018",7:09 p.m. Local,Yankee Stadium III,45198,3:34,Night,Away,Texas Rangers,TEX,New York Yankees,NYY,41,12,14,11,10.0,5,8,46,0.341,0.413,0.707,1.12,160,123,0.313,0.45,0.586,,7.4,27,8,9.0,2,81,18,24,13,20,6,0,42,2,0,0.187,-2.4,37,7,10,7,7.0,3,5,40,0.27,0.325,0.459,0.784,190,101,-0.188,0.42,0.194,,2.4,27,12,9.0,4,61,19,21,11,21,6,0,30,0,0,-0.313,-7.4
NYA/NYA201808110,"Saturday, August 11, 2018",1:10 p.m. Local,Yankee Stadium III,45933,3:16,Day,Home,New York Yankees,NYY,Texas Rangers,TEX,34,3,8,2,3.0,6,13,41,0.235,0.366,0.294,0.66,124,109,-0.192,0.84,0.928,,-1.6,24,9,8.0,2,58,19,32,10,11,8,0,44,1,1,-0.309,-0.9,31,5,8,5,5.62,4,3,35,0.258,0.343,0.516,0.859,183,72,0.309,1.65,0.857,,0.9,27,8,9.0,0,49,5,18,9,19,9,0,58,3,1,0.191,1.6
NYA/NYA201808120,"Sunday, August 12, 2018",1:09 p.m. Local,Yankee Stadium III,41304,2:59,Day,Home,New York Yankees,NYY,Texas Rangers,TEX,34,2,6,2,2.0,5,11,39,0.176,0.282,0.235,0.517,125,102,-0.316,0.46,0.273,,-2.6,24,12,8.0,2,52,20,30,18,5,2,0,19,2,1,-0.184,-2.9,35,7,12,7,7.88,0,4,35,0.343,0.343,0.543,0.886,166,89,0.182,0.77,0.452,,2.9,27,12,9.0,0,62,12,15,17,14,8,0,74,2,0,0.317,2.6
TEX/TEX201808130,"Monday, August 13, 2018",7:07 p.m. Local,Globe Life Park in Arlington,18204,2:51,Night,Home,Texas Rangers,TEX,Arizona Diamondbacks,ARI,33,3,6,3,3.0,1,6,34,0.182,0.206,0.242,0.448,142,89,-0.36,0.93,0.456,,-2.1,24,7,8.0,2,52,12,25,10,17,8,0,49,3,0,-0.14,-0.5,31,5,8,5,5.62,3,6,35,0.258,0.324,0.452,0.775,128,87,0.14,1.15,0.646,,0.5,27,9,9.0,0,51,14,22,11,15,6,0,49,0,0,0.361,2.1
TEX/TEX201808140,"Tuesday, August 14, 2018",7:07 p.m. Local,Globe Life Park in Arlington,19353,3:08,Night,Away,Arizona Diamondbacks,ARI,Texas Rangers,TEX,35,6,10,5,6.0,6,5,41,0.286,0.39,0.543,0.933,136,103,0.179,1.16,0.664,,0.9,27,7,9.0,0,67,10,26,15,14,5,1,60,1,0,0.321,1.1,32,4,8,4,4.0,1,9,35,0.25,0.257,0.375,0.632,174,93,-0.32,0.65,0.477,,-1.1,27,14,9.0,2,45,21,27,11,14,4,0,30,2,0,-0.18,-0.9
TEX/TEX201808160,"Thursday, August 16, 2018",7:07 p.m. Local,Globe Life Park in Arlington,18398,2:53,Night,Home,Texas Rangers,TEX,Los Angeles Angels,LAA,35,6,11,6,6.0,1,8,36,0.314,0.333,0.457,0.79,151,77,0.098,1.72,0.677,,0.9,24,13,8.0,3,45,9,23,12,15,7,0,35,5,2,-0.599,-3.5,30,8,7,7,9.0,6,7,39,0.233,0.395,0.6,0.995,114,79,0.598,0.85,1.623,,3.5,27,8,9.0,1,41,14,24,14,10,6,0,32,0,0,-0.099,-0.9
TEX/TEX201808170,"Friday, August 17, 2018",7:08 p.m. Local,Globe Life Park in Arlington,27816,2:56,Night,Home,Texas Rangers,TEX,Los Angeles Angels,LAA,33,4,7,4,4.0,3,11,37,0.212,0.297,0.333,0.631,138,88,-0.216,0.69,0.629,,-1.1,24,11,8.0,0,41,22,25,8,14,7,0,30,0,0,-0.282,-1.5,31,6,10,6,6.75,2,6,34,0.323,0.353,0.355,0.708,141,89,0.282,1.01,0.575,,1.5,27,8,9.0,1,64,11,14,15,11,7,0,54,1,0,0.217,1.1
TEX/TEX201808180,"Saturday, August 18, 2018",9:31 p.m. Local,Globe Life Park in Arlington,24768,3:28,Night,Away,Los Angeles Angels,LAA,Texas Rangers,TEX,41,11,16,11,11.0,2,5,45,0.39,0.432,0.683,1.115,175,102,0.67,0.95,1.34,,5.9,27,11,9.0,0,69,7,26,16,21,9,0,27,1,0,-0.171,-1.9,40,7,14,6,7.0,3,6,43,0.35,0.395,0.425,0.82,157,117,0.171,1.02,0.896,,1.9,27,10,9.0,3,72,16,29,13,21,10,0,31,0,0,-0.67,-5.9
TEX/TEX201808190,"Sunday, August 19, 2018",2:08 p.m. Local,Globe Life Park in Arlington,26681,2:35,Day,Home,Texas Rangers,TEX,Los Angeles Angels,LAA,31,2,6,1,2.0,1,10,32,0.194,0.219,0.258,0.477,136,74,-0.333,1.05,0.402,,-3.1,24,13,8.0,1,35,17,22,10,11,5,0,53,0,0,-0.168,0.5,32,4,11,4,4.5,3,5,35,0.344,0.4,0.5,0.9,120,84,0.167,1.07,0.842,,-0.5,27,8,9.0,0,50,18,16,15,12,6,0,57,0,0,0.332,3.1
OAK/OAK201808200,"Monday, August 20, 2018",7:08 p.m. Local,Oakland-Alameda County Coliseum,9341,2:48,Night,Home,Oakland Athletics,OAK,Texas Rangers,TEX,29,0,3,0,0.0,1,9,31,0.103,0.161,0.138,0.299,159,87,-0.249,0.37,0.136,,-4.5,24,7,8.0,4,52,13,22,10,10,4,0,21,0,0,-0.252,-5.0,38,9,14,9,10.12,4,7,42,0.368,0.429,0.789,1.218,125,97,0.252,0.55,0.468,,5.0,27,10,9.0,0,54,12,31,10,21,12,0,82,0,0,0.248,4.5
OAK/OAK201808210,"Tuesday, August 21, 2018",7:06 p.m. Local,Oakland-Alameda County Coliseum,11579,2:26,Night,Home,Oakland Athletics,OAK,Texas Rangers,TEX,28,0,2,0,0.0,2,7,30,0.071,0.133,0.107,0.24,125,84,-0.389,0.66,0.132,,-4.5,24,12,8.0,1,47,13,24,13,8,2,0,33,1,0,-0.111,-2.0,36,6,12,6,6.75,2,5,38,0.333,0.368,0.472,0.841,127,86,0.112,0.71,0.478,,2.0,27,13,9.0,0,57,5,24,16,15,9,0,80,0,0,0.389,4.5
OAK/OAK201808220,"Wednesday, August 22, 2018",12:37 p.m. Local,Oakland-Alameda County Coliseum,13139,3:03,Day,Away,Texas Rangers,TEX,Oakland Athletics,OAK,36,4,9,4,4.0,4,10,40,0.25,0.325,0.444,0.769,139,98,0.113,1.44,0.52,,-0.5,27,7,9.0,0,61,15,22,8,18,9,0,73,2,0,0.387,2.5,29,2,4,2,2.0,4,9,35,0.138,0.286,0.207,0.493,151,88,-0.386,0.63,0.6,,-2.5,27,4,9.0,2,45,15,28,6,14,6,0,32,1,0,-0.113,0.5
SFN/SFN201808240,"Friday, August 24, 2018",7:16 p.m. Local,AT&T Park,39845,3:48,Night,Away,Texas Rangers,TEX,San Francisco Giants,SFG,40,7,10,7,4.5,6,6,46,0.25,0.348,0.4,0.748,181,96,0.481,0.65,1.189,,2.5,30,7,10.0,1,51,17,28,17,17,7,0,22,3,0,0.019,-1.5,39,6,11,6,5.4,6,11,47,0.282,0.362,0.359,0.721,171,108,-0.017,1.17,0.464,,1.5,30,15,10.0,2,55,22,31,10,20,11,0,59,3,0,-0.481,-2.5
SFN/SFN201808250,"Saturday, August 25, 2018",1:05 p.m. Local,AT&T Park,40287,3:08,Day,Home,San Francisco Giants,SFG,Texas Rangers,TEX,31,3,6,3,0.0,5,7,36,0.194,0.306,0.29,0.596,143,99,-0.247,0.4,0.428,,-1.0,24,2,8.0,2,57,14,28,17,7,1,0,44,0,0,-0.253,-1.4,31,5,8,5,5.62,3,9,35,0.258,0.314,0.484,0.798,158,82,0.253,1.05,0.431,,1.4,27,18,9.0,1,49,11,22,5,19,7,0,73,3,0,0.248,1.0
SFN/SFN201808260,"Sunday, August 26, 2018",1:06 p.m. Local,AT&T Park,39260,2:35,Day,Home,San Francisco Giants,SFG,Texas Rangers,TEX,30,1,5,1,1.0,3,8,36,0.167,0.265,0.233,0.498,113,90,-0.401,0.65,0.44,,-3.0,24,10,8.0,0,49,15,26,9,15,8,0,47,0,0,-0.1,0.6,27,3,4,2,3.38,3,6,30,0.148,0.233,0.296,0.53,138,69,0.1,1.18,0.452,,-0.6,27,8,9.0,0,37,8,24,12,9,9,0,64,2,0,0.4,3.0
TEX/TEX201808280,"Tuesday, August 28, 2018",7:09 p.m. Local,Globe Life Park in Arlington,30123,3:19,Night,Away,Los Angeles Dodgers,LAD,Texas Rangers,TEX,40,8,15,7,7.0,2,6,46,0.375,0.413,0.55,0.963,163,104,0.372,0.66,0.813,,2.9,27,10,9.0,0,62,10,32,17,19,10,0,48,0,0,0.127,1.1,34,4,8,4,4.0,3,9,37,0.235,0.297,0.235,0.533,163,105,-0.128,0.72,0.325,,-1.1,27,13,9.0,1,58,16,31,15,10,6,0,35,3,0,-0.372,-2.9
TEX/TEX201808290,"Wednesday, August 29, 2018",7:07 p.m. Local,Globe Life Park in Arlington,29181,2:49,Night,Away,Los Angeles Dodgers,LAD,Texas Rangers,TEX,29,3,4,3,3.0,4,10,33,0.138,0.242,0.517,0.76,137,80,-0.08,1.32,0.363,,-2.1,27,9,9.0,0,49,14,19,5,14,4,0,72,0,0,0.58,4.1,31,1,5,1,1.0,4,7,35,0.161,0.257,0.194,0.451,131,88,-0.579,0.57,0.414,,-4.1,27,6,9.0,3,50,17,21,17,7,3,0,64,0,0,0.079,2.1
TEX/TEX201808310,"Friday, August 31, 2018",7:09 p.m. Local,Globe Life Park in Arlington,22808,3:42,Night,Away,Minnesota Twins,MIN,Texas Rangers,TEX,38,10,12,9,10.0,4,4,45,0.316,0.395,0.579,0.974,189,99,0.488,1.02,1.055,,4.9,27,8,9.0,1,68,8,23,19,17,5,0,27,1,0,0.012,-1.9,36,7,7,7,3.0,6,9,43,0.194,0.326,0.333,0.659,171,113,-0.012,0.88,0.759,,1.9,27,11,9.0,2,66,20,27,13,13,7,1,35,1,1,-0.487,-4.9
TEX/TEX201809010,"Saturday, September 1, 2018",7:08 p.m. Local,Globe Life Park in Arlington,32175,2:52,Night,Home,Texas Rangers,TEX,Minnesota Twins,MIN,33,4,8,3,4.0,2,6,35,0.242,0.286,0.424,0.71,152,86,-0.155,0.56,0.551,,-1.1,24,8,8.0,4,42,15,29,10,17,8,0,39,1,0,-0.345,-2.5,30,7,5,6,6.75,3,7,33,0.167,0.242,0.567,0.809,137,91,0.345,0.9,0.628,,2.5,27,6,9.0,1,53,17,21,9,14,5,0,43,3,0,0.156,1.1
TEX/TEX201809020,"Sunday, September 2, 2018",2:09 p.m. Local,Globe Life Park in Arlington,23423,3:09,Day,Home,Texas Rangers,TEX,Minnesota Twins,MIN,33,4,8,4,4.0,3,4,36,0.242,0.306,0.455,0.76,198,91,-0.335,0.38,0.191,,-1.1,24,6,8.0,6,63,4,24,12,17,7,0,43,1,1,-0.167,-13.5,42,18,19,15,18.0,2,8,48,0.452,0.5,1.071,1.571,141,128,0.166,0.54,0.495,,13.5,27,11,9.0,2,78,15,35,7,28,14,0,67,0,0,0.335,1.1
TEX/TEX201809030,"Monday, September 3, 2018",7:09 p.m. Local,Globe Life Park in Arlington,21048,3:10,Night,Away,Los Angeles Angels,LAA,Texas Rangers,TEX,34,3,7,3,3.0,3,7,37,0.206,0.27,0.324,0.594,140,96,-0.07,1.61,0.709,,-2.1,27,5,9.0,0,55,15,26,11,16,6,0,65,4,1,0.57,4.1,32,1,6,1,1.0,3,8,35,0.188,0.257,0.219,0.476,145,84,-0.571,1.1,0.53,,-4.1,27,6,9.0,1,45,14,25,8,16,9,0,55,1,1,0.07,2.1
TEX/TEX201809040,"Tuesday, September 4, 2018",7:10 p.m. Local,Globe Life Park in Arlington,17625,2:44,Night,Home,Texas Rangers,TEX,Los Angeles Angels,LAA,34,2,6,2,2.0,1,10,36,0.176,0.222,0.294,0.516,123,96,-0.411,0.81,0.42,,-3.1,24,6,8.0,2,54,16,26,11,13,6,0,46,0,0,-0.09,0.5,32,4,9,4,4.5,1,7,34,0.281,0.303,0.563,0.866,144,83,0.091,1.1,0.622,,-0.5,27,8,9.0,1,53,16,14,8,18,7,0,59,0,0,0.41,3.1
TEX/TEX201809050,"Wednesday, September 5, 2018",7:07 p.m. Local,Globe Life Park in Arlington,19966,3:12,Night,Away,Los Angeles Angels,LAA,Texas Rangers,TEX,41,9,16,9,8.0,3,6,45,0.39,0.422,0.659,1.081,134,107,0.292,0.64,0.563,,3.9,27,6,9.0,1,63,17,27,20,16,6,0,65,0,0,0.209,2.1,32,3,6,3,3.0,3,9,36,0.188,0.278,0.281,0.559,180,86,-0.21,0.43,0.248,,-2.1,27,13,9.0,3,45,13,28,9,14,6,0,32,2,0,-0.291,-3.9
OAK/OAK201809070,"Friday, September 7, 2018",7:07 p.m. Local,Oakland-Alameda County Coliseum,15572,3:17,Night,Home,Oakland Athletics,OAK,Texas Rangers,TEX,34,4,8,4,4.0,5,8,39,0.235,0.333,0.412,0.745,174,90,-0.179,0.42,0.413,,-0.5,24,9,8.0,3,50,19,23,10,16,9,0,29,4,0,-0.319,-4.0,34,8,10,8,7.88,7,8,42,0.294,0.429,0.559,0.987,151,99,0.32,0.75,0.554,,4.0,27,9,9.0,1,59,12,28,15,11,5,0,53,3,0,0.18,0.5
OAK/OAK201809080,"Saturday, September 8, 2018",1:07 p.m. Local,Oakland-Alameda County Coliseum,20504,3:25,Day,Home,Oakland Athletics,OAK,Texas Rangers,TEX,36,6,9,6,6.0,1,12,37,0.25,0.27,0.556,0.826,168,105,0.227,1.0,1.069,,1.5,24,6,8.0,3,60,25,20,10,14,6,0,52,2,1,-0.728,-4.0,33,8,9,8,9.0,6,7,39,0.273,0.385,0.667,1.051,160,100,0.728,1.15,1.302,,4.0,27,8,9.0,3,58,14,28,6,20,7,0,37,0,0,-0.227,-1.5
OAK/OAK201809090,"Sunday, September 9, 2018",1:07 p.m. Local,Oakland-Alameda County Coliseum,27932,2:59,Day,Home,Oakland Athletics,OAK,Texas Rangers,TEX,27,3,4,3,3.0,7,5,35,0.148,0.314,0.148,0.462,143,80,-0.052,0.9,0.458,,-1.5,24,11,8.0,1,40,13,27,9,14,6,0,59,2,0,-0.448,-3.0,32,7,9,5,7.88,3,6,36,0.281,0.361,0.469,0.83,136,90,0.448,0.88,0.872,,3.0,27,10,9.0,0,50,19,21,11,15,6,0,37,1,0,0.052,1.5
ANA/ANA201809100,"Monday, September 10, 2018",7:08 p.m. Local,Angel Stadium of Anaheim,32891,3:10,Night,Away,Texas Rangers,TEX,Los Angeles Angels,LAA,33,5,7,5,5.0,5,6,39,0.212,0.316,0.333,0.649,147,81,0.205,1.03,0.476,,0.5,27,9,9.0,0,44,15,22,10,18,8,0,57,2,1,0.295,2.5,36,2,8,2,1.0,3,6,40,0.222,0.3,0.278,0.578,141,93,-0.295,0.5,0.507,,-2.5,27,7,9.0,1,51,16,26,14,16,8,0,35,0,0,-0.204,-0.5
ANA/ANA201809110,"Tuesday, September 11, 2018",7:07 p.m. Local,Angel Stadium of Anaheim,33756,2:45,Night,Home,Los Angeles Angels,LAA,Texas Rangers,TEX,29,0,2,0,0.0,3,7,32,0.069,0.156,0.069,0.225,119,81,-0.746,0.73,0.218,,-4.5,24,11,8.0,1,43,16,22,14,8,2,0,60,0,0,0.246,3.0,25,1,2,1,1.12,2,4,28,0.08,0.179,0.2,0.379,132,69,-0.248,1.42,0.241,,-3.0,27,13,9.0,0,47,8,14,12,9,4,0,53,3,0,0.746,4.5
ANA/ANA201809120,"Wednesday, September 12, 2018",7:10 p.m. Local,Angel Stadium of Anaheim,33028,2:50,Night,Home,Los Angeles Angels,LAA,Texas Rangers,TEX,33,1,8,1,1.0,2,5,35,0.242,0.286,0.333,0.619,145,74,-0.203,0.37,0.178,,-3.5,24,7,8.0,3,51,11,12,9,19,11,0,26,1,0,-0.296,-4.0,35,8,11,8,9.0,3,9,38,0.314,0.368,0.686,1.054,119,90,0.297,0.56,0.512,,4.0,27,10,9.0,1,55,12,23,11,15,6,0,62,0,0,0.204,3.5
SDN/SDN201809140,"Friday, September 14, 2018",7:12 p.m. Local,Petco Park,22740,2:42,Night,Away,Texas Rangers,TEX,San Diego Padres,SDP,34,4,9,3,3.0,0,10,34,0.265,0.265,0.441,0.706,145,78,0.081,1.02,0.507,,-0.0,27,12,9.0,0,38,19,21,11,13,8,0,52,0,0,0.418,4.0,28,0,5,0,0.0,5,8,33,0.179,0.303,0.179,0.482,118,87,-0.418,0.7,0.319,,-4.0,27,12,9.0,1,46,21,20,12,8,3,0,56,1,0,-0.081,0.0
SDN/SDN201809150,"Saturday, September 15, 2018",5:42 p.m. Local,Petco Park,28833,3:10,Night,Away,Texas Rangers,TEX,San Diego Padres,SDP,35,6,9,6,6.0,3,8,41,0.257,0.35,0.457,0.807,154,100,0.491,1.03,1.161,,2.0,27,11,9.0,1,53,15,32,10,18,9,0,52,0,0,0.009,1.0,32,3,8,3,3.0,5,7,38,0.25,0.351,0.375,0.726,159,96,-0.009,1.12,0.677,,-1.0,27,7,9.0,1,58,12,26,15,11,4,0,56,5,2,-0.492,-2.0
SDN/SDN201809160,"Sunday, September 16, 2018",1:11 p.m. Local,Petco Park,22242,3:15,Day,Home,San Diego Padres,SDP,Texas Rangers,TEX,33,3,8,3,3.0,3,7,38,0.242,0.342,0.545,0.888,148,90,-0.018,1.91,0.664,,-1.0,26,10,8.2,2,48,18,24,5,21,7,0,63,4,1,-0.483,-3.0,32,7,8,7,7.27,5,8,37,0.25,0.351,0.563,0.914,135,92,0.482,0.96,1.731,,3.0,27,8,9.0,2,56,18,19,8,16,6,0,48,3,0,0.018,1.0
TEX/TEX201809170,"Monday, September 17, 2018",7:08 p.m. Local,Globe Life Park in Arlington,21840,2:41,Night,Away,Tampa Bay Rays,TBR,Texas Rangers,TEX,31,3,8,3,3.0,4,6,36,0.258,0.333,0.419,0.753,134,74,-0.067,1.03,0.531,,-2.1,27,9,9.0,0,52,11,11,13,13,7,0,72,0,0,0.568,5.1,29,0,2,0,0.0,3,11,33,0.069,0.182,0.069,0.251,128,80,-0.567,0.77,0.185,,-5.1,27,10,9.0,1,39,15,26,11,7,4,0,50,2,0,0.068,2.1
TEX/TEX201809180,"Tuesday, September 18, 2018",7:09 p.m. Local,Globe Life Park in Arlington,23523,3:04,Night,Away,Tampa Bay Rays,TBR,Texas Rangers,TEX,39,4,15,4,4.0,3,8,44,0.385,0.455,0.538,0.993,138,105,0.068,0.83,0.64,,-1.1,27,11,9.0,0,64,16,25,17,14,6,0,68,0,0,0.433,5.1,30,0,4,0,0.0,2,7,32,0.133,0.188,0.167,0.354,164,92,-0.435,0.67,0.194,,-5.1,27,12,9.0,1,44,17,31,10,13,6,0,39,7,0,-0.066,1.1
TEX/TEX201809190,"Wednesday, September 19, 2018",1:08 p.m. Local,Globe Life Park in Arlington,25168,2:55,Day,Away,Tampa Bay Rays,TBR,Texas Rangers,TEX,41,9,16,9,8.0,4,8,45,0.39,0.444,0.683,1.127,127,100,0.36,0.57,0.636,,3.9,27,5,9.0,1,62,19,19,15,18,9,0,55,3,1,0.14,2.1,32,3,7,3,3.0,3,12,35,0.219,0.286,0.375,0.661,152,90,-0.141,0.43,0.248,,-2.1,27,9,9.0,2,48,19,23,6,14,5,0,15,1,1,-0.361,-3.9
TEX/TEX201809210,"Friday, September 21, 2018",7:09 p.m. Local,Globe Life Park in Arlington,29420,2:17,Night,Home,Texas Rangers,TEX,Seattle Mariners,SEA,28,3,9,3,4.05,3,2,31,0.321,0.387,0.464,0.851,113,69,-0.159,0.52,0.213,,-0.5,18,6,6.0,2,47,3,19,10,16,11,0,26,1,1,-0.314,-4.6,25,8,9,7,10.5,3,4,29,0.36,0.448,0.68,1.128,116,68,0.315,0.61,0.535,,4.6,20,7,6.2,0,43,8,17,7,14,6,0,51,1,0,0.159,0.5
TEX/TEX201809220,"Saturday, September 22, 2018",7:09 p.m. Local,Globe Life Park in Arlington,31158,3:07,Night,Away,Seattle Mariners,SEA,Texas Rangers,TEX,41,13,16,12,12.0,6,7,48,0.39,0.458,0.78,1.239,116,112,0.148,0.68,0.722,,7.9,27,11,9.0,0,64,18,30,10,25,15,0,72,0,0,0.352,5.1,28,0,3,0,0.0,2,5,30,0.107,0.167,0.107,0.274,190,74,-0.352,0.62,0.142,,-5.1,27,7,9.0,3,41,7,26,9,14,6,0,41,4,3,-0.149,-7.9
TEX/TEX201809230,"Sunday, September 23, 2018",2:09 p.m. Local,Globe Life Park in Arlington,31269,2:56,Day,Home,Texas Rangers,TEX,Seattle Mariners,SEA,33,1,6,1,1.0,2,4,35,0.182,0.229,0.212,0.441,135,90,-0.333,1.02,0.429,,-4.1,24,7,8.0,1,54,13,23,14,15,7,0,43,6,2,-0.169,-1.5,33,6,12,6,6.75,1,9,37,0.364,0.405,0.515,0.921,133,94,0.169,1.03,0.784,,1.5,27,12,9.0,0,54,19,21,12,13,8,0,55,1,0,0.331,4.1
ANA/ANA201809240,"Monday, September 24, 2018",7:09 p.m. Local,Angel Stadium of Anaheim,29052,3:12,Night,Home,Los Angeles Angels,LAA,Texas Rangers,TEX,40,4,7,4,3.27,1,10,41,0.175,0.195,0.35,0.545,155,86,-0.253,1.24,0.883,,-1.5,30,10,10.0,4,47,19,20,14,16,7,0,46,3,1,-0.247,0.0,36,5,7,4,4.5,5,8,42,0.194,0.31,0.556,0.865,133,95,0.247,1.32,1.23,,-0.0,33,12,11.0,2,64,17,14,11,17,4,0,60,0,0,0.254,1.5
ANA/ANA201809250,"Tuesday, September 25, 2018",7:09 p.m. Local,Angel Stadium of Anaheim,36308,3:01,Night,Home,Los Angeles Angels,LAA,Texas Rangers,TEX,33,1,6,1,1.0,1,10,35,0.182,0.229,0.303,0.532,126,85,-0.312,1.21,0.355,,-3.5,24,7,8.0,0,44,17,24,15,8,4,0,53,5,4,-0.187,0.0,27,4,5,4,2.25,5,2,33,0.185,0.303,0.222,0.525,134,70,0.187,0.89,0.797,,-0.0,27,9,9.0,1,50,5,15,9,17,9,0,62,0,0,0.314,3.5
ANA/ANA201809260,"Wednesday, September 26, 2018",7:07 p.m. Local,Angel Stadium of Anaheim,35991,2:41,Night,Home,Los Angeles Angels,LAA,Texas Rangers,TEX,33,2,7,2,2.0,1,11,34,0.212,0.235,0.394,0.629,137,87,-0.431,1.18,0.376,,-2.5,24,9,8.0,2,45,21,21,11,11,4,0,48,1,0,-0.069,1.0,27,3,5,3,3.38,6,8,33,0.185,0.333,0.444,0.778,126,76,0.069,1.06,0.873,,-1.0,27,12,9.0,2,35,22,19,10,9,3,0,64,0,0,0.431,2.5
SEA/SEA201809270,"Thursday, September 27, 2018",7:10 p.m. Local,Safeco Field,15799,2:36,Night,Away,Texas Rangers,TEX,Seattle Mariners,SEA,34,2,7,2,2.0,3,10,38,0.206,0.289,0.265,0.554,117,98,-0.099,1.19,0.556,,-2.3,27,9,9.0,0,61,15,22,10,14,6,0,71,0,0,0.6,4.3,30,0,3,0,0.0,1,7,31,0.1,0.129,0.1,0.229,143,75,-0.599,1.06,0.242,,-4.3,27,5,9.0,0,44,13,18,13,10,3,0,68,1,1,0.1,2.3
SEA/SEA201809280,"Friday, September 28, 2018",7:10 p.m. Local,Safeco Field,23598,3:47,Night,Home,Seattle Mariners,SEA,Texas Rangers,TEX,35,6,11,5,5.0,4,9,40,0.314,0.375,0.514,0.889,202,96,-0.15,0.57,0.457,,1.7,24,8,8.0,0,52,16,30,11,16,8,0,36,6,6,-0.349,-8.2,37,12,12,9,7.88,8,11,45,0.324,0.444,0.459,0.904,165,127,0.348,0.71,0.658,,8.2,27,8,9.0,1,72,27,28,9,17,12,0,37,2,0,0.15,-1.7
SEA/SEA201809290,"Saturday, September 29, 2018",6:11 p.m. Local,Safeco Field,31780,2:37,Night,Home,Seattle Mariners,SEA,Texas Rangers,TEX,36,1,10,1,1.0,0,13,37,0.278,0.297,0.306,0.603,97,102,-0.365,1.27,0.478,,-3.3,24,6,8.0,0,51,22,29,13,10,5,0,54,3,2,-0.135,-0.2,31,4,9,4,3.38,1,5,34,0.29,0.324,0.387,0.711,140,70,0.136,1.12,0.879,,0.2,27,6,9.0,0,46,9,15,8,19,10,0,63,0,0,0.364,3.3
SEA/SEA201809300,"Sunday, September 30, 2018",12:10 p.m. Local,Safeco Field,21146,2:14,Day,Home,Seattle Mariners,SEA,Texas Rangers,TEX,29,1,4,1,1.0,0,9,29,0.138,0.138,0.241,0.379,108,77,-0.452,0.69,0.172,,-3.3,24,5,8.0,0,46,17,14,8,12,1,0,41,1,1,-0.046,0.8,30,3,7,3,3.38,1,6,33,0.233,0.25,0.3,0.55,107,70,0.046,0.84,0.436,,-0.8,27,7,9.0,1,43,12,14,10,15,5,0,69,0,0,0.453,3.3
