,date,time,venue,attendance,duration,time_of_day,winner,winning_name,winning_abbr,losing_name,losing_abbr,away_at_bats,away_runs,away_hits,away_rbi,away_earned_runs,away_bases_on_balls,away_strikeouts,away_plate_appearances,away_batting_average,away_on_base_percentage,away_slugging_percentage,away_on_base_plus,away_pitches,away_strikes,away_win_probability_for_offensive_player,away_average_leverage_index,away_win_probability_added,away_win_probability_subtracted,away_base_out_runs_added,away_putouts,away_assists,away_innings_pitched,away_home_runs,away_strikes_by_contact,away_strikes_swinging,away_strikes_looking,away_grounded_balls,away_fly_balls,away_line_drives,away_unknown_bat_type,away_game_score,away_inherited_runners,away_inherited_score,away_win_probability_by_pitcher,away_base_out_runs_saved,home_at_bats,home_runs,home_hits,home_rbi,home_earned_runs,home_bases_on_balls,home_strikeouts,home_plate_appearances,home_batting_average,home_on_base_percentage,home_slugging_percentage,home_on_base_plus,home_pitches,home_strikes,home_win_probability_for_offensive_player,home_average_leverage_index,home_win_probability_added,home_win_probability_subtracted,home_base_out_runs_added,home_putouts,home_assists,home_innings_pitched,home_home_runs,home_strikes_by_contact,home_strikes_swinging,home_strikes_looking,home_grounded_balls,home_fly_balls,home_line_drives,home_unknown_bat_type,home_game_score,home_inherited_runners,home_inherited_score,home_win_probability_by_pitcher,home_base_out_runs_saved
CIN/CIN201803300,"Friday, March 30, 2018",4:10 p.m. Local,Great American Ball Park,43878,3:09,Day,Away,Washington Nationals,WSN,Cincinnati Reds,CIN,32,2,6,2,2.0,4,6,37,0.188,0.27,0.219,0.489,147,99,-0.228,1.49,0.416,,-2.4,27,6,9.0,0,57,15,27,12,15,4,0,71,0,0,0.728,4.4,34,0,7,0,0.0,2,14,36,0.206,0.25,0.235,0.485,152,102,-0.727,1.05,0.351,,-4.4,27,9,9.0,0,52,32,18,10,10,3,0,60,0,0,0.228,2.4
CIN/CIN201803310,"Saturday, March 31, 2018",2:10 p.m. Local,Great American Ball Park,27341,3:16,Day,Away,Washington Nationals,WSN,Cincinnati Reds,CIN,38,13,14,13,13.0,4,8,45,0.368,0.422,0.737,1.159,153,114,0.375,0.94,0.538,,8.6,27,8,9.0,3,61,24,29,11,21,9,0,55,4,0,0.124,-2.6,39,7,12,7,5.0,2,11,42,0.308,0.333,0.564,0.897,179,101,-0.125,0.36,0.538,,2.6,27,8,9.0,4,59,17,25,15,14,7,0,36,0,0,-0.377,-8.6
CIN/CIN201804010,"Sunday, April 1, 2018",4:10 p.m. Local,Great American Ball Park,10355,2:47,Day,Away,Washington Nationals,WSN,Cincinnati Reds,CIN,34,6,8,6,6.0,6,6,41,0.235,0.366,0.588,0.954,140,87,0.199,1.11,0.564,,1.6,27,5,9.0,1,45,13,29,15,13,5,0,64,4,1,0.303,-0.6,32,5,7,4,5.0,3,8,37,0.219,0.324,0.406,0.731,151,92,-0.301,0.52,0.575,,0.6,27,14,9.0,4,50,16,26,6,18,8,0,50,0,0,-0.197,-1.6
ATL/ATL201804020,"Monday, April 2, 2018",7:35 p.m. Local,SunTrust Park,25054,2:55,Night,Away,Washington Nationals,WSN,Atlanta Braves,ATL,37,8,10,8,7.0,10,10,48,0.27,0.438,0.432,0.87,117,120,0.322,0.53,0.602,,3.6,27,11,9.0,0,63,23,34,12,16,9,0,70,0,0,0.178,3.4,30,1,4,1,1.0,1,9,31,0.133,0.161,0.133,0.295,196,79,-0.176,0.42,0.206,,-3.4,27,8,9.0,1,50,10,19,11,10,5,0,33,4,1,-0.323,-3.6
ATL/ATL201804030,"Tuesday, April 3, 2018",7:47 p.m. Local,SunTrust Park,26782,3:10,Night,Home,Atlanta Braves,ATL,Washington Nationals,WSN,36,6,9,6,5.0,6,5,42,0.25,0.357,0.528,0.885,164,96,0.237,0.46,0.633,,1.6,24,8,8.0,2,62,12,22,13,18,8,0,2,1,0,-0.737,-9.1,36,13,15,13,14.62,5,9,44,0.417,0.5,0.694,1.194,154,103,0.736,0.62,0.885,,9.1,27,8,9.0,3,60,15,28,9,20,10,0,24,4,0,-0.237,-1.6
ATL/ATL201804040,"Wednesday, April 4, 2018",12:11 p.m. Local,SunTrust Park,29834,3:06,Day,Home,Atlanta Braves,ATL,Washington Nationals,WSN,32,1,6,1,1.0,6,12,40,0.188,0.35,0.219,0.569,157,90,-0.236,0.47,0.419,,-3.4,24,2,8.0,1,43,18,30,9,11,4,0,46,0,0,-0.264,-3.1,32,7,7,6,3.38,4,11,36,0.219,0.306,0.438,0.743,172,97,0.264,0.87,0.528,,3.1,27,7,9.0,0,49,21,27,4,17,3,0,62,5,0,0.237,3.4
WAS/WAS201804050,"Thursday, April 5, 2018",1:08 p.m. Local,Nationals Park,42477,2:57,Day,Away,New York Mets,NYM,Washington Nationals,WSN,34,8,8,7,8.0,4,10,39,0.235,0.333,0.559,0.892,147,98,0.347,1.02,0.847,,3.4,27,8,9.0,0,53,19,26,12,12,2,0,60,0,0,0.154,2.6,32,2,6,1,1.0,3,11,35,0.188,0.257,0.281,0.538,150,97,-0.153,0.81,0.552,,-2.6,27,10,9.0,3,48,22,27,10,11,6,0,50,0,0,-0.346,-3.4
WAS/WAS201804070,"Saturday, April 7, 2018",1:05 p.m. Local,Nationals Park,28952,2:59,Day,Away,New York Mets,NYM,Washington Nationals,WSN,34,3,8,3,3.0,5,10,39,0.235,0.333,0.324,0.657,161,86,0.039,1.44,0.856,,-1.6,27,8,9.0,1,43,16,27,12,12,6,0,65,1,0,0.463,2.6,31,2,5,2,1.0,3,10,35,0.161,0.235,0.258,0.493,138,100,-0.461,1.4,0.572,,-2.6,27,11,9.0,0,50,10,40,12,11,5,0,55,2,0,-0.039,1.6
WAS/WAS201804080,"Sunday, April 8, 2018",8:08 p.m. Local,Nationals Park,21579,4:03,Night,Away,New York Mets,NYM,Washington Nationals,WSN,42,6,9,6,4.5,5,18,48,0.214,0.298,0.405,0.703,194,119,-0.022,2.13,1.273,,-0.1,36,17,12.0,1,52,32,35,7,18,8,0,34,1,0,0.523,1.1,47,5,13,5,3.75,7,7,55,0.277,0.382,0.404,0.786,187,114,-0.523,1.45,1.58,,-1.1,36,9,12.0,2,63,17,36,22,18,9,0,42,0,0,0.023,0.1
WAS/WAS201804090,"Monday, April 9, 2018",7:06 p.m. Local,Nationals Park,19528,2:21,Night,Home,Washington Nationals,WSN,Atlanta Braves,ATL,28,0,2,0,0.0,0,10,28,0.071,0.071,0.071,0.143,133,72,-0.558,0.73,0.074,,-4.6,24,7,8.0,0,41,16,15,9,9,2,0,57,0,0,0.058,2.1,29,2,6,2,2.25,7,10,36,0.207,0.361,0.345,0.706,102,88,-0.057,0.92,0.465,,-2.1,27,6,9.0,0,39,22,27,8,12,6,0,93,,,0.558,4.6
WAS/WAS201804100,"Tuesday, April 10, 2018",7:06 p.m. Local,Nationals Park,19357,2:44,Night,Home,Washington Nationals,WSN,Atlanta Braves,ATL,31,1,5,1,1.0,3,9,34,0.161,0.235,0.258,0.493,155,76,-0.37,0.56,0.213,,-3.6,24,7,8.0,0,45,9,22,10,12,8,0,48,0,0,-0.127,0.1,32,4,8,3,2.25,2,7,35,0.25,0.294,0.375,0.669,124,98,0.127,0.74,0.443,,-0.1,27,10,9.0,0,59,12,27,10,16,8,0,82,2,1,0.372,3.6
WAS/WAS201804110,"Wednesday, April 11, 2018",1:06 p.m. Local,Nationals Park,21109,3:43,Day,Away,Atlanta Braves,ATL,Washington Nationals,WSN,46,5,11,5,3.75,7,16,54,0.239,0.352,0.5,0.852,158,118,0.334,2.04,1.671,,-1.1,36,18,12.0,1,61,22,36,13,19,4,0,56,0,0,0.167,3.1,41,3,10,3,2.25,3,11,46,0.244,0.311,0.341,0.653,192,101,-0.166,1.5,1.665,,-3.1,36,7,12.0,3,57,17,27,16,15,12,0,57,1,0,-0.333,1.1
WAS/WAS201804120,"Thursday, April 12, 2018",7:06 p.m. Local,Nationals Park,24213,2:43,Night,Away,Colorado Rockies,COL,Washington Nationals,WSN,37,5,9,4,4.0,3,10,40,0.243,0.3,0.486,0.786,125,107,0.21,0.7,0.627,,0.4,27,9,9.0,1,69,14,24,16,13,5,0,70,0,0,0.291,3.6,29,1,4,1,1.0,2,7,31,0.138,0.194,0.276,0.469,163,77,-0.291,0.57,0.222,,-3.6,27,9,9.0,2,42,10,25,8,14,7,0,51,0,0,-0.21,-0.4
WAS/WAS201804130,"Friday, April 13, 2018",7:05 p.m. Local,Nationals Park,32702,3:04,Night,Away,Colorado Rockies,COL,Washington Nationals,WSN,31,2,5,2,1.0,1,9,33,0.161,0.182,0.258,0.44,167,88,-0.183,1.5,0.462,,-2.6,27,9,9.0,0,60,11,19,10,13,4,0,53,2,0,0.681,3.6,30,1,4,1,1.0,4,10,35,0.133,0.229,0.167,0.395,136,102,-0.682,0.95,0.313,,-3.6,27,6,9.0,1,61,18,23,10,11,5,0,62,2,0,0.183,2.6
WAS/WAS201804140,"Saturday, April 14, 2018",1:05 p.m. Local,Nationals Park,31700,2:53,Day,Home,Washington Nationals,WSN,Colorado Rockies,COL,29,2,2,2,2.0,2,14,31,0.069,0.129,0.172,0.301,139,96,-0.167,0.9,0.231,,-2.6,24,7,8.0,1,49,26,21,6,9,1,0,38,2,1,-0.335,-1.9,34,6,12,6,6.75,3,7,37,0.353,0.405,0.5,0.905,140,91,0.333,0.59,0.836,,1.9,27,5,9.0,1,48,15,28,8,19,13,0,77,0,0,0.166,2.6
WAS/WAS201804150,"Sunday, April 15, 2018",1:36 p.m. Local,Nationals Park,25462,3:14,Day,Away,Colorado Rockies,COL,Washington Nationals,WSN,33,6,6,6,6.0,1,10,34,0.182,0.206,0.485,0.691,173,85,0.619,1.82,1.305,,1.4,27,9,9.0,2,49,15,21,10,13,3,0,52,6,2,-0.122,-0.4,28,5,5,2,3.0,10,10,40,0.179,0.41,0.464,0.875,136,90,0.121,1.1,1.399,,0.4,27,7,9.0,3,44,23,23,5,14,4,0,52,0,0,-0.62,-1.4
NYN/NYN201804160,"Monday, April 16, 2018",7:10 p.m. Local,Citi Field,22829,3:25,Night,Away,Washington Nationals,WSN,New York Mets,NYM,36,8,10,8,8.0,4,13,41,0.278,0.366,0.444,0.81,156,98,0.497,0.93,1.182,,4.0,27,11,9.0,1,45,27,26,12,11,5,0,44,1,0,0.005,-2.0,34,6,10,6,5.0,4,6,39,0.294,0.368,0.529,0.898,152,99,-0.004,1.3,0.643,,2.0,27,7,9.0,2,58,13,28,14,15,6,0,65,10,6,-0.496,-4.0
NYN/NYN201804170,"Tuesday, April 17, 2018",7:11 p.m. Local,Citi Field,22724,3:11,Night,Away,Washington Nationals,WSN,New York Mets,NYM,34,5,10,5,5.0,5,4,41,0.294,0.375,0.353,0.728,167,95,0.225,1.38,0.742,,1.0,27,8,9.0,0,53,12,30,17,15,8,0,47,2,0,0.275,2.0,36,2,11,2,2.0,3,12,40,0.306,0.35,0.333,0.683,152,106,-0.275,0.89,0.714,,-2.0,27,12,9.0,0,53,23,30,14,11,7,0,45,0,0,-0.225,-1.0
NYN/NYN201804180,"Wednesday, April 18, 2018",7:10 p.m. Local,Citi Field,23117,2:51,Night,Home,New York Mets,NYM,Washington Nationals,WSN,30,5,5,5,5.0,1,12,32,0.167,0.188,0.433,0.621,149,90,0.154,1.76,0.42,,1.0,24,9,8.0,1,41,25,25,11,8,2,0,68,5,4,-0.654,-7.4,32,11,8,11,12.38,6,7,39,0.25,0.385,0.406,0.791,141,91,0.655,0.51,1.592,,7.4,27,10,9.0,2,54,13,24,14,11,6,0,49,0,0,-0.155,-1.0
LAN/LAN201804200,"Friday, April 20, 2018",7:10 p.m. Local,Dodger Stadium,50211,3:09,Night,Away,Washington Nationals,WSN,Los Angeles Dodgers,LAD,36,5,10,5,5.0,3,6,39,0.278,0.333,0.361,0.694,151,88,0.174,1.27,0.554,,0.7,27,7,9.0,0,54,12,22,18,12,7,0,66,2,1,0.328,2.3,32,2,6,2,2.0,4,12,38,0.188,0.316,0.281,0.597,127,96,-0.326,0.68,0.606,,-2.3,27,13,9.0,0,43,27,26,11,9,2,0,47,3,0,-0.173,-0.7
LAN/LAN201804210,"Saturday, April 21, 2018",6:10 p.m. Local,Dodger Stadium,50908,2:29,Night,Home,Los Angeles Dodgers,LAD,Washington Nationals,WSN,29,0,2,0,0.0,4,11,33,0.069,0.182,0.069,0.251,127,77,-0.538,0.77,0.132,,-4.3,24,5,8.0,3,35,16,26,10,8,2,0,67,0,0,0.038,-0.2,29,4,7,4,4.5,3,10,33,0.241,0.333,0.552,0.885,117,83,-0.036,0.93,0.466,,0.2,27,9,9.0,0,44,16,23,4,15,6,0,78,0,0,0.537,4.3
LAN/LAN201804220,"Sunday, April 22, 2018",5:07 p.m. Local,Dodger Stadium,51297,3:21,Night,Home,Los Angeles Dodgers,LAD,Washington Nationals,WSN,33,3,9,3,2.0,3,9,38,0.273,0.316,0.455,0.77,138,98,-0.29,1.27,0.823,,-1.3,24,10,8.0,0,54,19,25,10,16,8,0,53,3,1,-0.211,-0.2,26,4,5,4,4.5,4,8,32,0.192,0.313,0.346,0.659,149,81,0.213,1.62,0.88,,0.2,27,10,9.0,1,46,10,26,11,8,5,0,53,0,0,0.29,1.3
SFN/SFN201804230,"Monday, April 23, 2018",7:15 p.m. Local,AT&T Park,36983,2:44,Night,Home,San Francisco Giants,SFG,Washington Nationals,WSN,31,2,5,2,2.0,4,8,37,0.161,0.243,0.226,0.469,130,99,-0.328,0.93,0.555,,-2.0,24,8,8.0,1,55,15,29,12,13,6,0,48,1,1,-0.171,-0.4,31,4,6,4,4.5,3,7,34,0.194,0.265,0.387,0.652,151,83,0.171,1.22,0.66,,0.4,27,9,9.0,0,45,13,25,12,12,4,0,60,1,0,0.329,2.0
SFN/SFN201804240,"Tuesday, April 24, 2018",7:15 p.m. Local,AT&T Park,37147,2:27,Night,Home,San Francisco Giants,SFG,Washington Nationals,WSN,30,3,6,3,3.0,3,6,34,0.2,0.273,0.333,0.606,131,78,-0.368,0.91,0.604,,-1.0,24,8,8.0,2,45,11,22,17,8,5,0,46,0,0,-0.133,-0.4,30,4,7,3,4.5,3,4,34,0.233,0.324,0.433,0.757,120,79,0.133,1.36,0.662,,0.4,27,18,9.0,1,53,8,21,11,16,6,0,48,0,0,0.368,1.0
SFN/SFN201804250,"Wednesday, April 25, 2018",12:45 p.m. Local,AT&T Park,35126,3:13,Day,Away,Washington Nationals,WSN,San Francisco Giants,SFG,46,15,18,14,12.0,6,6,53,0.391,0.472,0.543,1.015,140,118,0.413,0.32,0.695,,11.0,27,6,9.0,0,74,21,23,19,21,10,0,62,0,0,0.088,2.0,34,2,7,2,2.0,3,11,38,0.206,0.289,0.353,0.642,190,98,-0.087,0.41,0.171,,-2.0,27,11,9.0,1,50,19,29,10,13,7,0,21,3,2,-0.413,-11.0
WAS/WAS201804270,"Friday, April 27, 2018",7:05 p.m. Local,Nationals Park,26517,3:02,Night,Away,Arizona Diamondbacks,ARI,Washington Nationals,WSN,31,5,6,5,5.0,2,8,34,0.194,0.235,0.387,0.622,163,80,0.183,1.62,0.767,,0.4,27,11,9.0,1,46,15,19,11,13,8,0,32,0,0,0.317,0.6,37,4,11,4,4.0,3,11,41,0.297,0.341,0.405,0.747,119,104,-0.318,0.97,0.817,,-0.6,27,11,9.0,1,58,21,25,16,11,7,0,46,1,0,-0.183,-0.4
WAS/WAS201804280,"Saturday, April 28, 2018",4:05 p.m. Local,Nationals Park,32963,3:16,Day,Away,Arizona Diamondbacks,ARI,Washington Nationals,WSN,37,4,9,4,3.6,4,7,41,0.243,0.317,0.432,0.75,128,97,0.099,1.61,1.376,,-1.1,30,16,10.0,2,55,10,32,12,18,5,0,54,1,0,0.4,2.1,36,3,8,3,2.7,3,10,41,0.222,0.317,0.472,0.789,139,90,-0.401,1.82,0.849,,-2.1,30,10,10.0,2,47,14,29,17,10,5,0,50,5,1,-0.099,1.1
WAS/WAS201804290,"Sunday, April 29, 2018",1:36 p.m. Local,Nationals Park,30285,2:49,Day,Home,Washington Nationals,WSN,Arizona Diamondbacks,ARI,32,1,8,1,1.0,2,10,35,0.25,0.286,0.313,0.598,136,89,-0.439,0.6,0.428,,-3.6,24,15,8.0,2,50,11,28,10,13,6,0,54,1,0,-0.06,1.1,31,3,7,2,2.25,5,4,36,0.226,0.333,0.452,0.785,136,83,0.06,1.21,0.433,,-1.1,27,10,9.0,0,53,14,16,19,8,2,0,67,0,0,0.441,3.6
WAS/WAS201804300,"Monday, April 30, 2018",7:05 p.m. Local,Nationals Park,20879,2:34,Night,Home,Washington Nationals,WSN,Pittsburgh Pirates,PIT,30,2,6,2,2.0,2,4,32,0.2,0.25,0.333,0.583,130,77,-0.522,0.92,0.375,,-2.6,24,11,8.0,0,49,7,21,12,14,5,0,49,0,0,0.022,1.1,32,3,9,3,3.38,3,7,35,0.281,0.343,0.344,0.687,125,89,-0.022,1.19,0.48,,-1.1,27,12,9.0,1,56,13,20,16,9,4,0,59,0,0,0.522,2.6
WAS/WAS201805010,"Tuesday, May 1, 2018",7:05 p.m. Local,Nationals Park,23534,2:58,Night,Home,Washington Nationals,WSN,Pittsburgh Pirates,PIT,35,4,8,4,4.0,3,11,38,0.229,0.289,0.514,0.804,152,106,-0.293,0.37,0.073,,-0.6,24,13,8.0,4,63,15,28,7,17,5,0,37,1,1,-0.208,-7.9,35,12,10,12,11.25,4,6,39,0.286,0.359,0.657,1.016,159,95,0.208,0.41,0.45,,7.9,27,5,9.0,2,59,18,19,14,15,8,0,65,0,0,0.292,0.6
WAS/WAS201805020,"Wednesday, May 2, 2018",7:06 p.m. Local,Nationals Park,27086,2:55,Night,Home,Washington Nationals,WSN,Pittsburgh Pirates,PIT,35,3,9,3,2.0,2,12,37,0.257,0.297,0.371,0.669,152,88,-0.087,0.65,0.422,,-1.6,24,8,8.0,2,45,22,21,12,11,6,0,19,2,0,-0.415,-4.9,38,9,14,7,6.75,3,10,42,0.368,0.415,0.605,1.02,137,93,0.416,0.82,0.726,,4.9,27,9,9.0,1,51,17,25,12,17,8,0,63,0,0,0.086,1.6
WAS/WAS201805030,"Thursday, May 3, 2018",1:05 p.m. Local,Nationals Park,30434,2:42,Day,Home,Washington Nationals,WSN,Pittsburgh Pirates,PIT,32,1,5,1,0.0,0,5,33,0.156,0.182,0.188,0.369,128,76,-0.492,0.81,0.293,,-3.6,24,10,8.0,2,49,11,16,12,15,6,0,51,0,0,-0.008,1.1,27,3,4,3,3.38,2,4,30,0.148,0.207,0.37,0.577,110,71,0.008,1.13,0.449,,-1.1,27,10,9.0,0,42,14,15,13,11,5,0,67,4,1,0.492,3.6
WAS/WAS201805040,"Friday, May 4, 2018",7:05 p.m. Local,Nationals Park,35497,2:49,Night,Home,Washington Nationals,WSN,Philadelphia Phillies,PHI,34,3,7,3,3.0,2,9,36,0.206,0.25,0.471,0.721,143,92,-0.161,0.34,0.196,,-1.6,24,6,8.0,3,45,15,32,13,12,5,0,17,1,1,-0.339,-2.9,32,7,9,7,7.88,7,8,39,0.281,0.41,0.594,1.004,145,92,0.34,0.52,0.453,,2.9,27,11,9.0,2,53,17,22,8,16,8,0,66,0,0,0.161,1.6
WAS/WAS201805050,"Saturday, May 5, 2018",4:05 p.m. Local,Nationals Park,34687,3:13,Day,Away,Philadelphia Phillies,PHI,Washington Nationals,WSN,32,3,7,3,3.0,6,11,38,0.219,0.342,0.375,0.717,152,93,-0.013,1.28,0.484,,-1.6,27,12,9.0,1,42,20,31,11,10,6,0,61,1,0,0.513,3.6,27,1,2,1,1.0,8,7,36,0.074,0.306,0.185,0.491,160,94,-0.511,0.72,0.522,,-3.6,27,10,9.0,1,58,18,18,10,10,2,0,55,1,0,0.012,1.6
WAS/WAS201805060,"Sunday, May 6, 2018",1:35 p.m. Local,Nationals Park,30611,3:33,Day,Home,Washington Nationals,WSN,Philadelphia Phillies,PHI,36,4,9,4,4.0,2,18,39,0.25,0.308,0.444,0.752,146,108,0.114,1.73,0.958,,-0.6,24,11,8.0,1,51,28,29,5,13,10,0,64,2,1,-0.613,-2.7,29,5,7,5,5.62,6,6,36,0.241,0.389,0.345,0.734,164,88,0.614,1.17,1.368,,2.7,27,5,9.0,1,52,14,23,13,10,3,0,72,2,2,-0.114,0.6
SDN/SDN201805070,"Monday, May 7, 2018",7:12 p.m. Local,Petco Park,17296,3:00,Night,Away,Washington Nationals,WSN,San Diego Padres,SDP,34,8,8,8,8.0,7,8,42,0.235,0.381,0.588,0.969,152,102,0.358,0.77,0.709,,4.0,27,13,9.0,0,59,16,27,10,17,10,0,57,0,0,0.143,-1.0,31,5,8,5,5.0,3,9,36,0.258,0.333,0.355,0.688,160,95,-0.144,0.57,0.376,,1.0,27,10,9.0,3,55,18,24,17,6,3,0,43,0,0,-0.358,-4.0
SDN/SDN201805080,"Tuesday, May 8, 2018",7:10 p.m. Local,Petco Park,18989,2:31,Night,Away,Washington Nationals,WSN,San Diego Padres,SDP,33,4,9,4,4.0,1,10,36,0.273,0.286,0.364,0.649,116,91,0.057,0.83,0.467,,-0.0,27,10,9.0,0,53,14,24,15,11,7,0,78,2,0,0.443,4.0,29,0,3,0,0.0,1,8,30,0.103,0.133,0.103,0.237,132,77,-0.444,0.67,0.149,,-4.0,27,12,9.0,0,38,17,22,11,10,4,0,64,0,0,-0.057,0.0
SDN/SDN201805090,"Wednesday, May 9, 2018",6:12 p.m. Local,Petco Park,18804,2:50,Night,Home,San Diego Padres,SDP,Washington Nationals,WSN,32,1,8,1,1.0,2,12,34,0.25,0.294,0.375,0.669,136,84,-0.542,1.32,0.664,,-3.0,24,9,8.0,0,40,16,28,8,12,7,0,63,2,0,0.043,1.6,30,2,8,2,2.25,5,8,35,0.267,0.371,0.367,0.738,126,78,-0.043,1.57,0.811,,-1.6,27,12,9.0,1,37,13,28,14,8,3,0,56,2,0,0.544,3.0
ARI/ARI201805100,"Thursday, May 10, 2018",6:40 p.m. Local,Chase Field,17397,3:42,Night,Away,Washington Nationals,WSN,Arizona Diamondbacks,ARI,40,2,9,1,1.64,1,6,42,0.225,0.244,0.3,0.544,167,108,-0.302,1.61,0.892,,-3.6,33,10,11.0,0,63,14,31,21,14,4,0,69,1,0,0.801,4.6,40,1,8,1,0.82,2,9,43,0.2,0.256,0.225,0.481,159,106,-0.799,1.59,0.626,,-4.6,33,16,11.0,0,54,21,31,16,15,7,0,71,4,2,0.301,3.6
ARI/ARI201805110,"Friday, May 11, 2018",6:40 p.m. Local,Chase Field,22901,2:24,Night,Away,Washington Nationals,WSN,Arizona Diamondbacks,ARI,33,3,7,3,3.0,1,4,35,0.212,0.257,0.485,0.742,126,74,-0.062,1.24,0.582,,-1.6,27,1,9.0,1,53,7,14,12,17,8,0,76,0,0,0.562,3.6,32,1,5,1,1.0,0,14,32,0.156,0.156,0.313,0.469,105,94,-0.562,0.89,0.403,,-3.6,27,10,9.0,2,48,23,23,4,14,9,0,58,0,0,0.062,1.6
ARI/ARI201805120,"Saturday, May 12, 2018",1:05 p.m. Local,Chase Field,29428,3:17,Day,Away,Washington Nationals,WSN,Arizona Diamondbacks,ARI,32,2,7,2,2.0,7,7,40,0.219,0.359,0.25,0.609,145,102,-0.219,1.78,0.677,,-2.6,27,5,9.0,0,56,15,31,14,12,7,0,68,0,0,0.719,3.6,32,1,5,1,1.0,2,12,36,0.156,0.229,0.188,0.416,167,94,-0.717,1.23,0.549,,-3.6,27,12,9.0,0,44,21,29,9,12,7,0,43,2,0,0.218,2.6
ARI/ARI201805130,"Sunday, May 13, 2018",5:07 p.m. Local,Chase Field,31906,3:09,Night,Away,Washington Nationals,WSN,Arizona Diamondbacks,ARI,36,6,9,6,6.0,2,8,38,0.25,0.289,0.639,0.928,132,92,0.447,1.52,0.91,,1.4,27,11,9.0,0,53,16,23,13,15,4,0,61,2,0,0.052,0.6,35,4,9,4,4.0,1,12,37,0.257,0.278,0.371,0.649,147,93,-0.054,0.82,0.98,,-0.6,27,12,9.0,4,51,19,26,13,11,10,0,48,0,0,-0.447,-1.4
WAS/WAS201805150,"Tuesday, May 15, 2018",7:06 p.m. Local,Nationals Park,41567,2:55,Night,Home,Washington Nationals,WSN,New York Yankees,NYY,33,3,9,3,2.0,4,9,40,0.273,0.359,0.485,0.844,136,97,-0.244,0.64,0.847,,-1.6,24,11,8.0,2,55,20,22,12,14,7,0,49,0,0,-0.255,-0.9,31,5,8,5,5.62,1,7,32,0.258,0.281,0.548,0.83,161,90,0.256,1.44,0.631,,0.9,27,13,9.0,1,48,21,22,12,12,6,0,46,1,0,0.246,1.6
WAS/WAS201805191,"Saturday, May 19, 2018",2:05 p.m. Local,Nationals Park,26740,3:00,Day,Away,Los Angeles Dodgers,LAD,Washington Nationals,WSN,32,4,7,4,4.0,2,9,37,0.219,0.27,0.344,0.614,140,89,0.068,1.19,0.54,,-0.6,27,10,9.0,0,50,12,27,11,14,5,0,69,0,0,0.431,3.6,32,1,6,1,1.0,0,10,32,0.188,0.188,0.188,0.375,140,96,-0.432,0.92,0.342,,-3.6,27,7,9.0,0,56,11,29,11,11,6,0,60,0,0,-0.069,0.6
WAS/WAS201805192,"Saturday, May 19, 2018",8:05 p.m. Local,Nationals Park,32378,3:27,Night,Away,Los Angeles Dodgers,LAD,Washington Nationals,WSN,36,5,10,5,5.0,4,15,40,0.278,0.35,0.583,0.933,139,112,0.498,1.46,1.464,,0.4,27,8,9.0,0,53,23,36,8,13,4,0,59,4,4,0.004,0.6,31,4,4,4,4.0,4,8,37,0.129,0.27,0.194,0.464,161,87,-0.002,1.4,0.873,,-0.6,27,7,9.0,2,57,16,14,13,10,0,0,69,0,0,-0.497,-0.4
WAS/WAS201805200,"Sunday, May 20, 2018",1:37 p.m. Local,Nationals Park,40201,3:08,Day,Away,Los Angeles Dodgers,LAD,Washington Nationals,WSN,33,7,7,7,7.0,6,9,39,0.212,0.333,0.576,0.909,143,101,0.203,0.83,0.773,,2.4,27,7,9.0,1,51,10,40,10,14,7,0,61,2,0,0.297,2.6,31,2,4,2,2.0,3,10,34,0.129,0.206,0.226,0.432,158,89,-0.299,0.8,0.341,,-2.6,27,12,9.0,3,54,14,21,8,13,5,0,55,2,0,-0.203,-2.4
WAS/WAS201805210,"Monday, May 21, 2018",7:05 p.m. Local,Nationals Park,27890,2:27,Night,Home,Washington Nationals,WSN,San Diego Padres,SDP,31,2,4,2,2.0,3,8,34,0.129,0.206,0.226,0.432,145,91,-0.151,0.29,0.124,,-2.6,24,9,8.0,4,51,14,26,11,12,5,0,26,0,0,-0.349,-5.9,37,10,15,10,11.25,2,4,40,0.405,0.436,0.892,1.328,144,93,0.35,0.38,0.478,,5.9,27,10,9.0,1,65,14,14,12,22,12,0,67,0,0,0.15,2.6
WAS/WAS201805220,"Tuesday, May 22, 2018",7:15 p.m. Local,Nationals Park,25700,2:48,Night,Home,Washington Nationals,WSN,San Diego Padres,SDP,31,1,7,1,1.0,1,10,32,0.226,0.25,0.355,0.605,141,75,-0.549,1.39,0.344,,-3.6,25,8,8.1,1,38,13,24,11,10,6,0,61,0,0,0.05,1.9,32,2,8,2,2.16,3,9,35,0.25,0.314,0.375,0.689,119,95,-0.049,1.18,0.846,,-1.9,27,11,9.0,1,57,19,19,8,15,6,0,58,1,0,0.549,3.6
WAS/WAS201805230,"Wednesday, May 23, 2018",4:05 p.m. Local,Nationals Park,31076,3:00,Day,Away,San Diego Padres,SDP,Washington Nationals,WSN,33,3,8,3,3.0,2,9,35,0.242,0.286,0.333,0.619,143,88,-0.023,1.4,0.531,,-1.6,27,8,9.0,1,49,16,25,10,14,8,0,68,1,0,0.522,3.6,33,1,7,1,1.0,1,12,34,0.212,0.235,0.333,0.569,147,96,-0.521,0.81,0.521,,-3.6,27,9,9.0,0,47,22,27,7,14,8,0,50,1,0,0.021,1.6
MIA/MIA201805250,"Friday, May 25, 2018",7:11 p.m. Local,Marlins Park,7512,3:37,Night,Away,Washington Nationals,WSN,Miami Marlins,MIA,36,9,10,7,7.0,5,10,42,0.278,0.381,0.528,0.909,171,107,0.735,1.22,1.153,,4.9,27,5,9.0,1,67,17,23,15,11,3,0,44,5,0,-0.234,-0.9,38,5,10,5,5.0,4,9,43,0.263,0.349,0.421,0.77,181,113,0.233,0.78,1.065,,0.9,27,10,9.0,2,70,21,22,9,20,7,0,52,3,2,-0.734,-4.9
MIA/MIA201805260,"Saturday, May 26, 2018",4:10 p.m. Local,Marlins Park,11646,2:56,Day,Away,Washington Nationals,WSN,Miami Marlins,MIA,34,4,7,4,4.0,4,8,38,0.206,0.289,0.441,0.731,136,97,0.183,1.25,0.94,,-0.1,27,12,9.0,0,56,16,25,11,15,6,0,68,2,0,0.317,3.1,31,1,6,1,1.0,2,7,34,0.194,0.242,0.258,0.5,142,91,-0.318,1.07,0.622,,-3.1,27,10,9.0,2,55,14,22,16,9,3,0,72,2,0,-0.182,0.1
MIA/MIA201805270,"Sunday, May 27, 2018",1:12 p.m. Local,Marlins Park,11651,3:08,Day,Away,Washington Nationals,WSN,Miami Marlins,MIA,35,5,11,5,5.0,2,4,38,0.314,0.342,0.714,1.056,189,86,0.134,0.92,0.585,,0.9,27,3,9.0,1,53,8,25,10,22,10,0,67,2,0,0.367,2.1,35,2,7,2,1.0,2,11,38,0.2,0.263,0.314,0.577,131,121,-0.369,0.59,0.316,,-2.1,27,10,9.0,2,74,20,27,7,17,9,0,50,0,0,-0.133,-0.9
BAL/BAL201805280,"Monday, May 28, 2018",1:11 p.m. Local,Oriole Park at Camden Yards,36139,2:44,Day,Away,Washington Nationals,WSN,Baltimore Orioles,BAL,36,6,10,6,6.0,4,6,40,0.278,0.35,0.417,0.767,128,94,0.128,0.72,0.461,,1.5,27,15,9.0,0,60,9,25,15,15,5,0,68,1,0,0.372,4.5,31,0,7,0,0.0,2,3,33,0.226,0.273,0.258,0.531,145,77,-0.371,0.47,0.226,,-4.5,27,9,9.0,1,54,8,15,15,13,5,0,55,2,0,-0.128,-1.5
BAL/BAL201805290,"Tuesday, May 29, 2018",7:06 p.m. Local,Oriole Park at Camden Yards,13935,3:14,Night,Away,Washington Nationals,WSN,Baltimore Orioles,BAL,37,3,12,3,3.0,2,9,39,0.324,0.359,0.514,0.872,152,100,-0.104,1.89,0.795,,-1.5,27,9,9.0,1,61,21,18,10,18,10,0,50,0,0,0.605,2.5,33,2,9,2,2.0,0,9,36,0.273,0.333,0.394,0.727,143,94,-0.606,1.17,0.715,,-2.5,27,9,9.0,2,50,18,26,9,15,5,0,44,0,0,0.106,1.5
BAL/BAL201805300,"Wednesday, May 30, 2018",7:06 p.m. Local,Oriole Park at Camden Yards,20370,2:34,Night,Away,Washington Nationals,WSN,Baltimore Orioles,BAL,33,2,7,2,2.0,2,2,35,0.212,0.257,0.333,0.59,125,92,-0.149,1.36,0.38,,-2.5,27,6,9.0,0,60,13,19,11,20,7,0,89,0,0,0.648,4.5,30,0,4,0,0.0,1,12,31,0.133,0.161,0.167,0.328,143,91,-0.648,0.77,0.339,,-4.5,27,7,9.0,1,46,29,16,5,13,7,0,61,0,0,0.147,2.5
ATL/ATL201805310,"Thursday, May 31, 2018",7:36 p.m. Local,SunTrust Park,22380,2:39,Night,Home,Atlanta Braves,ATL,Washington Nationals,WSN,30,2,5,2,2.0,2,7,34,0.167,0.212,0.233,0.445,122,86,-0.375,1.06,0.424,,-2.4,24,13,8.0,0,49,16,21,13,12,6,0,42,5,0,-0.125,-0.1,28,4,7,3,4.5,6,5,35,0.25,0.4,0.393,0.793,127,64,0.123,1.19,0.72,,0.1,27,11,9.0,0,40,12,13,12,11,5,0,61,0,0,0.376,2.4
ATL/ATL201806010,"Friday, June 1, 2018",7:46 p.m. Local,SunTrust Park,33845,2:24,Night,Home,Atlanta Braves,ATL,Washington Nationals,WSN,28,0,2,0,0.0,1,11,29,0.071,0.103,0.071,0.175,125,73,-0.476,0.84,0.05,,-4.4,24,10,8.0,1,38,12,23,10,7,4,0,56,0,0,-0.026,-0.1,32,4,9,4,3.38,1,10,33,0.281,0.303,0.375,0.678,106,90,0.026,0.71,0.517,,0.1,27,10,9.0,0,51,18,21,13,9,5,0,93,,,0.474,4.4
ATL/ATL201806020,"Saturday, June 2, 2018",4:10 p.m. Local,SunTrust Park,39578,4:00,Day,Away,Washington Nationals,WSN,Atlanta Braves,ATL,51,5,9,5,3.21,3,18,55,0.176,0.236,0.333,0.57,177,141,-0.328,1.26,1.213,,-1.8,42,11,14.0,1,75,28,38,18,15,7,0,64,0,0,0.828,3.8,47,3,5,3,1.93,0,16,47,0.106,0.106,0.191,0.298,206,120,-0.829,1.52,0.476,,-3.8,42,12,14.0,2,66,23,31,13,18,6,0,63,0,0,0.329,1.8
ATL/ATL201806030,"Sunday, June 3, 2018",1:36 p.m. Local,SunTrust Park,33132,2:47,Day,Home,Atlanta Braves,ATL,Washington Nationals,WSN,30,2,3,2,0.0,2,8,33,0.1,0.156,0.233,0.39,130,85,-0.364,1.34,0.582,,-2.4,25,10,8.1,2,55,7,23,12,11,4,0,49,1,1,-0.137,0.1,31,4,7,4,3.24,4,3,36,0.226,0.333,0.516,0.849,132,78,0.137,1.36,1.002,,-0.1,27,8,9.0,1,48,11,19,10,18,5,0,73,0,0,0.363,2.4
WAS/WAS201806050,"Tuesday, June 5, 2018",7:06 p.m. Local,Nationals Park,32165,2:16,Night,Home,Washington Nationals,WSN,Tampa Bay Rays,TBR,31,2,5,2,2.0,0,14,31,0.161,0.161,0.226,0.387,134,86,-0.357,0.54,0.215,,-2.6,24,7,8.0,1,43,26,17,8,9,7,0,46,0,0,-0.143,0.1,29,4,4,3,4.5,1,8,30,0.138,0.167,0.31,0.477,106,96,0.142,0.8,0.424,,-0.1,27,7,9.0,0,56,17,23,10,11,3,0,77,0,0,0.358,2.6
WAS/WAS201806060,"Wednesday, June 6, 2018",1:05 p.m. Local,Nationals Park,33106,2:50,Day,Home,Washington Nationals,WSN,Tampa Bay Rays,TBR,33,2,7,2,2.0,2,8,35,0.212,0.257,0.364,0.621,169,84,-0.123,0.35,0.126,,-2.6,24,8,8.0,0,44,12,28,11,14,9,0,24,3,3,-0.377,-6.9,38,11,15,9,10.12,4,7,42,0.395,0.452,0.5,0.952,126,109,0.377,0.32,0.536,,6.9,27,9,9.0,1,62,20,27,12,19,12,0,55,0,0,0.123,2.6
WAS/WAS201806080,"Friday, June 8, 2018",7:06 p.m. Local,Nationals Park,41591,3:04,Night,Away,San Francisco Giants,SFG,Washington Nationals,WSN,40,9,15,9,9.0,0,7,42,0.375,0.381,0.7,1.081,142,105,0.487,1.09,0.882,,4.4,27,4,9.0,1,69,14,22,10,24,11,0,39,2,0,0.013,-0.4,36,5,9,5,5.0,1,8,38,0.25,0.289,0.361,0.651,158,91,-0.015,0.66,0.711,,0.4,27,8,9.0,2,58,8,25,10,18,4,0,36,3,2,-0.488,-4.4
WAS/WAS201806090,"Saturday, June 9, 2018",12:05 p.m. Local,Nationals Park,37701,3:23,Day,Home,Washington Nationals,WSN,San Francisco Giants,SFG,37,5,11,5,5.0,4,11,43,0.297,0.372,0.432,0.805,160,108,-0.168,0.93,0.87,,0.4,24,6,8.0,1,55,28,25,11,16,9,0,25,1,0,-0.332,-2.9,33,7,10,7,7.88,5,5,40,0.303,0.41,0.455,0.865,168,92,0.333,1.29,0.808,,2.9,27,6,9.0,1,49,19,24,12,18,12,0,31,5,1,0.168,-0.4
WAS/WAS201806100,"Sunday, June 10, 2018",4:06 p.m. Local,Nationals Park,35705,2:51,Day,Away,San Francisco Giants,SFG,Washington Nationals,WSN,32,2,5,2,2.0,4,9,36,0.156,0.25,0.344,0.594,142,87,-0.126,1.18,0.403,,-2.6,27,12,9.0,0,43,22,22,10,13,6,0,63,0,0,0.628,4.6,27,0,3,0,0.0,4,7,31,0.111,0.226,0.111,0.337,137,94,-0.627,0.73,0.259,,-4.6,27,8,9.0,1,57,18,19,11,9,5,0,67,1,0,0.126,2.6
NYA/NYA201806120,"Tuesday, June 12, 2018",7:09 p.m. Local,Yankee Stadium III,44220,2:48,Night,Home,New York Yankees,NYY,Washington Nationals,WSN,31,0,5,0,0.0,3,9,36,0.161,0.278,0.161,0.439,135,99,-0.463,0.61,0.256,,-4.6,24,6,8.0,2,50,26,25,8,14,4,0,51,0,0,-0.038,1.1,30,3,8,3,3.38,2,6,33,0.267,0.303,0.467,0.77,154,80,0.039,0.96,0.375,,-1.1,27,5,9.0,0,45,10,25,9,16,4,0,61,1,0,0.462,4.6
NYA/NYA201806130,"Wednesday, June 13, 2018",7:08 p.m. Local,Yankee Stadium III,45030,3:18,Night,Away,Washington Nationals,WSN,New York Yankees,NYY,31,5,10,5,5.0,2,4,34,0.323,0.353,0.548,0.901,151,95,0.161,1.57,0.862,,0.4,27,11,9.0,2,60,14,21,18,10,4,0,41,1,0,0.338,0.6,33,4,8,4,4.0,2,9,36,0.242,0.278,0.485,0.763,156,92,-0.338,0.94,0.813,,-0.6,27,18,9.0,2,50,17,26,14,11,3,0,36,0,0,-0.163,-0.4
TOR/TOR201806150,"Friday, June 15, 2018",7:09 p.m. Local,Rogers Centre,29633,2:35,Night,Home,Toronto Blue Jays,TOR,Washington Nationals,WSN,36,5,10,3,5.0,2,11,38,0.278,0.316,0.333,0.649,129,97,-0.177,0.98,0.97,,0.5,24,8,8.0,3,55,15,27,13,12,5,0,35,2,2,-0.322,-2.0,32,6,10,6,6.75,2,5,35,0.312,0.343,0.719,1.062,147,73,0.322,1.55,0.886,,2.0,27,11,9.0,0,42,10,21,9,19,6,0,54,1,1,0.177,-0.5
TOR/TOR201806160,"Saturday, June 16, 2018",4:07 p.m. Local,Rogers Centre,36044,2:34,Day,Home,Toronto Blue Jays,TOR,Washington Nationals,WSN,30,0,3,0,0.0,3,6,33,0.1,0.182,0.133,0.315,131,95,-0.565,0.69,0.198,,-4.5,24,4,8.0,1,55,10,30,9,15,6,0,65,0,0,0.065,2.0,28,2,4,2,2.25,1,13,30,0.143,0.2,0.25,0.45,140,92,-0.064,1.07,0.337,,-2.0,27,6,9.0,0,47,22,23,7,8,3,0,70,2,0,0.565,4.5
TOR/TOR201806170,"Sunday, June 17, 2018",1:09 p.m. Local,Rogers Centre,35146,3:30,Day,Home,Toronto Blue Jays,TOR,Washington Nationals,WSN,38,6,13,5,5.0,3,12,41,0.342,0.39,0.395,0.785,170,102,0.235,1.29,1.19,,1.5,24,12,8.0,4,50,17,35,9,17,10,0,30,1,0,-0.734,-4.0,38,8,15,8,9.0,2,4,41,0.395,0.439,0.789,1.228,161,111,0.735,1.56,1.433,,4.0,27,5,9.0,0,77,14,20,14,20,9,0,44,3,1,-0.235,-1.5
WAS/WAS201806180,"Monday, June 18, 2018",6:46 p.m. Local,Nationals Park,42723,3:26,Night,Away,New York Yankees,NYY,Washington Nationals,WSN,34,4,9,4,4.0,6,5,41,0.265,0.39,0.412,0.802,162,86,0.097,1.63,0.849,,-0.6,27,9,9.0,0,52,9,25,11,18,8,0,53,2,0,0.403,2.6,33,2,7,2,2.0,3,15,38,0.212,0.289,0.273,0.562,160,108,-0.403,1.01,0.767,,-2.6,27,10,9.0,1,50,26,32,10,9,5,0,44,5,1,-0.097,0.6
WAS/WAS201806190,"Tuesday, June 19, 2018",7:07 p.m. Local,Nationals Park,33391,2:59,Night,Home,Washington Nationals,WSN,Baltimore Orioles,BAL,32,7,7,6,7.0,5,6,38,0.219,0.342,0.594,0.936,149,85,0.249,1.25,0.945,,2.4,24,6,8.0,1,53,14,19,10,16,2,0,33,3,1,-0.749,-4.9,35,9,14,9,10.12,5,4,41,0.4,0.463,0.571,1.035,141,86,0.749,1.03,1.401,,4.9,27,16,9.0,3,56,8,22,9,23,13,0,42,0,0,-0.248,-2.4
WAS/WAS201806200,"Wednesday, June 20, 2018",7:06 p.m. Local,Nationals Park,32153,2:34,Night,Away,Baltimore Orioles,BAL,Washington Nationals,WSN,33,3,8,3,3.0,0,8,34,0.242,0.235,0.455,0.69,154,81,0.004,1.23,0.371,,-1.6,27,7,9.0,0,44,13,24,12,14,6,0,58,0,0,0.495,4.6,32,0,5,0,0.0,4,9,36,0.156,0.25,0.219,0.469,116,94,-0.496,0.57,0.442,,-4.6,27,12,9.0,1,50,13,31,11,12,8,0,46,0,0,-0.006,1.6
WAS/WAS201806210,"Thursday, June 21, 2018",7:05 p.m. Local,Nationals Park,36868,2:42,Night,Home,Washington Nationals,WSN,Baltimore Orioles,BAL,32,2,5,2,2.0,1,9,33,0.156,0.182,0.406,0.588,145,91,-0.35,1.34,0.379,,-2.6,24,8,8.0,1,52,20,19,8,15,5,0,55,0,0,-0.151,0.1,28,4,8,4,4.5,4,5,33,0.286,0.364,0.571,0.935,129,96,0.15,0.99,1.088,,-0.1,27,7,9.0,2,63,9,24,7,17,12,0,67,0,0,0.35,2.6
WAS/WAS201806220,"Friday, June 22, 2018",7:05 p.m. Local,Nationals Park,35630,3:30,Night,Away,Philadelphia Phillies,PHI,Washington Nationals,WSN,41,12,15,11,12.0,8,13,49,0.366,0.469,0.61,1.079,143,138,0.423,0.75,0.742,,7.4,27,7,9.0,0,72,26,40,9,19,11,0,51,1,0,0.077,2.6,33,2,8,2,2.0,2,7,36,0.242,0.278,0.364,0.641,226,91,-0.077,0.54,0.398,,-2.6,27,8,9.0,3,59,14,18,12,15,3,0,28,3,1,-0.422,-7.4
WAS/WAS201806230,"Saturday, June 23, 2018",4:05 p.m. Local,Nationals Park,40341,3:03,Day,Away,Philadelphia Phillies,PHI,Washington Nationals,WSN,33,5,10,5,5.0,4,7,38,0.303,0.368,0.455,0.823,138,88,0.125,1.16,0.806,,0.4,27,11,9.0,1,48,18,22,17,10,4,0,58,0,0,0.374,1.6,32,3,6,3,3.0,3,7,35,0.188,0.257,0.313,0.57,144,88,-0.375,1.07,0.467,,-1.6,27,12,9.0,1,47,14,29,13,12,4,0,45,1,1,-0.125,-0.4
WAS/WAS201806240,"Sunday, June 24, 2018",8:07 p.m. Local,Nationals Park,29314,3:47,Night,Home,Washington Nationals,WSN,Philadelphia Phillies,PHI,34,6,9,6,6.0,4,5,39,0.265,0.359,0.529,0.888,163,113,0.212,1.73,0.752,,1.4,24,11,8.0,1,68,19,26,17,12,3,0,48,4,2,-0.711,-3.9,39,8,17,8,9.0,4,8,43,0.436,0.488,0.667,1.155,177,107,0.712,0.85,1.961,,3.9,27,14,9.0,2,61,16,30,15,16,10,0,36,2,2,-0.21,-1.4
TBA/TBA201806250,"Monday, June 25, 2018",7:10 p.m. Local,Tropicana Field,13624,2:51,Night,Home,Tampa Bay Rays,TBR,Washington Nationals,WSN,28,0,2,0,0.0,4,11,32,0.071,0.188,0.107,0.295,177,83,-0.137,0.35,0.093,,-4.5,24,7,8.0,3,33,25,25,10,7,3,0,20,1,0,-0.362,-7.0,37,11,12,9,12.38,6,10,43,0.324,0.419,0.595,1.013,133,109,0.362,0.35,0.469,,7.0,27,12,9.0,0,58,25,26,13,14,7,0,81,0,0,0.137,4.5
TBA/TBA201806260,"Tuesday, June 26, 2018",12:11 p.m. Local,Tropicana Field,14289,2:45,Day,Home,Tampa Bay Rays,TBR,Washington Nationals,WSN,29,0,3,0,0.0,4,12,34,0.103,0.235,0.138,0.373,124,98,-0.743,0.82,0.595,,-4.5,24,8,8.0,0,62,17,24,9,10,3,0,66,0,0,0.244,3.0,28,1,5,1,1.12,4,5,33,0.179,0.281,0.179,0.46,149,74,-0.243,2.0,0.278,,-3.0,27,9,9.0,0,45,12,17,10,14,6,0,77,4,0,0.342,3.0
PHI/PHI201806280,"Thursday, June 28, 2018",7:08 p.m. Local,Citizens Bank Park,25026,3:09,Night,Home,Philadelphia Phillies,PHI,Washington Nationals,WSN,33,3,7,2,3.0,2,10,36,0.212,0.257,0.273,0.53,140,89,-0.421,0.99,0.495,,-1.4,24,12,8.0,1,45,19,25,8,16,8,0,54,0,0,-0.079,-0.1,29,4,9,3,3.38,3,6,36,0.31,0.4,0.517,0.917,135,85,0.078,1.31,0.589,,0.1,27,5,9.0,0,52,12,21,14,11,4,0,71,3,1,0.421,1.4
PHI/PHI201806290,"Friday, June 29, 2018",7:07 p.m. Local,Citizens Bank Park,36903,3:43,Night,Away,Washington Nationals,WSN,Philadelphia Phillies,PHI,44,17,18,17,17.0,7,12,52,0.409,0.481,0.955,1.435,173,128,0.439,0.26,0.519,,12.6,27,14,9.0,3,70,25,33,10,23,9,0,31,0,0,0.062,-2.6,35,7,10,6,7.0,5,6,40,0.286,0.375,0.629,1.004,213,108,-0.064,0.18,0.145,,2.6,27,5,9.0,7,65,14,29,13,16,6,0,13,3,0,-0.437,-12.6
PHI/PHI201806300,"Saturday, June 30, 2018",6:07 p.m. Local,Citizens Bank Park,42746,3:20,Night,Home,Philadelphia Phillies,PHI,Washington Nationals,WSN,33,2,8,2,2.0,3,9,37,0.242,0.324,0.394,0.718,146,96,-0.489,0.84,0.703,,-2.4,24,5,8.0,1,52,14,31,12,12,5,0,40,2,0,-0.013,0.9,31,3,7,3,3.38,3,8,34,0.226,0.294,0.484,0.778,153,92,0.011,1.55,0.568,,-0.9,27,11,9.0,1,53,15,24,5,18,7,0,48,2,0,0.487,2.4
PHI/PHI201807010,"Sunday, July 1, 2018",1:39 p.m. Local,Citizens Bank Park,22051,4:28,Day,Home,Philadelphia Phillies,PHI,Washington Nationals,WSN,42,3,8,3,1.38,8,9,51,0.19,0.314,0.214,0.528,189,131,-0.851,1.78,0.972,,-3.4,37,12,12.1,1,81,18,33,23,11,7,0,49,3,0,0.35,2.2,42,4,7,4,2.92,6,12,49,0.167,0.265,0.238,0.503,207,120,-0.35,1.8,1.267,,-2.2,39,20,13.0,0,72,25,23,14,17,6,0,49,3,0,0.85,3.4
WAS/WAS201807020,"Monday, July 2, 2018",7:08 p.m. Local,Nationals Park,39002,3:15,Night,Away,Boston Red Sox,BOS,Washington Nationals,WSN,32,4,7,4,4.0,3,13,38,0.219,0.324,0.344,0.668,161,99,0.079,1.39,0.579,,-0.6,27,9,9.0,3,51,22,26,3,17,6,0,53,1,0,0.419,1.6,35,3,9,3,3.0,5,9,40,0.257,0.35,0.514,0.864,143,105,-0.42,0.83,0.683,,-1.6,27,3,9.0,1,57,14,34,12,14,6,0,58,0,0,-0.081,0.6
WAS/WAS201807030,"Tuesday, July 3, 2018",6:06 p.m. Local,Nationals Park,42531,2:55,Night,Away,Boston Red Sox,BOS,Washington Nationals,WSN,36,11,12,11,11.0,5,5,41,0.333,0.415,0.639,1.054,146,85,0.468,0.72,0.729,,6.4,27,10,9.0,2,57,10,18,15,16,10,0,40,2,0,0.031,0.6,38,4,12,4,4.0,2,7,40,0.316,0.35,0.5,0.85,137,99,-0.032,0.56,0.448,,-0.6,27,14,9.0,3,60,15,24,15,16,5,0,23,0,0,-0.469,-6.4
WAS/WAS201807040,"Wednesday, July 4, 2018",11:07 a.m. Local,Nationals Park,42528,3:23,Day,Away,Boston Red Sox,BOS,Washington Nationals,WSN,34,3,9,2,2.0,2,7,38,0.265,0.316,0.353,0.669,140,105,-0.074,1.12,0.625,,-1.6,27,5,9.0,0,64,14,27,15,13,7,0,71,0,0,0.575,4.6,33,0,6,0,0.0,1,11,34,0.182,0.206,0.182,0.388,160,93,-0.574,1.0,0.258,,-4.6,27,13,9.0,0,58,19,16,8,14,8,0,49,4,0,0.076,1.6
WAS/WAS201807050,"Thursday, July 5, 2018",7:09 p.m. Local,Nationals Park,24314,3:15,Night,Home,Washington Nationals,WSN,Miami Marlins,MIA,42,12,14,11,11.0,2,10,46,0.333,0.391,0.595,0.987,157,111,0.258,0.78,0.804,,7.4,24,13,8.0,2,60,17,34,17,15,7,0,38,1,0,-0.758,-9.9,33,14,12,14,15.75,8,5,42,0.364,0.476,0.606,1.082,158,94,0.76,0.86,1.135,,9.9,27,10,9.0,3,59,17,18,13,16,13,0,11,2,2,-0.257,-7.4
WAS/WAS201807060,"Friday, July 6, 2018",7:05 p.m. Local,Nationals Park,32652,3:13,Night,Home,Washington Nationals,WSN,Miami Marlins,MIA,31,2,9,2,2.0,5,6,37,0.29,0.389,0.323,0.711,155,98,-0.429,1.58,0.779,,-2.6,24,8,8.0,1,53,16,29,12,14,9,0,52,0,0,-0.071,1.1,31,3,8,3,3.38,5,2,36,0.258,0.361,0.355,0.716,164,94,0.072,1.59,1.145,,-1.1,27,11,9.0,0,60,9,25,14,15,4,0,43,0,0,0.429,2.6
WAS/WAS201807070,"Saturday, July 7, 2018",7:16 p.m. Local,Nationals Park,34364,3:01,Night,Home,Washington Nationals,WSN,Miami Marlins,MIA,32,4,7,4,4.0,2,3,34,0.219,0.265,0.563,0.827,174,93,0.081,0.58,0.479,,-0.6,24,7,8.0,3,55,15,23,12,17,2,0,22,3,3,-0.58,-13.9,40,18,17,18,20.25,4,3,45,0.425,0.467,0.725,1.192,127,107,0.58,0.56,0.862,,13.9,27,12,9.0,3,68,9,30,10,28,10,0,48,0,0,-0.081,0.6
WAS/WAS201807080,"Sunday, July 8, 2018",1:35 p.m. Local,Nationals Park,30464,3:43,Day,Away,Miami Marlins,MIA,Washington Nationals,WSN,45,10,22,10,10.0,5,9,54,0.489,0.558,0.533,1.091,166,133,0.269,1.31,0.96,,5.4,27,6,9.0,0,79,18,36,20,18,13,0,43,3,0,0.233,2.6,32,2,5,2,2.0,9,14,42,0.156,0.333,0.188,0.521,206,95,-0.232,0.91,0.653,,-2.6,27,9,9.0,0,48,21,26,8,11,6,0,28,2,0,-0.268,-5.4
PIT/PIT201807090,"Monday, July 9, 2018",7:06 p.m. Local,PNC Park,14075,2:49,Night,Home,Pittsburgh Pirates,PIT,Washington Nationals,WSN,36,3,10,3,3.0,0,11,36,0.278,0.278,0.472,0.75,127,94,-0.156,0.42,0.293,,-1.2,24,10,8.0,1,46,23,25,10,15,7,0,27,0,0,-0.345,-2.3,31,6,8,6,6.75,5,6,37,0.258,0.361,0.516,0.877,137,82,0.346,0.67,0.545,,2.3,27,8,9.0,2,59,10,13,12,14,5,0,46,1,0,0.155,1.2
PIT/PIT201807100,"Tuesday, July 10, 2018",7:55 p.m. Local,PNC Park,17103,3:21,Night,Away,Washington Nationals,WSN,Pittsburgh Pirates,PIT,37,5,12,5,5.0,4,13,42,0.324,0.405,0.459,0.864,131,113,0.167,0.76,0.695,,0.8,27,9,9.0,0,66,19,28,11,13,7,0,65,2,0,0.334,3.2,34,1,7,1,1.0,3,7,37,0.206,0.27,0.206,0.476,178,88,-0.334,0.79,0.214,,-3.2,27,7,9.0,1,55,10,23,17,10,4,0,57,3,0,-0.165,-0.8
PIT/PIT201807110,"Wednesday, July 11, 2018",12:36 p.m. Local,PNC Park,21083,2:34,Day,Home,Pittsburgh Pirates,PIT,Washington Nationals,WSN,31,0,5,0,0.0,4,8,35,0.161,0.257,0.194,0.451,126,83,-0.529,0.68,0.3,,-4.2,24,6,8.0,1,45,9,29,8,15,8,0,55,0,0,0.027,1.7,29,2,7,2,2.25,1,6,31,0.241,0.267,0.414,0.68,137,77,-0.028,1.14,0.407,,-1.7,27,9,9.0,0,49,13,17,10,14,4,0,59,0,0,0.528,4.2
NYN/NYN201807120,"Thursday, July 12, 2018",7:11 p.m. Local,Citi Field,28120,2:48,Night,Away,Washington Nationals,WSN,New York Mets,NYM,37,5,11,5,5.0,3,8,41,0.297,0.35,0.568,0.918,135,89,0.192,1.6,0.747,,1.0,27,7,9.0,3,47,12,30,14,16,5,0,58,0,0,0.307,-0.0,32,4,7,4,4.0,4,6,36,0.219,0.306,0.531,0.837,136,92,-0.308,0.83,0.791,,0.0,27,6,9.0,3,61,14,17,8,18,6,0,47,1,1,-0.193,-1.0
NYN/NYN201807130,"Friday, July 13, 2018",7:12 p.m. Local,Citi Field,26558,2:53,Night,Home,New York Mets,NYM,Washington Nationals,WSN,32,2,8,2,2.0,4,6,37,0.25,0.333,0.438,0.771,146,88,-0.299,0.53,0.587,,-2.0,24,7,8.0,0,54,11,23,10,17,8,0,38,0,0,-0.199,-0.4,34,4,11,4,4.5,3,11,38,0.324,0.368,0.412,0.78,137,94,0.2,1.22,0.441,,0.4,27,8,9.0,1,52,19,23,11,13,6,0,50,0,0,0.301,2.0
NYN/NYN201807140,"Saturday, July 14, 2018",4:11 p.m. Local,Citi Field,30438,2:48,Day,Home,New York Mets,NYM,Washington Nationals,WSN,34,4,8,4,4.0,2,8,36,0.235,0.278,0.353,0.631,143,88,-0.239,0.52,0.124,,0.0,24,7,8.0,1,51,12,25,12,14,8,0,17,2,0,-0.263,-3.4,33,7,10,7,7.88,3,6,38,0.303,0.368,0.394,0.762,124,93,0.262,0.45,0.443,,3.4,27,12,9.0,1,55,13,25,15,13,4,0,52,0,0,0.238,-0.0
NYN/NYN201807150,"Sunday, July 15, 2018",1:57 p.m. Local,Citi Field,26572,2:54,Day,Away,Washington Nationals,WSN,New York Mets,NYM,32,6,8,6,6.0,3,3,38,0.25,0.351,0.25,0.601,123,97,0.25,0.9,0.739,,2.0,27,8,9.0,0,61,15,21,13,17,7,0,68,0,0,0.252,3.0,31,1,5,1,1.0,3,8,35,0.161,0.257,0.194,0.451,157,81,-0.25,1.01,0.314,,-3.0,27,11,9.0,0,48,13,20,10,13,7,0,60,4,4,-0.249,-2.0
WAS/WAS201807200,"Friday, July 20, 2018",7:06 p.m. Local,Nationals Park,41008,2:57,Night,Away,Atlanta Braves,ATL,Washington Nationals,WSN,38,8,12,8,8.0,4,6,43,0.316,0.372,0.605,0.977,148,94,0.4,0.98,0.775,,3.4,27,9,9.0,3,58,12,24,15,18,11,0,53,0,0,0.101,-0.4,34,5,8,4,5.0,3,10,38,0.235,0.297,0.529,0.827,152,100,-0.1,0.67,0.561,,0.4,27,12,9.0,2,56,15,29,9,16,6,0,28,1,0,-0.4,-3.4
WAS/WAS201807220,"Sunday, July 22, 2018",3:30 p.m. Local,Nationals Park,39063,3:26,Day,Home,Washington Nationals,WSN,Atlanta Braves,ATL,38,2,14,2,2.0,1,9,39,0.368,0.385,0.421,0.806,158,104,-0.308,0.75,0.596,,-2.6,24,5,8.0,1,59,23,24,13,16,8,0,37,4,1,-0.192,-1.9,39,6,15,6,6.75,3,8,42,0.385,0.429,0.564,0.993,159,104,0.192,1.2,0.628,,1.9,27,10,9.0,0,65,14,25,13,19,9,0,54,3,0,0.306,2.6
MIL/MIL201807230,"Monday, July 23, 2018",7:10 p.m. Local,Miller Park,26073,3:20,Night,Home,Milwaukee Brewers,MIL,Washington Nationals,WSN,33,1,5,1,1.0,2,13,36,0.152,0.222,0.242,0.465,156,102,-0.257,0.93,0.272,,-3.4,24,10,8.0,0,59,14,29,14,6,3,0,37,5,3,-0.242,-2.1,29,6,7,6,6.75,6,8,36,0.241,0.361,0.345,0.706,161,95,0.242,0.72,0.699,,2.1,27,10,9.0,1,60,16,19,15,7,3,0,70,2,0,0.259,3.4
MIL/MIL201807240,"Tuesday, July 24, 2018",7:29 p.m. Local,Miller Park,33990,3:33,Night,Home,Milwaukee Brewers,MIL,Washington Nationals,WSN,38,4,8,4,0.9,2,8,40,0.211,0.25,0.342,0.592,146,99,-0.268,1.56,0.649,,-0.9,29,10,9.2,1,54,21,26,17,13,7,0,43,0,0,-0.232,-0.5,37,5,12,5,4.66,3,7,42,0.324,0.381,0.486,0.867,152,100,0.232,1.12,1.345,,0.5,30,14,10.0,1,57,20,23,19,12,1,0,56,1,0,0.269,0.9
MIL/MIL201807250,"Wednesday, July 25, 2018",1:10 p.m. Local,Miller Park,37586,2:24,Day,Away,Washington Nationals,WSN,Milwaukee Brewers,MIL,31,7,4,6,7.0,4,8,36,0.129,0.25,0.323,0.573,129,77,0.275,0.43,0.49,,2.6,27,4,9.0,1,44,12,21,9,14,4,0,86,1,0,0.224,1.4,34,3,7,3,3.0,1,12,35,0.206,0.229,0.324,0.552,118,83,-0.224,0.49,0.101,,-1.4,27,9,9.0,2,43,16,24,10,12,4,0,39,0,0,-0.276,-2.6
MIA/MIA201807260,"Thursday, July 26, 2018",7:10 p.m. Local,Marlins Park,8506,3:14,Night,Away,Washington Nationals,WSN,Miami Marlins,MIA,37,10,13,10,10.0,9,6,47,0.351,0.489,0.757,1.246,134,121,0.45,0.7,1.105,,5.9,27,9,9.0,0,81,15,25,15,16,5,0,45,0,0,0.05,1.1,34,3,10,3,3.0,0,11,35,0.294,0.286,0.382,0.668,197,94,-0.049,1.04,0.389,,-1.1,27,15,9.0,2,45,20,29,10,14,6,0,50,4,0,-0.45,-5.9
MIA/MIA201807270,"Friday, July 27, 2018",7:11 p.m. Local,Marlins Park,9297,2:45,Night,Away,Washington Nationals,WSN,Miami Marlins,MIA,39,9,16,8,9.0,5,6,47,0.41,0.478,0.615,1.094,115,103,0.264,0.55,0.537,,4.9,27,5,9.0,0,61,15,27,16,19,11,0,84,0,0,0.236,3.1,32,1,3,1,0.0,1,11,34,0.094,0.147,0.125,0.272,168,80,-0.237,0.42,0.159,,-3.1,27,13,9.0,1,40,16,24,10,11,6,0,36,2,0,-0.265,-4.9
MIA/MIA201807280,"Saturday, July 28, 2018",7:10 p.m. Local,Marlins Park,11779,3:26,Night,Home,Miami Marlins,MIA,Washington Nationals,WSN,33,1,5,1,0.9,3,9,37,0.152,0.243,0.152,0.395,147,96,-0.465,1.19,0.891,,-3.5,27,9,9.0,0,51,17,28,16,8,3,0,67,0,0,-0.036,0.3,32,2,8,2,2.0,5,5,39,0.25,0.342,0.25,0.592,162,88,0.038,1.92,0.68,,-0.3,30,11,10.0,0,54,10,23,11,18,7,0,72,1,0,0.464,3.5
MIA/MIA201807290,"Sunday, July 29, 2018",1:10 p.m. Local,Marlins Park,12112,2:46,Day,Home,Miami Marlins,MIA,Washington Nationals,WSN,27,0,2,0,0.0,5,9,33,0.074,0.242,0.074,0.316,118,85,-0.306,0.6,0.17,,-4.1,24,7,8.0,0,50,16,21,8,10,4,0,36,2,2,-0.193,-1.4,34,5,9,4,3.38,0,5,35,0.265,0.286,0.324,0.609,143,90,0.193,0.67,0.505,,1.4,27,9,9.0,0,56,9,25,11,18,6,0,71,0,0,0.307,4.1
WAS/WAS201807310,"Tuesday, July 31, 2018",7:05 p.m. Local,Nationals Park,35029,3:16,Night,Home,Washington Nationals,WSN,New York Mets,NYM,36,4,9,4,4.0,1,10,37,0.25,0.27,0.472,0.742,225,104,-0.069,0.23,0.061,,-0.6,24,5,8.0,5,62,10,32,10,16,6,0,9,4,0,-0.43,-20.9,50,25,26,25,28.12,8,6,59,0.52,0.593,1.0,1.593,146,145,0.432,0.14,0.521,,20.9,27,9,9.0,2,97,14,34,15,29,13,0,72,0,0,0.07,0.6
WAS/WAS201808010,"Wednesday, August 1, 2018",12:05 p.m. Local,Nationals Park,34319,2:38,Day,Home,Washington Nationals,WSN,New York Mets,NYM,32,3,6,3,3.0,1,11,33,0.188,0.212,0.5,0.712,116,94,-0.357,0.69,0.4,,-1.6,24,12,8.0,1,54,17,23,8,13,5,0,56,0,0,-0.144,-0.9,32,5,7,5,3.38,2,4,35,0.219,0.257,0.406,0.663,135,67,0.145,1.04,0.505,,0.9,27,7,9.0,3,40,8,19,14,15,10,0,76,0,0,0.356,1.6
WAS/WAS201808020,"Thursday, August 2, 2018",7:05 p.m. Local,Nationals Park,28845,3:14,Night,Home,Washington Nationals,WSN,Cincinnati Reds,CIN,34,4,7,4,4.0,4,12,38,0.206,0.289,0.382,0.672,162,107,-0.17,0.49,0.135,,-0.6,24,10,8.0,2,65,21,21,10,12,5,0,21,3,1,-0.33,-5.9,30,10,10,10,11.25,7,5,41,0.333,0.462,0.533,0.995,157,94,0.331,0.37,0.446,,5.9,27,7,9.0,1,57,10,27,15,13,4,0,64,0,0,0.171,0.6
WAS/WAS201808041,"Saturday, August 4, 2018",1:06 p.m. Local,Nationals Park,32687,2:58,Day,Away,Cincinnati Reds,CIN,Washington Nationals,WSN,38,7,13,7,6.0,5,11,44,0.342,0.409,0.553,0.962,133,108,0.34,0.47,0.603,,2.4,27,7,9.0,0,58,16,34,12,16,7,0,62,0,0,0.161,3.6,33,1,7,1,1.0,2,4,36,0.212,0.278,0.303,0.581,174,86,-0.161,0.48,0.179,,-3.6,27,9,9.0,2,56,8,22,9,20,11,0,22,4,0,-0.338,-2.4
WAS/WAS201808042,"Saturday, August 4, 2018",7:05 p.m. Local,Nationals Park,36149,3:05,Night,Home,Washington Nationals,WSN,Cincinnati Reds,CIN,32,2,6,2,2.0,1,6,35,0.188,0.257,0.438,0.695,123,90,-0.174,0.73,0.34,,-2.6,24,17,8.0,1,57,11,22,11,15,6,0,23,0,0,-0.325,-1.9,32,6,10,6,6.75,4,3,39,0.312,0.421,0.563,0.984,137,77,0.324,0.65,0.768,,1.9,27,9,9.0,2,46,8,23,19,11,6,0,56,1,0,0.175,2.6
WAS/WAS201808050,"Sunday, August 5, 2018",1:36 p.m. Local,Nationals Park,33486,2:39,Day,Home,Washington Nationals,WSN,Cincinnati Reds,CIN,33,1,7,1,1.0,0,5,33,0.212,0.212,0.212,0.424,127,81,-0.646,0.9,0.423,,-3.6,24,10,8.0,1,48,8,25,12,16,3,0,49,3,0,0.148,2.1,31,2,8,2,2.25,3,4,34,0.258,0.324,0.387,0.711,112,85,-0.147,1.53,0.413,,-2.1,27,9,9.0,0,55,13,17,14,13,7,0,61,0,0,0.647,3.6
WAS/WAS201808071,"Tuesday, August 7, 2018",1:06 p.m. Local,Nationals Park,26965,3:08,Day,Home,Washington Nationals,WSN,Atlanta Braves,ATL,34,3,7,3,3.0,2,8,36,0.206,0.25,0.324,0.574,161,91,-0.13,0.69,0.348,,-1.6,24,6,8.0,2,58,12,21,13,13,6,0,55,0,0,-0.368,-3.9,34,8,11,8,9.0,7,6,42,0.324,0.429,0.618,1.046,133,92,0.366,0.73,0.721,,3.9,27,8,9.0,1,54,10,28,7,22,11,0,59,1,0,0.133,1.6
WAS/WAS201808072,"Tuesday, August 7, 2018",7:05 p.m. Local,Nationals Park,28970,2:54,Night,Away,Atlanta Braves,ATL,Washington Nationals,WSN,34,3,7,3,3.0,2,10,36,0.206,0.25,0.353,0.603,145,105,0.002,1.25,0.927,,-1.6,27,6,9.0,1,60,19,26,7,17,9,0,62,1,0,0.497,3.6,32,1,7,1,1.0,2,10,35,0.219,0.286,0.375,0.661,139,93,-0.496,1.37,0.482,,-3.6,27,6,9.0,1,53,12,28,7,15,3,0,70,1,0,-0.003,1.6
WAS/WAS201808080,"Wednesday, August 8, 2018",7:09 p.m. Local,Nationals Park,30203,3:04,Night,Away,Atlanta Braves,ATL,Washington Nationals,WSN,37,8,12,8,7.0,0,6,39,0.324,0.324,0.595,0.919,164,82,0.385,0.8,0.656,,3.4,27,6,9.0,1,55,15,12,9,24,7,0,54,3,0,0.114,1.6,37,3,10,2,1.0,2,11,41,0.27,0.325,0.405,0.73,117,107,-0.114,0.46,0.446,,-1.6,27,6,9.0,3,64,17,26,12,15,5,0,28,0,0,-0.385,-3.4
WAS/WAS201808090,"Thursday, August 9, 2018",1:06 p.m. Local,Nationals Park,28347,2:30,Day,Home,Washington Nationals,WSN,Atlanta Braves,ATL,34,3,10,3,3.0,1,4,36,0.294,0.306,0.529,0.835,138,75,-0.303,0.74,0.365,,-1.6,24,8,8.0,1,50,13,12,12,19,10,0,55,0,0,-0.198,-1.9,33,6,11,6,6.75,3,6,37,0.333,0.378,0.455,0.833,120,80,0.198,0.86,0.54,,1.9,27,9,9.0,2,45,12,23,13,15,9,0,63,0,0,0.302,1.6
CHN/CHN201808100,"Friday, August 10, 2018",1:21 p.m. Local,Wrigley Field,41531,3:10,Day,Home,Chicago Cubs,CHC,Washington Nationals,WSN,34,2,9,2,2.0,2,8,38,0.265,0.324,0.294,0.618,127,98,-0.414,1.4,0.711,,-2.5,24,9,8.0,0,55,15,28,15,12,5,0,60,7,3,-0.085,1.0,27,3,4,3,3.38,6,5,33,0.148,0.303,0.148,0.451,145,75,0.084,1.41,0.763,,-1.0,27,10,9.0,0,47,11,17,11,11,8,0,53,3,0,0.414,2.5
CHN/CHN201808110,"Saturday, August 11, 2018",3:05 p.m. Local,Wrigley Field,41320,3:11,Day,Away,Washington Nationals,WSN,Chicago Cubs,CHC,37,9,13,9,8.0,5,12,45,0.351,0.419,0.595,1.013,140,109,0.41,0.41,0.621,,4.5,27,7,9.0,0,57,25,27,11,17,12,0,59,2,0,0.092,0.5,35,4,11,4,4.0,2,8,39,0.314,0.359,0.343,0.702,184,90,-0.092,0.35,0.229,,-0.5,27,9,9.0,3,48,12,30,13,15,8,0,11,0,0,-0.408,-4.5
CHN/CHN201808120,"Sunday, August 12, 2018",7:06 p.m. Local,Wrigley Field,36490,2:56,Night,Home,Chicago Cubs,CHC,Washington Nationals,WSN,29,3,3,3,3.0,3,12,33,0.103,0.182,0.172,0.354,139,80,-0.183,1.45,0.283,,-1.5,26,6,8.2,1,41,17,22,11,7,2,0,81,0,0,-0.318,0.4,32,4,6,4,4.15,1,11,35,0.188,0.257,0.313,0.57,130,92,0.319,0.8,1.238,,-0.4,27,8,9.0,0,54,21,17,8,13,5,0,79,2,0,0.181,1.5
SLN/SLN201808130,"Monday, August 13, 2018",7:12 p.m. Local,Busch Stadium III,37197,3:19,Night,Home,St. Louis Cardinals,STL,Washington Nationals,WSN,32,6,8,6,6.0,3,5,37,0.25,0.314,0.469,0.783,138,90,0.476,1.77,1.411,,1.8,24,10,8.0,3,58,9,23,11,18,9,0,35,5,1,-0.977,-3.3,37,7,17,7,7.88,2,3,41,0.459,0.488,0.757,1.245,146,87,0.977,1.52,2.022,,3.3,27,8,9.0,2,58,8,21,13,22,12,0,56,2,0,-0.476,-1.8
SLN/SLN201808140,"Tuesday, August 14, 2018",7:16 p.m. Local,Busch Stadium III,38214,3:12,Night,Home,St. Louis Cardinals,STL,Washington Nationals,WSN,36,4,9,4,4.0,1,9,38,0.25,0.289,0.417,0.706,142,105,-0.247,0.41,0.268,,-0.2,24,6,8.0,2,58,9,38,9,18,10,0,31,0,0,-0.252,-2.3,31,6,8,6,6.75,5,5,37,0.258,0.351,0.516,0.867,164,87,0.253,0.66,0.44,,2.3,27,5,9.0,1,49,11,27,8,20,7,0,62,1,1,0.248,0.2
SLN/SLN201808150,"Wednesday, August 15, 2018",7:15 p.m. Local,Busch Stadium III,36696,3:07,Night,Home,St. Louis Cardinals,STL,Washington Nationals,WSN,32,2,7,2,2.0,4,7,37,0.219,0.297,0.438,0.735,135,93,-0.387,0.67,0.321,,-2.2,24,6,8.0,1,56,10,27,9,17,6,0,47,2,1,-0.116,-0.3,30,4,7,3,3.38,3,5,36,0.233,0.343,0.367,0.71,142,87,0.117,0.99,0.441,,0.3,27,9,9.0,1,54,12,21,11,15,9,0,68,1,1,0.385,2.2
SLN/SLN201808160,"Thursday, August 16, 2018",6:15 p.m. Local,Busch Stadium III,38074,3:28,Night,Away,Washington Nationals,WSN,St. Louis Cardinals,STL,40,5,10,4,2.0,4,5,44,0.25,0.318,0.275,0.593,148,102,0.15,1.49,0.713,,0.8,27,5,9.0,1,61,15,26,17,18,9,0,46,0,0,0.35,0.2,33,4,6,3,3.0,5,4,38,0.182,0.289,0.333,0.623,174,90,-0.352,0.93,0.714,,-0.2,27,7,9.0,0,58,10,22,8,21,7,0,35,3,2,-0.149,-0.8
WAS/WAS201808170,"Friday, August 17, 2018",7:05 p.m. Local,Nationals Park,37106,3:03,Night,Home,Washington Nationals,WSN,Miami Marlins,MIA,34,2,9,2,2.0,1,10,35,0.265,0.286,0.353,0.639,141,98,-0.252,0.51,0.309,,-2.6,24,9,8.0,2,59,15,24,9,15,6,0,36,1,1,-0.248,-3.9,36,8,14,7,9.0,0,4,38,0.389,0.395,0.639,1.034,151,90,0.249,0.71,0.564,,3.9,27,8,9.0,1,59,6,25,14,19,6,0,68,1,0,0.252,2.6
WAS/WAS201808180,"Saturday, August 18, 2018",7:05 p.m. Local,Nationals Park,30900,3:37,Night,Away,Miami Marlins,MIA,Washington Nationals,WSN,39,7,11,7,4.5,5,7,45,0.282,0.364,0.462,0.825,169,95,0.768,1.58,1.817,,1.9,30,15,10.0,2,58,16,22,17,16,7,0,54,3,0,-0.269,0.1,39,5,10,4,4.5,1,6,41,0.256,0.293,0.436,0.729,154,110,0.269,1.64,1.465,,-0.1,30,12,10.0,2,68,13,29,19,14,5,0,45,4,2,-0.769,-1.9
WAS/WAS201808190,"Sunday, August 19, 2018",1:36 p.m. Local,Nationals Park,31435,2:40,Day,Away,Miami Marlins,MIA,Washington Nationals,WSN,45,12,17,12,12.0,4,9,50,0.378,0.42,0.733,1.153,108,108,0.358,0.45,0.744,,7.4,27,15,9.0,0,63,17,28,9,28,12,0,81,,,0.142,3.6,27,1,2,1,1.0,2,4,30,0.074,0.138,0.148,0.286,172,71,-0.143,0.62,0.11,,-3.6,27,2,9.0,3,38,8,25,14,10,6,0,13,2,2,-0.358,-7.4
WAS/WAS201808210,"Tuesday, August 21, 2018",7:06 p.m. Local,Nationals Park,24080,3:16,Night,Home,Washington Nationals,WSN,Philadelphia Phillies,PHI,35,4,8,4,3.0,3,5,39,0.229,0.289,0.343,0.632,155,94,0.091,0.84,0.859,,-0.6,24,6,8.0,3,53,14,27,13,18,5,0,54,3,0,-0.591,-5.9,38,10,14,10,11.25,6,9,44,0.368,0.455,0.711,1.165,149,97,0.591,1.25,1.105,,5.9,27,8,9.0,1,53,15,29,12,17,7,0,58,6,2,-0.09,0.6
WAS/WAS201808220,"Wednesday, August 22, 2018",7:06 p.m. Local,Nationals Park,31855,3:45,Night,Home,Washington Nationals,WSN,Philadelphia Phillies,PHI,38,7,11,7,7.0,2,10,40,0.289,0.325,0.605,0.93,157,111,0.376,1.57,1.015,,2.4,26,8,8.2,1,68,15,28,14,14,5,0,22,2,0,-0.876,-3.5,39,8,14,7,7.27,2,7,42,0.359,0.381,0.59,0.971,177,104,0.876,0.96,1.965,,3.5,27,10,9.0,3,65,13,26,15,18,6,0,32,3,0,-0.376,-2.4
WAS/WAS201808230,"Thursday, August 23, 2018",1:05 p.m. Local,Nationals Park,29475,2:41,Day,Away,Philadelphia Phillies,PHI,Washington Nationals,WSN,28,2,3,2,2.0,4,13,33,0.107,0.219,0.214,0.433,115,78,-0.126,1.15,0.479,,-2.6,27,7,9.0,0,32,21,26,6,10,1,0,80,0,0,0.626,4.6,31,0,5,0,0.0,1,10,33,0.161,0.188,0.258,0.446,128,79,-0.624,0.93,0.223,,-4.6,27,2,9.0,1,35,22,22,10,12,7,0,71,0,0,0.126,2.6
NYN/NYN201808240,"Friday, August 24, 2018",7:11 p.m. Local,Citi Field,23763,2:35,Night,Home,New York Mets,NYM,Washington Nationals,WSN,31,0,4,0,0.0,0,13,31,0.129,0.129,0.161,0.29,121,91,-0.586,0.87,0.184,,-4.0,24,7,8.0,1,49,23,19,8,10,5,0,61,1,1,0.086,0.6,30,3,8,3,3.38,1,4,33,0.267,0.313,0.4,0.713,140,72,-0.086,1.16,0.406,,-0.6,27,6,9.0,0,41,12,19,6,21,9,0,74,0,0,0.586,4.0
NYN/NYN201808250,"Saturday, August 25, 2018",4:06 p.m. Local,Citi Field,29868,2:51,Day,Home,New York Mets,NYM,Washington Nationals,WSN,29,0,7,0,0.0,3,5,35,0.241,0.333,0.241,0.575,122,83,-0.526,0.74,0.4,,-4.0,24,7,8.0,2,49,13,23,14,12,5,0,67,1,1,0.025,0.6,31,3,8,3,3.38,0,9,31,0.258,0.258,0.484,0.742,142,76,-0.025,1.43,0.457,,-0.6,27,7,9.0,0,41,17,20,10,12,4,0,66,0,0,0.526,4.0
NYN/NYN201808260,"Sunday, August 26, 2018",1:12 p.m. Local,Citi Field,23192,3:25,Day,Away,Washington Nationals,WSN,New York Mets,NYM,42,15,16,15,15.0,4,10,47,0.381,0.447,0.667,1.113,145,109,0.046,0.99,0.684,,11.0,27,8,9.0,0,59,17,33,16,16,8,0,67,1,0,0.455,4.0,30,0,3,0,0.0,5,7,35,0.1,0.229,0.1,0.329,175,86,-0.452,0.85,0.21,,-4.0,27,11,9.0,3,51,11,24,12,11,1,0,69,1,1,-0.045,-11.0
PHI/PHI201808270,"Monday, August 27, 2018",7:07 p.m. Local,Citizens Bank Park,21261,3:13,Night,Away,Washington Nationals,WSN,Philadelphia Phillies,PHI,35,5,9,4,3.0,5,8,41,0.257,0.35,0.371,0.721,134,99,0.241,1.2,0.716,,0.6,27,12,9.0,1,55,13,31,16,12,2,0,56,0,0,0.258,1.4,31,3,6,3,3.0,3,8,35,0.194,0.265,0.355,0.62,167,79,-0.257,0.92,0.498,,-1.4,27,9,9.0,1,48,16,15,14,10,3,0,39,3,1,-0.243,-0.6
PHI/PHI201808280,"Tuesday, August 28, 2018",7:08 p.m. Local,Citizens Bank Park,21083,3:28,Night,Away,Washington Nationals,WSN,Philadelphia Phillies,PHI,32,5,6,3,3.0,3,11,35,0.188,0.257,0.375,0.632,160,104,0.406,0.84,1.096,,0.6,27,7,9.0,2,55,17,32,9,12,5,0,52,1,0,0.092,0.4,33,4,7,4,4.0,1,10,35,0.212,0.257,0.455,0.712,149,109,-0.092,1.14,0.592,,-0.4,27,9,9.0,1,64,16,29,8,15,4,0,69,2,2,-0.407,-0.6
PHI/PHI201808290,"Wednesday, August 29, 2018",7:07 p.m. Local,Citizens Bank Park,22525,3:38,Night,Home,Philadelphia Phillies,PHI,Washington Nationals,WSN,36,6,10,6,5.0,4,10,40,0.278,0.35,0.639,0.989,174,108,0.13,1.37,1.171,,1.6,24,7,8.0,1,63,9,36,12,14,7,0,34,2,0,-0.628,-4.1,33,8,9,8,9.0,5,11,40,0.273,0.4,0.455,0.855,167,103,0.629,1.37,1.45,,4.1,27,8,9.0,3,59,19,25,8,14,8,0,35,4,0,-0.127,-1.6
WAS/WAS201808310,"Friday, August 31, 2018",7:05 p.m. Local,Nationals Park,30676,3:11,Night,Away,Milwaukee Brewers,MIL,Washington Nationals,WSN,33,4,6,4,4.0,0,4,33,0.182,0.182,0.455,0.636,156,77,0.128,1.53,0.415,,-0.6,27,10,9.0,0,49,8,20,7,22,6,0,61,0,0,0.371,3.6,35,1,9,1,1.0,4,8,40,0.257,0.333,0.286,0.619,120,100,-0.372,0.43,0.784,,-3.6,27,7,9.0,3,57,17,26,13,15,9,0,47,0,0,-0.13,0.6
WAS/WAS201809010,"Saturday, September 1, 2018",7:06 p.m. Local,Nationals Park,30875,3:44,Night,Home,Washington Nationals,WSN,Milwaukee Brewers,MIL,36,4,10,4,4.0,4,8,40,0.278,0.35,0.5,0.85,160,99,-0.08,1.65,0.76,,-0.6,24,13,8.0,0,59,21,19,16,13,5,0,55,5,3,-0.423,-0.9,30,5,8,4,5.62,3,3,33,0.267,0.333,0.333,0.667,159,100,0.422,1.16,1.232,,0.9,27,12,9.0,2,64,7,29,14,13,7,0,59,5,0,0.077,0.6
WAS/WAS201809020,"Sunday, September 2, 2018",1:38 p.m. Local,Nationals Park,33032,3:22,Day,Away,Milwaukee Brewers,MIL,Washington Nationals,WSN,36,9,10,9,9.0,11,5,47,0.278,0.447,0.5,0.947,146,95,0.662,0.79,1.138,,4.4,27,6,9.0,1,55,15,25,12,19,7,0,34,0,0,-0.16,0.6,36,4,9,4,4.0,2,11,38,0.25,0.289,0.333,0.623,188,95,0.162,0.85,0.572,,-0.6,27,10,9.0,2,52,17,26,10,15,5,0,17,2,2,-0.66,-4.4
WAS/WAS201809030,"Monday, September 3, 2018",1:06 p.m. Local,Nationals Park,28648,3:51,Day,Home,Washington Nationals,WSN,St. Louis Cardinals,STL,33,3,5,3,2.7,3,14,37,0.152,0.243,0.242,0.486,195,95,-0.193,1.86,0.561,,-2.1,29,7,9.2,2,52,18,25,5,14,5,0,57,2,0,-0.306,0.9,36,4,8,4,3.72,10,11,48,0.222,0.396,0.472,0.868,143,109,0.309,0.91,1.694,,-0.9,30,6,10.0,1,64,21,24,10,16,7,0,67,3,0,0.193,2.1
WAS/WAS201809040,"Tuesday, September 4, 2018",7:05 p.m. Local,Nationals Park,21637,4:10,Night,Away,St. Louis Cardinals,STL,Washington Nationals,WSN,36,11,10,10,11.0,5,12,43,0.278,0.381,0.694,1.075,203,107,0.556,1.38,0.962,,6.4,27,9,9.0,1,62,20,25,12,13,3,0,50,10,5,-0.055,-3.4,33,8,9,8,4.0,11,8,44,0.273,0.455,0.455,0.909,181,116,0.057,0.7,1.101,,3.4,27,10,9.0,5,60,20,36,9,16,11,0,48,3,0,-0.556,-6.4
WAS/WAS201809050,"Wednesday, September 5, 2018",7:05 p.m. Local,Nationals Park,22124,3:35,Night,Away,St. Louis Cardinals,STL,Washington Nationals,WSN,39,7,15,7,7.0,1,4,41,0.385,0.415,0.641,1.056,164,112,0.236,1.46,0.631,,2.4,27,13,9.0,0,78,13,21,15,20,4,0,36,2,2,0.264,-1.4,43,6,16,6,6.0,1,6,44,0.372,0.386,0.488,0.875,175,108,-0.265,0.58,0.893,,1.4,27,13,9.0,3,64,17,27,18,19,12,0,27,0,0,-0.236,-2.4
WAS/WAS201809060,"Thursday, September 6, 2018",7:06 p.m. Local,Nationals Park,32070,4:00,Night,Away,Chicago Cubs,CHC,Washington Nationals,WSN,40,6,11,6,4.5,4,10,47,0.275,0.362,0.35,0.712,161,116,0.331,1.54,1.416,,0.9,30,11,10.0,1,63,23,30,13,18,7,0,51,3,0,0.17,1.1,39,4,11,4,0.9,2,12,42,0.282,0.317,0.41,0.727,178,105,-0.169,1.51,1.161,,-1.1,30,8,10.0,0,59,19,27,14,15,9,0,50,3,0,-0.33,-0.9
WAS/WAS201809081,"Saturday, September 8, 2018",5:15 p.m. Local,Nationals Park,,2:45,Night,Home,Washington Nationals,WSN,Chicago Cubs,CHC,34,3,9,3,3.0,0,11,36,0.265,0.278,0.294,0.572,158,83,-0.28,0.53,0.13,,-1.6,24,17,8.0,0,41,24,18,11,13,7,0,35,5,4,-0.219,-5.9,31,10,6,8,7.88,9,4,41,0.194,0.39,0.194,0.584,111,86,0.221,0.48,0.46,,5.9,27,6,9.0,0,49,11,26,22,5,2,0,68,,,0.281,1.6
WAS/WAS201809082,"Saturday, September 8, 2018",9:00 p.m. Local,Nationals Park,41346,3:15,Night,Home,Washington Nationals,WSN,Chicago Cubs,CHC,31,5,6,5,5.0,4,12,37,0.194,0.324,0.355,0.679,153,94,-0.052,1.15,0.85,,0.4,24,4,8.0,2,53,19,22,6,13,6,0,51,2,1,-0.45,-1.9,30,6,7,6,6.75,7,8,37,0.233,0.378,0.567,0.945,154,85,0.448,1.29,1.178,,1.9,27,4,9.0,1,48,13,24,5,17,4,0,46,1,1,0.051,-0.4
PHI/PHI201809111,"Tuesday, September 11, 2018",3:07 p.m. Local,Citizens Bank Park,,3:27,Day,Away,Washington Nationals,WSN,Philadelphia Phillies,PHI,33,3,10,3,3.0,5,4,38,0.303,0.395,0.424,0.819,167,106,-0.025,1.05,0.53,,-1.4,27,7,9.0,0,59,18,30,17,12,4,0,72,2,0,0.523,3.4,31,1,5,1,1.0,4,15,35,0.161,0.257,0.226,0.483,173,94,-0.524,0.78,0.272,,-3.4,27,16,9.0,1,45,22,27,8,8,3,0,47,4,1,0.023,1.4
PHI/PHI201809112,"Tuesday, September 11, 2018",7:16 p.m. Local,Citizens Bank Park,19630,4:16,Night,Away,Washington Nationals,WSN,Philadelphia Phillies,PHI,35,7,6,7,6.3,7,12,43,0.171,0.326,0.4,0.726,176,120,0.531,1.74,1.515,,2.1,30,11,10.0,1,58,14,48,13,10,5,0,26,7,0,-0.032,-1.1,40,6,13,6,5.4,5,6,46,0.325,0.413,0.525,0.938,199,110,0.032,1.54,1.28,,1.1,30,12,10.0,2,75,16,19,14,20,10,0,54,4,1,-0.531,-2.1
PHI/PHI201809120,"Wednesday, September 12, 2018",7:09 p.m. Local,Citizens Bank Park,20258,2:56,Night,Away,Washington Nationals,WSN,Philadelphia Phillies,PHI,35,5,9,5,5.0,1,9,36,0.257,0.278,0.6,0.878,134,97,0.224,0.71,0.46,,0.6,27,5,9.0,1,53,14,30,12,14,6,0,72,0,0,0.276,3.4,32,1,5,1,1.0,1,10,34,0.156,0.206,0.281,0.487,143,87,-0.278,0.37,0.226,,-3.4,27,12,9.0,3,45,14,28,6,16,4,0,43,0,0,-0.224,-0.6
WAS/WAS201809130,"Thursday, September 13, 2018",4:05 p.m. Local,Nationals Park,30173,3:46,Day,Away,Chicago Cubs,CHC,Washington Nationals,WSN,37,4,10,4,3.6,4,4,42,0.27,0.357,0.405,0.763,167,96,0.082,1.53,1.239,,-1.1,30,6,10.0,1,65,17,15,14,19,7,0,49,3,1,0.418,2.1,37,3,7,3,2.7,4,8,42,0.189,0.262,0.297,0.559,146,100,-0.417,1.66,0.76,,-2.1,30,12,10.0,1,54,15,31,9,21,10,0,49,5,0,-0.083,1.1
ATL/ATL201809140,"Friday, September 14, 2018",7:36 p.m. Local,SunTrust Park,39268,3:54,Night,Home,Atlanta Braves,ATL,Washington Nationals,WSN,33,5,9,5,4.0,6,3,41,0.273,0.39,0.485,0.875,181,92,0.047,0.93,0.894,,0.6,24,2,8.0,0,50,15,27,15,16,7,0,27,7,4,-0.548,-6.1,36,10,13,9,11.25,5,10,44,0.361,0.455,0.528,0.982,155,111,0.549,1.29,1.072,,6.1,27,13,9.0,1,69,20,22,8,19,7,0,40,3,1,-0.048,-0.6
ATL/ATL201809150,"Saturday, September 15, 2018",1:08 p.m. Local,SunTrust Park,36050,3:41,Day,Away,Washington Nationals,WSN,Atlanta Braves,ATL,32,7,7,7,7.0,14,11,47,0.219,0.457,0.313,0.769,145,111,0.246,0.69,0.823,,2.6,27,6,9.0,0,54,22,35,10,12,9,0,53,2,0,0.252,3.4,28,1,2,1,0.0,4,2,33,0.071,0.182,0.071,0.253,198,84,-0.253,0.91,0.19,,-3.4,27,10,9.0,0,62,2,20,9,18,8,0,49,1,0,-0.248,-2.6
ATL/ATL201809160,"Sunday, September 16, 2018",1:37 p.m. Local,SunTrust Park,33403,3:15,Day,Away,Washington Nationals,WSN,Atlanta Braves,ATL,37,6,11,6,6.0,5,4,42,0.297,0.381,0.459,0.84,144,100,0.284,0.98,0.57,,1.6,27,5,9.0,2,61,9,30,17,16,6,0,51,5,1,0.216,0.4,35,4,8,4,4.0,2,7,37,0.229,0.27,0.429,0.699,167,88,-0.217,0.5,0.512,,-0.4,27,12,9.0,2,57,12,19,7,21,11,0,28,0,0,-0.285,-1.6
MIA/MIA201809170,"Monday, September 17, 2018",7:11 p.m. Local,Marlins Park,8440,3:17,Night,Home,Miami Marlins,MIA,Washington Nationals,WSN,34,5,7,5,5.0,2,10,36,0.206,0.25,0.412,0.662,171,87,0.22,1.29,0.763,,0.9,24,9,8.0,1,49,14,24,12,13,5,0,53,3,1,-0.721,-4.4,32,8,9,7,9.0,6,10,39,0.281,0.385,0.438,0.822,139,98,0.723,1.03,1.288,,4.4,27,6,9.0,2,49,20,29,14,9,2,0,46,1,0,-0.221,-0.9
MIA/MIA201809180,"Tuesday, September 18, 2018",7:10 p.m. Local,Marlins Park,7726,3:14,Night,Away,Washington Nationals,WSN,Miami Marlins,MIA,32,4,9,4,4.0,10,7,45,0.281,0.455,0.313,0.767,135,92,0.15,1.38,0.793,,-0.1,27,4,9.0,1,55,8,31,13,14,8,0,63,0,0,0.352,2.1,33,2,6,2,2.0,2,15,36,0.182,0.25,0.273,0.523,172,90,-0.352,1.08,0.55,,-2.1,27,11,9.0,0,39,26,25,6,12,5,0,35,1,0,-0.149,0.1
WAS/WAS201809200,"Thursday, September 20, 2018",7:05 p.m. Local,Nationals Park,28358,4:16,Night,Away,New York Mets,NYM,Washington Nationals,WSN,43,5,10,5,3.75,6,19,51,0.233,0.32,0.465,0.785,184,127,-0.008,1.95,1.405,,-1.1,36,9,12.0,1,62,35,30,12,14,6,0,61,4,2,0.508,2.1,44,4,9,4,3.0,5,14,49,0.205,0.286,0.318,0.604,190,118,-0.509,1.62,1.192,,-2.1,36,7,12.0,2,59,22,38,12,18,8,0,66,2,0,0.008,1.1
WAS/WAS201809210,"Friday, September 21, 2018",7:05 p.m. Local,Nationals Park,37895,2:57,Night,Away,New York Mets,NYM,Washington Nationals,WSN,35,4,8,4,3.0,4,6,40,0.229,0.325,0.371,0.696,133,95,0.144,1.02,0.565,,-0.6,27,10,9.0,0,54,16,25,11,18,8,0,74,0,0,0.356,2.6,30,2,6,2,2.0,2,10,33,0.2,0.242,0.233,0.476,149,84,-0.356,0.64,0.365,,-2.6,27,9,9.0,0,50,15,21,13,8,3,0,44,0,0,-0.144,0.6
WAS/WAS201809220,"Saturday, September 22, 2018",4:06 p.m. Local,Nationals Park,39372,2:32,Day,Home,Washington Nationals,WSN,New York Mets,NYM,28,0,1,0,0.0,4,9,32,0.036,0.156,0.036,0.192,128,84,-0.365,0.56,0.097,,-4.6,24,5,8.0,2,39,12,33,9,10,5,0,53,0,0,-0.134,-1.9,30,6,7,6,6.75,4,5,35,0.233,0.343,0.567,0.91,134,77,0.134,0.65,0.469,,1.9,27,7,9.0,0,48,9,20,7,18,6,0,68,0,0,0.366,4.6
WAS/WAS201809230,"Sunday, September 23, 2018",2:00 p.m. Local,Nationals Park,34218,4:14,Day,Away,New York Mets,NYM,Washington Nationals,WSN,37,8,14,8,8.0,9,7,48,0.378,0.489,0.541,1.03,191,123,0.5,1.43,1.128,,3.4,27,5,9.0,1,84,7,32,12,20,9,0,38,5,0,-0.001,-1.4,38,6,11,6,6.0,6,8,46,0.289,0.413,0.474,0.887,196,123,0.0,0.98,1.124,,1.4,27,10,9.0,0,72,12,39,10,20,10,0,36,6,2,-0.501,-3.4
WAS/WAS201809240,"Monday, September 24, 2018",7:06 p.m. Local,Nationals Park,22428,3:09,Night,Home,Washington Nationals,WSN,Miami Marlins,MIA,34,3,6,3,2.0,5,9,40,0.176,0.3,0.235,0.535,140,105,-0.177,0.65,0.571,,-1.6,24,6,8.0,3,66,10,29,16,10,4,0,22,0,0,-0.323,-2.9,31,7,9,7,7.88,6,7,39,0.29,0.395,0.677,1.072,174,87,0.325,1.13,0.659,,2.9,27,10,9.0,0,53,11,23,12,14,3,0,53,0,0,0.178,1.6
WAS/WAS201809250,"Tuesday, September 25, 2018",7:05 p.m. Local,Nationals Park,26483,3:12,Night,Home,Washington Nationals,WSN,Miami Marlins,MIA,35,4,9,4,3.0,0,12,37,0.257,0.278,0.371,0.649,159,101,-0.31,0.6,0.226,,-0.6,24,13,8.0,1,55,25,21,6,18,7,0,40,2,2,-0.19,-4.9,32,9,11,9,10.12,9,5,42,0.344,0.5,0.563,1.063,142,86,0.19,0.68,0.583,,4.9,27,3,9.0,1,62,5,19,13,14,8,0,73,1,1,0.311,0.6
WAS/WAS201809260,"Wednesday, September 26, 2018",4:05 p.m. Local,Nationals Park,28680,2:45,Day,Home,Washington Nationals,WSN,Miami Marlins,MIA,26,3,5,3,3.86,4,9,30,0.192,0.3,0.308,0.608,129,69,-0.174,0.45,0.093,,-0.6,21,7,7.0,1,35,9,25,9,8,4,0,28,0,0,-0.318,-5.4,33,9,12,8,10.29,5,3,38,0.364,0.447,0.545,0.993,125,80,0.318,0.42,0.506,,5.4,21,6,7.0,1,55,9,16,11,19,10,0,61,4,0,0.174,0.6
COL/COL201809280,"Friday, September 28, 2018",6:11 p.m. Local,Coors Field,48089,2:51,Night,Home,Colorado Rockies,COL,Washington Nationals,WSN,38,2,12,2,2.0,1,9,39,0.316,0.333,0.421,0.754,121,89,-0.255,0.69,0.69,,-3.1,24,10,8.0,4,48,20,21,13,16,9,0,44,0,0,-0.246,-0.5,30,5,8,5,5.62,1,4,31,0.267,0.29,0.733,1.024,133,78,0.245,1.24,0.665,,0.5,27,9,9.0,0,49,13,16,10,16,7,0,45,0,0,0.255,3.1
COL/COL201809290,"Saturday, September 29, 2018",6:11 p.m. Local,Coors Field,47781,3:40,Night,Away,Washington Nationals,WSN,Colorado Rockies,COL,43,12,18,12,12.0,4,6,48,0.419,0.468,0.651,1.119,156,111,0.332,0.54,0.633,,6.9,27,12,9.0,2,71,17,23,19,19,11,0,59,3,0,0.167,3.1,33,2,5,2,2.0,4,10,37,0.152,0.243,0.333,0.577,173,101,-0.167,0.45,0.225,,-3.1,27,14,9.0,2,60,21,20,14,9,5,0,23,2,1,-0.333,-6.9
COL/COL201809300,"Sunday, September 30, 2018",1:12 p.m. Local,Coors Field,47833,3:02,Day,Home,Colorado Rockies,COL,Washington Nationals,WSN,28,0,5,0,0.0,3,6,32,0.179,0.281,0.25,0.531,155,78,-0.251,0.27,0.192,,-5.1,24,9,8.0,5,37,16,25,11,11,4,0,38,0,0,-0.248,-7.5,35,12,13,12,13.5,5,7,42,0.371,0.439,0.914,1.353,117,90,0.248,0.54,0.456,,7.5,27,12,9.0,0,46,20,24,11,19,10,0,73,2,0,0.253,5.1
