,date,time,venue,attendance,duration,time_of_day,winner,winning_name,winning_abbr,losing_name,losing_abbr,away_at_bats,away_runs,away_hits,away_rbi,away_earned_runs,away_bases_on_balls,away_strikeouts,away_plate_appearances,away_batting_average,away_on_base_percentage,away_slugging_percentage,away_on_base_plus,away_pitches,away_strikes,away_win_probability_for_offensive_player,away_average_leverage_index,away_win_probability_added,away_win_probability_subtracted,away_base_out_runs_added,away_putouts,away_assists,away_innings_pitched,away_home_runs,away_strikes_by_contact,away_strikes_swinging,away_strikes_looking,away_grounded_balls,away_fly_balls,away_line_drives,away_unknown_bat_type,away_game_score,away_inherited_runners,away_inherited_score,away_win_probability_by_pitcher,away_base_out_runs_saved,home_at_bats,home_runs,home_hits,home_rbi,home_earned_runs,home_bases_on_balls,home_strikeouts,home_plate_appearances,home_batting_average,home_on_base_percentage,home_slugging_percentage,home_on_base_plus,home_pitches,home_strikes,home_win_probability_for_offensive_player,home_average_leverage_index,home_win_probability_added,home_win_probability_subtracted,home_base_out_runs_added,home_putouts,home_assists,home_innings_pitched,home_home_runs,home_strikes_by_contact,home_strikes_swinging,home_strikes_looking,home_grounded_balls,home_fly_balls,home_line_drives,home_unknown_bat_type,home_game_score,home_inherited_runners,home_inherited_score,home_win_probability_by_pitcher,home_base_out_runs_saved
CHA/CHA201403310,"Monday, March 31, 2014",3:11 p.m. Local,U.S. Cellular Field,37422,2:35,Day,Home,Chicago White Sox,CHW,Minnesota Twins,MIN,32,3,7,3,3.0,1,10,34,0.219,0.242,0.313,0.555,130,89,-0.203,0.7,0.498,,-1.0,24,10,8.0,2,44,15,30,14,9,4,0,34,1,0,-0.297,-1.4,31,5,11,5,5.62,2,6,34,0.355,0.382,0.613,0.995,133,87,0.298,1.04,0.689,,1.4,27,11,9.0,0,50,15,22,14,12,6,0,63,2,1,0.203,1.0
CHA/CHA201404020,"Wednesday, April 2, 2014",1:10 p.m. Local,U.S. Cellular Field,10625,4:19,Day,Home,Chicago White Sox,CHW,Minnesota Twins,MIN,46,6,12,6,4.09,7,12,53,0.261,0.358,0.326,0.685,187,136,0.178,2.12,1.395,,1.1,32,14,10.2,1,75,21,40,19,15,7,0,56,0,0,-0.677,-2.5,42,7,11,6,5.06,5,12,49,0.262,0.333,0.357,0.69,228,117,0.677,1.52,2.159,,2.5,33,12,11.0,0,66,17,34,23,9,3,0,52,6,1,-0.177,-1.1
CHA/CHA201404030,"Thursday, April 3, 2014",1:12 p.m. Local,U.S. Cellular Field,11056,3:42,Day,Away,Minnesota Twins,MIN,Chicago White Sox,CHW,37,10,9,10,7.0,6,9,43,0.243,0.349,0.432,0.781,165,118,1.198,1.5,1.939,,6.0,27,8,9.0,3,65,14,39,14,14,7,0,43,1,0,-0.699,-5.0,40,9,13,9,9.0,3,8,44,0.325,0.386,0.7,1.086,192,111,0.7,1.35,1.767,,5.0,27,15,9.0,1,74,13,24,11,21,8,0,53,2,2,-1.2,-6.0
KCA/KCA201404040,"Friday, April 4, 2014",3:11 p.m. Local,Kauffman Stadium,40103,3:37,Day,Home,Kansas City Royals,KCR,Chicago White Sox,CHW,34,5,9,5,4.0,4,8,41,0.265,0.341,0.324,0.665,166,105,-0.147,0.67,0.628,,0.7,24,11,8.0,0,61,16,28,13,15,3,0,15,2,0,-0.354,-3.1,36,7,13,6,7.88,6,3,43,0.361,0.465,0.444,0.91,171,88,0.355,1.19,0.734,,3.1,27,8,9.0,0,61,7,20,16,17,5,0,38,5,3,0.146,-0.7
KCA/KCA201404050,"Saturday, April 5, 2014",1:10 p.m. Local,Kauffman Stadium,21463,2:59,Day,Home,Kansas City Royals,KCR,Chicago White Sox,CHW,35,3,9,3,3.0,2,10,39,0.257,0.308,0.286,0.593,134,95,-0.189,1.14,1.04,,-1.3,24,10,8.0,0,46,20,29,12,14,7,0,57,1,1,-0.311,-0.1,28,4,7,4,4.5,5,7,34,0.25,0.353,0.357,0.71,154,86,0.311,1.96,0.907,,0.1,27,8,9.0,0,52,13,21,9,13,4,0,62,1,0,0.189,1.3
KCA/KCA201404060,"Sunday, April 6, 2014",1:10 p.m. Local,Kauffman Stadium,29760,2:49,Day,Away,Chicago White Sox,CHW,Kansas City Royals,KCR,34,5,8,4,5.0,2,7,38,0.235,0.316,0.324,0.639,131,90,-0.102,1.11,0.616,,0.7,27,13,9.0,0,53,17,20,17,10,5,0,79,0,0,0.602,3.3,32,1,7,1,1.0,1,6,33,0.219,0.242,0.219,0.461,146,86,-0.602,0.95,0.265,,-3.3,27,14,9.0,0,51,10,27,15,11,5,0,69,2,2,0.103,-0.7
COL/COL201404070,"Monday, April 7, 2014",6:41 p.m. Local,Coors Field,22550,2:42,Night,Home,Colorado Rockies,COL,Chicago White Sox,CHW,31,1,5,1,1.0,2,5,33,0.161,0.212,0.226,0.438,151,72,-0.272,0.49,0.124,,-3.6,24,4,8.0,2,44,11,17,13,13,8,0,19,3,2,-0.229,-3.9,36,8,13,8,9.0,5,6,42,0.361,0.429,0.611,1.04,119,92,0.23,0.52,0.508,,3.9,27,12,9.0,0,53,12,27,10,21,11,0,62,2,0,0.27,3.6
COL/COL201404080,"Tuesday, April 8, 2014",6:42 p.m. Local,Coors Field,25393,3:10,Night,Away,Chicago White Sox,CHW,Colorado Rockies,COL,43,15,19,15,13.0,5,6,50,0.442,0.5,0.884,1.384,119,112,0.332,0.65,0.645,,10.4,27,16,9.0,1,71,15,26,17,21,12,0,61,0,0,0.169,1.6,31,3,7,3,3.0,3,4,35,0.226,0.286,0.387,0.673,174,80,-0.169,0.42,0.32,,-1.6,27,15,9.0,6,51,5,24,16,12,9,0,32,4,2,-0.33,-10.4
COL/COL201404090,"Wednesday, April 9, 2014",1:13 p.m. Local,Coors Field,22745,3:23,Day,Home,Colorado Rockies,COL,Chicago White Sox,CHW,34,4,8,4,4.0,2,7,36,0.235,0.278,0.265,0.542,154,93,-0.04,1.22,0.843,,-0.6,24,13,8.0,0,53,14,26,18,9,5,0,38,4,3,-0.462,-5.9,37,10,16,10,11.25,2,7,41,0.432,0.475,0.568,1.043,141,95,0.461,1.26,1.213,,5.9,27,13,9.0,0,55,20,21,18,13,11,0,39,0,0,0.039,0.6
CHA/CHA201404100,"Thursday, April 10, 2014",7:10 p.m. Local,U.S. Cellular Field,11116,2:52,Night,Home,Chicago White Sox,CHW,Cleveland Indians,CLE,31,3,6,2,3.0,2,6,34,0.194,0.235,0.355,0.59,157,83,-0.027,0.66,0.471,,-1.0,24,4,8.0,3,47,9,27,15,11,4,0,37,2,0,-0.474,-3.4,32,7,9,7,7.88,4,14,36,0.281,0.361,0.625,0.986,136,96,0.473,0.81,0.762,,3.4,27,16,9.0,1,46,18,32,8,10,2,0,50,0,0,0.026,1.0
CHA/CHA201404110,"Friday, April 11, 2014",7:10 p.m. Local,U.S. Cellular Field,13605,3:28,Night,Home,Chicago White Sox,CHW,Cleveland Indians,CLE,36,6,10,6,6.0,5,8,42,0.278,0.366,0.333,0.699,168,109,0.097,0.85,0.94,,2.0,24,9,8.0,0,69,14,26,12,17,6,0,34,2,1,-0.598,-5.4,33,9,11,9,10.12,9,10,43,0.333,0.465,0.424,0.889,181,98,0.6,1.24,1.022,,5.4,27,10,9.0,0,60,16,22,14,10,6,0,46,0,0,-0.098,-2.0
CHA/CHA201404120,"Saturday, April 12, 2014",1:10 p.m. Local,U.S. Cellular Field,27332,3:28,Day,Away,Cleveland Indians,CLE,Chicago White Sox,CHW,39,12,12,12,12.0,8,7,47,0.308,0.426,0.615,1.041,155,105,0.731,1.43,1.465,,8.0,27,10,9.0,1,58,13,34,9,23,9,0,30,2,0,-0.23,-2.0,36,6,8,6,5.0,6,13,43,0.222,0.349,0.333,0.682,189,97,0.23,1.19,1.12,,2.0,27,6,9.0,3,50,22,25,15,7,3,1,31,5,2,-0.731,-8.0
CHA/CHA201404130,"Sunday, April 13, 2014",2:25 p.m. Local,U.S. Cellular Field,14281,3:18,Day,Home,Chicago White Sox,CHW,Cleveland Indians,CLE,33,3,7,2,1.0,5,6,39,0.212,0.316,0.333,0.649,123,99,0.289,1.54,1.372,,-1.0,25,9,8.1,2,63,12,24,14,14,7,0,60,0,0,-0.787,-0.2,33,4,9,4,4.32,2,7,35,0.273,0.314,0.515,0.829,171,83,0.788,1.75,1.702,,0.2,27,10,9.0,1,53,15,15,12,14,5,0,62,0,0,-0.288,1.0
CHA/CHA201404150,"Tuesday, April 15, 2014",7:11 p.m. Local,U.S. Cellular Field,13402,3:36,Night,Home,Chicago White Sox,CHW,Boston Red Sox,BOS,30,1,3,1,1.0,3,12,34,0.1,0.206,0.2,0.406,174,85,-0.516,1.46,0.437,,-3.0,26,9,8.2,1,36,18,31,8,10,3,0,66,2,1,0.017,1.6,31,2,5,1,1.04,7,10,38,0.161,0.316,0.29,0.606,147,100,-0.017,1.54,0.935,,-1.6,27,7,9.0,1,56,14,30,12,9,5,0,71,5,0,0.518,3.0
CHA/CHA201404160,"Wednesday, April 16, 2014",7:10 p.m. Local,U.S. Cellular Field,13302,5:17,Night,Away,Boston Red Sox,BOS,Chicago White Sox,CHW,44,6,6,6,3.86,15,5,64,0.136,0.359,0.182,0.541,229,144,0.286,1.65,2.258,,-0.3,42,12,14.0,1,79,16,49,22,20,6,0,54,1,0,0.215,2.3,52,4,10,3,1.93,3,15,56,0.192,0.25,0.25,0.5,275,154,-0.214,2.38,1.443,,-2.3,42,16,14.0,0,90,22,42,17,20,7,0,61,7,2,-0.286,0.3
CHA/CHA201404170,"Thursday, April 17, 2014",7:10 p.m. Local,U.S. Cellular Field,17454,2:54,Night,Away,Boston Red Sox,BOS,Chicago White Sox,CHW,30,3,5,3,3.0,5,11,36,0.167,0.306,0.3,0.606,125,98,0.093,1.48,0.954,,-1.0,27,8,9.0,0,49,20,29,9,10,5,0,73,0,0,0.408,3.0,33,1,8,1,1.0,0,10,34,0.242,0.242,0.303,0.545,162,84,-0.409,1.43,0.517,,-3.0,27,8,9.0,1,46,11,27,9,15,7,0,78,3,1,-0.093,1.0
TEX/TEX201404180,"Friday, April 18, 2014",7:07 p.m. Local,Globe Life Park in Arlington,40671,2:41,Night,Home,Texas Rangers,TEX,Chicago White Sox,CHW,30,0,3,0,0.0,1,8,31,0.1,0.129,0.133,0.262,160,70,-0.154,0.44,0.083,,-4.4,24,11,8.0,2,38,14,18,12,10,4,0,-5,1,0,-0.346,-8.1,40,12,18,12,13.5,4,5,45,0.45,0.511,0.75,1.261,109,97,0.347,0.35,0.527,,8.1,27,9,9.0,0,59,11,27,17,18,13,0,88,,,0.154,4.3
TEX/TEX201404190,"Saturday, April 19, 2014",7:06 p.m. Local,Globe Life Park in Arlington,44811,2:49,Night,Home,Texas Rangers,TEX,Chicago White Sox,CHW,34,3,9,2,3.0,3,5,37,0.265,0.324,0.294,0.618,145,87,-0.199,0.64,0.498,,-1.3,24,20,8.0,2,56,5,26,12,17,6,0,28,0,0,-0.3,-2.1,34,6,13,6,6.75,2,2,36,0.382,0.417,0.647,1.064,132,91,0.3,1.0,0.625,,2.1,27,10,9.0,0,62,5,26,18,14,9,0,55,5,0,0.201,1.3
TEX/TEX201404200,"Sunday, April 20, 2014",2:08 p.m. Local,Globe Life Park in Arlington,35402,3:16,Day,Away,Chicago White Sox,CHW,Texas Rangers,TEX,46,16,18,16,13.0,2,12,49,0.391,0.408,0.739,1.147,144,118,0.461,0.9,0.807,,11.7,27,10,9.0,0,64,25,29,14,21,10,0,56,0,0,0.038,2.3,24,2,2,1,1.0,6,5,33,0.083,0.303,0.083,0.386,175,76,-0.038,0.54,0.502,,-2.3,27,5,9.0,3,42,12,23,9,11,5,0,40,2,2,-0.462,-11.7
DET/DET201404210,"Monday, April 21, 2014",7:08 p.m. Local,Comerica Park,24997,3:06,Night,Away,Chicago White Sox,CHW,Detroit Tigers,DET,32,3,5,2,3.0,1,7,34,0.156,0.206,0.281,0.487,136,83,0.102,1.33,0.814,,-1.2,27,13,9.0,0,49,12,22,10,15,6,0,55,1,0,0.399,3.2,34,1,9,1,1.0,4,2,38,0.265,0.342,0.353,0.695,131,89,-0.4,1.07,0.644,,-3.2,27,9,9.0,0,46,10,33,13,19,6,0,55,1,0,-0.101,1.2
DET/DET201404220,"Tuesday, April 22, 2014",7:08 p.m. Local,Comerica Park,24976,3:22,Night,Home,Detroit Tigers,DET,Chicago White Sox,CHW,37,6,13,6,6.0,4,9,42,0.351,0.405,0.568,0.972,159,104,-0.104,0.4,0.31,,1.8,24,11,8.0,1,55,21,28,13,16,5,0,15,3,1,-0.398,-4.3,38,8,15,8,9.0,3,5,42,0.395,0.429,0.658,1.086,170,95,0.398,0.46,0.597,,4.2,27,7,9.0,2,58,16,23,17,17,7,0,58,0,0,0.104,-1.8
DET/DET201404230,"Wednesday, April 23, 2014",7:08 p.m. Local,Comerica Park,23451,2:51,Night,Away,Chicago White Sox,CHW,Detroit Tigers,DET,34,6,10,6,6.0,2,9,36,0.294,0.333,0.559,0.892,130,89,0.516,1.3,1.159,,1.8,27,9,9.0,1,49,19,22,10,15,7,0,48,0,0,-0.015,0.2,32,4,6,4,4.0,3,4,35,0.188,0.257,0.281,0.538,143,81,0.016,1.0,0.759,,-0.2,27,9,9.0,2,47,10,24,12,16,5,0,58,3,3,-0.515,-1.8
DET/DET201404240,"Thursday, April 24, 2014",1:08 p.m. Local,Comerica Park,28514,3:14,Day,Home,Detroit Tigers,DET,Chicago White Sox,CHW,36,4,11,3,4.0,2,15,39,0.306,0.333,0.5,0.833,148,108,-0.179,0.79,0.842,,-0.2,24,9,8.0,1,49,36,23,9,13,5,0,49,3,2,-0.321,-3.3,36,7,13,7,7.88,2,5,38,0.361,0.395,0.528,0.923,166,89,0.321,1.55,0.777,,3.3,27,4,9.0,1,56,10,23,13,18,8,0,59,0,0,0.179,0.2
CHA/CHA201404250,"Friday, April 25, 2014",7:10 p.m. Local,U.S. Cellular Field,17210,4:04,Night,Home,Chicago White Sox,CHW,Tampa Bay Rays,TBR,33,6,10,6,6.0,11,7,44,0.303,0.477,0.424,0.902,148,104,0.378,2.06,1.393,,2.0,26,14,8.2,2,56,13,38,16,10,5,0,42,1,0,-0.877,-5.0,36,9,12,9,9.35,3,6,39,0.333,0.385,0.556,0.94,196,93,0.877,1.4,1.892,,5.0,27,14,9.0,1,52,11,30,14,16,8,0,28,5,0,-0.376,-2.0
CHA/CHA201404260,"Saturday, April 26, 2014",6:10 p.m. Local,U.S. Cellular Field,22412,3:11,Night,Away,Tampa Bay Rays,TBR,Chicago White Sox,CHW,37,4,9,4,4.0,4,8,41,0.243,0.317,0.378,0.695,117,101,0.164,0.9,0.608,,-0.0,27,14,9.0,0,50,16,35,10,19,5,0,55,1,0,0.335,4.0,30,0,5,0,0.0,3,2,34,0.167,0.242,0.2,0.442,184,70,-0.334,0.65,0.292,,-4.0,27,7,9.0,0,46,7,17,15,14,6,0,39,1,0,-0.165,0.0
CHA/CHA201404270,"Sunday, April 27, 2014",1:10 p.m. Local,U.S. Cellular Field,17313,2:55,Day,Home,Chicago White Sox,CHW,Tampa Bay Rays,TBR,30,2,7,1,1.0,4,3,35,0.233,0.343,0.233,0.576,131,67,-0.178,0.69,0.353,,-2.0,24,6,8.0,1,41,3,23,17,10,5,0,32,2,2,-0.322,-5.4,36,9,11,6,7.88,2,8,38,0.306,0.342,0.444,0.787,124,89,0.319,0.68,0.686,,5.4,27,16,9.0,0,51,11,27,11,17,7,0,61,1,1,0.178,2.0
CHA/CHA201404280,"Monday, April 28, 2014",7:09 p.m. Local,U.S. Cellular Field,11268,3:19,Night,Home,Chicago White Sox,CHW,Tampa Bay Rays,TBR,33,3,7,2,2.0,3,6,38,0.212,0.27,0.303,0.573,156,87,-0.068,0.81,0.512,,-1.0,24,8,8.0,1,53,13,21,16,13,6,0,34,4,0,-0.432,-3.4,33,7,12,7,6.75,6,9,40,0.364,0.462,0.606,1.068,141,94,0.433,0.88,1.02,,3.4,27,8,9.0,0,52,11,31,10,15,6,0,53,0,0,0.067,1.0
CHA/CHA201404290,"Tuesday, April 29, 2014",7:11 p.m. Local,U.S. Cellular Field,17023,3:04,Night,Away,Detroit Tigers,DET,Chicago White Sox,CHW,36,4,9,4,3.0,0,14,36,0.25,0.25,0.25,0.5,141,105,0.188,1.4,1.127,,-0.0,27,8,9.0,0,55,23,27,12,10,6,0,54,0,0,0.313,1.0,32,3,7,3,3.0,4,7,36,0.219,0.306,0.375,0.681,159,85,-0.312,1.33,0.697,,-1.0,27,8,9.0,0,52,14,19,10,15,5,0,54,0,0,-0.189,0.0
CHA/CHA201404300,"Wednesday, April 30, 2014",1:10 p.m. Local,U.S. Cellular Field,15157,3:03,Day,Away,Detroit Tigers,DET,Chicago White Sox,CHW,34,5,8,5,4.0,5,10,41,0.235,0.317,0.324,0.641,142,100,0.195,0.73,0.476,,1.0,27,12,9.0,0,55,25,20,9,17,7,0,68,0,0,0.306,3.0,33,1,6,1,1.0,3,9,36,0.182,0.25,0.273,0.523,160,93,-0.306,0.57,0.194,,-3.0,27,6,9.0,0,56,14,23,14,10,6,0,36,4,1,-0.194,-1.0
CLE/CLE201405020,"Friday, May 2, 2014",7:06 p.m. Local,Progressive Field,15518,3:26,Night,Home,Cleveland Indians,CLE,Chicago White Sox,CHW,36,5,10,3,3.0,4,9,40,0.278,0.35,0.389,0.739,168,100,0.036,0.42,0.754,,0.7,24,11,8.0,2,57,20,23,18,9,5,0,15,2,2,-0.537,-8.2,37,12,13,11,11.25,6,4,43,0.351,0.442,0.622,1.063,164,91,0.537,0.91,0.712,,8.2,27,15,9.0,1,57,6,28,14,19,9,0,40,4,1,-0.036,-0.7
CLE/CLE201405030,"Saturday, May 3, 2014",6:05 p.m. Local,Progressive Field,15834,2:38,Night,Home,Cleveland Indians,CLE,Chicago White Sox,CHW,31,0,5,0,0.0,1,8,33,0.161,0.212,0.226,0.438,127,81,-0.555,0.8,0.541,,-4.3,24,13,8.0,0,46,14,21,14,9,2,0,57,0,0,0.056,1.8,27,2,5,1,0.0,1,0,31,0.185,0.233,0.222,0.456,129,75,-0.056,1.44,0.384,,-1.8,27,10,9.0,0,46,3,26,18,11,0,0,75,1,0,0.556,4.3
CLE/CLE201405040,"Sunday, May 4, 2014",1:05 p.m. Local,Progressive Field,13455,2:55,Day,Away,Chicago White Sox,CHW,Cleveland Indians,CLE,29,4,4,4,4.0,4,15,34,0.138,0.242,0.345,0.587,164,86,0.383,0.96,1.055,,-0.3,27,14,9.0,2,38,27,21,7,8,4,0,36,2,0,0.118,1.3,36,3,9,3,3.0,5,4,42,0.25,0.357,0.444,0.802,139,95,-0.118,1.06,0.602,,-1.3,27,8,9.0,2,51,7,37,19,13,5,0,83,0,0,-0.382,0.3
CHN/CHN201405050,"Monday, May 5, 2014",7:08 p.m. Local,Wrigley Field,33146,3:51,Night,Away,Chicago White Sox,CHW,Chicago Cubs,CHC,40,3,6,3,1.5,4,13,47,0.15,0.239,0.2,0.439,170,117,-0.316,1.54,1.009,,-2.4,36,18,12.0,0,63,23,32,19,10,7,0,71,2,0,0.816,4.4,37,1,4,1,0.75,5,7,44,0.108,0.209,0.135,0.344,177,102,-0.817,1.52,0.496,,-4.4,36,16,12.0,0,57,15,30,21,11,6,0,84,0,0,0.317,2.4
CHN/CHN201405060,"Tuesday, May 6, 2014",7:07 p.m. Local,Wrigley Field,34305,3:30,Night,Away,Chicago White Sox,CHW,Chicago Cubs,CHC,36,5,11,5,5.0,1,11,38,0.306,0.342,0.5,0.842,152,96,0.087,1.28,0.8,,0.9,27,7,9.0,0,51,19,27,9,16,9,0,60,0,0,0.412,3.1,31,1,4,1,1.0,3,11,34,0.129,0.206,0.129,0.335,143,93,-0.412,1.08,0.422,,-3.1,27,11,9.0,1,46,20,27,12,9,3,0,70,1,0,-0.087,-0.9
CHA/CHA201405070,"Wednesday, May 7, 2014",7:10 p.m. Local,U.S. Cellular Field,21075,3:03,Night,Home,Chicago White Sox,CHW,Chicago Cubs,CHC,31,3,4,3,3.0,2,11,33,0.129,0.182,0.29,0.472,151,90,-0.001,0.77,0.535,,-1.0,24,8,8.0,1,43,17,30,9,11,2,0,12,1,1,-0.498,-4.4,34,8,11,8,9.0,6,7,40,0.324,0.425,0.529,0.954,136,93,0.498,0.81,0.86,,4.4,27,7,9.0,1,61,10,22,12,15,10,0,59,0,0,0.002,1.0
CHA/CHA201405080,"Thursday, May 8, 2014",7:10 p.m. Local,U.S. Cellular Field,26332,4:07,Night,Away,Chicago Cubs,CHC,Chicago White Sox,CHW,42,12,15,12,12.0,6,8,52,0.357,0.481,0.69,1.171,173,112,0.48,0.94,1.147,,8.0,27,15,9.0,0,56,14,42,14,20,10,0,30,5,0,0.022,-1.0,39,5,13,5,4.0,3,9,43,0.333,0.395,0.333,0.729,186,105,-0.02,0.85,0.63,,1.0,27,9,9.0,3,63,20,22,19,11,7,0,16,2,0,-0.479,-8.0
CHA/CHA201405090,"Friday, May 9, 2014",7:10 p.m. Local,U.S. Cellular Field,19118,2:45,Night,Home,Chicago White Sox,CHW,Arizona Diamondbacks,ARI,33,3,4,3,3.0,2,5,35,0.121,0.171,0.242,0.414,134,92,0.007,0.67,0.351,,-1.0,24,7,8.0,3,55,13,24,8,20,6,0,19,2,0,-0.506,-5.4,38,9,15,9,10.12,1,10,39,0.395,0.41,0.711,1.121,142,94,0.507,0.51,0.789,,5.4,27,7,9.0,1,55,13,26,9,19,9,0,50,2,0,-0.006,1.0
CHA/CHA201405100,"Saturday, May 10, 2014",6:12 p.m. Local,U.S. Cellular Field,24634,2:58,Night,Away,Arizona Diamondbacks,ARI,Chicago White Sox,CHW,35,4,12,4,4.0,3,5,39,0.343,0.385,0.486,0.87,133,99,0.133,1.4,0.714,,-0.0,27,9,9.0,1,59,14,26,10,21,10,0,67,0,0,0.367,1.0,33,3,7,3,3.0,0,9,33,0.212,0.212,0.333,0.545,160,92,-0.367,0.95,0.561,,-1.0,27,13,9.0,0,54,9,29,10,14,7,0,50,0,0,-0.134,0.0
CHA/CHA201405110,"Sunday, May 11, 2014",1:10 p.m. Local,U.S. Cellular Field,18612,3:10,Day,Away,Arizona Diamondbacks,ARI,Chicago White Sox,CHW,36,5,10,5,4.0,5,8,42,0.278,0.381,0.528,0.909,120,119,0.086,0.96,0.642,,1.0,27,11,9.0,1,77,16,26,14,14,7,0,65,1,0,0.414,3.0,29,1,4,1,1.0,1,10,30,0.138,0.167,0.241,0.408,185,81,-0.414,0.71,0.195,,-3.0,27,11,9.0,2,49,16,16,11,8,5,0,45,0,0,-0.086,-1.0
OAK/OAK201405120,"Monday, May 12, 2014",7:07 p.m. Local,O.co Coliseum,10120,2:57,Night,Home,Oakland Athletics,OAK,Chicago White Sox,CHW,33,4,7,4,4.0,3,9,37,0.212,0.27,0.455,0.725,167,81,-0.311,0.74,0.602,,-0.1,24,10,8.0,1,41,15,25,8,17,7,0,51,2,0,-0.189,-1.4,30,5,8,5,5.62,7,8,37,0.267,0.405,0.467,0.872,113,97,0.19,1.3,0.678,,1.4,27,6,9.0,2,59,11,27,11,11,6,0,69,3,2,0.311,0.1
OAK/OAK201405130,"Tuesday, May 13, 2014",7:07 p.m. Local,O.co Coliseum,13826,2:50,Night,Home,Oakland Athletics,OAK,Chicago White Sox,CHW,29,0,4,0,0.0,2,11,31,0.138,0.194,0.138,0.331,158,77,-0.281,0.4,0.165,,-4.1,24,8,8.0,3,42,12,23,12,6,5,0,22,0,0,-0.219,-7.4,40,11,17,10,12.38,3,3,43,0.425,0.465,0.775,1.24,121,96,0.221,0.71,0.516,,7.4,27,13,9.0,0,62,6,28,14,23,11,0,67,0,0,0.281,4.1
OAK/OAK201405140,"Wednesday, May 14, 2014",12:37 p.m. Local,O.co Coliseum,18035,2:57,Day,Away,Chicago White Sox,CHW,Oakland Athletics,OAK,35,4,9,4,4.0,0,7,36,0.257,0.278,0.486,0.763,145,102,0.264,1.03,0.888,,-0.1,27,12,9.0,2,59,18,25,8,20,10,0,63,0,0,0.235,2.1,29,2,3,2,2.0,3,5,32,0.103,0.188,0.31,0.498,142,85,-0.235,1.02,0.544,,-2.1,27,12,9.0,2,45,20,20,12,12,4,0,62,2,2,-0.266,0.1
HOU/HOU201405160,"Friday, May 16, 2014",7:13 p.m. Local,Minute Maid Park,17529,3:31,Night,Away,Chicago White Sox,CHW,Houston Astros,HOU,36,7,9,7,4.0,7,11,44,0.25,0.386,0.417,0.803,162,100,0.355,1.02,0.966,,2.8,27,10,9.0,0,61,20,19,11,14,8,0,48,0,0,0.144,2.2,35,2,9,2,2.0,4,10,39,0.257,0.333,0.314,0.648,160,94,-0.144,0.95,0.6,,-2.2,27,7,9.0,1,44,18,32,13,12,8,0,49,3,1,-0.356,-2.8
HOU/HOU201405170,"Saturday, May 17, 2014",3:12 p.m. Local,Minute Maid Park,20612,3:26,Day,Home,Houston Astros,HOU,Chicago White Sox,CHW,32,5,10,5,5.0,6,6,41,0.312,0.39,0.375,0.765,147,97,-0.245,0.68,0.781,,0.8,24,5,8.0,2,59,17,21,9,20,10,0,37,3,1,-0.255,-2.3,34,6,11,6,5.62,5,8,40,0.324,0.41,0.559,0.969,170,91,0.254,1.52,0.649,,2.3,27,8,9.0,0,53,19,19,10,17,9,0,39,2,0,0.246,-0.8
HOU/HOU201405180,"Sunday, May 18, 2014",1:13 p.m. Local,Minute Maid Park,21532,2:46,Day,Home,Houston Astros,HOU,Chicago White Sox,CHW,31,2,6,2,2.0,4,10,35,0.194,0.286,0.226,0.512,154,81,-0.131,0.44,0.265,,-2.2,24,9,8.0,3,37,15,29,15,6,2,0,18,2,0,-0.369,-4.3,32,8,10,7,7.88,4,9,37,0.312,0.405,0.656,1.062,135,92,0.368,0.5,0.597,,4.3,27,10,9.0,0,44,23,25,8,15,7,0,57,2,0,0.131,2.2
KCA/KCA201405190,"Monday, May 19, 2014",7:10 p.m. Local,Kauffman Stadium,16462,3:16,Night,Away,Chicago White Sox,CHW,Kansas City Royals,KCR,36,7,11,7,7.0,3,9,39,0.306,0.359,0.556,0.915,150,95,0.277,1.46,0.852,,2.6,27,18,9.0,0,59,11,25,13,14,7,0,23,4,0,0.223,-1.7,34,6,9,6,5.0,4,6,40,0.265,0.359,0.294,0.653,137,88,-0.223,0.92,0.899,,1.7,27,10,9.0,3,52,9,28,21,8,4,0,24,0,0,-0.276,-2.7
KCA/KCA201405200,"Tuesday, May 20, 2014",7:11 p.m. Local,Kauffman Stadium,14900,3:19,Night,Away,Chicago White Sox,CHW,Kansas City Royals,KCR,38,7,12,6,7.0,0,3,38,0.316,0.316,0.553,0.868,168,104,0.289,1.5,0.749,,2.7,27,11,9.0,0,71,8,25,15,20,13,0,60,3,1,0.213,-1.7,37,6,10,5,6.0,4,10,42,0.27,0.357,0.378,0.736,154,104,-0.211,0.75,0.88,,1.7,27,13,9.0,2,58,17,29,14,13,8,0,45,0,0,-0.288,-2.7
KCA/KCA201405210,"Wednesday, May 21, 2014",7:10 p.m. Local,Kauffman Stadium,17576,2:41,Night,Home,Kansas City Royals,KCR,Chicago White Sox,CHW,29,1,4,1,1.0,3,4,33,0.138,0.242,0.172,0.415,130,79,-0.492,1.38,0.418,,-3.3,24,10,8.0,0,48,9,22,12,13,5,0,53,3,2,-0.008,0.9,30,3,8,3,3.38,3,4,34,0.267,0.324,0.3,0.624,131,80,0.009,1.24,0.713,,-0.9,27,13,9.0,0,51,8,21,17,10,3,0,67,0,0,0.492,3.3
CHA/CHA201405220,"Thursday, May 22, 2014",7:09 p.m. Local,U.S. Cellular Field,21677,2:45,Night,Home,Chicago White Sox,CHW,New York Yankees,NYY,30,2,3,2,1.0,1,13,31,0.1,0.129,0.1,0.229,128,82,-0.475,0.62,0.111,,-2.0,24,6,8.0,0,41,14,27,9,8,4,0,64,0,0,-0.024,0.6,32,3,8,3,3.38,2,8,34,0.25,0.294,0.344,0.638,134,83,0.024,0.84,0.375,,-0.6,27,8,9.0,0,44,14,25,8,16,7,0,80,0,0,0.477,2.0
CHA/CHA201405230,"Friday, May 23, 2014",7:09 p.m. Local,U.S. Cellular Field,27091,3:52,Night,Home,Chicago White Sox,CHW,New York Yankees,NYY,31,5,8,4,5.0,8,4,41,0.258,0.4,0.355,0.755,170,101,0.313,1.63,0.978,,1.0,24,8,8.0,2,68,10,23,13,16,7,0,37,2,0,-0.814,-2.4,38,6,13,4,4.5,3,9,41,0.342,0.39,0.5,0.89,175,107,0.814,1.32,1.807,,2.4,27,10,9.0,1,62,13,32,14,15,8,0,50,4,2,-0.314,-1.0
CHA/CHA201405240,"Saturday, May 24, 2014",1:10 p.m. Local,U.S. Cellular Field,33413,2:56,Day,Away,New York Yankees,NYY,Chicago White Sox,CHW,39,4,8,4,3.6,1,6,40,0.205,0.225,0.333,0.558,138,95,0.328,0.92,0.985,,-0.5,30,10,10.0,0,61,7,27,17,15,6,1,51,2,0,0.171,1.5,35,3,10,3,2.7,1,11,38,0.286,0.297,0.314,0.612,143,95,-0.171,0.97,0.418,,-1.5,30,12,10.0,1,53,10,32,13,13,5,0,80,0,0,-0.329,0.5
CHA/CHA201405250,"Sunday, May 25, 2014",1:11 p.m. Local,U.S. Cellular Field,39142,3:17,Day,Away,New York Yankees,NYY,Chicago White Sox,CHW,36,7,9,6,4.0,3,12,42,0.25,0.333,0.444,0.778,152,114,0.314,0.45,0.543,,3.0,27,7,9.0,0,60,20,34,12,13,4,0,64,2,0,0.186,3.0,32,1,7,1,1.0,2,7,35,0.219,0.286,0.281,0.567,170,95,-0.185,0.53,0.169,,-3.0,27,7,9.0,1,59,11,25,8,17,8,0,46,0,0,-0.314,-3.0
CHA/CHA201405260,"Monday, May 26, 2014",1:12 p.m. Local,U.S. Cellular Field,17075,3:22,Day,Home,Chicago White Sox,CHW,Cleveland Indians,CLE,34,2,8,2,2.0,3,8,37,0.235,0.297,0.235,0.533,154,99,-0.153,0.67,0.493,,-2.0,24,5,8.0,1,53,15,31,16,10,4,0,50,5,2,-0.346,-2.4,34,6,9,6,3.38,1,12,35,0.265,0.286,0.441,0.727,163,109,0.346,1.0,0.717,,2.4,27,13,9.0,0,60,20,29,8,14,6,0,57,3,0,0.154,2.0
CHA/CHA201405270,"Tuesday, May 27, 2014",7:51 p.m. Local,U.S. Cellular Field,14237,3:05,Night,Home,Chicago White Sox,CHW,Cleveland Indians,CLE,32,1,8,1,1.0,1,6,33,0.25,0.273,0.25,0.523,152,92,-0.569,0.88,0.58,,-3.0,24,7,8.0,1,56,8,28,12,14,4,0,48,1,0,0.067,1.6,32,2,8,2,2.25,4,7,36,0.25,0.333,0.406,0.74,139,93,-0.067,1.6,0.444,,-1.6,27,11,9.0,0,54,17,22,14,11,5,0,62,2,1,0.568,3.0
CHA/CHA201405280,"Wednesday, May 28, 2014",7:10 p.m. Local,U.S. Cellular Field,14228,2:46,Night,Home,Chicago White Sox,CHW,Cleveland Indians,CLE,33,2,7,2,2.0,1,5,35,0.212,0.235,0.303,0.538,147,79,-0.095,1.89,0.75,,-2.0,25,10,8.1,0,49,10,20,9,20,9,0,66,3,1,-0.406,0.6,32,3,8,3,2.16,3,8,36,0.25,0.306,0.25,0.556,118,93,0.406,1.54,1.2,,-0.6,27,5,9.0,1,57,18,18,15,10,6,0,69,1,0,0.095,2.0
CHA/CHA201405300,"Friday, May 30, 2014",7:12 p.m. Local,U.S. Cellular Field,25342,2:51,Night,Away,San Diego Padres,SDP,Chicago White Sox,CHW,34,4,9,3,4.0,3,6,39,0.265,0.342,0.529,0.872,140,90,0.098,1.26,0.721,,-0.0,27,10,9.0,0,56,10,24,16,13,3,0,66,0,0,0.403,3.0,29,1,4,0,1.0,4,13,33,0.138,0.242,0.172,0.415,150,86,-0.403,0.85,0.466,,-3.0,27,13,9.0,2,43,19,24,7,9,1,0,56,0,0,-0.097,0.0
CHA/CHA201405310,"Saturday, May 31, 2014",1:10 p.m. Local,U.S. Cellular Field,19025,3:16,Day,Away,San Diego Padres,SDP,Chicago White Sox,CHW,30,4,10,4,4.0,7,8,40,0.333,0.462,0.467,0.928,137,90,0.158,1.29,0.778,,-0.0,27,12,9.0,0,48,23,19,16,8,5,0,58,0,0,0.344,2.0,32,2,5,1,1.0,4,10,36,0.156,0.25,0.188,0.438,162,83,-0.343,0.94,0.557,,-2.0,27,14,9.0,0,42,21,20,14,8,5,0,36,3,0,-0.157,0.0
CHA/CHA201406010,"Sunday, June 1, 2014",1:10 p.m. Local,U.S. Cellular Field,23185,2:08,Day,Home,Chicago White Sox,CHW,San Diego Padres,SDP,28,1,2,1,1.0,0,9,28,0.071,0.071,0.179,0.25,128,72,-0.304,0.62,0.199,,-3.0,24,8,8.0,2,36,18,18,6,13,3,0,51,0,0,-0.195,-0.4,29,4,6,4,4.5,1,8,31,0.207,0.258,0.483,0.741,100,77,0.194,0.75,0.538,,0.4,27,7,9.0,1,45,13,23,9,12,5,0,88,,,0.305,3.0
LAN/LAN201406020,"Monday, June 2, 2014",7:10 p.m. Local,Dodger Stadium,37336,2:41,Night,Home,Los Angeles Dodgers,LAD,Chicago White Sox,CHW,32,2,5,2,2.0,0,12,32,0.156,0.156,0.25,0.406,135,84,-0.086,1.09,0.336,,-1.8,24,10,8.0,0,46,20,18,14,6,4,0,53,0,0,-0.415,-1.6,32,5,6,4,0.0,3,6,35,0.188,0.257,0.188,0.445,114,79,0.416,0.66,0.894,,1.6,27,10,9.0,1,43,11,25,17,9,2,0,75,0,0,0.085,1.8
LAN/LAN201406030,"Tuesday, June 3, 2014",7:10 p.m. Local,Dodger Stadium,44477,3:05,Night,Away,Chicago White Sox,CHW,Los Angeles Dodgers,LAD,32,4,7,4,4.0,2,3,34,0.219,0.265,0.438,0.702,165,79,0.212,1.05,0.466,,0.2,27,9,9.0,0,45,9,25,15,14,5,0,60,2,0,0.291,2.8,32,1,6,1,1.0,7,8,40,0.188,0.325,0.219,0.544,125,101,-0.29,0.48,0.37,,-2.8,27,15,9.0,2,61,11,29,13,12,6,0,45,0,0,-0.21,-0.2
LAN/LAN201406040,"Wednesday, June 4, 2014",7:10 p.m. Local,Dodger Stadium,45540,3:03,Night,Away,Chicago White Sox,CHW,Los Angeles Dodgers,LAD,35,2,9,2,2.0,2,9,37,0.257,0.297,0.486,0.783,131,88,-0.068,1.41,0.428,,-1.8,27,12,9.0,0,50,17,21,17,9,6,0,72,2,1,0.568,2.8,28,1,2,1,1.0,4,6,34,0.071,0.235,0.107,0.342,136,79,-0.57,0.7,0.389,,-2.8,27,16,9.0,2,37,12,30,14,8,2,0,50,0,0,0.068,1.8
ANA/ANA201406060,"Friday, June 6, 2014",7:08 p.m. Local,Angel Stadium of Anaheim,38521,3:10,Night,Home,Los Angeles Angels of Anaheim,LAA,Chicago White Sox,CHW,36,4,11,4,4.0,4,11,43,0.306,0.419,0.5,0.919,128,107,-0.137,0.5,0.48,,0.0,24,13,8.0,2,48,23,36,14,11,4,0,16,1,0,-0.364,-4.5,32,8,11,8,9.0,1,5,34,0.344,0.382,0.625,1.007,177,81,0.365,0.76,0.602,,4.5,27,11,9.0,2,50,9,22,14,13,11,0,59,0,0,0.136,-0.0
ANA/ANA201406070,"Saturday, June 7, 2014",7:14 p.m. Local,Angel Stadium of Anaheim,39089,2:53,Night,Home,Los Angeles Angels of Anaheim,LAA,Chicago White Sox,CHW,33,5,9,5,3.0,2,12,37,0.273,0.306,0.455,0.76,140,93,0.061,0.99,0.487,,1.0,24,10,8.0,1,49,19,25,11,12,6,0,50,0,0,-0.56,-2.5,34,6,10,6,4.5,1,7,35,0.294,0.314,0.412,0.726,150,98,0.561,0.69,1.059,,2.5,27,10,9.0,1,58,14,26,15,12,4,0,41,0,0,-0.062,-1.0
ANA/ANA201406080,"Sunday, June 8, 2014",12:40 p.m. Local,Angel Stadium of Anaheim,35793,3:01,Day,Home,Los Angeles Angels of Anaheim,LAA,Chicago White Sox,CHW,31,2,7,2,2.0,3,8,34,0.226,0.294,0.29,0.584,146,85,-0.361,0.84,0.362,,-2.0,24,9,8.0,0,50,10,25,15,8,5,0,33,2,0,-0.137,-0.5,32,4,9,4,4.5,7,9,39,0.281,0.41,0.313,0.723,138,89,0.137,0.96,0.638,,0.5,27,15,9.0,0,46,16,27,12,11,4,0,72,1,1,0.363,2.0
CHA/CHA201406090,"Monday, June 9, 2014",7:10 p.m. Local,U.S. Cellular Field,18803,3:13,Night,Home,Chicago White Sox,CHW,Detroit Tigers,DET,37,5,10,5,5.0,1,9,38,0.27,0.289,0.622,0.911,145,98,-0.081,0.81,0.93,,1.0,24,7,8.0,1,56,16,26,10,18,4,0,30,1,1,-0.419,-2.4,35,6,11,6,5.62,3,7,38,0.314,0.368,0.571,0.94,140,88,0.421,1.35,0.896,,2.4,27,7,9.0,3,53,14,21,12,16,7,0,43,3,0,0.081,-1.0
CHA/CHA201406110,"Wednesday, June 11, 2014",7:10 p.m. Local,U.S. Cellular Field,18424,3:17,Night,Home,Chicago White Sox,CHW,Detroit Tigers,DET,34,2,9,2,2.0,3,5,39,0.265,0.342,0.353,0.695,170,86,-0.215,0.9,0.335,,-2.0,24,10,8.0,1,50,12,24,9,21,6,0,27,4,2,-0.286,-4.4,35,8,12,7,9.0,6,9,42,0.343,0.452,0.514,0.967,129,99,0.286,0.81,0.825,,4.4,27,8,9.0,0,62,16,21,15,11,6,0,59,0,0,0.215,2.0
CHA/CHA201406120,"Thursday, June 12, 2014",7:10 p.m. Local,U.S. Cellular Field,20626,2:52,Night,Away,Detroit Tigers,DET,Chicago White Sox,CHW,36,4,10,4,4.0,0,13,36,0.278,0.278,0.361,0.639,113,106,-0.022,1.02,0.534,,-0.0,27,6,9.0,0,61,26,19,14,9,3,0,86,,,0.524,4.0,31,0,3,0,0.0,3,8,34,0.097,0.176,0.161,0.338,160,73,-0.525,0.81,0.201,,-4.0,27,8,9.0,1,40,16,17,8,15,3,0,73,0,0,0.023,0.0
CHA/CHA201406130,"Friday, June 13, 2014",7:10 p.m. Local,U.S. Cellular Field,22773,3:22,Night,Away,Kansas City Royals,KCR,Chicago White Sox,CHW,38,7,12,7,7.0,4,8,43,0.316,0.372,0.421,0.793,155,108,0.37,0.81,0.525,,3.0,27,2,9.0,0,64,16,28,13,18,9,0,54,2,0,0.132,2.0,33,2,7,2,2.0,5,12,40,0.212,0.325,0.212,0.537,179,92,-0.134,0.39,0.386,,-2.0,27,8,9.0,0,45,19,28,8,14,5,0,37,0,0,-0.369,-3.0
CHA/CHA201406140,"Saturday, June 14, 2014",1:10 p.m. Local,U.S. Cellular Field,24527,3:03,Day,Away,Kansas City Royals,KCR,Chicago White Sox,CHW,42,9,16,7,6.0,1,8,43,0.381,0.395,0.619,1.014,121,113,0.264,0.5,0.519,,5.0,27,7,9.0,1,68,19,26,13,21,13,0,75,1,0,0.236,3.0,34,1,7,1,1.0,2,11,36,0.206,0.25,0.324,0.574,169,81,-0.234,0.52,0.129,,-3.0,27,8,9.0,2,43,19,19,11,12,5,0,34,1,0,-0.264,-5.0
CHA/CHA201406150,"Sunday, June 15, 2014",1:11 p.m. Local,U.S. Cellular Field,29152,3:10,Day,Away,Kansas City Royals,KCR,Chicago White Sox,CHW,32,6,8,6,6.0,6,6,39,0.25,0.385,0.438,0.822,162,79,0.311,0.96,0.619,,2.0,27,8,9.0,0,43,8,28,12,14,5,0,42,1,0,0.188,1.0,39,3,12,2,3.0,4,5,43,0.308,0.372,0.462,0.834,144,100,-0.189,0.48,0.572,,-1.0,27,12,9.0,2,62,14,24,14,20,10,0,35,1,0,-0.312,-2.0
CHA/CHA201406170,"Tuesday, June 17, 2014",7:11 p.m. Local,U.S. Cellular Field,25278,2:42,Night,Home,Chicago White Sox,CHW,San Francisco Giants,SFG,34,2,7,2,1.0,4,5,38,0.206,0.289,0.294,0.584,125,85,-0.032,0.79,0.349,,-2.0,24,2,8.0,2,53,12,20,11,18,6,0,19,0,0,-0.468,-4.4,34,8,10,7,7.88,1,6,35,0.294,0.314,0.471,0.785,131,91,0.466,0.57,0.817,,4.4,27,8,9.0,1,55,16,20,7,21,6,0,58,1,0,0.032,2.0
CHA/CHA201406180,"Wednesday, June 18, 2014",1:22 p.m. Local,U.S. Cellular Field,20059,3:12,Day,Home,Chicago White Sox,CHW,San Francisco Giants,SFG,37,6,14,6,6.0,2,10,44,0.378,0.409,0.432,0.842,118,113,-0.169,0.51,0.842,,2.0,24,7,8.0,2,54,29,30,13,17,7,0,11,1,0,-0.331,-3.4,35,7,12,7,7.88,1,1,36,0.343,0.361,0.657,1.018,173,76,0.333,1.39,0.595,,3.4,27,8,9.0,0,51,4,21,14,20,12,0,50,6,3,0.17,-2.0
MIN/MIN201406190,"Thursday, June 19, 2014",9:16 p.m. Local,Target Field,31195,2:43,Night,Home,Minnesota Twins,MIN,Chicago White Sox,CHW,32,2,6,2,2.0,1,9,33,0.188,0.212,0.219,0.431,137,86,-0.361,1.09,0.396,,-2.3,24,8,8.0,1,52,15,19,8,15,5,0,62,0,0,-0.139,-0.2,31,4,9,4,4.5,2,7,34,0.29,0.324,0.548,0.872,120,89,0.138,1.24,0.762,,0.2,27,7,9.0,0,48,8,33,9,16,8,0,65,0,0,0.36,2.3
MIN/MIN201406200,"Friday, June 20, 2014",7:11 p.m. Local,Target Field,32071,3:16,Night,Home,Minnesota Twins,MIN,Chicago White Sox,CHW,35,4,10,4,4.0,4,3,39,0.286,0.359,0.543,0.902,145,97,0.054,1.11,1.096,,-0.3,26,7,8.2,0,61,12,26,12,20,5,0,51,4,1,-0.553,-1.2,32,5,7,5,5.19,4,5,38,0.219,0.316,0.281,0.597,164,86,0.552,1.43,1.037,,1.2,27,9,9.0,2,50,11,25,11,17,11,0,48,3,0,-0.053,0.3
MIN/MIN201406210,"Saturday, June 21, 2014",1:10 p.m. Local,Target Field,32647,3:07,Day,Home,Minnesota Twins,MIN,Chicago White Sox,CHW,36,3,9,3,2.0,3,5,41,0.25,0.317,0.361,0.678,128,100,-0.293,0.93,0.823,,-1.3,24,9,8.0,0,62,10,28,16,16,7,0,34,1,0,-0.206,-0.2,32,4,9,4,4.5,2,5,35,0.281,0.343,0.344,0.687,169,86,0.208,1.5,0.663,,0.2,27,12,9.0,0,53,8,25,11,16,7,0,56,1,0,0.295,1.3
MIN/MIN201406220,"Sunday, June 22, 2014",1:12 p.m. Local,Target Field,30491,2:55,Day,Home,Minnesota Twins,MIN,Chicago White Sox,CHW,34,5,8,5,5.0,1,6,35,0.235,0.257,0.265,0.522,137,91,-0.155,1.05,0.791,,0.7,24,13,8.0,0,64,10,17,16,12,6,0,20,2,0,-0.345,-2.2,31,6,11,6,6.75,4,5,36,0.355,0.417,0.452,0.868,131,86,0.342,1.39,0.86,,2.2,27,12,9.0,0,47,6,33,14,13,3,0,34,0,0,0.156,-0.7
BAL/BAL201406230,"Monday, June 23, 2014",7:08 p.m. Local,Oriole Park at Camden Yards,17931,3:08,Night,Home,Baltimore Orioles,BAL,Chicago White Sox,CHW,34,4,8,4,4.0,3,3,37,0.235,0.297,0.471,0.768,161,97,0.136,1.62,0.872,,-0.3,25,10,8.1,3,65,8,24,11,20,6,0,44,0,0,-0.635,-1.9,37,6,15,6,6.48,1,7,41,0.405,0.45,0.703,1.153,144,114,0.635,1.1,1.73,,1.9,27,10,9.0,1,66,17,31,14,17,9,0,46,1,0,-0.135,0.3
BAL/BAL201406240,"Tuesday, June 24, 2014",7:06 p.m. Local,Oriole Park at Camden Yards,20596,3:09,Night,Away,Chicago White Sox,CHW,Baltimore Orioles,BAL,35,4,11,4,3.0,3,3,39,0.314,0.385,0.457,0.842,149,77,0.102,1.47,0.591,,-0.3,27,16,9.0,1,54,7,17,18,14,6,0,66,1,1,0.397,2.3,32,2,9,2,2.0,4,8,36,0.281,0.361,0.406,0.767,126,87,-0.397,0.71,0.71,,-2.3,27,16,9.0,1,45,13,29,13,11,8,0,35,0,0,-0.103,0.3
BAL/BAL201406250,"Wednesday, June 25, 2014",7:07 p.m. Local,Oriole Park at Camden Yards,22020,4:03,Night,Home,Baltimore Orioles,BAL,Chicago White Sox,CHW,45,4,11,4,3.0,4,12,50,0.244,0.32,0.422,0.742,163,116,-0.457,1.48,0.904,,-1.7,33,13,11.0,1,61,18,37,19,14,5,0,53,7,3,-0.044,-0.1,43,5,12,4,4.09,3,6,46,0.279,0.326,0.349,0.675,185,107,0.045,1.32,1.207,,0.1,36,15,12.0,1,70,12,25,17,20,8,0,45,3,0,0.457,1.7
TOR/TOR201406260,"Thursday, June 26, 2014",7:09 p.m. Local,Rogers Centre,23248,3:00,Night,Home,Toronto Blue Jays,TOR,Chicago White Sox,CHW,31,0,4,0,0.0,2,10,33,0.129,0.182,0.194,0.375,156,89,-0.237,0.42,0.16,,-4.2,24,9,8.0,0,54,14,21,9,12,5,0,39,1,1,-0.263,-3.3,35,7,10,6,5.62,4,6,39,0.286,0.359,0.4,0.759,137,98,0.262,0.52,0.477,,3.3,27,8,9.0,0,54,11,33,16,13,4,0,77,2,0,0.238,4.2
TOR/TOR201406270,"Friday, June 27, 2014",7:08 p.m. Local,Rogers Centre,24173,2:58,Night,Away,Chicago White Sox,CHW,Toronto Blue Jays,TOR,35,5,8,5,5.0,2,15,37,0.229,0.27,0.571,0.842,175,92,0.355,1.4,0.764,,0.8,27,12,9.0,3,54,26,12,8,12,9,0,56,5,1,0.144,0.2,37,4,9,4,3.0,1,6,38,0.243,0.263,0.541,0.804,147,115,-0.142,0.64,0.834,,-0.2,27,8,9.0,4,70,10,35,17,14,5,0,50,0,0,-0.355,-0.8
TOR/TOR201406280,"Saturday, June 28, 2014",1:09 p.m. Local,Rogers Centre,39623,2:58,Day,Away,Chicago White Sox,CHW,Toronto Blue Jays,TOR,34,4,9,4,4.0,2,8,36,0.265,0.306,0.412,0.717,149,81,0.231,1.36,0.833,,-0.2,27,9,9.0,1,47,14,20,14,12,6,0,62,2,0,0.268,1.2,33,3,7,3,3.0,6,7,39,0.212,0.333,0.333,0.667,143,91,-0.268,0.9,0.752,,-1.2,27,14,9.0,1,45,17,29,11,15,4,0,66,4,3,-0.233,0.2
TOR/TOR201406290,"Sunday, June 29, 2014",1:07 p.m. Local,Rogers Centre,33177,2:32,Day,Away,Chicago White Sox,CHW,Toronto Blue Jays,TOR,33,4,8,4,4.0,3,5,36,0.242,0.306,0.424,0.73,141,81,-0.02,1.06,0.456,,-0.2,27,12,9.0,0,49,10,22,15,13,6,0,76,0,0,0.521,4.2,30,0,4,0,0.0,2,8,32,0.133,0.188,0.167,0.354,130,93,-0.522,0.72,0.188,,-4.2,27,15,9.0,1,48,12,33,13,9,3,0,65,0,0,0.021,0.2
CHA/CHA201407011,"Tuesday, July 1, 2014",4:10 p.m. Local,U.S. Cellular Field,,2:54,Day,Away,Los Angeles Angels of Anaheim,LAA,Chicago White Sox,CHW,35,8,8,8,7.0,7,13,42,0.229,0.357,0.514,0.871,133,105,0.469,0.82,1.028,,4.0,27,13,9.0,1,58,18,29,13,9,4,0,73,3,1,0.032,0.0,29,4,3,3,4.0,4,9,34,0.103,0.235,0.241,0.477,174,80,-0.032,0.8,0.487,,-0.0,27,9,9.0,3,40,18,22,13,7,4,0,41,1,1,-0.468,-4.0
CHA/CHA201407012,"Tuesday, July 1, 2014",7:47 p.m. Local,U.S. Cellular Field,20233,3:08,Night,Away,Los Angeles Angels of Anaheim,LAA,Chicago White Sox,CHW,34,7,12,7,7.0,6,3,41,0.353,0.463,0.471,0.934,138,79,0.409,1.17,0.961,,3.0,27,10,9.0,2,50,5,24,18,13,6,0,37,3,0,0.091,-1.0,35,5,9,5,5.0,2,10,38,0.257,0.316,0.457,0.773,137,82,-0.091,0.98,0.724,,1.0,27,17,9.0,1,45,12,25,13,12,7,0,23,2,1,-0.41,-3.0
CHA/CHA201407020,"Wednesday, July 2, 2014",7:11 p.m. Local,U.S. Cellular Field,18207,2:49,Night,Home,Chicago White Sox,CHW,Los Angeles Angels of Anaheim,LAA,33,2,7,2,2.0,2,12,35,0.212,0.257,0.394,0.651,113,94,-0.256,1.32,0.692,,-2.0,25,10,8.1,0,39,18,37,9,12,2,0,66,0,0,-0.245,0.2,33,3,9,3,3.24,2,6,35,0.273,0.314,0.303,0.617,141,84,0.245,1.33,0.886,,-0.2,27,5,9.0,2,50,11,23,14,13,4,0,66,0,0,0.255,2.0
CHA/CHA201407040,"Friday, July 4, 2014",6:11 p.m. Local,U.S. Cellular Field,30297,2:28,Night,Home,Chicago White Sox,CHW,Seattle Mariners,SEA,31,1,6,1,1.0,0,12,32,0.194,0.188,0.226,0.413,131,77,-0.315,0.66,0.097,,-3.0,24,7,8.0,3,37,22,18,8,12,8,0,38,0,0,-0.187,-3.4,32,7,9,7,7.88,1,8,35,0.281,0.314,0.594,0.908,112,87,0.186,0.59,0.529,,3.4,27,8,9.0,0,50,17,20,11,14,6,0,83,,,0.313,3.0
CHA/CHA201407050,"Saturday, July 5, 2014",1:10 p.m. Local,U.S. Cellular Field,23113,4:38,Day,Away,Seattle Mariners,SEA,Chicago White Sox,CHW,51,3,11,3,1.93,4,13,56,0.216,0.268,0.235,0.503,190,148,-0.408,1.53,1.641,,-3.3,42,19,14.0,0,84,22,42,26,13,4,0,75,0,0,0.908,4.3,47,2,4,2,1.29,2,15,50,0.085,0.12,0.149,0.269,230,128,-0.908,2.12,0.615,,-4.3,42,18,14.0,0,71,26,31,21,13,2,0,80,3,1,0.407,3.3
CHA/CHA201407060,"Sunday, July 6, 2014",1:10 p.m. Local,U.S. Cellular Field,23257,2:50,Day,Home,Chicago White Sox,CHW,Seattle Mariners,SEA,32,0,5,0,0.0,3,7,36,0.156,0.229,0.156,0.385,136,77,-0.711,0.81,0.473,,-4.0,24,11,8.0,0,46,14,17,12,14,7,0,52,0,0,0.211,2.6,26,1,2,0,1.12,7,8,34,0.077,0.294,0.115,0.41,118,80,-0.211,1.77,0.277,,-2.6,27,10,9.0,0,46,11,23,9,9,3,0,67,2,0,0.712,4.0
BOS/BOS201407070,"Monday, July 7, 2014",7:49 p.m. Local,Fenway Park,35114,2:55,Night,Away,Chicago White Sox,CHW,Boston Red Sox,BOS,31,4,6,4,4.0,1,8,32,0.194,0.219,0.419,0.638,138,90,0.155,0.65,0.418,,-0.4,27,17,9.0,0,49,15,26,11,12,6,0,75,1,0,0.346,4.3,29,0,2,0,0.0,3,5,32,0.069,0.156,0.069,0.225,136,84,-0.345,0.46,0.115,,-4.3,27,10,9.0,2,49,7,28,19,5,3,0,57,0,0,-0.155,0.3
BOS/BOS201407080,"Tuesday, July 8, 2014",7:11 p.m. Local,Fenway Park,35345,3:11,Night,Away,Chicago White Sox,CHW,Boston Red Sox,BOS,37,8,12,6,6.0,4,8,41,0.324,0.39,0.622,1.012,144,100,0.371,1.35,0.882,,3.7,27,14,9.0,0,52,19,30,12,17,6,0,41,0,0,0.128,1.3,35,3,10,3,3.0,4,7,39,0.286,0.359,0.429,0.788,156,91,-0.129,0.74,0.776,,-1.4,27,12,9.0,1,51,12,28,14,14,6,0,48,1,1,-0.372,-3.7
BOS/BOS201407090,"Wednesday, July 9, 2014",7:13 p.m. Local,Fenway Park,36218,2:54,Night,Home,Boston Red Sox,BOS,Chicago White Sox,CHW,35,4,10,3,4.0,0,7,35,0.286,0.286,0.657,0.943,138,88,0.08,1.31,0.411,,-0.3,25,7,8.1,0,50,15,23,9,19,10,0,73,3,1,-0.581,-1.2,34,5,9,5,5.4,1,6,37,0.265,0.324,0.412,0.736,133,99,0.58,0.51,1.34,,1.2,27,12,9.0,2,56,14,29,9,19,8,0,46,0,0,-0.081,0.3
BOS/BOS201407100,"Thursday, July 10, 2014",4:07 p.m. Local,Fenway Park,37547,3:22,Day,Home,Boston Red Sox,BOS,Chicago White Sox,CHW,39,3,10,3,2.7,1,16,41,0.256,0.275,0.385,0.66,154,104,-0.166,1.36,0.901,,-1.8,28,7,9.1,0,53,22,29,13,11,5,0,66,0,0,-0.333,-0.1,30,4,3,4,3.86,4,8,35,0.1,0.206,0.133,0.339,152,94,0.333,1.46,0.954,,0.1,30,8,10.0,1,44,15,35,10,13,6,0,71,0,0,0.167,1.8
CLE/CLE201407110,"Friday, July 11, 2014",7:06 p.m. Local,Progressive Field,24652,3:16,Night,Home,Cleveland Indians,CLE,Chicago White Sox,CHW,34,4,8,4,4.0,2,11,37,0.235,0.297,0.412,0.709,134,96,0.04,1.12,0.688,,-0.3,24,13,8.0,2,50,17,29,13,9,6,1,26,3,0,-0.54,-3.2,30,7,10,7,7.88,6,6,38,0.333,0.444,0.567,1.011,145,79,0.54,1.03,1.154,,3.2,27,10,9.0,1,44,14,21,15,11,9,0,43,0,0,-0.041,0.3
CLE/CLE201407120,"Saturday, July 12, 2014",3:05 p.m. Local,Progressive Field,23837,3:10,Day,Away,Chicago White Sox,CHW,Cleveland Indians,CLE,32,6,8,6,6.0,3,3,37,0.25,0.306,0.406,0.712,155,81,0.167,1.39,0.584,,1.7,27,7,9.0,1,56,10,15,18,13,4,0,65,3,1,0.332,2.3,33,2,6,2,2.0,2,8,36,0.182,0.25,0.273,0.523,125,94,-0.332,0.72,0.552,,-2.3,27,14,9.0,1,53,14,27,12,13,5,0,57,4,1,-0.169,-1.7
CLE/CLE201407130,"Sunday, July 13, 2014",1:06 p.m. Local,Progressive Field,18070,3:00,Day,Home,Cleveland Indians,CLE,Chicago White Sox,CHW,37,2,11,2,2.0,4,13,41,0.297,0.366,0.324,0.69,133,104,-0.153,1.19,0.943,,-2.3,24,12,8.0,1,56,24,24,11,13,9,0,59,0,0,-0.347,0.8,34,3,10,3,3.38,2,5,37,0.294,0.351,0.412,0.763,161,95,0.346,1.5,1.021,,-0.8,27,10,9.0,0,59,8,28,16,13,7,0,65,1,0,0.153,2.3
CHA/CHA201407180,"Friday, July 18, 2014",7:11 p.m. Local,U.S. Cellular Field,28777,2:50,Night,Home,Chicago White Sox,CHW,Houston Astros,HOU,30,2,3,1,2.0,2,14,32,0.1,0.156,0.1,0.256,122,108,-0.354,1.07,0.248,,-2.0,24,12,8.0,1,56,22,30,7,9,1,0,50,0,0,-0.147,0.6,29,3,7,3,3.38,3,4,32,0.241,0.313,0.517,0.83,165,73,0.148,0.91,0.859,,-0.6,27,7,9.0,0,47,7,19,9,16,4,0,59,0,0,0.353,2.0
CHA/CHA201407190,"Saturday, July 19, 2014",6:10 p.m. Local,U.S. Cellular Field,28210,3:18,Night,Home,Chicago White Sox,CHW,Houston Astros,HOU,34,3,9,3,3.0,3,7,38,0.265,0.324,0.382,0.707,137,88,-0.345,1.09,0.956,,-1.0,24,10,8.0,0,51,12,25,15,13,6,0,32,0,0,-0.156,-0.4,35,4,13,3,3.38,2,8,39,0.371,0.421,0.457,0.878,136,90,0.157,2.04,0.812,,0.4,27,11,9.0,1,56,12,22,16,12,6,0,49,4,0,0.344,1.0
CHA/CHA201407200,"Sunday, July 20, 2014",1:10 p.m. Local,U.S. Cellular Field,26256,3:39,Day,Away,Houston Astros,HOU,Chicago White Sox,CHW,41,11,17,11,11.0,2,10,44,0.415,0.432,0.683,1.115,162,98,0.891,1.23,1.258,,7.0,27,8,9.0,0,60,16,22,13,19,11,0,39,3,1,-0.392,-3.0,38,7,10,5,5.0,5,8,43,0.263,0.349,0.289,0.638,151,96,0.392,0.71,1.146,,3.0,27,10,9.0,2,61,12,23,15,15,9,0,15,2,1,-0.892,-7.0
CHA/CHA201407210,"Monday, July 21, 2014",7:11 p.m. Local,U.S. Cellular Field,18888,2:46,Night,Home,Chicago White Sox,CHW,Kansas City Royals,KCR,32,1,8,1,1.0,1,9,34,0.25,0.294,0.313,0.607,125,86,-0.432,0.88,0.451,,-3.0,24,10,8.0,0,51,14,21,14,9,5,0,52,0,0,-0.068,0.6,27,3,6,3,3.38,5,5,35,0.222,0.371,0.296,0.668,131,68,0.067,1.28,0.535,,-0.6,27,12,9.0,0,44,11,13,15,8,2,0,66,0,0,0.433,3.0
CHA/CHA201407220,"Tuesday, July 22, 2014",7:11 p.m. Local,U.S. Cellular Field,20428,3:35,Night,Away,Kansas City Royals,KCR,Chicago White Sox,CHW,40,7,14,5,7.0,7,5,48,0.35,0.438,0.6,1.038,160,96,0.299,0.83,0.851,,3.0,27,9,9.0,1,60,13,23,15,21,12,0,53,0,0,0.201,3.0,34,1,8,1,1.0,4,6,38,0.235,0.316,0.382,0.698,166,101,-0.202,0.73,0.409,,-3.0,27,13,9.0,2,60,14,27,11,17,10,0,26,4,2,-0.3,-3.0
CHA/CHA201407230,"Wednesday, July 23, 2014",1:10 p.m. Local,U.S. Cellular Field,23811,3:03,Day,Away,Kansas City Royals,KCR,Chicago White Sox,CHW,30,2,10,1,1.0,5,4,39,0.333,0.432,0.367,0.799,127,104,-0.098,1.22,0.893,,-2.0,27,13,9.0,0,68,10,26,21,8,7,0,67,0,0,0.598,3.0,32,1,6,1,1.0,1,10,33,0.188,0.212,0.25,0.462,162,89,-0.597,1.59,0.286,,-3.0,27,20,9.0,0,47,21,21,14,8,3,0,60,3,0,0.097,2.0
MIN/MIN201407240,"Thursday, July 24, 2014",7:11 p.m. Local,Target Field,32952,2:46,Night,Away,Chicago White Sox,CHW,Minnesota Twins,MIN,38,5,11,4,4.0,2,7,41,0.289,0.341,0.368,0.71,124,105,0.205,0.47,0.564,,0.7,27,9,9.0,1,70,12,23,18,13,8,0,67,0,0,0.293,2.3,30,2,3,2,2.0,1,5,31,0.1,0.129,0.2,0.329,149,85,-0.293,0.63,0.058,,-2.3,27,10,9.0,0,43,8,34,11,14,3,0,47,1,1,-0.207,-0.7
MIN/MIN201407250,"Friday, July 25, 2014",7:10 p.m. Local,Target Field,28728,2:51,Night,Away,Chicago White Sox,CHW,Minnesota Twins,MIN,45,9,18,9,9.0,2,4,48,0.4,0.438,0.644,1.082,139,101,0.417,0.39,0.607,,4.7,27,7,9.0,2,61,15,25,15,26,11,0,54,0,0,0.083,-0.7,35,5,9,5,5.0,0,7,36,0.257,0.25,0.429,0.679,158,92,-0.084,0.36,0.152,,0.7,27,9,9.0,3,49,12,31,12,17,5,0,10,0,0,-0.418,-4.7
MIN/MIN201407260,"Saturday, July 26, 2014",6:11 p.m. Local,Target Field,33005,2:30,Night,Away,Chicago White Sox,CHW,Minnesota Twins,MIN,38,7,14,7,7.0,0,7,40,0.368,0.35,0.526,0.876,126,85,0.232,0.52,0.481,,2.7,27,6,9.0,0,52,11,22,15,18,10,0,82,0,0,0.267,4.3,33,0,6,0,0.0,2,13,35,0.182,0.229,0.212,0.441,126,89,-0.267,0.49,0.11,,-4.3,27,10,9.0,1,38,20,31,8,12,4,0,24,2,1,-0.232,-2.7
MIN/MIN201407270,"Sunday, July 27, 2014",1:13 p.m. Local,Target Field,27818,2:44,Day,Home,Minnesota Twins,MIN,Chicago White Sox,CHW,31,3,8,3,3.0,2,8,35,0.258,0.294,0.419,0.713,112,95,-0.201,1.52,0.988,,-1.3,24,10,8.0,0,59,14,23,8,17,9,0,63,3,3,-0.297,-0.2,28,4,6,4,4.5,3,4,32,0.214,0.281,0.321,0.603,148,74,0.299,1.9,0.963,,0.2,27,7,9.0,1,42,8,24,12,13,3,0,61,0,0,0.202,1.3
DET/DET201407290,"Tuesday, July 29, 2014",7:09 p.m. Local,Comerica Park,40032,3:16,Night,Away,Chicago White Sox,CHW,Detroit Tigers,DET,41,11,15,10,10.0,3,9,45,0.366,0.4,0.561,0.961,143,106,0.393,0.7,0.932,,6.8,27,15,9.0,0,62,15,29,17,16,6,0,46,0,0,0.107,0.2,34,4,12,3,4.0,2,2,39,0.353,0.41,0.412,0.822,171,90,-0.105,0.94,0.407,,-0.2,27,9,9.0,2,56,9,25,17,16,5,0,47,4,2,-0.393,-6.8
DET/DET201407300,"Wednesday, July 30, 2014",7:37 p.m. Local,Comerica Park,37193,2:49,Night,Home,Detroit Tigers,DET,Chicago White Sox,CHW,31,2,7,2,2.0,1,9,33,0.226,0.242,0.323,0.565,129,90,-0.131,0.32,0.102,,-2.2,24,10,8.0,1,46,17,27,14,9,2,0,28,0,0,-0.371,-3.3,35,7,13,7,7.88,4,6,39,0.371,0.436,0.457,0.893,135,85,0.371,0.31,0.46,,3.2,27,13,9.0,1,54,10,21,10,19,12,0,68,0,0,0.129,2.2
DET/DET201407310,"Thursday, July 31, 2014",1:08 p.m. Local,Comerica Park,41306,4:01,Day,Away,Chicago White Sox,CHW,Detroit Tigers,DET,40,7,16,7,7.0,3,5,45,0.4,0.455,0.55,1.005,167,116,0.417,1.32,1.352,,2.8,27,16,9.0,2,72,15,31,16,20,10,0,35,1,0,0.082,0.2,34,4,9,4,4.0,5,7,41,0.265,0.366,0.471,0.836,190,101,-0.082,1.3,0.903,,-0.2,27,14,9.0,0,59,14,28,14,14,7,0,31,2,0,-0.418,-2.8
CHA/CHA201408010,"Friday, August 1, 2014",7:11 p.m. Local,U.S. Cellular Field,28060,3:47,Night,Home,Chicago White Sox,CHW,Minnesota Twins,MIN,41,8,14,8,7.0,1,11,43,0.341,0.372,0.488,0.86,165,108,0.579,1.46,1.477,,4.0,24,11,8.0,1,54,21,33,16,14,9,0,36,6,2,-1.079,-6.4,40,10,17,10,11.25,4,7,45,0.425,0.489,0.6,1.089,166,108,1.078,1.47,1.907,,6.4,27,8,9.0,1,66,19,24,16,17,12,0,44,0,0,-0.579,-4.0
CHA/CHA201408020,"Saturday, August 2, 2014",6:10 p.m. Local,U.S. Cellular Field,27446,2:58,Night,Away,Minnesota Twins,MIN,Chicago White Sox,CHW,36,8,12,6,8.0,3,5,40,0.333,0.4,0.5,0.9,125,96,0.82,1.41,1.349,,4.0,27,10,9.0,1,56,11,29,18,13,8,0,46,5,3,-0.319,-2.0,36,6,12,6,6.0,4,6,41,0.333,0.4,0.556,0.956,146,78,0.319,1.07,1.17,,2.0,27,16,9.0,1,48,9,21,11,20,8,0,49,2,2,-0.82,-4.0
CHA/CHA201408030,"Sunday, August 3, 2014",1:11 p.m. Local,U.S. Cellular Field,23471,4:01,Day,Away,Minnesota Twins,MIN,Chicago White Sox,CHW,50,16,23,16,15.0,7,10,58,0.46,0.534,0.74,1.274,134,145,0.484,0.91,1.286,,12.0,27,11,9.0,1,83,21,42,15,25,12,0,59,0,0,0.017,1.0,36,3,8,3,3.0,0,7,37,0.222,0.243,0.361,0.604,244,94,-0.017,0.93,0.587,,-1.0,27,9,9.0,3,50,21,23,15,14,7,0,58,5,5,-0.482,-12.0
CHA/CHA201408040,"Monday, August 4, 2014",7:32 p.m. Local,U.S. Cellular Field,17040,2:28,Night,Home,Chicago White Sox,CHW,Texas Rangers,TEX,25,3,4,3,1.29,3,6,29,0.16,0.276,0.28,0.556,124,66,-0.036,1.47,0.456,,-0.1,18,4,6.0,1,40,7,20,8,11,2,0,32,2,2,-0.362,-2.3,26,5,10,5,7.5,3,6,29,0.385,0.448,0.615,1.064,104,74,0.361,0.94,1.092,,2.3,21,6,7.0,1,44,12,18,5,15,8,0,64,,,0.037,0.1
CHA/CHA201408050,"Tuesday, August 5, 2014",7:10 p.m. Local,U.S. Cellular Field,21827,2:56,Night,Away,Texas Rangers,TEX,Chicago White Sox,CHW,44,16,18,15,16.0,7,8,52,0.409,0.49,0.818,1.308,110,122,0.42,0.23,0.509,,12.0,27,8,9.0,0,69,16,37,14,23,9,0,81,,,0.081,4.0,32,0,6,0,0.0,1,7,33,0.188,0.212,0.219,0.431,197,81,-0.08,0.22,0.081,,-4.0,27,11,9.0,5,49,11,21,10,15,4,0,12,0,0,-0.419,-12.0
CHA/CHA201408060,"Wednesday, August 6, 2014",1:10 p.m. Local,U.S. Cellular Field,18898,2:57,Day,Away,Texas Rangers,TEX,Chicago White Sox,CHW,30,3,5,3,3.0,2,10,33,0.167,0.242,0.367,0.609,135,97,0.015,1.29,0.391,,-1.0,27,13,9.0,1,48,20,30,11,9,6,0,58,3,0,0.486,3.0,31,1,8,1,1.0,2,6,33,0.258,0.303,0.419,0.722,147,90,-0.486,0.6,0.502,,-3.0,27,13,9.0,2,64,9,17,11,14,10,0,65,0,0,-0.015,1.0
SEA/SEA201408070,"Thursday, August 7, 2014",7:10 p.m. Local,Safeco Field,18740,3:08,Night,Home,Seattle Mariners,SEA,Chicago White Sox,CHW,33,3,5,3,3.0,2,9,37,0.152,0.243,0.303,0.546,163,95,-0.221,0.45,0.142,,-1.0,24,10,8.0,4,57,17,21,11,13,5,0,25,7,3,-0.28,-9.5,35,13,12,12,13.5,7,4,45,0.343,0.477,0.714,1.192,141,90,0.28,0.47,0.587,,9.5,27,9,9.0,1,51,10,29,13,19,10,0,60,0,0,0.22,1.0
SEA/SEA201408080,"Friday, August 8, 2014",7:11 p.m. Local,Safeco Field,23223,2:43,Night,Home,Seattle Mariners,SEA,Chicago White Sox,CHW,32,1,6,1,1.0,0,6,32,0.188,0.188,0.281,0.469,126,86,-0.251,0.85,0.247,,-3.0,24,5,8.0,1,52,11,23,12,14,5,0,45,2,0,-0.25,-0.5,32,4,9,4,2.25,2,6,36,0.281,0.314,0.375,0.689,117,79,0.248,0.68,0.653,,0.5,27,10,9.0,1,44,8,27,10,18,7,0,66,1,0,0.25,3.0
SEA/SEA201408090,"Saturday, August 9, 2014",6:27 p.m. Local,Safeco Field,40122,2:50,Night,Away,Chicago White Sox,CHW,Seattle Mariners,SEA,37,2,10,2,0.9,0,6,38,0.27,0.27,0.324,0.595,118,89,-0.12,1.48,1.123,,-2.4,30,11,10.0,0,54,16,19,21,11,7,0,69,2,0,0.621,3.4,33,1,7,1,0.0,1,6,35,0.212,0.235,0.242,0.478,124,84,-0.62,1.84,0.486,,-3.4,30,20,10.0,0,48,15,21,15,13,2,0,61,1,0,0.122,2.4
SEA/SEA201408100,"Sunday, August 10, 2014",1:11 p.m. Local,Safeco Field,27236,2:50,Day,Home,Seattle Mariners,SEA,Chicago White Sox,CHW,32,2,9,2,2.0,1,7,35,0.281,0.343,0.375,0.718,125,92,-0.334,0.5,0.463,,-2.0,24,11,8.0,0,51,24,17,10,15,6,0,40,3,0,-0.167,-0.5,30,4,9,4,4.5,3,1,34,0.3,0.364,0.367,0.73,136,87,0.167,1.12,0.419,,0.5,27,10,9.0,1,52,11,24,15,15,7,0,56,2,0,0.333,2.0
SFN/SFN201408120,"Tuesday, August 12, 2014",7:15 p.m. Local,AT&T Park,42317,3:12,Night,Away,Chicago White Sox,CHW,San Francisco Giants,SFG,35,3,5,3,2.7,3,10,39,0.143,0.231,0.286,0.516,153,98,0.285,1.79,0.983,,-1.2,30,7,10.0,0,49,19,30,12,13,6,0,84,1,0,0.216,2.2,38,2,9,1,1.8,2,13,40,0.237,0.275,0.289,0.564,151,104,-0.218,1.03,1.146,,-2.2,30,10,10.0,1,58,22,24,11,14,6,0,66,0,0,-0.284,1.2
SFN/SFN201408130,"Wednesday, August 13, 2014",12:45 p.m. Local,AT&T Park,41725,2:44,Day,Home,San Francisco Giants,SFG,Chicago White Sox,CHW,30,1,5,1,1.0,3,4,33,0.167,0.242,0.3,0.542,118,81,-0.19,1.28,0.312,,-2.8,24,5,8.0,0,53,11,17,12,14,5,0,55,5,5,-0.309,-3.6,33,7,7,5,5.62,2,9,35,0.212,0.257,0.273,0.53,128,74,0.309,0.81,0.938,,3.6,27,11,9.0,1,41,14,19,8,16,7,0,65,0,0,0.191,2.8
CHA/CHA201408150,"Friday, August 15, 2014",7:10 p.m. Local,U.S. Cellular Field,22739,3:22,Night,Home,Chicago White Sox,CHW,Toronto Blue Jays,TOR,35,5,9,4,5.0,2,8,38,0.257,0.289,0.371,0.661,179,105,0.089,0.61,0.48,,1.0,24,11,8.0,0,57,12,36,11,17,7,0,23,4,0,-0.589,-7.4,40,11,17,10,12.38,4,10,45,0.425,0.489,0.5,0.989,149,110,0.588,0.63,0.821,,7.4,27,8,9.0,1,64,14,32,18,12,8,0,33,3,1,-0.088,-1.0
CHA/CHA201408160,"Saturday, August 16, 2014",6:11 p.m. Local,U.S. Cellular Field,29420,2:54,Night,Away,Toronto Blue Jays,TOR,Chicago White Sox,CHW,38,6,13,6,6.0,1,3,40,0.342,0.35,0.447,0.797,127,99,0.478,1.33,0.793,,2.0,27,12,9.0,0,59,12,28,17,19,8,0,45,4,2,0.024,1.0,34,3,10,3,3.0,0,6,35,0.294,0.286,0.324,0.609,150,87,-0.022,0.71,0.732,,-1.0,27,12,9.0,0,57,10,20,17,12,7,0,45,1,0,-0.476,-2.0
CHA/CHA201408170,"Sunday, August 17, 2014",1:10 p.m. Local,U.S. Cellular Field,25761,3:00,Day,Home,Chicago White Sox,CHW,Toronto Blue Jays,TOR,35,5,11,4,5.0,7,4,43,0.314,0.429,0.457,0.886,108,97,-0.031,0.59,0.933,,1.0,24,12,8.0,2,62,8,27,19,13,8,0,33,0,0,-0.466,-3.4,29,7,9,7,7.88,3,3,33,0.31,0.364,0.586,0.95,159,68,0.467,1.34,0.691,,3.4,27,15,9.0,1,48,10,10,11,16,4,0,32,2,1,0.034,-1.0
CHA/CHA201408180,"Monday, August 18, 2014",7:10 p.m. Local,U.S. Cellular Field,17686,3:02,Night,Away,Baltimore Orioles,BAL,Chicago White Sox,CHW,38,8,12,8,8.0,3,11,42,0.316,0.381,0.658,1.039,105,117,0.29,0.9,0.768,,4.0,27,7,9.0,0,62,21,34,9,18,7,0,68,0,0,0.21,2.0,29,2,3,2,2.0,0,7,30,0.103,0.133,0.138,0.271,179,67,-0.209,0.76,0.376,,-2.0,27,6,9.0,3,42,15,11,8,14,5,0,50,4,2,-0.29,-4.0
CHA/CHA201408190,"Tuesday, August 19, 2014",7:10 p.m. Local,U.S. Cellular Field,13307,2:42,Night,Away,Baltimore Orioles,BAL,Chicago White Sox,CHW,36,5,9,5,5.0,0,4,36,0.25,0.25,0.417,0.667,119,91,0.225,0.64,0.682,,1.0,27,8,9.0,1,56,10,25,14,18,10,0,80,0,0,0.274,3.0,30,1,3,1,1.0,1,10,31,0.1,0.129,0.2,0.329,130,78,-0.273,0.76,0.185,,-3.0,27,10,9.0,1,43,15,20,9,11,4,0,43,0,0,-0.226,-1.0
CHA/CHA201408200,"Wednesday, August 20, 2014",7:10 p.m. Local,U.S. Cellular Field,15137,2:37,Night,Away,Baltimore Orioles,BAL,Chicago White Sox,CHW,34,4,8,4,4.0,0,9,34,0.235,0.235,0.529,0.765,107,90,0.107,1.62,0.618,,-0.0,27,7,9.0,1,53,21,16,8,17,7,0,60,2,0,0.393,1.0,32,3,6,3,3.0,1,10,34,0.188,0.206,0.344,0.55,133,80,-0.394,0.77,0.606,,-1.0,27,6,9.0,3,44,17,19,10,13,8,0,55,0,0,-0.107,0.0
NYA/NYA201408220,"Friday, August 22, 2014",7:09 p.m. Local,Yankee Stadium III,43811,3:23,Night,Home,New York Yankees,NYY,Chicago White Sox,CHW,34,3,11,3,3.0,2,13,37,0.324,0.378,0.412,0.79,160,90,-0.29,1.85,0.619,,-1.2,26,11,8.2,1,49,20,21,10,11,6,0,44,2,0,-0.208,-0.6,33,4,9,4,4.15,6,6,41,0.273,0.4,0.394,0.794,135,100,0.207,1.25,1.315,,0.6,27,11,9.0,1,56,13,31,15,13,6,0,42,2,0,0.292,1.2
NYA/NYA201408230,"Saturday, August 23, 2014",1:17 p.m. Local,Yankee Stadium III,47594,2:54,Day,Home,New York Yankees,NYY,Chicago White Sox,CHW,34,3,7,3,3.0,4,9,38,0.206,0.289,0.324,0.613,105,88,-0.248,0.92,0.638,,-1.2,24,12,8.0,1,53,18,17,8,17,9,0,37,0,0,-0.253,-1.3,28,5,7,4,4.5,3,0,33,0.25,0.333,0.464,0.798,147,63,0.253,1.25,0.648,,1.3,27,6,9.0,0,43,3,17,16,13,7,0,58,2,0,0.248,1.2
NYA/NYA201408240,"Sunday, August 24, 2014",1:09 p.m. Local,Yankee Stadium III,43366,3:17,Day,Home,New York Yankees,NYY,Chicago White Sox,CHW,38,4,9,4,3.6,0,10,39,0.237,0.256,0.474,0.73,166,93,-0.065,1.7,0.849,,-0.6,29,7,9.2,1,48,19,26,14,14,4,0,60,2,0,-0.434,-2.5,36,7,8,7,2.79,5,10,42,0.222,0.333,0.389,0.722,146,99,0.434,1.24,1.438,,2.5,30,13,10.0,3,52,16,31,9,17,5,0,53,0,0,0.066,0.6
CHA/CHA201408260,"Tuesday, August 26, 2014",7:10 p.m. Local,U.S. Cellular Field,12462,3:48,Night,Away,Cleveland Indians,CLE,Chicago White Sox,CHW,39,8,14,7,7.2,4,10,46,0.359,0.432,0.564,0.996,149,117,0.657,1.66,1.515,,3.5,30,16,10.0,1,65,16,36,13,18,7,0,33,4,0,-0.158,-1.5,36,6,10,6,5.4,2,9,40,0.278,0.333,0.444,0.778,188,94,0.159,1.3,1.221,,1.5,30,12,10.0,1,55,18,21,16,12,9,0,26,3,2,-0.658,-3.5
CHA/CHA201408270,"Wednesday, August 27, 2014",7:10 p.m. Local,U.S. Cellular Field,11976,3:07,Night,Home,Chicago White Sox,CHW,Cleveland Indians,CLE,32,2,7,2,2.0,1,6,35,0.219,0.265,0.344,0.608,131,87,-0.361,1.07,0.704,,-2.0,24,9,8.0,0,52,14,21,10,17,4,0,49,4,0,-0.14,0.6,33,3,10,3,3.38,2,10,35,0.303,0.343,0.455,0.797,135,87,0.138,1.58,0.829,,-0.6,27,10,9.0,1,38,31,18,10,13,8,0,61,2,0,0.361,2.0
CHA/CHA201408280,"Thursday, August 28, 2014",7:10 p.m. Local,U.S. Cellular Field,13016,3:18,Night,Away,Cleveland Indians,CLE,Chicago White Sox,CHW,36,3,9,3,3.0,4,9,40,0.25,0.325,0.361,0.686,143,104,0.018,1.57,0.742,,-1.0,27,7,9.0,0,63,19,22,13,14,8,0,68,3,1,0.482,2.0,34,2,6,2,1.0,1,11,35,0.176,0.2,0.176,0.376,165,100,-0.481,1.12,0.534,,-2.0,27,10,9.0,0,49,25,26,10,13,8,0,57,2,0,-0.019,1.0
CHA/CHA201408290,"Friday, August 29, 2014",7:11 p.m. Local,U.S. Cellular Field,17071,3:28,Night,Away,Detroit Tigers,DET,Chicago White Sox,CHW,40,7,13,7,3.0,0,3,41,0.325,0.317,0.45,0.767,140,104,0.409,0.64,0.601,,3.0,27,11,9.0,0,70,10,24,19,18,8,1,61,2,0,0.09,3.0,34,1,10,1,1.0,3,8,39,0.294,0.359,0.441,0.8,161,93,-0.09,0.49,0.28,,-3.0,27,11,9.0,0,48,15,30,10,17,10,0,29,2,0,-0.41,-3.0
CHA/CHA201408301,"Saturday, August 30, 2014",12:11 p.m. Local,U.S. Cellular Field,20556,2:54,Day,Home,Chicago White Sox,CHW,Detroit Tigers,DET,33,3,8,3,3.0,3,15,37,0.242,0.324,0.455,0.779,133,102,-0.061,0.59,0.52,,-1.0,24,6,8.0,2,45,25,32,8,10,4,0,45,1,0,-0.44,-2.4,35,6,10,5,5.62,1,12,36,0.286,0.306,0.486,0.791,153,97,0.439,0.8,0.743,,2.4,27,7,9.0,2,52,27,18,12,11,5,0,64,1,0,0.06,1.0
CHA/CHA201408302,"Saturday, August 30, 2014",6:11 p.m. Local,U.S. Cellular Field,23723,3:23,Night,Away,Detroit Tigers,DET,Chicago White Sox,CHW,35,8,12,8,8.0,4,5,43,0.343,0.429,0.4,0.829,158,96,0.388,0.72,0.679,,4.0,27,16,9.0,1,63,6,27,17,15,9,0,61,4,3,0.112,0.0,33,4,7,4,4.0,4,4,37,0.212,0.297,0.364,0.661,151,96,-0.113,0.69,0.376,,-0.0,27,11,9.0,0,64,11,21,19,10,3,0,39,3,2,-0.388,-4.0
CHA/CHA201408310,"Sunday, August 31, 2014",1:11 p.m. Local,U.S. Cellular Field,26336,3:04,Day,Home,Chicago White Sox,CHW,Detroit Tigers,DET,32,2,6,2,2.0,1,6,33,0.188,0.212,0.25,0.462,127,82,-0.174,0.45,0.184,,-2.0,24,5,8.0,0,47,13,22,13,13,6,0,44,2,0,-0.328,-2.4,39,6,11,5,2.25,1,9,41,0.282,0.317,0.359,0.676,126,90,0.328,0.53,0.54,,2.4,27,11,9.0,0,59,16,15,12,18,7,0,59,0,0,0.173,2.0
MIN/MIN201409020,"Tuesday, September 2, 2014",7:10 p.m. Local,Target Field,23719,3:35,Night,Away,Chicago White Sox,CHW,Minnesota Twins,MIN,37,6,10,6,5.4,8,8,45,0.27,0.4,0.568,0.968,143,120,0.118,1.27,1.324,,1.3,30,14,10.0,1,70,23,27,11,18,7,0,52,1,0,0.384,1.7,35,3,9,3,2.7,2,7,37,0.257,0.297,0.371,0.669,196,90,-0.384,1.37,0.59,,-1.7,30,10,10.0,3,55,15,20,16,12,4,0,38,2,0,-0.118,-1.3
MIN/MIN201409030,"Wednesday, September 3, 2014",7:12 p.m. Local,Target Field,21778,3:12,Night,Home,Minnesota Twins,MIN,Chicago White Sox,CHW,36,4,9,4,4.0,1,9,37,0.25,0.27,0.361,0.631,173,100,0.06,0.49,0.481,,-0.3,24,8,8.0,1,58,14,28,11,16,6,0,16,4,2,-0.56,-7.2,43,11,19,10,11.25,4,6,48,0.442,0.5,0.698,1.198,139,107,0.561,0.66,0.786,,7.2,27,4,9.0,1,69,14,24,13,24,16,0,48,0,0,-0.06,0.3
CLE/CLE201409050,"Friday, September 5, 2014",7:05 p.m. Local,Progressive Field,15531,3:13,Night,Home,Cleveland Indians,CLE,Chicago White Sox,CHW,37,1,9,1,0.9,3,11,42,0.243,0.317,0.405,0.722,155,99,-0.688,1.32,0.656,,-3.8,28,14,9.1,0,56,19,24,17,10,5,0,62,5,1,0.188,1.2,33,2,7,2,1.93,3,7,36,0.212,0.278,0.273,0.551,162,102,-0.187,1.77,0.677,,-1.2,30,13,10.0,1,61,13,28,14,12,7,0,66,2,0,0.688,3.8
CLE/CLE201409060,"Saturday, September 6, 2014",7:06 p.m. Local,Progressive Field,17367,2:46,Night,Home,Cleveland Indians,CLE,Chicago White Sox,CHW,33,1,5,0,0.0,0,8,33,0.152,0.152,0.182,0.333,134,74,-0.441,1.1,0.337,,-3.3,24,3,8.0,1,44,11,19,17,8,5,0,60,0,0,-0.058,0.8,33,3,9,3,3.38,2,7,35,0.273,0.314,0.455,0.769,104,83,0.057,1.13,0.737,,-0.8,27,15,9.0,0,45,13,25,7,19,6,0,83,,,0.442,3.3
CLE/CLE201409070,"Sunday, September 7, 2014",1:05 p.m. Local,Progressive Field,17957,2:36,Day,Home,Cleveland Indians,CLE,Chicago White Sox,CHW,31,0,4,0,0.0,0,8,31,0.129,0.129,0.194,0.323,117,76,-0.644,0.81,0.236,,-4.3,24,15,8.0,0,43,19,14,14,9,7,0,55,4,1,0.145,1.8,29,2,8,2,2.25,2,1,32,0.276,0.323,0.345,0.667,106,70,-0.144,1.27,0.344,,-1.8,27,13,9.0,0,44,2,24,17,12,7,0,84,2,0,0.644,4.3
CHA/CHA201409080,"Monday, September 8, 2014",7:10 p.m. Local,U.S. Cellular Field,15517,3:38,Night,Home,Chicago White Sox,CHW,Oakland Athletics,OAK,41,4,7,4,3.0,4,7,45,0.171,0.244,0.366,0.61,163,102,-0.155,1.44,0.933,,-1.4,34,16,11.1,3,53,14,35,14,20,8,0,60,0,0,-0.347,0.2,37,5,6,5,3.18,4,8,44,0.162,0.256,0.405,0.661,170,108,0.346,1.29,1.551,,-0.2,36,9,12.0,2,56,18,34,16,15,9,0,56,4,0,0.154,1.4
CHA/CHA201409090,"Tuesday, September 9, 2014",7:10 p.m. Local,U.S. Cellular Field,12150,3:19,Night,Away,Oakland Athletics,OAK,Chicago White Sox,CHW,48,11,18,10,6.0,1,5,49,0.375,0.388,0.458,0.846,133,122,0.235,0.85,0.616,,7.0,27,9,9.0,1,76,12,34,24,19,11,0,66,0,0,0.264,2.0,32,2,7,2,2.0,2,10,35,0.219,0.286,0.344,0.629,178,88,-0.264,0.55,0.3,,-2.0,27,11,9.0,0,44,15,29,11,11,1,0,48,0,0,-0.236,-7.0
CHA/CHA201409100,"Wednesday, September 10, 2014",7:10 p.m. Local,U.S. Cellular Field,15046,3:15,Night,Home,Chicago White Sox,CHW,Oakland Athletics,OAK,30,1,5,1,1.0,3,7,33,0.167,0.242,0.2,0.442,140,85,-0.404,2.16,0.348,,-3.0,24,10,8.0,0,53,12,20,11,12,3,0,69,0,0,-0.095,1.6,30,2,8,2,0.0,3,9,33,0.267,0.333,0.3,0.633,133,86,0.096,1.06,1.348,,-1.6,27,8,9.0,0,47,24,15,11,10,8,0,61,1,0,0.405,3.0
CHA/CHA201409110,"Thursday, September 11, 2014",1:11 p.m. Local,U.S. Cellular Field,12314,2:18,Day,Home,Chicago White Sox,CHW,Oakland Athletics,OAK,29,0,3,0,0.0,3,10,32,0.103,0.188,0.103,0.291,113,77,-0.697,0.8,0.353,,-4.0,24,2,8.0,1,40,12,25,6,13,6,0,76,,,0.197,2.6,27,1,4,1,1.12,1,7,28,0.148,0.179,0.259,0.438,125,76,-0.198,1.5,0.287,,-2.6,27,5,9.0,0,41,11,24,4,16,5,0,85,0,0,0.697,4.0
CHA/CHA201409131,"Saturday, September 13, 2014",3:10 p.m. Local,U.S. Cellular Field,,2:38,Day,Home,Chicago White Sox,CHW,Minnesota Twins,MIN,30,1,4,1,1.0,2,17,32,0.133,0.188,0.167,0.354,121,90,-0.403,0.51,0.302,,-3.0,24,4,8.0,1,37,26,29,5,8,5,0,59,5,2,-0.098,-1.4,31,5,7,5,3.38,2,12,35,0.226,0.314,0.484,0.798,139,84,0.097,1.06,0.436,,1.4,27,5,9.0,0,43,19,22,7,12,5,0,78,1,1,0.402,3.0
CHA/CHA201409132,"Saturday, September 13, 2014",6:22 p.m. Local,U.S. Cellular Field,20106,3:34,Night,Home,Chicago White Sox,CHW,Minnesota Twins,MIN,33,6,9,6,6.0,2,9,37,0.273,0.333,0.606,0.939,175,100,0.434,1.7,1.139,,2.0,25,8,8.1,3,55,15,30,11,14,6,0,38,1,0,-0.934,-3.2,36,7,11,7,6.48,4,7,41,0.306,0.39,0.583,0.974,158,115,0.935,1.23,2.02,,3.2,27,11,9.0,2,71,17,27,13,16,8,0,43,1,1,-0.435,-2.0
CHA/CHA201409140,"Sunday, September 14, 2014",1:10 p.m. Local,U.S. Cellular Field,17044,2:43,Day,Away,Minnesota Twins,MIN,Chicago White Sox,CHW,35,6,12,6,6.0,4,4,41,0.343,0.39,0.571,0.962,123,86,0.246,1.26,0.71,,2.0,27,7,9.0,2,51,16,19,17,16,8,0,60,0,0,0.256,0.0,34,4,7,4,4.0,0,12,34,0.206,0.206,0.412,0.618,145,94,-0.255,0.71,0.553,,-0.0,27,12,9.0,2,47,21,26,9,13,3,0,39,1,1,-0.245,-2.0
KCA/KCA201409150,"Monday, September 15, 2014",7:10 p.m. Local,Kauffman Stadium,21390,3:18,Night,Home,Kansas City Royals,KCR,Chicago White Sox,CHW,39,3,13,2,3.0,0,7,39,0.333,0.333,0.359,0.692,169,92,0.014,1.91,0.5,,-1.3,26,13,8.2,0,55,21,16,14,18,12,0,70,2,0,-0.514,0.1,33,4,9,3,3.12,6,7,39,0.273,0.385,0.364,0.748,133,99,0.514,0.69,1.768,,-0.1,27,8,9.0,0,61,7,31,17,9,3,0,51,0,0,-0.013,1.3
KCA/KCA201409160,"Tuesday, September 16, 2014",7:10 p.m. Local,Kauffman Stadium,28904,4:16,Night,Away,Chicago White Sox,CHW,Kansas City Royals,KCR,35,7,13,7,7.0,3,7,41,0.371,0.39,0.514,0.905,197,104,0.613,1.48,1.182,,2.7,27,14,9.0,0,65,17,23,16,15,10,0,35,4,0,-0.114,-0.7,34,5,9,5,5.0,7,7,42,0.265,0.381,0.265,0.646,146,118,0.112,1.32,0.984,,0.7,27,13,9.0,0,73,15,30,16,12,8,0,31,8,4,-0.613,-2.7
KCA/KCA201409170,"Wednesday, September 17, 2014",7:10 p.m. Local,Kauffman Stadium,26425,2:50,Night,Home,Kansas City Royals,KCR,Chicago White Sox,CHW,29,2,5,2,2.0,2,10,33,0.172,0.242,0.207,0.449,147,76,-0.182,0.48,0.25,,-2.3,24,8,8.0,2,40,18,20,10,10,5,0,33,2,1,-0.319,-2.1,34,6,11,5,5.62,5,9,40,0.324,0.425,0.559,0.984,125,90,0.321,0.69,0.596,,2.1,27,7,9.0,0,50,10,30,11,14,6,0,72,0,0,0.181,2.3
TBA/TBA201409190,"Friday, September 19, 2014",7:11 p.m. Local,Tropicana Field,17540,3:29,Night,Away,Chicago White Sox,CHW,Tampa Bay Rays,TBR,35,4,9,4,4.0,5,9,41,0.257,0.366,0.371,0.737,134,114,0.086,1.51,0.789,,-0.0,27,11,9.0,1,70,18,26,9,17,6,0,58,0,0,0.416,1.0,35,3,10,3,1.0,0,9,36,0.286,0.306,0.4,0.706,177,87,-0.417,1.14,0.557,,-1.0,27,7,9.0,0,53,11,23,12,14,6,0,32,3,0,-0.084,0.0
TBA/TBA201409200,"Saturday, September 20, 2014",7:10 p.m. Local,Tropicana Field,21830,3:05,Night,Home,Tampa Bay Rays,TBR,Chicago White Sox,CHW,29,1,3,1,1.0,6,5,35,0.103,0.257,0.103,0.361,118,89,-0.403,0.55,0.529,,-3.0,24,8,8.0,1,54,17,18,12,12,5,0,46,0,0,-0.097,0.6,27,3,7,3,3.38,5,2,32,0.259,0.375,0.444,0.819,143,70,0.097,1.34,0.407,,-0.6,27,12,9.0,0,45,9,16,9,16,10,0,68,2,0,0.404,3.0
TBA/TBA201409210,"Sunday, September 21, 2014",1:42 p.m. Local,Tropicana Field,21270,3:26,Day,Away,Chicago White Sox,CHW,Tampa Bay Rays,TBR,39,10,12,10,10.0,5,9,45,0.308,0.4,0.564,0.964,157,113,0.315,0.32,0.45,,6.0,27,10,9.0,0,69,16,28,16,14,9,0,62,3,0,0.188,-1.0,35,5,9,5,4.0,6,7,41,0.257,0.366,0.343,0.709,179,87,-0.188,0.26,0.081,,1.0,27,9,9.0,3,52,17,18,13,15,6,0,36,1,1,-0.312,-6.0
DET/DET201409220,"Monday, September 22, 2014",7:08 p.m. Local,Comerica Park,30758,2:36,Night,Away,Chicago White Sox,CHW,Detroit Tigers,DET,31,2,5,2,2.0,1,7,32,0.161,0.188,0.323,0.51,123,79,-0.092,1.21,0.322,,-2.2,27,11,9.0,0,47,11,22,11,13,4,0,69,1,0,0.591,4.2,33,0,6,0,0.0,1,4,35,0.182,0.229,0.242,0.471,114,86,-0.591,0.6,0.357,,-4.2,27,9,9.0,1,52,10,24,12,17,8,0,63,0,0,0.091,2.2
DET/DET201409230,"Tuesday, September 23, 2014",7:07 p.m. Local,Comerica Park,33213,3:19,Night,Home,Detroit Tigers,DET,Chicago White Sox,CHW,35,3,8,3,3.0,1,8,36,0.229,0.25,0.314,0.564,150,82,-0.144,1.08,0.756,,-1.2,24,9,8.0,0,47,11,24,8,19,6,0,58,1,1,-0.355,-1.2,34,4,9,3,3.38,5,9,39,0.265,0.359,0.324,0.683,121,95,0.354,1.55,0.876,,1.2,27,4,9.0,0,57,16,22,13,11,5,1,64,2,0,0.145,1.2
DET/DET201409240,"Wednesday, September 24, 2014",1:08 p.m. Local,Comerica Park,36810,3:04,Day,Home,Detroit Tigers,DET,Chicago White Sox,CHW,34,1,7,1,1.0,0,7,34,0.206,0.206,0.265,0.471,154,86,-0.316,1.1,0.543,,-3.2,24,8,8.0,0,47,12,27,8,19,7,0,67,1,0,-0.184,-2.3,29,6,10,6,6.75,5,11,39,0.345,0.432,0.414,0.846,121,97,0.185,1.17,0.817,,2.3,27,6,9.0,0,53,22,22,10,12,7,0,70,0,0,0.315,3.2
CHA/CHA201409250,"Thursday, September 25, 2014",7:11 p.m. Local,U.S. Cellular Field,19587,3:06,Night,Away,Kansas City Royals,KCR,Chicago White Sox,CHW,39,6,14,6,5.0,1,7,40,0.359,0.375,0.538,0.913,160,83,0.363,1.13,1.115,,2.0,27,9,9.0,1,46,11,26,17,15,12,0,52,0,0,0.137,1.0,35,3,8,3,3.0,3,9,39,0.229,0.289,0.4,0.689,126,99,-0.136,1.07,0.633,,-1.0,27,16,9.0,1,55,23,21,14,13,7,0,43,2,2,-0.363,-2.0
CHA/CHA201409260,"Friday, September 26, 2014",7:10 p.m. Local,U.S. Cellular Field,27416,2:41,Night,Away,Kansas City Royals,KCR,Chicago White Sox,CHW,32,3,7,3,3.0,2,9,34,0.219,0.265,0.281,0.546,128,84,0.092,0.87,0.387,,-1.0,27,9,9.0,0,52,11,21,9,14,7,0,74,0,0,0.409,3.0,33,1,6,1,1.0,1,10,34,0.182,0.206,0.242,0.448,124,89,-0.409,0.5,0.21,,-3.0,27,7,9.0,0,46,18,25,13,10,5,0,51,1,0,-0.091,1.0
CHA/CHA201409270,"Saturday, September 27, 2014",6:59 p.m. Local,U.S. Cellular Field,38160,3:19,Night,Home,Chicago White Sox,CHW,Kansas City Royals,KCR,33,4,8,4,4.0,4,3,37,0.242,0.324,0.333,0.658,154,90,-0.253,0.42,0.557,,-0.0,24,9,8.0,3,53,8,31,16,14,8,0,29,3,0,-0.246,-1.4,29,5,7,5,5.62,3,7,32,0.241,0.313,0.586,0.899,145,89,0.247,1.11,0.44,,1.4,27,12,9.0,1,53,15,21,10,12,5,0,60,4,1,0.253,0.0
CHA/CHA201409280,"Sunday, September 28, 2014",1:12 p.m. Local,U.S. Cellular Field,32266,3:34,Day,Away,Kansas City Royals,KCR,Chicago White Sox,CHW,38,6,12,5,6.0,3,12,44,0.316,0.386,0.447,0.834,158,109,0.433,1.37,1.252,,2.0,27,4,9.0,1,53,22,34,13,14,8,0,35,0,0,0.066,0.0,38,4,12,4,4.0,3,13,41,0.316,0.366,0.474,0.84,173,104,-0.065,1.25,1.055,,-0.0,27,8,9.0,0,56,24,24,9,16,8,0,43,1,1,-0.435,-2.0
