,date,time,venue,attendance,duration,time_of_day,winner,winning_name,winning_abbr,losing_name,losing_abbr,away_at_bats,away_runs,away_hits,away_rbi,away_earned_runs,away_bases_on_balls,away_strikeouts,away_plate_appearances,away_batting_average,away_on_base_percentage,away_slugging_percentage,away_on_base_plus,away_pitches,away_strikes,away_win_probability_for_offensive_player,away_average_leverage_index,away_win_probability_added,away_win_probability_subtracted,away_base_out_runs_added,away_putouts,away_assists,away_innings_pitched,away_home_runs,away_strikes_by_contact,away_strikes_swinging,away_strikes_looking,away_grounded_balls,away_fly_balls,away_line_drives,away_unknown_bat_type,away_game_score,away_inherited_runners,away_inherited_score,away_win_probability_by_pitcher,away_base_out_runs_saved,home_at_bats,home_runs,home_hits,home_rbi,home_earned_runs,home_bases_on_balls,home_strikeouts,home_plate_appearances,home_batting_average,home_on_base_percentage,home_slugging_percentage,home_on_base_plus,home_pitches,home_strikes,home_win_probability_for_offensive_player,home_average_leverage_index,home_win_probability_added,home_win_probability_subtracted,home_base_out_runs_added,home_putouts,home_assists,home_innings_pitched,home_home_runs,home_strikes_by_contact,home_strikes_swinging,home_strikes_looking,home_grounded_balls,home_fly_balls,home_line_drives,home_unknown_bat_type,home_game_score,home_inherited_runners,home_inherited_score,home_win_probability_by_pitcher,home_base_out_runs_saved
CIN/CIN201403310,"Monday, March 31, 2014",4:11 p.m. Local,Great American Ball Park,43134,2:56,Day,Away,St. Louis Cardinals,STL,Cincinnati Reds,CIN,32,1,5,1,1.0,2,9,34,0.156,0.206,0.281,0.487,140,87,-0.252,1.7,0.406,,-3.0,27,11,9.0,0,56,8,23,11,12,6,0,76,3,0,0.751,4.0,31,0,3,0,0.0,5,12,36,0.097,0.222,0.097,0.319,128,86,-0.753,0.91,0.624,,-4.0,27,11,9.0,1,42,16,28,11,8,4,0,74,2,0,0.252,3.0
CIN/CIN201404020,"Wednesday, April 2, 2014",9:50 p.m. Local,Great American Ball Park,36189,2:45,Night,Home,Cincinnati Reds,CIN,St. Louis Cardinals,STL,30,0,3,0,0.0,3,12,33,0.1,0.182,0.133,0.315,141,87,-0.645,1.53,0.365,,-4.0,25,8,8.1,0,43,20,24,6,12,7,0,74,0,0,0.145,1.5,31,1,6,1,1.08,3,7,36,0.194,0.286,0.226,0.512,137,91,-0.146,1.52,0.593,,-1.5,27,5,9.0,0,52,16,23,15,10,4,0,80,0,0,0.647,4.0
CIN/CIN201404030,"Thursday, April 3, 2014",4:17 p.m. Local,Great American Ball Park,16857,3:41,Day,Away,St. Louis Cardinals,STL,Cincinnati Reds,CIN,36,7,11,6,7.0,6,5,42,0.306,0.405,0.5,0.905,173,101,0.326,1.22,1.086,,3.0,27,7,9.0,3,67,12,22,17,14,8,0,45,3,2,0.174,-2.0,38,6,10,6,6.0,3,11,41,0.263,0.317,0.526,0.843,177,119,-0.173,1.11,0.793,,2.0,27,14,9.0,1,80,17,22,9,18,9,0,33,5,3,-0.327,-3.0
NYN/NYN201404040,"Friday, April 4, 2014",7:13 p.m. Local,Citi Field,35845,2:59,Night,Home,New York Mets,NYM,Cincinnati Reds,CIN,34,3,8,3,3.0,6,11,40,0.235,0.35,0.324,0.674,132,97,-0.332,0.81,0.882,,-0.7,24,9,8.0,2,49,15,33,12,11,6,0,48,1,0,-0.168,-0.7,30,4,6,4,4.5,3,4,33,0.2,0.273,0.433,0.706,151,74,0.169,1.68,0.578,,0.7,27,11,9.0,1,48,5,21,13,13,4,0,63,0,0,0.332,0.7
NYN/NYN201404050,"Saturday, April 5, 2014",1:12 p.m. Local,Citi Field,25424,2:48,Day,Home,New York Mets,NYM,Cincinnati Reds,CIN,33,3,7,3,3.0,1,7,35,0.212,0.235,0.424,0.66,129,90,0.258,1.59,0.837,,-0.7,24,6,8.0,2,55,11,24,9,18,8,0,65,0,0,-0.759,-2.7,30,6,6,6,6.75,5,10,36,0.2,0.314,0.433,0.748,131,81,0.759,1.05,1.461,,2.7,27,6,9.0,2,41,16,24,8,13,5,0,57,0,0,-0.257,0.7
NYN/NYN201404060,"Sunday, April 6, 2014",1:11 p.m. Local,Citi Field,26928,2:35,Day,Away,Cincinnati Reds,CIN,New York Mets,NYM,33,2,8,2,2.0,3,9,37,0.242,0.297,0.242,0.54,102,88,-0.059,1.28,0.549,,-1.7,27,13,9.0,0,53,14,23,11,14,7,0,70,0,0,0.562,2.7,30,1,4,1,1.0,1,8,32,0.133,0.188,0.2,0.388,139,75,-0.562,1.24,0.348,,-2.7,27,9,9.0,0,38,16,21,15,7,2,0,52,2,0,0.061,1.7
SLN/SLN201404070,"Monday, April 7, 2014",3:27 p.m. Local,Busch Stadium III,47492,2:59,Day,Home,St. Louis Cardinals,STL,Cincinnati Reds,CIN,32,3,10,3,3.0,3,6,37,0.312,0.361,0.438,0.799,154,84,-0.293,0.55,0.692,,-1.0,24,9,8.0,0,52,13,21,13,15,10,0,45,2,0,-0.208,-1.5,32,5,9,5,5.62,6,6,39,0.281,0.395,0.375,0.77,132,87,0.208,1.33,0.507,,1.5,27,14,9.0,0,55,8,24,13,14,6,0,56,0,0,0.293,1.0
SLN/SLN201404080,"Tuesday, April 8, 2014",7:16 p.m. Local,Busch Stadium III,40672,3:10,Night,Home,St. Louis Cardinals,STL,Cincinnati Reds,CIN,35,5,9,5,5.0,0,9,37,0.257,0.27,0.4,0.67,159,97,0.027,1.4,0.704,,1.0,24,8,8.0,1,57,14,26,10,17,9,0,36,0,0,-0.528,-3.5,35,7,13,7,7.88,4,7,41,0.371,0.45,0.6,1.05,147,103,0.529,1.14,1.393,,3.5,27,8,9.0,0,67,8,28,15,14,9,0,40,0,0,-0.027,-1.0
SLN/SLN201404090,"Wednesday, April 9, 2014",12:45 p.m. Local,Busch Stadium III,41137,2:19,Day,Away,Cincinnati Reds,CIN,St. Louis Cardinals,STL,36,4,10,4,4.0,3,7,40,0.278,0.325,0.417,0.742,112,83,0.096,0.79,0.612,,0.0,27,19,9.0,0,52,7,24,12,19,12,0,76,0,0,0.404,4.0,28,0,4,0,0.0,1,3,29,0.143,0.172,0.179,0.351,131,64,-0.406,0.67,0.169,,-4.0,27,9,9.0,1,33,6,25,19,6,3,0,48,0,0,-0.096,-0.0
CIN/CIN201404110,"Friday, April 11, 2014",7:10 p.m. Local,Great American Ball Park,30502,3:22,Night,Away,Tampa Bay Rays,TBR,Cincinnati Reds,CIN,32,2,6,2,2.0,6,8,38,0.188,0.316,0.313,0.628,139,92,-0.069,1.92,0.43,,-2.0,27,5,9.0,1,46,16,30,16,8,3,0,80,0,0,0.571,3.0,30,1,4,1,1.0,4,12,35,0.133,0.235,0.3,0.535,153,95,-0.57,0.73,0.519,,-3.0,27,13,9.0,1,51,19,25,8,11,6,0,61,0,0,0.071,2.0
CIN/CIN201404120,"Saturday, April 12, 2014",1:10 p.m. Local,Great American Ball Park,35356,2:31,Day,Away,Tampa Bay Rays,TBR,Cincinnati Reds,CIN,32,1,5,1,1.0,1,6,33,0.156,0.182,0.313,0.494,114,73,-0.29,1.59,0.284,,-3.0,27,13,9.0,0,34,17,22,11,15,3,0,74,0,0,0.788,4.0,27,0,4,0,0.0,1,6,30,0.148,0.207,0.222,0.429,113,73,-0.788,0.82,0.371,,-4.0,27,11,9.0,1,39,14,20,15,7,0,0,71,0,0,0.288,3.0
CIN/CIN201404130,"Sunday, April 13, 2014",1:11 p.m. Local,Great American Ball Park,34307,3:41,Day,Home,Cincinnati Reds,CIN,Tampa Bay Rays,TBR,33,4,7,4,4.0,6,8,39,0.212,0.333,0.424,0.758,188,89,0.027,0.47,0.352,,0.0,24,9,8.0,3,48,11,30,12,13,5,0,32,2,2,-0.529,-8.5,35,12,13,12,12.38,7,4,44,0.371,0.477,0.686,1.163,151,111,0.528,0.43,0.777,,8.5,27,10,9.0,2,65,14,32,9,23,12,0,58,0,0,-0.028,-0.0
CIN/CIN201404140,"Monday, April 14, 2014",7:10 p.m. Local,Great American Ball Park,17756,3:07,Night,Away,Pittsburgh Pirates,PIT,Cincinnati Reds,CIN,41,8,14,8,8.0,1,14,42,0.341,0.357,0.829,1.186,113,113,0.808,1.5,1.537,,4.0,27,9,9.0,4,54,28,31,10,18,10,0,32,0,0,-0.308,-3.0,34,7,8,7,7.0,2,7,37,0.235,0.278,0.647,0.925,176,76,0.309,1.09,1.302,,3.0,27,6,9.0,6,41,15,20,14,14,6,0,40,0,0,-0.809,-4.0
CIN/CIN201404150,"Tuesday, April 15, 2014",7:15 p.m. Local,Great American Ball Park,18462,3:13,Night,Home,Cincinnati Reds,CIN,Pittsburgh Pirates,PIT,34,5,7,5,5.0,3,9,39,0.206,0.282,0.353,0.635,147,103,-0.056,1.03,0.808,,1.0,24,12,8.0,2,54,19,30,15,11,6,0,34,3,2,-0.445,-3.5,35,7,15,7,7.88,4,4,40,0.429,0.487,0.629,1.116,157,94,0.444,1.2,1.064,,3.5,27,12,9.0,1,55,16,23,14,18,14,0,59,2,0,0.056,-1.0
CIN/CIN201404160,"Wednesday, April 16, 2014",12:37 p.m. Local,Great American Ball Park,16825,2:22,Day,Home,Cincinnati Reds,CIN,Pittsburgh Pirates,PIT,30,0,3,0,0.0,0,12,30,0.1,0.1,0.133,0.233,116,71,-0.491,0.81,0.116,,-4.0,24,8,8.0,1,34,12,25,11,7,4,0,57,0,0,-0.008,-0.5,32,4,8,3,4.5,3,7,36,0.25,0.333,0.406,0.74,107,73,0.009,0.9,0.477,,0.5,27,7,9.0,0,41,13,19,13,12,8,0,93,,,0.492,4.0
CHN/CHN201404180,"Friday, April 18, 2014",1:22 p.m. Local,Wrigley Field,28699,3:09,Day,Away,Cincinnati Reds,CIN,Chicago Cubs,CHC,34,4,8,2,2.0,4,10,40,0.235,0.316,0.294,0.61,145,103,0.108,1.17,0.646,,-0.1,27,11,9.0,0,57,15,30,15,10,5,0,63,2,1,0.393,3.1,33,1,6,1,0.0,3,8,36,0.182,0.25,0.212,0.462,162,91,-0.391,0.91,0.423,,-3.1,27,11,9.0,0,47,9,35,16,9,3,0,62,0,0,-0.108,0.1
CHN/CHN201404190,"Saturday, April 19, 2014",1:22 p.m. Local,Wrigley Field,32966,3:20,Day,Home,Chicago Cubs,CHC,Cincinnati Reds,CIN,37,4,11,3,3.0,2,7,39,0.297,0.333,0.351,0.685,165,96,-0.082,0.66,0.576,,-0.1,24,7,8.0,3,57,17,22,16,14,8,0,46,2,1,-0.419,-4.4,33,8,11,8,9.0,5,5,38,0.333,0.421,0.606,1.027,139,90,0.418,1.06,0.757,,4.4,27,11,9.0,0,47,14,29,10,18,8,0,48,1,0,0.082,0.1
CHN/CHN201404200,"Sunday, April 20, 2014",1:23 p.m. Local,Wrigley Field,27927,3:50,Day,Away,Cincinnati Reds,CIN,Chicago Cubs,CHC,42,8,15,8,8.0,3,12,45,0.357,0.4,0.619,1.019,179,124,0.257,0.68,0.637,,3.9,27,8,9.0,0,72,20,32,10,20,10,0,65,3,0,0.242,2.1,36,2,11,2,2.0,6,10,43,0.306,0.419,0.361,0.78,190,111,-0.242,0.53,0.314,,-2.1,27,5,9.0,2,60,13,38,12,14,6,0,32,1,0,-0.259,-3.9
PIT/PIT201404210,"Monday, April 21, 2014",7:12 p.m. Local,PNC Park,12864,3:02,Night,Home,Pittsburgh Pirates,PIT,Cincinnati Reds,CIN,35,5,11,5,4.0,3,4,41,0.314,0.375,0.4,0.775,128,89,0.346,1.44,1.266,,1.1,26,11,8.2,2,57,12,20,15,18,9,0,46,1,0,-0.847,-2.5,36,6,12,6,6.23,4,3,41,0.333,0.415,0.528,0.942,139,77,0.846,1.58,1.623,,2.5,27,13,9.0,0,53,3,21,14,19,9,0,47,2,2,-0.346,-1.1
PIT/PIT201404220,"Tuesday, April 22, 2014",7:07 p.m. Local,PNC Park,11926,2:47,Night,Away,Cincinnati Reds,CIN,Pittsburgh Pirates,PIT,36,4,10,4,4.0,1,6,38,0.278,0.316,0.306,0.621,117,98,0.033,0.88,0.533,,0.1,27,15,9.0,1,65,12,21,19,11,3,0,78,,,0.466,2.9,30,1,3,1,1.0,3,4,33,0.1,0.182,0.2,0.382,138,73,-0.467,0.91,0.17,,-2.9,27,12,9.0,0,41,7,25,16,10,3,0,61,2,0,-0.033,-0.1
PIT/PIT201404230,"Wednesday, April 23, 2014",7:06 p.m. Local,PNC Park,16705,3:20,Night,Away,Cincinnati Reds,CIN,Pittsburgh Pirates,PIT,30,5,6,4,3.0,7,6,39,0.2,0.368,0.2,0.568,151,93,0.284,1.22,0.735,,1.1,27,11,9.0,1,58,13,22,14,11,6,0,57,1,0,0.215,1.9,33,2,6,2,2.0,5,4,39,0.182,0.289,0.273,0.562,166,92,-0.213,1.01,0.575,,-1.9,27,12,9.0,0,59,9,24,15,15,8,0,49,0,0,-0.286,-1.1
PIT/PIT201404240,"Thursday, April 24, 2014",12:37 p.m. Local,PNC Park,18896,2:46,Day,Away,Cincinnati Reds,CIN,Pittsburgh Pirates,PIT,30,2,5,2,2.0,2,8,35,0.167,0.286,0.233,0.519,136,86,-0.094,1.48,0.644,,-1.9,27,5,9.0,0,50,17,19,11,11,5,0,61,0,0,0.593,2.9,34,1,7,1,1.0,2,12,36,0.206,0.25,0.206,0.456,129,88,-0.591,1.12,0.434,,-2.9,27,9,9.0,0,51,12,25,9,13,7,0,65,0,0,0.092,1.9
ATL/ATL201404250,"Friday, April 25, 2014",7:35 p.m. Local,Turner Field,31111,2:41,Night,Home,Atlanta Braves,ATL,Cincinnati Reds,CIN,36,4,11,3,4.0,2,9,38,0.306,0.342,0.417,0.759,120,86,-0.263,0.47,0.818,,0.1,24,9,8.0,1,53,18,15,13,15,8,0,38,1,0,-0.236,-1.5,32,5,10,5,5.62,1,6,33,0.312,0.333,0.438,0.771,128,78,0.239,1.46,0.449,,1.5,27,10,9.0,0,46,12,20,12,14,6,0,46,2,1,0.264,-0.1
ATL/ATL201404260,"Saturday, April 26, 2014",7:11 p.m. Local,Turner Field,33702,2:17,Night,Home,Atlanta Braves,ATL,Cincinnati Reds,CIN,28,1,2,1,1.0,3,6,31,0.071,0.161,0.107,0.268,99,83,-0.259,0.44,0.212,,-2.9,24,12,8.0,3,47,14,22,14,8,1,0,49,1,0,-0.24,-0.5,31,4,8,4,4.5,1,5,32,0.258,0.281,0.548,0.83,123,66,0.239,0.72,0.498,,0.5,27,12,9.0,0,34,18,14,14,13,4,0,76,0,0,0.261,2.9
ATL/ATL201404270,"Sunday, April 27, 2014",1:38 p.m. Local,Turner Field,31446,3:02,Day,Home,Atlanta Braves,ATL,Cincinnati Reds,CIN,33,0,5,0,0.0,2,8,36,0.152,0.2,0.212,0.412,142,89,-0.763,1.38,0.317,,-4.3,29,6,9.2,0,51,16,22,10,16,6,0,84,2,1,0.263,2.9,35,1,7,1,0.93,3,12,39,0.2,0.263,0.257,0.52,136,93,-0.263,1.42,0.665,,-2.9,30,8,10.0,0,58,15,20,9,15,7,0,79,2,0,0.763,4.3
CIN/CIN201404290,"Tuesday, April 29, 2014",7:29 p.m. Local,Great American Ball Park,17579,3:00,Night,Home,Cincinnati Reds,CIN,Chicago Cubs,CHC,33,2,8,2,2.0,3,8,37,0.242,0.324,0.242,0.567,146,95,-0.411,1.13,0.622,,-2.0,24,9,8.0,1,52,18,25,9,16,13,0,41,3,0,-0.089,0.5,32,3,11,3,3.38,5,5,38,0.344,0.421,0.5,0.921,151,89,0.091,1.56,0.823,,-0.5,27,7,9.0,0,49,15,25,14,14,6,0,57,0,0,0.411,2.0
CIN/CIN201404300,"Wednesday, April 30, 2014",7:10 p.m. Local,Great American Ball Park,21847,3:39,Night,Away,Chicago Cubs,CHC,Cincinnati Reds,CIN,40,9,13,8,7.0,6,7,47,0.325,0.404,0.525,0.929,143,113,0.374,1.15,1.043,,5.0,27,11,9.0,1,64,19,30,15,19,9,0,44,1,0,0.127,-0.0,34,4,7,4,4.0,2,7,36,0.206,0.25,0.382,0.632,185,87,-0.126,1.08,0.633,,0.0,27,11,9.0,1,56,14,17,11,16,6,0,38,2,0,-0.375,-5.0
CIN/CIN201405010,"Thursday, May 1, 2014",7:10 p.m. Local,Great American Ball Park,16779,2:52,Night,Home,Cincinnati Reds,CIN,Milwaukee Brewers,MIL,33,3,8,3,3.0,1,5,35,0.242,0.265,0.273,0.537,154,76,-0.036,1.31,0.599,,-1.0,24,10,8.0,3,48,11,17,17,12,5,0,50,3,3,-0.465,-4.5,33,8,12,8,9.0,8,8,44,0.364,0.5,0.667,1.167,115,90,0.465,1.01,1.264,,4.5,27,13,9.0,0,48,17,25,17,10,4,0,57,0,0,0.036,1.0
CIN/CIN201405020,"Friday, May 2, 2014",7:09 p.m. Local,Great American Ball Park,32759,2:35,Night,Away,Milwaukee Brewers,MIL,Cincinnati Reds,CIN,32,2,7,2,2.0,2,6,34,0.219,0.265,0.281,0.546,122,76,-0.064,1.16,0.583,,-2.0,27,12,9.0,0,46,11,19,11,15,7,0,81,0,0,0.563,4.0,30,0,3,0,0.0,2,8,32,0.1,0.156,0.167,0.323,118,79,-0.562,0.91,0.301,,-4.0,27,7,9.0,0,52,13,14,13,9,5,0,63,0,0,0.064,2.0
CIN/CIN201405030,"Saturday, May 3, 2014",7:10 p.m. Local,Great American Ball Park,38243,2:30,Night,Home,Cincinnati Reds,CIN,Milwaukee Brewers,MIL,30,2,3,2,2.0,1,10,31,0.1,0.129,0.3,0.429,124,78,-0.184,0.94,0.255,,-2.0,24,11,8.0,0,48,13,17,9,11,1,0,38,0,0,-0.317,-2.5,35,6,11,5,6.75,2,2,38,0.314,0.368,0.371,0.74,119,71,0.317,0.66,0.775,,2.5,27,9,9.0,2,49,5,17,18,15,8,0,77,0,0,0.184,2.0
CIN/CIN201405040,"Sunday, May 4, 2014",4:09 p.m. Local,Great American Ball Park,32953,3:06,Day,Home,Cincinnati Reds,CIN,Milwaukee Brewers,MIL,34,3,6,3,2.7,3,4,37,0.176,0.243,0.412,0.655,155,75,-0.267,1.91,0.719,,-1.4,29,11,9.2,2,43,10,22,17,13,7,0,50,4,0,-0.233,0.1,36,4,11,4,3.72,3,5,41,0.306,0.35,0.556,0.906,123,99,0.232,1.29,1.595,,-0.1,30,16,10.0,2,58,11,30,12,21,17,0,54,0,0,0.269,1.4
BOS/BOS201405060,"Tuesday, May 6, 2014",7:12 p.m. Local,Fenway Park,36004,4:04,Night,Home,Boston Red Sox,BOS,Cincinnati Reds,CIN,43,3,10,3,2.25,4,9,49,0.233,0.292,0.279,0.571,195,114,-0.561,1.62,0.927,,-2.8,33,18,11.0,0,63,20,31,15,21,7,0,50,1,0,0.06,0.3,43,4,11,4,3.27,7,9,50,0.256,0.36,0.326,0.686,174,116,-0.06,1.75,1.161,,-0.3,36,13,12.0,0,63,14,39,21,13,6,0,54,2,0,0.56,2.8
BOS/BOS201405070,"Wednesday, May 7, 2014",7:11 p.m. Local,Fenway Park,37072,2:47,Night,Home,Boston Red Sox,BOS,Cincinnati Reds,CIN,27,3,4,3,3.0,5,7,33,0.148,0.281,0.333,0.615,128,84,-0.087,1.96,0.609,,-1.3,24,14,8.0,0,44,14,26,12,9,4,0,55,4,1,-0.411,-0.1,31,4,10,4,4.5,5,7,37,0.323,0.417,0.387,0.804,135,79,0.412,1.13,1.448,,0.1,27,13,9.0,1,40,13,26,15,10,6,0,52,5,1,0.089,1.3
CIN/CIN201405090,"Friday, May 9, 2014",7:10 p.m. Local,Great American Ball Park,27187,2:34,Night,Home,Cincinnati Reds,CIN,Colorado Rockies,COL,33,3,6,3,3.0,2,8,35,0.182,0.229,0.333,0.562,108,84,-0.029,1.03,0.849,,-1.0,24,9,8.0,2,49,12,23,16,9,4,0,57,0,0,-0.471,-0.5,27,4,6,4,4.5,1,2,31,0.222,0.233,0.556,0.789,126,67,0.472,1.36,0.881,,0.5,27,10,9.0,1,39,6,22,12,16,7,0,71,0,0,0.029,1.0
CIN/CIN201405100,"Saturday, May 10, 2014",7:10 p.m. Local,Great American Ball Park,37984,3:10,Night,Away,Colorado Rockies,COL,Cincinnati Reds,CIN,42,11,16,10,11.0,3,8,45,0.381,0.422,0.881,1.303,136,117,0.444,0.37,0.634,,7.0,27,13,9.0,1,75,15,27,13,21,13,0,60,0,0,0.056,2.0,31,2,5,2,2.0,4,9,36,0.161,0.257,0.29,0.547,168,81,-0.056,0.34,0.222,,-2.0,27,10,9.0,5,43,14,23,12,10,4,0,23,0,0,-0.444,-7.0
CIN/CIN201405110,"Sunday, May 11, 2014",1:10 p.m. Local,Great American Ball Park,33143,2:49,Day,Home,Cincinnati Reds,CIN,Colorado Rockies,COL,30,1,4,1,1.0,3,10,33,0.133,0.212,0.267,0.479,119,96,-0.299,0.61,0.447,,-3.0,24,10,8.0,1,51,21,24,8,12,2,0,52,0,0,-0.201,-0.5,29,4,6,3,2.25,1,5,32,0.207,0.233,0.414,0.647,142,81,0.203,0.97,0.492,,0.5,27,7,9.0,1,53,10,18,13,13,6,0,70,1,0,0.299,3.0
CIN/CIN201405130,"Tuesday, May 13, 2014",7:10 p.m. Local,Great American Ball Park,23269,2:31,Night,Away,San Diego Padres,SDP,Cincinnati Reds,CIN,28,2,3,2,2.0,2,7,33,0.107,0.212,0.25,0.462,126,80,-0.068,1.48,0.641,,-2.0,27,14,9.0,0,43,15,24,11,11,5,0,64,0,0,0.567,3.0,33,1,7,1,1.0,2,8,36,0.212,0.257,0.333,0.59,126,86,-0.567,1.15,0.461,,-3.0,27,12,9.0,1,47,13,25,11,14,9,0,78,0,0,0.067,2.0
CIN/CIN201405151,"Thursday, May 15, 2014",12:35 p.m. Local,Great American Ball Park,27686,2:36,Day,Home,Cincinnati Reds,CIN,San Diego Padres,SDP,27,0,3,0,0.0,2,8,29,0.111,0.172,0.111,0.284,141,75,-0.336,0.75,0.09,,-4.0,24,7,8.0,1,44,11,20,12,7,4,0,33,0,0,-0.164,-1.5,36,5,14,5,5.62,2,6,39,0.389,0.421,0.528,0.949,116,101,0.163,0.56,0.625,,1.5,27,10,9.0,0,66,12,23,15,16,12,0,87,,,0.336,4.0
CIN/CIN201405152,"Thursday, May 15, 2014",6:10 p.m. Local,Great American Ball Park,23544,2:47,Night,Away,San Diego Padres,SDP,Cincinnati Reds,CIN,36,6,9,6,6.0,3,7,39,0.25,0.308,0.528,0.835,131,93,0.251,0.82,0.613,,2.0,27,7,9.0,0,55,13,25,9,20,9,0,70,0,0,0.249,3.0,29,1,3,1,1.0,6,11,35,0.103,0.257,0.138,0.395,150,77,-0.249,0.58,0.278,,-3.0,27,8,9.0,3,32,16,29,12,6,2,0,49,3,1,-0.252,-2.0
PHI/PHI201405160,"Friday, May 16, 2014",7:07 p.m. Local,Citizens Bank Park,27316,2:48,Night,Away,Cincinnati Reds,CIN,Philadelphia Phillies,PHI,32,3,5,3,3.0,2,9,34,0.156,0.206,0.281,0.487,133,88,0.102,0.88,0.38,,-1.0,27,6,9.0,0,48,16,24,7,16,9,0,76,1,0,0.399,4.0,33,0,6,0,0.0,2,11,36,0.182,0.25,0.212,0.462,141,94,-0.399,0.48,0.283,,-4.0,27,4,9.0,1,50,20,24,9,14,8,0,61,0,0,-0.102,1.0
PHI/PHI201405170,"Saturday, May 17, 2014",7:06 p.m. Local,Citizens Bank Park,30075,2:54,Night,Home,Philadelphia Phillies,PHI,Cincinnati Reds,CIN,30,1,3,1,1.0,3,10,33,0.1,0.182,0.133,0.315,184,76,-0.12,0.54,0.152,,-3.0,24,9,8.0,2,39,12,25,10,10,1,0,23,2,1,-0.381,-8.4,36,12,13,12,13.5,5,6,43,0.361,0.452,0.639,1.091,115,111,0.38,0.55,0.688,,8.4,27,8,9.0,0,62,20,29,16,15,6,0,75,0,0,0.119,3.0
PHI/PHI201405180,"Sunday, May 18, 2014",1:37 p.m. Local,Citizens Bank Park,36096,3:03,Day,Home,Philadelphia Phillies,PHI,Cincinnati Reds,CIN,37,3,10,2,2.0,2,6,40,0.27,0.308,0.324,0.632,140,111,-0.2,0.86,0.68,,-1.0,24,6,8.0,4,71,14,26,13,19,9,0,46,0,0,-0.298,-4.4,31,8,9,8,9.0,5,9,37,0.29,0.389,0.71,1.099,162,90,0.298,1.21,0.793,,4.4,27,8,9.0,0,42,12,36,9,14,6,0,50,2,0,0.202,1.0
WAS/WAS201405190,"Monday, May 19, 2014",7:06 p.m. Local,Nationals Park,24505,4:58,Night,Away,Cincinnati Reds,CIN,Washington Nationals,WSN,54,4,13,3,2.4,5,11,63,0.241,0.328,0.37,0.698,218,139,-0.353,1.99,1.66,,-2.9,45,16,15.0,0,84,22,34,23,22,7,0,61,1,0,0.853,3.9,56,3,13,3,1.2,3,9,61,0.232,0.279,0.321,0.6,214,137,-0.856,1.73,1.28,,-3.9,45,20,15.0,1,84,20,33,19,29,17,0,60,0,0,0.353,2.9
WAS/WAS201405200,"Tuesday, May 20, 2014",7:05 p.m. Local,Nationals Park,26455,3:03,Night,Home,Washington Nationals,WSN,Cincinnati Reds,CIN,34,4,8,4,4.0,2,6,39,0.235,0.289,0.324,0.613,151,97,-0.237,0.59,0.301,,-0.1,24,9,8.0,0,68,7,22,18,12,6,0,34,5,2,-0.264,-5.3,33,9,9,8,7.88,2,9,39,0.273,0.342,0.333,0.675,149,88,0.264,0.71,0.559,,5.3,27,13,9.0,0,54,9,25,15,11,5,0,61,1,0,0.236,0.1
WAS/WAS201405210,"Wednesday, May 21, 2014",4:06 p.m. Local,Nationals Park,28944,2:52,Day,Away,Cincinnati Reds,CIN,Washington Nationals,WSN,35,2,9,2,1.0,4,5,39,0.257,0.333,0.314,0.648,116,84,-0.166,1.55,0.61,,-2.1,27,9,9.0,1,52,12,22,19,11,1,0,68,0,0,0.666,3.1,31,1,6,1,1.0,1,9,34,0.194,0.242,0.29,0.533,132,77,-0.665,1.11,0.416,,-3.1,27,12,9.0,0,45,8,24,9,14,6,0,53,0,0,0.167,2.1
CIN/CIN201405230,"Friday, May 23, 2014",7:10 p.m. Local,Great American Ball Park,37271,2:35,Night,Home,Cincinnati Reds,CIN,St. Louis Cardinals,STL,34,3,10,3,3.0,2,6,36,0.294,0.333,0.294,0.627,121,84,-0.212,0.77,0.567,,-1.0,24,6,8.0,2,49,14,24,18,10,7,0,45,2,0,-0.289,-1.5,31,5,9,5,5.62,1,7,34,0.29,0.303,0.516,0.819,127,82,0.289,1.32,0.63,,1.5,27,14,9.0,0,51,11,20,9,17,6,0,46,0,0,0.212,1.0
CIN/CIN201405240,"Saturday, May 24, 2014",7:15 p.m. Local,Great American Ball Park,41585,3:09,Night,Away,St. Louis Cardinals,STL,Cincinnati Reds,CIN,36,6,12,6,6.0,4,8,42,0.333,0.39,0.444,0.835,142,88,0.263,1.29,0.688,,2.0,27,10,9.0,1,50,12,26,14,16,10,0,56,3,0,0.237,1.0,37,3,11,3,3.0,1,13,38,0.297,0.316,0.486,0.802,142,96,-0.238,0.76,0.739,,-1.0,27,8,9.0,1,48,24,24,14,10,8,0,43,2,2,-0.263,-2.0
CIN/CIN201405250,"Sunday, May 25, 2014",8:07 p.m. Local,Great American Ball Park,42273,3:15,Night,Away,St. Louis Cardinals,STL,Cincinnati Reds,CIN,37,4,11,4,3.0,3,11,42,0.297,0.35,0.324,0.674,134,94,0.082,1.02,0.63,,0.0,27,6,9.0,0,52,11,31,16,12,5,0,83,0,0,0.419,4.0,32,0,6,0,0.0,1,14,34,0.188,0.212,0.188,0.4,141,96,-0.418,0.86,0.235,,-4.0,27,8,9.0,0,50,25,21,7,12,7,0,56,2,1,-0.081,-0.0
LAN/LAN201405260,"Monday, May 26, 2014",5:11 p.m. Local,Dodger Stadium,45505,3:07,Night,Home,Los Angeles Dodgers,LAD,Cincinnati Reds,CIN,31,3,5,3,3.0,3,10,35,0.161,0.229,0.226,0.454,140,90,-0.484,0.87,0.459,,-0.8,24,6,8.0,0,50,15,25,11,11,6,0,56,2,2,-0.015,-0.6,30,4,5,3,1.12,3,4,34,0.167,0.242,0.267,0.509,139,90,0.015,1.65,0.492,,0.6,27,10,9.0,0,60,11,19,12,15,5,0,67,5,2,0.485,0.8
LAN/LAN201405270,"Tuesday, May 27, 2014",7:10 p.m. Local,Dodger Stadium,46013,2:58,Night,Home,Los Angeles Dodgers,LAD,Cincinnati Reds,CIN,34,3,8,3,3.0,0,14,34,0.235,0.235,0.382,0.618,132,85,-0.263,0.48,0.202,,-0.8,24,10,8.0,1,40,26,19,12,8,5,0,29,3,0,-0.237,-2.6,29,6,8,6,6.75,5,6,36,0.276,0.4,0.483,0.883,119,81,0.237,0.66,0.427,,2.6,27,8,9.0,1,49,13,20,14,10,4,0,62,0,0,0.263,0.8
LAN/LAN201405280,"Wednesday, May 28, 2014",7:11 p.m. Local,Dodger Stadium,41129,3:08,Night,Away,Cincinnati Reds,CIN,Los Angeles Dodgers,LAD,35,3,8,2,3.0,1,12,36,0.229,0.25,0.429,0.679,116,94,0.019,1.59,0.527,,-0.8,27,14,9.0,1,55,14,25,14,9,6,0,64,1,0,0.481,1.8,31,2,5,1,2.0,2,8,34,0.161,0.212,0.323,0.535,138,77,-0.481,0.84,0.571,,-1.8,27,13,9.0,1,46,17,14,16,8,2,0,59,0,0,-0.018,0.8
ARI/ARI201405290,"Thursday, May 29, 2014",6:40 p.m. Local,Chase Field,18457,2:30,Night,Home,Arizona Diamondbacks,ARI,Cincinnati Reds,CIN,27,0,3,0,0.0,0,5,27,0.111,0.111,0.148,0.259,147,65,-0.401,0.62,0.175,,-4.1,24,7,8.0,1,38,9,18,12,10,3,0,44,1,0,-0.098,-0.4,33,4,10,3,3.38,3,5,36,0.303,0.361,0.545,0.907,94,92,0.098,0.73,0.515,,0.4,27,14,9.0,0,56,12,24,7,21,12,0,86,,,0.402,4.1
ARI/ARI201405300,"Friday, May 30, 2014",6:40 p.m. Local,Chase Field,19826,2:40,Night,Away,Cincinnati Reds,CIN,Arizona Diamondbacks,ARI,35,6,11,6,6.0,1,5,36,0.314,0.333,0.514,0.848,128,86,0.281,1.52,0.753,,1.9,27,13,9.0,0,51,8,27,11,19,10,0,49,0,0,0.22,0.1,34,4,7,3,3.0,1,8,36,0.206,0.229,0.294,0.523,128,86,-0.221,0.77,0.825,,-0.1,27,9,9.0,2,44,15,27,18,9,6,0,41,0,0,-0.28,-1.9
ARI/ARI201405310,"Saturday, May 31, 2014",7:10 p.m. Local,Chase Field,23765,2:57,Night,Away,Cincinnati Reds,CIN,Arizona Diamondbacks,ARI,35,5,11,5,5.0,1,8,38,0.314,0.351,0.4,0.751,135,96,0.227,0.65,0.581,,0.9,27,10,9.0,0,53,17,26,15,13,7,0,74,5,0,0.271,4.1,32,0,6,0,0.0,2,9,35,0.188,0.257,0.25,0.507,136,87,-0.272,0.63,0.21,,-4.1,27,17,9.0,0,48,9,30,12,11,4,0,28,0,0,-0.229,-0.9
ARI/ARI201406010,"Sunday, June 1, 2014",1:10 p.m. Local,Chase Field,24119,2:59,Day,Away,Cincinnati Reds,CIN,Arizona Diamondbacks,ARI,36,4,9,4,4.0,0,12,38,0.25,0.289,0.583,0.873,134,105,0.084,1.6,0.747,,-0.1,27,8,9.0,0,62,20,23,8,16,6,0,50,1,0,0.417,1.1,34,3,9,3,3.0,1,8,36,0.265,0.278,0.294,0.572,151,84,-0.418,0.83,0.645,,-1.1,27,8,9.0,4,49,12,23,13,14,10,0,49,3,0,-0.082,0.1
CIN/CIN201406030,"Tuesday, June 3, 2014",7:11 p.m. Local,Great American Ball Park,27152,2:57,Night,Home,Cincinnati Reds,CIN,San Francisco Giants,SFG,30,3,5,3,3.0,1,8,34,0.167,0.206,0.333,0.539,139,92,-0.014,0.56,0.423,,-1.0,24,9,8.0,1,56,19,17,9,15,7,0,19,1,0,-0.486,-4.5,33,8,8,7,9.0,4,6,37,0.242,0.324,0.424,0.749,134,91,0.486,0.77,0.712,,4.5,27,5,9.0,1,57,9,25,12,15,8,0,56,0,0,0.014,1.0
CIN/CIN201406040,"Wednesday, June 4, 2014",7:10 p.m. Local,Great American Ball Park,26333,3:12,Night,Away,San Francisco Giants,SFG,Cincinnati Reds,CIN,34,3,7,3,3.0,3,10,37,0.206,0.27,0.5,0.77,131,85,0.047,1.31,0.643,,-1.0,27,6,9.0,1,51,16,18,6,18,9,0,59,2,0,0.451,2.0,33,2,7,2,2.0,1,12,35,0.212,0.257,0.364,0.621,137,93,-0.453,0.85,0.576,,-2.0,27,5,9.0,2,46,20,27,8,13,5,0,49,1,0,-0.047,1.0
CIN/CIN201406050,"Thursday, June 5, 2014",12:37 p.m. Local,Great American Ball Park,25532,2:49,Day,Away,San Francisco Giants,SFG,Cincinnati Reds,CIN,37,6,11,6,6.0,4,14,41,0.297,0.366,0.459,0.825,118,101,0.328,0.48,0.598,,2.0,27,12,9.0,1,54,17,30,11,13,9,0,77,0,0,0.172,3.0,30,1,3,1,1.0,0,6,30,0.1,0.1,0.2,0.3,154,80,-0.173,0.48,0.147,,-3.0,27,6,9.0,2,49,10,21,14,10,4,0,36,2,0,-0.328,-2.0
CIN/CIN201406060,"Friday, June 6, 2014",7:11 p.m. Local,Great American Ball Park,38331,3:18,Night,Away,Philadelphia Phillies,PHI,Cincinnati Reds,CIN,36,8,11,7,7.0,3,10,43,0.306,0.372,0.444,0.817,139,113,0.191,0.74,0.52,,4.0,27,11,9.0,0,58,20,35,13,15,10,0,74,1,0,0.308,4.0,31,0,5,0,0.0,2,8,34,0.161,0.212,0.194,0.406,176,93,-0.308,0.42,0.207,,-4.0,27,9,9.0,1,60,11,22,17,7,3,0,43,2,1,-0.191,-4.0
CIN/CIN201406070,"Saturday, June 7, 2014",4:11 p.m. Local,Great American Ball Park,36347,2:56,Day,Home,Cincinnati Reds,CIN,Philadelphia Phillies,PHI,35,5,11,5,5.0,1,6,37,0.314,0.333,0.629,0.962,146,93,-0.17,0.85,0.672,,1.0,24,10,8.0,2,58,14,21,17,13,9,0,37,0,0,-0.33,-2.5,25,6,6,6,6.75,5,7,35,0.24,0.364,0.52,0.884,134,86,0.33,1.22,0.683,,2.5,27,17,9.0,3,51,14,21,12,10,4,0,49,1,0,0.17,-1.0
CIN/CIN201406080,"Sunday, June 8, 2014",1:10 p.m. Local,Great American Ball Park,30222,2:40,Day,Home,Cincinnati Reds,CIN,Philadelphia Phillies,PHI,32,1,6,1,1.0,3,10,36,0.188,0.25,0.188,0.438,132,88,-0.255,0.81,0.355,,-3.0,24,10,8.0,1,40,16,32,15,8,6,0,50,0,0,-0.244,-0.5,29,4,6,4,4.5,0,8,30,0.207,0.233,0.345,0.578,137,88,0.244,0.94,0.636,,0.5,27,11,9.0,0,52,10,26,12,9,7,0,70,0,0,0.256,3.0
CIN/CIN201406090,"Monday, June 9, 2014",7:09 p.m. Local,Great American Ball Park,31915,3:26,Night,Away,Los Angeles Dodgers,LAD,Cincinnati Reds,CIN,34,6,10,6,6.0,7,10,42,0.294,0.405,0.529,0.934,146,105,0.406,1.02,0.838,,2.0,27,17,9.0,1,59,18,28,12,13,8,0,50,2,0,0.095,2.0,31,2,7,1,2.0,5,4,36,0.226,0.333,0.323,0.656,167,80,-0.095,0.68,0.58,,-2.0,27,10,9.0,2,43,10,27,15,12,7,0,28,0,0,-0.405,-2.0
CIN/CIN201406100,"Tuesday, June 10, 2014",9:15 p.m. Local,Great American Ball Park,27692,3:34,Night,Away,Los Angeles Dodgers,LAD,Cincinnati Reds,CIN,38,6,12,6,6.0,3,11,42,0.316,0.381,0.447,0.828,163,107,0.21,0.61,0.604,,2.0,27,9,9.0,0,63,18,27,14,13,4,0,74,2,0,0.288,3.0,35,1,9,1,1.0,2,9,38,0.257,0.316,0.286,0.602,164,100,-0.291,0.56,0.186,,-3.0,27,8,9.0,0,45,19,36,13,13,9,0,36,2,0,-0.211,-2.0
CIN/CIN201406110,"Wednesday, June 11, 2014",7:10 p.m. Local,Great American Ball Park,27014,3:19,Night,Home,Cincinnati Reds,CIN,Los Angeles Dodgers,LAD,30,0,5,0,0.0,2,16,32,0.167,0.219,0.2,0.419,153,117,-0.311,0.52,0.247,,-4.0,24,5,8.0,1,70,21,26,6,8,5,0,47,0,0,-0.19,-1.5,31,5,8,5,5.62,4,7,35,0.258,0.343,0.387,0.73,177,97,0.191,0.79,0.499,,1.5,27,6,9.0,0,58,12,27,11,13,9,0,78,5,0,0.311,4.0
CIN/CIN201406120,"Thursday, June 12, 2014",12:37 p.m. Local,Great American Ball Park,33557,2:43,Day,Home,Cincinnati Reds,CIN,Los Angeles Dodgers,LAD,34,1,8,1,1.0,1,8,36,0.235,0.278,0.235,0.513,112,82,-0.473,0.66,0.672,,-3.0,24,16,8.0,1,52,13,17,18,8,6,0,58,0,0,-0.027,-0.5,29,4,7,3,4.5,2,4,32,0.241,0.29,0.448,0.739,125,69,0.027,1.53,0.423,,0.5,27,14,9.0,0,46,10,13,17,9,7,0,69,0,0,0.473,3.0
MIL/MIL201406130,"Friday, June 13, 2014",7:27 p.m. Local,Miller Park,38330,3:23,Night,Away,Cincinnati Reds,CIN,Milwaukee Brewers,MIL,34,6,9,5,2.0,2,3,40,0.265,0.297,0.294,0.591,151,89,0.514,1.57,1.079,,1.9,27,14,9.0,1,61,8,20,19,16,8,0,48,4,2,-0.015,-0.9,34,5,9,5,5.0,4,9,39,0.265,0.359,0.412,0.771,136,88,0.014,1.07,1.086,,0.9,27,13,9.0,0,44,22,22,14,11,7,0,51,0,0,-0.515,-1.9
MIL/MIL201406140,"Saturday, June 14, 2014",6:16 p.m. Local,Miller Park,40507,2:55,Night,Home,Milwaukee Brewers,MIL,Cincinnati Reds,CIN,31,2,7,2,2.0,2,11,33,0.226,0.273,0.387,0.66,114,88,-0.13,1.36,0.603,,-2.1,24,5,8.0,1,36,18,35,11,9,5,0,72,1,1,-0.37,-0.4,30,4,6,4,4.5,1,5,31,0.2,0.226,0.367,0.592,139,77,0.371,0.98,0.89,,0.4,27,9,9.0,1,48,7,22,6,19,9,0,67,0,0,0.131,2.1
MIL/MIL201406150,"Sunday, June 15, 2014",1:11 p.m. Local,Miller Park,42213,3:19,Day,Away,Cincinnati Reds,CIN,Milwaukee Brewers,MIL,46,13,19,13,11.0,1,7,48,0.413,0.417,0.717,1.134,121,135,0.541,1.24,0.923,,8.9,27,9,9.0,1,82,15,38,10,30,15,0,33,0,0,-0.041,0.1,35,4,10,4,4.0,4,4,39,0.286,0.359,0.457,0.816,202,75,0.04,0.58,0.889,,-0.1,27,6,9.0,3,50,6,19,11,20,11,0,34,3,2,-0.541,-8.9
PIT/PIT201406170,"Tuesday, June 17, 2014",7:07 p.m. Local,PNC Park,23565,3:54,Night,Away,Cincinnati Reds,CIN,Pittsburgh Pirates,PIT,39,6,13,6,6.0,2,5,41,0.333,0.366,0.462,0.827,192,106,0.509,2.14,1.229,,2.1,27,10,9.0,0,61,16,29,16,18,15,0,48,4,1,-0.009,-1.1,37,5,13,5,5.0,7,7,45,0.351,0.455,0.432,0.887,169,118,0.01,1.14,1.558,,1.1,27,11,9.0,1,76,14,30,14,17,11,0,47,1,0,-0.509,-2.1
PIT/PIT201406180,"Wednesday, June 18, 2014",7:07 p.m. Local,PNC Park,23329,3:25,Night,Away,Cincinnati Reds,CIN,Pittsburgh Pirates,PIT,40,11,14,10,11.0,6,10,48,0.35,0.438,0.425,0.863,150,110,0.385,0.39,0.57,,7.1,27,11,9.0,0,58,22,30,13,18,9,0,53,2,1,0.115,-0.1,33,4,7,4,4.0,4,6,40,0.212,0.325,0.273,0.598,178,94,-0.116,0.46,0.134,,0.1,27,7,9.0,0,56,11,27,12,16,7,0,12,5,3,-0.386,-7.1
PIT/PIT201406190,"Thursday, June 19, 2014",12:36 p.m. Local,PNC Park,30710,4:16,Day,Home,Pittsburgh Pirates,PIT,Cincinnati Reds,CIN,40,3,8,3,2.25,2,4,45,0.2,0.227,0.35,0.577,202,104,-0.399,1.91,0.882,,-2.2,35,10,11.2,0,63,13,29,19,20,9,0,43,5,0,-0.102,0.5,46,4,12,3,3.09,6,13,53,0.261,0.358,0.304,0.663,167,123,0.1,1.47,1.511,,-0.5,36,17,12.0,1,73,19,33,13,21,15,0,59,0,0,0.399,2.2
CIN/CIN201406200,"Friday, June 20, 2014",7:11 p.m. Local,Great American Ball Park,33103,4:00,Night,Away,Toronto Blue Jays,TOR,Cincinnati Reds,CIN,39,14,16,14,14.0,9,3,50,0.41,0.521,0.821,1.341,151,117,0.734,0.51,1.389,,10.0,27,9,9.0,2,70,15,32,15,23,13,0,18,2,2,-0.232,-5.0,38,9,10,8,9.0,2,4,40,0.263,0.3,0.474,0.774,207,104,0.237,0.89,0.589,,5.0,27,11,9.0,4,67,9,28,15,19,8,0,30,7,3,-0.733,-10.0
CIN/CIN201406210,"Saturday, June 21, 2014",4:10 p.m. Local,Great American Ball Park,42530,2:35,Day,Home,Cincinnati Reds,CIN,Toronto Blue Jays,TOR,31,1,4,1,1.0,2,7,33,0.129,0.182,0.258,0.44,147,84,-0.164,0.35,0.101,,-3.0,24,7,8.0,2,42,12,30,13,11,7,0,19,0,0,-0.337,-7.5,33,11,10,10,11.25,5,9,39,0.303,0.385,0.545,0.93,122,102,0.338,0.4,0.444,,7.5,27,11,9.0,1,54,19,29,10,15,9,0,74,0,0,0.163,3.0
CIN/CIN201406220,"Sunday, June 22, 2014",1:10 p.m. Local,Great American Ball Park,36089,2:42,Day,Home,Cincinnati Reds,CIN,Toronto Blue Jays,TOR,34,3,7,3,1.0,1,11,37,0.206,0.25,0.294,0.544,120,96,-0.271,0.86,0.651,,-1.0,24,9,8.0,1,50,16,30,14,10,6,0,52,1,0,-0.228,-0.5,31,4,9,3,3.38,2,7,35,0.29,0.353,0.452,0.805,138,91,0.228,1.36,0.67,,0.5,27,8,9.0,1,49,13,29,11,14,11,0,67,0,0,0.272,1.0
CHN/CHN201406230,"Monday, June 23, 2014",7:07 p.m. Local,Wrigley Field,27747,3:21,Night,Away,Cincinnati Reds,CIN,Chicago Cubs,CHC,34,6,8,6,6.0,5,11,41,0.235,0.366,0.441,0.807,135,111,0.141,1.18,1.029,,1.9,27,9,9.0,1,62,21,28,13,10,3,0,67,0,0,0.361,3.1,32,1,5,1,1.0,1,7,33,0.156,0.182,0.313,0.494,184,95,-0.363,1.3,0.532,,-3.1,27,11,9.0,1,53,22,20,10,15,8,0,65,0,0,-0.139,-1.9
CHN/CHN201406240,"Tuesday, June 24, 2014",7:58 p.m. Local,Wrigley Field,28226,3:00,Night,Home,Chicago Cubs,CHC,Cincinnati Reds,CIN,32,3,5,3,3.0,1,11,33,0.156,0.182,0.281,0.463,138,82,-0.352,0.56,0.267,,-1.1,24,7,8.0,1,44,12,26,7,14,5,0,48,3,1,-0.147,-3.4,28,7,6,6,5.62,3,10,34,0.214,0.294,0.393,0.687,124,88,0.148,0.93,0.416,,3.4,27,4,9.0,1,48,19,21,5,15,5,0,72,5,0,0.353,1.1
CHN/CHN201406250,"Wednesday, June 25, 2014",6:07 p.m. Local,Wrigley Field,28207,3:10,Night,Away,Cincinnati Reds,CIN,Chicago Cubs,CHC,31,4,7,4,4.0,5,5,37,0.226,0.333,0.387,0.72,137,85,0.19,0.92,0.668,,-0.1,27,11,9.0,0,53,14,18,9,18,5,0,68,0,0,0.311,3.1,33,1,6,1,1.0,0,8,33,0.182,0.182,0.242,0.424,148,95,-0.311,0.91,0.264,,-3.1,27,11,9.0,0,51,11,33,15,11,2,0,38,2,1,-0.189,0.1
SFN/SFN201406260,"Thursday, June 26, 2014",7:15 p.m. Local,AT&T Park,41156,2:46,Night,Away,Cincinnati Reds,CIN,San Francisco Giants,SFG,35,3,10,3,3.0,0,10,36,0.286,0.286,0.457,0.743,119,91,0.016,1.13,0.608,,-0.8,27,8,9.0,1,51,19,21,11,15,6,0,81,0,0,0.485,2.8,32,1,5,1,1.0,1,13,33,0.156,0.182,0.375,0.557,141,79,-0.485,0.83,0.28,,-2.8,27,8,9.0,1,45,13,21,9,10,4,0,65,0,0,-0.015,0.8
SFN/SFN201406270,"Friday, June 27, 2014",7:15 p.m. Local,AT&T Park,41046,2:44,Night,Away,Cincinnati Reds,CIN,San Francisco Giants,SFG,36,6,12,6,6.0,2,5,39,0.333,0.368,0.389,0.757,115,99,0.267,0.61,0.659,,2.2,27,15,9.0,0,60,13,28,13,19,13,0,68,2,0,0.234,1.8,30,2,4,2,2.0,2,4,32,0.133,0.188,0.2,0.388,140,74,-0.233,0.68,0.179,,-1.8,27,12,9.0,0,50,11,13,17,9,3,0,36,0,0,-0.266,-2.2
SFN/SFN201406280,"Saturday, June 28, 2014",7:05 p.m. Local,AT&T Park,41024,3:59,Night,Away,Cincinnati Reds,CIN,San Francisco Giants,SFG,40,7,12,7,5.73,5,7,47,0.3,0.378,0.475,0.853,153,104,0.526,1.4,1.781,,2.4,33,24,11.0,0,58,18,29,10,25,11,0,70,0,0,-0.025,1.6,39,3,9,3,2.45,3,7,43,0.231,0.286,0.282,0.568,183,102,0.026,1.81,1.107,,-1.6,33,9,11.0,1,68,19,17,23,10,7,0,67,3,3,-0.525,-2.4
SFN/SFN201406290,"Sunday, June 29, 2014",1:05 p.m. Local,AT&T Park,41541,2:38,Day,Away,Cincinnati Reds,CIN,San Francisco Giants,SFG,33,4,8,4,4.0,0,6,36,0.242,0.257,0.333,0.59,107,89,-0.101,1.1,0.352,,0.2,27,7,9.0,0,57,9,23,21,8,4,0,87,,,0.602,3.8,29,0,3,0,0.0,1,7,30,0.103,0.133,0.103,0.237,129,75,-0.601,0.71,0.14,,-3.8,27,13,9.0,0,46,11,18,8,14,7,0,70,3,1,0.102,-0.2
SDN/SDN201406300,"Monday, June 30, 2014",7:12 p.m. Local,Petco Park,19079,2:42,Night,Home,San Diego Padres,SDP,Cincinnati Reds,CIN,29,0,5,0,0.0,2,12,32,0.172,0.25,0.207,0.457,107,91,-0.665,0.83,0.373,,-3.7,24,6,8.0,0,43,23,25,3,14,9,0,74,0,0,0.165,2.3,24,1,1,1,1.12,2,5,27,0.042,0.111,0.042,0.153,147,68,-0.167,1.46,0.2,,-2.3,27,5,9.0,0,35,18,15,7,13,2,0,68,0,0,0.665,3.7
SDN/SDN201407010,"Tuesday, July 1, 2014",7:10 p.m. Local,Petco Park,20312,2:49,Night,Home,San Diego Padres,SDP,Cincinnati Reds,CIN,37,2,11,2,2.0,2,8,39,0.297,0.333,0.405,0.739,123,98,-0.253,0.49,0.33,,-1.7,24,11,8.0,2,49,16,33,16,13,8,0,39,3,2,-0.247,-4.7,37,8,16,7,7.88,2,5,40,0.432,0.45,0.703,1.153,142,79,0.246,0.87,0.579,,4.7,27,14,9.0,1,46,10,24,16,17,8,0,58,0,0,0.254,1.7
SDN/SDN201407020,"Wednesday, July 2, 2014",12:43 p.m. Local,Petco Park,19250,2:20,Day,Home,San Diego Padres,SDP,Cincinnati Reds,CIN,30,0,3,0,0.0,0,9,30,0.1,0.1,0.133,0.233,122,87,-0.33,0.53,0.066,,-3.7,24,7,8.0,0,47,21,19,9,12,4,0,56,0,0,-0.171,0.3,30,3,7,3,3.38,3,8,33,0.233,0.303,0.233,0.536,120,85,0.171,0.58,0.412,,-0.3,27,5,9.0,0,46,11,28,8,15,10,0,90,,,0.329,3.7
CIN/CIN201407040,"Friday, July 4, 2014",7:10 p.m. Local,Great American Ball Park,42120,2:49,Night,Home,Cincinnati Reds,CIN,Milwaukee Brewers,MIL,32,2,6,2,2.0,2,4,35,0.188,0.257,0.281,0.538,149,76,-0.337,0.5,0.361,,-2.0,24,6,8.0,1,49,9,18,14,14,6,0,46,0,0,-0.163,-0.5,34,4,10,4,3.38,1,13,35,0.294,0.314,0.5,0.814,118,97,0.163,0.99,0.472,,0.5,27,12,9.0,1,53,25,19,9,13,8,0,59,0,0,0.337,2.0
CIN/CIN201407050,"Saturday, July 5, 2014",4:10 p.m. Local,Great American Ball Park,38754,2:47,Day,Away,Milwaukee Brewers,MIL,Cincinnati Reds,CIN,31,1,7,1,1.0,4,10,35,0.226,0.314,0.355,0.669,111,91,-0.291,1.46,0.276,,-3.0,27,5,9.0,0,48,26,17,11,10,9,0,90,,,0.79,4.0,28,0,2,0,0.0,2,9,30,0.071,0.133,0.107,0.24,132,70,-0.79,0.81,0.229,,-4.0,27,14,9.0,0,42,12,16,6,13,5,0,68,0,0,0.29,3.0
CIN/CIN201407060,"Sunday, July 6, 2014",1:11 p.m. Local,Great American Ball Park,27923,2:38,Day,Home,Cincinnati Reds,CIN,Milwaukee Brewers,MIL,30,2,4,2,2.0,1,3,31,0.133,0.161,0.233,0.395,116,65,-0.193,0.71,0.459,,-2.0,24,10,8.0,1,49,2,14,11,16,7,0,56,0,0,-0.307,-0.5,31,4,9,4,4.5,1,4,33,0.29,0.333,0.387,0.72,105,79,0.307,1.08,0.623,,0.5,27,12,9.0,0,45,16,20,11,16,11,0,68,0,0,0.193,2.0
CIN/CIN201407070,"Monday, July 7, 2014",7:10 p.m. Local,Great American Ball Park,26558,3:19,Night,Home,Cincinnati Reds,CIN,Chicago Cubs,CHC,38,3,11,2,2.0,1,9,39,0.289,0.308,0.474,0.781,150,94,-0.11,0.74,0.772,,-1.0,24,11,8.0,1,61,11,22,10,19,12,0,46,0,0,-0.391,-5.5,31,9,10,9,10.12,5,7,39,0.323,0.405,0.548,0.954,145,92,0.392,1.11,0.784,,5.5,27,5,9.0,1,56,19,17,13,14,10,0,55,0,0,0.109,1.0
CIN/CIN201407081,"Tuesday, July 8, 2014",1:10 p.m. Local,Great American Ball Park,17371,2:51,Day,Home,Cincinnati Reds,CIN,Chicago Cubs,CHC,33,2,7,2,2.0,3,9,38,0.212,0.297,0.394,0.691,144,96,-0.274,0.58,0.66,,-2.0,24,12,8.0,1,49,19,28,9,16,7,0,41,1,0,-0.226,-0.5,32,4,11,4,3.38,2,6,35,0.344,0.382,0.5,0.882,143,89,0.226,1.43,0.542,,0.5,27,8,9.0,2,60,16,13,16,11,5,0,56,4,0,0.275,2.0
CIN/CIN201407082,"Tuesday, July 8, 2014",7:45 p.m. Local,Great American Ball Park,29991,3:33,Night,Home,Cincinnati Reds,CIN,Chicago Cubs,CHC,37,5,11,5,5.0,6,9,44,0.297,0.395,0.595,0.99,155,97,0.099,1.57,0.594,,1.0,24,13,8.0,0,51,17,29,9,20,11,0,57,1,1,-0.599,-3.4,33,6,12,4,5.62,4,5,37,0.364,0.432,0.515,0.948,168,94,0.6,0.64,1.499,,3.4,27,6,9.0,3,62,18,15,13,15,13,0,22,2,0,-0.099,-1.0
CIN/CIN201407090,"Wednesday, July 9, 2014",7:09 p.m. Local,Great American Ball Park,32810,2:52,Night,Home,Cincinnati Reds,CIN,Chicago Cubs,CHC,32,1,5,1,1.0,2,13,34,0.156,0.206,0.281,0.487,125,101,-0.29,0.79,0.281,,-3.0,24,14,8.0,0,51,24,26,14,5,2,0,35,0,0,-0.21,-0.5,28,4,7,4,4.5,4,2,33,0.25,0.344,0.357,0.701,162,78,0.211,0.8,0.587,,0.5,27,10,9.0,1,48,9,22,16,11,7,0,68,1,0,0.289,3.0
CIN/CIN201407100,"Thursday, July 10, 2014",12:35 p.m. Local,Great American Ball Park,31983,4:10,Day,Away,Chicago Cubs,CHC,Cincinnati Reds,CIN,41,6,10,6,4.5,5,10,50,0.244,0.347,0.39,0.737,188,110,0.088,1.39,1.553,,0.7,36,13,12.0,1,60,19,31,17,16,10,0,50,0,0,0.412,1.3,44,4,7,4,3.0,6,14,51,0.159,0.275,0.25,0.525,184,122,-0.41,1.85,0.781,,-1.3,36,16,12.0,0,69,22,31,12,18,12,0,52,0,0,-0.088,-0.7
CIN/CIN201407110,"Friday, July 11, 2014",7:11 p.m. Local,Great American Ball Park,36613,3:11,Night,Home,Cincinnati Reds,CIN,Pittsburgh Pirates,PIT,32,5,5,5,4.0,5,14,37,0.156,0.27,0.375,0.645,126,101,0.132,1.17,0.614,,1.0,24,15,8.0,1,56,21,24,3,15,7,0,52,4,1,-0.633,-2.5,37,6,14,6,4.5,0,5,37,0.378,0.378,0.541,0.919,157,84,0.633,0.79,1.293,,2.5,27,4,9.0,2,52,16,16,16,16,13,0,50,0,0,-0.133,-1.0
CIN/CIN201407120,"Saturday, July 12, 2014",7:15 p.m. Local,Great American Ball Park,42789,4:06,Night,Away,Pittsburgh Pirates,PIT,Cincinnati Reds,CIN,41,6,13,5,4.91,3,10,49,0.317,0.362,0.488,0.85,176,117,0.415,1.69,1.385,,1.1,33,13,11.0,2,73,18,26,22,13,6,0,44,2,0,0.085,-0.1,41,5,11,5,4.09,5,11,46,0.268,0.348,0.415,0.762,178,104,-0.083,1.31,1.16,,0.1,33,14,11.0,2,57,22,25,14,16,12,0,37,4,0,-0.416,-1.1
CIN/CIN201407130,"Sunday, July 13, 2014",1:11 p.m. Local,Great American Ball Park,35022,3:08,Day,Home,Cincinnati Reds,CIN,Pittsburgh Pirates,PIT,33,3,5,3,3.0,2,11,36,0.152,0.222,0.333,0.556,168,90,-0.107,0.69,0.617,,-1.0,24,6,8.0,2,49,24,17,9,13,8,0,42,0,0,-0.394,-2.5,33,6,9,6,6.75,8,7,41,0.273,0.415,0.576,0.99,148,98,0.395,1.03,0.829,,2.5,27,6,9.0,1,59,14,26,9,17,12,0,55,0,0,0.107,1.0
NYA/NYA201407180,"Friday, July 18, 2014",7:09 p.m. Local,Yankee Stadium III,47372,2:36,Night,Home,New York Yankees,NYY,Cincinnati Reds,CIN,35,3,7,3,2.0,1,10,36,0.2,0.222,0.371,0.594,119,88,-0.321,0.95,0.675,,-1.2,24,10,8.0,1,44,20,24,11,14,2,0,48,0,0,-0.179,-0.3,32,4,8,4,4.5,2,6,35,0.25,0.314,0.406,0.721,135,74,0.178,1.51,0.702,,0.3,27,6,9.0,2,42,9,23,13,13,9,0,57,1,0,0.322,1.2
NYA/NYA201407190,"Saturday, July 19, 2014",1:07 p.m. Local,Yankee Stadium III,47606,2:41,Day,Home,New York Yankees,NYY,Cincinnati Reds,CIN,34,1,7,1,1.0,0,13,34,0.206,0.206,0.353,0.559,132,95,-0.214,0.59,0.285,,-3.2,24,8,8.0,1,55,21,19,7,14,6,0,48,0,0,-0.286,-3.3,32,7,9,7,5.62,1,6,35,0.281,0.286,0.375,0.661,133,85,0.286,0.68,0.521,,3.3,27,5,9.0,1,53,8,24,13,15,4,0,65,0,0,0.215,3.2
NYA/NYA201407200,"Sunday, July 20, 2014",1:09 p.m. Local,Yankee Stadium III,43115,3:32,Day,Home,New York Yankees,NYY,Cincinnati Reds,CIN,32,2,6,2,1.0,2,8,35,0.188,0.235,0.375,0.61,191,90,-0.253,1.64,0.735,,-2.2,25,8,8.1,0,57,18,15,10,15,5,0,52,3,0,-0.246,0.7,36,3,11,3,3.24,5,11,41,0.306,0.39,0.333,0.724,136,114,0.244,1.35,1.261,,-0.7,27,12,9.0,1,73,17,24,15,10,6,0,70,0,0,0.254,2.2
MIL/MIL201407210,"Monday, July 21, 2014",7:10 p.m. Local,Miller Park,31350,2:55,Night,Home,Milwaukee Brewers,MIL,Cincinnati Reds,CIN,31,2,5,2,2.0,2,8,34,0.161,0.235,0.387,0.622,119,81,-0.267,0.47,0.318,,-2.1,24,6,8.0,0,36,20,25,14,9,5,0,46,0,0,-0.233,-1.4,32,5,8,3,4.5,0,3,34,0.25,0.273,0.375,0.648,129,81,0.232,0.84,0.429,,1.4,27,12,9.0,2,59,6,16,11,19,7,0,70,0,0,0.268,2.1
MIL/MIL201407220,"Tuesday, July 22, 2014",7:11 p.m. Local,Miller Park,33485,3:01,Night,Home,Milwaukee Brewers,MIL,Cincinnati Reds,CIN,29,3,5,3,3.0,1,9,35,0.172,0.265,0.207,0.472,129,82,-0.218,1.03,0.791,,-1.1,24,13,8.0,4,42,17,23,14,8,6,0,53,0,0,-0.283,-0.4,28,4,6,4,4.5,2,7,32,0.214,0.29,0.643,0.933,122,83,0.281,1.66,0.874,,0.4,27,11,9.0,0,39,16,28,15,7,4,0,56,3,1,0.217,1.1
MIL/MIL201407230,"Wednesday, July 23, 2014",1:10 p.m. Local,Miller Park,38192,2:33,Day,Home,Milwaukee Brewers,MIL,Cincinnati Reds,CIN,30,1,5,1,1.0,2,3,34,0.167,0.212,0.2,0.412,113,89,-0.272,0.94,0.325,,-3.1,24,9,8.0,2,62,11,16,14,15,6,0,38,0,0,-0.226,-1.4,35,5,12,5,5.62,0,6,35,0.343,0.343,0.6,0.943,130,82,0.226,0.97,0.854,,1.4,27,10,9.0,0,52,7,23,15,15,8,0,63,1,0,0.275,3.1
CIN/CIN201407250,"Friday, July 25, 2014",7:10 p.m. Local,Great American Ball Park,38812,3:07,Night,Away,Washington Nationals,WSN,Cincinnati Reds,CIN,38,4,12,4,4.0,4,9,43,0.316,0.395,0.368,0.764,126,113,0.159,0.84,0.711,,0.0,27,6,9.0,0,62,22,29,11,18,14,0,72,0,0,0.342,3.0,31,1,4,1,1.0,2,9,34,0.129,0.206,0.161,0.367,171,77,-0.342,0.93,0.243,,-3.0,27,10,9.0,0,46,14,17,9,13,6,0,34,2,0,-0.158,-0.0
CIN/CIN201407260,"Saturday, July 26, 2014",4:05 p.m. Local,Great American Ball Park,32999,2:29,Day,Home,Cincinnati Reds,CIN,Washington Nationals,WSN,27,0,4,0,0.0,5,11,34,0.148,0.303,0.148,0.451,107,83,-0.696,0.96,0.447,,-4.0,24,10,8.0,0,49,13,21,7,10,7,0,71,0,0,0.196,2.5,25,1,4,1,1.12,2,10,27,0.16,0.222,0.24,0.462,131,68,-0.196,1.59,0.363,,-2.5,27,12,9.0,0,34,16,18,7,8,4,0,75,2,0,0.696,4.0
CIN/CIN201407270,"Sunday, July 27, 2014",1:26 p.m. Local,Great American Ball Park,31982,3:19,Day,Away,Washington Nationals,WSN,Cincinnati Reds,CIN,31,4,5,4,3.0,6,9,39,0.161,0.316,0.161,0.477,149,99,0.096,0.91,0.542,,0.0,27,12,9.0,0,54,19,26,9,14,8,0,75,2,2,0.404,2.0,34,2,7,2,2.0,1,7,35,0.206,0.229,0.235,0.464,160,107,-0.402,0.82,0.26,,-2.0,27,9,9.0,0,60,17,30,15,12,6,0,56,0,0,-0.096,-0.0
CIN/CIN201407280,"Monday, July 28, 2014",7:09 p.m. Local,Great American Ball Park,30288,4:34,Night,Away,Arizona Diamondbacks,ARI,Cincinnati Reds,CIN,50,2,8,2,1.2,3,12,54,0.16,0.208,0.18,0.388,217,130,-0.819,1.82,0.932,,-4.6,45,13,15.0,1,85,16,30,19,20,15,0,73,0,0,1.319,5.6,46,1,6,1,0.6,5,18,55,0.13,0.231,0.217,0.448,203,138,-1.32,1.59,0.586,,-5.6,45,16,15.0,0,84,25,29,14,17,6,0,70,0,0,0.821,4.6
CIN/CIN201407290,"Tuesday, July 29, 2014",7:10 p.m. Local,Great American Ball Park,33153,2:33,Night,Home,Cincinnati Reds,CIN,Arizona Diamondbacks,ARI,33,0,5,0,0.0,0,9,35,0.152,0.2,0.242,0.442,123,86,-0.418,0.58,0.352,,-4.0,24,10,8.0,0,47,13,26,15,9,4,0,49,0,0,-0.082,0.5,30,3,7,3,3.38,0,5,30,0.233,0.233,0.267,0.5,126,77,0.083,0.99,0.372,,-0.5,27,10,9.0,0,44,12,21,15,10,7,0,77,2,0,0.419,4.0
CIN/CIN201407300,"Wednesday, July 30, 2014",12:35 p.m. Local,Great American Ball Park,26332,3:02,Day,Away,Arizona Diamondbacks,ARI,Cincinnati Reds,CIN,33,5,8,5,5.0,5,4,39,0.242,0.333,0.485,0.818,139,93,0.071,1.26,0.59,,1.0,27,20,9.0,1,58,13,22,14,16,10,0,57,3,2,0.429,-0.0,34,4,11,4,4.0,6,2,41,0.324,0.425,0.471,0.896,148,84,-0.429,0.71,0.57,,0.0,27,12,9.0,2,54,10,20,18,15,10,0,58,2,0,-0.071,-1.0
MIA/MIA201407310,"Thursday, July 31, 2014",7:10 p.m. Local,Marlins Park,18056,2:43,Night,Away,Cincinnati Reds,CIN,Miami Marlins,MIA,34,3,7,3,0.0,0,4,36,0.206,0.2,0.235,0.435,133,73,0.165,0.93,0.964,,-1.0,27,8,9.0,1,46,8,19,14,18,6,0,73,0,0,0.335,3.0,30,1,5,1,1.0,3,12,33,0.167,0.242,0.333,0.576,107,84,-0.335,1.57,0.351,,-3.0,27,9,9.0,0,44,14,26,7,11,6,0,66,5,3,-0.164,1.0
MIA/MIA201408010,"Friday, August 1, 2014",7:10 p.m. Local,Marlins Park,20410,2:58,Night,Away,Cincinnati Reds,CIN,Miami Marlins,MIA,35,5,8,4,4.0,2,8,38,0.229,0.263,0.286,0.549,120,97,0.259,1.28,0.744,,1.0,27,11,9.0,1,58,13,26,17,11,5,0,64,0,0,0.24,2.0,31,2,7,2,2.0,4,7,36,0.226,0.314,0.323,0.637,146,74,-0.24,0.9,0.576,,-2.0,27,13,9.0,0,43,11,20,12,13,5,0,45,3,3,-0.26,-1.0
MIA/MIA201408020,"Saturday, August 2, 2014",7:10 p.m. Local,Marlins Park,25159,3:11,Night,Home,Miami Marlins,MIA,Cincinnati Reds,CIN,34,1,6,1,0.9,3,12,38,0.176,0.243,0.235,0.479,141,101,-0.527,1.22,0.711,,-3.4,28,12,9.1,0,56,23,22,9,14,8,0,69,1,0,0.026,1.9,33,2,7,2,1.93,3,9,37,0.212,0.278,0.303,0.581,147,86,-0.026,1.61,0.684,,-1.9,30,9,10.0,0,50,14,22,13,12,7,0,73,2,1,0.527,3.4
MIA/MIA201408030,"Sunday, August 3, 2014",1:10 p.m. Local,Marlins Park,26707,3:05,Day,Away,Cincinnati Reds,CIN,Miami Marlins,MIA,40,7,15,7,5.0,2,7,42,0.375,0.405,0.4,0.805,152,89,0.306,0.8,0.646,,3.0,27,11,9.0,1,59,11,19,20,13,8,0,63,0,0,0.194,1.0,31,3,5,3,3.0,5,10,37,0.161,0.278,0.387,0.665,144,89,-0.194,0.61,0.359,,-1.0,27,14,9.0,0,42,21,26,11,11,7,0,24,0,0,-0.307,-3.0
CLE/CLE201408040,"Monday, August 4, 2014",7:06 p.m. Local,Progressive Field,18696,2:52,Night,Home,Cleveland Indians,CLE,Cincinnati Reds,CIN,36,1,8,1,1.0,3,8,39,0.222,0.282,0.278,0.56,110,93,-0.289,0.43,0.267,,-3.3,24,10,8.0,2,47,16,30,13,15,6,0,33,0,0,-0.212,-3.2,30,7,10,7,7.88,3,4,35,0.333,0.412,0.6,1.012,137,60,0.212,0.73,0.418,,3.2,27,7,9.0,0,41,4,15,16,11,4,0,67,4,1,0.288,3.3
CLE/CLE201408050,"Tuesday, August 5, 2014",7:06 p.m. Local,Progressive Field,22068,2:48,Night,Away,Cincinnati Reds,CIN,Cleveland Indians,CLE,41,9,15,7,8.0,2,10,44,0.366,0.409,0.61,1.019,117,102,0.352,0.58,0.656,,4.7,27,16,9.0,0,48,23,31,14,17,7,0,73,,,0.146,2.3,30,2,5,2,2.0,2,6,33,0.167,0.242,0.233,0.476,149,83,-0.147,0.45,0.218,,-2.3,27,10,9.0,2,52,5,26,16,8,1,0,29,5,3,-0.353,-4.7
CIN/CIN201408060,"Wednesday, August 6, 2014",7:11 p.m. Local,Great American Ball Park,33863,2:44,Night,Home,Cincinnati Reds,CIN,Cleveland Indians,CLE,33,3,7,3,3.0,2,5,35,0.212,0.257,0.364,0.621,120,94,-0.229,0.32,0.135,,-1.0,24,6,8.0,2,58,9,27,12,16,13,0,37,2,2,-0.273,-4.5,34,8,10,8,9.0,0,9,34,0.294,0.294,0.529,0.824,132,85,0.274,0.51,0.434,,4.5,27,13,9.0,1,52,16,17,10,15,7,0,58,1,0,0.227,1.0
CIN/CIN201408070,"Thursday, August 7, 2014",7:10 p.m. Local,Great American Ball Park,31862,2:35,Night,Home,Cincinnati Reds,CIN,Cleveland Indians,CLE,32,0,5,0,0.0,1,11,33,0.156,0.182,0.188,0.369,112,87,-0.312,0.42,0.161,,-4.0,24,10,8.0,0,46,21,20,8,14,10,0,46,1,0,-0.188,-0.5,32,4,8,3,3.38,1,8,33,0.25,0.273,0.375,0.648,129,76,0.186,0.66,0.434,,0.5,27,8,9.0,0,46,13,17,13,11,6,0,76,0,0,0.313,4.0
CIN/CIN201408080,"Friday, August 8, 2014",7:10 p.m. Local,Great American Ball Park,31193,2:40,Night,Away,Miami Marlins,MIA,Cincinnati Reds,CIN,33,2,7,2,2.0,4,11,39,0.212,0.308,0.364,0.671,132,89,-0.08,1.69,0.58,,-2.0,27,11,9.0,0,38,17,34,12,11,6,0,77,0,0,0.58,3.0,32,1,7,1,1.0,2,7,35,0.219,0.265,0.281,0.546,153,84,-0.58,1.15,0.574,,-3.0,27,9,9.0,1,50,16,18,11,15,9,0,62,0,0,0.081,2.0
CIN/CIN201408090,"Saturday, August 9, 2014",7:14 p.m. Local,Great American Ball Park,34768,3:27,Night,Away,Miami Marlins,MIA,Cincinnati Reds,CIN,30,4,8,4,4.0,8,10,43,0.267,0.4,0.367,0.767,152,105,0.158,1.66,0.677,,0.0,27,10,9.0,1,59,22,24,12,13,8,0,52,0,0,0.342,1.0,33,3,7,3,2.0,5,8,38,0.212,0.316,0.333,0.649,174,91,-0.344,1.15,0.807,,-1.0,27,10,9.0,0,53,14,24,11,14,7,0,51,1,0,-0.157,-0.0
CIN/CIN201408100,"Sunday, August 10, 2014",1:12 p.m. Local,Great American Ball Park,36122,2:45,Day,Home,Cincinnati Reds,CIN,Miami Marlins,MIA,33,2,5,2,2.0,3,11,36,0.152,0.222,0.333,0.556,144,81,-0.067,0.82,0.371,,-2.0,24,7,8.0,2,43,16,22,8,14,4,0,25,0,0,-0.434,-3.5,31,7,7,7,7.88,3,7,35,0.226,0.294,0.419,0.713,130,96,0.435,0.63,0.775,,3.5,27,5,9.0,2,54,15,27,13,12,5,0,71,0,0,0.066,2.0
CIN/CIN201408120,"Tuesday, August 12, 2014",7:11 p.m. Local,Great American Ball Park,35903,3:05,Night,Away,Boston Red Sox,BOS,Cincinnati Reds,CIN,32,3,8,3,3.0,1,6,35,0.25,0.273,0.375,0.648,149,92,0.176,1.15,0.995,,-1.0,27,10,9.0,0,59,6,27,16,12,7,0,55,0,0,0.323,2.0,31,2,6,2,2.0,4,4,35,0.194,0.286,0.226,0.512,133,90,-0.324,1.38,0.46,,-2.0,27,12,9.0,1,50,12,28,11,16,7,0,67,0,0,-0.176,1.0
CIN/CIN201408130,"Wednesday, August 13, 2014",12:36 p.m. Local,Great American Ball Park,32870,3:01,Day,Away,Boston Red Sox,BOS,Cincinnati Reds,CIN,35,5,8,5,5.0,1,11,37,0.229,0.27,0.343,0.613,134,89,0.271,1.82,0.833,,1.0,27,9,9.0,2,43,16,30,13,11,7,0,40,0,0,0.229,-0.0,35,4,10,4,4.0,1,4,38,0.286,0.289,0.543,0.832,138,89,-0.229,0.92,1.019,,0.0,27,9,9.0,1,61,6,22,13,21,7,0,33,0,0,-0.27,-1.0
COL/COL201408140,"Thursday, August 14, 2014",6:42 p.m. Local,Coors Field,32538,2:53,Night,Home,Colorado Rockies,COL,Cincinnati Reds,CIN,32,3,6,3,3.0,1,6,33,0.188,0.212,0.313,0.525,130,81,-0.127,0.96,0.369,,-1.6,24,9,8.0,1,47,10,24,15,11,4,0,24,0,0,-0.373,-2.9,34,7,10,7,5.62,2,7,37,0.294,0.324,0.441,0.766,124,84,0.374,0.77,0.794,,2.9,27,10,9.0,1,61,9,14,18,10,5,0,59,0,0,0.127,1.6
COL/COL201408150,"Friday, August 15, 2014",6:41 p.m. Local,Coors Field,33668,3:02,Night,Away,Cincinnati Reds,CIN,Colorado Rockies,COL,35,3,11,3,3.0,2,2,39,0.314,0.351,0.343,0.694,119,95,0.017,1.68,0.911,,-1.6,27,7,9.0,1,62,11,22,20,15,11,0,66,0,0,0.483,2.6,30,2,6,2,2.0,3,6,35,0.2,0.294,0.333,0.627,143,76,-0.483,1.55,0.719,,-2.6,27,14,9.0,0,42,15,19,8,17,9,0,47,0,0,-0.017,1.6
COL/COL201408171,"Sunday, August 17, 2014",2:11 p.m. Local,Coors Field,42310,3:59,Day,Home,Colorado Rockies,COL,Cincinnati Reds,CIN,37,9,11,8,9.0,5,7,44,0.297,0.386,0.541,0.927,191,113,0.474,1.53,0.935,,4.4,26,9,8.2,3,77,15,21,16,16,7,0,43,5,4,-0.973,-5.5,36,10,14,10,10.38,9,7,47,0.389,0.489,0.694,1.184,178,115,0.974,0.75,2.113,,5.5,27,10,9.0,2,75,19,21,12,19,8,0,39,0,0,-0.473,-4.4
COL/COL201408172,"Sunday, August 17, 2014",7:12 p.m. Local,Coors Field,33604,3:06,Night,Home,Colorado Rockies,COL,Cincinnati Reds,CIN,33,5,7,5,4.0,2,9,36,0.212,0.25,0.364,0.614,153,89,0.133,1.55,0.688,,0.4,24,7,8.0,2,46,11,32,12,13,6,0,56,2,2,-0.633,-5.9,39,10,16,9,10.12,3,7,42,0.41,0.452,0.667,1.119,134,102,0.634,0.91,1.477,,5.9,27,8,9.0,1,62,20,20,13,19,12,0,44,1,0,-0.133,-0.4
SLN/SLN201408180,"Monday, August 18, 2014",7:16 p.m. Local,Busch Stadium III,42973,3:19,Night,Home,St. Louis Cardinals,STL,Cincinnati Reds,CIN,37,5,8,5,4.5,5,9,43,0.216,0.326,0.405,0.731,135,109,0.182,1.38,1.423,,0.6,28,9,9.1,0,71,17,21,14,14,6,0,53,0,0,-0.683,-2.4,39,6,12,5,4.82,1,6,41,0.308,0.341,0.436,0.777,166,88,0.683,1.76,1.566,,2.4,30,12,10.0,1,53,12,23,12,21,12,0,44,3,0,-0.182,-0.6
SLN/SLN201408190,"Tuesday, August 19, 2014",7:15 p.m. Local,Busch Stadium III,42573,3:29,Night,Home,St. Louis Cardinals,STL,Cincinnati Reds,CIN,36,4,7,4,2.0,1,8,37,0.194,0.216,0.306,0.522,167,95,-0.003,1.91,0.71,,0.0,24,8,8.0,1,55,18,22,12,16,8,0,41,4,1,-0.499,-3.3,36,5,14,5,5.62,5,5,42,0.389,0.476,0.5,0.976,131,100,0.497,1.14,1.513,,3.3,27,8,9.0,1,70,7,23,7,24,16,0,58,0,0,0.003,-0.0
SLN/SLN201408200,"Wednesday, August 20, 2014",6:15 p.m. Local,Busch Stadium III,43085,3:12,Night,Home,St. Louis Cardinals,STL,Cincinnati Reds,CIN,36,3,10,1,3.0,3,7,39,0.278,0.333,0.306,0.639,150,93,-0.323,0.62,0.192,,-1.0,24,4,8.0,0,53,18,22,14,14,6,1,35,5,1,-0.177,-3.5,32,7,10,6,6.75,6,8,41,0.312,0.439,0.438,0.877,141,89,0.177,0.61,0.577,,3.5,27,9,9.0,0,46,16,27,8,17,7,0,72,3,0,0.323,1.0
CIN/CIN201408210,"Thursday, August 21, 2014",7:11 p.m. Local,Great American Ball Park,20243,3:10,Night,Away,Atlanta Braves,ATL,Cincinnati Reds,CIN,33,8,8,8,8.0,7,8,45,0.242,0.4,0.394,0.794,119,107,0.363,0.22,0.526,,4.0,27,4,9.0,0,55,23,29,9,18,7,0,67,0,0,0.137,4.0,31,0,5,0,0.0,0,4,32,0.161,0.188,0.226,0.413,190,83,-0.136,0.42,0.034,,-4.0,27,7,9.0,1,50,8,25,6,21,8,0,22,3,0,-0.363,-4.0
CIN/CIN201408220,"Friday, August 22, 2014",7:11 p.m. Local,Great American Ball Park,31160,4:22,Night,Away,Atlanta Braves,ATL,Cincinnati Reds,CIN,45,3,11,3,2.25,6,10,52,0.244,0.333,0.378,0.711,184,118,-0.208,1.7,1.007,,-2.3,36,16,12.0,0,73,20,25,21,14,10,1,74,1,0,0.708,4.3,38,1,2,1,0.75,6,8,44,0.053,0.182,0.053,0.234,196,109,-0.708,1.41,0.699,,-4.3,36,16,12.0,1,65,20,24,16,14,7,0,51,1,0,0.208,2.3
CIN/CIN201408230,"Saturday, August 23, 2014",9:06 p.m. Local,Great American Ball Park,41502,2:47,Night,Home,Cincinnati Reds,CIN,Atlanta Braves,ATL,29,0,3,0,0.0,3,10,32,0.103,0.188,0.172,0.36,129,94,-0.69,1.0,0.309,,-4.0,24,10,8.0,0,50,18,26,14,5,1,0,71,0,0,0.19,2.5,28,1,5,1,1.12,1,7,31,0.179,0.233,0.214,0.448,146,87,-0.191,1.48,0.4,,-2.5,27,12,9.0,0,52,15,20,12,11,6,0,73,3,0,0.69,4.0
CIN/CIN201408240,"Sunday, August 24, 2014",1:10 p.m. Local,Great American Ball Park,29642,3:13,Day,Home,Cincinnati Reds,CIN,Atlanta Braves,ATL,35,3,9,3,3.0,4,9,40,0.257,0.35,0.4,0.75,148,96,-0.317,0.76,0.445,,-1.0,24,8,8.0,1,54,13,29,17,9,6,0,39,3,1,-0.184,-1.5,32,5,10,5,5.62,3,8,36,0.312,0.361,0.469,0.83,165,93,0.183,1.05,0.524,,1.5,27,12,9.0,1,56,15,22,14,12,6,0,68,3,1,0.317,1.0
CIN/CIN201408260,"Tuesday, August 26, 2014",7:11 p.m. Local,Great American Ball Park,19481,2:42,Night,Away,Chicago Cubs,CHC,Cincinnati Reds,CIN,35,3,8,3,3.0,2,13,37,0.229,0.27,0.4,0.67,138,87,-0.001,0.84,0.447,,-1.0,27,2,9.0,0,46,16,25,9,13,7,0,72,0,0,0.5,4.0,30,0,3,0,0.0,2,9,32,0.1,0.156,0.1,0.256,129,92,-0.5,0.7,0.099,,-4.0,27,6,9.0,2,55,8,29,3,18,11,0,53,2,0,0.001,1.0
CIN/CIN201408270,"Wednesday, August 27, 2014",7:11 p.m. Local,Great American Ball Park,20497,3:19,Night,Home,Cincinnati Reds,CIN,Chicago Cubs,CHC,35,5,11,5,5.0,2,13,38,0.314,0.351,0.514,0.866,136,93,-0.024,0.79,0.897,,1.0,24,11,8.0,1,52,16,25,8,15,8,0,20,2,2,-0.476,-3.5,35,7,13,6,7.88,2,8,39,0.371,0.421,0.514,0.935,143,89,0.476,1.28,0.833,,3.5,27,8,9.0,2,51,16,22,20,8,4,0,56,2,2,0.025,-1.0
CIN/CIN201408280,"Thursday, August 28, 2014",12:37 p.m. Local,Great American Ball Park,21316,3:14,Day,Home,Cincinnati Reds,CIN,Chicago Cubs,CHC,30,2,5,2,2.0,3,11,34,0.167,0.235,0.2,0.435,166,97,-0.203,0.49,0.179,,-2.0,24,6,8.0,0,57,15,25,8,12,4,0,30,0,0,-0.296,-3.5,36,7,11,7,6.75,5,13,41,0.306,0.39,0.417,0.807,151,110,0.296,0.57,0.558,,3.5,27,9,9.0,0,55,20,35,10,13,11,0,68,0,0,0.204,2.0
PIT/PIT201408290,"Friday, August 29, 2014",7:07 p.m. Local,PNC Park,37209,2:30,Night,Home,Pittsburgh Pirates,PIT,Cincinnati Reds,CIN,29,1,4,1,1.0,3,7,34,0.138,0.265,0.138,0.403,94,83,-0.344,1.27,0.672,,-2.9,24,11,8.0,0,46,9,28,13,9,7,0,66,0,0,-0.155,1.5,31,2,9,2,2.25,0,1,31,0.29,0.29,0.387,0.677,130,64,0.157,1.56,0.834,,-1.5,27,15,9.0,0,43,1,20,15,16,6,0,72,2,1,0.345,2.9
PIT/PIT201408300,"Saturday, August 30, 2014",4:07 p.m. Local,PNC Park,38023,2:34,Day,Home,Pittsburgh Pirates,PIT,Cincinnati Reds,CIN,29,2,3,1,1.0,2,7,32,0.103,0.188,0.207,0.394,108,83,-0.432,0.57,0.421,,-1.9,24,9,8.0,1,45,15,24,11,11,3,0,62,0,0,-0.068,0.5,26,3,4,3,3.38,3,7,29,0.154,0.241,0.308,0.549,126,70,0.066,1.29,0.355,,-0.5,27,10,9.0,1,44,11,15,8,11,4,0,63,2,1,0.432,1.9
PIT/PIT201408310,"Sunday, August 31, 2014",1:37 p.m. Local,PNC Park,37591,3:01,Day,Away,Cincinnati Reds,CIN,Pittsburgh Pirates,PIT,32,3,7,3,3.0,3,6,37,0.219,0.286,0.406,0.692,127,87,0.086,1.27,0.854,,-0.9,27,12,9.0,2,49,17,21,15,13,6,0,61,0,0,0.416,1.9,34,2,9,2,2.0,1,8,35,0.265,0.286,0.471,0.756,142,91,-0.418,1.2,0.489,,-1.9,27,14,9.0,2,54,14,23,11,15,6,0,61,1,0,-0.084,0.9
BAL/BAL201409020,"Tuesday, September 2, 2014",7:28 p.m. Local,Oriole Park at Camden Yards,15021,3:07,Night,Home,Baltimore Orioles,BAL,Cincinnati Reds,CIN,35,4,8,4,4.0,2,10,38,0.229,0.289,0.343,0.632,113,93,-0.23,0.43,0.627,,-0.3,24,10,8.0,1,51,17,25,11,14,5,0,28,0,0,-0.271,-1.2,31,5,10,5,5.62,1,4,32,0.323,0.344,0.419,0.763,148,72,0.271,0.94,0.426,,1.2,27,8,9.0,1,41,12,19,14,13,6,0,70,0,0,0.229,0.3
BAL/BAL201409030,"Wednesday, September 3, 2014",7:08 p.m. Local,Oriole Park at Camden Yards,20246,2:36,Night,Home,Baltimore Orioles,BAL,Cincinnati Reds,CIN,32,0,4,0,0.0,1,8,33,0.125,0.152,0.125,0.277,142,83,-0.31,0.33,0.057,,-4.3,24,9,8.0,3,51,12,20,10,14,4,0,50,1,0,-0.19,-2.2,30,6,7,6,6.75,3,5,33,0.233,0.303,0.6,0.903,117,85,0.191,0.48,0.392,,2.2,27,7,9.0,0,49,11,25,11,14,6,0,86,,,0.309,4.3
BAL/BAL201409040,"Thursday, September 4, 2014",7:07 p.m. Local,Oriole Park at Camden Yards,21114,3:26,Night,Home,Baltimore Orioles,BAL,Cincinnati Reds,CIN,37,7,11,6,7.0,3,8,41,0.297,0.341,0.432,0.774,163,104,0.143,0.77,0.771,,2.7,24,11,8.0,3,65,10,29,12,18,7,0,21,3,1,-0.644,-5.2,34,9,12,9,10.12,4,7,39,0.353,0.421,0.676,1.098,171,101,0.645,0.95,0.951,,5.2,27,9,9.0,1,65,17,19,15,13,5,0,54,1,1,-0.146,-2.7
CIN/CIN201409050,"Friday, September 5, 2014",7:10 p.m. Local,Great American Ball Park,29089,3:34,Night,Away,New York Mets,NYM,Cincinnati Reds,CIN,46,14,18,14,14.0,7,9,54,0.391,0.481,0.783,1.264,119,128,0.497,0.65,0.971,,10.0,27,8,9.0,2,80,17,31,16,21,13,0,56,0,0,0.005,-1.0,36,5,11,4,5.0,1,3,38,0.306,0.324,0.472,0.797,218,77,-0.005,0.63,0.425,,1.0,27,9,9.0,5,50,7,20,11,23,14,0,24,6,0,-0.495,-10.0
CIN/CIN201409060,"Saturday, September 6, 2014",4:11 p.m. Local,Great American Ball Park,33762,2:47,Day,Home,Cincinnati Reds,CIN,New York Mets,NYM,32,1,7,1,1.0,4,12,36,0.219,0.306,0.313,0.618,122,93,-0.507,0.93,0.537,,-3.0,24,6,8.0,2,52,13,28,7,13,5,0,60,0,0,0.007,1.5,30,2,7,2,2.25,1,7,31,0.233,0.258,0.433,0.691,153,84,-0.008,1.62,0.576,,-1.5,27,6,9.0,0,50,12,22,9,14,7,0,67,0,0,0.507,3.0
CIN/CIN201409070,"Sunday, September 7, 2014",1:11 p.m. Local,Great American Ball Park,31444,3:34,Day,Away,New York Mets,NYM,Cincinnati Reds,CIN,35,4,8,4,0.0,6,7,41,0.229,0.341,0.429,0.77,153,93,0.191,1.97,0.852,,0.0,27,11,9.0,1,52,10,31,6,22,8,0,62,0,0,0.309,1.0,34,3,9,3,3.0,4,12,40,0.265,0.375,0.412,0.787,167,94,-0.307,0.89,1.069,,-1.0,27,6,9.0,2,48,21,25,12,10,7,0,56,2,0,-0.192,-0.0
CIN/CIN201409080,"Monday, September 8, 2014",7:11 p.m. Local,Great American Ball Park,27612,3:00,Night,Away,St. Louis Cardinals,STL,Cincinnati Reds,CIN,36,5,10,5,5.0,4,8,42,0.278,0.35,0.389,0.739,96,86,0.006,1.01,0.78,,1.0,27,10,9.0,0,49,15,22,13,17,12,0,75,1,0,0.495,4.0,28,0,3,0,0.0,0,4,28,0.107,0.107,0.143,0.25,150,65,-0.496,1.16,0.188,,-4.0,27,8,9.0,1,41,6,18,10,14,7,0,51,9,2,-0.006,-1.0
CIN/CIN201409090,"Tuesday, September 9, 2014",7:10 p.m. Local,Great American Ball Park,25742,3:33,Night,Home,Cincinnati Reds,CIN,St. Louis Cardinals,STL,39,5,14,5,4.0,1,8,42,0.359,0.381,0.487,0.868,156,126,-0.157,0.49,0.531,,1.0,24,5,8.0,1,79,14,33,17,15,13,0,28,6,2,-0.343,-5.5,35,9,12,9,9.0,8,7,44,0.343,0.465,0.571,1.037,192,97,0.345,0.88,0.61,,5.5,27,12,9.0,0,57,16,24,10,19,13,0,50,4,2,0.157,-1.0
CIN/CIN201409100,"Wednesday, September 10, 2014",7:09 p.m. Local,Great American Ball Park,26631,2:51,Night,Home,Cincinnati Reds,CIN,St. Louis Cardinals,STL,30,2,6,2,2.0,3,7,34,0.2,0.294,0.233,0.527,137,89,-0.304,0.97,0.49,,-2.0,24,12,8.0,1,48,16,27,11,12,7,0,39,4,1,-0.196,-0.5,30,4,9,4,3.38,4,8,34,0.3,0.382,0.467,0.849,138,81,0.195,1.06,0.73,,0.5,27,11,9.0,0,47,16,18,12,10,7,0,61,2,0,0.305,2.0
CIN/CIN201409110,"Thursday, September 11, 2014",12:37 p.m. Local,Great American Ball Park,21688,2:12,Day,Home,Cincinnati Reds,CIN,St. Louis Cardinals,STL,28,0,3,0,0.0,2,9,31,0.107,0.194,0.107,0.301,101,82,-0.67,1.11,0.282,,-4.0,24,10,8.0,0,52,11,19,8,11,4,0,77,,,0.169,2.5,25,1,3,1,1.12,1,6,27,0.12,0.154,0.12,0.274,127,64,-0.168,1.38,0.386,,-2.5,27,10,9.0,0,34,13,17,11,9,6,0,82,0,0,0.669,4.0
MIL/MIL201409120,"Friday, September 12, 2014",7:10 p.m. Local,Miller Park,31463,3:01,Night,Home,Milwaukee Brewers,MIL,Cincinnati Reds,CIN,30,2,6,2,2.0,4,9,36,0.2,0.286,0.333,0.619,122,92,-0.323,1.53,0.599,,-2.1,25,10,8.1,0,53,12,27,8,15,4,0,63,0,0,-0.177,-0.4,31,3,5,3,3.24,3,7,34,0.161,0.235,0.226,0.461,145,81,0.176,1.76,0.807,,0.4,27,7,9.0,1,46,12,23,8,16,7,0,60,2,0,0.323,2.1
MIL/MIL201409130,"Saturday, September 13, 2014",6:25 p.m. Local,Miller Park,45205,2:56,Night,Away,Cincinnati Reds,CIN,Milwaukee Brewers,MIL,34,5,10,5,5.0,2,8,38,0.294,0.324,0.382,0.707,118,98,0.166,0.84,0.671,,0.9,27,10,9.0,1,53,14,31,12,16,11,0,66,0,0,0.332,3.1,27,1,2,1,1.0,3,7,32,0.074,0.219,0.185,0.404,156,72,-0.334,0.92,0.279,,-3.1,27,9,9.0,0,42,9,21,8,12,1,0,58,0,0,-0.167,-0.9
MIL/MIL201409140,"Sunday, September 14, 2014",1:10 p.m. Local,Miller Park,41870,3:08,Day,Home,Milwaukee Brewers,MIL,Cincinnati Reds,CIN,33,2,7,2,2.0,3,9,36,0.212,0.278,0.333,0.611,156,88,-0.299,0.81,0.276,,-2.1,24,7,8.0,2,48,19,21,11,13,7,0,44,2,2,-0.199,-5.4,37,9,15,9,10.12,5,5,45,0.405,0.477,0.568,1.045,126,91,0.201,0.76,0.664,,5.4,27,9,9.0,1,59,9,23,15,19,9,0,63,1,0,0.301,2.1
CHN/CHN201409150,"Monday, September 15, 2014",7:05 p.m. Local,Wrigley Field,33144,2:46,Night,Home,Chicago Cubs,CHC,Cincinnati Reds,CIN,26,0,3,0,0.0,5,6,32,0.115,0.258,0.115,0.373,129,75,-0.651,1.21,0.299,,-4.1,24,8,8.0,1,47,8,23,9,12,6,0,69,1,0,0.152,2.6,28,1,6,1,1.12,2,4,30,0.214,0.267,0.321,0.588,135,76,-0.152,1.34,0.581,,-2.6,27,13,9.0,0,45,10,23,13,11,2,0,67,0,0,0.653,4.1
CHN/CHN201409160,"Tuesday, September 16, 2014",7:07 p.m. Local,Wrigley Field,33812,2:36,Night,Home,Chicago Cubs,CHC,Cincinnati Reds,CIN,27,0,1,0,0.0,1,13,28,0.037,0.071,0.074,0.146,149,75,-0.363,0.89,0.05,,-4.1,24,6,8.0,1,31,18,26,6,8,5,0,38,1,0,-0.138,-3.4,30,7,6,7,7.88,5,13,36,0.2,0.333,0.4,0.733,110,93,0.138,0.58,0.54,,3.4,27,8,9.0,0,40,26,27,7,10,4,0,97,,,0.362,4.1
CHN/CHN201409170,"Wednesday, September 17, 2014",7:06 p.m. Local,Wrigley Field,33500,2:33,Night,Home,Chicago Cubs,CHC,Cincinnati Reds,CIN,31,1,7,1,1.0,1,6,35,0.226,0.273,0.258,0.531,129,76,-0.509,0.98,0.483,,-3.1,24,11,8.0,0,44,12,20,16,11,6,0,57,2,0,0.01,0.6,28,3,5,3,3.38,5,7,33,0.179,0.303,0.214,0.517,109,78,-0.009,1.54,0.553,,-0.6,27,13,9.0,0,47,15,16,9,12,6,0,63,0,0,0.51,3.1
SLN/SLN201409190,"Friday, September 19, 2014",7:16 p.m. Local,Busch Stadium III,45074,2:35,Night,Home,St. Louis Cardinals,STL,Cincinnati Reds,CIN,33,1,7,1,1.0,1,7,34,0.212,0.235,0.212,0.447,122,82,-0.602,0.82,0.556,,-3.0,24,4,8.0,2,45,11,26,9,17,8,0,54,0,0,0.104,1.5,29,2,5,2,2.25,3,3,33,0.172,0.273,0.414,0.687,112,74,-0.103,1.71,0.405,,-1.5,27,5,9.0,0,43,5,26,10,16,7,0,68,5,0,0.603,3.0
SLN/SLN201409200,"Saturday, September 20, 2014",6:15 p.m. Local,Busch Stadium III,46157,2:52,Night,Home,St. Louis Cardinals,STL,Cincinnati Reds,CIN,35,4,8,4,4.0,0,5,36,0.229,0.222,0.4,0.622,128,97,-0.129,0.38,0.321,,0.0,24,12,8.0,3,57,14,26,12,19,5,0,35,2,0,-0.37,-4.5,31,8,10,7,7.88,4,8,36,0.323,0.417,0.677,1.094,137,76,0.371,0.7,0.604,,4.5,27,10,9.0,1,45,11,20,12,11,8,0,45,2,0,0.13,-0.0
SLN/SLN201409210,"Sunday, September 21, 2014",7:08 p.m. Local,Busch Stadium III,45747,3:01,Night,Away,Cincinnati Reds,CIN,St. Louis Cardinals,STL,33,7,6,7,7.0,5,11,38,0.182,0.289,0.576,0.865,128,94,0.333,1.04,0.764,,3.0,27,11,9.0,0,53,17,24,8,14,4,0,51,0,0,0.167,2.0,34,2,8,2,2.0,3,8,38,0.235,0.297,0.382,0.68,151,83,-0.167,0.72,0.599,,-2.0,27,6,9.0,4,47,15,21,11,16,8,0,59,3,2,-0.333,-3.0
CIN/CIN201409230,"Tuesday, September 23, 2014",7:10 p.m. Local,Great American Ball Park,27307,2:36,Night,Home,Cincinnati Reds,CIN,Milwaukee Brewers,MIL,29,1,4,1,1.0,2,10,32,0.138,0.219,0.241,0.46,128,83,-0.472,0.59,0.525,,-3.0,24,9,8.0,2,53,15,15,9,10,4,0,53,0,0,-0.029,0.5,27,3,6,3,3.38,1,4,30,0.222,0.25,0.556,0.806,121,78,0.029,1.36,0.368,,-0.5,27,9,9.0,1,51,14,13,9,16,5,0,76,0,0,0.471,3.0
CIN/CIN201409240,"Wednesday, September 24, 2014",7:10 p.m. Local,Great American Ball Park,27033,2:54,Night,Away,Milwaukee Brewers,MIL,Cincinnati Reds,CIN,30,5,6,5,4.0,10,4,41,0.2,0.39,0.3,0.69,106,81,0.069,0.76,0.609,,1.0,27,7,9.0,0,55,7,19,11,17,8,0,89,,,0.43,4.0,28,0,2,0,0.0,0,6,29,0.071,0.071,0.071,0.143,169,72,-0.432,0.86,0.058,,-4.0,27,9,9.0,0,44,12,16,7,16,8,0,45,3,0,-0.07,-1.0
CIN/CIN201409250,"Thursday, September 25, 2014",12:36 p.m. Local,Great American Ball Park,25824,3:11,Day,Home,Cincinnati Reds,CIN,Milwaukee Brewers,MIL,31,3,6,2,3.0,2,3,35,0.194,0.257,0.29,0.547,149,78,-0.174,1.25,0.607,,-1.0,24,5,8.0,1,49,14,15,15,14,7,0,34,0,0,-0.327,-1.5,34,5,10,4,3.38,1,10,37,0.294,0.314,0.412,0.726,128,102,0.325,1.2,0.995,,1.5,27,14,9.0,1,61,13,28,12,14,5,0,59,2,0,0.174,1.0
CIN/CIN201409260,"Friday, September 26, 2014",7:10 p.m. Local,Great American Ball Park,35611,2:49,Night,Away,Pittsburgh Pirates,PIT,Cincinnati Reds,CIN,32,3,6,3,3.0,4,8,36,0.188,0.278,0.344,0.622,116,89,0.089,1.34,0.797,,-1.0,27,9,9.0,0,52,12,26,11,13,7,0,55,1,0,0.409,3.0,36,1,11,1,1.0,0,7,36,0.306,0.306,0.361,0.667,147,86,-0.408,1.02,0.519,,-3.0,27,11,9.0,1,50,17,19,16,13,6,0,73,0,0,-0.09,1.0
CIN/CIN201409270,"Saturday, September 27, 2014",1:05 p.m. Local,Great American Ball Park,35268,3:41,Day,Home,Cincinnati Reds,CIN,Pittsburgh Pirates,PIT,38,6,8,6,5.4,2,11,42,0.211,0.286,0.421,0.707,173,103,0.154,1.58,1.216,,1.6,29,10,9.2,2,61,20,22,11,16,10,0,43,3,3,-0.651,-5.7,36,10,9,10,8.38,7,11,44,0.25,0.386,0.444,0.831,154,98,0.651,1.46,1.676,,5.7,30,8,10.0,1,58,19,22,13,12,7,0,43,0,0,-0.151,-1.6
CIN/CIN201409280,"Sunday, September 28, 2014",1:10 p.m. Local,Great American Ball Park,34424,2:46,Day,Home,Cincinnati Reds,CIN,Pittsburgh Pirates,PIT,34,1,7,1,1.0,0,10,35,0.206,0.229,0.382,0.611,132,86,-0.415,1.01,0.381,,-3.0,24,6,8.0,1,48,19,19,10,14,10,0,77,1,1,-0.086,-0.5,30,4,7,4,4.5,1,12,32,0.233,0.281,0.4,0.681,124,87,0.086,1.11,0.676,,0.5,27,9,9.0,1,43,16,28,9,9,6,0,73,0,0,0.415,3.0
