,date,time,venue,attendance,duration,time_of_day,winner,winning_name,winning_abbr,losing_name,losing_abbr,away_at_bats,away_runs,away_hits,away_rbi,away_earned_runs,away_bases_on_balls,away_strikeouts,away_plate_appearances,away_batting_average,away_on_base_percentage,away_slugging_percentage,away_on_base_plus,away_pitches,away_strikes,away_win_probability_for_offensive_player,away_average_leverage_index,away_win_probability_added,away_win_probability_subtracted,away_base_out_runs_added,away_putouts,away_assists,away_innings_pitched,away_home_runs,away_strikes_by_contact,away_strikes_swinging,away_strikes_looking,away_grounded_balls,away_fly_balls,away_line_drives,away_unknown_bat_type,away_game_score,away_inherited_runners,away_inherited_score,away_win_probability_by_pitcher,away_base_out_runs_saved,home_at_bats,home_runs,home_hits,home_rbi,home_earned_runs,home_bases_on_balls,home_strikeouts,home_plate_appearances,home_batting_average,home_on_base_percentage,home_slugging_percentage,home_on_base_plus,home_pitches,home_strikes,home_win_probability_for_offensive_player,home_average_leverage_index,home_win_probability_added,home_win_probability_subtracted,home_base_out_runs_added,home_putouts,home_assists,home_innings_pitched,home_home_runs,home_strikes_by_contact,home_strikes_swinging,home_strikes_looking,home_grounded_balls,home_fly_balls,home_line_drives,home_unknown_bat_type,home_game_score,home_inherited_runners,home_inherited_score,home_win_probability_by_pitcher,home_base_out_runs_saved
OAK/OAK201403310,"Monday, March 31, 2014",7:09 p.m. Local,O.co Coliseum,36067,3:15,Night,Away,Cleveland Indians,CLE,Oakland Athletics,OAK,33,2,8,2,2.0,4,12,40,0.242,0.333,0.303,0.636,141,103,-0.106,1.67,0.993,,-2.1,27,8,9.0,0,49,24,30,15,8,2,0,74,1,0,0.608,4.1,31,0,5,0,0.0,4,7,36,0.161,0.257,0.194,0.451,161,88,-0.608,1.63,0.526,,-4.1,27,8,9.0,0,53,15,20,11,14,5,0,66,2,0,0.109,2.1
OAK/OAK201404021,"Wednesday, April 2, 2014",12:38 p.m. Local,O.co Coliseum,15134,3:05,Day,Home,Oakland Athletics,OAK,Cleveland Indians,CLE,32,1,5,1,1.0,0,5,32,0.156,0.156,0.219,0.375,172,89,-0.213,0.52,0.052,,-3.1,24,9,8.0,1,52,9,28,14,13,6,0,23,2,0,-0.29,-2.4,35,6,12,6,6.75,5,6,42,0.343,0.415,0.486,0.9,132,101,0.29,0.36,0.519,,2.4,27,11,9.0,0,61,9,31,13,18,11,0,77,1,0,0.211,3.1
OAK/OAK201404022,"Wednesday, April 2, 2014",6:07 p.m. Local,O.co Coliseum,12198,3:33,Night,Away,Cleveland Indians,CLE,Oakland Athletics,OAK,35,6,9,6,6.0,7,4,44,0.257,0.386,0.371,0.758,160,104,0.676,1.15,1.625,,1.9,27,8,9.0,0,67,15,22,9,23,10,0,38,1,0,-0.176,0.1,33,4,7,4,3.0,6,8,39,0.212,0.333,0.303,0.636,177,96,0.176,1.99,0.959,,-0.1,27,4,9.0,1,62,17,17,11,14,4,0,46,4,0,-0.676,-1.9
CLE/CLE201404040,"Friday, April 4, 2014",5:18 p.m. Local,Progressive Field,41274,3:01,Night,Home,Cleveland Indians,CLE,Minnesota Twins,MIN,33,2,9,2,2.0,3,11,37,0.273,0.324,0.455,0.779,131,92,-0.137,0.88,0.372,,-2.3,24,12,8.0,2,51,12,29,6,17,8,0,50,4,2,-0.364,-3.2,33,7,10,7,7.88,4,5,38,0.303,0.378,0.576,0.954,148,77,0.364,0.73,0.872,,3.2,27,7,9.0,1,45,9,23,12,17,10,0,48,0,0,0.138,2.3
CLE/CLE201404050,"Saturday, April 5, 2014",1:06 p.m. Local,Progressive Field,14153,2:50,Day,Away,Minnesota Twins,MIN,Cleveland Indians,CLE,36,7,10,5,6.0,4,12,42,0.278,0.381,0.417,0.798,143,85,0.257,0.67,0.493,,2.7,27,12,9.0,0,37,17,31,14,10,5,0,56,1,0,0.243,1.3,29,3,5,2,3.0,6,4,36,0.172,0.306,0.241,0.547,143,81,-0.243,0.4,0.277,,-1.3,27,12,9.0,1,46,9,26,14,12,2,0,42,1,0,-0.257,-2.7
CLE/CLE201404060,"Sunday, April 6, 2014",1:06 p.m. Local,Progressive Field,13104,3:55,Day,Away,Minnesota Twins,MIN,Cleveland Indians,CLE,32,10,9,8,9.0,8,8,45,0.281,0.455,0.375,0.83,196,106,0.716,1.64,1.299,,5.7,27,12,9.0,1,49,18,39,16,10,4,0,25,3,0,-0.215,-2.7,40,7,15,7,7.0,6,4,46,0.375,0.457,0.55,1.007,194,118,0.214,1.06,1.576,,2.7,27,13,9.0,0,77,3,38,14,22,8,0,26,2,0,-0.715,-5.7
CLE/CLE201404080,"Tuesday, April 8, 2014",7:05 p.m. Local,Progressive Field,9029,3:15,Night,Home,Cleveland Indians,CLE,San Diego Padres,SDP,42,6,15,5,4.0,0,12,42,0.357,0.357,0.619,0.976,138,112,-0.074,0.69,0.626,,1.7,24,12,8.0,1,62,18,32,11,19,11,0,37,1,1,-0.427,-4.2,31,8,8,8,3.38,5,5,37,0.258,0.351,0.419,0.771,170,78,0.427,0.79,0.784,,4.2,27,6,9.0,1,44,11,23,16,11,6,0,50,3,0,0.075,-1.7
CLE/CLE201404091,"Wednesday, April 9, 2014",12:06 p.m. Local,Progressive Field,,2:30,Day,Home,Cleveland Indians,CLE,San Diego Padres,SDP,33,0,6,0,0.0,1,10,34,0.182,0.206,0.273,0.479,129,84,-0.558,0.94,0.396,,-4.3,24,10,8.0,1,47,16,21,8,15,5,0,52,2,0,0.059,1.8,29,2,5,2,1.12,3,4,32,0.172,0.25,0.31,0.56,120,73,-0.059,1.35,0.531,,-1.8,27,6,9.0,0,44,9,20,14,11,3,0,76,2,0,0.558,4.3
CLE/CLE201404092,"Wednesday, April 9, 2014",3:13 p.m. Local,Progressive Field,9930,2:51,Day,Away,San Diego Padres,SDP,Cleveland Indians,CLE,31,2,5,2,1.0,2,10,35,0.161,0.235,0.194,0.429,146,86,-0.179,1.97,0.582,,-2.3,27,6,9.0,0,48,18,21,9,13,6,0,66,1,0,0.68,3.3,32,1,6,1,1.0,2,8,35,0.188,0.229,0.219,0.447,129,94,-0.68,1.23,0.592,,-3.3,27,8,9.0,0,56,14,24,8,18,12,0,64,0,0,0.18,2.3
CHA/CHA201404100,"Thursday, April 10, 2014",7:10 p.m. Local,U.S. Cellular Field,11116,2:52,Night,Home,Chicago White Sox,CHW,Cleveland Indians,CLE,31,3,6,2,3.0,2,6,34,0.194,0.235,0.355,0.59,157,83,-0.027,0.66,0.471,,-1.0,24,4,8.0,3,47,9,27,15,11,4,0,37,2,0,-0.474,-3.4,32,7,9,7,7.88,4,14,36,0.281,0.361,0.625,0.986,136,96,0.473,0.81,0.762,,3.4,27,16,9.0,1,46,18,32,8,10,2,0,50,0,0,0.026,1.0
CHA/CHA201404110,"Friday, April 11, 2014",7:10 p.m. Local,U.S. Cellular Field,13605,3:28,Night,Home,Chicago White Sox,CHW,Cleveland Indians,CLE,36,6,10,6,6.0,5,8,42,0.278,0.366,0.333,0.699,168,109,0.097,0.85,0.94,,2.0,24,9,8.0,0,69,14,26,12,17,6,0,34,2,1,-0.598,-5.4,33,9,11,9,10.12,9,10,43,0.333,0.465,0.424,0.889,181,98,0.6,1.24,1.022,,5.4,27,10,9.0,0,60,16,22,14,10,6,0,46,0,0,-0.098,-2.0
CHA/CHA201404120,"Saturday, April 12, 2014",1:10 p.m. Local,U.S. Cellular Field,27332,3:28,Day,Away,Cleveland Indians,CLE,Chicago White Sox,CHW,39,12,12,12,12.0,8,7,47,0.308,0.426,0.615,1.041,155,105,0.731,1.43,1.465,,8.0,27,10,9.0,1,58,13,34,9,23,9,0,30,2,0,-0.23,-2.0,36,6,8,6,5.0,6,13,43,0.222,0.349,0.333,0.682,189,97,0.23,1.19,1.12,,2.0,27,6,9.0,3,50,22,25,15,7,3,1,31,5,2,-0.731,-8.0
CHA/CHA201404130,"Sunday, April 13, 2014",2:25 p.m. Local,U.S. Cellular Field,14281,3:18,Day,Home,Chicago White Sox,CHW,Cleveland Indians,CLE,33,3,7,2,1.0,5,6,39,0.212,0.316,0.333,0.649,123,99,0.289,1.54,1.372,,-1.0,25,9,8.1,2,63,12,24,14,14,7,0,60,0,0,-0.787,-0.2,33,4,9,4,4.32,2,7,35,0.273,0.314,0.515,0.829,171,83,0.788,1.75,1.702,,0.2,27,10,9.0,1,53,15,15,12,14,5,0,62,0,0,-0.288,1.0
DET/DET201404160,"Wednesday, April 16, 2014",7:08 p.m. Local,Comerica Park,23811,3:23,Night,Away,Cleveland Indians,CLE,Detroit Tigers,DET,31,3,5,2,2.0,5,10,37,0.161,0.297,0.258,0.555,157,100,-0.002,1.81,0.601,,-1.2,27,11,9.0,0,58,10,32,9,12,5,0,62,0,0,0.502,2.2,34,2,9,2,1.0,2,6,36,0.265,0.306,0.324,0.629,161,106,-0.502,0.9,0.937,,-2.2,27,7,9.0,0,70,12,24,13,15,5,0,57,1,0,0.003,1.2
DET/DET201404170,"Thursday, April 17, 2014",1:08 p.m. Local,Comerica Park,25990,3:38,Day,Home,Detroit Tigers,DET,Cleveland Indians,CLE,36,5,10,5,2.0,5,11,41,0.278,0.366,0.361,0.727,138,118,0.02,0.99,1.096,,0.8,24,8,8.0,1,67,19,34,13,12,3,0,32,3,0,-0.521,-3.3,30,7,9,7,6.75,4,4,37,0.3,0.378,0.433,0.812,183,81,0.519,1.58,1.0,,3.3,27,8,9.0,1,52,12,17,9,19,7,0,52,4,1,-0.021,-0.8
CLE/CLE201404180,"Friday, April 18, 2014",7:05 p.m. Local,Progressive Field,16335,3:15,Night,Away,Toronto Blue Jays,TOR,Cleveland Indians,CLE,34,3,9,3,3.0,4,12,39,0.265,0.342,0.294,0.636,159,100,0.091,2.08,0.887,,-1.3,27,3,9.0,1,51,15,34,15,8,4,0,53,1,0,0.411,2.3,37,2,10,2,2.0,4,14,41,0.27,0.341,0.432,0.774,148,101,-0.411,1.39,1.081,,-2.3,27,11,9.0,0,58,18,25,8,15,5,0,60,4,2,-0.089,1.3
CLE/CLE201404190,"Saturday, April 19, 2014",1:04 p.m. Local,Progressive Field,15188,2:42,Day,Away,Toronto Blue Jays,TOR,Cleveland Indians,CLE,36,5,9,5,4.0,4,6,40,0.25,0.325,0.361,0.686,142,94,0.169,0.71,0.466,,0.7,27,12,9.0,0,51,13,30,15,15,2,0,69,2,0,0.332,4.3,29,0,4,0,0.0,4,7,34,0.138,0.265,0.138,0.403,144,80,-0.332,0.5,0.194,,-4.3,27,9,9.0,0,40,12,28,11,11,4,0,38,1,0,-0.169,-0.7
CLE/CLE201404200,"Sunday, April 20, 2014",1:05 p.m. Local,Progressive Field,11716,2:55,Day,Home,Cleveland Indians,CLE,Toronto Blue Jays,TOR,34,4,9,4,4.0,5,8,40,0.265,0.359,0.294,0.653,151,89,-0.013,1.06,0.819,,-0.3,24,8,8.0,1,48,13,28,12,15,8,0,57,3,0,-0.485,-2.2,27,6,5,6,6.75,6,7,34,0.185,0.324,0.37,0.694,140,94,0.485,1.34,1.011,,2.2,27,8,9.0,0,59,11,24,8,13,8,0,43,1,0,0.015,0.3
CLE/CLE201404210,"Monday, April 21, 2014",7:05 p.m. Local,Progressive Field,10789,2:37,Night,Home,Cleveland Indians,CLE,Kansas City Royals,KCR,32,3,6,2,2.0,1,4,34,0.188,0.212,0.344,0.556,123,90,-0.276,0.98,0.737,,-1.3,24,6,8.0,2,60,7,23,14,15,9,0,40,2,0,-0.223,-0.2,34,4,11,4,4.5,0,3,34,0.324,0.324,0.647,0.971,128,86,0.223,1.35,0.831,,0.2,27,14,9.0,0,58,5,23,11,20,7,0,51,1,0,0.276,1.3
CLE/CLE201404220,"Tuesday, April 22, 2014",7:08 p.m. Local,Progressive Field,8848,3:34,Night,Away,Kansas City Royals,KCR,Cleveland Indians,CLE,38,8,13,8,7.0,6,7,44,0.342,0.432,0.526,0.958,159,99,0.341,0.85,0.82,,3.7,27,6,9.0,0,59,12,29,15,16,8,0,62,0,0,0.161,2.3,37,2,9,2,1.0,1,11,39,0.243,0.282,0.297,0.579,170,100,-0.159,0.67,0.441,,-2.3,27,10,9.0,1,56,12,32,14,12,6,0,35,4,0,-0.339,-3.7
CLE/CLE201404230,"Wednesday, April 23, 2014",7:04 p.m. Local,Progressive Field,9311,3:05,Night,Home,Cleveland Indians,CLE,Kansas City Royals,KCR,37,3,10,3,2.0,2,9,39,0.27,0.308,0.432,0.74,150,91,-0.214,1.16,0.874,,-1.3,24,9,8.0,0,47,15,29,19,9,5,0,50,0,0,-0.286,-1.2,33,5,11,4,4.5,4,5,38,0.333,0.421,0.424,0.845,136,92,0.286,1.57,1.095,,1.2,27,14,9.0,2,49,13,30,10,18,12,0,51,5,0,0.214,1.3
CLE/CLE201404240,"Thursday, April 24, 2014",12:06 p.m. Local,Progressive Field,10440,2:15,Day,Home,Cleveland Indians,CLE,Kansas City Royals,KCR,31,1,4,0,0.0,0,11,31,0.129,0.129,0.129,0.258,115,75,-0.331,0.66,0.09,,-3.3,24,4,8.0,0,34,11,30,17,3,1,0,32,1,0,-0.169,-1.2,29,5,7,5,5.62,1,6,31,0.241,0.267,0.345,0.611,101,74,0.171,0.6,0.497,,1.2,27,13,9.0,0,51,8,15,9,15,2,0,88,,,0.33,3.3
SFN/SFN201404250,"Friday, April 25, 2014",7:14 p.m. Local,AT&T Park,41296,2:42,Night,Home,San Francisco Giants,SFG,Cleveland Indians,CLE,33,1,5,1,1.0,4,8,37,0.152,0.243,0.212,0.455,128,85,-0.23,0.49,0.324,,-2.8,24,9,8.0,1,42,10,33,13,12,7,0,51,1,0,-0.269,-1.6,29,5,7,5,5.62,1,8,31,0.241,0.258,0.483,0.741,142,81,0.268,0.8,0.46,,1.6,27,10,9.0,0,52,14,15,10,12,4,0,68,0,0,0.231,2.8
SFN/SFN201404260,"Saturday, April 26, 2014",1:05 p.m. Local,AT&T Park,42088,2:47,Day,Home,San Francisco Giants,SFG,Cleveland Indians,CLE,35,3,9,3,2.0,3,5,39,0.257,0.333,0.343,0.676,118,90,-0.124,1.09,0.515,,-0.8,24,2,8.0,1,51,13,26,15,15,10,0,46,0,0,-0.376,-1.6,29,5,6,5,5.62,1,10,32,0.207,0.25,0.345,0.595,148,83,0.376,0.98,0.787,,1.6,27,11,9.0,0,42,17,24,6,14,4,0,37,4,0,0.124,0.8
SFN/SFN201404270,"Sunday, April 27, 2014",1:05 p.m. Local,AT&T Park,41530,2:43,Day,Home,San Francisco Giants,SFG,Cleveland Indians,CLE,29,1,3,1,1.0,2,8,31,0.103,0.161,0.207,0.368,131,75,-0.374,1.32,0.419,,-2.8,26,10,8.2,1,37,23,15,12,9,1,0,70,1,0,-0.128,-0.3,32,4,8,4,4.15,2,10,35,0.25,0.294,0.438,0.732,130,84,0.126,1.24,0.83,,0.3,27,9,9.0,1,42,23,19,11,12,6,0,77,0,0,0.373,2.8
ANA/ANA201404280,"Monday, April 28, 2014",7:08 p.m. Local,Angel Stadium of Anaheim,37654,2:39,Night,Home,Los Angeles Angels of Anaheim,LAA,Cleveland Indians,CLE,32,3,5,3,3.0,2,6,34,0.156,0.206,0.281,0.487,125,90,-0.113,1.17,0.496,,-1.0,24,12,8.0,0,50,9,31,9,17,8,0,45,1,0,-0.387,-2.5,29,6,7,6,5.62,3,7,34,0.241,0.313,0.414,0.726,136,81,0.387,0.94,0.948,,2.5,27,5,9.0,1,41,15,25,17,7,4,0,62,0,0,0.112,1.0
ANA/ANA201404290,"Tuesday, April 29, 2014",7:07 p.m. Local,Angel Stadium of Anaheim,35131,3:36,Night,Home,Los Angeles Angels of Anaheim,LAA,Cleveland Indians,CLE,34,4,10,4,4.0,5,10,40,0.294,0.375,0.412,0.787,161,88,-0.262,0.99,0.931,,0.0,24,9,8.0,0,42,13,33,11,14,6,0,35,6,1,-0.239,-2.5,35,6,12,6,5.62,7,7,44,0.343,0.465,0.343,0.808,145,96,0.24,1.68,0.881,,2.5,27,8,9.0,1,60,14,22,15,14,7,0,49,7,2,0.26,-0.0
ANA/ANA201404300,"Wednesday, April 30, 2014",4:09 p.m. Local,Angel Stadium of Anaheim,33334,2:46,Day,Home,Los Angeles Angels of Anaheim,LAA,Cleveland Indians,CLE,28,1,3,1,1.0,1,8,30,0.107,0.167,0.143,0.31,145,76,-0.177,0.6,0.246,,-3.0,24,10,8.0,1,39,13,25,10,10,4,0,38,4,4,-0.323,-3.5,30,7,8,7,6.75,4,7,36,0.267,0.361,0.433,0.794,126,97,0.324,0.66,0.638,,3.5,27,12,9.0,0,58,11,28,14,10,4,0,81,0,0,0.177,3.0
CLE/CLE201405020,"Friday, May 2, 2014",7:06 p.m. Local,Progressive Field,15518,3:26,Night,Home,Cleveland Indians,CLE,Chicago White Sox,CHW,36,5,10,3,3.0,4,9,40,0.278,0.35,0.389,0.739,168,100,0.036,0.42,0.754,,0.7,24,11,8.0,2,57,20,23,18,9,5,0,15,2,2,-0.537,-8.2,37,12,13,11,11.25,6,4,43,0.351,0.442,0.622,1.063,164,91,0.537,0.91,0.712,,8.2,27,15,9.0,1,57,6,28,14,19,9,0,40,4,1,-0.036,-0.7
CLE/CLE201405030,"Saturday, May 3, 2014",6:05 p.m. Local,Progressive Field,15834,2:38,Night,Home,Cleveland Indians,CLE,Chicago White Sox,CHW,31,0,5,0,0.0,1,8,33,0.161,0.212,0.226,0.438,127,81,-0.555,0.8,0.541,,-4.3,24,13,8.0,0,46,14,21,14,9,2,0,57,0,0,0.056,1.8,27,2,5,1,0.0,1,0,31,0.185,0.233,0.222,0.456,129,75,-0.056,1.44,0.384,,-1.8,27,10,9.0,0,46,3,26,18,11,0,0,75,1,0,0.556,4.3
CLE/CLE201405040,"Sunday, May 4, 2014",1:05 p.m. Local,Progressive Field,13455,2:55,Day,Away,Chicago White Sox,CHW,Cleveland Indians,CLE,29,4,4,4,4.0,4,15,34,0.138,0.242,0.345,0.587,164,86,0.383,0.96,1.055,,-0.3,27,14,9.0,2,38,27,21,7,8,4,0,36,2,0,0.118,1.3,36,3,9,3,3.0,5,4,42,0.25,0.357,0.444,0.802,139,95,-0.118,1.06,0.602,,-1.3,27,8,9.0,2,51,7,37,19,13,5,0,83,0,0,-0.382,0.3
CLE/CLE201405050,"Monday, May 5, 2014",7:05 p.m. Local,Progressive Field,9037,3:09,Night,Away,Minnesota Twins,MIN,Cleveland Indians,CLE,38,1,8,1,0.9,2,11,41,0.211,0.25,0.342,0.592,144,108,-0.365,1.28,0.814,,-3.8,30,10,10.0,0,61,11,36,15,13,7,0,71,0,0,0.865,4.8,31,0,3,0,0.0,3,3,34,0.097,0.176,0.129,0.306,165,82,-0.864,1.43,0.191,,-4.8,30,10,10.0,1,52,5,25,8,20,10,0,71,4,0,0.364,3.8
CLE/CLE201405060,"Tuesday, May 6, 2014",7:05 p.m. Local,Progressive Field,9621,2:28,Night,Home,Cleveland Indians,CLE,Minnesota Twins,MIN,34,2,5,2,1.0,1,8,35,0.147,0.171,0.265,0.436,110,98,-0.294,0.43,0.225,,-2.3,24,12,8.0,0,55,10,33,10,16,6,0,41,0,0,-0.206,-0.2,30,4,6,3,3.38,2,3,32,0.2,0.25,0.267,0.517,141,70,0.207,0.69,0.406,,0.2,27,7,9.0,1,38,10,22,16,11,6,0,65,1,0,0.295,2.3
CLE/CLE201405070,"Wednesday, May 7, 2014",7:06 p.m. Local,Progressive Field,10742,2:57,Night,Home,Cleveland Indians,CLE,Minnesota Twins,MIN,35,3,9,3,3.0,2,10,38,0.257,0.289,0.371,0.661,138,91,-0.217,1.31,0.65,,-1.3,26,6,8.2,1,45,21,25,8,18,11,0,56,0,0,-0.283,0.1,33,4,9,4,4.15,1,10,36,0.273,0.294,0.455,0.749,146,93,0.282,1.42,1.065,,-0.1,27,5,9.0,0,55,16,22,7,18,11,0,55,2,2,0.217,1.3
CLE/CLE201405080,"Thursday, May 8, 2014",12:05 p.m. Local,Progressive Field,13095,3:14,Day,Home,Cleveland Indians,CLE,Minnesota Twins,MIN,32,4,5,4,2.0,5,9,38,0.156,0.289,0.188,0.477,162,86,-0.109,0.61,0.694,,-0.3,24,12,8.0,2,45,13,28,14,9,4,0,32,6,2,-0.388,-5.2,36,9,15,9,9.0,5,8,43,0.417,0.476,0.778,1.254,144,98,0.389,1.17,0.682,,5.2,27,9,9.0,0,63,12,24,11,18,13,0,56,2,1,0.111,0.3
TBA/TBA201405090,"Friday, May 9, 2014",7:10 p.m. Local,Tropicana Field,17541,4:10,Night,Away,Cleveland Indians,CLE,Tampa Bay Rays,TBR,38,6,11,6,6.0,3,13,43,0.289,0.357,0.605,0.962,161,125,0.417,0.98,1.419,,2.0,27,8,9.0,0,67,28,30,12,14,9,0,57,5,0,0.084,1.0,36,3,12,3,3.0,2,13,39,0.333,0.359,0.444,0.803,187,99,-0.083,1.43,0.578,,-1.0,27,8,9.0,3,51,18,32,10,14,10,0,66,4,2,-0.415,-2.0
TBA/TBA201405100,"Saturday, May 10, 2014",7:09 p.m. Local,Tropicana Field,29212,3:03,Night,Home,Tampa Bay Rays,TBR,Cleveland Indians,CLE,28,1,3,1,1.0,4,6,33,0.107,0.212,0.143,0.355,128,84,-0.285,0.51,0.218,,-3.0,24,7,8.0,0,44,10,30,7,16,2,0,28,3,1,-0.217,-3.4,31,7,10,7,7.88,3,5,37,0.323,0.378,0.419,0.798,143,81,0.215,0.77,0.463,,3.4,27,6,9.0,0,47,5,29,8,20,7,0,71,0,0,0.284,3.0
TBA/TBA201405110,"Sunday, May 11, 2014",1:41 p.m. Local,Tropicana Field,23679,3:48,Day,Away,Cleveland Indians,CLE,Tampa Bay Rays,TBR,36,6,12,6,6.0,6,5,43,0.333,0.419,0.583,1.002,163,110,0.289,1.53,0.767,,2.0,27,11,9.0,1,66,17,27,19,13,7,0,54,3,2,0.212,-1.0,36,5,9,5,3.0,1,6,39,0.25,0.282,0.361,0.643,179,100,-0.214,0.72,0.816,,1.0,27,17,9.0,2,56,12,32,14,17,10,0,33,2,0,-0.288,-2.0
TOR/TOR201405130,"Tuesday, May 13, 2014",7:08 p.m. Local,Rogers Centre,13673,2:29,Night,Home,Toronto Blue Jays,TOR,Cleveland Indians,CLE,34,4,8,4,2.0,2,9,38,0.235,0.289,0.235,0.525,115,97,-0.332,0.76,0.742,,-0.2,24,12,8.0,1,55,14,28,8,18,10,0,37,3,0,-0.169,-1.3,29,5,6,5,5.62,4,7,34,0.207,0.294,0.448,0.742,146,73,0.172,1.66,0.587,,1.3,27,6,9.0,0,37,15,21,15,8,1,0,56,3,2,0.331,0.2
TOR/TOR201405140,"Wednesday, May 14, 2014",7:08 p.m. Local,Rogers Centre,14068,3:37,Night,Away,Cleveland Indians,CLE,Toronto Blue Jays,TOR,49,15,22,15,14.0,5,5,54,0.449,0.5,0.755,1.255,140,135,0.292,0.63,0.853,,10.8,27,8,9.0,0,89,13,33,19,25,16,0,69,0,0,0.207,0.2,35,4,8,4,4.0,1,10,36,0.229,0.25,0.371,0.621,210,95,-0.207,0.64,0.257,,-0.2,27,11,9.0,2,50,14,31,11,14,10,0,29,3,2,-0.293,-10.8
TOR/TOR201405150,"Thursday, May 15, 2014",7:07 p.m. Local,Rogers Centre,17364,3:23,Night,Home,Toronto Blue Jays,TOR,Cleveland Indians,CLE,35,2,9,2,2.0,3,6,38,0.257,0.316,0.4,0.716,176,95,-0.313,0.53,0.57,,-2.2,24,9,8.0,3,56,10,29,13,15,6,1,45,2,0,-0.187,-0.3,32,4,9,4,4.5,5,7,38,0.281,0.395,0.656,1.051,144,107,0.187,1.23,0.533,,0.3,27,6,9.0,1,69,15,23,10,15,4,0,58,2,0,0.313,2.2
CLE/CLE201405160,"Friday, May 16, 2014",7:06 p.m. Local,Progressive Field,21389,3:07,Night,Away,Oakland Athletics,OAK,Cleveland Indians,CLE,38,11,13,11,11.0,5,10,43,0.342,0.419,0.711,1.129,143,104,0.521,0.16,0.601,,6.7,27,6,9.0,1,57,13,34,15,13,7,0,70,0,0,-0.019,3.3,30,1,3,1,1.0,4,12,34,0.1,0.206,0.2,0.406,173,87,0.02,0.32,0.127,,-3.3,27,11,9.0,4,41,16,30,10,8,4,0,12,1,0,-0.52,-6.7
CLE/CLE201405170,"Saturday, May 17, 2014",7:05 p.m. Local,Progressive Field,18358,3:00,Night,Away,Oakland Athletics,OAK,Cleveland Indians,CLE,36,6,8,6,3.0,2,2,38,0.222,0.263,0.444,0.708,122,90,0.319,1.13,0.744,,1.7,27,13,9.0,0,63,7,20,15,19,6,0,46,2,0,0.181,2.3,30,2,7,1,2.0,3,7,34,0.233,0.294,0.267,0.561,137,84,-0.182,0.67,0.51,,-2.3,27,11,9.0,1,43,14,27,13,11,6,0,51,2,2,-0.319,-1.7
CLE/CLE201405180,"Sunday, May 18, 2014",1:04 p.m. Local,Progressive Field,14872,3:21,Day,Away,Oakland Athletics,OAK,Cleveland Indians,CLE,38,13,12,13,11.0,9,6,47,0.316,0.447,0.553,0.999,177,93,0.396,0.62,0.887,,8.7,27,11,9.0,2,57,13,23,13,19,8,0,50,3,0,0.105,1.3,34,3,8,3,3.0,7,7,42,0.235,0.381,0.441,0.822,163,103,-0.105,0.63,0.39,,-1.3,27,10,9.0,0,54,16,33,14,13,4,0,17,4,1,-0.395,-8.7
CLE/CLE201405190,"Monday, May 19, 2014",7:10 p.m. Local,Progressive Field,12709,3:51,Night,Home,Cleveland Indians,CLE,Detroit Tigers,DET,39,4,10,4,3.6,2,10,41,0.256,0.293,0.513,0.806,194,93,-0.031,1.45,1.238,,-0.8,29,12,9.2,1,49,21,23,12,17,9,0,42,0,0,-0.469,-0.3,40,5,14,4,4.66,6,9,48,0.35,0.438,0.475,0.913,133,117,0.467,1.59,1.496,,0.3,30,8,10.0,2,62,18,37,16,16,10,0,55,1,0,0.032,0.8
CLE/CLE201405200,"Tuesday, May 20, 2014",7:06 p.m. Local,Progressive Field,13924,3:06,Night,Home,Cleveland Indians,CLE,Detroit Tigers,DET,30,2,7,2,2.0,3,7,33,0.233,0.303,0.467,0.77,150,86,-0.168,0.57,0.386,,-2.3,24,6,8.0,1,51,15,20,10,13,8,0,29,0,0,-0.331,-2.2,34,6,12,6,6.75,3,5,37,0.353,0.405,0.588,0.994,129,84,0.332,0.79,0.623,,2.2,27,12,9.0,2,57,13,14,8,21,12,0,52,1,0,0.169,2.3
CLE/CLE201405210,"Wednesday, May 21, 2014",12:07 p.m. Local,Progressive Field,19228,5:16,Day,Home,Cleveland Indians,CLE,Detroit Tigers,DET,51,10,13,9,5.54,10,13,63,0.255,0.365,0.49,0.855,206,161,0.556,1.88,2.049,,3.8,38,11,12.2,2,90,32,39,16,24,7,0,28,2,1,-1.054,-5.4,50,11,17,10,7.82,6,9,59,0.34,0.414,0.56,0.974,269,129,1.056,1.52,2.777,,5.4,39,10,13.0,3,76,12,41,13,30,6,0,28,7,0,-0.554,-3.8
BAL/BAL201405220,"Thursday, May 22, 2014",7:08 p.m. Local,Oriole Park at Camden Yards,18894,4:22,Night,Away,Cleveland Indians,CLE,Baltimore Orioles,BAL,51,8,14,7,5.54,2,7,54,0.275,0.302,0.451,0.753,207,134,0.372,1.86,1.746,,1.8,39,17,13.0,2,78,19,37,24,21,9,0,32,4,0,0.127,-0.8,48,7,13,7,4.15,6,10,57,0.271,0.368,0.438,0.806,194,123,-0.128,1.64,1.775,,0.8,39,18,13.0,2,75,16,32,20,20,10,0,39,1,0,-0.372,-1.8
BAL/BAL201405230,"Friday, May 23, 2014",7:09 p.m. Local,Oriole Park at Camden Yards,39602,2:43,Night,Home,Baltimore Orioles,BAL,Cleveland Indians,CLE,32,4,7,4,4.0,4,7,36,0.219,0.306,0.406,0.712,111,92,-0.007,0.85,0.721,,-0.3,24,17,8.0,2,54,14,25,10,15,4,0,29,0,0,-0.493,-4.2,34,8,14,7,5.62,4,1,39,0.412,0.487,0.735,1.222,143,74,0.492,1.09,0.979,,4.2,27,10,9.0,1,44,13,17,20,13,6,0,47,1,0,0.007,0.3
BAL/BAL201405240,"Saturday, May 24, 2014",12:37 p.m. Local,Oriole Park at Camden Yards,36873,3:05,Day,Away,Cleveland Indians,CLE,Baltimore Orioles,BAL,35,9,11,7,9.0,6,7,43,0.314,0.429,0.457,0.886,134,103,0.243,0.48,0.592,,4.7,27,9,9.0,0,69,10,24,16,13,6,0,74,0,0,0.259,4.3,35,0,8,0,0.0,2,11,37,0.229,0.27,0.257,0.527,174,94,-0.258,0.65,0.123,,-4.3,27,12,9.0,1,46,21,27,13,11,5,0,32,4,4,-0.241,-4.7
BAL/BAL201405250,"Sunday, May 25, 2014",1:37 p.m. Local,Oriole Park at Camden Yards,37649,3:12,Day,Home,Baltimore Orioles,BAL,Cleveland Indians,CLE,28,2,5,2,2.0,5,8,36,0.179,0.306,0.179,0.484,162,89,-0.322,0.88,0.432,,-2.3,24,8,8.0,2,49,11,29,12,10,3,0,40,1,0,-0.178,-0.2,33,4,9,4,4.5,4,11,37,0.273,0.351,0.515,0.867,155,96,0.177,1.13,0.748,,0.2,27,10,9.0,0,51,20,25,9,13,4,0,56,0,0,0.322,2.3
CHA/CHA201405260,"Monday, May 26, 2014",1:12 p.m. Local,U.S. Cellular Field,17075,3:22,Day,Home,Chicago White Sox,CHW,Cleveland Indians,CLE,34,2,8,2,2.0,3,8,37,0.235,0.297,0.235,0.533,154,99,-0.153,0.67,0.493,,-2.0,24,5,8.0,1,53,15,31,16,10,4,0,50,5,2,-0.346,-2.4,34,6,9,6,3.38,1,12,35,0.265,0.286,0.441,0.727,163,109,0.346,1.0,0.717,,2.4,27,13,9.0,0,60,20,29,8,14,6,0,57,3,0,0.154,2.0
CHA/CHA201405270,"Tuesday, May 27, 2014",7:51 p.m. Local,U.S. Cellular Field,14237,3:05,Night,Home,Chicago White Sox,CHW,Cleveland Indians,CLE,32,1,8,1,1.0,1,6,33,0.25,0.273,0.25,0.523,152,92,-0.569,0.88,0.58,,-3.0,24,7,8.0,1,56,8,28,12,14,4,0,48,1,0,0.067,1.6,32,2,8,2,2.25,4,7,36,0.25,0.333,0.406,0.74,139,93,-0.067,1.6,0.444,,-1.6,27,11,9.0,0,54,17,22,14,11,5,0,62,2,1,0.568,3.0
CHA/CHA201405280,"Wednesday, May 28, 2014",7:10 p.m. Local,U.S. Cellular Field,14228,2:46,Night,Home,Chicago White Sox,CHW,Cleveland Indians,CLE,33,2,7,2,2.0,1,5,35,0.212,0.235,0.303,0.538,147,79,-0.095,1.89,0.75,,-2.0,25,10,8.1,0,49,10,20,9,20,9,0,66,3,1,-0.406,0.6,32,3,8,3,2.16,3,8,36,0.25,0.306,0.25,0.556,118,93,0.406,1.54,1.2,,-0.6,27,5,9.0,1,57,18,18,15,10,6,0,69,1,0,0.095,2.0
CLE/CLE201405300,"Friday, May 30, 2014",7:07 p.m. Local,Progressive Field,25066,3:07,Night,Home,Cleveland Indians,CLE,Colorado Rockies,COL,31,2,5,2,2.0,1,15,32,0.161,0.188,0.29,0.478,141,88,-0.158,0.77,0.405,,-2.3,24,11,8.0,1,39,18,31,7,9,6,0,28,1,0,-0.343,-1.2,33,5,10,5,5.62,2,4,35,0.303,0.343,0.485,0.828,126,91,0.343,0.86,0.724,,1.2,27,7,9.0,1,54,13,24,16,13,10,0,71,0,0,0.157,2.3
CLE/CLE201405310,"Saturday, May 31, 2014",3:06 p.m. Local,Progressive Field,20174,3:05,Day,Home,Cleveland Indians,CLE,Colorado Rockies,COL,34,6,8,5,6.0,2,11,36,0.235,0.278,0.441,0.719,129,99,-0.077,0.9,0.832,,1.7,24,8,8.0,2,57,18,24,11,12,3,0,29,0,0,-0.422,-3.2,33,7,11,7,7.88,3,6,37,0.333,0.389,0.515,0.904,147,83,0.421,1.24,0.873,,3.2,27,9,9.0,2,50,12,21,13,15,4,0,63,2,2,0.079,-1.7
CLE/CLE201406010,"Sunday, June 1, 2014",1:05 p.m. Local,Progressive Field,16682,3:11,Day,Home,Cleveland Indians,CLE,Colorado Rockies,COL,32,4,7,4,3.0,2,12,37,0.219,0.257,0.375,0.632,133,101,-0.186,1.31,0.706,,-0.3,25,6,8.1,1,55,21,25,14,9,5,0,44,0,0,-0.315,-1.9,29,6,7,6,6.48,5,6,37,0.241,0.333,0.379,0.713,154,81,0.316,1.59,0.937,,1.9,27,11,9.0,1,45,7,29,10,16,7,0,58,1,0,0.185,0.3
CLE/CLE201406020,"Monday, June 2, 2014",7:05 p.m. Local,Progressive Field,14078,2:21,Night,Home,Cleveland Indians,CLE,Boston Red Sox,BOS,30,2,5,2,2.0,4,11,34,0.167,0.265,0.267,0.531,96,87,-0.419,0.59,0.36,,-2.3,24,12,8.0,0,39,15,33,10,9,4,0,55,,,-0.08,0.8,29,3,8,3,3.38,2,3,31,0.276,0.323,0.345,0.667,135,63,0.08,1.09,0.401,,-0.8,27,10,9.0,1,38,4,21,17,9,4,0,77,0,0,0.419,2.3
CLE/CLE201406030,"Tuesday, June 3, 2014",7:05 p.m. Local,Progressive Field,18738,3:09,Night,Home,Cleveland Indians,CLE,Boston Red Sox,BOS,36,3,10,3,3.0,3,8,41,0.278,0.366,0.417,0.783,138,100,-0.153,0.87,0.928,,-1.3,24,9,8.0,0,51,19,30,12,16,10,0,39,5,2,-0.348,-1.2,33,5,11,4,5.62,1,5,35,0.333,0.353,0.364,0.717,152,95,0.347,1.5,0.771,,1.2,27,10,9.0,1,63,10,22,17,12,4,0,51,4,1,0.152,1.3
CLE/CLE201406040,"Wednesday, June 4, 2014",9:33 p.m. Local,Progressive Field,20209,4:29,Night,Home,Cleveland Indians,CLE,Boston Red Sox,BOS,42,4,7,4,3.0,2,14,48,0.167,0.255,0.262,0.517,181,118,-0.399,1.62,1.044,,-1.7,34,12,11.1,1,54,21,43,15,14,5,0,48,4,2,-0.102,-1.5,43,7,11,7,5.56,3,9,47,0.256,0.304,0.349,0.653,183,116,0.102,1.64,1.296,,1.5,36,13,12.0,1,73,17,26,16,19,8,0,49,1,0,0.399,1.7
TEX/TEX201406060,"Friday, June 6, 2014",7:07 p.m. Local,Globe Life Park in Arlington,38348,3:01,Night,Home,Texas Rangers,TEX,Cleveland Indians,CLE,36,4,10,4,4.0,4,11,40,0.278,0.35,0.472,0.822,122,88,-0.248,0.91,0.766,,-0.4,24,6,8.0,2,45,15,28,13,12,5,0,51,3,1,-0.253,-2.1,27,6,7,6,6.75,3,9,32,0.259,0.313,0.519,0.831,145,71,0.251,1.28,0.76,,2.1,27,7,9.0,2,37,13,21,7,13,7,0,48,0,0,0.248,0.3
TEX/TEX201406070,"Saturday, June 7, 2014",3:08 p.m. Local,Globe Life Park in Arlington,34633,2:53,Day,Away,Cleveland Indians,CLE,Texas Rangers,TEX,37,8,12,8,8.0,4,2,42,0.324,0.381,0.541,0.921,111,86,0.46,0.88,1.141,,3.7,27,9,9.0,0,62,2,22,14,22,8,0,61,1,0,0.039,1.3,33,3,8,2,3.0,0,5,34,0.242,0.235,0.273,0.508,139,76,-0.039,1.16,0.481,,-1.3,27,11,9.0,2,43,9,24,12,17,9,0,33,2,2,-0.462,-3.7
TEX/TEX201406080,"Sunday, June 8, 2014",2:08 p.m. Local,Globe Life Park in Arlington,34613,3:09,Day,Away,Cleveland Indians,CLE,Texas Rangers,TEX,34,3,10,3,2.0,5,6,40,0.294,0.375,0.324,0.699,148,89,-0.02,1.63,0.817,,-1.4,27,11,9.0,0,53,8,28,13,16,10,0,55,1,0,0.519,2.3,31,2,6,1,2.0,3,9,35,0.194,0.286,0.29,0.576,145,92,-0.52,1.32,0.69,,-2.3,27,12,9.0,0,43,20,31,13,9,4,0,40,3,2,0.019,1.3
TEX/TEX201406090,"Monday, June 9, 2014",7:08 p.m. Local,Globe Life Park in Arlington,29362,3:20,Night,Away,Cleveland Indians,CLE,Texas Rangers,TEX,43,17,18,17,17.0,3,11,47,0.419,0.447,0.837,1.284,159,118,0.557,0.4,0.623,,12.7,27,12,9.0,2,68,19,31,10,23,12,0,25,1,0,-0.056,-2.7,38,7,11,6,6.0,2,7,40,0.289,0.325,0.553,0.878,180,98,0.058,0.31,0.28,,2.7,27,6,9.0,5,56,14,28,22,9,5,0,10,0,0,-0.557,-12.7
KCA/KCA201406100,"Tuesday, June 10, 2014",7:11 p.m. Local,Kauffman Stadium,25540,3:00,Night,Home,Kansas City Royals,KCR,Cleveland Indians,CLE,35,5,10,5,5.0,0,6,39,0.286,0.333,0.4,0.733,140,97,-0.222,0.47,0.177,,0.7,24,12,8.0,3,49,13,35,13,17,8,0,40,2,1,-0.279,-5.1,35,9,11,9,6.75,4,5,39,0.314,0.385,0.571,0.956,140,88,0.278,0.49,0.476,,5.1,27,10,9.0,0,55,11,22,15,15,8,0,60,2,1,0.221,-0.7
KCA/KCA201406110,"Wednesday, June 11, 2014",1:10 p.m. Local,Kauffman Stadium,19938,2:53,Day,Home,Kansas City Royals,KCR,Cleveland Indians,CLE,35,1,8,1,1.0,1,6,36,0.229,0.25,0.229,0.479,153,88,-0.373,0.6,0.485,,-3.4,24,7,8.0,0,51,16,21,18,11,5,0,42,0,0,-0.125,-0.1,31,4,11,4,4.5,1,3,36,0.355,0.333,0.452,0.785,125,101,0.126,1.27,0.404,,0.1,27,12,9.0,0,65,8,28,14,18,9,0,64,0,0,0.375,3.3
BOS/BOS201406120,"Thursday, June 12, 2014",7:11 p.m. Local,Fenway Park,37750,3:08,Night,Home,Boston Red Sox,BOS,Cleveland Indians,CLE,34,2,8,2,1.0,1,6,35,0.235,0.257,0.265,0.522,152,86,-0.275,0.88,0.443,,-2.3,24,14,8.0,1,53,15,18,11,17,5,0,38,2,1,-0.224,-1.1,33,5,12,5,4.5,3,5,36,0.364,0.417,0.576,0.992,127,100,0.224,1.06,0.78,,1.1,27,9,9.0,0,60,11,29,15,13,9,0,60,1,0,0.276,2.3
BOS/BOS201406130,"Friday, June 13, 2014",7:12 p.m. Local,Fenway Park,35772,3:13,Night,Home,Boston Red Sox,BOS,Cleveland Indians,CLE,35,3,7,3,3.0,1,8,36,0.2,0.222,0.371,0.594,171,92,-0.068,0.74,0.497,,-1.3,24,13,8.0,1,54,10,28,10,17,7,0,26,7,5,-0.43,-6.1,33,10,11,10,11.25,7,3,40,0.333,0.45,0.606,1.056,139,98,0.43,0.76,0.865,,6.1,27,8,9.0,1,55,10,33,16,14,6,0,52,1,0,0.069,1.3
BOS/BOS201406140,"Saturday, June 14, 2014",4:06 p.m. Local,Fenway Park,37181,3:24,Day,Away,Cleveland Indians,CLE,Boston Red Sox,BOS,36,3,10,2,1.0,4,10,43,0.278,0.381,0.361,0.742,155,97,0.026,1.5,1.097,,-1.4,27,14,9.0,0,55,21,21,7,20,13,0,48,2,1,0.474,2.3,33,2,9,2,2.0,3,7,36,0.273,0.333,0.364,0.697,157,94,-0.474,1.69,0.658,,-2.3,27,7,9.0,0,54,16,24,13,13,8,0,57,4,1,-0.025,1.3
BOS/BOS201406150,"Sunday, June 15, 2014",1:38 p.m. Local,Fenway Park,37356,4:03,Day,Away,Cleveland Indians,CLE,Boston Red Sox,BOS,40,3,7,3,2.45,4,14,46,0.175,0.261,0.35,0.611,186,119,-0.203,1.71,1.012,,-2.3,33,11,11.0,0,61,21,37,10,17,4,0,50,4,0,0.704,3.3,36,2,6,2,1.64,7,11,43,0.167,0.302,0.167,0.469,182,117,-0.703,1.48,0.608,,-3.3,33,9,11.0,2,60,19,38,15,10,3,0,59,2,1,0.204,2.3
CLE/CLE201406160,"Monday, June 16, 2014",7:07 p.m. Local,Progressive Field,14716,2:59,Night,Home,Cleveland Indians,CLE,Los Angeles Angels of Anaheim,LAA,34,3,9,3,3.0,5,10,40,0.265,0.35,0.294,0.644,126,93,-0.39,0.81,0.794,,-1.3,24,10,8.0,2,45,21,27,13,12,7,0,49,0,0,-0.11,-0.2,28,4,6,4,4.5,3,4,32,0.214,0.29,0.429,0.719,152,76,0.11,1.55,0.576,,0.2,27,12,9.0,0,42,8,26,11,14,9,0,48,0,0,0.39,1.3
CLE/CLE201406170,"Tuesday, June 17, 2014",7:06 p.m. Local,Progressive Field,14639,3:08,Night,Away,Los Angeles Angels of Anaheim,LAA,Cleveland Indians,CLE,41,9,15,9,8.0,2,6,43,0.366,0.395,0.756,1.151,121,113,0.427,0.65,0.86,,4.7,27,9,9.0,1,70,17,26,13,22,14,0,73,0,0,0.072,1.3,33,3,7,3,3.0,1,10,34,0.212,0.235,0.364,0.599,177,85,-0.072,0.69,0.365,,-1.3,27,10,9.0,4,47,14,24,11,12,7,0,28,1,0,-0.428,-4.7
CLE/CLE201406190,"Thursday, June 19, 2014",12:06 p.m. Local,Progressive Field,20361,3:36,Day,Home,Cleveland Indians,CLE,Los Angeles Angels of Anaheim,LAA,35,3,8,2,2.7,4,8,40,0.229,0.325,0.314,0.639,172,110,-0.135,1.96,0.994,,-1.8,29,10,9.2,1,59,19,32,18,9,5,0,69,3,3,-0.364,-0.3,35,5,6,5,4.66,7,10,42,0.171,0.31,0.286,0.595,185,102,0.363,1.38,1.589,,0.3,30,16,10.0,0,47,18,37,13,12,4,0,67,3,0,0.137,1.8
CLE/CLE201406200,"Friday, June 20, 2014",7:06 p.m. Local,Progressive Field,33545,3:22,Night,Away,Detroit Tigers,DET,Cleveland Indians,CLE,36,6,12,6,6.0,2,9,38,0.333,0.368,0.611,0.98,166,95,0.126,1.15,0.699,,1.7,27,12,9.0,2,54,15,26,9,18,11,0,62,0,0,0.374,0.3,36,4,11,4,4.0,1,9,37,0.306,0.324,0.472,0.797,150,110,-0.374,0.75,0.516,,-0.3,27,9,9.0,2,71,9,30,15,12,5,0,58,1,1,-0.126,-1.7
CLE/CLE201406210,"Saturday, June 21, 2014",7:17 p.m. Local,Progressive Field,40712,3:41,Night,Away,Detroit Tigers,DET,Cleveland Indians,CLE,37,5,10,5,4.5,3,9,41,0.27,0.325,0.568,0.893,162,95,0.468,1.77,1.245,,0.2,30,8,10.0,1,53,11,31,6,23,6,0,66,1,0,0.032,0.8,40,4,10,4,3.6,1,13,42,0.25,0.286,0.4,0.686,151,107,-0.031,1.18,1.274,,-0.8,30,7,10.0,3,67,18,22,13,13,8,1,44,0,0,-0.467,-0.2
CLE/CLE201406220,"Sunday, June 22, 2014",1:06 p.m. Local,Progressive Field,26023,3:44,Day,Away,Detroit Tigers,DET,Cleveland Indians,CLE,42,10,12,10,6.0,4,10,46,0.286,0.348,0.476,0.824,150,120,0.277,0.56,0.561,,5.7,27,7,9.0,0,72,23,25,15,17,9,0,62,0,0,0.223,0.3,38,4,11,4,4.0,2,12,40,0.289,0.325,0.368,0.693,189,103,-0.224,0.46,0.203,,-0.3,27,12,9.0,1,63,15,25,9,17,9,0,23,4,2,-0.277,-5.7
ARI/ARI201406240,"Tuesday, June 24, 2014",6:40 p.m. Local,Chase Field,20945,5:32,Night,Home,Arizona Diamondbacks,ARI,Cleveland Indians,CLE,52,8,14,8,4.5,7,17,62,0.269,0.344,0.442,0.787,278,148,0.173,2.11,2.142,,1.7,40,11,13.1,1,70,28,50,19,19,11,0,30,7,3,-0.676,-3.8,57,9,19,9,6.08,9,12,68,0.333,0.433,0.421,0.854,235,156,0.675,1.92,2.375,,3.8,42,15,14.0,1,82,31,43,23,23,10,0,29,4,0,-0.176,-1.7
ARI/ARI201406250,"Wednesday, June 25, 2014",6:41 p.m. Local,Chase Field,21269,3:00,Night,Away,Cleveland Indians,CLE,Arizona Diamondbacks,ARI,36,6,10,6,6.0,4,8,41,0.278,0.341,0.611,0.953,158,88,0.224,0.63,0.482,,1.9,27,12,9.0,0,49,10,29,12,17,9,0,76,2,0,0.274,3.1,29,1,5,1,1.0,3,10,32,0.172,0.25,0.207,0.457,138,102,-0.273,0.43,0.22,,-3.1,27,6,9.0,2,54,16,32,8,11,9,0,38,0,0,-0.226,-1.9
SEA/SEA201406270,"Friday, June 27, 2014",7:11 p.m. Local,Safeco Field,28084,3:05,Night,Home,Seattle Mariners,SEA,Cleveland Indians,CLE,33,2,7,2,2.0,3,8,38,0.212,0.289,0.333,0.623,134,101,-0.445,0.89,0.529,,-2.0,24,9,8.0,1,53,14,34,9,17,11,0,46,4,0,-0.055,0.5,33,3,11,3,3.38,2,6,35,0.333,0.371,0.485,0.856,155,87,0.054,1.39,0.62,,-0.5,27,8,9.0,0,51,10,26,6,21,12,0,58,1,0,0.444,2.0
SEA/SEA201406280,"Saturday, June 28, 2014",7:10 p.m. Local,Safeco Field,23012,2:24,Night,Away,Cleveland Indians,CLE,Seattle Mariners,SEA,31,5,7,5,5.0,2,6,34,0.226,0.265,0.419,0.684,111,86,0.207,0.51,0.454,,1.0,27,6,9.0,0,47,16,23,14,12,5,0,96,,,0.291,4.0,28,0,1,0,0.0,0,11,28,0.036,0.036,0.036,0.071,137,77,-0.291,0.45,0.039,,-4.0,27,14,9.0,1,37,15,25,7,10,5,0,40,0,0,-0.209,-1.0
SEA/SEA201406290,"Sunday, June 29, 2014",1:11 p.m. Local,Safeco Field,26171,2:17,Day,Home,Seattle Mariners,SEA,Cleveland Indians,CLE,27,0,1,0,0.0,3,10,30,0.037,0.133,0.037,0.17,108,71,-0.494,0.79,0.115,,-4.0,24,15,8.0,1,35,8,28,10,7,3,0,58,1,0,-0.005,0.5,31,3,9,3,2.25,1,7,33,0.29,0.313,0.387,0.7,117,74,0.004,0.87,0.438,,-0.5,27,10,9.0,0,43,15,16,15,10,9,0,86,0,0,0.496,4.0
LAN/LAN201406300,"Monday, June 30, 2014",7:10 p.m. Local,Dodger Stadium,45627,2:34,Night,Home,Los Angeles Dodgers,LAD,Cleveland Indians,CLE,27,0,1,0,0.0,1,6,29,0.037,0.071,0.037,0.108,124,81,-0.667,1.21,0.057,,-3.8,24,10,8.0,0,49,7,25,15,7,4,0,62,2,0,0.167,2.4,30,1,6,1,1.12,1,5,31,0.2,0.226,0.333,0.559,130,79,-0.168,1.15,0.621,,-2.4,27,12,9.0,0,48,9,22,15,10,2,0,79,0,0,0.666,3.8
LAN/LAN201407010,"Tuesday, July 1, 2014",7:11 p.m. Local,Dodger Stadium,46300,3:21,Night,Away,Cleveland Indians,CLE,Los Angeles Dodgers,LAD,38,10,13,9,10.0,2,9,41,0.342,0.375,0.553,0.928,171,93,0.475,1.33,0.726,,6.2,27,10,9.0,1,49,13,31,14,16,8,0,37,7,0,0.027,0.8,35,3,10,3,3.0,5,14,40,0.286,0.375,0.486,0.861,147,104,-0.027,0.5,1.009,,-0.8,27,9,9.0,1,51,22,31,12,9,4,0,39,0,0,-0.474,-6.2
LAN/LAN201407020,"Wednesday, July 2, 2014",12:10 p.m. Local,Dodger Stadium,50199,3:30,Day,Away,Cleveland Indians,CLE,Los Angeles Dodgers,LAD,37,5,9,5,5.0,3,10,40,0.243,0.3,0.378,0.678,172,95,0.484,1.47,1.311,,1.2,27,5,9.0,1,50,16,29,10,17,10,0,45,1,0,0.014,-0.2,35,4,9,4,4.0,4,6,40,0.257,0.333,0.4,0.733,152,106,-0.015,1.47,0.925,,0.2,27,9,9.0,1,64,13,29,6,24,9,0,63,2,0,-0.484,-1.2
CLE/CLE201407040,"Friday, July 4, 2014",7:07 p.m. Local,Progressive Field,39020,2:50,Night,Away,Kansas City Royals,KCR,Cleveland Indians,CLE,39,7,12,6,6.0,0,8,40,0.308,0.325,0.513,0.838,124,99,0.16,0.66,0.589,,2.7,27,8,9.0,1,61,15,23,16,15,10,0,69,1,0,0.341,3.3,32,1,6,1,1.0,2,5,34,0.188,0.235,0.313,0.548,150,72,-0.34,0.62,0.207,,-3.3,27,12,9.0,1,44,4,24,10,17,11,0,35,0,0,-0.159,-2.7
CLE/CLE201407050,"Saturday, July 5, 2014",7:06 p.m. Local,Progressive Field,24481,2:48,Night,Home,Cleveland Indians,CLE,Kansas City Royals,KCR,36,3,12,3,3.0,2,4,38,0.333,0.368,0.444,0.813,146,88,-0.196,0.62,0.504,,-1.3,24,9,8.0,1,59,7,22,20,12,9,0,19,2,1,-0.303,-3.2,37,7,14,7,7.88,3,7,40,0.378,0.425,0.486,0.911,131,92,0.303,1.03,0.651,,3.2,27,13,9.0,1,58,11,23,15,15,7,0,47,0,0,0.196,1.3
CLE/CLE201407060,"Sunday, July 6, 2014",1:06 p.m. Local,Progressive Field,16991,2:32,Day,Home,Cleveland Indians,CLE,Kansas City Royals,KCR,31,1,4,1,1.0,1,10,32,0.129,0.156,0.258,0.414,125,79,-0.319,0.48,0.197,,-3.3,24,8,8.0,2,41,15,23,13,8,2,0,42,0,0,-0.181,-0.2,33,4,10,4,4.5,1,7,34,0.303,0.324,0.545,0.869,113,88,0.181,0.73,0.446,,0.2,27,10,9.0,1,51,12,25,13,13,5,0,80,1,0,0.319,3.3
CLE/CLE201407070,"Monday, July 7, 2014",7:10 p.m. Local,Progressive Field,21558,3:00,Night,Away,New York Yankees,NYY,Cleveland Indians,CLE,36,5,12,5,5.0,3,8,41,0.333,0.415,0.389,0.804,116,89,0.224,0.92,0.546,,0.7,27,12,9.0,2,47,13,29,17,11,6,0,58,0,0,0.276,1.3,32,3,6,3,3.0,0,4,33,0.188,0.212,0.375,0.587,150,78,-0.278,0.67,0.371,,-1.3,27,14,9.0,0,48,6,24,14,14,5,0,22,2,2,-0.224,-0.7
CLE/CLE201407080,"Tuesday, July 8, 2014",7:06 p.m. Local,Progressive Field,23384,2:55,Night,Home,Cleveland Indians,CLE,New York Yankees,NYY,31,3,4,2,2.0,2,9,34,0.129,0.182,0.129,0.311,122,90,-0.181,1.08,0.451,,-1.3,24,8,8.0,2,45,12,33,13,10,3,0,38,1,0,-0.319,-1.2,34,5,10,5,5.62,1,7,35,0.294,0.314,0.529,0.844,143,81,0.318,1.03,0.904,,1.2,27,9,9.0,0,46,16,19,15,12,4,0,63,0,0,0.181,1.3
CLE/CLE201407090,"Wednesday, July 9, 2014",7:06 p.m. Local,Progressive Field,21727,4:51,Night,Away,New York Yankees,NYY,Cleveland Indians,CLE,52,5,12,5,3.21,3,13,56,0.231,0.268,0.423,0.691,219,144,-0.367,1.89,1.381,,-1.7,42,16,14.0,0,88,21,35,23,17,11,0,48,3,0,0.867,2.7,53,4,12,4,0.64,4,12,57,0.226,0.281,0.245,0.526,207,141,-0.867,1.59,1.119,,-2.7,42,18,14.0,3,77,20,44,24,17,10,0,50,0,0,0.367,1.7
CLE/CLE201407100,"Thursday, July 10, 2014",7:06 p.m. Local,Progressive Field,28334,3:30,Night,Home,Cleveland Indians,CLE,New York Yankees,NYY,37,3,11,3,3.0,3,10,41,0.297,0.366,0.378,0.744,160,96,-0.051,1.08,0.614,,-1.3,24,6,8.0,2,48,18,30,16,11,8,0,52,2,2,-0.449,-5.2,37,9,15,9,10.12,4,7,42,0.405,0.452,0.649,1.101,147,98,0.448,0.89,1.098,,5.2,27,10,9.0,1,60,7,31,10,21,15,0,39,4,0,0.052,1.3
CLE/CLE201407110,"Friday, July 11, 2014",7:06 p.m. Local,Progressive Field,24652,3:16,Night,Home,Cleveland Indians,CLE,Chicago White Sox,CHW,34,4,8,4,4.0,2,11,37,0.235,0.297,0.412,0.709,134,96,0.04,1.12,0.688,,-0.3,24,13,8.0,2,50,17,29,13,9,6,1,26,3,0,-0.54,-3.2,30,7,10,7,7.88,6,6,38,0.333,0.444,0.567,1.011,145,79,0.54,1.03,1.154,,3.2,27,10,9.0,1,44,14,21,15,11,9,0,43,0,0,-0.041,0.3
CLE/CLE201407120,"Saturday, July 12, 2014",3:05 p.m. Local,Progressive Field,23837,3:10,Day,Away,Chicago White Sox,CHW,Cleveland Indians,CLE,32,6,8,6,6.0,3,3,37,0.25,0.306,0.406,0.712,155,81,0.167,1.39,0.584,,1.7,27,7,9.0,1,56,10,15,18,13,4,0,65,3,1,0.332,2.3,33,2,6,2,2.0,2,8,36,0.182,0.25,0.273,0.523,125,94,-0.332,0.72,0.552,,-2.3,27,14,9.0,1,53,14,27,12,13,5,0,57,4,1,-0.169,-1.7
CLE/CLE201407130,"Sunday, July 13, 2014",1:06 p.m. Local,Progressive Field,18070,3:00,Day,Home,Cleveland Indians,CLE,Chicago White Sox,CHW,37,2,11,2,2.0,4,13,41,0.297,0.366,0.324,0.69,133,104,-0.153,1.19,0.943,,-2.3,24,12,8.0,1,56,24,24,11,13,9,0,59,0,0,-0.347,0.8,34,3,10,3,3.38,2,5,37,0.294,0.351,0.412,0.763,161,95,0.346,1.5,1.021,,-0.8,27,10,9.0,0,59,8,28,16,13,7,0,65,1,0,0.153,2.3
DET/DET201407180,"Friday, July 18, 2014",7:08 p.m. Local,Comerica Park,42255,3:32,Night,Away,Cleveland Indians,CLE,Detroit Tigers,DET,39,9,14,9,9.0,4,9,43,0.359,0.419,0.692,1.111,156,109,0.545,0.78,1.195,,4.8,27,10,9.0,0,63,18,28,11,19,8,0,52,0,0,-0.046,1.2,35,3,11,2,3.0,2,7,38,0.314,0.342,0.4,0.742,168,106,0.046,0.94,0.487,,-1.2,27,8,9.0,3,72,8,26,13,16,4,0,50,4,3,-0.546,-4.8
DET/DET201407191,"Saturday, July 19, 2014",1:08 p.m. Local,Comerica Park,38109,3:02,Day,Away,Cleveland Indians,CLE,Detroit Tigers,DET,34,6,12,6,5.0,5,8,39,0.353,0.436,0.412,0.848,121,93,0.15,0.85,0.721,,1.8,27,8,9.0,0,53,16,26,13,13,7,0,71,1,0,0.35,2.2,33,2,7,2,2.0,1,11,34,0.212,0.235,0.303,0.538,155,83,-0.35,0.74,0.291,,-2.2,27,11,9.0,0,39,17,27,13,9,4,0,46,3,1,-0.151,-1.8
DET/DET201407192,"Saturday, July 19, 2014",7:08 p.m. Local,Comerica Park,42044,3:40,Night,Away,Cleveland Indians,CLE,Detroit Tigers,DET,35,5,8,5,5.0,6,7,41,0.229,0.341,0.486,0.827,171,104,0.274,1.42,1.282,,0.8,27,6,9.0,0,61,15,28,12,16,5,0,61,1,0,0.228,2.2,32,2,5,2,2.0,4,12,36,0.156,0.25,0.281,0.531,165,109,-0.226,1.69,0.776,,-2.2,27,7,9.0,2,60,19,30,8,12,1,0,49,0,0,-0.272,-0.8
DET/DET201407200,"Sunday, July 20, 2014",1:08 p.m. Local,Comerica Park,41736,2:54,Day,Home,Detroit Tigers,DET,Cleveland Indians,CLE,29,1,4,1,1.0,4,7,33,0.138,0.242,0.276,0.518,134,82,-0.311,0.4,0.209,,-3.2,24,7,8.0,1,41,14,27,11,11,3,0,37,6,0,-0.189,-1.3,31,5,9,5,5.62,3,8,35,0.29,0.343,0.484,0.827,133,90,0.189,0.7,0.402,,1.2,27,10,9.0,1,58,12,20,9,15,6,0,69,0,0,0.311,3.2
MIN/MIN201407210,"Monday, July 21, 2014",7:11 p.m. Local,Target Field,25109,3:01,Night,Home,Minnesota Twins,MIN,Cleveland Indians,CLE,35,3,8,3,3.0,3,8,38,0.229,0.289,0.286,0.575,135,102,-0.23,0.9,0.894,,-1.3,24,10,8.0,1,64,16,22,14,13,5,0,42,2,0,-0.27,-0.2,31,4,9,4,4.5,3,5,34,0.29,0.353,0.484,0.837,158,88,0.271,1.5,0.77,,0.2,27,9,9.0,0,50,13,25,10,16,5,0,50,1,0,0.23,1.3
MIN/MIN201407220,"Tuesday, July 22, 2014",7:11 p.m. Local,Target Field,28291,3:06,Night,Away,Cleveland Indians,CLE,Minnesota Twins,MIN,37,8,11,8,8.0,2,8,41,0.297,0.341,0.486,0.828,147,100,0.221,1.11,0.573,,3.7,27,11,9.0,1,66,12,22,7,23,11,0,54,2,0,0.28,2.3,35,2,9,2,2.0,4,10,39,0.257,0.333,0.429,0.762,151,98,-0.277,0.59,0.493,,-2.3,27,5,9.0,1,49,14,35,14,11,7,0,48,0,0,-0.222,-3.7
MIN/MIN201407230,"Wednesday, July 23, 2014",12:11 p.m. Local,Target Field,34608,2:46,Day,Home,Minnesota Twins,MIN,Cleveland Indians,CLE,30,1,5,1,1.0,2,9,34,0.167,0.219,0.2,0.419,123,90,-0.435,0.84,0.442,,-3.3,24,5,8.0,1,54,15,21,10,13,3,0,53,1,0,-0.067,0.8,30,3,8,3,3.38,3,8,33,0.267,0.333,0.467,0.8,130,76,0.065,1.36,0.602,,-0.8,27,7,9.0,0,44,10,22,6,16,5,0,61,2,0,0.432,3.3
KCA/KCA201407240,"Thursday, July 24, 2014",7:11 p.m. Local,Kauffman Stadium,22120,4:23,Night,Home,Kansas City Royals,KCR,Cleveland Indians,CLE,46,1,7,1,0.64,6,15,53,0.152,0.25,0.152,0.402,168,143,-1.004,1.46,1.105,,-5.8,40,17,13.1,0,81,28,34,17,15,7,0,91,2,1,0.503,4.3,43,2,5,1,0.68,1,12,44,0.116,0.136,0.163,0.299,229,109,-0.501,1.97,0.964,,-4.3,42,13,14.0,0,53,21,35,16,15,7,0,78,1,0,1.004,5.8
KCA/KCA201407250,"Friday, July 25, 2014",7:10 p.m. Local,Kauffman Stadium,33460,3:02,Night,Home,Kansas City Royals,KCR,Cleveland Indians,CLE,33,4,7,4,3.0,2,7,37,0.212,0.25,0.424,0.674,142,94,-0.083,0.96,0.713,,-0.3,24,8,8.0,3,57,12,25,14,14,5,0,45,3,1,-0.418,-2.1,32,6,10,5,5.62,1,6,34,0.312,0.333,0.656,0.99,140,92,0.417,1.34,0.976,,2.1,27,10,9.0,2,56,9,27,9,18,12,0,53,3,1,0.084,0.3
KCA/KCA201407260,"Saturday, July 26, 2014",6:11 p.m. Local,Kauffman Stadium,29567,3:06,Night,Home,Kansas City Royals,KCR,Cleveland Indians,CLE,37,5,12,5,5.0,4,8,41,0.324,0.39,0.486,0.877,129,107,-0.037,0.79,0.826,,0.7,24,5,8.0,1,61,18,28,13,16,7,0,25,1,1,-0.464,-3.1,33,7,9,6,6.75,2,8,35,0.273,0.314,0.424,0.739,168,80,0.465,1.19,0.869,,3.1,27,9,9.0,1,50,9,21,10,16,7,0,31,3,0,0.036,-0.7
KCA/KCA201407270,"Sunday, July 27, 2014",1:15 p.m. Local,Kauffman Stadium,23409,3:03,Day,Away,Cleveland Indians,CLE,Kansas City Royals,KCR,37,10,15,10,10.0,3,3,44,0.405,0.465,0.757,1.222,140,108,0.438,0.67,0.927,,5.7,27,5,9.0,0,70,10,28,11,25,5,0,58,0,0,0.062,1.3,34,3,8,3,3.0,0,7,35,0.235,0.229,0.294,0.523,177,100,-0.062,0.84,0.335,,-1.3,27,10,9.0,4,64,13,23,7,21,7,0,26,0,0,-0.437,-5.7
CLE/CLE201407290,"Tuesday, July 29, 2014",7:06 p.m. Local,Progressive Field,15713,3:15,Night,Away,Seattle Mariners,SEA,Cleveland Indians,CLE,38,5,11,5,5.0,1,9,41,0.289,0.341,0.553,0.894,129,98,0.183,0.85,0.719,,0.7,27,7,9.0,0,56,14,28,11,18,4,0,62,1,0,0.318,2.3,34,2,8,2,2.0,1,10,35,0.235,0.257,0.324,0.581,148,89,-0.319,0.76,0.306,,-2.3,27,8,9.0,1,50,15,24,11,13,6,0,29,3,0,-0.181,-0.7
CLE/CLE201407300,"Wednesday, July 30, 2014",7:07 p.m. Local,Progressive Field,14863,2:10,Night,Home,Cleveland Indians,CLE,Seattle Mariners,SEA,28,0,3,0,0.0,0,8,28,0.107,0.107,0.107,0.214,114,69,-0.548,0.86,0.087,,-4.3,24,11,8.0,0,33,12,24,13,7,4,0,64,0,0,0.048,1.8,28,2,4,2,2.25,2,5,30,0.143,0.2,0.214,0.414,85,72,-0.048,0.9,0.421,,-1.8,27,11,9.0,0,41,10,21,14,9,1,0,89,,,0.548,4.3
CLE/CLE201407310,"Thursday, July 31, 2014",7:06 p.m. Local,Progressive Field,16336,3:33,Night,Away,Seattle Mariners,SEA,Cleveland Indians,CLE,36,6,11,6,6.0,2,8,39,0.306,0.333,0.528,0.861,166,109,0.429,1.52,1.179,,1.7,27,9,9.0,1,63,19,27,15,14,9,0,37,5,1,0.071,-0.7,35,5,11,5,5.0,4,5,41,0.314,0.375,0.543,0.918,165,107,-0.073,1.21,0.937,,0.7,27,8,9.0,2,64,14,29,10,22,7,0,28,3,0,-0.427,-1.7
CLE/CLE201408010,"Friday, August 1, 2014",7:10 p.m. Local,Progressive Field,27009,3:23,Night,Home,Cleveland Indians,CLE,Texas Rangers,TEX,35,2,9,2,1.0,3,6,39,0.257,0.333,0.286,0.619,151,106,-0.194,0.46,0.195,,-2.3,24,7,8.0,1,70,9,27,16,13,6,0,-5,2,2,-0.306,-8.2,38,12,16,10,13.5,4,7,43,0.421,0.488,0.579,1.067,159,90,0.305,0.49,0.555,,8.2,27,9,9.0,0,59,9,22,16,15,6,0,63,2,0,0.193,2.3
CLE/CLE201408020,"Saturday, August 2, 2014",7:05 p.m. Local,Progressive Field,28285,3:00,Night,Home,Cleveland Indians,CLE,Texas Rangers,TEX,33,0,5,0,0.0,3,11,36,0.152,0.222,0.152,0.374,115,107,-0.557,0.94,0.477,,-4.3,24,7,8.0,0,61,14,32,17,5,2,0,63,0,0,0.058,1.8,28,2,5,2,2.25,3,6,32,0.179,0.258,0.179,0.437,161,80,-0.059,1.43,0.433,,-1.8,27,14,9.0,0,47,12,21,9,14,9,0,66,3,0,0.558,4.3
CLE/CLE201408030,"Sunday, August 3, 2014",1:06 p.m. Local,Progressive Field,18422,3:58,Day,Home,Cleveland Indians,CLE,Texas Rangers,TEX,39,3,7,3,2.25,4,10,47,0.179,0.277,0.205,0.482,186,103,-0.412,1.73,0.462,,-2.7,33,8,11.0,2,55,17,31,13,18,4,0,71,0,0,-0.089,1.3,41,4,9,4,3.27,6,10,48,0.22,0.319,0.463,0.783,163,115,0.087,0.98,1.549,,-1.3,36,12,12.0,0,67,17,31,10,22,6,0,54,3,0,0.412,2.7
CLE/CLE201408040,"Monday, August 4, 2014",7:06 p.m. Local,Progressive Field,18696,2:52,Night,Home,Cleveland Indians,CLE,Cincinnati Reds,CIN,36,1,8,1,1.0,3,8,39,0.222,0.282,0.278,0.56,110,93,-0.289,0.43,0.267,,-3.3,24,10,8.0,2,47,16,30,13,15,6,0,33,0,0,-0.212,-3.2,30,7,10,7,7.88,3,4,35,0.333,0.412,0.6,1.012,137,60,0.212,0.73,0.418,,3.2,27,7,9.0,0,41,4,15,16,11,4,0,67,4,1,0.288,3.3
CLE/CLE201408050,"Tuesday, August 5, 2014",7:06 p.m. Local,Progressive Field,22068,2:48,Night,Away,Cincinnati Reds,CIN,Cleveland Indians,CLE,41,9,15,7,8.0,2,10,44,0.366,0.409,0.61,1.019,117,102,0.352,0.58,0.656,,4.7,27,16,9.0,0,48,23,31,14,17,7,0,73,,,0.146,2.3,30,2,5,2,2.0,2,6,33,0.167,0.242,0.233,0.476,149,83,-0.147,0.45,0.218,,-2.3,27,10,9.0,2,52,5,26,16,8,1,0,29,5,3,-0.353,-4.7
CIN/CIN201408060,"Wednesday, August 6, 2014",7:11 p.m. Local,Great American Ball Park,33863,2:44,Night,Home,Cincinnati Reds,CIN,Cleveland Indians,CLE,33,3,7,3,3.0,2,5,35,0.212,0.257,0.364,0.621,120,94,-0.229,0.32,0.135,,-1.0,24,6,8.0,2,58,9,27,12,16,13,0,37,2,2,-0.273,-4.5,34,8,10,8,9.0,0,9,34,0.294,0.294,0.529,0.824,132,85,0.274,0.51,0.434,,4.5,27,13,9.0,1,52,16,17,10,15,7,0,58,1,0,0.227,1.0
CIN/CIN201408070,"Thursday, August 7, 2014",7:10 p.m. Local,Great American Ball Park,31862,2:35,Night,Home,Cincinnati Reds,CIN,Cleveland Indians,CLE,32,0,5,0,0.0,1,11,33,0.156,0.182,0.188,0.369,112,87,-0.312,0.42,0.161,,-4.0,24,10,8.0,0,46,21,20,8,14,10,0,46,1,0,-0.188,-0.5,32,4,8,3,3.38,1,8,33,0.25,0.273,0.375,0.648,129,76,0.186,0.66,0.434,,0.5,27,8,9.0,0,46,13,17,13,11,6,0,76,0,0,0.313,4.0
NYA/NYA201408080,"Friday, August 8, 2014",7:09 p.m. Local,Yankee Stadium III,43972,3:53,Night,Home,New York Yankees,NYY,Cleveland Indians,CLE,37,6,12,6,6.0,4,9,42,0.324,0.381,0.405,0.786,164,106,-0.069,0.53,0.453,,1.8,24,7,8.0,1,60,19,27,11,18,13,0,33,4,0,-0.43,-6.3,33,10,9,8,7.88,7,5,43,0.273,0.429,0.455,0.883,170,94,0.432,0.67,0.598,,6.3,27,5,9.0,0,57,7,30,12,17,7,0,57,6,3,0.069,-1.8
NYA/NYA201408090,"Saturday, August 9, 2014",1:10 p.m. Local,Yankee Stadium III,47376,2:59,Day,Away,Cleveland Indians,CLE,New York Yankees,NYY,36,3,9,3,3.0,0,9,36,0.25,0.25,0.417,0.667,150,93,-0.003,1.29,0.423,,-1.2,27,8,9.0,0,56,12,25,11,16,5,0,73,0,0,0.504,4.2,32,0,5,0,0.0,1,15,35,0.156,0.229,0.219,0.447,124,101,-0.502,0.63,0.387,,-4.2,27,4,9.0,2,47,24,30,11,6,2,0,59,5,0,0.003,1.2
NYA/NYA201408100,"Sunday, August 10, 2014",1:09 p.m. Local,Yankee Stadium III,46152,3:08,Day,Away,Cleveland Indians,CLE,New York Yankees,NYY,30,4,7,4,4.0,6,7,40,0.233,0.368,0.267,0.635,123,100,0.113,0.64,0.498,,-0.2,27,8,9.0,1,61,11,28,14,12,5,0,67,0,0,0.387,3.2,31,1,5,1,1.0,0,7,31,0.161,0.161,0.29,0.452,169,82,-0.386,0.75,0.08,,-3.2,27,12,9.0,0,45,11,26,10,14,5,0,41,5,1,-0.114,0.2
CLE/CLE201408131,"Wednesday, August 13, 2014",4:07 p.m. Local,Progressive Field,,2:50,Day,Home,Cleveland Indians,CLE,Arizona Diamondbacks,ARI,29,2,4,1,2.0,3,11,32,0.138,0.219,0.172,0.391,140,81,-0.282,1.55,0.513,,-2.3,25,7,8.1,1,42,15,24,7,11,5,0,55,5,0,-0.219,1.1,33,3,9,3,3.24,2,8,35,0.273,0.314,0.424,0.739,126,96,0.218,1.3,1.334,,-1.1,27,10,9.0,0,61,14,21,13,11,6,1,73,0,0,0.282,2.3
CLE/CLE201408132,"Wednesday, August 13, 2014",7:37 p.m. Local,Progressive Field,17562,4:16,Night,Away,Arizona Diamondbacks,ARI,Cleveland Indians,CLE,42,1,8,1,0.75,4,10,48,0.19,0.261,0.214,0.475,215,111,-0.632,1.75,0.966,,-4.7,36,19,12.0,0,61,20,30,19,15,7,0,62,0,0,1.131,5.7,41,0,8,0,0.0,4,10,46,0.195,0.267,0.244,0.511,157,134,-1.131,1.9,0.627,,-5.7,36,15,12.0,0,83,20,31,23,9,5,0,64,4,0,0.631,4.7
CLE/CLE201408150,"Friday, August 15, 2014",7:07 p.m. Local,Progressive Field,27845,3:36,Night,Home,Cleveland Indians,CLE,Baltimore Orioles,BAL,41,1,7,1,0.82,3,12,44,0.171,0.227,0.195,0.422,138,103,-0.697,1.27,0.664,,-4.3,30,11,10.0,2,61,16,26,14,15,2,0,70,0,0,0.197,2.8,36,2,6,2,1.8,2,9,38,0.167,0.211,0.333,0.544,159,97,-0.196,1.65,0.672,,-2.8,33,10,11.0,0,57,17,23,12,15,4,0,73,3,1,0.697,4.3
CLE/CLE201408160,"Saturday, August 16, 2014",7:05 p.m. Local,Progressive Field,27881,2:39,Night,Home,Cleveland Indians,CLE,Baltimore Orioles,BAL,30,0,4,0,0.0,0,6,30,0.133,0.133,0.167,0.3,150,74,-0.248,0.41,0.161,,-4.3,24,9,8.0,2,35,12,27,13,11,5,0,31,0,0,-0.251,-2.2,31,6,8,6,6.75,3,11,35,0.258,0.324,0.484,0.807,105,96,0.253,0.58,0.429,,2.2,27,11,9.0,0,52,17,27,11,10,7,0,76,1,0,0.247,4.3
CLE/CLE201408170,"Sunday, August 17, 2014",1:07 p.m. Local,Progressive Field,22564,3:11,Day,Away,Baltimore Orioles,BAL,Cleveland Indians,CLE,39,4,12,4,4.0,1,9,41,0.308,0.341,0.59,0.931,131,107,0.101,1.08,0.869,,-0.3,27,9,9.0,0,59,24,24,11,19,6,0,62,0,0,0.399,3.3,26,1,2,1,1.0,5,6,32,0.077,0.226,0.115,0.341,161,75,-0.398,1.0,0.361,,-3.3,27,7,9.0,2,39,15,21,10,11,3,0,54,6,2,-0.101,0.3
MIN/MIN201408190,"Tuesday, August 19, 2014",7:10 p.m. Local,Target Field,26358,3:14,Night,Away,Cleveland Indians,CLE,Minnesota Twins,MIN,34,7,11,6,7.0,2,6,38,0.324,0.378,0.471,0.849,155,86,0.426,1.11,0.961,,2.7,27,11,9.0,1,51,14,22,17,12,9,0,38,6,0,0.075,-0.7,35,5,8,5,5.0,2,6,37,0.229,0.27,0.371,0.642,140,97,-0.073,0.9,0.637,,0.7,27,20,9.0,1,53,15,29,16,13,4,0,35,1,1,-0.427,-2.7
MIN/MIN201408200,"Wednesday, August 20, 2014",7:11 p.m. Local,Target Field,28943,3:02,Night,Away,Cleveland Indians,CLE,Minnesota Twins,MIN,36,5,11,5,5.0,2,8,38,0.306,0.342,0.556,0.898,130,94,0.128,1.13,0.523,,0.7,27,12,9.0,0,54,13,27,10,18,8,0,62,2,0,0.373,4.3,32,0,6,0,0.0,3,6,36,0.188,0.257,0.188,0.445,148,81,-0.374,0.53,0.369,,-4.3,27,11,9.0,2,48,12,21,15,12,5,0,47,1,1,-0.127,-0.7
MIN/MIN201408210,"Thursday, August 21, 2014",12:11 p.m. Local,Target Field,28033,2:54,Day,Home,Minnesota Twins,MIN,Cleveland Indians,CLE,32,1,5,1,1.0,1,10,33,0.156,0.182,0.25,0.432,129,94,-0.37,0.95,0.334,,-3.3,24,8,8.0,1,65,11,18,7,15,7,0,57,1,0,-0.131,-0.2,29,4,8,4,4.5,4,9,35,0.276,0.382,0.517,0.9,131,79,0.131,1.01,0.776,,0.2,27,6,9.0,1,39,17,23,10,11,4,0,71,0,0,0.37,3.3
CLE/CLE201408220,"Friday, August 22, 2014",7:07 p.m. Local,Progressive Field,18743,3:01,Night,Away,Houston Astros,HOU,Cleveland Indians,CLE,31,5,3,4,1.0,4,11,35,0.097,0.2,0.29,0.49,121,90,0.104,1.19,0.831,,0.7,27,12,9.0,1,45,20,25,10,10,3,0,63,0,0,0.397,3.3,30,1,5,1,1.0,0,8,31,0.167,0.167,0.267,0.433,137,76,-0.395,1.21,0.492,,-3.3,27,11,9.0,2,44,8,24,10,13,7,0,70,0,0,-0.103,-0.7
CLE/CLE201408230,"Saturday, August 23, 2014",7:09 p.m. Local,Progressive Field,20785,3:18,Night,Home,Cleveland Indians,CLE,Houston Astros,HOU,29,2,3,1,1.0,3,10,32,0.103,0.188,0.103,0.291,166,85,-0.425,1.8,0.359,,-2.3,25,13,8.1,0,48,18,19,10,9,5,0,45,2,0,-0.076,0.1,33,3,10,3,3.24,3,5,38,0.303,0.361,0.333,0.694,139,102,0.075,1.12,0.971,,-0.1,27,11,9.0,0,61,17,24,16,14,9,0,65,0,0,0.424,2.3
CLE/CLE201408240,"Sunday, August 24, 2014",1:08 p.m. Local,Progressive Field,17123,3:14,Day,Home,Cleveland Indians,CLE,Houston Astros,HOU,34,1,9,1,1.0,4,12,39,0.265,0.359,0.324,0.683,122,112,-0.481,0.78,0.596,,-3.3,24,7,8.0,0,60,21,31,13,9,4,0,48,2,0,-0.019,0.8,31,3,10,3,3.38,1,10,35,0.323,0.333,0.387,0.72,177,82,0.019,1.37,0.494,,-0.8,27,7,9.0,0,46,11,26,13,11,5,0,70,1,0,0.48,3.3
CHA/CHA201408260,"Tuesday, August 26, 2014",7:10 p.m. Local,U.S. Cellular Field,12462,3:48,Night,Away,Cleveland Indians,CLE,Chicago White Sox,CHW,39,8,14,7,7.2,4,10,46,0.359,0.432,0.564,0.996,149,117,0.657,1.66,1.515,,3.5,30,16,10.0,1,65,16,36,13,18,7,0,33,4,0,-0.158,-1.5,36,6,10,6,5.4,2,9,40,0.278,0.333,0.444,0.778,188,94,0.159,1.3,1.221,,1.5,30,12,10.0,1,55,18,21,16,12,9,0,26,3,2,-0.658,-3.5
CHA/CHA201408270,"Wednesday, August 27, 2014",7:10 p.m. Local,U.S. Cellular Field,11976,3:07,Night,Home,Chicago White Sox,CHW,Cleveland Indians,CLE,32,2,7,2,2.0,1,6,35,0.219,0.265,0.344,0.608,131,87,-0.361,1.07,0.704,,-2.0,24,9,8.0,0,52,14,21,10,17,4,0,49,4,0,-0.14,0.6,33,3,10,3,3.38,2,10,35,0.303,0.343,0.455,0.797,135,87,0.138,1.58,0.829,,-0.6,27,10,9.0,1,38,31,18,10,13,8,0,61,2,0,0.361,2.0
CHA/CHA201408280,"Thursday, August 28, 2014",7:10 p.m. Local,U.S. Cellular Field,13016,3:18,Night,Away,Cleveland Indians,CLE,Chicago White Sox,CHW,36,3,9,3,3.0,4,9,40,0.25,0.325,0.361,0.686,143,104,0.018,1.57,0.742,,-1.0,27,7,9.0,0,63,19,22,13,14,8,0,68,3,1,0.482,2.0,34,2,6,2,1.0,1,11,35,0.176,0.2,0.176,0.376,165,100,-0.481,1.12,0.534,,-2.0,27,10,9.0,0,49,25,26,10,13,8,0,57,2,0,-0.019,1.0
KCA/KCA201408290,"Friday, August 29, 2014",7:10 p.m. Local,Kauffman Stadium,31341,3:17,Night,Away,Cleveland Indians,CLE,Kansas City Royals,KCR,39,6,13,6,6.0,2,7,41,0.333,0.366,0.487,0.853,136,107,0.189,0.66,0.491,,1.7,27,8,9.0,0,61,17,30,16,16,10,0,60,3,0,0.311,3.3,36,1,9,1,1.0,3,4,40,0.25,0.325,0.25,0.575,176,88,-0.312,0.5,0.207,,-3.3,27,15,9.0,1,57,8,23,14,18,10,0,41,0,0,-0.19,-1.7
KCA/KCA201408300,"Saturday, August 30, 2014",6:10 p.m. Local,Kauffman Stadium,35089,4:23,Night,Away,Cleveland Indians,CLE,Kansas City Royals,KCR,41,3,9,3,1.64,1,11,42,0.22,0.238,0.366,0.604,214,114,-0.136,2.35,0.802,,-2.3,33,9,11.0,0,64,18,32,13,17,6,0,62,9,1,0.636,3.3,42,2,9,2,0.82,9,13,51,0.214,0.353,0.31,0.662,173,131,-0.635,1.17,1.415,,-3.3,33,10,11.0,0,80,22,29,14,15,8,0,66,1,1,0.136,2.3
KCA/KCA201408310,"Sunday, August 31, 2014",7:08 p.m. Local,Kauffman Stadium,39009,3:24,Night,Away,Cleveland Indians,CLE,Kansas City Royals,KCR,39,4,9,4,0.9,4,9,44,0.231,0.295,0.282,0.578,129,113,0.211,1.81,0.974,,-0.8,30,15,10.0,1,65,13,35,13,18,5,0,68,0,0,0.288,1.8,36,3,9,3,2.7,0,7,38,0.25,0.263,0.361,0.624,174,88,-0.288,1.14,1.14,,-1.8,30,9,10.0,0,49,12,27,19,11,4,0,61,1,0,-0.212,0.8
CLE/CLE201409010,"Monday, September 1, 2014",4:11 p.m. Local,Progressive Field,23296,3:31,Day,Away,Detroit Tigers,DET,Cleveland Indians,CLE,45,12,20,12,12.0,4,7,50,0.444,0.5,0.844,1.344,133,111,0.336,0.64,0.674,,7.7,27,6,9.0,0,63,18,30,17,21,10,0,63,0,0,0.163,3.3,34,1,8,1,1.0,2,11,37,0.235,0.297,0.294,0.591,177,92,-0.163,0.39,0.323,,-3.3,27,13,9.0,5,47,16,29,10,13,2,0,24,4,2,-0.336,-7.7
CLE/CLE201409020,"Tuesday, September 2, 2014",7:06 p.m. Local,Progressive Field,9990,3:52,Night,Away,Detroit Tigers,DET,Cleveland Indians,CLE,40,4,15,4,4.0,3,14,43,0.375,0.419,0.525,0.944,162,122,0.28,0.92,1.902,,-0.3,27,7,9.0,1,71,25,26,16,10,7,0,57,6,0,0.219,2.3,33,2,7,2,2.0,7,11,40,0.212,0.35,0.303,0.653,175,90,-0.221,2.02,0.47,,-2.3,27,9,9.0,1,41,21,28,10,12,5,0,53,3,0,-0.28,0.3
CLE/CLE201409030,"Wednesday, September 3, 2014",7:07 p.m. Local,Progressive Field,11739,2:37,Night,Home,Cleveland Indians,CLE,Detroit Tigers,DET,33,0,8,0,0.0,0,9,33,0.242,0.242,0.273,0.515,131,83,-0.294,0.35,0.261,,-4.3,24,10,8.0,1,49,20,14,10,14,8,0,36,1,1,-0.207,-3.2,34,7,11,7,6.75,1,8,35,0.324,0.343,0.559,0.902,118,83,0.208,0.69,0.407,,3.2,27,10,9.0,0,50,14,19,12,14,10,0,80,,,0.294,4.3
CLE/CLE201409040,"Thursday, September 4, 2014",7:07 p.m. Local,Progressive Field,11935,4:32,Night,Away,Detroit Tigers,DET,Cleveland Indians,CLE,45,11,12,10,9.0,7,9,54,0.267,0.389,0.4,0.789,195,112,0.285,1.36,1.261,,5.7,33,6,11.0,0,67,20,25,21,15,8,0,57,1,1,0.215,1.3,39,4,7,4,2.45,4,10,44,0.179,0.25,0.282,0.532,198,125,-0.215,1.36,0.883,,-1.3,33,16,11.0,1,76,23,26,7,23,5,0,41,2,0,-0.285,-5.7
CLE/CLE201409050,"Friday, September 5, 2014",7:05 p.m. Local,Progressive Field,15531,3:13,Night,Home,Cleveland Indians,CLE,Chicago White Sox,CHW,37,1,9,1,0.9,3,11,42,0.243,0.317,0.405,0.722,155,99,-0.688,1.32,0.656,,-3.8,28,14,9.1,0,56,19,24,17,10,5,0,62,5,1,0.188,1.2,33,2,7,2,1.93,3,7,36,0.212,0.278,0.273,0.551,162,102,-0.187,1.77,0.677,,-1.2,30,13,10.0,1,61,13,28,14,12,7,0,66,2,0,0.688,3.8
CLE/CLE201409060,"Saturday, September 6, 2014",7:06 p.m. Local,Progressive Field,17367,2:46,Night,Home,Cleveland Indians,CLE,Chicago White Sox,CHW,33,1,5,0,0.0,0,8,33,0.152,0.152,0.182,0.333,134,74,-0.441,1.1,0.337,,-3.3,24,3,8.0,1,44,11,19,17,8,5,0,60,0,0,-0.058,0.8,33,3,9,3,3.38,2,7,35,0.273,0.314,0.455,0.769,104,83,0.057,1.13,0.737,,-0.8,27,15,9.0,0,45,13,25,7,19,6,0,83,,,0.442,3.3
CLE/CLE201409070,"Sunday, September 7, 2014",1:05 p.m. Local,Progressive Field,17957,2:36,Day,Home,Cleveland Indians,CLE,Chicago White Sox,CHW,31,0,4,0,0.0,0,8,31,0.129,0.129,0.194,0.323,117,76,-0.644,0.81,0.236,,-4.3,24,15,8.0,0,43,19,14,14,9,7,0,55,4,1,0.145,1.8,29,2,8,2,2.25,2,1,32,0.276,0.323,0.345,0.667,106,70,-0.144,1.27,0.344,,-1.8,27,13,9.0,0,44,2,24,17,12,7,0,84,2,0,0.644,4.3
CLE/CLE201409080,"Monday, September 8, 2014",1:07 p.m. Local,Progressive Field,15116,3:16,Day,Away,Los Angeles Angels of Anaheim,LAA,Cleveland Indians,CLE,40,12,16,11,12.0,4,6,44,0.4,0.455,0.725,1.18,147,112,0.304,0.57,0.687,,7.7,27,7,9.0,1,69,17,26,15,19,6,0,48,0,0,0.196,1.3,34,3,8,3,3.0,4,4,38,0.235,0.316,0.382,0.698,176,89,-0.196,0.57,0.267,,-1.3,27,13,9.0,4,52,9,28,10,20,9,0,26,2,2,-0.303,-7.7
CLE/CLE201409090,"Tuesday, September 9, 2014",7:07 p.m. Local,Progressive Field,9489,3:04,Night,Away,Minnesota Twins,MIN,Cleveland Indians,CLE,31,4,5,4,4.0,2,9,34,0.161,0.235,0.323,0.558,168,80,0.125,1.5,0.579,,-0.3,27,6,9.0,0,42,14,24,8,14,6,0,48,3,1,0.375,1.3,33,3,9,3,3.0,4,5,38,0.273,0.342,0.394,0.736,123,100,-0.375,0.69,0.688,,-1.3,27,10,9.0,1,61,14,25,10,19,10,0,65,1,0,-0.125,0.3
CLE/CLE201409111,"Thursday, September 11, 2014",12:07 p.m. Local,Progressive Field,,2:40,Day,Home,Cleveland Indians,CLE,Minnesota Twins,MIN,34,2,8,2,2.0,0,7,34,0.235,0.235,0.265,0.5,140,87,-0.093,0.34,0.178,,-2.3,24,7,8.0,2,51,11,25,14,13,8,0,15,0,0,-0.408,-4.2,33,8,10,8,9.0,4,4,38,0.303,0.368,0.515,0.884,118,82,0.406,0.36,0.559,,4.2,27,12,9.0,0,51,7,24,11,19,9,0,66,2,0,0.093,2.3
CLE/CLE201409112,"Thursday, September 11, 2014",3:22 p.m. Local,Progressive Field,12637,2:33,Day,Home,Cleveland Indians,CLE,Minnesota Twins,MIN,29,0,4,0,0.0,1,10,31,0.138,0.194,0.138,0.331,136,79,-0.64,0.8,0.32,,-4.3,24,6,8.0,1,41,14,24,8,11,6,0,66,2,0,0.139,1.8,32,2,8,2,2.25,1,7,33,0.25,0.273,0.344,0.616,127,85,-0.138,1.43,0.342,,-1.8,27,12,9.0,0,51,10,24,11,14,8,0,77,0,0,0.639,4.3
DET/DET201409120,"Friday, September 12, 2014",7:08 p.m. Local,Comerica Park,38341,3:07,Night,Home,Detroit Tigers,DET,Cleveland Indians,CLE,35,2,9,2,2.0,1,8,36,0.257,0.278,0.4,0.678,133,92,-0.28,0.69,0.281,,-2.2,24,13,8.0,1,53,7,32,15,12,4,0,46,3,2,-0.22,-3.3,35,7,11,7,7.88,3,6,38,0.314,0.368,0.486,0.854,132,91,0.22,0.72,0.587,,3.3,27,11,9.0,1,59,9,23,17,12,9,0,66,1,0,0.28,2.2
DET/DET201409130,"Saturday, September 13, 2014",7:08 p.m. Local,Comerica Park,41190,3:14,Night,Home,Detroit Tigers,DET,Cleveland Indians,CLE,32,4,9,4,4.0,2,6,36,0.281,0.324,0.438,0.761,130,96,-0.032,1.69,0.775,,-0.2,24,5,8.0,2,53,13,30,12,16,9,0,51,3,0,-0.468,-1.3,29,5,8,5,5.62,3,10,34,0.276,0.333,0.517,0.851,147,80,0.467,1.32,1.374,,1.2,27,11,9.0,1,42,19,21,5,16,8,0,40,0,0,0.032,0.2
DET/DET201409140,"Sunday, September 14, 2014",1:09 p.m. Local,Comerica Park,39395,3:56,Day,Home,Detroit Tigers,DET,Cleveland Indians,CLE,35,4,10,4,4.0,5,7,43,0.286,0.395,0.314,0.71,143,100,-0.067,1.22,1.067,,-0.2,24,9,8.0,2,66,12,22,9,20,9,0,51,8,1,-0.432,-2.3,32,6,11,5,5.62,5,6,40,0.344,0.462,0.531,0.993,167,80,0.434,1.7,1.197,,2.3,27,6,9.0,0,45,11,25,12,15,7,0,48,5,2,0.066,0.2
HOU/HOU201409150,"Monday, September 15, 2014",7:13 p.m. Local,Minute Maid Park,17403,2:45,Night,Home,Houston Astros,HOU,Cleveland Indians,CLE,34,1,7,1,0.0,0,9,35,0.206,0.206,0.235,0.441,129,80,-0.512,0.78,0.279,,-3.2,24,7,8.0,0,39,13,28,13,13,7,0,56,1,0,0.011,0.7,31,3,9,3,3.38,0,7,32,0.29,0.281,0.419,0.701,120,89,-0.01,1.04,0.422,,-0.7,27,11,9.0,0,52,13,24,10,15,6,0,69,1,0,0.511,3.2
HOU/HOU201409160,"Tuesday, September 16, 2014",7:12 p.m. Local,Minute Maid Park,18381,3:18,Night,Away,Cleveland Indians,CLE,Houston Astros,HOU,34,4,7,3,3.0,3,8,37,0.206,0.27,0.294,0.564,150,104,0.13,1.37,0.597,,-0.2,27,3,9.0,0,59,17,28,7,19,7,0,71,2,0,0.37,2.2,36,2,9,2,2.0,3,17,39,0.25,0.308,0.278,0.585,167,104,-0.371,0.74,0.6,,-2.2,27,5,9.0,1,46,24,34,8,11,6,0,55,0,0,-0.13,0.2
HOU/HOU201409170,"Wednesday, September 17, 2014",7:12 p.m. Local,Minute Maid Park,18474,2:20,Night,Away,Cleveland Indians,CLE,Houston Astros,HOU,35,2,7,2,2.0,0,3,35,0.2,0.2,0.286,0.486,98,77,-0.099,1.09,0.406,,-2.2,27,4,9.0,0,48,4,25,10,22,7,0,94,,,0.598,4.2,29,0,2,0,0.0,1,12,30,0.069,0.1,0.069,0.169,108,74,-0.598,0.71,0.17,,-4.2,27,6,9.0,0,37,21,16,6,11,3,0,60,1,0,0.098,2.2
HOU/HOU201409180,"Thursday, September 18, 2014",7:11 p.m. Local,Minute Maid Park,16417,4:32,Night,Away,Cleveland Indians,CLE,Houston Astros,HOU,45,2,8,2,1.38,5,6,51,0.178,0.255,0.244,0.499,179,107,-0.426,1.53,1.386,,-4.0,39,8,13.0,0,61,10,36,20,20,8,0,72,1,0,0.924,5.0,44,1,8,1,0.69,3,14,48,0.182,0.234,0.182,0.416,184,117,-0.926,2.02,0.577,,-5.0,39,17,13.0,0,68,23,27,13,18,5,0,71,4,1,0.425,4.0
MIN/MIN201409190,"Friday, September 19, 2014",7:11 p.m. Local,Target Field,28400,3:27,Night,Home,Minnesota Twins,MIN,Cleveland Indians,CLE,41,4,11,4,3.6,0,5,42,0.268,0.262,0.439,0.701,161,95,-0.011,2.2,0.803,,-0.7,28,9,9.1,2,60,4,31,17,20,15,0,58,11,2,-0.491,-1.8,39,5,11,5,4.82,2,12,41,0.282,0.317,0.462,0.779,127,103,0.489,1.11,1.69,,1.8,30,10,10.0,1,61,15,27,12,15,7,0,46,2,0,0.01,0.7
MIN/MIN201409200,"Saturday, September 20, 2014",7:11 p.m. Local,Target Field,28316,3:14,Night,Away,Cleveland Indians,CLE,Minnesota Twins,MIN,36,7,10,7,7.0,4,5,40,0.278,0.35,0.472,0.822,152,95,0.387,0.94,0.739,,2.7,27,11,9.0,1,56,12,27,13,18,6,0,51,5,0,0.114,1.3,36,3,10,3,3.0,1,14,37,0.278,0.297,0.389,0.686,162,108,-0.115,0.56,0.425,,-1.3,27,6,9.0,1,59,21,28,13,9,7,0,21,1,0,-0.386,-2.7
MIN/MIN201409210,"Sunday, September 21, 2014",1:13 p.m. Local,Target Field,24451,3:08,Day,Away,Cleveland Indians,CLE,Minnesota Twins,MIN,39,7,14,5,5.0,4,6,45,0.359,0.4,0.436,0.836,136,98,0.356,0.63,0.795,,2.7,27,2,9.0,0,59,12,27,15,20,11,0,73,0,0,0.144,2.3,34,2,7,2,2.0,1,15,35,0.206,0.229,0.294,0.523,149,92,-0.145,0.76,0.301,,-2.3,27,9,9.0,0,52,16,24,5,14,6,0,31,5,1,-0.356,-2.7
CLE/CLE201409220,"Monday, September 22, 2014",7:07 p.m. Local,Progressive Field,10458,3:03,Night,Away,Kansas City Royals,KCR,Cleveland Indians,CLE,35,2,8,2,2.0,1,11,36,0.229,0.25,0.257,0.507,141,90,-0.114,1.39,0.38,,-2.3,27,9,9.0,0,46,20,24,8,16,10,0,63,0,0,0.614,4.3,33,0,7,0,0.0,3,9,36,0.212,0.278,0.242,0.52,124,86,-0.613,0.74,0.431,,-4.3,27,6,9.0,0,46,13,28,12,12,8,0,64,2,0,0.114,2.3
CLE/CLE201409230,"Tuesday, September 23, 2014",7:07 p.m. Local,Progressive Field,11735,2:57,Night,Away,Kansas City Royals,KCR,Cleveland Indians,CLE,39,7,13,7,7.0,3,11,42,0.333,0.381,0.487,0.868,143,87,0.232,0.47,0.649,,2.7,27,13,9.0,0,52,18,17,12,16,11,0,71,0,0,0.268,3.3,32,1,5,0,0.0,4,6,36,0.156,0.25,0.188,0.438,145,83,-0.269,0.62,0.095,,-3.3,27,10,9.0,0,59,7,17,16,10,4,0,33,4,1,-0.233,-2.7
CLE/CLE201409240,"Wednesday, September 24, 2014",7:12 p.m. Local,Progressive Field,13796,3:29,Night,Home,Cleveland Indians,CLE,Kansas City Royals,KCR,36,4,10,4,4.0,4,5,41,0.278,0.366,0.333,0.699,152,91,-0.033,0.73,0.904,,-0.3,24,8,8.0,1,54,10,27,12,19,13,0,36,3,2,-0.466,-2.2,29,6,7,6,6.75,6,3,37,0.241,0.378,0.448,0.827,144,86,0.468,1.41,0.778,,2.2,27,9,9.0,0,49,15,22,12,15,7,0,30,2,0,0.035,0.3
CLE/CLE201409260,"Friday, September 26, 2014",7:06 p.m. Local,Progressive Field,23131,2:33,Night,Home,Cleveland Indians,CLE,Tampa Bay Rays,TBR,31,0,5,0,0.0,2,12,33,0.161,0.212,0.226,0.438,115,82,-0.733,0.64,0.196,,-4.3,24,8,8.0,1,50,9,23,10,9,4,0,73,1,0,0.232,2.8,26,1,3,1,1.12,2,6,28,0.115,0.179,0.231,0.409,116,79,-0.232,1.29,0.176,,-2.8,27,9,9.0,0,48,12,19,8,12,4,0,81,0,0,0.731,4.3
CLE/CLE201409270,"Saturday, September 27, 2014",6:05 p.m. Local,Progressive Field,33025,2:55,Night,Away,Tampa Bay Rays,TBR,Cleveland Indians,CLE,32,2,5,2,1.0,3,11,35,0.156,0.229,0.156,0.385,118,84,-0.153,1.23,0.569,,-2.3,27,5,9.0,0,43,16,25,15,6,3,0,70,0,0,0.653,4.3,31,0,5,0,0.0,1,11,32,0.161,0.188,0.161,0.349,124,79,-0.655,1.01,0.222,,-4.3,27,11,9.0,0,43,16,20,8,12,7,0,72,1,1,0.153,2.3
CLE/CLE201409280,"Sunday, September 28, 2014",1:05 p.m. Local,Progressive Field,21400,2:28,Day,Home,Cleveland Indians,CLE,Tampa Bay Rays,TBR,30,2,7,2,2.0,1,8,33,0.233,0.273,0.367,0.639,139,68,-0.211,0.68,0.415,,-2.3,24,7,8.0,2,37,15,16,14,9,5,0,41,2,1,-0.29,-3.2,37,7,14,7,7.88,1,7,39,0.378,0.385,0.649,1.033,96,99,0.29,0.85,0.726,,3.2,27,14,9.0,1,60,13,26,16,15,10,0,55,0,0,0.209,2.3
