,date,time,venue,attendance,duration,time_of_day,winner,winning_name,winning_abbr,losing_name,losing_abbr,away_at_bats,away_runs,away_hits,away_rbi,away_earned_runs,away_bases_on_balls,away_strikeouts,away_plate_appearances,away_batting_average,away_on_base_percentage,away_slugging_percentage,away_on_base_plus,away_pitches,away_strikes,away_win_probability_for_offensive_player,away_average_leverage_index,away_win_probability_added,away_win_probability_subtracted,away_base_out_runs_added,away_putouts,away_assists,away_innings_pitched,away_home_runs,away_strikes_by_contact,away_strikes_swinging,away_strikes_looking,away_grounded_balls,away_fly_balls,away_line_drives,away_unknown_bat_type,away_game_score,away_inherited_runners,away_inherited_score,away_win_probability_by_pitcher,away_base_out_runs_saved,home_at_bats,home_runs,home_hits,home_rbi,home_earned_runs,home_bases_on_balls,home_strikeouts,home_plate_appearances,home_batting_average,home_on_base_percentage,home_slugging_percentage,home_on_base_plus,home_pitches,home_strikes,home_win_probability_for_offensive_player,home_average_leverage_index,home_win_probability_added,home_win_probability_subtracted,home_base_out_runs_added,home_putouts,home_assists,home_innings_pitched,home_home_runs,home_strikes_by_contact,home_strikes_swinging,home_strikes_looking,home_grounded_balls,home_fly_balls,home_line_drives,home_unknown_bat_type,home_game_score,home_inherited_runners,home_inherited_score,home_win_probability_by_pitcher,home_base_out_runs_saved
DET/DET201403310,"Monday, March 31, 2014",1:09 p.m. Local,Comerica Park,45068,3:01,Day,Home,Detroit Tigers,DET,Kansas City Royals,KCR,35,3,7,3,2.0,3,2,38,0.2,0.263,0.286,0.549,155,90,-0.152,1.45,0.626,,-1.2,25,9,8.1,1,56,9,25,18,15,3,0,53,4,3,-0.349,-0.7,32,4,8,3,4.32,3,4,35,0.25,0.314,0.5,0.814,141,98,0.349,1.2,1.173,,0.7,27,15,9.0,0,60,14,24,11,17,6,0,49,0,0,0.152,1.2
DET/DET201404020,"Wednesday, April 2, 2014",1:08 p.m. Local,Comerica Park,26906,3:22,Day,Home,Detroit Tigers,DET,Kansas City Royals,KCR,33,1,6,1,0.9,3,7,37,0.182,0.243,0.212,0.455,158,94,-0.482,1.27,0.847,,-3.7,29,7,9.2,1,56,13,25,10,17,6,0,68,0,0,-0.019,2.3,33,2,6,2,1.86,3,8,37,0.182,0.25,0.303,0.553,144,100,0.021,2.17,0.773,,-2.3,30,9,10.0,0,53,19,29,8,18,6,0,80,0,0,0.481,3.7
KCA/KCA201404040,"Friday, April 4, 2014",3:11 p.m. Local,Kauffman Stadium,40103,3:37,Day,Home,Kansas City Royals,KCR,Chicago White Sox,CHW,34,5,9,5,4.0,4,8,41,0.265,0.341,0.324,0.665,166,105,-0.147,0.67,0.628,,0.7,24,11,8.0,0,61,16,28,13,15,3,0,15,2,0,-0.354,-3.1,36,7,13,6,7.88,6,3,43,0.361,0.465,0.444,0.91,171,88,0.355,1.19,0.734,,3.1,27,8,9.0,0,61,7,20,16,17,5,0,38,5,3,0.146,-0.7
KCA/KCA201404050,"Saturday, April 5, 2014",1:10 p.m. Local,Kauffman Stadium,21463,2:59,Day,Home,Kansas City Royals,KCR,Chicago White Sox,CHW,35,3,9,3,3.0,2,10,39,0.257,0.308,0.286,0.593,134,95,-0.189,1.14,1.04,,-1.3,24,10,8.0,0,46,20,29,12,14,7,0,57,1,1,-0.311,-0.1,28,4,7,4,4.5,5,7,34,0.25,0.353,0.357,0.71,154,86,0.311,1.96,0.907,,0.1,27,8,9.0,0,52,13,21,9,13,4,0,62,1,0,0.189,1.3
KCA/KCA201404060,"Sunday, April 6, 2014",1:10 p.m. Local,Kauffman Stadium,29760,2:49,Day,Away,Chicago White Sox,CHW,Kansas City Royals,KCR,34,5,8,4,5.0,2,7,38,0.235,0.316,0.324,0.639,131,90,-0.102,1.11,0.616,,0.7,27,13,9.0,0,53,17,20,17,10,5,0,79,0,0,0.602,3.3,32,1,7,1,1.0,1,6,33,0.219,0.242,0.219,0.461,146,86,-0.602,0.95,0.265,,-3.3,27,14,9.0,0,51,10,27,15,11,5,0,69,2,2,0.103,-0.7
KCA/KCA201404070,"Monday, April 7, 2014",7:10 p.m. Local,Kauffman Stadium,12087,2:56,Night,Home,Kansas City Royals,KCR,Tampa Bay Rays,TBR,34,2,6,2,2.0,1,3,35,0.176,0.2,0.294,0.494,137,85,-0.427,0.86,0.24,,-2.3,24,11,8.0,0,55,7,23,15,16,5,0,51,1,1,-0.073,-0.1,30,4,8,4,4.5,4,5,35,0.267,0.371,0.367,0.738,128,79,0.073,0.89,0.564,,0.1,27,11,9.0,1,43,6,30,14,11,8,0,71,0,0,0.427,2.3
KCA/KCA201404080,"Tuesday, April 8, 2014",7:10 p.m. Local,Kauffman Stadium,13905,3:13,Night,Away,Tampa Bay Rays,TBR,Kansas City Royals,KCR,31,1,4,1,1.0,1,11,33,0.129,0.182,0.161,0.343,133,101,-0.234,1.96,0.693,,-3.4,27,12,9.0,0,57,11,33,10,10,2,0,67,2,0,0.736,4.3,34,0,9,0,0.0,3,8,37,0.265,0.324,0.265,0.589,159,88,-0.734,1.49,0.719,,-4.3,27,8,9.0,0,43,12,33,13,13,5,0,74,0,0,0.235,3.3
KCA/KCA201404090,"Wednesday, April 9, 2014",1:11 p.m. Local,Kauffman Stadium,13612,2:46,Day,Home,Kansas City Royals,KCR,Tampa Bay Rays,TBR,34,3,8,3,3.0,1,4,36,0.235,0.278,0.382,0.66,128,89,-0.17,0.73,0.243,,-1.3,24,10,8.0,1,52,6,31,14,16,6,0,22,0,0,-0.331,-3.1,32,7,10,7,7.88,2,6,35,0.312,0.343,0.469,0.812,136,80,0.331,0.58,0.681,,3.1,27,12,9.0,1,50,12,19,15,12,3,0,68,0,0,0.169,1.3
MIN/MIN201404110,"Friday, April 11, 2014",7:10 p.m. Local,Target Field,24338,3:13,Night,Home,Minnesota Twins,MIN,Kansas City Royals,KCR,31,1,5,1,1.0,4,4,35,0.161,0.257,0.194,0.451,191,82,-0.142,0.45,0.273,,-3.3,24,8,8.0,1,57,9,16,14,13,3,0,24,2,2,-0.358,-6.2,36,10,11,9,10.12,7,8,43,0.306,0.419,0.528,0.946,139,96,0.359,0.72,0.621,,6.2,27,13,9.0,0,54,15,27,12,16,8,0,58,2,0,0.142,3.3
MIN/MIN201404120,"Saturday, April 12, 2014",1:11 p.m. Local,Target Field,23963,2:35,Day,Home,Minnesota Twins,MIN,Kansas City Royals,KCR,33,1,6,1,1.0,1,5,34,0.182,0.206,0.333,0.539,160,66,-0.146,0.36,0.064,,-3.3,24,4,8.0,2,41,6,19,17,11,2,0,43,1,0,-0.355,-3.2,32,7,6,6,1.12,3,8,35,0.188,0.257,0.375,0.632,117,95,0.355,0.27,0.461,,3.2,27,12,9.0,0,52,13,30,7,17,10,0,71,0,0,0.145,3.3
MIN/MIN201404130,"Sunday, April 13, 2014",1:12 p.m. Local,Target Field,20878,2:47,Day,Home,Minnesota Twins,MIN,Kansas City Royals,KCR,32,3,7,2,3.0,1,5,34,0.219,0.242,0.281,0.524,153,68,-0.009,1.73,0.887,,-1.3,24,10,8.0,1,43,4,21,13,15,5,0,60,2,2,-0.491,-0.2,27,4,5,2,2.25,6,7,33,0.185,0.333,0.296,0.63,106,89,0.492,1.51,1.346,,0.2,27,12,9.0,0,39,13,37,10,10,5,0,54,3,2,0.01,1.3
HOU/HOU201404150,"Tuesday, April 15, 2014",7:15 p.m. Local,Minute Maid Park,29778,2:45,Night,Away,Kansas City Royals,KCR,Houston Astros,HOU,33,4,7,4,4.0,3,7,37,0.212,0.27,0.394,0.664,132,89,0.12,1.16,0.527,,-0.2,27,8,9.0,1,54,11,24,14,13,6,0,67,0,0,0.38,2.2,31,2,4,1,1.0,3,12,34,0.129,0.206,0.258,0.464,148,85,-0.379,0.73,0.424,,-2.2,27,13,9.0,1,44,20,21,9,10,2,0,42,0,0,-0.121,0.2
HOU/HOU201404160,"Wednesday, April 16, 2014",7:12 p.m. Local,Minute Maid Park,23043,4:05,Night,Away,Kansas City Royals,KCR,Houston Astros,HOU,43,6,13,6,4.91,3,8,48,0.302,0.362,0.442,0.804,191,121,0.21,1.6,1.489,,0.9,33,15,11.0,2,71,15,35,25,11,4,0,46,0,0,0.289,1.1,43,4,10,4,3.27,5,12,49,0.233,0.327,0.372,0.699,193,121,-0.29,1.61,1.142,,-1.1,33,14,11.0,2,56,24,41,15,16,8,0,56,5,2,-0.211,-0.9
HOU/HOU201404170,"Thursday, April 17, 2014",7:11 p.m. Local,Minute Maid Park,26333,2:37,Night,Away,Kansas City Royals,KCR,Houston Astros,HOU,34,5,9,5,4.0,1,3,35,0.265,0.286,0.353,0.639,121,80,0.211,0.67,0.505,,0.8,27,7,9.0,0,51,6,23,22,9,6,0,80,0,0,0.287,3.2,30,1,5,1,1.0,2,13,33,0.167,0.212,0.167,0.379,118,73,-0.287,0.57,0.141,,-3.2,27,19,9.0,0,28,17,28,12,6,2,0,37,0,0,-0.213,-0.8
KCA/KCA201404180,"Friday, April 18, 2014",7:11 p.m. Local,Kauffman Stadium,21192,2:39,Night,Home,Kansas City Royals,KCR,Minnesota Twins,MIN,33,0,8,0,0.0,1,5,34,0.242,0.265,0.242,0.507,134,90,-0.345,0.57,0.127,,-4.3,24,14,8.0,1,46,13,31,10,18,8,0,30,1,0,-0.156,-1.1,34,5,11,5,5.62,1,4,35,0.324,0.343,0.471,0.813,140,92,0.156,0.61,0.44,,1.1,27,11,9.0,0,57,9,26,17,13,4,0,66,0,0,0.344,4.3
KCA/KCA201404190,"Saturday, April 19, 2014",1:10 p.m. Local,Kauffman Stadium,24291,2:54,Day,Home,Kansas City Royals,KCR,Minnesota Twins,MIN,34,4,8,4,4.0,5,12,39,0.235,0.333,0.353,0.686,130,99,-0.277,1.16,0.83,,-0.4,24,8,8.0,0,54,14,31,9,13,8,0,36,0,0,-0.222,-1.1,33,5,10,4,4.5,2,5,37,0.303,0.351,0.424,0.776,151,83,0.222,1.48,0.866,,1.1,27,7,9.0,1,58,9,16,13,16,8,0,37,0,0,0.277,0.3
KCA/KCA201404200,"Sunday, April 20, 2014",1:11 p.m. Local,Kauffman Stadium,17710,3:08,Day,Away,Minnesota Twins,MIN,Kansas City Royals,KCR,38,8,13,8,8.0,8,11,46,0.342,0.457,0.553,1.009,129,115,0.254,0.72,0.566,,3.7,27,5,9.0,1,64,15,36,9,18,9,0,44,0,0,0.247,1.3,37,3,11,3,3.0,1,6,38,0.297,0.316,0.432,0.748,191,93,-0.246,0.48,0.286,,-1.3,27,8,9.0,1,58,9,26,8,23,9,0,36,1,0,-0.253,-3.7
CLE/CLE201404210,"Monday, April 21, 2014",7:05 p.m. Local,Progressive Field,10789,2:37,Night,Home,Cleveland Indians,CLE,Kansas City Royals,KCR,32,3,6,2,2.0,1,4,34,0.188,0.212,0.344,0.556,123,90,-0.276,0.98,0.737,,-1.3,24,6,8.0,2,60,7,23,14,15,9,0,40,2,0,-0.223,-0.2,34,4,11,4,4.5,0,3,34,0.324,0.324,0.647,0.971,128,86,0.223,1.35,0.831,,0.2,27,14,9.0,0,58,5,23,11,20,7,0,51,1,0,0.276,1.3
CLE/CLE201404220,"Tuesday, April 22, 2014",7:08 p.m. Local,Progressive Field,8848,3:34,Night,Away,Kansas City Royals,KCR,Cleveland Indians,CLE,38,8,13,8,7.0,6,7,44,0.342,0.432,0.526,0.958,159,99,0.341,0.85,0.82,,3.7,27,6,9.0,0,59,12,29,15,16,8,0,62,0,0,0.161,2.3,37,2,9,2,1.0,1,11,39,0.243,0.282,0.297,0.579,170,100,-0.159,0.67,0.441,,-2.3,27,10,9.0,1,56,12,32,14,12,6,0,35,4,0,-0.339,-3.7
CLE/CLE201404230,"Wednesday, April 23, 2014",7:04 p.m. Local,Progressive Field,9311,3:05,Night,Home,Cleveland Indians,CLE,Kansas City Royals,KCR,37,3,10,3,2.0,2,9,39,0.27,0.308,0.432,0.74,150,91,-0.214,1.16,0.874,,-1.3,24,9,8.0,0,47,15,29,19,9,5,0,50,0,0,-0.286,-1.2,33,5,11,4,4.5,4,5,38,0.333,0.421,0.424,0.845,136,92,0.286,1.57,1.095,,1.2,27,14,9.0,2,49,13,30,10,18,12,0,51,5,0,0.214,1.3
CLE/CLE201404240,"Thursday, April 24, 2014",12:06 p.m. Local,Progressive Field,10440,2:15,Day,Home,Cleveland Indians,CLE,Kansas City Royals,KCR,31,1,4,0,0.0,0,11,31,0.129,0.129,0.129,0.258,115,75,-0.331,0.66,0.09,,-3.3,24,4,8.0,0,34,11,30,17,3,1,0,32,1,0,-0.169,-1.2,29,5,7,5,5.62,1,6,31,0.241,0.267,0.345,0.611,101,74,0.171,0.6,0.497,,1.2,27,13,9.0,0,51,8,15,9,15,2,0,88,,,0.33,3.3
BAL/BAL201404250,"Friday, April 25, 2014",8:00 p.m. Local,Oriole Park at Camden Yards,22478,2:40,Night,Away,Kansas City Royals,KCR,Baltimore Orioles,BAL,37,5,11,5,5.0,4,5,41,0.297,0.366,0.324,0.69,124,91,0.084,1.04,0.51,,0.7,27,11,9.0,0,59,6,26,14,18,11,0,74,0,0,0.416,4.3,33,0,7,0,0.0,2,10,36,0.212,0.278,0.212,0.49,149,83,-0.418,0.64,0.344,,-4.3,27,10,9.0,0,41,20,22,12,11,6,0,43,2,1,-0.084,-0.7
BAL/BAL201404260,"Saturday, April 26, 2014",7:06 p.m. Local,Oriole Park at Camden Yards,34941,3:09,Night,Home,Baltimore Orioles,BAL,Kansas City Royals,KCR,39,2,11,2,1.8,2,7,43,0.282,0.317,0.359,0.676,143,90,-0.539,1.5,0.713,,-2.8,28,13,9.1,0,56,12,22,17,17,4,0,59,3,1,0.039,0.2,36,3,8,3,1.93,1,6,39,0.222,0.263,0.278,0.541,141,100,-0.04,1.61,0.952,,-0.2,30,12,10.0,0,66,9,25,16,15,6,0,55,3,0,0.54,2.8
BAL/BAL201404270,"Sunday, April 27, 2014",1:35 p.m. Local,Oriole Park at Camden Yards,38368,3:08,Day,Away,Kansas City Royals,KCR,Baltimore Orioles,BAL,39,9,13,9,8.0,4,4,44,0.333,0.386,0.487,0.874,140,108,0.314,0.7,0.634,,4.7,27,8,9.0,1,68,11,29,19,17,4,0,67,0,0,0.187,1.3,32,3,5,2,3.0,2,10,34,0.156,0.206,0.281,0.487,176,96,-0.187,0.52,0.315,,-1.3,27,12,9.0,1,52,16,28,11,11,1,0,49,1,0,-0.313,-4.7
KCA/KCA201404290,"Tuesday, April 29, 2014",7:37 p.m. Local,Kauffman Stadium,10705,3:08,Night,Home,Kansas City Royals,KCR,Toronto Blue Jays,TOR,38,7,12,6,7.0,3,7,42,0.316,0.366,0.605,0.971,164,86,0.206,1.51,0.787,,2.7,24,5,8.0,1,53,8,25,12,20,13,0,55,6,5,-0.706,-6.1,34,10,11,8,10.12,5,5,39,0.324,0.41,0.5,0.91,133,102,0.707,0.91,1.568,,6.1,27,10,9.0,2,66,13,23,14,15,4,0,38,1,0,-0.205,-2.7
KCA/KCA201404300,"Wednesday, April 30, 2014",7:11 p.m. Local,Kauffman Stadium,11715,2:59,Night,Home,Kansas City Royals,KCR,Toronto Blue Jays,TOR,34,2,7,2,2.0,6,11,41,0.206,0.341,0.265,0.606,117,109,-0.292,1.04,0.978,,-2.3,24,5,8.0,0,56,23,30,8,15,10,0,55,0,0,-0.21,-0.1,28,4,6,4,4.5,1,5,31,0.214,0.233,0.393,0.626,178,77,0.21,1.81,0.716,,0.1,27,6,9.0,0,57,9,11,10,15,7,0,65,2,2,0.29,2.3
KCA/KCA201405010,"Thursday, May 1, 2014",7:12 p.m. Local,Kauffman Stadium,11207,2:35,Night,Away,Toronto Blue Jays,TOR,Kansas City Royals,KCR,38,7,11,7,7.0,6,6,44,0.289,0.386,0.474,0.86,116,106,0.378,1.12,0.92,,2.7,27,9,9.0,0,64,12,30,12,20,7,0,52,0,0,0.121,1.3,33,3,7,2,2.0,2,5,35,0.212,0.257,0.303,0.56,167,81,-0.122,0.88,0.66,,-1.3,27,7,9.0,2,54,5,22,12,16,7,0,42,3,2,-0.379,-2.7
KCA/KCA201405020,"Friday, May 2, 2014",7:11 p.m. Local,Kauffman Stadium,28021,2:41,Night,Away,Detroit Tigers,DET,Kansas City Royals,KCR,40,8,14,7,7.0,1,5,42,0.35,0.381,0.55,0.931,116,93,0.355,0.55,0.794,,3.7,27,10,9.0,1,62,12,19,11,24,13,0,67,0,0,0.144,2.3,30,2,4,2,2.0,0,6,31,0.133,0.129,0.333,0.462,139,79,-0.144,0.72,0.198,,-2.3,27,6,9.0,1,48,7,24,12,13,6,0,21,3,2,-0.356,-3.7
KCA/KCA201405030,"Saturday, May 3, 2014",6:11 p.m. Local,Kauffman Stadium,29200,2:55,Night,Away,Detroit Tigers,DET,Kansas City Royals,KCR,35,9,12,9,9.0,6,5,43,0.343,0.419,0.6,1.019,126,93,0.055,0.78,0.619,,4.7,27,10,9.0,0,62,12,19,12,20,8,0,77,0,0,0.445,2.3,30,2,5,2,2.0,2,7,33,0.167,0.212,0.267,0.479,160,84,-0.444,0.88,0.151,,-2.3,27,11,9.0,1,51,12,21,9,15,5,0,52,2,2,-0.056,-4.7
KCA/KCA201405040,"Sunday, May 4, 2014",1:12 p.m. Local,Kauffman Stadium,22504,3:11,Day,Away,Detroit Tigers,DET,Kansas City Royals,KCR,43,9,16,9,9.0,3,7,46,0.372,0.413,0.581,0.994,150,117,0.312,0.39,0.677,,4.7,27,4,9.0,0,71,18,28,15,21,8,0,60,0,0,0.188,0.3,33,4,7,4,4.0,5,8,39,0.212,0.308,0.333,0.641,184,92,-0.188,0.55,0.124,,-0.3,27,8,9.0,2,53,15,24,7,19,10,0,18,0,0,-0.313,-4.7
SDN/SDN201405050,"Monday, May 5, 2014",7:11 p.m. Local,Petco Park,14089,3:57,Night,Home,San Diego Padres,SDP,Kansas City Royals,KCR,48,5,16,5,3.75,2,4,52,0.333,0.36,0.458,0.818,190,121,0.329,1.75,1.471,,0.1,34,13,11.1,2,81,11,29,21,25,14,0,60,1,1,-0.83,-1.6,43,6,9,6,4.76,2,14,46,0.209,0.244,0.465,0.71,184,125,0.83,1.29,2.025,,1.6,36,19,12.0,1,63,29,33,15,15,3,0,32,2,0,-0.328,-0.1
SDN/SDN201405060,"Tuesday, May 6, 2014",7:10 p.m. Local,Petco Park,16542,3:03,Night,Away,Kansas City Royals,KCR,San Diego Padres,SDP,38,3,7,3,2.45,4,8,44,0.184,0.279,0.368,0.647,139,98,-0.121,1.24,1.187,,-1.5,33,15,11.0,1,54,17,27,19,12,4,0,71,0,0,0.622,3.5,37,1,6,1,0.82,1,8,38,0.162,0.184,0.243,0.427,161,95,-0.62,1.51,0.447,,-3.5,33,15,11.0,1,51,14,30,16,13,3,0,68,0,0,0.12,1.5
SDN/SDN201405070,"Wednesday, May 7, 2014",12:41 p.m. Local,Petco Park,18228,3:09,Day,Away,Kansas City Royals,KCR,San Diego Padres,SDP,40,8,14,6,4.0,5,7,46,0.35,0.413,0.4,0.813,149,108,0.296,0.7,0.483,,4.3,27,11,9.0,0,63,14,31,15,19,13,0,65,0,0,0.203,3.7,32,0,8,0,0.0,2,5,35,0.25,0.314,0.25,0.564,168,97,-0.203,0.44,0.252,,-3.7,27,14,9.0,0,57,14,26,16,11,7,0,38,0,0,-0.296,-4.3
SEA/SEA201405080,"Thursday, May 8, 2014",7:10 p.m. Local,Safeco Field,12577,2:25,Night,Home,Seattle Mariners,SEA,Kansas City Royals,KCR,28,0,4,0,0.0,2,8,31,0.143,0.2,0.143,0.343,113,67,-0.702,0.89,0.286,,-4.0,24,8,8.0,0,38,16,14,16,5,4,0,65,1,0,0.201,2.5,24,1,2,1,1.12,3,4,30,0.083,0.214,0.125,0.339,110,66,-0.202,1.62,0.286,,-2.5,27,15,9.0,0,49,6,11,8,14,4,0,81,0,0,0.7,4.0
SEA/SEA201405090,"Friday, May 9, 2014",7:12 p.m. Local,Safeco Field,20858,2:45,Night,Away,Kansas City Royals,KCR,Seattle Mariners,SEA,39,6,16,4,4.0,1,2,42,0.41,0.415,0.41,0.825,135,94,0.236,0.55,0.475,,2.0,27,11,9.0,0,68,5,21,19,20,13,0,77,0,0,0.263,3.0,31,1,5,0,0.0,2,6,34,0.161,0.235,0.194,0.429,131,84,-0.264,0.5,0.123,,-3.0,27,14,9.0,0,47,14,23,13,12,10,0,30,2,0,-0.237,-2.0
SEA/SEA201405100,"Saturday, May 10, 2014",6:10 p.m. Local,Safeco Field,29359,2:18,Night,Home,Seattle Mariners,SEA,Kansas City Royals,KCR,30,1,4,1,1.0,0,3,31,0.133,0.129,0.2,0.329,116,69,-0.4,0.78,0.199,,-3.0,24,12,8.0,2,42,3,24,9,19,9,0,48,1,0,-0.102,0.5,29,3,7,3,3.38,4,5,33,0.241,0.333,0.448,0.782,106,67,0.102,0.92,0.573,,-0.5,27,8,9.0,0,48,13,8,11,13,6,0,75,0,0,0.398,3.0
SEA/SEA201405110,"Sunday, May 11, 2014",1:10 p.m. Local,Safeco Field,30447,3:01,Day,Away,Kansas City Royals,KCR,Seattle Mariners,SEA,38,9,12,9,7.0,3,11,42,0.316,0.357,0.526,0.883,146,111,0.839,0.97,1.539,,5.0,27,12,9.0,3,64,15,32,11,17,8,0,22,1,0,-0.341,-3.0,36,7,11,7,7.0,1,6,38,0.306,0.342,0.611,0.953,165,87,0.342,1.25,1.032,,3.0,27,6,9.0,2,51,12,26,17,13,11,0,37,0,0,-0.84,-5.0
KCA/KCA201405130,"Tuesday, May 13, 2014",7:10 p.m. Local,Kauffman Stadium,15914,2:50,Night,Home,Kansas City Royals,KCR,Colorado Rockies,COL,31,1,5,1,1.0,1,12,32,0.161,0.188,0.161,0.349,141,96,-0.288,0.68,0.3,,-3.3,24,15,8.0,2,58,13,25,12,7,3,0,31,0,0,-0.212,-1.1,29,5,8,5,5.62,7,0,36,0.276,0.417,0.517,0.934,129,77,0.212,0.86,0.649,,1.1,27,10,9.0,0,49,3,25,16,13,3,0,71,0,0,0.289,3.3
KCA/KCA201405140,"Wednesday, May 14, 2014",1:11 p.m. Local,Kauffman Stadium,27323,2:34,Day,Home,Kansas City Royals,KCR,Colorado Rockies,COL,32,2,6,2,2.0,2,11,34,0.188,0.235,0.313,0.548,118,85,-0.447,0.65,0.489,,-2.4,24,9,8.0,0,47,19,21,12,9,3,0,45,0,0,-0.053,0.9,31,3,8,3,3.38,2,1,33,0.258,0.303,0.355,0.658,138,73,0.052,1.38,0.394,,-0.9,27,8,9.0,1,48,4,21,11,19,9,0,63,0,0,0.446,2.3
KCA/KCA201405150,"Thursday, May 15, 2014",7:12 p.m. Local,Kauffman Stadium,12455,2:56,Night,Away,Baltimore Orioles,BAL,Kansas City Royals,KCR,35,2,10,2,2.0,1,13,36,0.286,0.306,0.4,0.706,142,99,-0.195,1.64,0.523,,-2.3,27,15,9.0,0,50,25,24,10,12,6,0,50,2,0,0.695,3.3,32,1,7,1,1.0,1,4,34,0.219,0.235,0.25,0.485,147,96,-0.696,1.03,0.388,,-3.3,27,9,9.0,1,68,7,21,20,9,2,0,59,4,0,0.197,2.3
KCA/KCA201405160,"Friday, May 16, 2014",7:11 p.m. Local,Kauffman Stadium,25985,2:22,Night,Away,Baltimore Orioles,BAL,Kansas City Royals,KCR,34,4,8,4,4.0,1,2,36,0.235,0.25,0.324,0.574,117,87,0.074,0.89,0.447,,-0.3,27,11,9.0,0,60,9,18,15,18,6,0,79,,,0.426,4.3,31,0,5,0,0.0,1,3,32,0.161,0.188,0.194,0.381,129,77,-0.427,0.72,0.2,,-4.3,27,9,9.0,1,46,4,27,15,13,2,0,51,0,0,-0.075,0.3
KCA/KCA201405170,"Saturday, May 17, 2014",6:12 p.m. Local,Kauffman Stadium,24064,2:37,Night,Home,Kansas City Royals,KCR,Baltimore Orioles,BAL,30,0,3,0,0.0,2,7,32,0.1,0.156,0.1,0.256,104,87,-0.737,0.87,0.467,,-4.3,24,13,8.0,0,54,15,18,10,13,3,0,66,0,0,0.235,2.9,28,1,4,1,1.12,1,1,31,0.143,0.2,0.143,0.343,135,71,-0.236,2.01,0.284,,-2.9,27,9,9.0,0,51,3,17,16,12,2,0,75,1,0,0.735,4.3
KCA/KCA201405180,"Sunday, May 18, 2014",1:12 p.m. Local,Kauffman Stadium,22692,2:58,Day,Home,Kansas City Royals,KCR,Baltimore Orioles,BAL,36,6,12,6,6.0,2,3,41,0.333,0.375,0.444,0.819,168,85,-0.037,0.93,0.7,,1.7,24,11,8.0,2,53,10,22,18,17,6,0,37,0,0,-0.462,-4.1,35,8,11,8,9.0,4,8,39,0.314,0.385,0.514,0.899,133,106,0.462,1.16,0.951,,4.1,27,11,9.0,1,63,16,27,16,11,5,0,49,0,0,0.038,-1.7
KCA/KCA201405190,"Monday, May 19, 2014",7:10 p.m. Local,Kauffman Stadium,16462,3:16,Night,Away,Chicago White Sox,CHW,Kansas City Royals,KCR,36,7,11,7,7.0,3,9,39,0.306,0.359,0.556,0.915,150,95,0.277,1.46,0.852,,2.6,27,18,9.0,0,59,11,25,13,14,7,0,23,4,0,0.223,-1.7,34,6,9,6,5.0,4,6,40,0.265,0.359,0.294,0.653,137,88,-0.223,0.92,0.899,,1.7,27,10,9.0,3,52,9,28,21,8,4,0,24,0,0,-0.276,-2.7
KCA/KCA201405200,"Tuesday, May 20, 2014",7:11 p.m. Local,Kauffman Stadium,14900,3:19,Night,Away,Chicago White Sox,CHW,Kansas City Royals,KCR,38,7,12,6,7.0,0,3,38,0.316,0.316,0.553,0.868,168,104,0.289,1.5,0.749,,2.7,27,11,9.0,0,71,8,25,15,20,13,0,60,3,1,0.213,-1.7,37,6,10,5,6.0,4,10,42,0.27,0.357,0.378,0.736,154,104,-0.211,0.75,0.88,,1.7,27,13,9.0,2,58,17,29,14,13,8,0,45,0,0,-0.288,-2.7
KCA/KCA201405210,"Wednesday, May 21, 2014",7:10 p.m. Local,Kauffman Stadium,17576,2:41,Night,Home,Kansas City Royals,KCR,Chicago White Sox,CHW,29,1,4,1,1.0,3,4,33,0.138,0.242,0.172,0.415,130,79,-0.492,1.38,0.418,,-3.3,24,10,8.0,0,48,9,22,12,13,5,0,53,3,2,-0.008,0.9,30,3,8,3,3.38,3,4,34,0.267,0.324,0.3,0.624,131,80,0.009,1.24,0.713,,-0.9,27,13,9.0,0,51,8,21,17,10,3,0,67,0,0,0.492,3.3
ANA/ANA201405230,"Friday, May 23, 2014",7:08 p.m. Local,Angel Stadium of Anaheim,35082,2:51,Night,Home,Los Angeles Angels of Anaheim,LAA,Kansas City Royals,KCR,32,1,5,1,1.0,4,6,38,0.156,0.289,0.188,0.477,125,84,-0.237,0.53,0.376,,-3.0,24,10,8.0,2,41,13,30,10,16,8,0,34,0,0,-0.263,-2.5,34,6,12,6,6.75,3,3,37,0.353,0.405,0.588,0.994,134,81,0.261,0.86,0.575,,2.5,27,9,9.0,0,60,4,17,8,23,10,0,60,2,0,0.237,3.0
ANA/ANA201405240,"Saturday, May 24, 2014",4:17 p.m. Local,Angel Stadium of Anaheim,42140,4:53,Day,Away,Kansas City Royals,KCR,Los Angeles Angels of Anaheim,LAA,52,7,16,5,2.77,2,12,58,0.308,0.321,0.346,0.668,204,147,0.035,1.61,1.481,,1.3,39,17,13.0,2,85,21,41,22,23,10,0,40,1,0,0.465,1.7,50,4,14,3,2.77,2,10,53,0.28,0.308,0.5,0.808,218,135,-0.465,1.5,1.206,,-1.7,39,12,13.0,0,75,18,42,20,21,7,0,46,1,1,-0.035,-1.3
ANA/ANA201405250,"Sunday, May 25, 2014",12:37 p.m. Local,Angel Stadium of Anaheim,36114,3:04,Day,Home,Los Angeles Angels of Anaheim,LAA,Kansas City Royals,KCR,30,3,6,3,3.0,3,8,34,0.2,0.265,0.267,0.531,140,99,-0.132,1.45,0.575,,-1.0,24,5,8.0,1,58,18,23,10,13,5,0,64,1,1,-0.366,-0.5,30,4,8,4,4.5,5,6,36,0.267,0.389,0.4,0.789,150,81,0.367,1.07,1.16,,0.5,27,9,9.0,0,43,9,29,7,17,9,0,60,0,0,0.132,1.0
KCA/KCA201405260,"Monday, May 26, 2014",7:13 p.m. Local,Kauffman Stadium,32070,3:23,Night,Away,Houston Astros,HOU,Kansas City Royals,KCR,40,9,16,8,9.0,5,6,46,0.4,0.457,0.575,1.032,138,114,0.367,0.44,0.496,,4.6,27,13,9.0,0,68,17,29,18,17,9,0,47,0,0,0.131,2.3,36,2,10,1,2.0,1,3,38,0.278,0.316,0.333,0.649,184,99,-0.132,0.38,0.211,,-2.3,27,13,9.0,1,71,7,21,18,15,8,0,24,2,0,-0.369,-4.7
KCA/KCA201405270,"Tuesday, May 27, 2014",7:11 p.m. Local,Kauffman Stadium,17826,3:02,Night,Away,Houston Astros,HOU,Kansas City Royals,KCR,35,3,12,2,3.0,4,5,41,0.343,0.415,0.371,0.786,122,95,-0.072,1.16,0.702,,-1.3,27,8,9.0,0,59,11,25,15,16,7,0,76,0,0,0.572,4.3,32,0,5,0,0.0,0,11,32,0.156,0.156,0.156,0.313,153,82,-0.572,1.06,0.187,,-4.3,27,13,9.0,0,45,13,24,12,9,2,0,56,0,0,0.071,1.3
KCA/KCA201405280,"Wednesday, May 28, 2014",1:12 p.m. Local,Kauffman Stadium,16220,3:21,Day,Away,Houston Astros,HOU,Kansas City Royals,KCR,38,9,11,9,8.0,10,7,49,0.289,0.449,0.553,1.002,165,102,0.387,0.4,0.61,,4.7,27,15,9.0,1,59,17,26,7,24,7,0,52,0,0,0.115,1.3,33,3,7,3,2.0,4,2,38,0.212,0.289,0.364,0.653,186,102,-0.114,0.39,0.169,,-1.4,27,5,9.0,3,59,10,33,19,13,5,0,24,1,0,-0.385,-4.7
TOR/TOR201405290,"Thursday, May 29, 2014",7:09 p.m. Local,Rogers Centre,17978,3:26,Night,Away,Kansas City Royals,KCR,Toronto Blue Jays,TOR,43,8,14,7,6.3,2,11,49,0.326,0.396,0.488,0.884,146,120,0.759,0.97,1.984,,3.4,30,11,10.0,3,69,19,32,14,19,11,0,43,0,0,-0.258,-1.4,37,6,9,6,5.4,0,10,37,0.243,0.243,0.486,0.73,188,101,0.258,1.89,0.987,,1.4,30,11,10.0,1,57,15,30,13,14,5,0,33,5,0,-0.757,-3.4
TOR/TOR201405300,"Friday, May 30, 2014",7:07 p.m. Local,Rogers Centre,21543,3:01,Night,Away,Kansas City Royals,KCR,Toronto Blue Jays,TOR,36,6,9,6,6.0,2,6,38,0.25,0.289,0.444,0.734,182,92,0.209,0.95,0.596,,1.8,27,4,9.0,1,60,4,28,12,18,8,0,58,0,0,0.292,3.2,35,1,8,1,1.0,7,9,42,0.229,0.357,0.371,0.729,135,110,-0.293,0.66,0.486,,-3.2,27,12,9.0,2,58,24,28,7,19,9,0,41,0,0,-0.208,-1.8
TOR/TOR201405310,"Saturday, May 31, 2014",1:10 p.m. Local,Rogers Centre,31652,2:53,Day,Home,Toronto Blue Jays,TOR,Kansas City Royals,KCR,36,2,9,2,1.0,1,9,38,0.25,0.289,0.278,0.567,176,89,-0.064,0.28,0.056,,-2.2,24,6,8.0,0,58,11,20,17,10,6,0,11,2,0,-0.436,-8.3,36,12,14,12,13.5,4,5,44,0.389,0.477,0.528,1.005,133,102,0.436,0.14,0.49,,8.3,27,13,9.0,0,58,18,26,11,21,11,0,64,0,0,0.065,2.2
TOR/TOR201406010,"Sunday, June 1, 2014",1:07 p.m. Local,Rogers Centre,38008,2:14,Day,Home,Toronto Blue Jays,TOR,Kansas City Royals,KCR,33,0,6,0,0.0,1,4,34,0.182,0.206,0.273,0.479,119,71,-0.48,0.69,0.271,,-4.2,24,11,8.0,2,40,7,24,15,14,5,0,56,0,0,-0.02,-0.3,32,4,10,4,4.5,2,6,34,0.312,0.353,0.563,0.915,110,83,0.018,0.96,0.44,,0.3,27,14,9.0,0,46,9,28,15,11,6,0,72,0,0,0.481,4.2
SLN/SLN201406020,"Monday, June 2, 2014",7:12 p.m. Local,Busch Stadium III,41239,2:41,Night,Away,Kansas City Royals,KCR,St. Louis Cardinals,STL,34,6,9,5,5.0,2,2,37,0.265,0.297,0.382,0.68,131,80,0.108,0.74,0.6,,2.0,27,8,9.0,0,55,3,22,19,14,2,0,74,0,0,0.392,4.0,29,0,3,0,0.0,2,6,31,0.103,0.161,0.103,0.265,118,81,-0.395,0.78,0.104,,-4.0,27,13,9.0,1,44,11,26,9,14,4,0,48,3,2,-0.108,-2.0
SLN/SLN201406030,"Tuesday, June 3, 2014",6:16 p.m. Local,Busch Stadium III,41192,3:12,Night,Away,Kansas City Royals,KCR,St. Louis Cardinals,STL,38,8,13,8,8.0,2,5,41,0.342,0.39,0.553,0.943,145,95,0.819,1.35,1.677,,4.0,27,12,9.0,2,57,19,19,17,16,10,0,23,1,0,-0.318,-3.0,35,7,10,7,5.0,4,4,41,0.286,0.35,0.514,0.864,148,87,0.319,1.44,1.121,,3.0,27,11,9.0,1,55,6,26,17,16,7,0,30,0,0,-0.82,-4.0
KCA/KCA201406040,"Wednesday, June 4, 2014",7:12 p.m. Local,Kauffman Stadium,22126,3:46,Night,Away,St. Louis Cardinals,STL,Kansas City Royals,KCR,44,5,12,5,4.09,4,6,50,0.273,0.347,0.341,0.688,153,120,0.191,1.94,0.994,,-0.3,33,15,11.0,0,81,8,31,18,21,8,0,72,2,2,0.31,3.3,37,2,5,2,1.64,3,10,41,0.135,0.2,0.189,0.389,192,103,-0.307,1.1,0.955,,-3.3,33,15,11.0,0,58,16,29,15,13,8,0,57,2,2,-0.19,0.3
KCA/KCA201406050,"Thursday, June 5, 2014",7:10 p.m. Local,Kauffman Stadium,24438,2:26,Night,Home,Kansas City Royals,KCR,St. Louis Cardinals,STL,34,2,8,2,2.0,2,5,36,0.235,0.278,0.324,0.601,114,81,-0.404,1.3,0.527,,-2.3,24,12,8.0,0,42,16,23,13,16,7,0,46,0,0,-0.096,0.9,28,3,7,3,3.38,2,1,31,0.25,0.3,0.357,0.657,130,77,0.095,1.26,0.765,,-0.9,27,11,9.0,0,54,3,20,15,13,4,0,49,0,0,0.403,2.3
KCA/KCA201406060,"Friday, June 6, 2014",7:11 p.m. Local,Kauffman Stadium,23418,2:51,Night,Away,New York Yankees,NYY,Kansas City Royals,KCR,33,4,8,4,4.0,3,3,37,0.242,0.324,0.273,0.597,125,94,0.126,1.14,0.579,,-0.3,27,8,9.0,0,64,10,20,12,18,8,0,62,0,0,0.374,2.3,32,2,7,2,2.0,1,7,33,0.219,0.242,0.344,0.586,152,73,-0.374,0.85,0.431,,-2.3,27,8,9.0,0,43,10,22,11,14,5,0,50,0,0,-0.126,0.3
KCA/KCA201406070,"Saturday, June 7, 2014",6:15 p.m. Local,Kauffman Stadium,26991,3:10,Night,Home,Kansas City Royals,KCR,New York Yankees,NYY,34,4,8,4,4.0,3,6,37,0.235,0.297,0.294,0.591,141,92,0.023,0.59,0.522,,-0.3,24,6,8.0,2,64,7,21,10,18,7,0,23,3,0,-0.523,-4.1,35,8,12,8,9.0,3,5,39,0.343,0.41,0.657,1.067,150,85,0.523,0.76,0.812,,4.1,27,7,9.0,0,55,3,27,9,21,8,0,48,1,0,-0.022,0.3
KCA/KCA201406080,"Sunday, June 8, 2014",1:13 p.m. Local,Kauffman Stadium,24614,2:48,Day,Home,Kansas City Royals,KCR,New York Yankees,NYY,35,1,8,1,0.0,2,12,37,0.229,0.27,0.371,0.642,95,105,-0.591,0.67,0.756,,-3.3,24,14,8.0,0,55,17,33,13,9,5,1,60,0,0,0.092,1.9,26,2,5,2,2.25,2,3,28,0.192,0.25,0.231,0.481,163,60,-0.091,1.78,0.321,,-1.9,27,12,9.0,0,39,7,14,15,8,3,0,64,0,0,0.591,3.3
KCA/KCA201406100,"Tuesday, June 10, 2014",7:11 p.m. Local,Kauffman Stadium,25540,3:00,Night,Home,Kansas City Royals,KCR,Cleveland Indians,CLE,35,5,10,5,5.0,0,6,39,0.286,0.333,0.4,0.733,140,97,-0.222,0.47,0.177,,0.7,24,12,8.0,3,49,13,35,13,17,8,0,40,2,1,-0.279,-5.1,35,9,11,9,6.75,4,5,39,0.314,0.385,0.571,0.956,140,88,0.278,0.49,0.476,,5.1,27,10,9.0,0,55,11,22,15,15,8,0,60,2,1,0.221,-0.7
KCA/KCA201406110,"Wednesday, June 11, 2014",1:10 p.m. Local,Kauffman Stadium,19938,2:53,Day,Home,Kansas City Royals,KCR,Cleveland Indians,CLE,35,1,8,1,1.0,1,6,36,0.229,0.25,0.229,0.479,153,88,-0.373,0.6,0.485,,-3.4,24,7,8.0,0,51,16,21,18,11,5,0,42,0,0,-0.125,-0.1,31,4,11,4,4.5,1,3,36,0.355,0.333,0.452,0.785,125,101,0.126,1.27,0.404,,0.1,27,12,9.0,0,65,8,28,14,18,9,0,64,0,0,0.375,3.3
CHA/CHA201406130,"Friday, June 13, 2014",7:10 p.m. Local,U.S. Cellular Field,22773,3:22,Night,Away,Kansas City Royals,KCR,Chicago White Sox,CHW,38,7,12,7,7.0,4,8,43,0.316,0.372,0.421,0.793,155,108,0.37,0.81,0.525,,3.0,27,2,9.0,0,64,16,28,13,18,9,0,54,2,0,0.132,2.0,33,2,7,2,2.0,5,12,40,0.212,0.325,0.212,0.537,179,92,-0.134,0.39,0.386,,-2.0,27,8,9.0,0,45,19,28,8,14,5,0,37,0,0,-0.369,-3.0
CHA/CHA201406140,"Saturday, June 14, 2014",1:10 p.m. Local,U.S. Cellular Field,24527,3:03,Day,Away,Kansas City Royals,KCR,Chicago White Sox,CHW,42,9,16,7,6.0,1,8,43,0.381,0.395,0.619,1.014,121,113,0.264,0.5,0.519,,5.0,27,7,9.0,1,68,19,26,13,21,13,0,75,1,0,0.236,3.0,34,1,7,1,1.0,2,11,36,0.206,0.25,0.324,0.574,169,81,-0.234,0.52,0.129,,-3.0,27,8,9.0,2,43,19,19,11,12,5,0,34,1,0,-0.264,-5.0
CHA/CHA201406150,"Sunday, June 15, 2014",1:11 p.m. Local,U.S. Cellular Field,29152,3:10,Day,Away,Kansas City Royals,KCR,Chicago White Sox,CHW,32,6,8,6,6.0,6,6,39,0.25,0.385,0.438,0.822,162,79,0.311,0.96,0.619,,2.0,27,8,9.0,0,43,8,28,12,14,5,0,42,1,0,0.188,1.0,39,3,12,2,3.0,4,5,43,0.308,0.372,0.462,0.834,144,100,-0.189,0.48,0.572,,-1.0,27,12,9.0,2,62,14,24,14,20,10,0,35,1,0,-0.312,-2.0
DET/DET201406160,"Monday, June 16, 2014",7:07 p.m. Local,Comerica Park,31774,3:26,Night,Away,Kansas City Royals,KCR,Detroit Tigers,DET,42,11,17,9,8.0,4,5,48,0.405,0.468,0.571,1.04,157,103,0.465,0.61,1.024,,6.8,27,10,9.0,1,68,12,23,26,12,5,0,57,0,0,0.035,-3.8,37,8,13,8,8.0,4,8,42,0.351,0.415,0.486,0.901,156,103,-0.034,0.81,0.401,,3.8,27,17,9.0,1,61,10,32,15,15,4,0,20,2,0,-0.466,-6.8
DET/DET201406170,"Tuesday, June 17, 2014",7:08 p.m. Local,Comerica Park,34328,3:14,Night,Away,Kansas City Royals,KCR,Detroit Tigers,DET,40,11,15,11,11.0,4,7,45,0.375,0.444,0.575,1.019,136,108,0.427,0.39,0.531,,6.8,27,15,9.0,1,60,13,35,19,14,10,0,51,0,0,0.075,0.2,33,4,10,4,4.0,3,5,36,0.303,0.361,0.424,0.785,179,83,-0.074,0.28,0.215,,-0.2,27,14,9.0,2,48,14,23,18,10,4,0,6,2,2,-0.426,-6.8
DET/DET201406180,"Wednesday, June 18, 2014",1:08 p.m. Local,Comerica Park,37209,2:53,Day,Away,Kansas City Royals,KCR,Detroit Tigers,DET,34,2,9,2,2.0,0,8,34,0.265,0.265,0.353,0.618,140,94,-0.145,1.55,0.45,,-2.2,27,2,9.0,1,57,16,21,10,16,4,0,70,1,0,0.645,3.2,32,1,5,1,1.0,1,13,33,0.156,0.182,0.281,0.463,133,91,-0.645,0.83,0.438,,-3.2,27,9,9.0,1,53,14,24,5,14,4,0,61,1,0,0.146,2.2
DET/DET201406190,"Thursday, June 19, 2014",1:08 p.m. Local,Comerica Park,35715,2:27,Day,Home,Detroit Tigers,DET,Kansas City Royals,KCR,32,1,6,1,1.0,1,3,33,0.188,0.212,0.281,0.493,109,86,-0.589,0.76,0.424,,-3.2,24,5,8.0,1,54,11,21,13,16,6,0,67,0,0,0.088,1.7,26,2,4,2,2.25,1,5,28,0.154,0.185,0.308,0.493,131,76,-0.089,1.45,0.412,,-1.8,27,13,9.0,0,51,6,19,7,15,0,0,62,0,0,0.589,3.2
KCA/KCA201406200,"Friday, June 20, 2014",7:12 p.m. Local,Kauffman Stadium,38475,3:31,Night,Away,Seattle Mariners,SEA,Kansas City Royals,KCR,36,7,12,7,7.0,4,7,41,0.333,0.4,0.639,1.039,148,99,0.396,1.8,1.023,,2.7,27,10,9.0,2,60,11,28,12,18,6,0,33,7,2,0.105,-0.7,39,5,14,5,5.0,2,9,41,0.359,0.39,0.538,0.929,155,105,-0.106,0.91,1.048,,0.7,27,10,9.0,3,58,17,30,15,15,5,0,42,0,0,-0.395,-2.7
KCA/KCA201406210,"Saturday, June 21, 2014",1:11 p.m. Local,Kauffman Stadium,21640,2:42,Day,Away,Seattle Mariners,SEA,Kansas City Royals,KCR,35,2,10,2,2.0,0,2,35,0.286,0.286,0.314,0.6,124,84,-0.088,1.29,0.83,,-2.3,27,10,9.0,1,54,9,23,17,16,6,0,68,0,0,0.588,3.3,27,1,3,1,1.0,2,5,29,0.111,0.172,0.222,0.395,120,87,-0.587,1.37,0.326,,-3.4,27,16,9.0,0,59,10,18,8,14,4,0,58,2,0,0.088,2.3
KCA/KCA201406220,"Sunday, June 22, 2014",1:13 p.m. Local,Kauffman Stadium,23278,2:54,Day,Away,Seattle Mariners,SEA,Kansas City Royals,KCR,32,2,7,2,2.0,2,8,35,0.219,0.265,0.406,0.671,121,83,-0.149,1.65,0.657,,-2.3,27,8,9.0,0,52,16,16,9,16,7,0,63,3,0,0.649,3.3,32,1,7,1,1.0,2,7,36,0.219,0.278,0.219,0.497,122,80,-0.649,1.15,0.453,,-3.3,27,11,9.0,1,39,18,23,10,16,7,0,61,0,0,0.15,2.3
KCA/KCA201406230,"Monday, June 23, 2014",7:11 p.m. Local,Kauffman Stadium,21615,2:46,Night,Home,Kansas City Royals,KCR,Los Angeles Dodgers,LAD,34,3,8,3,3.0,0,7,34,0.235,0.235,0.353,0.588,133,84,-0.346,0.55,0.285,,-1.4,24,8,8.0,1,52,12,20,14,13,5,0,31,1,0,-0.154,-1.1,34,5,11,5,5.62,0,4,34,0.324,0.324,0.5,0.824,112,88,0.153,0.89,0.463,,1.1,27,11,9.0,1,59,8,21,12,18,11,0,62,1,0,0.347,1.3
KCA/KCA201406240,"Tuesday, June 24, 2014",7:12 p.m. Local,Kauffman Stadium,28302,3:02,Night,Away,Los Angeles Dodgers,LAD,Kansas City Royals,KCR,31,2,6,2,2.0,5,8,36,0.194,0.306,0.258,0.564,120,101,-0.222,1.45,0.406,,-2.3,27,14,9.0,0,59,11,31,14,9,6,0,77,0,0,0.72,4.3,32,0,6,0,0.0,1,10,33,0.188,0.212,0.188,0.4,157,80,-0.721,0.92,0.277,,-4.3,27,11,9.0,0,40,17,23,19,3,1,0,61,2,0,0.221,2.3
KCA/KCA201406250,"Wednesday, June 25, 2014",7:11 p.m. Local,Kauffman Stadium,19776,3:23,Night,Away,Los Angeles Dodgers,LAD,Kansas City Royals,KCR,34,5,10,4,5.0,2,2,39,0.294,0.359,0.529,0.888,162,87,0.239,1.81,1.133,,0.7,27,6,9.0,2,58,8,21,15,18,9,0,36,3,1,0.261,0.3,34,4,9,4,4.0,3,10,37,0.265,0.324,0.441,0.766,141,101,-0.259,1.34,1.061,,-0.3,27,11,9.0,1,65,11,25,6,18,7,0,48,0,0,-0.24,-0.7
KCA/KCA201406270,"Friday, June 27, 2014",7:10 p.m. Local,Kauffman Stadium,35461,3:02,Night,Home,Kansas City Royals,KCR,Los Angeles Angels of Anaheim,LAA,35,6,9,6,6.0,1,10,37,0.257,0.27,0.543,0.813,133,93,-0.072,0.7,0.69,,1.7,24,9,8.0,1,53,9,31,12,14,9,0,9,0,0,-0.43,-4.1,36,8,13,7,9.0,1,2,40,0.361,0.4,0.556,0.956,142,90,0.429,1.11,0.747,,4.1,27,8,9.0,3,60,4,26,10,25,10,0,21,5,1,0.071,-1.7
KCA/KCA201406280,"Saturday, June 28, 2014",1:10 p.m. Local,Kauffman Stadium,21093,2:48,Day,Away,Los Angeles Angels of Anaheim,LAA,Kansas City Royals,KCR,38,6,12,6,6.0,2,11,40,0.316,0.35,0.395,0.745,138,99,0.168,0.84,0.601,,1.7,27,6,9.0,0,58,17,24,12,15,8,0,58,0,0,0.331,2.3,32,2,6,2,2.0,1,9,35,0.188,0.229,0.219,0.447,144,97,-0.332,0.75,0.273,,-2.4,27,10,9.0,0,50,17,30,10,14,6,0,43,0,0,-0.169,-1.7
KCA/KCA201406290,"Sunday, June 29, 2014",1:12 p.m. Local,Kauffman Stadium,27803,3:31,Day,Home,Kansas City Royals,KCR,Los Angeles Angels of Anaheim,LAA,34,4,9,4,3.0,3,6,37,0.265,0.324,0.471,0.795,162,91,-0.154,1.71,0.773,,-0.4,25,8,8.1,0,47,20,24,7,21,9,0,30,3,0,-0.347,-1.5,35,5,11,5,4.32,5,9,42,0.314,0.429,0.429,0.857,142,94,0.349,1.28,1.422,,1.5,27,9,9.0,2,54,14,27,11,16,11,0,44,3,0,0.154,0.3
MIN/MIN201406300,"Monday, June 30, 2014",7:10 p.m. Local,Target Field,28533,3:13,Night,Away,Kansas City Royals,KCR,Minnesota Twins,MIN,37,6,10,6,4.0,2,4,39,0.27,0.308,0.486,0.794,161,101,0.211,1.03,0.587,,1.7,27,6,9.0,0,72,8,21,14,19,12,0,58,4,0,0.292,3.3,36,1,9,1,1.0,3,7,39,0.25,0.308,0.278,0.585,153,106,-0.293,0.59,0.473,,-3.3,27,12,9.0,1,55,14,37,9,20,8,0,41,1,0,-0.209,-1.7
MIN/MIN201407010,"Tuesday, July 1, 2014",7:11 p.m. Local,Target Field,23383,3:23,Night,Home,Minnesota Twins,MIN,Kansas City Royals,KCR,35,2,10,2,2.0,1,5,36,0.286,0.306,0.314,0.62,193,94,-0.166,0.57,0.28,,-2.3,24,8,8.0,1,56,15,23,13,17,7,0,34,3,2,-0.335,-6.2,41,10,15,10,6.75,5,6,46,0.366,0.435,0.512,0.947,141,115,0.335,0.69,0.67,,6.2,27,10,9.0,0,70,14,31,15,20,12,0,55,0,0,0.164,2.3
MIN/MIN201407020,"Wednesday, July 2, 2014",12:10 p.m. Local,Target Field,28860,3:00,Day,Away,Kansas City Royals,KCR,Minnesota Twins,MIN,36,4,9,4,4.0,4,5,41,0.25,0.341,0.389,0.73,145,100,0.011,0.93,0.474,,-0.3,27,11,9.0,0,67,12,21,16,15,3,0,72,0,0,0.49,4.3,30,0,4,0,0.0,3,8,33,0.133,0.212,0.133,0.345,163,89,-0.49,0.68,0.217,,-4.3,27,11,9.0,1,48,13,28,12,10,5,0,53,0,0,-0.01,0.3
CLE/CLE201407040,"Friday, July 4, 2014",7:07 p.m. Local,Progressive Field,39020,2:50,Night,Away,Kansas City Royals,KCR,Cleveland Indians,CLE,39,7,12,6,6.0,0,8,40,0.308,0.325,0.513,0.838,124,99,0.16,0.66,0.589,,2.7,27,8,9.0,1,61,15,23,16,15,10,0,69,1,0,0.341,3.3,32,1,6,1,1.0,2,5,34,0.188,0.235,0.313,0.548,150,72,-0.34,0.62,0.207,,-3.3,27,12,9.0,1,44,4,24,10,17,11,0,35,0,0,-0.159,-2.7
CLE/CLE201407050,"Saturday, July 5, 2014",7:06 p.m. Local,Progressive Field,24481,2:48,Night,Home,Cleveland Indians,CLE,Kansas City Royals,KCR,36,3,12,3,3.0,2,4,38,0.333,0.368,0.444,0.813,146,88,-0.196,0.62,0.504,,-1.3,24,9,8.0,1,59,7,22,20,12,9,0,19,2,1,-0.303,-3.2,37,7,14,7,7.88,3,7,40,0.378,0.425,0.486,0.911,131,92,0.303,1.03,0.651,,3.2,27,13,9.0,1,58,11,23,15,15,7,0,47,0,0,0.196,1.3
CLE/CLE201407060,"Sunday, July 6, 2014",1:06 p.m. Local,Progressive Field,16991,2:32,Day,Home,Cleveland Indians,CLE,Kansas City Royals,KCR,31,1,4,1,1.0,1,10,32,0.129,0.156,0.258,0.414,125,79,-0.319,0.48,0.197,,-3.3,24,8,8.0,2,41,15,23,13,8,2,0,42,0,0,-0.181,-0.2,33,4,10,4,4.5,1,7,34,0.303,0.324,0.545,0.869,113,88,0.181,0.73,0.446,,0.2,27,10,9.0,1,51,12,25,13,13,5,0,80,1,0,0.319,3.3
TBA/TBA201407070,"Monday, July 7, 2014",7:11 p.m. Local,Tropicana Field,13406,2:51,Night,Away,Kansas City Royals,KCR,Tampa Bay Rays,TBR,40,6,14,6,6.0,2,9,43,0.35,0.372,0.425,0.797,129,102,0.062,0.9,0.52,,2.0,27,9,9.0,0,50,21,31,14,18,8,0,80,0,0,0.437,4.0,30,0,4,0,0.0,1,13,32,0.133,0.188,0.167,0.354,152,80,-0.438,0.69,0.185,,-4.0,27,8,9.0,0,32,21,27,9,8,3,0,58,0,0,-0.062,-2.0
TBA/TBA201407080,"Tuesday, July 8, 2014",7:11 p.m. Local,Tropicana Field,12818,3:31,Night,Home,Tampa Bay Rays,TBR,Kansas City Royals,KCR,39,3,13,3,3.0,2,6,41,0.333,0.366,0.41,0.776,144,108,-0.387,0.92,0.749,,-1.0,24,8,8.0,0,63,14,31,13,20,6,0,50,2,0,-0.113,-0.4,32,4,8,4,4.5,3,4,36,0.25,0.306,0.344,0.649,165,83,0.111,1.61,0.624,,0.4,27,8,9.0,0,50,8,25,10,19,7,0,48,4,1,0.388,1.0
TBA/TBA201407090,"Wednesday, July 9, 2014",7:11 p.m. Local,Tropicana Field,12150,3:35,Night,Away,Kansas City Royals,KCR,Tampa Bay Rays,TBR,39,5,11,5,5.0,4,9,43,0.282,0.349,0.436,0.785,176,94,0.554,1.06,1.524,,1.0,27,7,9.0,1,49,22,23,17,13,6,0,42,3,0,-0.055,0.0,34,4,8,4,4.0,7,7,42,0.235,0.381,0.324,0.704,150,100,0.054,1.5,0.801,,-0.0,27,8,9.0,2,47,21,32,10,17,4,0,59,6,2,-0.554,-1.0
KCA/KCA201407100,"Thursday, July 10, 2014",7:11 p.m. Local,Kauffman Stadium,21775,3:17,Night,Away,Detroit Tigers,DET,Kansas City Royals,KCR,42,16,19,15,16.0,5,7,52,0.452,0.5,0.714,1.214,144,114,0.45,0.38,0.65,,11.7,27,9,9.0,2,72,23,19,17,21,6,0,43,0,0,0.051,0.3,36,4,9,4,4.0,1,5,37,0.25,0.27,0.417,0.687,193,102,-0.051,0.45,0.217,,-0.3,27,10,9.0,1,59,10,33,12,19,8,0,13,2,2,-0.449,-11.7
KCA/KCA201407110,"Friday, July 11, 2014",7:12 p.m. Local,Kauffman Stadium,31581,2:58,Night,Away,Detroit Tigers,DET,Kansas City Royals,KCR,30,2,5,2,1.0,0,9,34,0.167,0.212,0.2,0.412,127,92,-0.215,2.25,0.423,,-2.4,27,12,9.0,0,52,19,21,10,13,5,0,60,0,0,0.716,3.3,36,1,11,1,1.0,1,4,37,0.306,0.324,0.389,0.713,130,82,-0.717,1.06,0.872,,-3.3,27,8,9.0,0,51,10,23,18,14,5,0,62,1,0,0.216,2.3
KCA/KCA201407120,"Saturday, July 12, 2014",6:11 p.m. Local,Kauffman Stadium,33849,3:08,Night,Away,Detroit Tigers,DET,Kansas City Royals,KCR,35,5,11,5,4.0,2,8,37,0.314,0.351,0.571,0.923,116,98,0.007,1.43,0.626,,0.7,27,9,9.0,0,51,19,28,9,18,5,0,61,0,0,0.492,3.3,30,1,6,1,1.0,3,4,34,0.2,0.265,0.233,0.498,164,69,-0.492,0.75,0.486,,-3.3,27,11,9.0,2,38,14,17,11,16,6,0,63,1,0,-0.008,-0.7
KCA/KCA201407130,"Sunday, July 13, 2014",1:11 p.m. Local,Kauffman Stadium,23424,3:02,Day,Home,Kansas City Royals,KCR,Detroit Tigers,DET,33,2,9,2,2.0,0,7,34,0.273,0.265,0.273,0.537,135,94,-0.132,1.29,0.422,,-2.3,24,10,8.0,0,62,11,21,8,19,7,0,47,7,3,-0.369,-1.1,34,5,10,5,5.62,3,3,37,0.294,0.351,0.353,0.704,137,87,0.369,0.84,0.926,,1.1,27,6,9.0,0,60,8,19,15,16,13,0,46,1,0,0.132,2.3
BOS/BOS201407180,"Friday, July 18, 2014",7:11 p.m. Local,Fenway Park,37743,3:31,Night,Home,Boston Red Sox,BOS,Kansas City Royals,KCR,39,4,12,4,4.0,0,6,39,0.308,0.308,0.385,0.692,160,97,-0.176,1.15,0.88,,-0.3,24,10,8.0,2,58,16,25,19,13,7,1,41,1,1,-0.324,-1.1,33,5,10,5,4.5,3,5,37,0.303,0.361,0.545,0.907,149,103,0.324,1.41,1.098,,1.1,27,14,9.0,0,60,11,32,11,18,6,0,39,1,0,0.175,0.3
BOS/BOS201407190,"Saturday, July 19, 2014",7:11 p.m. Local,Fenway Park,37878,2:39,Night,Home,Boston Red Sox,BOS,Kansas City Royals,KCR,30,1,5,1,1.0,4,4,35,0.167,0.257,0.267,0.524,113,74,-0.586,1.09,0.366,,-3.3,24,9,8.0,1,41,11,22,14,13,3,0,55,2,0,0.088,1.9,29,2,6,1,1.12,3,2,32,0.207,0.281,0.31,0.592,126,68,-0.088,1.27,0.559,,-1.9,27,14,9.0,0,43,5,20,12,15,4,0,61,0,0,0.587,3.3
BOS/BOS201407200,"Sunday, July 20, 2014",1:40 p.m. Local,Fenway Park,37439,2:56,Day,Home,Boston Red Sox,BOS,Kansas City Royals,KCR,30,0,4,0,0.0,2,9,33,0.133,0.212,0.167,0.379,153,85,-0.239,0.44,0.096,,-4.3,24,9,8.0,1,48,14,23,13,8,1,0,17,3,0,-0.259,-2.1,32,6,9,6,6.75,7,4,40,0.281,0.4,0.438,0.838,125,89,0.259,0.49,0.453,,2.1,27,10,9.0,0,64,8,17,14,15,6,0,80,0,0,0.242,4.3
CHA/CHA201407210,"Monday, July 21, 2014",7:11 p.m. Local,U.S. Cellular Field,18888,2:46,Night,Home,Chicago White Sox,CHW,Kansas City Royals,KCR,32,1,8,1,1.0,1,9,34,0.25,0.294,0.313,0.607,125,86,-0.432,0.88,0.451,,-3.0,24,10,8.0,0,51,14,21,14,9,5,0,52,0,0,-0.068,0.6,27,3,6,3,3.38,5,5,35,0.222,0.371,0.296,0.668,131,68,0.067,1.28,0.535,,-0.6,27,12,9.0,0,44,11,13,15,8,2,0,66,0,0,0.433,3.0
CHA/CHA201407220,"Tuesday, July 22, 2014",7:11 p.m. Local,U.S. Cellular Field,20428,3:35,Night,Away,Kansas City Royals,KCR,Chicago White Sox,CHW,40,7,14,5,7.0,7,5,48,0.35,0.438,0.6,1.038,160,96,0.299,0.83,0.851,,3.0,27,9,9.0,1,60,13,23,15,21,12,0,53,0,0,0.201,3.0,34,1,8,1,1.0,4,6,38,0.235,0.316,0.382,0.698,166,101,-0.202,0.73,0.409,,-3.0,27,13,9.0,2,60,14,27,11,17,10,0,26,4,2,-0.3,-3.0
CHA/CHA201407230,"Wednesday, July 23, 2014",1:10 p.m. Local,U.S. Cellular Field,23811,3:03,Day,Away,Kansas City Royals,KCR,Chicago White Sox,CHW,30,2,10,1,1.0,5,4,39,0.333,0.432,0.367,0.799,127,104,-0.098,1.22,0.893,,-2.0,27,13,9.0,0,68,10,26,21,8,7,0,67,0,0,0.598,3.0,32,1,6,1,1.0,1,10,33,0.188,0.212,0.25,0.462,162,89,-0.597,1.59,0.286,,-3.0,27,20,9.0,0,47,21,21,14,8,3,0,60,3,0,0.097,2.0
KCA/KCA201407240,"Thursday, July 24, 2014",7:11 p.m. Local,Kauffman Stadium,22120,4:23,Night,Home,Kansas City Royals,KCR,Cleveland Indians,CLE,46,1,7,1,0.64,6,15,53,0.152,0.25,0.152,0.402,168,143,-1.004,1.46,1.105,,-5.8,40,17,13.1,0,81,28,34,17,15,7,0,91,2,1,0.503,4.3,43,2,5,1,0.68,1,12,44,0.116,0.136,0.163,0.299,229,109,-0.501,1.97,0.964,,-4.3,42,13,14.0,0,53,21,35,16,15,7,0,78,1,0,1.004,5.8
KCA/KCA201407250,"Friday, July 25, 2014",7:10 p.m. Local,Kauffman Stadium,33460,3:02,Night,Home,Kansas City Royals,KCR,Cleveland Indians,CLE,33,4,7,4,3.0,2,7,37,0.212,0.25,0.424,0.674,142,94,-0.083,0.96,0.713,,-0.3,24,8,8.0,3,57,12,25,14,14,5,0,45,3,1,-0.418,-2.1,32,6,10,5,5.62,1,6,34,0.312,0.333,0.656,0.99,140,92,0.417,1.34,0.976,,2.1,27,10,9.0,2,56,9,27,9,18,12,0,53,3,1,0.084,0.3
KCA/KCA201407260,"Saturday, July 26, 2014",6:11 p.m. Local,Kauffman Stadium,29567,3:06,Night,Home,Kansas City Royals,KCR,Cleveland Indians,CLE,37,5,12,5,5.0,4,8,41,0.324,0.39,0.486,0.877,129,107,-0.037,0.79,0.826,,0.7,24,5,8.0,1,61,18,28,13,16,7,0,25,1,1,-0.464,-3.1,33,7,9,6,6.75,2,8,35,0.273,0.314,0.424,0.739,168,80,0.465,1.19,0.869,,3.1,27,9,9.0,1,50,9,21,10,16,7,0,31,3,0,0.036,-0.7
KCA/KCA201407270,"Sunday, July 27, 2014",1:15 p.m. Local,Kauffman Stadium,23409,3:03,Day,Away,Cleveland Indians,CLE,Kansas City Royals,KCR,37,10,15,10,10.0,3,3,44,0.405,0.465,0.757,1.222,140,108,0.438,0.67,0.927,,5.7,27,5,9.0,0,70,10,28,11,25,5,0,58,0,0,0.062,1.3,34,3,8,3,3.0,0,7,35,0.235,0.229,0.294,0.523,177,100,-0.062,0.84,0.335,,-1.3,27,10,9.0,4,64,13,23,7,21,7,0,26,0,0,-0.437,-5.7
KCA/KCA201407290,"Tuesday, July 29, 2014",7:11 p.m. Local,Kauffman Stadium,30686,3:14,Night,Away,Minnesota Twins,MIN,Kansas City Royals,KCR,30,2,7,2,1.0,5,7,37,0.233,0.351,0.3,0.651,131,105,-0.11,1.51,0.529,,-2.4,27,7,9.0,0,60,17,29,10,14,7,0,78,0,0,0.611,3.3,31,1,5,1,1.0,2,8,33,0.161,0.212,0.226,0.438,170,89,-0.61,0.94,0.432,,-3.4,27,11,9.0,0,57,9,24,10,13,5,0,55,0,0,0.111,2.3
KCA/KCA201407300,"Wednesday, July 30, 2014",7:11 p.m. Local,Kauffman Stadium,20747,3:10,Night,Home,Kansas City Royals,KCR,Minnesota Twins,MIN,30,2,7,2,2.0,7,11,38,0.233,0.378,0.367,0.745,120,98,-0.432,1.18,0.916,,-2.4,24,8,8.0,0,49,17,32,9,11,3,0,50,1,0,-0.067,0.9,33,3,9,3,3.38,1,6,34,0.273,0.294,0.394,0.688,172,83,0.069,1.79,0.735,,-0.9,27,9,9.0,1,59,11,13,11,16,7,0,55,4,1,0.433,2.3
KCA/KCA201407310,"Thursday, July 31, 2014",7:10 p.m. Local,Kauffman Stadium,24127,2:50,Night,Home,Kansas City Royals,KCR,Minnesota Twins,MIN,36,3,7,2,2.0,5,10,41,0.194,0.293,0.361,0.654,131,99,-0.196,1.12,0.728,,-1.3,24,9,8.0,0,59,18,22,12,14,6,0,60,2,2,-0.304,-2.1,32,6,8,4,4.5,1,6,33,0.25,0.273,0.375,0.648,147,86,0.305,1.13,0.903,,2.1,27,9,9.0,1,49,16,21,11,15,8,0,65,2,1,0.197,1.3
OAK/OAK201408010,"Friday, August 1, 2014",6:37 p.m. Local,O.co Coliseum,35067,2:54,Night,Away,Kansas City Royals,KCR,Oakland Athletics,OAK,31,1,4,1,1.0,1,8,32,0.129,0.156,0.258,0.414,162,88,-0.284,1.8,0.328,,-3.1,27,3,9.0,0,56,7,25,15,8,6,0,70,0,0,0.786,4.1,32,0,5,0,0.0,3,12,35,0.156,0.229,0.219,0.447,134,108,-0.785,0.87,0.509,,-4.1,27,12,9.0,1,61,18,29,6,14,8,0,74,2,0,0.285,3.1
OAK/OAK201408020,"Saturday, August 2, 2014",1:07 p.m. Local,O.co Coliseum,30097,2:45,Day,Home,Oakland Athletics,OAK,Kansas City Royals,KCR,34,3,10,3,3.0,2,4,38,0.294,0.324,0.353,0.677,124,97,-0.132,0.81,0.318,,-1.1,24,10,8.0,0,61,11,25,13,19,11,0,34,4,3,-0.369,-4.4,33,8,8,7,4.5,1,7,34,0.242,0.265,0.273,0.537,143,76,0.37,0.69,0.688,,4.4,27,10,9.0,0,42,10,24,12,14,8,0,46,1,0,0.132,1.1
OAK/OAK201408030,"Sunday, August 3, 2014",1:07 p.m. Local,O.co Coliseum,22612,2:32,Day,Away,Kansas City Royals,KCR,Oakland Athletics,OAK,37,4,14,4,4.0,1,4,38,0.378,0.395,0.432,0.827,112,97,0.133,0.75,0.654,,-0.1,27,8,9.0,2,57,8,32,16,17,14,0,68,0,0,0.367,2.1,30,2,4,2,2.0,0,3,30,0.133,0.133,0.333,0.467,134,72,-0.368,0.76,0.16,,-2.1,27,14,9.0,0,43,7,22,10,17,6,0,37,2,0,-0.133,0.1
ARI/ARI201408050,"Tuesday, August 5, 2014",6:40 p.m. Local,Chase Field,16677,3:02,Night,Away,Kansas City Royals,KCR,Arizona Diamondbacks,ARI,39,12,15,11,12.0,3,5,44,0.385,0.419,0.641,1.06,149,100,0.41,0.49,0.716,,7.9,27,4,9.0,0,58,14,28,15,21,12,0,63,0,0,0.089,2.1,33,2,5,2,2.0,2,10,35,0.152,0.2,0.242,0.442,159,104,-0.089,0.52,0.264,,-2.1,27,12,9.0,3,60,15,29,7,16,9,0,7,3,3,-0.411,-7.9
ARI/ARI201408060,"Wednesday, August 6, 2014",6:40 p.m. Local,Chase Field,16157,3:02,Night,Away,Kansas City Royals,KCR,Arizona Diamondbacks,ARI,32,4,5,4,4.0,2,7,35,0.156,0.229,0.281,0.51,164,81,0.059,1.93,0.495,,-0.1,27,7,9.0,0,48,11,22,13,12,7,0,55,0,0,0.439,1.1,38,3,12,3,3.0,2,11,41,0.316,0.341,0.395,0.736,120,106,-0.44,0.75,1.017,,-1.1,27,12,9.0,1,67,21,18,9,19,13,0,58,2,1,-0.061,0.1
ARI/ARI201408070,"Thursday, August 7, 2014",6:40 p.m. Local,Chase Field,17809,2:34,Night,Away,Kansas City Royals,KCR,Arizona Diamondbacks,ARI,36,6,11,6,6.0,1,6,38,0.306,0.342,0.472,0.814,109,95,0.305,0.91,0.572,,1.9,27,10,9.0,0,61,11,24,10,20,10,0,69,,,0.197,2.1,32,2,7,2,2.0,0,4,34,0.219,0.212,0.219,0.431,149,76,-0.196,0.54,0.327,,-2.1,27,7,9.0,1,52,6,18,14,16,6,0,29,0,0,-0.303,-1.9
KCA/KCA201408080,"Friday, August 8, 2014",7:10 p.m. Local,Kauffman Stadium,28307,2:59,Night,Home,Kansas City Royals,KCR,San Francisco Giants,SFG,37,2,12,2,2.0,0,11,37,0.324,0.324,0.378,0.703,123,105,-0.341,0.87,0.658,,-2.3,24,15,8.0,1,56,25,24,13,13,5,0,59,,,-0.16,-0.1,29,4,7,4,3.38,0,5,30,0.241,0.267,0.379,0.646,154,84,0.16,1.4,0.617,,0.1,27,10,9.0,0,52,14,19,14,10,5,0,46,0,0,0.34,2.3
KCA/KCA201408090,"Saturday, August 9, 2014",6:11 p.m. Local,Kauffman Stadium,35114,2:30,Night,Home,Kansas City Royals,KCR,San Francisco Giants,SFG,30,0,4,0,0.0,1,5,31,0.133,0.161,0.167,0.328,114,72,-0.467,0.63,0.12,,-4.4,24,10,8.0,1,48,4,20,13,12,5,0,49,3,1,-0.034,-1.1,32,5,9,5,5.62,0,1,32,0.281,0.281,0.438,0.719,109,72,0.032,0.81,0.413,,1.1,27,13,9.0,0,49,7,16,15,16,8,0,83,,,0.466,4.3
KCA/KCA201408100,"Sunday, August 10, 2014",1:12 p.m. Local,Kauffman Stadium,27359,3:21,Day,Home,Kansas City Royals,KCR,San Francisco Giants,SFG,35,4,8,4,4.0,4,7,40,0.229,0.325,0.257,0.582,142,99,-0.17,0.47,0.368,,-0.3,24,9,8.0,2,64,9,26,5,23,9,0,21,3,1,-0.33,-3.1,32,7,10,6,7.88,5,5,38,0.312,0.405,0.563,0.968,163,86,0.331,0.8,0.57,,3.1,27,2,9.0,0,52,12,22,13,15,7,0,53,1,1,0.171,0.3
KCA/KCA201408110,"Monday, August 11, 2014",7:11 p.m. Local,Kauffman Stadium,21479,2:35,Night,Home,Kansas City Royals,KCR,Oakland Athletics,OAK,28,2,3,2,2.0,5,9,33,0.107,0.242,0.107,0.35,106,93,-0.495,1.1,0.631,,-2.3,24,15,8.0,0,57,15,21,6,13,5,0,54,0,0,-0.005,0.9,28,3,6,2,2.25,3,2,31,0.214,0.29,0.214,0.505,150,71,0.004,1.65,0.61,,-0.9,27,5,9.0,0,49,6,16,16,10,5,0,61,0,0,0.494,2.3
KCA/KCA201408120,"Tuesday, August 12, 2014",7:10 p.m. Local,Kauffman Stadium,27161,2:49,Night,Away,Oakland Athletics,OAK,Kansas City Royals,KCR,43,11,20,10,9.0,0,6,45,0.465,0.444,0.651,1.096,139,103,0.313,0.64,0.591,,6.6,27,9,9.0,0,60,9,34,14,25,15,0,55,0,0,0.187,1.3,32,3,7,3,3.0,2,12,35,0.219,0.257,0.313,0.57,148,100,-0.187,0.48,0.293,,-1.4,27,9,9.0,2,60,17,23,14,8,4,0,26,2,0,-0.313,-6.7
KCA/KCA201408130,"Wednesday, August 13, 2014",7:10 p.m. Local,Kauffman Stadium,21099,2:06,Night,Home,Kansas City Royals,KCR,Oakland Athletics,OAK,29,0,3,0,0.0,0,4,29,0.103,0.103,0.138,0.241,111,65,-0.429,0.72,0.076,,-4.3,24,10,8.0,1,32,11,22,8,17,3,0,53,0,0,-0.071,0.9,27,3,7,3,3.38,2,3,31,0.259,0.3,0.37,0.67,97,71,0.072,0.72,0.456,,-0.9,27,7,9.0,0,38,11,22,12,14,5,0,85,,,0.429,4.3
KCA/KCA201408140,"Thursday, August 14, 2014",1:10 p.m. Local,Kauffman Stadium,20569,3:13,Day,Home,Kansas City Royals,KCR,Oakland Athletics,OAK,37,3,11,3,3.0,2,9,40,0.297,0.325,0.378,0.703,132,101,0.04,1.12,0.711,,-1.4,24,5,8.0,0,56,16,29,14,15,4,0,48,6,4,-0.539,-3.1,34,7,12,7,6.75,1,8,36,0.353,0.361,0.441,0.802,151,97,0.54,1.0,1.082,,3.1,27,8,9.0,0,64,18,15,10,17,10,0,50,2,0,-0.04,1.3
MIN/MIN201408150,"Friday, August 15, 2014",7:11 p.m. Local,Target Field,32013,3:05,Night,Away,Kansas City Royals,KCR,Minnesota Twins,MIN,38,6,12,6,6.0,1,5,40,0.316,0.35,0.474,0.824,143,79,0.33,1.24,0.961,,1.7,27,8,9.0,0,49,14,16,13,20,13,0,47,3,0,0.173,-0.7,35,5,9,3,3.0,1,5,37,0.257,0.278,0.371,0.649,126,91,-0.173,0.89,0.702,,0.7,27,8,9.0,0,61,11,19,10,21,10,0,40,2,1,-0.329,-1.7
MIN/MIN201408160,"Saturday, August 16, 2014",6:11 p.m. Local,Target Field,35575,2:37,Night,Home,Minnesota Twins,MIN,Kansas City Royals,KCR,34,1,8,0,1.0,0,9,35,0.235,0.257,0.265,0.522,137,91,-0.328,1.39,0.46,,-3.3,24,6,8.0,1,56,11,24,10,15,4,0,52,2,0,-0.174,-0.2,29,4,6,4,4.5,6,5,37,0.207,0.333,0.345,0.678,125,86,0.173,1.11,0.861,,0.2,27,6,9.0,0,57,14,15,12,14,5,0,66,2,0,0.326,3.3
MIN/MIN201408170,"Sunday, August 17, 2014",1:44 p.m. Local,Target Field,31455,2:51,Day,Away,Kansas City Royals,KCR,Minnesota Twins,MIN,40,12,13,10,11.0,2,6,44,0.325,0.386,0.625,1.011,137,96,0.515,0.4,0.703,,7.7,27,7,9.0,3,63,13,20,13,21,10,0,56,0,0,-0.016,-1.7,34,6,7,6,6.0,2,9,37,0.206,0.27,0.559,0.829,151,89,0.016,0.5,0.27,,1.7,27,10,9.0,3,52,11,26,8,17,6,0,19,2,1,-0.515,-7.7
MIN/MIN201408180,"Monday, August 18, 2014",7:11 p.m. Local,Target Field,25559,3:09,Night,Away,Kansas City Royals,KCR,Minnesota Twins,MIN,38,6,13,6,6.0,5,3,43,0.342,0.419,0.526,0.945,150,106,0.157,0.81,0.627,,1.7,27,11,9.0,2,69,9,28,18,17,9,0,67,0,0,0.341,0.3,34,4,7,4,4.0,1,4,35,0.206,0.229,0.382,0.611,161,94,-0.341,0.79,0.24,,-0.3,27,15,9.0,2,58,10,26,15,15,2,0,35,3,0,-0.158,-1.7
COL/COL201408190,"Tuesday, August 19, 2014",6:41 p.m. Local,Coors Field,30394,3:12,Night,Away,Kansas City Royals,KCR,Colorado Rockies,COL,37,7,11,7,7.0,5,9,42,0.297,0.381,0.459,0.84,149,95,0.343,1.03,1.053,,2.4,27,8,9.0,2,56,15,25,23,5,2,0,51,1,0,0.157,0.6,36,4,11,3,4.0,3,8,41,0.306,0.39,0.528,0.918,158,94,-0.157,1.02,0.68,,-0.6,27,16,9.0,0,61,10,23,12,16,8,0,52,5,4,-0.343,-2.4
COL/COL201408200,"Wednesday, August 20, 2014",6:42 p.m. Local,Coors Field,28834,2:37,Night,Home,Colorado Rockies,COL,Kansas City Royals,KCR,27,2,5,2,2.0,3,3,31,0.185,0.258,0.333,0.591,111,71,-0.209,1.0,0.393,,-2.6,24,8,8.0,1,40,11,20,14,11,9,0,60,0,0,-0.291,-0.9,30,5,6,5,1.12,1,6,32,0.2,0.219,0.367,0.585,116,77,0.291,0.92,0.764,,0.9,27,17,9.0,1,54,12,11,11,14,5,0,64,0,0,0.209,2.6
TEX/TEX201408220,"Friday, August 22, 2014",7:08 p.m. Local,Globe Life Park in Arlington,26991,3:09,Night,Away,Kansas City Royals,KCR,Texas Rangers,TEX,37,6,9,6,5.0,1,4,40,0.243,0.282,0.459,0.742,157,100,0.242,1.04,0.601,,1.7,27,10,9.0,0,63,7,30,15,19,5,0,63,1,1,0.26,1.3,33,3,6,3,3.0,4,7,38,0.182,0.289,0.303,0.593,158,95,-0.26,0.61,0.435,,-1.4,27,10,9.0,2,56,15,24,14,12,5,0,46,0,0,-0.24,-1.7
TEX/TEX201408230,"Saturday, August 23, 2014",7:25 p.m. Local,Globe Life Park in Arlington,27400,2:37,Night,Away,Kansas City Royals,KCR,Texas Rangers,TEX,31,6,8,6,6.0,4,2,36,0.258,0.343,0.355,0.698,132,81,0.251,0.66,0.759,,1.6,27,12,9.0,1,53,11,17,16,14,6,0,69,0,0,0.249,1.3,31,3,7,3,3.0,2,2,33,0.226,0.273,0.323,0.595,130,84,-0.249,0.95,0.239,,-1.3,27,16,9.0,1,50,7,27,14,15,7,0,34,2,2,-0.251,-1.7
TEX/TEX201408240,"Sunday, August 24, 2014",2:06 p.m. Local,Globe Life Park in Arlington,30049,2:46,Day,Home,Texas Rangers,TEX,Kansas City Royals,KCR,33,1,6,1,1.0,1,6,34,0.182,0.206,0.273,0.479,136,89,-0.453,0.85,0.211,,-3.3,24,9,8.0,0,55,11,23,8,19,5,0,39,0,0,-0.046,0.9,33,3,11,3,2.25,5,3,38,0.333,0.421,0.485,0.906,121,78,0.045,0.92,0.561,,-0.9,27,7,9.0,1,50,6,22,9,21,12,0,53,0,0,0.454,3.3
KCA/KCA201408250,"Monday, August 25, 2014",6:10 p.m. Local,Kauffman Stadium,31758,3:02,Night,Away,New York Yankees,NYY,Kansas City Royals,KCR,37,8,13,8,8.0,3,4,41,0.351,0.39,0.622,1.012,121,90,0.214,0.8,0.685,,3.7,27,6,9.0,1,56,14,20,20,14,9,0,64,1,0,0.287,3.3,33,1,7,1,1.0,0,6,33,0.212,0.212,0.333,0.545,141,91,-0.285,0.72,0.296,,-3.4,27,15,9.0,3,47,19,25,11,16,7,0,30,3,0,-0.214,-3.7
KCA/KCA201408260,"Tuesday, August 26, 2014",7:09 p.m. Local,Kauffman Stadium,13847,2:38,Night,Home,Kansas City Royals,KCR,Minnesota Twins,MIN,29,1,5,1,1.0,2,6,31,0.172,0.226,0.207,0.433,114,85,-0.291,1.55,0.417,,-3.4,24,5,8.0,1,54,13,18,13,10,5,0,76,0,0,-0.21,1.9,27,2,5,2,2.25,1,8,30,0.185,0.267,0.296,0.563,126,74,0.211,1.07,1.112,,-1.9,27,11,9.0,0,43,11,20,6,13,6,0,64,1,0,0.29,3.3
KCA/KCA201408270,"Wednesday, August 27, 2014",7:10 p.m. Local,Kauffman Stadium,17668,2:27,Night,Home,Kansas City Royals,KCR,Minnesota Twins,MIN,32,1,5,1,1.0,0,9,32,0.156,0.156,0.219,0.375,109,85,-0.259,1.52,0.363,,-3.3,24,9,8.0,0,45,12,28,12,11,6,0,53,5,3,-0.241,-2.1,32,6,9,6,6.75,1,4,33,0.281,0.303,0.344,0.647,121,80,0.24,0.93,0.99,,2.1,27,9,9.0,0,58,6,16,12,16,7,0,70,0,0,0.26,3.3
KCA/KCA201408280,"Thursday, August 28, 2014",7:10 p.m. Local,Kauffman Stadium,17219,3:50,Night,Away,Minnesota Twins,MIN,Kansas City Royals,KCR,43,11,14,11,9.9,5,7,49,0.326,0.396,0.488,0.884,173,113,0.52,1.46,1.431,,6.2,30,17,10.0,1,68,15,30,19,18,9,0,34,2,0,-0.019,-0.2,41,5,12,5,3.6,5,2,46,0.293,0.37,0.415,0.784,181,105,0.021,1.47,1.189,,0.2,30,13,10.0,0,67,14,24,19,20,11,0,37,1,0,-0.519,-6.2
KCA/KCA201408290,"Friday, August 29, 2014",7:10 p.m. Local,Kauffman Stadium,31341,3:17,Night,Away,Cleveland Indians,CLE,Kansas City Royals,KCR,39,6,13,6,6.0,2,7,41,0.333,0.366,0.487,0.853,136,107,0.189,0.66,0.491,,1.7,27,8,9.0,0,61,17,30,16,16,10,0,60,3,0,0.311,3.3,36,1,9,1,1.0,3,4,40,0.25,0.325,0.25,0.575,176,88,-0.312,0.5,0.207,,-3.3,27,15,9.0,1,57,8,23,14,18,10,0,41,0,0,-0.19,-1.7
KCA/KCA201408300,"Saturday, August 30, 2014",6:10 p.m. Local,Kauffman Stadium,35089,4:23,Night,Away,Cleveland Indians,CLE,Kansas City Royals,KCR,41,3,9,3,1.64,1,11,42,0.22,0.238,0.366,0.604,214,114,-0.136,2.35,0.802,,-2.3,33,9,11.0,0,64,18,32,13,17,6,0,62,9,1,0.636,3.3,42,2,9,2,0.82,9,13,51,0.214,0.353,0.31,0.662,173,131,-0.635,1.17,1.415,,-3.3,33,10,11.0,0,80,22,29,14,15,8,0,66,1,1,0.136,2.3
KCA/KCA201408310,"Sunday, August 31, 2014",7:08 p.m. Local,Kauffman Stadium,39009,3:24,Night,Away,Cleveland Indians,CLE,Kansas City Royals,KCR,39,4,9,4,0.9,4,9,44,0.231,0.295,0.282,0.578,129,113,0.211,1.81,0.974,,-0.8,30,15,10.0,1,65,13,35,13,18,5,0,68,0,0,0.288,1.8,36,3,9,3,2.7,0,7,38,0.25,0.263,0.361,0.624,174,88,-0.288,1.14,1.14,,-1.8,30,9,10.0,0,49,12,27,19,11,4,0,61,1,0,-0.212,0.8
KCA/KCA201409010,"Monday, September 1, 2014",7:10 p.m. Local,Kauffman Stadium,21536,2:31,Night,Home,Kansas City Royals,KCR,Texas Rangers,TEX,30,3,5,3,2.0,4,9,34,0.167,0.265,0.233,0.498,118,75,-0.395,0.56,0.48,,-1.3,24,7,8.0,1,38,14,23,13,8,4,0,47,2,0,-0.106,-0.1,33,4,10,4,4.5,2,6,35,0.303,0.343,0.485,0.828,122,80,0.106,1.14,0.473,,0.1,27,13,9.0,0,44,7,29,10,17,5,0,56,1,0,0.394,1.3
KCA/KCA201409020,"Tuesday, September 2, 2014",7:09 p.m. Local,Kauffman Stadium,19435,3:00,Night,Home,Kansas City Royals,KCR,Texas Rangers,TEX,35,1,10,1,1.0,1,3,36,0.286,0.306,0.371,0.677,130,88,-0.557,1.57,0.597,,-3.3,24,6,8.0,0,61,7,20,21,11,9,0,67,2,1,0.058,1.9,30,2,8,2,2.25,0,6,32,0.267,0.29,0.467,0.757,137,88,-0.056,1.56,0.916,,-1.9,27,13,9.0,0,51,22,15,7,18,7,0,58,0,0,0.557,3.3
KCA/KCA201409030,"Wednesday, September 3, 2014",7:11 p.m. Local,Kauffman Stadium,15771,2:46,Night,Home,Kansas City Royals,KCR,Texas Rangers,TEX,36,1,8,1,1.0,1,8,37,0.222,0.243,0.306,0.549,105,96,-0.441,0.56,0.431,,-3.3,24,14,8.0,1,51,14,31,13,15,9,0,49,1,1,-0.059,-0.1,29,4,6,3,3.38,0,2,29,0.207,0.207,0.414,0.621,145,62,0.059,1.15,0.383,,0.1,27,8,9.0,0,37,6,19,14,13,7,0,67,3,0,0.441,3.3
NYA/NYA201409050,"Friday, September 5, 2014",7:08 p.m. Local,Yankee Stadium III,36284,2:33,Night,Away,Kansas City Royals,KCR,New York Yankees,NYY,30,1,3,1,0.0,0,8,30,0.1,0.1,0.1,0.2,108,83,-0.305,1.57,0.21,,-3.2,27,9,9.0,0,48,14,22,11,11,4,0,83,1,0,0.804,4.2,30,0,3,0,0.0,0,8,31,0.1,0.129,0.133,0.262,121,74,-0.805,0.79,0.229,,-4.2,27,12,9.0,0,39,14,21,12,10,3,0,73,0,0,0.304,3.2
NYA/NYA201409060,"Saturday, September 6, 2014",4:09 p.m. Local,Yankee Stadium III,45262,2:48,Day,Home,New York Yankees,NYY,Kansas City Royals,KCR,31,2,6,2,2.0,1,6,33,0.194,0.212,0.29,0.502,136,92,-0.18,0.51,0.276,,-2.2,24,11,8.0,0,52,11,29,10,16,6,0,50,0,0,-0.319,-2.3,34,6,11,5,5.62,1,6,36,0.324,0.333,0.5,0.833,127,85,0.32,0.71,0.554,,2.3,27,12,9.0,0,48,15,22,15,14,5,0,57,0,0,0.182,2.2
NYA/NYA201409070,"Sunday, September 7, 2014",1:36 p.m. Local,Yankee Stadium III,48110,3:16,Day,Away,Kansas City Royals,KCR,New York Yankees,NYY,32,2,7,1,0.0,4,9,36,0.219,0.306,0.219,0.524,139,95,-0.09,1.39,0.475,,-2.2,27,9,9.0,0,52,18,25,9,14,5,0,64,1,0,0.588,4.2,30,0,4,0,0.0,4,5,34,0.133,0.235,0.133,0.369,160,83,-0.589,0.89,0.407,,-4.2,27,11,9.0,0,52,10,21,13,12,4,0,54,0,0,0.089,2.2
DET/DET201409080,"Monday, September 8, 2014",4:09 p.m. Local,Comerica Park,30758,3:19,Day,Home,Detroit Tigers,DET,Kansas City Royals,KCR,33,5,8,5,5.0,2,5,36,0.242,0.286,0.394,0.68,163,94,0.026,0.57,0.345,,0.8,24,13,8.0,0,59,7,28,10,19,8,0,10,4,0,-0.527,-5.2,38,9,15,7,7.88,3,2,41,0.395,0.439,0.5,0.939,151,101,0.527,0.56,0.747,,5.3,27,8,9.0,1,65,9,27,22,14,7,0,52,0,0,-0.027,-0.8
DET/DET201409090,"Tuesday, September 9, 2014",7:08 p.m. Local,Comerica Park,32603,3:26,Night,Home,Detroit Tigers,DET,Kansas City Royals,KCR,35,2,10,2,2.0,5,8,40,0.286,0.375,0.314,0.689,136,103,-0.318,0.54,0.784,,-2.2,24,7,8.0,2,61,14,28,11,16,8,0,43,1,0,-0.179,-0.3,32,4,8,4,4.5,3,7,36,0.25,0.306,0.469,0.774,152,85,0.18,1.42,0.434,,0.3,27,10,9.0,0,43,20,23,14,12,3,0,58,2,1,0.321,2.2
DET/DET201409100,"Wednesday, September 10, 2014",7:50 p.m. Local,Comerica Park,29751,3:18,Night,Away,Kansas City Royals,KCR,Detroit Tigers,DET,35,3,10,3,3.0,1,9,38,0.286,0.316,0.343,0.659,129,107,-0.041,1.08,0.536,,-1.2,27,9,9.0,0,66,14,27,16,11,6,0,80,0,0,0.541,4.2,28,0,2,0,0.0,1,11,29,0.071,0.103,0.071,0.175,148,92,-0.541,0.82,0.15,,-4.2,27,10,9.0,0,58,20,14,12,5,0,0,59,5,0,0.04,1.2
KCA/KCA201409110,"Thursday, September 11, 2014",7:10 p.m. Local,Kauffman Stadium,28673,3:28,Night,Away,Boston Red Sox,BOS,Kansas City Royals,KCR,36,6,9,5,4.0,5,4,42,0.25,0.357,0.361,0.718,130,103,0.307,1.21,0.966,,1.6,27,7,9.0,0,60,7,36,19,13,7,0,55,2,0,0.194,1.3,32,3,6,2,2.0,3,9,37,0.188,0.278,0.25,0.528,174,83,-0.194,1.02,0.63,,-1.3,27,14,9.0,0,42,13,28,10,14,7,0,38,3,0,-0.307,-1.7
KCA/KCA201409120,"Friday, September 12, 2014",7:10 p.m. Local,Kauffman Stadium,19191,2:49,Night,Away,Boston Red Sox,BOS,Kansas City Royals,KCR,34,4,8,2,3.0,2,12,38,0.235,0.316,0.324,0.639,118,99,0.118,0.99,0.674,,-0.3,27,10,9.0,1,48,16,35,11,11,3,0,57,0,0,0.383,2.3,31,2,4,2,2.0,1,4,33,0.129,0.182,0.226,0.408,147,82,-0.384,0.84,0.286,,-2.3,27,7,9.0,0,43,16,23,10,17,6,0,52,0,0,-0.117,0.3
KCA/KCA201409130,"Saturday, September 13, 2014",6:10 p.m. Local,Kauffman Stadium,26627,2:48,Night,Home,Kansas City Royals,KCR,Boston Red Sox,BOS,31,1,4,1,0.0,1,4,33,0.129,0.152,0.129,0.281,153,81,-0.224,0.42,0.193,,-3.3,24,10,8.0,0,47,8,26,11,17,4,0,32,0,0,-0.276,-3.1,35,7,12,5,7.88,1,7,36,0.343,0.361,0.457,0.818,127,97,0.277,0.71,0.474,,3.1,27,7,9.0,0,57,12,30,15,13,7,0,75,0,0,0.224,3.3
KCA/KCA201409140,"Sunday, September 14, 2014",1:11 p.m. Local,Kauffman Stadium,19065,3:23,Day,Away,Boston Red Sox,BOS,Kansas City Royals,KCR,33,8,8,8,8.0,5,11,39,0.242,0.333,0.424,0.758,165,103,0.506,0.79,0.953,,3.7,27,16,9.0,1,51,22,30,5,18,6,0,47,1,0,-0.006,0.3,35,4,9,4,4.0,4,4,39,0.257,0.333,0.371,0.705,173,100,0.005,0.93,0.553,,-0.3,27,6,9.0,2,55,11,34,20,11,5,0,47,2,2,-0.505,-3.7
KCA/KCA201409150,"Monday, September 15, 2014",7:10 p.m. Local,Kauffman Stadium,21390,3:18,Night,Home,Kansas City Royals,KCR,Chicago White Sox,CHW,39,3,13,2,3.0,0,7,39,0.333,0.333,0.359,0.692,169,92,0.014,1.91,0.5,,-1.3,26,13,8.2,0,55,21,16,14,18,12,0,70,2,0,-0.514,0.1,33,4,9,3,3.12,6,7,39,0.273,0.385,0.364,0.748,133,99,0.514,0.69,1.768,,-0.1,27,8,9.0,0,61,7,31,17,9,3,0,51,0,0,-0.013,1.3
KCA/KCA201409160,"Tuesday, September 16, 2014",7:10 p.m. Local,Kauffman Stadium,28904,4:16,Night,Away,Chicago White Sox,CHW,Kansas City Royals,KCR,35,7,13,7,7.0,3,7,41,0.371,0.39,0.514,0.905,197,104,0.613,1.48,1.182,,2.7,27,14,9.0,0,65,17,23,16,15,10,0,35,4,0,-0.114,-0.7,34,5,9,5,5.0,7,7,42,0.265,0.381,0.265,0.646,146,118,0.112,1.32,0.984,,0.7,27,13,9.0,0,73,15,30,16,12,8,0,31,8,4,-0.613,-2.7
KCA/KCA201409170,"Wednesday, September 17, 2014",7:10 p.m. Local,Kauffman Stadium,26425,2:50,Night,Home,Kansas City Royals,KCR,Chicago White Sox,CHW,29,2,5,2,2.0,2,10,33,0.172,0.242,0.207,0.449,147,76,-0.182,0.48,0.25,,-2.3,24,8,8.0,2,40,18,20,10,10,5,0,33,2,1,-0.319,-2.1,34,6,11,5,5.62,5,9,40,0.324,0.425,0.559,0.984,125,90,0.321,0.69,0.596,,2.1,27,7,9.0,0,50,10,30,11,14,6,0,72,0,0,0.181,2.3
KCA/KCA201409190,"Friday, September 19, 2014",7:10 p.m. Local,Kauffman Stadium,37945,3:16,Night,Away,Detroit Tigers,DET,Kansas City Royals,KCR,45,10,19,9,10.0,1,5,46,0.422,0.435,0.578,1.013,136,107,0.35,0.36,0.532,,5.7,27,12,9.0,0,71,10,26,15,25,15,0,64,1,1,0.149,3.3,31,1,7,1,1.0,0,5,32,0.226,0.219,0.29,0.509,169,96,-0.151,0.36,0.141,,-3.4,27,11,9.0,1,59,13,24,15,12,5,0,23,3,2,-0.349,-5.7
KCA/KCA201409200,"Saturday, September 20, 2014",12:05 p.m. Local,Kauffman Stadium,37074,3:29,Day,Away,Detroit Tigers,DET,Kansas City Royals,KCR,34,3,7,3,3.0,1,9,35,0.206,0.229,0.294,0.523,153,87,0.03,1.88,0.589,,-1.3,27,11,9.0,0,53,13,21,10,15,7,0,66,0,0,0.469,2.3,35,2,11,1,1.0,1,7,39,0.314,0.351,0.4,0.751,128,104,-0.469,1.0,0.969,,-2.3,27,10,9.0,1,64,13,27,16,14,5,0,55,2,0,-0.03,1.3
KCA/KCA201409210,"Sunday, September 21, 2014",1:12 p.m. Local,Kauffman Stadium,37212,3:09,Day,Home,Kansas City Royals,KCR,Detroit Tigers,DET,33,2,6,1,1.0,2,7,36,0.182,0.25,0.303,0.553,148,83,-0.245,0.88,0.588,,-2.4,24,8,8.0,0,46,17,20,12,14,3,0,25,5,0,-0.253,-1.1,34,5,11,5,5.62,3,5,38,0.324,0.395,0.471,0.865,120,93,0.255,1.33,0.78,,1.1,27,9,9.0,1,61,13,19,10,19,11,0,52,2,0,0.246,2.3
CLE/CLE201409220,"Monday, September 22, 2014",7:07 p.m. Local,Progressive Field,10458,3:03,Night,Away,Kansas City Royals,KCR,Cleveland Indians,CLE,35,2,8,2,2.0,1,11,36,0.229,0.25,0.257,0.507,141,90,-0.114,1.39,0.38,,-2.3,27,9,9.0,0,46,20,24,8,16,10,0,63,0,0,0.614,4.3,33,0,7,0,0.0,3,9,36,0.212,0.278,0.242,0.52,124,86,-0.613,0.74,0.431,,-4.3,27,6,9.0,0,46,13,28,12,12,8,0,64,2,0,0.114,2.3
CLE/CLE201409230,"Tuesday, September 23, 2014",7:07 p.m. Local,Progressive Field,11735,2:57,Night,Away,Kansas City Royals,KCR,Cleveland Indians,CLE,39,7,13,7,7.0,3,11,42,0.333,0.381,0.487,0.868,143,87,0.232,0.47,0.649,,2.7,27,13,9.0,0,52,18,17,12,16,11,0,71,0,0,0.268,3.3,32,1,5,0,0.0,4,6,36,0.156,0.25,0.188,0.438,145,83,-0.269,0.62,0.095,,-3.3,27,10,9.0,0,59,7,17,16,10,4,0,33,4,1,-0.233,-2.7
CLE/CLE201409240,"Wednesday, September 24, 2014",7:12 p.m. Local,Progressive Field,13796,3:29,Night,Home,Cleveland Indians,CLE,Kansas City Royals,KCR,36,4,10,4,4.0,4,5,41,0.278,0.366,0.333,0.699,152,91,-0.033,0.73,0.904,,-0.3,24,8,8.0,1,54,10,27,12,19,13,0,36,3,2,-0.466,-2.2,29,6,7,6,6.75,6,3,37,0.241,0.378,0.448,0.827,144,86,0.468,1.41,0.778,,2.2,27,9,9.0,0,49,15,22,12,15,7,0,30,2,0,0.035,0.3
CHA/CHA201409250,"Thursday, September 25, 2014",7:11 p.m. Local,U.S. Cellular Field,19587,3:06,Night,Away,Kansas City Royals,KCR,Chicago White Sox,CHW,39,6,14,6,5.0,1,7,40,0.359,0.375,0.538,0.913,160,83,0.363,1.13,1.115,,2.0,27,9,9.0,1,46,11,26,17,15,12,0,52,0,0,0.137,1.0,35,3,8,3,3.0,3,9,39,0.229,0.289,0.4,0.689,126,99,-0.136,1.07,0.633,,-1.0,27,16,9.0,1,55,23,21,14,13,7,0,43,2,2,-0.363,-2.0
CHA/CHA201409260,"Friday, September 26, 2014",7:10 p.m. Local,U.S. Cellular Field,27416,2:41,Night,Away,Kansas City Royals,KCR,Chicago White Sox,CHW,32,3,7,3,3.0,2,9,34,0.219,0.265,0.281,0.546,128,84,0.092,0.87,0.387,,-1.0,27,9,9.0,0,52,11,21,9,14,7,0,74,0,0,0.409,3.0,33,1,6,1,1.0,1,10,34,0.182,0.206,0.242,0.448,124,89,-0.409,0.5,0.21,,-3.0,27,7,9.0,0,46,18,25,13,10,5,0,51,1,0,-0.091,1.0
CHA/CHA201409270,"Saturday, September 27, 2014",6:59 p.m. Local,U.S. Cellular Field,38160,3:19,Night,Home,Chicago White Sox,CHW,Kansas City Royals,KCR,33,4,8,4,4.0,4,3,37,0.242,0.324,0.333,0.658,154,90,-0.253,0.42,0.557,,-0.0,24,9,8.0,3,53,8,31,16,14,8,0,29,3,0,-0.246,-1.4,29,5,7,5,5.62,3,7,32,0.241,0.313,0.586,0.899,145,89,0.247,1.11,0.44,,1.4,27,12,9.0,1,53,15,21,10,12,5,0,60,4,1,0.253,0.0
CHA/CHA201409280,"Sunday, September 28, 2014",1:12 p.m. Local,U.S. Cellular Field,32266,3:34,Day,Away,Kansas City Royals,KCR,Chicago White Sox,CHW,38,6,12,5,6.0,3,12,44,0.316,0.386,0.447,0.834,158,109,0.433,1.37,1.252,,2.0,27,4,9.0,1,53,22,34,13,14,8,0,35,0,0,0.066,0.0,38,4,12,4,4.0,3,13,41,0.316,0.366,0.474,0.84,173,104,-0.065,1.25,1.055,,-0.0,27,8,9.0,0,56,24,24,9,16,8,0,43,1,1,-0.435,-2.0
