,date,time,venue,attendance,duration,time_of_day,winner,winning_name,winning_abbr,losing_name,losing_abbr,away_at_bats,away_runs,away_hits,away_rbi,away_earned_runs,away_bases_on_balls,away_strikeouts,away_plate_appearances,away_batting_average,away_on_base_percentage,away_slugging_percentage,away_on_base_plus,away_pitches,away_strikes,away_win_probability_for_offensive_player,away_average_leverage_index,away_win_probability_added,away_win_probability_subtracted,away_base_out_runs_added,away_putouts,away_assists,away_innings_pitched,away_home_runs,away_strikes_by_contact,away_strikes_swinging,away_strikes_looking,away_grounded_balls,away_fly_balls,away_line_drives,away_unknown_bat_type,away_game_score,away_inherited_runners,away_inherited_score,away_win_probability_by_pitcher,away_base_out_runs_saved,home_at_bats,home_runs,home_hits,home_rbi,home_earned_runs,home_bases_on_balls,home_strikeouts,home_plate_appearances,home_batting_average,home_on_base_percentage,home_slugging_percentage,home_on_base_plus,home_pitches,home_strikes,home_win_probability_for_offensive_player,home_average_leverage_index,home_win_probability_added,home_win_probability_subtracted,home_base_out_runs_added,home_putouts,home_assists,home_innings_pitched,home_home_runs,home_strikes_by_contact,home_strikes_swinging,home_strikes_looking,home_grounded_balls,home_fly_balls,home_line_drives,home_unknown_bat_type,home_game_score,home_inherited_runners,home_inherited_score,home_win_probability_by_pitcher,home_base_out_runs_saved
MIA/MIA201403310,"Monday, March 31, 2014",7:13 p.m. Local,Marlins Park,37116,2:58,Night,Home,Miami Marlins,MIA,Colorado Rockies,COL,32,1,6,1,1.0,1,10,33,0.188,0.212,0.281,0.493,155,97,-0.284,0.45,0.126,,-3.0,24,8,8.0,1,55,17,25,10,12,6,0,39,3,3,-0.217,-6.5,35,10,14,10,11.25,2,11,41,0.4,0.436,0.629,1.064,128,98,0.215,0.62,0.443,,6.5,27,9,9.0,1,52,16,30,16,11,8,0,67,0,0,0.284,3.0
MIA/MIA201404010,"Tuesday, April 1, 2014",7:12 p.m. Local,Marlins Park,15906,2:24,Night,Home,Miami Marlins,MIA,Colorado Rockies,COL,34,3,9,3,3.0,2,8,37,0.265,0.297,0.382,0.68,107,95,-0.294,0.9,0.676,,-1.0,24,14,8.0,0,61,14,20,12,16,4,0,49,0,0,-0.206,-0.5,27,4,5,4,3.38,1,4,29,0.185,0.207,0.259,0.466,147,72,0.206,1.43,0.491,,0.5,27,9,9.0,0,43,9,20,13,11,5,0,57,1,0,0.295,1.0
MIA/MIA201404020,"Wednesday, April 2, 2014",7:11 p.m. Local,Marlins Park,15866,3:23,Night,Away,Colorado Rockies,COL,Miami Marlins,MIA,36,6,12,5,3.0,4,6,42,0.333,0.39,0.361,0.751,167,100,0.286,1.52,0.648,,2.0,27,9,9.0,1,56,10,34,24,8,2,0,45,1,1,0.215,-1.0,35,5,8,4,5.0,4,11,40,0.229,0.325,0.371,0.696,141,104,-0.215,0.69,0.853,,1.0,27,15,9.0,0,60,13,31,13,11,4,0,26,3,2,-0.285,-2.0
MIA/MIA201404030,"Thursday, April 3, 2014",12:42 p.m. Local,Marlins Park,15378,3:14,Day,Home,Miami Marlins,MIA,Colorado Rockies,COL,36,5,10,5,5.0,3,5,39,0.278,0.333,0.417,0.75,143,95,0.213,1.7,0.67,,1.0,24,9,8.0,0,60,13,22,18,13,7,0,42,1,0,-0.714,-4.5,36,8,13,8,9.0,4,7,41,0.361,0.425,0.5,0.925,140,94,0.715,0.71,1.764,,4.5,27,18,9.0,1,53,10,31,12,18,10,0,34,0,0,-0.214,-1.0
MIA/MIA201404040,"Friday, April 4, 2014",7:11 p.m. Local,Marlins Park,17783,2:37,Night,Home,Miami Marlins,MIA,San Diego Padres,SDP,33,2,7,2,2.0,4,3,37,0.212,0.297,0.242,0.54,138,76,-0.194,0.29,0.188,,-2.0,24,11,8.0,1,45,6,25,12,18,8,0,30,0,0,-0.305,-4.5,35,8,13,8,9.0,4,5,40,0.371,0.425,0.543,0.968,128,93,0.305,0.51,0.425,,4.5,27,10,9.0,0,52,14,27,14,17,6,0,50,0,0,0.196,2.0
MIA/MIA201404050,"Saturday, April 5, 2014",7:10 p.m. Local,Marlins Park,35188,2:49,Night,Home,Miami Marlins,MIA,San Diego Padres,SDP,32,0,5,0,0.0,3,10,35,0.156,0.229,0.188,0.416,153,96,-0.454,0.73,0.269,,-4.0,24,8,8.0,0,52,18,27,14,8,3,0,57,2,0,-0.045,-1.5,33,5,10,5,5.62,5,8,39,0.303,0.385,0.394,0.779,148,99,0.045,0.89,0.498,,1.5,27,12,9.0,0,63,8,28,14,12,10,0,74,1,0,0.455,4.0
MIA/MIA201404060,"Sunday, April 6, 2014",1:10 p.m. Local,Marlins Park,22496,2:44,Day,Away,San Diego Padres,SDP,Miami Marlins,MIA,33,4,7,4,3.0,1,10,36,0.212,0.25,0.303,0.553,129,96,0.251,1.01,0.899,,0.0,27,8,9.0,0,58,14,24,13,11,2,0,66,1,0,0.249,2.0,30,2,5,2,2.0,1,8,32,0.167,0.194,0.267,0.46,136,86,-0.25,1.14,0.423,,-2.0,27,7,9.0,1,50,13,23,9,14,6,0,61,0,0,-0.25,-0.0
WAS/WAS201404080,"Tuesday, April 8, 2014",7:08 p.m. Local,Nationals Park,21728,2:58,Night,Home,Washington Nationals,WSN,Miami Marlins,MIA,30,0,4,0,0.0,4,8,34,0.133,0.235,0.133,0.369,120,95,-0.445,0.59,0.25,,-4.1,24,10,8.0,0,51,18,26,9,13,2,0,51,2,0,-0.057,-1.3,31,5,8,4,3.38,3,9,34,0.258,0.324,0.323,0.646,159,77,0.059,0.98,0.38,,1.3,27,8,9.0,0,39,20,18,9,13,8,0,69,1,0,0.443,4.1
WAS/WAS201404090,"Wednesday, April 9, 2014",7:06 p.m. Local,Nationals Park,21190,3:56,Night,Home,Washington Nationals,WSN,Miami Marlins,MIA,39,7,14,7,7.0,6,11,46,0.359,0.435,0.641,1.076,169,119,0.539,1.46,1.132,,2.9,24,7,8.0,2,72,26,21,12,17,12,0,42,4,1,-1.038,-6.3,36,10,11,9,10.12,4,7,41,0.306,0.39,0.556,0.946,195,107,1.038,0.99,1.688,,6.3,27,10,9.0,2,66,13,28,13,16,11,0,20,2,0,-0.539,-2.9
WAS/WAS201404100,"Thursday, April 10, 2014",4:07 p.m. Local,Nationals Park,20869,2:53,Day,Home,Washington Nationals,WSN,Miami Marlins,MIA,31,1,3,1,1.0,1,17,33,0.097,0.152,0.194,0.345,147,93,-0.405,0.65,0.358,,-3.1,24,9,8.0,2,37,25,31,9,5,0,0,58,0,0,-0.094,-3.3,33,7,10,7,7.88,4,9,37,0.303,0.378,0.576,0.954,127,87,0.094,1.06,0.517,,3.3,27,8,9.0,1,42,15,30,12,12,2,0,75,1,0,0.407,3.1
PHI/PHI201404110,"Friday, April 11, 2014",7:09 p.m. Local,Citizens Bank Park,22283,3:15,Night,Home,Philadelphia Phillies,PHI,Miami Marlins,MIA,30,3,7,3,3.0,7,9,40,0.233,0.385,0.367,0.751,141,99,-0.144,0.78,0.735,,-1.0,24,9,8.0,0,46,18,35,13,10,4,0,24,2,1,-0.355,-2.4,31,6,10,5,6.75,7,7,39,0.323,0.447,0.452,0.899,173,85,0.355,1.25,0.732,,2.4,27,13,9.0,1,44,13,28,9,16,8,0,43,3,0,0.145,1.0
PHI/PHI201404120,"Saturday, April 12, 2014",7:07 p.m. Local,Citizens Bank Park,27760,3:29,Night,Home,Philadelphia Phillies,PHI,Miami Marlins,MIA,42,4,13,3,2.7,3,8,46,0.31,0.356,0.452,0.808,160,95,-0.224,1.14,0.953,,-0.5,29,9,9.2,1,54,22,19,15,20,11,0,48,1,0,-0.276,-0.6,36,5,9,5,4.66,2,9,38,0.25,0.289,0.417,0.706,159,105,0.276,1.51,1.079,,0.6,30,9,10.0,2,61,8,36,11,16,5,0,49,0,0,0.225,0.5
PHI/PHI201404130,"Sunday, April 13, 2014",1:41 p.m. Local,Citizens Bank Park,34272,3:12,Day,Home,Philadelphia Phillies,PHI,Miami Marlins,MIA,32,3,6,3,2.0,3,10,37,0.188,0.257,0.313,0.57,140,95,-0.273,1.58,0.502,,-1.0,24,8,8.0,2,57,15,23,12,12,3,0,38,0,0,-0.23,-0.4,34,4,13,4,4.5,6,8,41,0.382,0.475,0.618,1.093,151,84,0.232,1.11,1.229,,0.4,27,7,9.0,1,52,9,23,10,17,11,0,54,0,0,0.27,1.0
MIA/MIA201404140,"Monday, April 14, 2014",7:11 p.m. Local,Marlins Park,18788,2:56,Night,Away,Washington Nationals,WSN,Miami Marlins,MIA,42,9,16,9,9.0,1,8,45,0.381,0.409,0.81,1.219,126,108,0.382,0.51,0.651,,5.0,27,10,9.0,1,61,11,36,16,19,10,0,63,0,0,0.118,2.0,34,2,8,2,2.0,2,10,36,0.235,0.278,0.382,0.66,154,83,-0.12,0.44,0.245,,-2.0,27,12,9.0,2,42,18,23,12,12,6,0,24,1,0,-0.382,-5.0
MIA/MIA201404150,"Tuesday, April 15, 2014",7:12 p.m. Local,Marlins Park,19931,2:54,Night,Home,Miami Marlins,MIA,Washington Nationals,WSN,31,2,5,1,1.0,5,6,36,0.161,0.278,0.258,0.536,154,84,-0.127,0.28,0.088,,-2.0,24,3,8.0,1,44,17,23,15,10,6,0,24,0,0,-0.374,-7.5,37,11,15,9,12.38,4,11,43,0.405,0.463,0.568,1.031,141,105,0.373,0.3,0.472,,7.5,27,13,9.0,1,62,22,21,16,12,6,0,73,0,0,0.126,2.0
MIA/MIA201404160,"Wednesday, April 16, 2014",7:10 p.m. Local,Marlins Park,20178,2:37,Night,Away,Washington Nationals,WSN,Miami Marlins,MIA,35,6,7,6,3.0,2,12,37,0.2,0.243,0.429,0.672,124,92,0.404,0.91,1.003,,2.0,27,13,9.0,1,46,16,30,7,16,4,0,50,1,0,0.095,1.0,33,3,7,3,3.0,2,6,35,0.212,0.257,0.333,0.59,144,79,-0.094,1.0,0.528,,-1.0,27,3,9.0,2,39,9,31,14,13,5,0,73,1,1,-0.405,-2.0
MIA/MIA201404180,"Friday, April 18, 2014",7:10 p.m. Local,Marlins Park,21388,3:09,Night,Home,Miami Marlins,MIA,Seattle Mariners,SEA,38,4,11,2,1.0,2,6,40,0.289,0.325,0.421,0.746,137,106,-0.105,1.16,1.135,,0.0,24,14,8.0,2,71,12,23,18,14,5,0,26,0,0,-0.395,-4.5,33,8,13,8,7.88,4,4,39,0.394,0.462,0.636,1.098,152,82,0.395,1.69,1.021,,4.5,27,11,9.0,0,47,13,22,13,17,9,0,52,2,1,0.106,-0.0
MIA/MIA201404190,"Saturday, April 19, 2014",7:10 p.m. Local,Marlins Park,24003,2:20,Night,Home,Miami Marlins,MIA,Seattle Mariners,SEA,28,0,2,0,0.0,0,4,28,0.071,0.071,0.107,0.179,147,62,-0.336,0.78,0.055,,-4.0,24,9,8.0,1,39,5,18,17,7,3,0,33,0,0,-0.166,-3.5,31,7,10,6,5.62,6,8,39,0.323,0.432,0.484,0.916,90,84,0.165,0.54,0.632,,3.5,27,17,9.0,0,42,17,25,13,12,8,0,87,,,0.335,4.0
MIA/MIA201404200,"Sunday, April 20, 2014",1:11 p.m. Local,Marlins Park,20228,2:58,Day,Home,Miami Marlins,MIA,Seattle Mariners,SEA,29,2,6,2,2.0,3,9,35,0.207,0.265,0.31,0.575,135,86,-0.265,1.92,0.547,,-2.0,24,11,8.0,0,49,18,21,10,13,4,0,57,6,1,-0.235,0.5,27,3,4,3,3.38,6,6,34,0.148,0.294,0.185,0.479,132,75,0.235,1.45,1.133,,-0.5,27,7,9.0,0,39,13,23,12,10,4,0,56,3,0,0.265,2.0
ATL/ATL201404210,"Monday, April 21, 2014",7:13 p.m. Local,Turner Field,16055,3:41,Night,Home,Atlanta Braves,ATL,Miami Marlins,MIA,37,2,9,2,0.9,3,12,42,0.243,0.3,0.351,0.651,159,111,-0.267,1.69,1.407,,-2.3,27,6,9.0,2,59,22,29,15,11,4,0,61,5,1,-0.235,-0.1,36,4,9,4,4.0,6,10,43,0.25,0.372,0.444,0.817,160,95,0.235,2.1,1.386,,0.1,30,12,10.0,1,49,22,24,12,14,6,0,70,0,0,0.266,2.3
ATL/ATL201404220,"Tuesday, April 22, 2014",7:11 p.m. Local,Turner Field,18275,2:08,Night,Away,Miami Marlins,MIA,Atlanta Braves,ATL,31,1,4,1,1.0,0,13,31,0.129,0.129,0.161,0.29,117,86,-0.27,1.55,0.216,,-2.9,27,5,9.0,0,44,19,23,9,9,3,0,90,0,0,0.77,3.9,30,0,3,0,0.0,0,15,30,0.1,0.1,0.1,0.2,113,83,-0.771,0.76,0.237,,-3.9,27,6,9.0,0,33,28,22,8,7,3,0,81,0,0,0.27,2.9
ATL/ATL201404230,"Wednesday, April 23, 2014",12:11 p.m. Local,Turner Field,21508,3:01,Day,Home,Atlanta Braves,ATL,Miami Marlins,MIA,33,1,7,1,1.0,2,16,35,0.212,0.257,0.242,0.5,153,95,-0.404,1.22,0.643,,-2.9,24,8,8.0,0,51,26,20,10,9,2,0,66,3,2,-0.098,0.5,31,3,7,3,2.25,3,12,35,0.226,0.314,0.258,0.572,145,98,0.097,1.66,0.793,,-0.5,27,4,9.0,0,44,32,22,13,6,2,0,66,4,0,0.402,2.9
NYN/NYN201404250,"Friday, April 25, 2014",7:11 p.m. Local,Citi Field,21171,2:59,Night,Home,New York Mets,NYM,Miami Marlins,MIA,33,3,7,3,3.0,3,13,37,0.212,0.278,0.394,0.672,142,91,0.177,1.38,1.133,,-0.7,26,9,8.2,0,48,16,27,11,10,4,0,54,0,0,-0.677,-0.7,34,4,10,4,4.15,2,6,38,0.294,0.333,0.353,0.686,152,91,0.677,1.4,1.357,,0.7,27,6,9.0,2,52,11,28,16,14,8,0,67,0,0,-0.176,0.7
NYN/NYN201404260,"Saturday, April 26, 2014",7:12 p.m. Local,Citi Field,21492,3:35,Night,Away,Miami Marlins,MIA,New York Mets,NYM,39,7,10,7,6.3,4,10,44,0.256,0.326,0.462,0.787,162,98,0.502,1.2,1.459,,2.8,30,6,10.0,1,49,20,29,19,11,7,0,34,0,0,-0.003,-1.8,35,6,6,5,4.5,4,11,41,0.171,0.268,0.286,0.554,151,95,0.004,1.55,0.857,,1.8,30,13,10.0,2,49,18,28,9,16,6,0,34,2,2,-0.503,-2.8
NYN/NYN201404270,"Sunday, April 27, 2014",1:11 p.m. Local,Citi Field,26861,2:42,Day,Home,New York Mets,NYM,Miami Marlins,MIA,28,0,3,0,0.0,4,7,32,0.107,0.219,0.107,0.326,153,80,-0.343,0.76,0.206,,-3.7,24,11,8.0,1,49,14,17,7,14,3,0,39,0,0,-0.157,-0.7,29,4,6,4,4.5,4,6,35,0.207,0.324,0.379,0.703,125,94,0.157,0.83,0.554,,0.7,27,10,9.0,0,57,15,22,11,13,6,0,78,0,0,0.343,3.7
MIA/MIA201404290,"Tuesday, April 29, 2014",7:11 p.m. Local,Marlins Park,21992,2:07,Night,Home,Miami Marlins,MIA,Atlanta Braves,ATL,30,0,3,0,0.0,2,9,32,0.1,0.156,0.133,0.29,111,82,-0.275,0.38,0.099,,-4.0,24,5,8.0,2,51,11,20,12,10,3,0,20,2,2,-0.225,-5.5,36,9,13,9,10.12,1,3,37,0.361,0.378,0.639,1.017,109,76,0.225,0.54,0.454,,5.5,27,10,9.0,0,52,4,20,7,26,13,0,84,0,0,0.274,4.0
MIA/MIA201404300,"Wednesday, April 30, 2014",7:10 p.m. Local,Marlins Park,15558,2:50,Night,Home,Miami Marlins,MIA,Atlanta Braves,ATL,31,3,6,3,3.0,1,5,33,0.194,0.212,0.452,0.664,158,82,-0.159,0.27,0.095,,-1.0,24,13,8.0,2,53,11,18,11,16,9,0,11,5,1,-0.343,-5.5,36,9,15,9,10.12,2,6,41,0.417,0.425,0.75,1.175,126,101,0.343,0.31,0.437,,5.5,27,11,9.0,1,64,10,27,18,15,12,0,71,0,0,0.156,1.0
MIA/MIA201405010,"Thursday, May 1, 2014",7:10 p.m. Local,Marlins Park,17836,2:54,Night,Home,Miami Marlins,MIA,Atlanta Braves,ATL,35,4,9,4,4.0,4,7,39,0.257,0.333,0.457,0.79,133,90,-0.078,1.44,0.956,,0.0,24,9,8.0,1,56,11,23,12,16,7,0,52,3,2,-0.422,-1.5,33,5,10,5,5.62,3,6,37,0.303,0.361,0.424,0.785,135,84,0.423,1.67,1.126,,1.5,27,10,9.0,2,41,14,29,12,16,8,0,42,2,0,0.077,-0.0
MIA/MIA201405020,"Friday, May 2, 2014",7:10 p.m. Local,Marlins Park,20722,3:08,Night,Home,Miami Marlins,MIA,Los Angeles Dodgers,LAD,33,3,7,3,3.0,3,6,37,0.212,0.297,0.303,0.6,138,85,-0.396,0.53,0.345,,-1.0,24,7,8.0,1,48,11,26,16,11,6,0,49,1,1,-0.103,-2.5,33,6,11,6,6.75,2,9,36,0.333,0.389,0.606,0.995,139,80,0.105,0.89,0.502,,2.5,27,11,9.0,0,43,16,21,11,14,5,0,73,1,0,0.397,1.0
MIA/MIA201405030,"Saturday, May 3, 2014",7:10 p.m. Local,Marlins Park,24104,4:07,Night,Away,Los Angeles Dodgers,LAD,Miami Marlins,MIA,44,9,16,9,7.36,2,13,48,0.364,0.391,0.523,0.914,204,117,0.705,2.02,1.418,,4.1,33,15,11.0,3,64,17,36,15,18,12,0,43,0,0,-0.205,-2.1,44,7,14,7,5.73,8,7,53,0.318,0.434,0.614,1.048,170,114,0.205,1.0,1.88,,2.1,33,12,11.0,2,69,13,32,18,19,9,0,22,0,0,-0.705,-4.1
MIA/MIA201405040,"Sunday, May 4, 2014",1:10 p.m. Local,Marlins Park,30145,3:06,Day,Home,Miami Marlins,MIA,Los Angeles Dodgers,LAD,33,4,6,3,3.0,7,11,40,0.182,0.325,0.212,0.537,138,93,0.093,1.07,1.17,,0.0,26,16,8.2,3,46,22,25,13,9,4,0,46,2,0,-0.594,-1.3,33,5,9,5,5.19,2,7,38,0.273,0.333,0.606,0.939,152,90,0.596,1.65,1.163,,1.3,27,11,9.0,0,49,13,28,16,12,5,0,63,0,0,-0.094,-0.0
MIA/MIA201405050,"Monday, May 5, 2014",7:10 p.m. Local,Marlins Park,20606,2:53,Night,Home,Miami Marlins,MIA,New York Mets,NYM,31,3,6,3,3.0,2,11,34,0.194,0.235,0.419,0.655,168,87,-0.035,1.83,0.38,,-1.0,25,9,8.1,0,46,12,29,12,9,2,0,72,3,1,-0.467,-0.9,34,4,9,3,3.24,5,7,40,0.265,0.359,0.294,0.653,135,98,0.467,0.59,1.432,,0.9,27,8,9.0,2,57,9,32,15,13,7,0,64,0,0,0.035,1.0
MIA/MIA201405060,"Tuesday, May 6, 2014",7:10 p.m. Local,Marlins Park,18315,2:08,Night,Home,Miami Marlins,MIA,New York Mets,NYM,30,0,6,0,0.0,0,7,31,0.2,0.226,0.3,0.526,108,78,-0.397,0.5,0.23,,-4.0,24,7,8.0,0,45,11,23,12,11,6,0,55,0,0,-0.104,0.5,29,3,7,3,3.38,2,8,33,0.241,0.313,0.276,0.588,111,75,0.103,0.83,0.367,,-0.5,27,14,9.0,0,45,5,25,9,13,5,0,82,,,0.396,4.0
MIA/MIA201405070,"Wednesday, May 7, 2014",12:41 p.m. Local,Marlins Park,18010,2:40,Day,Home,Miami Marlins,MIA,New York Mets,NYM,28,0,2,0,0.0,1,6,30,0.071,0.103,0.107,0.211,147,71,-0.646,1.48,0.112,,-4.0,26,8,8.2,0,42,7,22,11,12,4,0,70,2,1,0.146,2.8,26,1,3,1,1.04,6,10,33,0.115,0.273,0.115,0.388,106,85,-0.146,1.17,0.596,,-2.8,27,10,9.0,0,41,21,23,9,8,4,0,82,0,0,0.646,4.0
SDN/SDN201405080,"Thursday, May 8, 2014",7:11 p.m. Local,Petco Park,17832,3:22,Night,Away,Miami Marlins,MIA,San Diego Padres,SDP,38,3,5,3,0.82,2,17,40,0.132,0.175,0.263,0.438,159,112,-0.126,1.33,0.879,,-1.5,33,14,11.0,1,56,26,32,11,10,4,0,61,0,0,0.626,3.5,39,1,7,1,0.82,2,8,41,0.179,0.22,0.308,0.527,172,100,-0.626,1.32,0.502,,-3.5,33,10,11.0,1,55,11,34,16,15,6,0,75,0,0,0.126,1.5
SDN/SDN201405090,"Friday, May 9, 2014",7:10 p.m. Local,Petco Park,22553,2:54,Night,Home,San Diego Padres,SDP,Miami Marlins,MIA,29,1,4,1,1.0,4,10,33,0.138,0.242,0.241,0.484,160,84,-0.3,0.36,0.107,,-2.7,24,9,8.0,2,34,20,30,14,5,2,0,37,0,0,-0.201,-6.7,35,10,13,10,10.12,3,6,40,0.371,0.41,0.686,1.096,138,102,0.201,0.58,0.401,,6.7,27,10,9.0,1,61,20,21,14,17,11,0,71,0,0,0.3,2.7
SDN/SDN201405100,"Saturday, May 10, 2014",5:42 p.m. Local,Petco Park,27719,3:21,Night,Home,San Diego Padres,SDP,Miami Marlins,MIA,36,3,9,3,3.0,2,12,38,0.25,0.289,0.444,0.734,194,98,-0.093,0.95,0.452,,-0.7,24,11,8.0,2,49,19,30,8,16,8,0,44,0,0,-0.409,-5.7,36,9,13,9,10.12,8,6,45,0.361,0.477,0.611,1.088,158,114,0.409,0.76,1.037,,5.7,27,6,9.0,1,79,12,23,17,14,5,0,56,0,0,0.091,0.7
SDN/SDN201405110,"Sunday, May 11, 2014",1:11 p.m. Local,Petco Park,17682,3:29,Day,Home,San Diego Padres,SDP,Miami Marlins,MIA,38,4,11,4,4.0,3,9,41,0.289,0.341,0.447,0.789,166,117,-0.28,0.61,0.707,,0.3,24,6,8.0,1,73,18,26,12,17,11,0,27,0,0,-0.22,-1.7,34,5,10,5,5.62,5,7,39,0.294,0.385,0.412,0.796,177,98,0.221,1.51,0.583,,1.7,27,8,9.0,1,51,20,27,11,16,9,0,70,1,1,0.279,-0.3
LAN/LAN201405120,"Monday, May 12, 2014",7:09 p.m. Local,Dodger Stadium,37187,3:31,Night,Home,Los Angeles Dodgers,LAD,Miami Marlins,MIA,34,5,8,5,5.0,1,4,35,0.235,0.257,0.471,0.728,203,81,-0.025,0.88,0.633,,1.2,24,8,8.0,1,53,13,15,13,17,6,0,29,4,0,-0.473,-2.6,32,6,10,6,6.75,10,4,42,0.312,0.476,0.438,0.914,128,114,0.474,1.04,1.03,,2.6,27,10,9.0,2,70,16,28,10,19,11,0,53,0,0,0.027,-1.2
LAN/LAN201405130,"Tuesday, May 13, 2014",7:10 p.m. Local,Dodger Stadium,50349,3:02,Night,Home,Los Angeles Dodgers,LAD,Miami Marlins,MIA,30,1,5,1,0.0,3,8,35,0.167,0.235,0.2,0.435,127,96,-0.342,0.67,0.22,,-2.8,24,11,8.0,0,55,16,25,17,7,3,0,35,1,1,-0.158,-3.6,33,7,12,7,6.75,1,6,36,0.364,0.389,0.515,0.904,151,84,0.155,0.84,0.574,,3.6,27,10,9.0,0,49,7,28,12,16,10,0,66,1,0,0.343,2.8
LAN/LAN201405140,"Wednesday, May 14, 2014",7:10 p.m. Local,Dodger Stadium,39498,3:20,Night,Away,Miami Marlins,MIA,Los Angeles Dodgers,LAD,41,13,17,11,8.0,6,4,48,0.415,0.479,0.683,1.162,136,106,0.42,0.23,0.612,,9.2,27,11,9.0,1,59,19,28,26,12,4,0,56,0,0,0.08,0.8,37,3,10,3,3.0,1,10,38,0.27,0.289,0.432,0.722,181,95,-0.081,0.4,0.077,,-0.8,27,14,9.0,3,52,15,28,13,14,10,0,6,1,1,-0.419,-9.2
SFN/SFN201405150,"Thursday, May 15, 2014",7:16 p.m. Local,AT&T Park,41597,2:53,Night,Home,San Francisco Giants,SFG,Miami Marlins,MIA,34,4,6,4,4.0,3,9,37,0.176,0.243,0.441,0.684,151,75,-0.037,0.95,0.582,,0.2,24,5,8.0,1,37,15,23,11,14,4,0,21,2,0,-0.462,-2.6,36,6,12,6,6.75,3,6,39,0.333,0.385,0.528,0.912,122,99,0.461,0.93,0.973,,2.6,27,9,9.0,2,70,6,23,9,21,9,0,55,1,0,0.038,-0.2
SFN/SFN201405160,"Friday, May 16, 2014",7:15 p.m. Local,AT&T Park,41819,3:17,Night,Away,Miami Marlins,MIA,San Francisco Giants,SFG,40,7,14,7,6.0,2,7,43,0.35,0.372,0.525,0.897,123,100,0.583,1.67,1.507,,3.2,27,9,9.0,0,53,19,28,15,19,11,0,38,0,0,-0.083,-1.2,35,5,11,5,4.0,2,5,39,0.314,0.333,0.486,0.819,152,77,0.082,1.36,1.203,,1.2,27,10,9.0,2,44,12,21,13,19,13,0,40,4,1,-0.583,-3.2
SFN/SFN201405170,"Saturday, May 17, 2014",6:04 p.m. Local,AT&T Park,41619,2:57,Night,Away,Miami Marlins,MIA,San Francisco Giants,SFG,35,5,9,5,4.0,4,8,40,0.257,0.325,0.486,0.811,130,95,0.12,0.81,0.521,,1.2,27,9,9.0,0,52,13,30,12,16,9,0,74,3,0,0.381,3.8,33,0,6,0,0.0,3,9,36,0.182,0.25,0.273,0.523,152,83,-0.381,0.61,0.204,,-3.8,27,11,9.0,1,47,19,17,12,12,7,0,49,2,0,-0.119,-1.2
SFN/SFN201405180,"Sunday, May 18, 2014",1:06 p.m. Local,AT&T Park,41551,3:04,Day,Home,San Francisco Giants,SFG,Miami Marlins,MIA,33,1,9,1,1.0,1,8,37,0.273,0.314,0.303,0.617,155,91,-0.279,0.47,0.373,,-2.8,24,9,8.0,1,52,12,27,15,12,6,0,50,0,0,-0.221,-0.6,30,4,7,4,4.5,2,10,34,0.233,0.294,0.333,0.627,138,97,0.22,0.89,0.389,,0.6,27,11,9.0,0,56,18,23,9,12,5,0,72,1,0,0.279,2.8
MIA/MIA201405200,"Tuesday, May 20, 2014",7:11 p.m. Local,Marlins Park,18699,3:30,Night,Away,Philadelphia Phillies,PHI,Miami Marlins,MIA,35,6,8,6,6.0,7,7,42,0.229,0.357,0.429,0.786,175,100,0.41,1.76,0.952,,2.0,27,5,9.0,0,59,10,31,11,18,8,0,50,0,0,0.088,-1.0,33,5,6,5,4.0,8,10,42,0.182,0.357,0.242,0.6,175,103,-0.089,0.95,1.179,,1.0,27,8,9.0,1,51,16,36,10,13,5,0,37,1,1,-0.411,-2.0
MIA/MIA201405210,"Wednesday, May 21, 2014",7:11 p.m. Local,Marlins Park,18257,3:39,Night,Home,Miami Marlins,MIA,Philadelphia Phillies,PHI,39,5,14,5,3.0,2,5,42,0.359,0.405,0.513,0.918,186,111,-0.008,0.72,0.768,,1.0,24,13,8.0,1,74,14,23,16,18,9,0,32,1,1,-0.493,-10.5,37,14,14,14,15.75,7,5,46,0.378,0.467,0.622,1.088,167,105,0.493,1.1,0.793,,10.5,27,14,9.0,1,56,16,33,16,18,12,0,45,0,0,0.008,-1.0
MIA/MIA201405220,"Thursday, May 22, 2014",12:41 p.m. Local,Marlins Park,25507,2:46,Day,Home,Miami Marlins,MIA,Philadelphia Phillies,PHI,33,3,8,3,3.0,3,6,38,0.242,0.297,0.364,0.661,128,87,-0.214,1.33,0.797,,-1.0,26,7,8.2,1,48,12,27,19,10,5,0,58,0,0,-0.287,-0.7,35,4,10,4,4.15,2,8,37,0.286,0.324,0.4,0.724,137,88,0.287,1.45,1.011,,0.8,27,12,9.0,1,52,13,23,13,14,8,0,70,1,1,0.214,1.0
MIA/MIA201405230,"Friday, May 23, 2014",7:11 p.m. Local,Marlins Park,18989,2:54,Night,Away,Milwaukee Brewers,MIL,Miami Marlins,MIA,39,9,13,9,9.0,2,9,42,0.333,0.357,0.718,1.075,146,91,0.385,0.49,0.655,,5.0,27,11,9.0,4,53,10,28,11,20,11,0,49,2,1,0.116,-1.0,36,5,8,5,5.0,1,9,37,0.222,0.243,0.556,0.799,137,95,-0.116,0.45,0.254,,1.0,27,7,9.0,3,49,15,31,16,11,5,0,24,0,0,-0.385,-5.0
MIA/MIA201405240,"Saturday, May 24, 2014",4:10 p.m. Local,Marlins Park,25819,3:03,Day,Home,Miami Marlins,MIA,Milwaukee Brewers,MIL,36,1,11,1,1.0,1,8,37,0.306,0.324,0.389,0.713,133,90,-0.587,0.94,0.848,,-3.0,24,9,8.0,0,52,16,23,14,14,11,0,59,0,0,0.088,1.5,31,2,8,2,2.25,3,8,34,0.258,0.324,0.323,0.646,131,83,-0.088,1.79,0.497,,-1.5,27,12,9.0,0,45,12,26,14,9,7,0,58,3,0,0.588,3.0
MIA/MIA201405250,"Sunday, May 25, 2014",1:10 p.m. Local,Marlins Park,21897,3:16,Day,Away,Milwaukee Brewers,MIL,Miami Marlins,MIA,40,7,14,6,5.0,3,8,43,0.35,0.395,0.575,0.97,150,108,0.363,0.42,0.501,,3.0,27,8,9.0,1,64,18,26,13,19,13,0,62,2,0,0.137,3.0,33,1,7,1,1.0,3,7,36,0.212,0.278,0.303,0.581,163,94,-0.136,0.31,0.148,,-3.0,27,10,9.0,0,42,16,36,11,15,4,0,31,0,0,-0.364,-3.0
WAS/WAS201405260,"Monday, May 26, 2014",1:35 p.m. Local,Nationals Park,33677,2:46,Day,Away,Miami Marlins,MIA,Washington Nationals,WSN,32,3,7,3,3.0,1,7,34,0.219,0.265,0.375,0.64,142,83,-0.02,1.38,0.429,,-1.1,27,10,9.0,1,58,7,18,10,15,7,0,63,1,0,0.52,2.1,30,2,3,2,2.0,1,8,34,0.1,0.182,0.233,0.415,128,91,-0.52,0.61,0.456,,-2.1,27,8,9.0,1,54,13,24,11,12,2,0,58,0,0,0.02,1.1
WAS/WAS201405280,"Wednesday, May 28, 2014",7:06 p.m. Local,Nationals Park,24830,3:47,Night,Away,Miami Marlins,MIA,Washington Nationals,WSN,39,8,14,7,6.3,5,7,45,0.359,0.432,0.41,0.842,182,113,0.399,1.61,1.194,,3.4,30,13,10.0,1,71,19,24,15,18,16,0,59,2,1,0.101,-0.4,43,5,15,4,3.6,5,6,50,0.349,0.42,0.442,0.862,176,116,-0.099,1.45,1.229,,0.4,30,16,10.0,0,68,12,36,18,20,13,0,39,3,3,-0.399,-3.4
MIA/MIA201405300,"Friday, May 30, 2014",7:10 p.m. Local,Marlins Park,18469,2:53,Night,Away,Atlanta Braves,ATL,Miami Marlins,MIA,30,3,8,3,3.0,4,6,37,0.267,0.378,0.367,0.745,127,80,0.095,1.2,0.974,,-1.0,27,8,9.0,1,49,12,19,9,16,8,0,64,2,0,0.405,2.0,30,2,5,2,2.0,1,5,32,0.167,0.194,0.267,0.46,133,83,-0.405,1.27,0.353,,-2.0,27,9,9.0,0,53,8,22,11,15,3,0,52,0,0,-0.094,1.0
MIA/MIA201405310,"Saturday, May 31, 2014",4:10 p.m. Local,Marlins Park,26875,3:28,Day,Away,Atlanta Braves,ATL,Miami Marlins,MIA,37,9,12,8,7.0,9,8,48,0.324,0.457,0.351,0.808,152,102,0.441,1.08,0.825,,5.0,27,14,9.0,0,58,22,22,19,12,7,0,48,4,0,0.059,-1.0,34,5,11,5,5.0,5,7,40,0.324,0.4,0.471,0.871,168,92,-0.06,0.62,0.754,,1.0,27,11,9.0,0,55,16,21,17,11,9,0,35,5,0,-0.443,-5.0
MIA/MIA201406010,"Sunday, June 1, 2014",1:10 p.m. Local,Marlins Park,21997,2:39,Day,Away,Atlanta Braves,ATL,Miami Marlins,MIA,34,4,9,4,4.0,1,6,36,0.265,0.286,0.353,0.639,131,76,0.134,1.32,0.763,,0.0,27,11,9.0,1,48,7,21,11,18,8,0,54,1,0,0.367,2.0,31,2,7,2,2.0,5,3,37,0.226,0.333,0.387,0.72,125,75,-0.367,1.16,0.636,,-2.0,27,8,9.0,1,39,10,26,10,19,12,0,66,0,0,-0.133,-0.0
MIA/MIA201406020,"Monday, June 2, 2014",7:10 p.m. Local,Marlins Park,18155,2:33,Night,Home,Miami Marlins,MIA,Tampa Bay Rays,TBR,32,1,6,1,1.0,1,8,33,0.188,0.212,0.219,0.431,118,74,-0.393,0.55,0.351,,-3.0,24,7,8.0,0,37,6,31,16,8,4,0,53,0,0,-0.108,0.5,27,3,5,2,3.38,2,10,29,0.185,0.241,0.222,0.464,119,78,0.108,1.08,0.344,,-0.5,27,12,9.0,0,36,15,27,10,7,5,0,68,2,0,0.393,3.0
MIA/MIA201406030,"Tuesday, June 3, 2014",7:11 p.m. Local,Marlins Park,21303,2:10,Night,Home,Miami Marlins,MIA,Tampa Bay Rays,TBR,30,0,8,0,0.0,0,5,30,0.267,0.267,0.333,0.6,106,58,-0.696,1.16,0.36,,-4.0,24,9,8.0,0,34,9,15,13,12,8,0,69,0,0,0.196,2.5,27,1,5,1,1.12,2,10,29,0.185,0.241,0.222,0.464,88,77,-0.196,1.34,0.408,,-2.5,27,14,9.0,0,38,15,24,10,7,5,0,76,,,0.696,4.0
TBA/TBA201406040,"Wednesday, June 4, 2014",7:12 p.m. Local,Tropicana Field,10897,3:17,Night,Away,Miami Marlins,MIA,Tampa Bay Rays,TBR,38,5,10,4,1.0,0,14,38,0.263,0.263,0.368,0.632,161,97,0.27,2.04,0.798,,1.0,27,16,9.0,2,51,19,27,12,12,6,0,43,0,0,0.231,0.0,34,4,9,4,3.0,6,7,40,0.265,0.375,0.5,0.875,140,93,-0.231,0.82,1.12,,-0.0,27,7,9.0,1,54,11,28,20,7,3,0,59,1,0,-0.27,-1.0
TBA/TBA201406050,"Thursday, June 5, 2014",4:11 p.m. Local,Tropicana Field,10442,3:45,Day,Away,Miami Marlins,MIA,Tampa Bay Rays,TBR,44,11,17,11,11.0,0,11,44,0.386,0.386,0.545,0.932,159,130,0.765,1.18,1.163,,7.0,27,12,9.0,2,80,16,34,16,17,7,0,34,4,1,-0.264,-2.0,39,6,13,6,6.0,3,7,43,0.333,0.372,0.615,0.987,189,107,0.264,0.88,1.038,,2.0,27,6,9.0,2,65,17,25,17,16,7,0,45,2,2,-0.764,-7.0
CHN/CHN201406060,"Friday, June 6, 2014",3:07 p.m. Local,Wrigley Field,28495,4:02,Day,Home,Chicago Cubs,CHC,Miami Marlins,MIA,49,3,12,3,2.08,1,17,51,0.245,0.26,0.286,0.546,170,134,-0.717,1.27,0.911,,-2.9,36,7,12.0,1,74,28,32,14,19,12,0,68,3,0,0.218,0.4,46,5,9,5,2.25,2,16,48,0.196,0.229,0.37,0.599,204,123,-0.217,1.72,0.956,,-0.4,39,13,13.0,0,59,34,30,11,19,12,0,72,0,0,0.719,2.9
CHN/CHN201406070,"Saturday, June 7, 2014",3:05 p.m. Local,Wrigley Field,33786,2:49,Day,Home,Chicago Cubs,CHC,Miami Marlins,MIA,32,2,5,2,2.0,1,8,33,0.156,0.182,0.281,0.463,154,85,-0.231,0.61,0.35,,-2.1,24,9,8.0,3,47,17,21,15,9,6,0,36,1,0,-0.271,-1.4,33,5,11,4,5.62,1,4,34,0.333,0.353,0.727,1.08,126,97,0.269,0.94,0.62,,1.4,27,13,9.0,1,63,12,23,8,21,12,0,66,0,0,0.229,2.1
CHN/CHN201406080,"Sunday, June 8, 2014",1:22 p.m. Local,Wrigley Field,33134,3:18,Day,Away,Miami Marlins,MIA,Chicago Cubs,CHC,33,4,8,3,4.0,3,10,38,0.242,0.316,0.242,0.558,142,95,0.356,1.81,1.195,,-0.1,27,12,9.0,0,54,17,24,13,11,7,0,53,6,3,0.146,1.1,34,3,9,3,2.0,3,10,40,0.265,0.342,0.412,0.754,159,92,-0.145,1.73,1.006,,-1.1,27,11,9.0,0,50,18,24,14,12,6,0,73,0,0,-0.354,0.1
TEX/TEX201406100,"Tuesday, June 10, 2014",7:07 p.m. Local,Globe Life Park in Arlington,28845,3:39,Night,Away,Miami Marlins,MIA,Texas Rangers,TEX,43,8,14,7,5.0,5,8,48,0.326,0.396,0.419,0.814,145,119,0.695,1.32,1.402,,3.7,27,6,9.0,0,71,16,32,13,22,12,0,42,3,2,-0.194,-0.7,32,5,7,4,5.0,4,13,39,0.219,0.308,0.219,0.526,200,84,0.193,1.17,0.938,,0.7,27,5,9.0,0,37,19,28,9,12,5,0,40,2,2,-0.695,-3.7
TEX/TEX201406110,"Wednesday, June 11, 2014",7:07 p.m. Local,Globe Life Park in Arlington,31512,2:37,Night,Home,Texas Rangers,TEX,Miami Marlins,MIA,29,0,6,0,0.0,3,10,32,0.207,0.281,0.207,0.488,142,76,-0.235,0.54,0.152,,-4.3,24,8,8.0,0,37,16,23,8,11,5,0,33,0,0,-0.265,-2.1,35,6,11,5,6.75,1,7,36,0.314,0.333,0.371,0.705,117,95,0.264,0.55,0.565,,2.1,27,12,9.0,0,58,8,29,15,13,7,0,82,,,0.235,4.3
MIA/MIA201406130,"Friday, June 13, 2014",7:11 p.m. Local,Marlins Park,19054,4:26,Night,Away,Pittsburgh Pirates,PIT,Miami Marlins,MIA,54,8,17,8,5.54,2,16,57,0.315,0.339,0.444,0.784,200,144,0.424,1.56,1.313,,2.3,39,18,13.0,1,75,26,43,16,23,12,0,67,5,3,0.077,-0.3,48,6,9,6,4.15,7,13,55,0.188,0.291,0.313,0.603,216,121,-0.075,1.04,1.174,,0.3,39,12,13.0,2,59,19,43,20,15,7,0,22,1,1,-0.424,-2.3
MIA/MIA201406140,"Saturday, June 14, 2014",4:10 p.m. Local,Marlins Park,21195,3:09,Day,Away,Pittsburgh Pirates,PIT,Miami Marlins,MIA,40,8,18,8,8.0,3,6,46,0.45,0.5,0.625,1.125,151,102,0.38,0.63,0.724,,4.0,27,12,9.0,2,57,20,25,17,19,10,0,62,0,0,0.121,-2.0,34,6,10,6,6.0,3,8,38,0.294,0.368,0.529,0.898,159,98,-0.12,0.62,0.37,,2.0,27,12,9.0,2,53,16,29,12,14,8,0,24,0,0,-0.38,-4.0
MIA/MIA201406150,"Sunday, June 15, 2014",1:10 p.m. Local,Marlins Park,25953,3:22,Day,Home,Miami Marlins,MIA,Pittsburgh Pirates,PIT,37,2,9,2,1.8,5,10,43,0.243,0.349,0.27,0.619,155,110,-0.305,1.88,0.849,,-2.4,29,10,9.2,0,56,18,36,16,11,8,0,72,0,0,-0.194,1.1,36,3,9,3,0.93,1,8,40,0.25,0.263,0.306,0.569,168,110,0.194,1.35,1.307,,-1.1,30,13,10.0,0,64,11,35,15,16,8,0,59,0,0,0.307,2.4
MIA/MIA201406160,"Monday, June 16, 2014",7:12 p.m. Local,Marlins Park,19170,4:39,Night,Away,Chicago Cubs,CHC,Miami Marlins,MIA,48,5,11,5,3.46,4,14,53,0.229,0.288,0.313,0.601,209,133,-0.08,1.65,1.508,,-0.7,39,11,13.0,1,81,21,31,15,20,10,0,48,6,0,0.58,1.7,48,4,10,4,2.77,6,17,55,0.208,0.291,0.313,0.603,199,141,-0.578,1.76,0.994,,-1.7,39,11,13.0,1,76,23,42,16,17,12,0,51,2,0,0.08,0.7
MIA/MIA201406170,"Tuesday, June 17, 2014",7:12 p.m. Local,Marlins Park,20860,3:11,Night,Home,Miami Marlins,MIA,Chicago Cubs,CHC,34,5,9,5,4.0,2,8,39,0.265,0.308,0.471,0.778,152,103,0.079,1.46,0.934,,1.0,24,11,8.0,1,62,17,24,10,18,9,0,57,0,0,-0.579,-2.5,33,6,9,5,3.38,5,10,38,0.273,0.368,0.364,0.732,154,88,0.577,1.31,1.385,,2.5,27,5,9.0,1,47,12,29,19,4,2,0,49,2,1,-0.078,-1.0
MIA/MIA201406180,"Wednesday, June 18, 2014",12:41 p.m. Local,Marlins Park,27032,2:54,Day,Away,Chicago Cubs,CHC,Miami Marlins,MIA,39,6,13,6,6.0,0,5,40,0.333,0.333,0.538,0.872,139,89,0.269,0.84,0.77,,2.0,27,8,9.0,1,58,12,19,15,20,8,0,73,0,0,0.231,3.0,32,1,5,1,1.0,2,14,34,0.156,0.206,0.25,0.456,133,91,-0.232,0.78,0.375,,-3.0,27,8,9.0,1,44,17,30,9,9,4,0,36,1,0,-0.268,-2.0
MIA/MIA201406190,"Thursday, June 19, 2014",7:10 p.m. Local,Marlins Park,20334,2:35,Night,Away,New York Mets,NYM,Miami Marlins,MIA,30,1,6,1,1.0,4,5,34,0.2,0.294,0.333,0.627,111,87,-0.291,1.46,0.387,,-3.0,27,11,9.0,0,51,13,23,11,14,7,0,88,,,0.79,4.0,27,0,3,0,0.0,1,8,28,0.111,0.143,0.111,0.254,144,70,-0.789,0.9,0.213,,-4.0,27,12,9.0,1,39,12,19,9,10,6,0,62,0,0,0.29,3.0
MIA/MIA201406200,"Friday, June 20, 2014",7:10 p.m. Local,Marlins Park,19725,3:19,Night,Home,Miami Marlins,MIA,New York Mets,NYM,32,2,11,2,2.0,2,6,36,0.344,0.382,0.406,0.789,130,95,-0.528,0.83,0.78,,-2.0,24,10,8.0,0,59,8,28,13,15,10,0,55,2,0,0.029,0.5,31,3,8,2,2.25,2,7,33,0.258,0.303,0.419,0.722,151,79,-0.029,1.79,0.507,,-0.5,27,11,9.0,0,45,9,25,13,11,5,0,64,3,1,0.529,2.0
MIA/MIA201406210,"Saturday, June 21, 2014",4:10 p.m. Local,Marlins Park,24502,2:38,Day,Away,New York Mets,NYM,Miami Marlins,MIA,32,4,7,4,4.0,3,9,35,0.219,0.286,0.375,0.661,125,82,-0.015,1.3,0.39,,0.0,27,13,9.0,0,40,16,26,9,14,8,0,71,0,0,0.516,4.0,31,0,6,0,0.0,4,9,35,0.194,0.286,0.258,0.544,121,80,-0.517,0.73,0.437,,-4.0,27,9,9.0,1,45,11,24,12,10,5,0,66,0,0,0.015,-0.0
MIA/MIA201406220,"Sunday, June 22, 2014",1:10 p.m. Local,Marlins Park,24613,3:09,Day,Away,New York Mets,NYM,Miami Marlins,MIA,39,11,17,11,11.0,3,5,46,0.436,0.455,0.641,1.096,133,105,0.384,0.38,0.526,,7.0,27,11,9.0,0,67,13,25,16,22,15,0,50,0,0,0.116,-1.0,33,5,8,5,5.0,3,8,37,0.242,0.306,0.364,0.669,169,83,-0.116,0.44,0.147,,1.0,27,7,9.0,1,45,10,28,13,13,8,0,18,1,0,-0.384,-7.0
PHI/PHI201406230,"Monday, June 23, 2014",7:20 p.m. Local,Citizens Bank Park,32161,3:14,Night,Away,Miami Marlins,MIA,Philadelphia Phillies,PHI,33,4,7,4,2.0,4,10,40,0.212,0.333,0.273,0.606,133,94,-0.006,1.21,0.46,,-0.0,27,8,9.0,0,54,14,26,15,9,5,0,62,2,0,0.506,4.0,30,0,6,0,0.0,2,3,32,0.2,0.25,0.233,0.483,161,85,-0.506,0.63,0.32,,-4.0,27,10,9.0,0,49,11,25,7,20,11,0,61,2,0,0.007,0.0
PHI/PHI201406240,"Tuesday, June 24, 2014",7:06 p.m. Local,Citizens Bank Park,24860,3:15,Night,Home,Philadelphia Phillies,PHI,Miami Marlins,MIA,35,4,10,3,4.0,4,6,40,0.286,0.35,0.429,0.779,150,103,-0.158,0.51,0.45,,-0.0,24,8,8.0,1,61,17,26,17,13,3,0,42,1,1,-0.345,-3.4,32,7,7,4,5.62,3,7,36,0.219,0.306,0.438,0.743,175,95,0.345,0.94,0.631,,3.4,27,12,9.0,1,52,25,18,13,12,7,0,45,1,0,0.157,0.0
PHI/PHI201406250,"Wednesday, June 25, 2014",7:08 p.m. Local,Citizens Bank Park,23360,2:53,Night,Away,Miami Marlins,MIA,Philadelphia Phillies,PHI,32,3,6,3,3.0,3,12,35,0.188,0.257,0.25,0.507,127,90,-0.019,1.83,0.507,,-1.0,27,14,9.0,0,38,23,29,11,9,3,0,55,1,0,0.52,2.0,32,2,7,2,1.0,2,7,37,0.219,0.278,0.25,0.528,139,84,-0.52,0.86,0.679,,-2.0,27,9,9.0,0,48,14,22,17,10,5,0,60,0,0,0.02,1.0
PHI/PHI201406260,"Thursday, June 26, 2014",7:08 p.m. Local,Citizens Bank Park,34168,4:41,Night,Home,Philadelphia Phillies,PHI,Miami Marlins,MIA,49,3,9,3,1.93,4,12,53,0.184,0.245,0.388,0.633,227,133,-0.758,2.12,0.834,,-3.2,39,12,13.0,1,76,26,31,20,17,9,0,56,2,0,0.258,0.8,51,5,13,4,2.77,3,13,57,0.255,0.304,0.314,0.617,207,150,-0.258,1.57,1.548,,-0.8,42,17,14.0,3,88,26,36,20,20,8,0,60,0,0,0.759,3.2
MIA/MIA201406270,"Friday, June 27, 2014",7:10 p.m. Local,Marlins Park,18666,3:14,Night,Away,Oakland Athletics,OAK,Miami Marlins,MIA,42,9,16,9,9.0,2,6,45,0.381,0.4,0.476,0.876,159,95,0.753,1.2,1.301,,5.0,27,11,9.0,0,55,11,29,18,19,12,0,41,2,2,-0.251,-1.0,35,5,10,5,5.0,4,8,40,0.286,0.375,0.343,0.718,149,108,0.251,1.12,0.925,,1.0,27,10,9.0,0,60,16,32,12,15,9,0,43,2,0,-0.753,-5.0
MIA/MIA201406280,"Saturday, June 28, 2014",4:10 p.m. Local,Marlins Park,19358,4:47,Day,Away,Oakland Athletics,OAK,Miami Marlins,MIA,54,7,15,6,4.5,6,9,61,0.278,0.361,0.333,0.694,209,136,0.164,2.38,1.798,,0.8,42,14,14.0,0,81,17,38,23,22,10,0,34,3,0,0.338,0.2,54,6,14,6,3.86,5,15,62,0.259,0.344,0.296,0.641,223,135,-0.339,1.63,2.062,,-0.2,42,19,14.0,0,68,22,45,19,21,10,0,41,0,0,-0.161,-0.8
MIA/MIA201406290,"Sunday, June 29, 2014",1:10 p.m. Local,Marlins Park,21917,2:48,Day,Away,Oakland Athletics,OAK,Miami Marlins,MIA,33,4,8,4,4.0,0,6,33,0.242,0.242,0.333,0.576,127,76,0.157,1.64,0.705,,0.0,27,17,9.0,1,43,8,25,17,10,3,0,60,1,0,0.343,1.0,30,3,6,2,2.0,2,6,34,0.2,0.242,0.367,0.609,116,85,-0.343,0.92,0.792,,-1.0,27,14,9.0,1,53,13,19,18,8,2,0,44,0,0,-0.158,-0.0
MIA/MIA201407010,"Tuesday, July 1, 2014",7:11 p.m. Local,Marlins Park,18518,3:37,Night,Home,Miami Marlins,MIA,Philadelphia Phillies,PHI,42,4,9,4,3.27,1,5,43,0.214,0.233,0.381,0.614,190,98,-0.225,1.72,0.727,,-0.9,31,13,10.1,0,63,14,21,24,13,3,0,52,0,0,-0.274,-0.6,39,5,9,4,3.48,7,15,47,0.231,0.348,0.231,0.579,138,110,0.275,1.1,1.294,,0.6,33,18,11.0,2,57,22,31,14,11,8,0,57,0,0,0.226,0.9
MIA/MIA201407020,"Wednesday, July 2, 2014",7:10 p.m. Local,Marlins Park,20084,3:11,Night,Home,Miami Marlins,MIA,Philadelphia Phillies,PHI,32,0,5,0,0.0,2,10,34,0.156,0.206,0.156,0.362,163,84,-0.395,0.91,0.307,,-4.0,24,8,8.0,1,43,14,27,9,13,5,0,44,1,0,-0.106,-1.5,32,5,9,5,5.62,4,7,37,0.281,0.378,0.469,0.847,134,96,0.107,0.97,0.632,,1.5,27,7,9.0,0,59,13,24,10,15,7,0,72,0,0,0.394,4.0
MIA/MIA201407030,"Thursday, July 3, 2014",6:10 p.m. Local,Marlins Park,24915,3:12,Night,Away,Philadelphia Phillies,PHI,Miami Marlins,MIA,37,5,9,5,5.0,2,10,40,0.243,0.3,0.27,0.57,124,110,0.733,1.88,1.556,,1.0,27,15,9.0,0,64,18,28,9,18,10,0,60,0,0,-0.233,-0.0,33,4,10,4,4.0,1,6,37,0.303,0.324,0.394,0.717,175,82,0.232,1.73,1.215,,0.0,27,5,9.0,0,46,16,21,19,11,4,0,45,3,3,-0.732,-1.0
SLN/SLN201407040,"Friday, July 4, 2014",6:16 p.m. Local,Busch Stadium III,46131,3:01,Night,Home,St. Louis Cardinals,STL,Miami Marlins,MIA,35,2,10,2,2.0,4,9,40,0.286,0.375,0.314,0.689,137,107,-0.444,0.9,0.898,,-2.0,24,12,8.0,0,59,17,31,17,10,6,0,48,0,0,-0.057,0.5,29,3,7,2,3.38,2,3,31,0.241,0.29,0.345,0.635,169,83,0.057,1.63,0.586,,-0.5,27,10,9.0,0,52,5,26,11,15,7,0,67,2,0,0.443,2.0
SLN/SLN201407050,"Saturday, July 5, 2014",1:16 p.m. Local,Busch Stadium III,45445,3:31,Day,Away,Miami Marlins,MIA,St. Louis Cardinals,STL,41,6,14,6,6.0,1,6,42,0.341,0.357,0.439,0.796,149,117,0.525,1.12,1.49,,2.0,27,11,9.0,2,73,14,30,16,19,9,0,23,1,0,-0.026,-1.0,34,5,10,5,5.0,3,5,41,0.294,0.385,0.5,0.885,174,91,0.025,1.38,0.837,,1.0,27,7,9.0,1,56,8,27,14,17,7,0,39,3,3,-0.526,-2.0
SLN/SLN201407060,"Sunday, July 6, 2014",1:15 p.m. Local,Busch Stadium III,42160,3:13,Day,Away,Miami Marlins,MIA,St. Louis Cardinals,STL,42,8,16,8,8.0,7,7,49,0.381,0.469,0.476,0.946,145,121,0.175,0.71,0.767,,4.0,27,15,9.0,1,65,18,38,20,15,7,0,65,2,0,0.324,-0.0,36,4,10,4,4.0,2,4,39,0.278,0.333,0.444,0.778,191,95,-0.324,0.93,0.254,,0.0,27,10,9.0,1,58,10,27,19,13,7,0,46,3,0,-0.175,-4.0
ARI/ARI201407070,"Monday, July 7, 2014",6:40 p.m. Local,Chase Field,17103,2:56,Night,Home,Arizona Diamondbacks,ARI,Miami Marlins,MIA,35,1,10,1,1.0,2,13,38,0.286,0.316,0.371,0.687,138,96,-0.149,0.39,0.172,,-3.1,24,6,8.0,1,45,24,27,9,14,11,0,15,2,1,-0.352,-5.4,35,9,11,9,10.12,2,4,39,0.314,0.359,0.629,0.988,145,86,0.352,0.43,0.533,,5.4,27,8,9.0,0,55,10,21,12,20,12,0,60,0,0,0.149,3.1
ARI/ARI201407080,"Tuesday, July 8, 2014",6:40 p.m. Local,Chase Field,18319,2:33,Night,Away,Miami Marlins,MIA,Arizona Diamondbacks,ARI,31,2,5,2,2.0,2,8,33,0.161,0.212,0.323,0.535,122,82,0.114,1.25,1.098,,-2.1,27,13,9.0,0,52,8,22,6,17,8,0,55,2,0,0.386,3.1,35,1,9,1,0.0,2,5,39,0.257,0.297,0.314,0.612,121,79,-0.385,1.44,0.528,,-3.1,27,5,9.0,1,51,8,20,19,13,9,0,77,0,0,-0.114,2.1
ARI/ARI201407090,"Wednesday, July 9, 2014",12:40 p.m. Local,Chase Field,18268,2:53,Day,Home,Arizona Diamondbacks,ARI,Miami Marlins,MIA,35,3,9,3,2.7,2,10,39,0.257,0.289,0.314,0.604,137,94,0.052,2.01,0.928,,-1.5,27,14,9.0,0,51,21,22,14,13,7,0,66,1,0,-0.553,-0.6,35,4,9,4,4.0,3,3,39,0.257,0.316,0.343,0.659,147,90,0.552,1.41,1.686,,0.6,30,11,10.0,0,54,12,24,16,17,12,0,64,0,0,-0.052,1.5
NYN/NYN201407110,"Friday, July 11, 2014",7:10 p.m. Local,Citi Field,25914,2:43,Night,Home,New York Mets,NYM,Miami Marlins,MIA,32,1,6,1,1.0,2,7,34,0.188,0.235,0.25,0.485,125,90,-0.178,0.32,0.202,,-2.7,24,6,8.0,2,56,17,17,16,10,6,0,30,0,0,-0.321,-3.7,34,7,12,7,7.88,0,5,35,0.353,0.353,0.647,1.0,133,86,0.32,0.58,0.481,,3.7,27,14,9.0,0,61,5,20,12,18,7,0,64,0,0,0.179,2.7
NYN/NYN201407120,"Saturday, July 12, 2014",4:13 p.m. Local,Citi Field,35283,2:52,Day,Home,New York Mets,NYM,Miami Marlins,MIA,32,4,5,4,4.0,5,12,38,0.156,0.27,0.344,0.614,125,99,0.054,1.32,0.811,,0.3,24,8,8.0,1,54,18,27,10,11,6,0,57,1,1,-0.556,-1.7,28,5,6,5,5.62,4,6,34,0.214,0.313,0.393,0.705,156,75,0.557,1.27,1.2,,1.7,27,7,9.0,1,47,9,19,11,13,4,0,54,0,0,-0.056,-0.3
NYN/NYN201407130,"Sunday, July 13, 2014",1:10 p.m. Local,Citi Field,28187,3:19,Day,Home,New York Mets,NYM,Miami Marlins,MIA,29,1,5,1,1.0,3,9,32,0.172,0.25,0.207,0.457,174,88,-0.191,0.61,0.339,,-2.7,24,8,8.0,0,43,21,24,8,12,4,0,37,6,3,-0.31,-5.7,38,9,15,9,10.12,6,5,45,0.395,0.467,0.526,0.993,141,101,0.311,0.83,0.642,,5.7,27,8,9.0,0,65,11,25,16,18,5,0,69,0,0,0.19,2.7
MIA/MIA201407180,"Friday, July 18, 2014",7:10 p.m. Local,Marlins Park,23017,3:00,Night,Away,San Francisco Giants,SFG,Miami Marlins,MIA,39,9,13,9,9.0,2,11,42,0.333,0.357,0.564,0.921,137,112,0.331,0.33,0.503,,5.0,27,11,9.0,1,66,24,22,12,17,8,0,65,1,0,0.17,3.0,33,1,7,1,1.0,2,9,35,0.212,0.257,0.333,0.59,165,91,-0.171,0.32,0.079,,-3.0,27,5,9.0,2,43,21,27,15,9,4,0,16,0,0,-0.329,-5.0
MIA/MIA201407190,"Saturday, July 19, 2014",7:11 p.m. Local,Marlins Park,24882,3:01,Night,Away,San Francisco Giants,SFG,Miami Marlins,MIA,32,5,8,4,4.0,5,4,39,0.25,0.368,0.344,0.712,114,89,0.297,0.73,0.699,,1.0,27,13,9.0,1,58,12,19,18,11,5,0,61,2,1,0.205,1.0,35,3,11,3,3.0,0,3,35,0.314,0.314,0.486,0.8,146,73,-0.204,0.76,0.372,,-1.0,27,14,9.0,0,52,6,15,17,15,9,0,48,1,0,-0.295,-1.0
MIA/MIA201407200,"Sunday, July 20, 2014",1:10 p.m. Local,Marlins Park,25221,2:41,Day,Home,Miami Marlins,MIA,San Francisco Giants,SFG,32,2,6,2,2.0,1,6,33,0.188,0.212,0.25,0.462,123,80,-0.448,1.05,0.44,,-2.0,24,12,8.0,1,49,9,22,15,11,4,0,60,1,0,-0.05,0.5,29,3,6,2,3.38,2,7,32,0.207,0.258,0.379,0.637,121,83,0.052,1.27,0.632,,-0.5,27,13,9.0,0,49,15,19,13,10,4,0,60,0,0,0.449,2.0
ATL/ATL201407210,"Monday, July 21, 2014",7:12 p.m. Local,Turner Field,26766,3:36,Night,Away,Miami Marlins,MIA,Atlanta Braves,ATL,37,3,8,3,2.7,5,16,43,0.216,0.31,0.324,0.634,134,116,-0.064,1.45,1.249,,-1.3,30,13,10.0,0,72,24,20,14,8,4,0,65,1,0,0.564,3.3,37,1,6,1,0.9,3,12,40,0.162,0.225,0.189,0.414,182,92,-0.562,2.0,0.456,,-3.3,30,8,10.0,1,55,17,20,16,9,4,0,75,2,0,0.065,1.3
ATL/ATL201407220,"Tuesday, July 22, 2014",7:12 p.m. Local,Turner Field,22998,3:13,Night,Away,Miami Marlins,MIA,Atlanta Braves,ATL,38,6,12,5,6.0,5,5,43,0.316,0.395,0.395,0.79,147,103,0.372,1.35,0.763,,2.1,27,13,9.0,1,67,10,26,18,15,8,0,53,2,2,0.125,-1.1,32,5,7,5,5.0,3,8,36,0.219,0.306,0.344,0.649,156,88,-0.124,0.75,0.791,,1.1,27,14,9.0,0,49,19,20,12,12,5,0,14,2,1,-0.374,-2.1
ATL/ATL201407230,"Wednesday, July 23, 2014",7:10 p.m. Local,Turner Field,20102,2:42,Night,Home,Atlanta Braves,ATL,Miami Marlins,MIA,32,1,7,1,1.0,4,14,36,0.219,0.306,0.219,0.524,120,97,-0.211,0.45,0.176,,-2.9,24,9,8.0,1,47,23,27,7,11,5,0,45,0,0,-0.288,-2.5,30,6,8,6,5.62,2,4,36,0.267,0.324,0.4,0.724,146,79,0.288,0.54,0.425,,2.5,27,6,9.0,0,54,10,15,14,15,6,0,69,2,0,0.212,2.9
ATL/ATL201407240,"Thursday, July 24, 2014",7:11 p.m. Local,Turner Field,26446,2:33,Night,Away,Miami Marlins,MIA,Atlanta Braves,ATL,34,3,8,3,3.0,2,7,36,0.235,0.278,0.294,0.572,119,93,0.09,1.14,1.072,,-0.9,27,16,9.0,1,62,9,22,13,15,7,0,65,0,0,0.409,1.9,30,2,6,2,2.0,1,4,32,0.2,0.226,0.333,0.559,138,76,-0.409,1.52,0.377,,-1.9,27,9,9.0,0,48,11,17,15,12,7,0,58,0,0,-0.091,0.9
HOU/HOU201407250,"Friday, July 25, 2014",7:10 p.m. Local,Minute Maid Park,23132,2:59,Night,Away,Miami Marlins,MIA,Houston Astros,HOU,36,2,11,2,0.0,2,9,38,0.306,0.342,0.361,0.703,125,100,-0.088,1.06,0.918,,-2.2,27,15,9.0,0,56,18,26,18,9,5,0,74,1,0,0.586,4.2,27,0,3,0,0.0,2,7,29,0.111,0.172,0.148,0.321,149,85,-0.587,1.23,0.184,,-4.2,27,13,9.0,0,50,12,24,13,7,5,0,62,0,0,0.086,2.2
HOU/HOU201407260,"Saturday, July 26, 2014",6:10 p.m. Local,Minute Maid Park,28968,3:29,Night,Away,Miami Marlins,MIA,Houston Astros,HOU,36,7,9,7,6.0,4,8,41,0.25,0.325,0.389,0.714,150,105,0.322,1.2,0.765,,2.8,27,9,9.0,1,60,13,32,20,9,2,0,39,1,0,0.178,1.2,38,3,12,3,3.0,2,6,40,0.316,0.35,0.447,0.797,159,99,-0.177,0.81,0.804,,-1.2,27,12,9.0,1,57,15,27,15,17,5,0,35,2,0,-0.323,-2.8
HOU/HOU201407270,"Sunday, July 27, 2014",1:11 p.m. Local,Minute Maid Park,17858,3:00,Day,Away,Miami Marlins,MIA,Houston Astros,HOU,32,4,8,4,4.0,2,14,37,0.25,0.286,0.5,0.786,136,103,0.129,1.14,0.483,,-0.2,27,6,9.0,2,49,25,29,9,12,5,0,55,1,0,0.371,2.2,33,2,7,2,2.0,2,9,35,0.212,0.257,0.394,0.651,148,83,-0.372,0.58,0.442,,-2.2,27,6,9.0,2,47,14,22,7,17,3,0,51,1,0,-0.13,0.2
MIA/MIA201407280,"Monday, July 28, 2014",7:10 p.m. Local,Marlins Park,20027,3:17,Night,Home,Miami Marlins,MIA,Washington Nationals,WSN,33,6,9,6,5.0,5,5,40,0.273,0.359,0.303,0.662,142,90,0.172,1.51,0.505,,2.0,26,10,8.2,0,59,8,23,15,15,10,0,66,3,1,-0.67,-3.4,34,7,10,7,7.27,2,8,38,0.294,0.342,0.441,0.783,154,95,0.671,0.72,1.462,,3.4,27,10,9.0,0,51,15,29,11,16,15,0,37,6,3,-0.17,-2.0
MIA/MIA201407290,"Tuesday, July 29, 2014",7:11 p.m. Local,Marlins Park,22672,3:07,Night,Home,Miami Marlins,MIA,Washington Nationals,WSN,31,0,5,0,0.0,6,6,38,0.161,0.316,0.194,0.509,133,89,-0.57,0.93,0.62,,-4.0,24,12,8.0,0,51,9,29,12,13,6,0,67,1,1,0.07,0.5,28,3,7,3,3.38,2,6,32,0.25,0.3,0.357,0.657,145,85,-0.068,1.65,0.421,,-0.5,27,10,9.0,0,49,13,23,12,12,8,0,71,2,0,0.571,4.0
MIA/MIA201407300,"Wednesday, July 30, 2014",12:40 p.m. Local,Marlins Park,26319,3:20,Day,Away,Washington Nationals,WSN,Miami Marlins,MIA,33,4,7,4,4.0,4,3,38,0.212,0.289,0.303,0.593,153,87,0.139,1.27,0.815,,0.0,27,7,9.0,2,54,6,27,18,13,7,0,72,0,0,0.362,1.0,33,3,6,3,3.0,3,8,36,0.182,0.25,0.394,0.644,143,104,-0.359,1.18,0.469,,-1.0,27,13,9.0,0,57,16,31,11,14,5,0,55,2,2,-0.138,-0.0
MIA/MIA201407310,"Thursday, July 31, 2014",7:10 p.m. Local,Marlins Park,18056,2:43,Night,Away,Cincinnati Reds,CIN,Miami Marlins,MIA,34,3,7,3,0.0,0,4,36,0.206,0.2,0.235,0.435,133,73,0.165,0.93,0.964,,-1.0,27,8,9.0,1,46,8,19,14,18,6,0,73,0,0,0.335,3.0,30,1,5,1,1.0,3,12,33,0.167,0.242,0.333,0.576,107,84,-0.335,1.57,0.351,,-3.0,27,9,9.0,0,44,14,26,7,11,6,0,66,5,3,-0.164,1.0
MIA/MIA201408010,"Friday, August 1, 2014",7:10 p.m. Local,Marlins Park,20410,2:58,Night,Away,Cincinnati Reds,CIN,Miami Marlins,MIA,35,5,8,4,4.0,2,8,38,0.229,0.263,0.286,0.549,120,97,0.259,1.28,0.744,,1.0,27,11,9.0,1,58,13,26,17,11,5,0,64,0,0,0.24,2.0,31,2,7,2,2.0,4,7,36,0.226,0.314,0.323,0.637,146,74,-0.24,0.9,0.576,,-2.0,27,13,9.0,0,43,11,20,12,13,5,0,45,3,3,-0.26,-1.0
MIA/MIA201408020,"Saturday, August 2, 2014",7:10 p.m. Local,Marlins Park,25159,3:11,Night,Home,Miami Marlins,MIA,Cincinnati Reds,CIN,34,1,6,1,0.9,3,12,38,0.176,0.243,0.235,0.479,141,101,-0.527,1.22,0.711,,-3.4,28,12,9.1,0,56,23,22,9,14,8,0,69,1,0,0.026,1.9,33,2,7,2,1.93,3,9,37,0.212,0.278,0.303,0.581,147,86,-0.026,1.61,0.684,,-1.9,30,9,10.0,0,50,14,22,13,12,7,0,73,2,1,0.527,3.4
MIA/MIA201408030,"Sunday, August 3, 2014",1:10 p.m. Local,Marlins Park,26707,3:05,Day,Away,Cincinnati Reds,CIN,Miami Marlins,MIA,40,7,15,7,5.0,2,7,42,0.375,0.405,0.4,0.805,152,89,0.306,0.8,0.646,,3.0,27,11,9.0,1,59,11,19,20,13,8,0,63,0,0,0.194,1.0,31,3,5,3,3.0,5,10,37,0.161,0.278,0.387,0.665,144,89,-0.194,0.61,0.359,,-1.0,27,14,9.0,0,42,21,26,11,11,7,0,24,0,0,-0.307,-3.0
PIT/PIT201408050,"Tuesday, August 5, 2014",7:07 p.m. Local,PNC Park,26734,3:03,Night,Away,Miami Marlins,MIA,Pittsburgh Pirates,PIT,34,6,9,6,3.0,8,6,42,0.265,0.405,0.324,0.728,126,92,0.449,0.9,1.242,,2.1,27,11,9.0,0,45,16,31,20,8,4,0,56,1,0,0.052,0.9,32,3,7,3,3.0,3,9,36,0.219,0.286,0.281,0.567,162,83,-0.05,1.46,0.54,,-0.9,27,17,9.0,0,43,15,25,12,12,9,0,61,8,5,-0.448,-2.1
PIT/PIT201408060,"Wednesday, August 6, 2014",7:08 p.m. Local,PNC Park,26976,2:43,Night,Home,Pittsburgh Pirates,PIT,Miami Marlins,MIA,33,3,7,3,3.0,0,9,34,0.212,0.212,0.303,0.515,145,88,-0.175,0.85,0.357,,-0.9,24,10,8.0,0,41,15,32,14,11,4,0,46,2,2,-0.325,-3.5,32,7,9,7,7.88,4,8,36,0.281,0.361,0.375,0.736,128,93,0.324,0.78,0.763,,3.5,27,9,9.0,1,54,10,30,14,10,6,0,60,0,0,0.175,0.9
PIT/PIT201408070,"Thursday, August 7, 2014",7:07 p.m. Local,PNC Park,29035,3:03,Night,Home,Pittsburgh Pirates,PIT,Miami Marlins,MIA,28,2,3,2,2.0,3,11,31,0.107,0.194,0.214,0.408,148,87,-0.283,0.59,0.133,,-1.9,24,12,8.0,0,46,14,27,10,7,1,0,27,4,1,-0.216,-3.5,35,7,13,7,7.88,2,7,37,0.371,0.405,0.486,0.891,138,102,0.215,0.58,0.502,,3.5,27,10,9.0,1,61,14,27,13,15,11,0,79,0,0,0.284,1.9
CIN/CIN201408080,"Friday, August 8, 2014",7:10 p.m. Local,Great American Ball Park,31193,2:40,Night,Away,Miami Marlins,MIA,Cincinnati Reds,CIN,33,2,7,2,2.0,4,11,39,0.212,0.308,0.364,0.671,132,89,-0.08,1.69,0.58,,-2.0,27,11,9.0,0,38,17,34,12,11,6,0,77,0,0,0.58,3.0,32,1,7,1,1.0,2,7,35,0.219,0.265,0.281,0.546,153,84,-0.58,1.15,0.574,,-3.0,27,9,9.0,1,50,16,18,11,15,9,0,62,0,0,0.081,2.0
CIN/CIN201408090,"Saturday, August 9, 2014",7:14 p.m. Local,Great American Ball Park,34768,3:27,Night,Away,Miami Marlins,MIA,Cincinnati Reds,CIN,30,4,8,4,4.0,8,10,43,0.267,0.4,0.367,0.767,152,105,0.158,1.66,0.677,,0.0,27,10,9.0,1,59,22,24,12,13,8,0,52,0,0,0.342,1.0,33,3,7,3,2.0,5,8,38,0.212,0.316,0.333,0.649,174,91,-0.344,1.15,0.807,,-1.0,27,10,9.0,0,53,14,24,11,14,7,0,51,1,0,-0.157,-0.0
CIN/CIN201408100,"Sunday, August 10, 2014",1:12 p.m. Local,Great American Ball Park,36122,2:45,Day,Home,Cincinnati Reds,CIN,Miami Marlins,MIA,33,2,5,2,2.0,3,11,36,0.152,0.222,0.333,0.556,144,81,-0.067,0.82,0.371,,-2.0,24,7,8.0,2,43,16,22,8,14,4,0,25,0,0,-0.434,-3.5,31,7,7,7,7.88,3,7,35,0.226,0.294,0.419,0.713,130,96,0.435,0.63,0.775,,3.5,27,5,9.0,2,54,15,27,13,12,5,0,71,0,0,0.066,2.0
MIA/MIA201408110,"Monday, August 11, 2014",7:11 p.m. Local,Marlins Park,21144,2:56,Night,Home,Miami Marlins,MIA,St. Louis Cardinals,STL,37,5,12,5,5.0,3,8,40,0.324,0.375,0.514,0.889,137,92,-0.107,0.57,0.798,,1.0,24,8,8.0,2,54,13,25,13,16,10,0,34,0,0,-0.392,-2.5,33,6,11,5,5.62,2,10,36,0.333,0.371,0.636,1.008,137,89,0.394,1.23,0.738,,2.5,27,9,9.0,1,50,14,25,14,10,7,0,42,2,0,0.107,-1.0
MIA/MIA201408120,"Tuesday, August 12, 2014",7:10 p.m. Local,Marlins Park,22703,2:34,Night,Home,Miami Marlins,MIA,St. Louis Cardinals,STL,31,0,4,0,0.0,2,4,33,0.129,0.182,0.129,0.311,102,83,-0.395,0.82,0.219,,-4.0,24,16,8.0,1,47,13,23,13,14,8,0,54,1,0,-0.109,0.5,27,3,7,3,3.38,3,4,30,0.259,0.333,0.407,0.741,135,64,0.109,0.89,0.519,,-0.5,27,11,9.0,0,35,5,25,15,8,5,0,73,2,0,0.392,4.0
MIA/MIA201408130,"Wednesday, August 13, 2014",7:10 p.m. Local,Marlins Park,20044,2:40,Night,Away,St. Louis Cardinals,STL,Miami Marlins,MIA,36,5,10,4,3.0,2,5,40,0.278,0.333,0.306,0.639,127,93,0.172,0.6,0.567,,1.0,27,14,9.0,1,69,9,15,19,13,10,0,74,0,0,0.328,2.0,31,2,5,2,2.0,0,7,31,0.161,0.161,0.258,0.419,143,82,-0.329,0.73,0.089,,-2.0,27,12,9.0,0,42,11,29,17,7,5,0,47,0,0,-0.172,-1.0
MIA/MIA201408140,"Thursday, August 14, 2014",7:11 p.m. Local,Marlins Park,17074,3:31,Night,Home,Miami Marlins,MIA,Arizona Diamondbacks,ARI,36,4,6,4,3.6,5,11,41,0.167,0.268,0.306,0.574,175,95,-0.157,1.81,0.651,,-0.4,27,13,9.0,0,51,19,25,12,13,5,0,45,0,0,-0.343,-2.5,36,5,13,5,5.0,6,8,43,0.361,0.452,0.5,0.952,168,105,0.344,1.06,1.517,,2.5,30,9,10.0,0,60,13,32,15,14,9,0,41,1,0,0.157,0.4
MIA/MIA201408150,"Friday, August 15, 2014",7:10 p.m. Local,Marlins Park,18286,2:55,Night,Away,Arizona Diamondbacks,ARI,Miami Marlins,MIA,32,3,6,3,3.0,2,4,35,0.188,0.235,0.375,0.61,145,80,-0.098,1.97,0.438,,-1.0,27,16,9.0,0,51,9,20,16,13,8,0,54,3,0,0.597,2.0,30,2,7,2,2.0,5,3,36,0.233,0.361,0.233,0.594,130,79,-0.598,0.83,0.739,,-2.0,27,14,9.0,2,46,8,25,15,12,8,0,56,0,0,0.098,1.0
MIA/MIA201408160,"Saturday, August 16, 2014",7:11 p.m. Local,Marlins Park,19563,2:25,Night,Home,Miami Marlins,MIA,Arizona Diamondbacks,ARI,30,1,6,1,1.0,1,8,32,0.2,0.219,0.233,0.452,118,76,-0.548,1.27,0.294,,-3.0,24,10,8.0,0,39,16,21,15,8,7,0,71,0,0,0.046,1.5,29,2,5,2,1.12,1,10,30,0.172,0.2,0.241,0.441,119,77,-0.047,1.26,0.593,,-1.5,27,13,9.0,0,41,12,24,14,5,3,0,68,0,0,0.547,3.0
MIA/MIA201408170,"Sunday, August 17, 2014",1:12 p.m. Local,Marlins Park,19296,2:56,Day,Home,Miami Marlins,MIA,Arizona Diamondbacks,ARI,35,3,9,3,3.0,3,10,38,0.257,0.316,0.286,0.602,170,94,-0.161,0.26,0.258,,-1.0,24,6,8.0,2,55,10,29,16,9,4,0,31,2,2,-0.34,-6.5,35,10,12,10,11.25,4,9,40,0.343,0.41,0.6,1.01,137,105,0.34,0.65,0.449,,6.5,27,10,9.0,0,59,16,30,11,16,8,0,57,0,0,0.16,1.0
MIA/MIA201408190,"Tuesday, August 19, 2014",7:11 p.m. Local,Marlins Park,20277,3:59,Night,Home,Miami Marlins,MIA,Texas Rangers,TEX,37,3,10,2,2.7,6,7,45,0.27,0.372,0.324,0.696,190,103,-0.289,1.58,1.171,,-1.4,29,9,9.2,1,57,12,34,15,17,8,0,44,4,2,-0.211,-0.0,40,4,11,4,2.79,6,11,48,0.275,0.375,0.4,0.775,173,116,0.213,2.03,1.255,,0.0,30,12,10.0,0,66,16,34,14,16,8,0,56,3,1,0.29,1.4
MIA/MIA201408200,"Wednesday, August 20, 2014",12:40 p.m. Local,Marlins Park,16672,2:55,Day,Away,Texas Rangers,TEX,Miami Marlins,MIA,33,5,10,4,4.0,2,8,35,0.303,0.343,0.364,0.706,140,91,0.257,0.9,0.515,,1.0,27,10,9.0,2,57,12,22,13,12,6,0,57,0,0,0.242,-0.0,35,4,9,3,4.0,3,11,38,0.257,0.316,0.486,0.802,143,93,-0.242,0.45,0.423,,0.0,27,13,9.0,0,50,17,26,16,8,3,0,34,0,0,-0.258,-1.0
COL/COL201408220,"Friday, August 22, 2014",6:42 p.m. Local,Coors Field,30674,3:36,Night,Away,Miami Marlins,MIA,Colorado Rockies,COL,40,13,16,13,13.0,9,10,52,0.4,0.5,0.575,1.075,147,115,0.359,0.77,0.759,,8.4,27,9,9.0,2,64,21,30,17,15,9,0,41,0,0,0.141,-0.4,38,5,13,5,5.0,2,9,41,0.342,0.375,0.605,0.98,199,96,-0.142,0.71,0.502,,0.4,27,11,9.0,1,58,13,25,19,11,8,0,24,5,3,-0.359,-8.4
COL/COL201408230,"Saturday, August 23, 2014",6:12 p.m. Local,Coors Field,31109,4:28,Night,Home,Colorado Rockies,COL,Miami Marlins,MIA,50,4,12,4,2.77,5,16,58,0.24,0.333,0.28,0.613,180,136,-0.458,1.92,1.408,,-2.7,36,14,12.0,2,76,26,34,25,10,8,0,53,1,0,-0.041,0.8,45,5,14,4,3.75,3,6,50,0.311,0.354,0.489,0.843,219,112,0.043,1.75,1.668,,-0.8,39,17,13.0,0,82,12,18,20,22,11,0,43,3,0,0.458,2.7
COL/COL201408240,"Sunday, August 24, 2014",2:11 p.m. Local,Coors Field,40509,3:07,Day,Home,Colorado Rockies,COL,Miami Marlins,MIA,37,4,11,4,4.0,2,3,39,0.297,0.333,0.541,0.874,142,83,-0.156,0.86,0.727,,-0.6,24,11,8.0,2,56,4,23,9,25,15,0,33,5,0,-0.344,-2.9,35,7,14,7,7.88,4,5,40,0.4,0.475,0.714,1.189,125,91,0.344,1.09,0.927,,2.9,27,7,9.0,0,55,14,22,14,16,7,0,38,2,0,0.155,0.6
ANA/ANA201408250,"Monday, August 25, 2014",7:07 p.m. Local,Angel Stadium of Anaheim,35350,2:57,Night,Away,Miami Marlins,MIA,Los Angeles Angels of Anaheim,LAA,37,7,11,7,7.0,5,11,43,0.297,0.372,0.432,0.805,130,105,0.33,0.29,0.524,,3.0,27,10,9.0,0,55,17,33,14,13,10,0,64,2,0,0.171,3.0,35,1,8,1,1.0,1,7,36,0.229,0.25,0.286,0.536,167,94,-0.171,0.53,0.051,,-3.0,27,7,9.0,1,56,9,29,13,15,9,0,22,2,2,-0.33,-3.0
ANA/ANA201408260,"Tuesday, August 26, 2014",7:07 p.m. Local,Angel Stadium of Anaheim,33028,3:01,Night,Home,Los Angeles Angels of Anaheim,LAA,Miami Marlins,MIA,33,2,6,2,2.0,3,9,37,0.182,0.27,0.242,0.513,135,104,-0.234,0.53,0.045,,-2.0,24,6,8.0,0,54,16,34,20,4,0,0,19,4,2,-0.269,-4.5,39,8,16,8,9.0,2,7,42,0.41,0.452,0.462,0.914,150,90,0.269,0.32,0.589,,4.5,27,13,9.0,0,60,12,18,14,18,10,0,77,0,0,0.231,2.0
ANA/ANA201408270,"Wednesday, August 27, 2014",7:07 p.m. Local,Angel Stadium of Anaheim,34657,2:51,Night,Home,Los Angeles Angels of Anaheim,LAA,Miami Marlins,MIA,33,1,7,1,1.0,2,11,35,0.212,0.257,0.364,0.621,134,103,-0.214,0.58,0.229,,-3.0,24,15,8.0,2,61,21,21,7,15,4,0,39,0,0,-0.285,-2.5,35,6,8,6,5.62,3,4,39,0.229,0.308,0.429,0.736,148,88,0.284,0.59,0.56,,2.5,27,6,9.0,1,59,6,23,23,8,6,0,63,2,0,0.215,3.0
ATL/ATL201408290,"Friday, August 29, 2014",7:36 p.m. Local,Turner Field,26278,3:01,Night,Home,Atlanta Braves,ATL,Miami Marlins,MIA,31,2,7,2,2.0,4,10,35,0.226,0.314,0.355,0.669,141,90,-0.063,1.15,0.664,,-1.9,24,4,8.0,1,47,14,29,10,11,8,0,57,4,3,-0.435,-1.5,32,5,9,4,4.5,4,7,36,0.281,0.361,0.375,0.736,140,90,0.437,1.13,1.037,,1.5,27,11,9.0,1,56,13,21,10,15,7,0,61,0,0,0.063,1.9
ATL/ATL201408300,"Saturday, August 30, 2014",7:11 p.m. Local,Turner Field,25335,2:54,Night,Away,Miami Marlins,MIA,Atlanta Braves,ATL,39,4,10,3,3.0,3,9,42,0.256,0.31,0.385,0.694,127,108,0.152,0.94,0.46,,0.1,27,11,9.0,0,67,12,29,18,12,3,0,67,5,0,0.349,3.9,33,0,9,0,0.0,1,10,34,0.273,0.294,0.273,0.567,158,81,-0.348,0.45,0.318,,-3.9,27,9,9.0,1,41,15,25,12,11,7,0,43,1,0,-0.151,-0.1
ATL/ATL201408310,"Sunday, August 31, 2014",5:10 p.m. Local,Turner Field,45754,2:33,Night,Home,Atlanta Braves,ATL,Miami Marlins,MIA,32,0,6,0,0.0,0,13,32,0.188,0.188,0.188,0.375,136,85,-0.698,0.76,0.323,,-3.9,24,6,8.0,1,38,16,31,12,7,3,0,57,2,0,0.196,2.5,35,1,11,1,1.12,1,9,36,0.314,0.333,0.4,0.733,117,90,-0.195,1.52,0.301,,-2.5,27,9,9.0,0,41,21,28,11,15,5,0,84,0,0,0.696,3.9
MIA/MIA201409010,"Monday, September 1, 2014",1:11 p.m. Local,Marlins Park,23090,3:32,Day,Home,Miami Marlins,MIA,New York Mets,NYM,35,6,9,5,5.0,3,9,39,0.257,0.316,0.4,0.716,176,99,0.356,1.32,1.112,,2.0,24,10,8.0,1,59,13,27,15,12,7,0,46,3,2,-0.858,-5.5,31,9,9,8,4.5,7,10,41,0.29,0.436,0.516,0.952,155,100,0.857,1.26,1.721,,5.5,27,11,9.0,1,56,20,26,14,9,4,0,37,3,2,-0.356,-2.0
MIA/MIA201409020,"Tuesday, September 2, 2014",7:10 p.m. Local,Marlins Park,17745,3:10,Night,Away,New York Mets,NYM,Miami Marlins,MIA,38,8,16,7,8.0,3,8,44,0.421,0.452,0.5,0.952,133,104,0.484,1.11,0.893,,4.0,27,10,9.0,1,65,12,27,21,12,8,0,32,0,0,0.014,-2.0,36,6,11,5,6.0,0,7,37,0.306,0.297,0.5,0.797,163,91,-0.014,0.74,0.704,,2.0,27,12,9.0,0,51,12,28,13,17,9,0,30,2,0,-0.486,-4.0
MIA/MIA201409030,"Wednesday, September 3, 2014",7:11 p.m. Local,Marlins Park,17737,3:07,Night,Away,New York Mets,NYM,Miami Marlins,MIA,34,4,9,4,4.0,6,13,41,0.265,0.39,0.441,0.831,147,90,0.257,1.6,1.11,,0.0,27,14,9.0,1,49,13,28,10,11,8,0,60,2,1,0.241,1.0,33,3,9,3,3.0,3,7,36,0.273,0.333,0.424,0.758,151,95,-0.242,1.25,0.983,,-1.0,27,9,9.0,1,53,14,28,15,11,7,0,65,2,2,-0.258,-0.0
MIA/MIA201409050,"Friday, September 5, 2014",7:11 p.m. Local,Marlins Park,19951,2:48,Night,Home,Miami Marlins,MIA,Atlanta Braves,ATL,32,3,5,3,3.0,1,7,33,0.156,0.182,0.281,0.463,167,74,-0.194,0.37,0.042,,-1.0,24,10,8.0,0,47,8,19,8,17,8,0,19,3,0,-0.306,-7.5,38,11,18,11,12.38,3,6,43,0.474,0.512,0.605,1.117,109,103,0.307,0.32,0.498,,7.5,27,8,9.0,1,65,12,26,18,16,9,0,62,1,0,0.194,1.0
MIA/MIA201409060,"Saturday, September 6, 2014",7:10 p.m. Local,Marlins Park,25485,3:28,Night,Away,Atlanta Braves,ATL,Miami Marlins,MIA,40,4,11,4,3.6,2,12,44,0.275,0.326,0.375,0.701,157,99,0.24,1.67,1.066,,-0.4,30,13,10.0,0,52,14,33,11,18,8,0,60,2,1,0.259,1.4,36,3,7,3,2.7,3,7,39,0.194,0.256,0.194,0.451,156,99,-0.259,1.23,0.841,,-1.4,30,8,10.0,1,56,10,33,17,12,5,0,51,3,0,-0.24,0.4
MIA/MIA201409070,"Sunday, September 7, 2014",1:11 p.m. Local,Marlins Park,20013,2:44,Day,Home,Miami Marlins,MIA,Atlanta Braves,ATL,32,0,5,0,0.0,1,4,33,0.156,0.182,0.188,0.369,118,76,-0.397,0.7,0.378,,-4.0,24,8,8.0,0,45,11,20,16,12,6,0,41,2,1,-0.103,-0.5,30,4,8,4,4.5,1,6,32,0.267,0.281,0.333,0.615,117,82,0.103,1.04,0.468,,0.5,27,11,9.0,0,47,15,20,9,16,10,0,65,0,0,0.397,4.0
MIL/MIL201409080,"Monday, September 8, 2014",7:11 p.m. Local,Miller Park,31203,2:50,Night,Away,Miami Marlins,MIA,Milwaukee Brewers,MIL,36,6,11,6,5.0,2,6,39,0.306,0.342,0.583,0.925,119,85,0.407,0.85,0.665,,1.9,27,19,9.0,0,48,13,24,9,22,11,0,54,1,0,0.092,0.1,30,4,6,4,4.0,4,2,34,0.2,0.294,0.267,0.561,143,79,-0.092,0.52,0.466,,-0.1,27,6,9.0,3,51,2,26,19,9,5,0,20,3,0,-0.407,-1.9
MIL/MIL201409090,"Tuesday, September 9, 2014",7:11 p.m. Local,Miller Park,29590,3:50,Night,Away,Miami Marlins,MIA,Milwaukee Brewers,MIL,37,6,11,6,5.0,5,15,42,0.297,0.381,0.486,0.867,146,118,0.41,1.63,1.247,,1.9,27,9,9.0,0,57,18,43,11,11,7,0,47,1,0,0.09,1.1,36,3,11,3,3.0,5,6,43,0.306,0.39,0.361,0.751,183,90,-0.089,1.27,1.1,,-1.1,27,8,9.0,2,55,18,17,16,16,10,0,50,4,0,-0.411,-1.9
MIL/MIL201409100,"Wednesday, September 10, 2014",7:11 p.m. Local,Miller Park,25219,2:59,Night,Home,Milwaukee Brewers,MIL,Miami Marlins,MIA,32,1,6,1,1.0,4,6,36,0.188,0.278,0.281,0.559,121,91,-0.363,0.68,0.448,,-3.1,24,10,8.0,1,49,13,29,13,13,6,0,63,2,0,-0.139,-0.4,30,4,8,4,2.25,2,8,34,0.267,0.294,0.433,0.727,145,76,0.137,1.24,0.449,,0.4,27,13,9.0,1,40,19,17,14,10,5,0,62,5,0,0.362,3.1
MIL/MIL201409110,"Thursday, September 11, 2014",7:11 p.m. Local,Miller Park,34028,3:19,Night,Home,Milwaukee Brewers,MIL,Miami Marlins,MIA,32,2,4,2,0.0,4,12,36,0.125,0.222,0.25,0.472,130,84,-0.327,0.52,0.377,,-2.1,24,12,8.0,2,35,17,32,12,8,3,0,29,1,0,-0.171,-0.4,31,4,9,4,4.5,2,7,35,0.29,0.353,0.548,0.901,131,88,0.171,0.97,0.468,,0.4,27,8,9.0,1,51,15,22,12,13,9,0,66,1,0,0.33,2.1
PHI/PHI201409120,"Friday, September 12, 2014",7:08 p.m. Local,Citizens Bank Park,27039,3:02,Night,Home,Philadelphia Phillies,PHI,Miami Marlins,MIA,38,1,9,1,0.9,1,10,39,0.237,0.256,0.289,0.546,142,96,-0.578,1.55,0.62,,-3.5,28,17,9.1,1,57,20,19,15,13,8,0,63,2,0,0.078,1.2,34,3,9,2,2.89,2,7,38,0.265,0.342,0.412,0.754,141,89,-0.078,1.53,1.166,,-1.2,30,12,10.0,0,49,14,26,15,12,9,0,60,0,0,0.579,3.5
PHI/PHI201409130,"Saturday, September 13, 2014",7:07 p.m. Local,Citizens Bank Park,26163,2:33,Night,Home,Philadelphia Phillies,PHI,Miami Marlins,MIA,32,1,8,1,1.0,2,9,35,0.25,0.294,0.344,0.638,102,78,-0.608,0.77,0.503,,-3.0,24,10,8.0,0,42,13,24,13,12,7,0,60,0,0,0.108,1.6,28,2,4,2,2.25,0,6,28,0.143,0.143,0.179,0.321,120,66,-0.108,1.59,0.305,,-1.6,27,11,9.0,1,37,9,20,12,10,3,0,60,2,0,0.608,3.0
PHI/PHI201409140,"Sunday, September 14, 2014",1:38 p.m. Local,Citizens Bank Park,30201,3:20,Day,Away,Miami Marlins,MIA,Philadelphia Phillies,PHI,38,5,9,4,5.0,2,5,40,0.237,0.275,0.342,0.617,155,91,0.473,1.4,1.419,,1.0,27,9,9.0,0,61,13,17,19,14,3,0,49,4,1,0.028,0.0,36,4,10,3,3.0,3,7,39,0.278,0.333,0.306,0.639,143,94,-0.029,1.66,0.9,,-0.0,27,11,9.0,1,51,13,30,15,15,5,0,60,1,0,-0.473,-1.0
NYN/NYN201409150,"Monday, September 15, 2014",7:11 p.m. Local,Citi Field,23027,3:10,Night,Away,Miami Marlins,MIA,New York Mets,NYM,36,6,11,6,6.0,1,16,39,0.306,0.316,0.361,0.677,160,99,0.81,1.18,1.515,,2.3,27,8,9.0,0,51,20,28,12,10,5,0,57,4,1,-0.31,-1.3,34,5,7,5,2.0,6,10,40,0.206,0.325,0.265,0.59,142,93,0.31,1.46,0.941,,1.3,27,6,9.0,0,52,10,31,12,12,4,0,65,4,1,-0.81,-2.3
NYN/NYN201409160,"Tuesday, September 16, 2014",7:10 p.m. Local,Citi Field,21602,2:47,Night,Home,New York Mets,NYM,Miami Marlins,MIA,36,1,13,1,1.0,1,8,38,0.361,0.378,0.417,0.795,133,89,-0.106,0.57,0.451,,-2.7,24,8,8.0,2,52,7,30,18,11,7,0,27,2,2,-0.395,-5.7,35,9,12,9,10.12,2,6,38,0.343,0.378,0.629,1.007,131,94,0.395,0.84,0.698,,5.7,27,15,9.0,0,56,10,28,14,16,7,0,58,1,0,0.104,2.7
NYN/NYN201409170,"Wednesday, September 17, 2014",7:11 p.m. Local,Citi Field,23892,3:07,Night,Away,Miami Marlins,MIA,New York Mets,NYM,34,4,11,3,4.0,4,6,40,0.324,0.41,0.353,0.763,150,88,0.174,1.58,0.666,,0.3,27,11,9.0,0,58,14,16,18,11,7,0,50,1,0,0.325,0.7,33,3,8,3,3.0,4,6,37,0.242,0.324,0.242,0.567,142,94,-0.325,0.82,0.681,,-0.7,27,14,9.0,0,50,15,29,13,14,11,0,46,2,1,-0.174,-0.3
MIA/MIA201409180,"Thursday, September 18, 2014",7:11 p.m. Local,Marlins Park,18010,2:46,Night,Away,Washington Nationals,WSN,Miami Marlins,MIA,37,6,11,5,5.0,0,10,38,0.297,0.297,0.378,0.676,125,96,0.37,0.55,0.65,,2.0,27,10,9.0,0,49,21,26,16,12,6,0,62,0,0,0.13,2.0,33,2,6,2,2.0,0,7,33,0.182,0.182,0.273,0.455,127,83,-0.13,0.54,0.254,,-2.0,27,11,9.0,0,54,12,17,12,14,8,0,33,1,0,-0.371,-2.0
MIA/MIA201409190,"Friday, September 19, 2014",7:10 p.m. Local,Marlins Park,19815,2:47,Night,Away,Washington Nationals,WSN,Miami Marlins,MIA,33,3,7,3,3.0,4,9,37,0.212,0.297,0.424,0.722,129,102,-0.054,1.33,0.605,,-1.0,27,13,9.0,1,55,16,31,9,15,7,0,55,0,0,0.554,2.0,31,2,5,2,2.0,3,1,34,0.161,0.235,0.355,0.59,152,81,-0.554,0.88,0.417,,-2.0,27,6,9.0,1,55,2,24,14,16,7,0,44,0,0,0.054,1.0
MIA/MIA201409200,"Saturday, September 20, 2014",7:10 p.m. Local,Marlins Park,20983,2:59,Night,Away,Washington Nationals,WSN,Miami Marlins,MIA,35,3,12,3,3.0,2,4,37,0.343,0.378,0.486,0.864,128,87,0.097,1.35,1.145,,-1.0,27,14,9.0,0,49,13,25,16,15,8,0,60,0,0,0.404,2.0,33,2,7,1,1.0,0,6,33,0.212,0.212,0.242,0.455,134,91,-0.403,1.32,0.656,,-2.0,27,16,9.0,0,58,10,23,15,12,7,0,43,2,1,-0.096,1.0
MIA/MIA201409210,"Sunday, September 21, 2014",1:10 p.m. Local,Marlins Park,22806,2:30,Day,Away,Washington Nationals,WSN,Miami Marlins,MIA,34,2,8,2,2.0,0,6,34,0.235,0.235,0.353,0.588,107,82,-0.063,1.22,0.438,,-2.0,27,13,9.0,0,53,10,19,15,13,8,0,74,0,0,0.563,3.0,26,1,4,1,1.0,2,6,30,0.154,0.233,0.231,0.464,133,71,-0.564,0.74,0.291,,-3.0,27,12,9.0,0,39,8,24,14,7,4,0,54,0,0,0.064,2.0
MIA/MIA201409230,"Tuesday, September 23, 2014",7:11 p.m. Local,Marlins Park,18969,2:20,Night,Home,Miami Marlins,MIA,Philadelphia Phillies,PHI,35,0,8,0,0.0,1,4,36,0.229,0.25,0.257,0.507,117,83,-0.525,0.89,0.395,,-4.0,24,12,8.0,0,51,9,23,12,19,6,0,58,0,0,0.025,1.5,28,2,7,2,2.25,1,4,31,0.25,0.267,0.286,0.552,121,79,-0.024,1.31,0.379,,-1.5,27,7,9.0,0,47,8,24,16,10,5,0,70,1,0,0.526,4.0
MIA/MIA201409240,"Wednesday, September 24, 2014",7:10 p.m. Local,Marlins Park,22491,2:54,Night,Away,Philadelphia Phillies,PHI,Miami Marlins,MIA,32,2,9,2,2.0,5,2,39,0.281,0.41,0.344,0.754,105,86,0.013,1.64,0.962,,-2.0,27,12,9.0,0,55,9,22,17,13,9,0,62,0,0,0.488,3.0,33,1,7,1,1.0,1,3,34,0.212,0.235,0.424,0.66,145,68,-0.487,1.54,0.752,,-3.0,27,17,9.0,0,44,3,21,14,16,11,0,60,2,0,-0.012,2.0
MIA/MIA201409250,"Thursday, September 25, 2014",4:11 p.m. Local,Marlins Park,24259,3:01,Day,Home,Miami Marlins,MIA,Philadelphia Phillies,PHI,34,4,9,4,4.0,1,10,35,0.265,0.286,0.353,0.639,137,90,0.12,1.32,1.01,,0.0,24,15,8.0,0,47,12,31,9,15,8,0,42,3,0,-0.619,-2.5,32,6,14,5,5.62,2,1,37,0.438,0.472,0.5,0.972,131,83,0.621,1.3,1.323,,2.5,27,9,9.0,0,56,5,22,19,14,10,0,51,0,0,-0.119,-0.0
WAS/WAS201409261,"Friday, September 26, 2014",1:06 p.m. Local,Nationals Park,27920,2:31,Day,Home,Washington Nationals,WSN,Miami Marlins,MIA,29,0,3,0,0.0,0,9,30,0.103,0.133,0.172,0.306,154,77,-0.357,0.52,0.094,,-4.1,24,14,8.0,1,41,13,23,12,8,3,0,44,3,0,-0.144,-0.3,31,4,9,3,3.38,10,5,41,0.29,0.463,0.452,0.915,104,86,0.144,0.65,0.487,,0.3,27,9,9.0,0,46,11,29,18,8,5,0,90,,,0.356,4.1
WAS/WAS201409262,"Friday, September 26, 2014",7:07 p.m. Local,Nationals Park,34190,3:34,Night,Away,Miami Marlins,MIA,Washington Nationals,WSN,45,15,22,14,14.0,2,6,48,0.489,0.521,0.711,1.232,155,116,0.813,1.02,1.357,,10.9,27,13,9.0,2,83,13,21,17,22,14,0,36,2,1,-0.313,-2.9,38,7,12,6,7.0,1,7,42,0.316,0.381,0.579,0.96,178,102,0.313,0.91,0.951,,2.9,27,13,9.0,1,54,17,31,13,18,11,0,18,3,2,-0.814,-10.9
WAS/WAS201409270,"Saturday, September 27, 2014",4:07 p.m. Local,Nationals Park,37529,2:57,Day,Home,Washington Nationals,WSN,Miami Marlins,MIA,32,1,4,0,0.0,2,9,35,0.125,0.176,0.156,0.333,140,95,-0.481,0.82,0.235,,-3.1,24,16,8.0,0,59,9,27,13,11,5,0,55,2,0,-0.02,-1.3,32,5,11,5,5.62,5,7,38,0.344,0.432,0.375,0.807,137,88,0.02,0.97,0.411,,1.3,27,10,9.0,0,49,24,15,20,6,4,0,74,0,0,0.48,3.1
WAS/WAS201409280,"Sunday, September 28, 2014",1:36 p.m. Local,Nationals Park,35085,2:01,Day,Home,Washington Nationals,WSN,Miami Marlins,MIA,27,0,0,0,0.0,1,10,28,0.0,0.036,0.0,0.036,101,77,-0.716,0.9,0.043,,-4.1,24,9,8.0,1,48,17,14,5,12,6,0,54,0,0,0.217,2.7,32,1,11,1,1.12,0,5,32,0.344,0.344,0.5,0.844,104,70,-0.216,1.1,0.394,,-2.7,27,6,9.0,0,44,6,20,13,14,8,0,96,,,0.717,4.1
