,date,time,venue,attendance,duration,time_of_day,winner,winning_name,winning_abbr,losing_name,losing_abbr,away_at_bats,away_runs,away_hits,away_rbi,away_earned_runs,away_bases_on_balls,away_strikeouts,away_plate_appearances,away_batting_average,away_on_base_percentage,away_slugging_percentage,away_on_base_plus,away_pitches,away_strikes,away_win_probability_for_offensive_player,away_average_leverage_index,away_win_probability_added,away_win_probability_subtracted,away_base_out_runs_added,away_putouts,away_assists,away_innings_pitched,away_home_runs,away_strikes_by_contact,away_strikes_swinging,away_strikes_looking,away_grounded_balls,away_fly_balls,away_line_drives,away_unknown_bat_type,away_game_score,away_inherited_runners,away_inherited_score,away_win_probability_by_pitcher,away_base_out_runs_saved,home_at_bats,home_runs,home_hits,home_rbi,home_earned_runs,home_bases_on_balls,home_strikeouts,home_plate_appearances,home_batting_average,home_on_base_percentage,home_slugging_percentage,home_on_base_plus,home_pitches,home_strikes,home_win_probability_for_offensive_player,home_average_leverage_index,home_win_probability_added,home_win_probability_subtracted,home_base_out_runs_added,home_putouts,home_assists,home_innings_pitched,home_home_runs,home_strikes_by_contact,home_strikes_swinging,home_strikes_looking,home_grounded_balls,home_fly_balls,home_line_drives,home_unknown_bat_type,home_game_score,home_inherited_runners,home_inherited_score,home_win_probability_by_pitcher,home_base_out_runs_saved
NYN/NYN201403310,"Monday, March 31, 2014",1:13 p.m. Local,Citi Field,42442,3:47,Day,Away,Washington Nationals,WSN,New York Mets,NYM,38,9,9,9,8.1,6,10,45,0.237,0.333,0.447,0.781,163,115,0.781,0.8,1.827,,4.8,30,4,10.0,3,62,15,38,13,16,3,0,54,0,0,-0.281,-2.8,35,7,7,7,6.3,3,18,40,0.2,0.256,0.457,0.714,179,105,0.28,1.87,0.784,,2.8,30,11,10.0,2,49,22,34,5,14,5,0,53,9,2,-0.78,-4.8
NYN/NYN201404020,"Wednesday, April 2, 2014",7:11 p.m. Local,Citi Field,29146,3:00,Night,Away,Washington Nationals,WSN,New York Mets,NYM,40,5,13,4,5.0,0,7,40,0.325,0.325,0.625,0.95,139,106,0.221,0.88,0.678,,1.3,27,9,9.0,0,58,16,32,10,23,12,0,67,0,0,0.28,2.7,29,1,3,1,1.0,2,13,32,0.103,0.156,0.207,0.363,160,93,-0.28,0.65,0.263,,-2.7,27,6,9.0,2,49,18,26,11,7,2,0,46,0,0,-0.221,-1.3
NYN/NYN201404030,"Thursday, April 3, 2014",1:11 p.m. Local,Citi Field,20561,3:21,Day,Away,Washington Nationals,WSN,New York Mets,NYM,37,8,13,7,7.0,5,8,44,0.351,0.429,0.514,0.942,139,110,0.387,0.92,0.987,,4.3,27,5,9.0,0,66,13,31,16,14,5,1,54,0,0,0.112,1.7,31,2,7,2,2.0,4,8,37,0.226,0.306,0.323,0.628,174,89,-0.112,0.98,0.455,,-1.7,27,11,9.0,1,56,9,24,6,19,5,0,50,2,2,-0.389,-4.3
NYN/NYN201404040,"Friday, April 4, 2014",7:13 p.m. Local,Citi Field,35845,2:59,Night,Home,New York Mets,NYM,Cincinnati Reds,CIN,34,3,8,3,3.0,6,11,40,0.235,0.35,0.324,0.674,132,97,-0.332,0.81,0.882,,-0.7,24,9,8.0,2,49,15,33,12,11,6,0,48,1,0,-0.168,-0.7,30,4,6,4,4.5,3,4,33,0.2,0.273,0.433,0.706,151,74,0.169,1.68,0.578,,0.7,27,11,9.0,1,48,5,21,13,13,4,0,63,0,0,0.332,0.7
NYN/NYN201404050,"Saturday, April 5, 2014",1:12 p.m. Local,Citi Field,25424,2:48,Day,Home,New York Mets,NYM,Cincinnati Reds,CIN,33,3,7,3,3.0,1,7,35,0.212,0.235,0.424,0.66,129,90,0.258,1.59,0.837,,-0.7,24,6,8.0,2,55,11,24,9,18,8,0,65,0,0,-0.759,-2.7,30,6,6,6,6.75,5,10,36,0.2,0.314,0.433,0.748,131,81,0.759,1.05,1.461,,2.7,27,6,9.0,2,41,16,24,8,13,5,0,57,0,0,-0.257,0.7
NYN/NYN201404060,"Sunday, April 6, 2014",1:11 p.m. Local,Citi Field,26928,2:35,Day,Away,Cincinnati Reds,CIN,New York Mets,NYM,33,2,8,2,2.0,3,9,37,0.242,0.297,0.242,0.54,102,88,-0.059,1.28,0.549,,-1.7,27,13,9.0,0,53,14,23,11,14,7,0,70,0,0,0.562,2.7,30,1,4,1,1.0,1,8,32,0.133,0.188,0.2,0.388,139,75,-0.562,1.24,0.348,,-2.7,27,9,9.0,0,38,16,21,15,7,2,0,52,2,0,0.061,1.7
ATL/ATL201404080,"Tuesday, April 8, 2014",7:26 p.m. Local,Turner Field,47144,3:07,Night,Away,New York Mets,NYM,Atlanta Braves,ATL,34,4,9,3,4.0,4,9,39,0.265,0.342,0.294,0.636,137,96,0.05,0.96,0.586,,0.1,27,8,9.0,0,58,15,23,6,21,8,0,70,0,0,0.449,3.9,37,0,8,0,0.0,0,6,37,0.216,0.216,0.243,0.459,156,96,-0.449,0.9,0.262,,-3.9,27,6,9.0,0,62,13,21,13,18,7,0,69,4,2,-0.051,-0.1
ATL/ATL201404090,"Wednesday, April 9, 2014",7:12 p.m. Local,Turner Field,19608,2:40,Night,Home,Atlanta Braves,ATL,New York Mets,NYM,33,3,6,3,3.0,2,9,35,0.182,0.229,0.212,0.441,131,86,-0.354,0.59,0.27,,-0.9,24,6,8.0,1,49,13,24,13,11,9,0,41,1,0,-0.147,-0.5,33,4,9,4,4.5,0,8,33,0.273,0.273,0.394,0.667,122,90,0.148,0.95,0.443,,0.5,27,10,9.0,0,56,18,16,9,16,10,0,82,2,2,0.354,0.9
ATL/ATL201404100,"Thursday, April 10, 2014",7:11 p.m. Local,Turner Field,29470,3:26,Night,Away,New York Mets,NYM,Atlanta Braves,ATL,36,6,9,6,5.0,6,9,42,0.25,0.357,0.333,0.69,135,100,0.434,1.31,1.261,,2.1,27,12,9.0,2,57,17,26,10,17,9,0,42,0,0,0.065,-0.1,33,4,7,4,4.0,4,11,37,0.212,0.297,0.455,0.752,164,94,-0.066,1.43,0.851,,0.1,27,9,9.0,0,49,24,21,12,10,3,0,36,5,1,-0.435,-2.1
ANA/ANA201404110,"Friday, April 11, 2014",7:08 p.m. Local,Angel Stadium of Anaheim,42871,3:54,Night,Home,Los Angeles Angels of Anaheim,LAA,New York Mets,NYM,41,4,10,3,3.27,0,9,41,0.244,0.244,0.39,0.634,195,99,-0.32,2.02,0.723,,-0.8,31,11,10.1,2,58,17,25,17,15,8,0,42,4,0,-0.181,-1.7,42,5,11,5,4.35,10,8,53,0.262,0.415,0.429,0.844,148,111,0.182,1.25,1.559,,1.7,33,17,11.0,1,60,14,37,18,16,7,0,47,0,0,0.318,0.8
ANA/ANA201404120,"Saturday, April 12, 2014",6:07 p.m. Local,Angel Stadium of Anaheim,40027,4:29,Night,Away,New York Mets,NYM,Los Angeles Angels of Anaheim,LAA,47,7,11,7,4.85,8,14,57,0.234,0.357,0.362,0.719,184,138,0.286,1.32,1.562,,1.3,39,19,13.0,3,77,27,34,13,21,7,0,58,0,0,0.216,-0.3,45,6,9,6,4.15,2,7,47,0.2,0.234,0.422,0.656,243,117,-0.214,1.34,1.159,,0.3,39,10,13.0,2,73,10,34,22,16,8,0,53,4,4,-0.286,-1.3
ANA/ANA201404130,"Sunday, April 13, 2014",12:37 p.m. Local,Angel Stadium of Anaheim,38855,3:05,Day,Home,Los Angeles Angels of Anaheim,LAA,New York Mets,NYM,30,2,6,1,2.0,4,11,34,0.2,0.294,0.233,0.527,156,91,-0.059,0.22,0.237,,-2.0,24,9,8.0,5,39,16,36,13,6,3,0,10,0,0,-0.442,-10.5,40,14,17,12,15.75,6,7,46,0.425,0.5,1.0,1.5,150,97,0.441,0.43,0.578,,10.5,27,14,9.0,0,61,9,27,12,21,7,0,63,0,0,0.059,2.0
ARI/ARI201404140,"Monday, April 14, 2014",6:40 p.m. Local,Chase Field,18099,3:08,Night,Away,New York Mets,NYM,Arizona Diamondbacks,ARI,39,7,13,7,6.0,4,10,45,0.333,0.386,0.385,0.771,132,118,0.347,0.88,0.819,,2.9,27,14,9.0,0,72,7,39,14,17,8,0,53,2,0,0.152,1.1,33,3,9,3,3.0,3,5,37,0.273,0.324,0.333,0.658,184,80,-0.152,0.8,0.431,,-1.1,27,7,9.0,0,42,12,28,16,13,7,0,42,0,0,-0.348,-2.9
ARI/ARI201404150,"Tuesday, April 15, 2014",6:40 p.m. Local,Chase Field,21969,2:49,Night,Away,New York Mets,NYM,Arizona Diamondbacks,ARI,38,9,12,8,9.0,2,10,42,0.316,0.357,0.421,0.778,125,99,0.359,0.21,0.443,,4.9,27,6,9.0,0,49,10,40,15,15,9,0,64,0,0,0.141,4.1,30,0,3,0,0.0,2,6,32,0.1,0.156,0.1,0.256,148,84,-0.14,0.35,0.015,,-4.1,27,9,9.0,1,45,14,25,11,13,7,0,4,2,1,-0.359,-4.9
ARI/ARI201404160,"Wednesday, April 16, 2014",12:40 p.m. Local,Chase Field,19673,2:46,Day,Away,New York Mets,NYM,Arizona Diamondbacks,ARI,37,5,10,5,4.0,4,8,42,0.27,0.333,0.405,0.739,107,90,0.076,0.87,0.545,,0.9,27,10,9.0,2,51,11,28,14,16,10,0,74,2,0,0.425,2.1,34,2,8,2,2.0,0,5,34,0.235,0.235,0.471,0.706,148,69,-0.425,0.72,0.208,,-2.1,27,10,9.0,1,37,4,28,12,17,8,0,45,2,0,-0.076,-0.9
NYN/NYN201404180,"Friday, April 18, 2014",7:11 p.m. Local,Citi Field,33199,2:55,Night,Away,Atlanta Braves,ATL,New York Mets,NYM,36,6,12,5,6.0,4,8,41,0.333,0.39,0.556,0.946,151,102,0.024,1.03,0.687,,2.3,27,8,9.0,0,63,20,19,13,16,11,0,76,0,0,0.476,3.7,27,0,1,0,0.0,6,8,34,0.037,0.212,0.037,0.249,161,88,-0.475,0.86,0.199,,-3.7,27,11,9.0,1,44,16,28,8,12,7,0,64,1,1,-0.023,-2.3
NYN/NYN201404190,"Saturday, April 19, 2014",7:11 p.m. Local,Citi Field,31476,3:13,Night,Away,Atlanta Braves,ATL,New York Mets,NYM,38,7,11,4,4.0,3,8,41,0.289,0.341,0.395,0.736,155,94,0.288,1.84,0.831,,3.3,27,11,9.0,0,49,10,35,15,15,7,0,66,3,0,0.212,-1.3,39,5,12,5,3.0,3,8,43,0.308,0.372,0.385,0.757,146,98,-0.21,0.79,1.115,,1.3,27,8,9.0,1,55,17,26,14,17,9,0,54,0,0,-0.289,-3.3
NYN/NYN201404200,"Sunday, April 20, 2014",1:12 p.m. Local,Citi Field,33131,4:37,Day,Home,New York Mets,NYM,Atlanta Braves,ATL,49,3,10,2,1.93,5,14,54,0.204,0.278,0.306,0.584,205,132,-0.735,1.87,1.131,,-2.8,41,16,13.2,0,76,24,32,15,20,5,0,53,0,0,0.235,1.5,49,4,9,4,1.98,4,11,56,0.184,0.255,0.184,0.438,210,125,-0.233,1.64,1.387,,-1.5,42,13,14.0,0,77,19,29,21,19,8,0,51,2,0,0.734,2.8
NYN/NYN201404210,"Monday, April 21, 2014",7:12 p.m. Local,Citi Field,20382,2:34,Night,Home,New York Mets,NYM,St. Louis Cardinals,STL,31,0,6,0,0.0,3,10,34,0.194,0.265,0.226,0.491,118,83,-0.524,0.84,0.431,,-3.7,24,8,8.0,0,38,14,31,11,10,3,0,55,0,0,0.024,1.3,30,2,7,2,2.25,4,8,35,0.233,0.343,0.267,0.61,133,72,-0.025,1.24,0.472,,-1.3,27,11,9.0,0,40,9,23,8,14,5,0,70,2,0,0.524,3.7
NYN/NYN201404220,"Tuesday, April 22, 2014",7:10 p.m. Local,Citi Field,20220,2:40,Night,Away,St. Louis Cardinals,STL,New York Mets,NYM,35,3,11,3,3.0,4,7,39,0.314,0.385,0.314,0.699,110,99,0.004,1.06,0.538,,-0.7,27,8,9.0,0,57,16,26,14,14,9,0,72,0,0,0.495,3.7,29,0,4,0,0.0,2,4,31,0.138,0.194,0.138,0.331,154,71,-0.496,0.84,0.227,,-3.7,27,8,9.0,0,41,5,25,10,15,4,0,52,0,0,-0.004,0.7
NYN/NYN201404230,"Wednesday, April 23, 2014",7:11 p.m. Local,Citi Field,21981,3:08,Night,Home,New York Mets,NYM,St. Louis Cardinals,STL,37,2,11,2,2.0,2,5,39,0.297,0.333,0.405,0.739,170,99,-0.38,1.14,0.666,,-1.7,24,5,8.0,1,64,10,25,12,20,10,0,53,2,0,-0.12,0.3,29,3,4,3,3.38,6,14,35,0.138,0.286,0.241,0.527,146,100,0.122,1.43,0.695,,-0.3,27,10,9.0,0,51,18,31,8,7,1,0,59,3,0,0.379,1.7
NYN/NYN201404240,"Thursday, April 24, 2014",1:10 p.m. Local,Citi Field,22669,3:03,Day,Home,New York Mets,NYM,St. Louis Cardinals,STL,32,1,4,1,1.0,2,9,34,0.125,0.176,0.156,0.333,125,101,-0.3,0.95,0.324,,-2.7,24,8,8.0,1,60,11,30,8,15,4,0,62,2,1,-0.201,-0.7,29,4,7,4,3.38,2,10,33,0.241,0.313,0.483,0.795,154,80,0.2,0.93,0.751,,0.7,27,6,9.0,0,39,13,28,10,11,3,0,73,2,0,0.3,2.7
NYN/NYN201404250,"Friday, April 25, 2014",7:11 p.m. Local,Citi Field,21171,2:59,Night,Home,New York Mets,NYM,Miami Marlins,MIA,33,3,7,3,3.0,3,13,37,0.212,0.278,0.394,0.672,142,91,0.177,1.38,1.133,,-0.7,26,9,8.2,0,48,16,27,11,10,4,0,54,0,0,-0.677,-0.7,34,4,10,4,4.15,2,6,38,0.294,0.333,0.353,0.686,152,91,0.677,1.4,1.357,,0.7,27,6,9.0,2,52,11,28,16,14,8,0,67,0,0,-0.176,0.7
NYN/NYN201404260,"Saturday, April 26, 2014",7:12 p.m. Local,Citi Field,21492,3:35,Night,Away,Miami Marlins,MIA,New York Mets,NYM,39,7,10,7,6.3,4,10,44,0.256,0.326,0.462,0.787,162,98,0.502,1.2,1.459,,2.8,30,6,10.0,1,49,20,29,19,11,7,0,34,0,0,-0.003,-1.8,35,6,6,5,4.5,4,11,41,0.171,0.268,0.286,0.554,151,95,0.004,1.55,0.857,,1.8,30,13,10.0,2,49,18,28,9,16,6,0,34,2,2,-0.503,-2.8
NYN/NYN201404270,"Sunday, April 27, 2014",1:11 p.m. Local,Citi Field,26861,2:42,Day,Home,New York Mets,NYM,Miami Marlins,MIA,28,0,3,0,0.0,4,7,32,0.107,0.219,0.107,0.326,153,80,-0.343,0.76,0.206,,-3.7,24,11,8.0,1,49,14,17,7,14,3,0,39,0,0,-0.157,-0.7,29,4,6,4,4.5,4,6,35,0.207,0.324,0.379,0.703,125,94,0.157,0.83,0.554,,0.7,27,10,9.0,0,57,15,22,11,13,6,0,78,0,0,0.343,3.7
PHI/PHI201404290,"Tuesday, April 29, 2014",8:33 p.m. Local,Citizens Bank Park,28189,2:53,Night,Away,New York Mets,NYM,Philadelphia Phillies,PHI,32,6,9,6,6.0,5,6,39,0.281,0.395,0.344,0.738,148,87,0.311,0.43,0.745,,2.0,27,10,9.0,1,46,14,29,13,14,5,0,69,0,0,0.189,3.0,32,1,5,1,1.0,2,6,34,0.156,0.206,0.281,0.487,154,88,-0.189,0.78,0.151,,-3.0,27,10,9.0,0,53,9,26,13,13,6,0,22,2,0,-0.311,-2.0
COL/COL201405010,"Thursday, May 1, 2014",6:44 p.m. Local,Coors Field,22989,2:48,Night,Home,Colorado Rockies,COL,New York Mets,NYM,33,4,7,4,4.0,2,2,35,0.212,0.257,0.364,0.621,122,83,-0.224,0.36,0.109,,-0.6,24,8,8.0,1,48,6,29,12,19,12,0,18,1,0,-0.274,-2.9,32,7,11,7,7.88,1,9,36,0.344,0.361,0.531,0.892,135,86,0.274,0.39,0.444,,2.9,27,11,9.0,1,48,12,26,13,12,8,0,72,0,0,0.225,0.6
COL/COL201405020,"Friday, May 2, 2014",6:41 p.m. Local,Coors Field,42040,3:02,Night,Home,Colorado Rockies,COL,New York Mets,NYM,34,3,9,2,3.0,4,6,38,0.265,0.342,0.382,0.724,128,91,-0.07,0.4,0.356,,-1.6,24,12,8.0,1,57,9,25,15,13,6,0,27,0,0,-0.429,-5.9,33,10,12,10,7.88,2,4,38,0.364,0.378,0.515,0.894,145,85,0.43,0.52,0.538,,5.9,27,11,9.0,1,51,13,21,17,15,13,0,45,0,0,0.071,1.6
COL/COL201405030,"Saturday, May 3, 2014",6:13 p.m. Local,Coors Field,38688,3:47,Night,Home,Colorado Rockies,COL,New York Mets,NYM,45,10,17,9,9.0,3,12,49,0.378,0.429,0.556,0.984,133,110,0.866,1.47,1.686,,5.4,25,8,8.1,3,55,22,33,13,20,16,0,14,0,0,-1.368,-6.7,36,11,13,11,11.88,4,6,42,0.361,0.429,0.639,1.067,178,81,1.367,1.16,2.0,,6.7,27,10,9.0,0,49,9,23,13,19,8,0,31,2,1,-0.867,-5.4
COL/COL201405040,"Sunday, May 4, 2014",2:13 p.m. Local,Coors Field,40190,3:03,Day,Away,New York Mets,NYM,Colorado Rockies,COL,35,5,10,5,5.0,6,5,41,0.286,0.39,0.429,0.819,158,83,0.181,0.74,0.644,,0.4,27,9,9.0,1,50,8,25,10,20,12,0,64,4,0,0.319,3.6,34,1,8,1,1.0,1,8,35,0.235,0.257,0.382,0.639,135,100,-0.32,0.64,0.223,,-3.6,27,11,9.0,0,66,12,22,9,17,11,0,34,0,0,-0.181,-0.4
MIA/MIA201405050,"Monday, May 5, 2014",7:10 p.m. Local,Marlins Park,20606,2:53,Night,Home,Miami Marlins,MIA,New York Mets,NYM,31,3,6,3,3.0,2,11,34,0.194,0.235,0.419,0.655,168,87,-0.035,1.83,0.38,,-1.0,25,9,8.1,0,46,12,29,12,9,2,0,72,3,1,-0.467,-0.9,34,4,9,3,3.24,5,7,40,0.265,0.359,0.294,0.653,135,98,0.467,0.59,1.432,,0.9,27,8,9.0,2,57,9,32,15,13,7,0,64,0,0,0.035,1.0
MIA/MIA201405060,"Tuesday, May 6, 2014",7:10 p.m. Local,Marlins Park,18315,2:08,Night,Home,Miami Marlins,MIA,New York Mets,NYM,30,0,6,0,0.0,0,7,31,0.2,0.226,0.3,0.526,108,78,-0.397,0.5,0.23,,-4.0,24,7,8.0,0,45,11,23,12,11,6,0,55,0,0,-0.104,0.5,29,3,7,3,3.38,2,8,33,0.241,0.313,0.276,0.588,111,75,0.103,0.83,0.367,,-0.5,27,14,9.0,0,45,5,25,9,13,5,0,82,,,0.396,4.0
MIA/MIA201405070,"Wednesday, May 7, 2014",12:41 p.m. Local,Marlins Park,18010,2:40,Day,Home,Miami Marlins,MIA,New York Mets,NYM,28,0,2,0,0.0,1,6,30,0.071,0.103,0.107,0.211,147,71,-0.646,1.48,0.112,,-4.0,26,8,8.2,0,42,7,22,11,12,4,0,70,2,1,0.146,2.8,26,1,3,1,1.04,6,10,33,0.115,0.273,0.115,0.388,106,85,-0.146,1.17,0.596,,-2.8,27,10,9.0,0,41,21,23,9,8,4,0,82,0,0,0.646,4.0
NYN/NYN201405090,"Friday, May 9, 2014",7:12 p.m. Local,Citi Field,30036,4:39,Night,Away,Philadelphia Phillies,PHI,New York Mets,NYM,40,3,9,3,2.45,11,12,53,0.225,0.404,0.3,0.704,195,127,-0.0,1.72,1.187,,-1.6,33,7,11.0,0,67,23,37,15,14,8,0,52,0,0,0.497,2.6,43,2,10,2,1.64,5,12,50,0.233,0.327,0.279,0.606,226,118,-0.499,1.53,1.097,,-2.6,33,11,11.0,0,69,15,34,13,19,5,0,45,2,0,-0.003,1.6
NYN/NYN201405100,"Saturday, May 10, 2014",7:49 p.m. Local,Citi Field,29170,3:16,Night,Away,Philadelphia Phillies,PHI,New York Mets,NYM,36,5,11,5,5.0,2,3,41,0.306,0.366,0.444,0.81,154,88,0.451,1.88,1.24,,1.3,27,9,9.0,1,53,8,27,15,19,11,0,46,3,1,0.048,-0.3,32,4,7,4,4.0,4,8,39,0.219,0.316,0.344,0.66,138,96,-0.049,1.29,1.055,,0.3,27,13,9.0,1,58,12,26,12,14,5,0,48,1,0,-0.452,-1.3
NYN/NYN201405110,"Sunday, May 11, 2014",1:10 p.m. Local,Citi Field,28926,4:22,Day,Home,New York Mets,NYM,Philadelphia Phillies,PHI,40,4,9,4,3.27,6,10,49,0.225,0.354,0.375,0.729,213,105,-0.116,2.14,0.694,,-0.6,31,10,10.1,1,61,13,31,18,13,5,0,66,1,1,-0.385,-1.9,46,5,16,5,4.35,6,13,53,0.348,0.423,0.522,0.945,179,130,0.386,0.96,1.845,,1.9,33,14,11.0,0,73,19,38,18,16,6,0,49,1,0,0.116,0.6
NYA/NYA201405120,"Monday, May 12, 2014",7:09 p.m. Local,Yankee Stadium III,46517,3:34,Night,Away,New York Mets,NYM,New York Yankees,NYY,40,9,14,9,9.0,1,8,41,0.35,0.366,0.75,1.116,150,98,0.88,1.24,1.491,,4.8,27,8,9.0,1,57,16,28,15,17,10,0,25,3,1,-0.382,-2.8,39,7,14,6,6.0,2,8,41,0.359,0.39,0.513,0.903,164,94,0.38,1.04,1.344,,2.8,27,10,9.0,4,53,13,28,11,20,9,0,45,2,1,-0.882,-4.8
NYA/NYA201405130,"Tuesday, May 13, 2014",7:09 p.m. Local,Yankee Stadium III,45958,3:58,Night,Away,New York Mets,NYM,New York Yankees,NYY,36,12,10,12,10.0,6,7,45,0.278,0.378,0.528,0.906,196,126,0.598,0.79,0.822,,7.8,27,12,9.0,2,76,13,37,8,23,4,0,25,2,0,-0.099,-2.8,33,7,9,7,7.0,10,7,43,0.273,0.442,0.455,0.896,193,106,0.099,0.57,0.699,,2.8,27,4,9.0,2,60,9,37,11,15,6,0,25,1,1,-0.6,-7.8
NYN/NYN201405140,"Wednesday, May 14, 2014",7:12 p.m. Local,Citi Field,35577,3:00,Night,Away,New York Yankees,NYY,New York Mets,NYM,35,4,8,4,4.0,2,7,37,0.229,0.27,0.514,0.785,114,100,0.133,0.71,0.483,,0.3,27,6,9.0,0,65,10,25,9,19,6,0,87,,,0.369,3.7,30,0,4,0,0.0,0,8,30,0.133,0.133,0.167,0.3,157,76,-0.371,0.5,0.127,,-3.7,27,7,9.0,2,33,21,22,9,13,7,0,51,0,0,-0.131,-0.3
NYN/NYN201405150,"Thursday, May 15, 2014",7:12 p.m. Local,Citi Field,40133,3:04,Night,Away,New York Yankees,NYY,New York Mets,NYM,30,1,6,1,1.0,4,8,34,0.2,0.294,0.267,0.561,136,85,-0.223,1.6,0.569,,-2.7,27,8,9.0,0,44,15,26,9,13,6,0,62,4,0,0.724,3.7,29,0,3,0,0.0,3,14,33,0.103,0.188,0.103,0.291,134,82,-0.725,1.09,0.32,,-3.7,27,10,9.0,0,30,23,29,13,3,1,0,69,4,0,0.224,2.7
WAS/WAS201405160,"Friday, May 16, 2014",7:05 p.m. Local,Nationals Park,34413,3:08,Night,Home,Washington Nationals,WSN,New York Mets,NYM,33,2,7,2,2.0,5,6,38,0.212,0.316,0.303,0.619,139,100,-0.253,0.45,0.322,,-2.1,24,14,8.0,0,53,17,30,11,16,9,0,30,0,0,-0.248,-1.3,33,5,11,5,3.38,3,5,37,0.333,0.378,0.364,0.742,154,86,0.247,0.75,0.424,,1.3,27,12,9.0,0,48,14,27,17,12,7,0,53,0,0,0.253,2.1
WAS/WAS201405170,"Saturday, May 17, 2014",4:06 p.m. Local,Nationals Park,41225,2:48,Day,Away,New York Mets,NYM,Washington Nationals,WSN,35,5,8,5,5.0,3,8,38,0.229,0.289,0.314,0.604,119,98,0.228,0.8,0.507,,0.9,27,8,9.0,1,53,17,28,10,17,6,0,68,0,0,0.273,2.1,32,2,6,2,2.0,1,7,33,0.188,0.212,0.344,0.556,159,81,-0.273,0.56,0.3,,-2.1,27,8,9.0,1,40,12,29,11,14,3,0,27,0,0,-0.226,-0.9
WAS/WAS201405180,"Sunday, May 18, 2014",1:37 p.m. Local,Nationals Park,36965,2:45,Day,Home,Washington Nationals,WSN,New York Mets,NYM,33,3,8,3,3.0,2,3,35,0.242,0.286,0.273,0.558,139,86,-0.235,0.62,0.429,,-1.1,24,9,8.0,1,52,13,21,16,14,6,0,41,0,0,-0.266,-2.3,31,6,8,6,5.62,4,6,35,0.258,0.343,0.419,0.762,133,92,0.265,1.02,0.618,,2.3,27,13,9.0,0,60,9,23,13,12,5,0,43,0,0,0.235,1.1
NYN/NYN201405200,"Tuesday, May 20, 2014",7:11 p.m. Local,Citi Field,22288,4:08,Night,Away,Los Angeles Dodgers,LAD,New York Mets,NYM,41,9,15,9,9.0,6,7,48,0.366,0.458,0.537,0.995,176,111,0.366,1.42,0.922,,5.3,27,6,9.0,2,66,16,29,14,20,12,0,39,3,0,0.134,-0.3,38,4,11,4,4.0,2,12,41,0.289,0.341,0.5,0.841,194,106,-0.134,0.79,0.858,,0.3,27,13,9.0,1,57,19,30,12,14,7,0,29,8,3,-0.366,-5.3
NYN/NYN201405210,"Wednesday, May 21, 2014",7:11 p.m. Local,Citi Field,23721,3:01,Night,Away,Los Angeles Dodgers,LAD,New York Mets,NYM,29,4,5,4,4.0,4,5,34,0.172,0.273,0.552,0.824,142,79,0.123,1.37,0.574,,0.3,27,11,9.0,1,47,8,24,12,13,8,0,54,0,0,0.376,0.7,38,3,13,3,3.0,1,10,39,0.342,0.359,0.5,0.859,134,94,-0.377,0.79,0.694,,-0.7,27,10,9.0,3,42,13,39,15,13,8,0,53,1,0,-0.124,-0.3
NYN/NYN201405220,"Thursday, May 22, 2014",7:11 p.m. Local,Citi Field,23416,2:59,Night,Home,New York Mets,NYM,Los Angeles Dodgers,LAD,29,3,5,3,3.0,3,7,33,0.172,0.242,0.345,0.587,149,71,-0.099,0.97,0.78,,-0.7,24,10,8.0,0,38,9,24,7,16,7,0,53,1,0,-0.4,-1.7,31,5,8,4,3.38,2,8,34,0.258,0.294,0.419,0.713,121,95,0.4,1.23,0.916,,1.7,27,9,9.0,1,59,15,23,12,12,8,0,59,0,0,0.099,0.7
NYN/NYN201405240,"Saturday, May 24, 2014",4:11 p.m. Local,Citi Field,24551,3:18,Day,Away,Arizona Diamondbacks,ARI,New York Mets,NYM,32,3,6,3,2.0,2,9,38,0.188,0.278,0.219,0.497,150,94,-0.017,1.73,0.501,,-0.7,27,6,9.0,1,58,10,26,17,8,5,0,55,0,0,0.516,1.7,33,2,7,2,2.0,4,5,37,0.212,0.297,0.364,0.661,148,95,-0.517,0.87,0.715,,-1.7,27,13,9.0,0,54,15,26,8,20,3,0,58,2,0,0.017,0.7
NYN/NYN201405251,"Sunday, May 25, 2014",1:10 p.m. Local,Citi Field,,3:09,Day,Away,Arizona Diamondbacks,ARI,New York Mets,NYM,32,2,5,1,1.0,6,13,39,0.156,0.289,0.344,0.633,120,104,-0.057,2.16,0.99,,-1.7,27,16,9.0,0,55,26,23,9,11,3,0,56,2,0,0.558,2.7,32,1,9,1,1.0,3,5,38,0.281,0.395,0.281,0.676,176,75,-0.558,1.7,0.957,,-2.7,27,8,9.0,1,44,9,22,20,7,2,0,71,0,0,0.058,1.7
NYN/NYN201405252,"Sunday, May 25, 2014",4:50 p.m. Local,Citi Field,30785,3:12,Day,Home,New York Mets,NYM,Arizona Diamondbacks,ARI,33,2,5,2,2.0,1,7,35,0.152,0.2,0.242,0.442,146,94,-0.313,1.23,0.449,,-1.7,24,14,8.0,0,61,13,20,12,15,5,0,37,4,0,-0.188,-0.7,34,4,13,4,4.5,5,4,41,0.382,0.462,0.441,0.903,138,83,0.187,1.12,0.954,,0.7,27,5,9.0,0,48,11,26,18,14,5,0,63,0,0,0.312,1.7
NYN/NYN201405260,"Monday, May 26, 2014",1:12 p.m. Local,Citi Field,29309,3:30,Day,Away,Pittsburgh Pirates,PIT,New York Mets,NYM,38,5,12,4,5.0,7,6,45,0.316,0.422,0.474,0.896,120,110,0.383,0.98,1.406,,1.3,27,13,9.0,1,65,18,27,15,17,5,0,52,0,0,0.118,0.7,34,3,8,2,2.0,2,3,36,0.235,0.278,0.353,0.631,195,79,-0.116,1.42,0.575,,-0.7,27,8,9.0,1,48,5,26,15,16,8,0,63,3,1,-0.383,-1.3
NYN/NYN201405270,"Tuesday, May 27, 2014",7:11 p.m. Local,Citi Field,20263,3:43,Night,Home,New York Mets,NYM,Pittsburgh Pirates,PIT,32,2,6,2,2.0,8,5,40,0.188,0.35,0.188,0.538,165,101,-0.198,0.99,0.878,,-1.7,24,7,8.0,0,55,9,37,15,12,8,0,52,1,0,-0.302,-0.7,32,4,7,4,4.5,6,12,38,0.219,0.342,0.344,0.686,175,99,0.301,1.56,0.844,,0.7,27,11,9.0,0,51,14,34,10,10,6,0,51,2,0,0.198,1.7
NYN/NYN201405280,"Wednesday, May 28, 2014",1:10 p.m. Local,Citi Field,34839,3:08,Day,Home,New York Mets,NYM,Pittsburgh Pirates,PIT,34,0,6,0,0.0,1,9,35,0.176,0.2,0.206,0.406,168,100,-0.383,0.59,0.225,,-3.7,24,13,8.0,2,55,7,38,16,9,4,0,50,2,0,-0.118,-1.7,29,5,6,4,4.5,8,6,37,0.207,0.378,0.414,0.792,140,100,0.119,0.8,0.484,,1.7,27,10,9.0,0,50,18,32,13,10,5,0,76,2,0,0.382,3.7
PHI/PHI201405290,"Thursday, May 29, 2014",7:07 p.m. Local,Citizens Bank Park,26668,2:55,Night,Away,New York Mets,NYM,Philadelphia Phillies,PHI,35,4,8,3,3.0,4,5,39,0.229,0.308,0.343,0.651,137,81,0.157,0.72,0.548,,-0.0,27,12,9.0,1,47,11,23,12,18,6,0,70,0,0,0.343,3.0,31,1,4,1,1.0,0,15,31,0.129,0.129,0.258,0.387,136,89,-0.343,0.65,0.138,,-3.0,27,10,9.0,1,33,17,39,10,6,5,0,46,2,0,-0.157,0.0
PHI/PHI201405300,"Friday, May 30, 2014",7:07 p.m. Local,Citizens Bank Park,30236,5:23,Night,Home,Philadelphia Phillies,PHI,New York Mets,NYM,47,5,8,5,3.21,10,19,59,0.17,0.316,0.213,0.529,239,135,-0.595,1.71,1.252,,-1.2,39,16,13.0,1,57,27,51,11,19,10,0,31,3,0,0.093,-2.0,53,6,14,6,2.77,9,9,62,0.264,0.371,0.34,0.711,225,147,-0.094,1.86,1.545,,2.0,42,8,14.0,0,84,20,43,23,21,7,0,52,1,0,0.595,1.2
PHI/PHI201405310,"Saturday, May 31, 2014",3:09 p.m. Local,Citizens Bank Park,37516,5:32,Day,Away,New York Mets,NYM,Philadelphia Phillies,PHI,49,5,11,5,3.21,7,13,58,0.224,0.321,0.327,0.648,227,144,-0.1,2.37,1.036,,-1.2,42,13,14.0,1,83,23,38,13,25,14,0,64,1,0,0.599,2.2,50,4,10,4,2.57,6,17,57,0.2,0.286,0.32,0.606,253,136,-0.596,1.16,1.864,,-2.2,42,9,14.0,1,68,30,39,16,18,10,0,43,0,0,0.098,1.2
PHI/PHI201406010,"Sunday, June 1, 2014",1:36 p.m. Local,Citizens Bank Park,36039,3:29,Day,Away,New York Mets,NYM,Philadelphia Phillies,PHI,39,4,9,4,2.45,5,13,46,0.231,0.304,0.359,0.663,131,114,-0.037,1.29,1.224,,-0.9,33,13,11.0,2,70,14,32,11,17,7,0,63,0,0,0.537,1.9,39,3,9,3,2.45,1,9,41,0.231,0.25,0.41,0.66,186,92,-0.537,1.68,0.54,,-1.9,33,8,11.0,1,49,12,31,13,18,10,0,61,0,0,0.038,0.9
PHI/PHI201406020,"Monday, June 2, 2014",7:06 p.m. Local,Citizens Bank Park,26302,3:17,Night,Away,New York Mets,NYM,Philadelphia Phillies,PHI,37,11,10,11,10.0,7,9,44,0.27,0.386,0.459,0.846,135,100,0.177,0.94,0.525,,7.0,27,13,9.0,0,57,15,28,11,17,11,0,59,4,1,0.322,2.0,31,2,7,1,2.0,3,6,35,0.226,0.294,0.258,0.552,187,85,-0.322,0.55,0.317,,-2.0,27,9,9.0,1,50,8,27,13,13,8,0,43,4,4,-0.177,-7.0
CHN/CHN201406030,"Tuesday, June 3, 2014",7:07 p.m. Local,Wrigley Field,34697,3:19,Night,Home,Chicago Cubs,CHC,New York Mets,NYM,32,1,9,1,1.0,3,5,38,0.281,0.333,0.281,0.615,148,106,-0.394,1.41,0.507,,-3.1,26,9,8.2,1,69,7,30,15,15,8,0,75,1,0,-0.107,1.8,31,2,6,2,2.08,2,12,33,0.194,0.242,0.29,0.533,169,97,0.106,1.27,0.956,,-1.8,27,12,9.0,0,49,25,23,10,9,3,0,45,2,0,0.393,3.1
CHN/CHN201406040,"Wednesday, June 4, 2014",7:07 p.m. Local,Wrigley Field,28185,3:40,Night,Home,Chicago Cubs,CHC,New York Mets,NYM,34,4,7,3,1.0,7,10,41,0.206,0.341,0.353,0.694,160,100,-0.226,1.35,0.771,,-0.1,24,7,8.0,0,59,12,29,11,13,8,0,36,10,3,-0.275,-1.4,30,5,8,4,5.62,8,9,38,0.267,0.421,0.4,0.821,167,88,0.276,1.4,1.002,,1.4,27,7,9.0,1,48,16,24,8,13,8,0,46,3,0,0.225,0.1
CHN/CHN201406050,"Thursday, June 5, 2014",6:05 p.m. Local,Wrigley Field,28833,3:16,Night,Home,Chicago Cubs,CHC,New York Mets,NYM,35,4,8,4,4.0,6,5,42,0.229,0.357,0.371,0.729,150,97,-0.029,0.67,0.914,,-0.1,24,4,8.0,2,55,11,31,9,21,8,0,41,0,0,-0.471,-3.4,31,7,8,7,7.88,5,8,37,0.258,0.351,0.613,0.964,163,100,0.47,1.25,0.769,,3.4,27,7,9.0,1,58,16,26,6,18,6,0,49,2,1,0.029,0.1
SFN/SFN201406060,"Friday, June 6, 2014",7:15 p.m. Local,AT&T Park,41437,2:17,Night,Home,San Francisco Giants,SFG,New York Mets,NYM,28,2,4,2,2.0,1,4,29,0.143,0.172,0.286,0.458,115,72,-0.103,1.07,0.596,,-1.8,24,10,8.0,1,45,5,22,13,11,4,0,61,0,0,-0.398,-0.6,30,4,8,4,4.5,2,4,34,0.267,0.324,0.5,0.824,115,71,0.398,1.07,0.912,,0.6,27,13,9.0,1,48,6,17,14,13,3,0,65,0,0,0.102,1.8
SFN/SFN201406070,"Saturday, June 7, 2014",7:05 p.m. Local,AT&T Park,41296,3:33,Night,Home,San Francisco Giants,SFG,New York Mets,NYM,37,4,10,3,4.0,4,8,43,0.27,0.372,0.324,0.696,138,94,0.107,1.97,0.699,,0.2,25,5,8.1,0,53,17,24,10,19,8,0,47,2,0,-0.606,-2.0,38,5,11,4,3.24,3,8,41,0.289,0.341,0.316,0.657,149,87,0.605,0.96,1.575,,2.0,27,8,9.0,0,47,13,27,11,19,6,0,39,0,0,-0.105,-0.2
SFN/SFN201406080,"Sunday, June 8, 2014",1:05 p.m. Local,AT&T Park,41911,3:24,Day,Home,San Francisco Giants,SFG,New York Mets,NYM,34,4,9,3,4.0,2,11,36,0.265,0.306,0.471,0.776,146,91,-0.11,0.88,0.832,,0.2,24,8,8.0,0,39,23,29,11,12,3,0,37,3,1,-0.391,-2.6,33,6,11,5,6.75,2,12,36,0.333,0.389,0.394,0.783,154,91,0.393,1.32,0.874,,2.6,27,8,9.0,2,54,20,17,10,11,6,0,53,3,1,0.109,-0.2
NYN/NYN201406100,"Tuesday, June 10, 2014",7:12 p.m. Local,Citi Field,20206,2:45,Night,Home,New York Mets,NYM,Milwaukee Brewers,MIL,31,2,6,2,2.0,3,9,36,0.194,0.306,0.258,0.564,124,95,-0.251,0.68,0.417,,-1.7,24,5,8.0,2,50,21,24,11,11,6,0,41,0,0,-0.249,-2.7,28,6,5,6,6.75,5,6,34,0.179,0.303,0.429,0.732,147,73,0.25,0.9,0.589,,2.7,27,10,9.0,0,38,9,26,7,16,5,0,64,0,0,0.251,1.7
NYN/NYN201406110,"Wednesday, June 11, 2014",7:11 p.m. Local,Citi Field,20170,3:09,Night,Away,Milwaukee Brewers,MIL,New York Mets,NYM,37,3,11,3,3.0,3,6,40,0.297,0.35,0.405,0.755,127,109,0.084,1.2,0.771,,-0.7,27,10,9.0,0,70,18,21,13,18,10,0,63,2,0,0.415,2.7,30,1,5,1,1.0,1,4,32,0.167,0.188,0.2,0.388,154,78,-0.416,1.07,0.34,,-2.7,27,11,9.0,0,42,8,28,14,13,3,0,42,2,0,-0.086,0.7
NYN/NYN201406120,"Thursday, June 12, 2014",7:11 p.m. Local,Citi Field,22155,4:08,Night,Away,Milwaukee Brewers,MIL,New York Mets,NYM,50,5,13,5,3.46,2,15,56,0.26,0.327,0.4,0.727,179,134,-0.349,1.78,1.061,,-0.4,39,13,13.0,0,85,18,31,18,18,10,0,75,0,0,0.849,4.4,44,1,6,1,0.0,5,8,50,0.136,0.22,0.136,0.356,188,110,-0.85,1.31,0.63,,-4.4,39,14,13.0,2,64,10,36,19,18,8,0,70,4,1,0.35,0.4
NYN/NYN201406130,"Friday, June 13, 2014",9:06 p.m. Local,Citi Field,28085,3:01,Night,Home,New York Mets,NYM,San Diego Padres,SDP,32,2,5,2,2.0,3,8,35,0.156,0.229,0.313,0.541,133,98,-0.151,0.82,0.4,,-1.7,24,5,8.0,0,56,11,31,10,14,3,0,43,1,1,-0.349,-2.7,33,6,11,6,6.75,2,7,36,0.333,0.361,0.485,0.846,157,90,0.35,0.83,0.839,,2.7,27,8,9.0,1,50,11,29,7,20,13,0,68,4,0,0.151,1.7
NYN/NYN201406140,"Saturday, June 14, 2014",4:11 p.m. Local,Citi Field,38269,3:13,Day,Away,San Diego Padres,SDP,New York Mets,NYM,34,5,9,4,5.0,7,5,41,0.265,0.39,0.412,0.802,139,104,0.232,0.77,0.472,,1.3,27,6,9.0,0,60,15,29,17,12,4,0,74,0,0,0.266,3.7,29,0,2,0,0.0,4,13,34,0.069,0.206,0.069,0.275,184,88,-0.269,0.41,0.232,,-3.7,27,19,9.0,1,40,14,34,6,10,3,0,40,0,0,-0.234,-1.3
NYN/NYN201406150,"Sunday, June 15, 2014",1:14 p.m. Local,Citi Field,38987,3:15,Day,Home,New York Mets,NYM,San Diego Padres,SDP,27,1,4,1,1.0,5,5,35,0.148,0.303,0.148,0.451,168,76,-0.381,0.69,0.515,,-2.7,24,2,8.0,1,35,12,29,17,7,3,0,45,5,0,-0.119,0.3,30,3,8,3,3.38,6,10,38,0.267,0.378,0.5,0.878,139,102,0.118,1.31,0.496,,-0.3,27,14,9.0,0,58,15,29,7,15,2,0,51,0,0,0.381,2.7
SLN/SLN201406160,"Monday, June 16, 2014",7:10 p.m. Local,Busch Stadium III,42808,2:52,Night,Home,St. Louis Cardinals,STL,New York Mets,NYM,29,2,5,2,1.0,5,7,36,0.172,0.286,0.207,0.493,134,84,-0.196,0.66,0.458,,-2.0,24,14,8.0,0,47,13,24,17,7,3,0,15,2,0,-0.305,-2.5,34,6,12,6,6.75,2,5,36,0.353,0.389,0.471,0.859,145,83,0.303,1.06,0.631,,2.5,27,14,9.0,0,54,11,18,16,13,10,0,55,4,1,0.196,2.0
SLN/SLN201406170,"Tuesday, June 17, 2014",7:16 p.m. Local,Busch Stadium III,42209,2:36,Night,Home,St. Louis Cardinals,STL,New York Mets,NYM,34,2,7,2,2.0,2,8,36,0.206,0.25,0.5,0.75,117,81,-0.246,0.65,0.44,,-2.0,24,9,8.0,1,49,13,19,8,18,10,0,42,0,0,-0.253,-1.5,34,5,10,5,3.38,2,6,38,0.294,0.351,0.529,0.881,124,77,0.254,1.01,0.628,,1.5,27,8,9.0,2,47,9,21,13,16,10,0,63,1,0,0.246,2.0
SLN/SLN201406180,"Wednesday, June 18, 2014",12:46 p.m. Local,Busch Stadium III,42221,2:38,Day,Away,New York Mets,NYM,St. Louis Cardinals,STL,30,3,8,3,3.0,4,7,36,0.267,0.353,0.367,0.72,107,84,0.086,1.22,0.623,,-1.0,27,15,9.0,1,49,17,18,8,17,8,0,71,1,0,0.413,2.0,30,2,6,2,2.0,0,1,32,0.2,0.25,0.367,0.617,129,76,-0.414,0.97,0.506,,-2.0,27,9,9.0,0,47,4,25,15,14,8,0,55,1,0,-0.086,1.0
MIA/MIA201406190,"Thursday, June 19, 2014",7:10 p.m. Local,Marlins Park,20334,2:35,Night,Away,New York Mets,NYM,Miami Marlins,MIA,30,1,6,1,1.0,4,5,34,0.2,0.294,0.333,0.627,111,87,-0.291,1.46,0.387,,-3.0,27,11,9.0,0,51,13,23,11,14,7,0,88,,,0.79,4.0,27,0,3,0,0.0,1,8,28,0.111,0.143,0.111,0.254,144,70,-0.789,0.9,0.213,,-4.0,27,12,9.0,1,39,12,19,9,10,6,0,62,0,0,0.29,3.0
MIA/MIA201406200,"Friday, June 20, 2014",7:10 p.m. Local,Marlins Park,19725,3:19,Night,Home,Miami Marlins,MIA,New York Mets,NYM,32,2,11,2,2.0,2,6,36,0.344,0.382,0.406,0.789,130,95,-0.528,0.83,0.78,,-2.0,24,10,8.0,0,59,8,28,13,15,10,0,55,2,0,0.029,0.5,31,3,8,2,2.25,2,7,33,0.258,0.303,0.419,0.722,151,79,-0.029,1.79,0.507,,-0.5,27,11,9.0,0,45,9,25,13,11,5,0,64,3,1,0.529,2.0
MIA/MIA201406210,"Saturday, June 21, 2014",4:10 p.m. Local,Marlins Park,24502,2:38,Day,Away,New York Mets,NYM,Miami Marlins,MIA,32,4,7,4,4.0,3,9,35,0.219,0.286,0.375,0.661,125,82,-0.015,1.3,0.39,,0.0,27,13,9.0,0,40,16,26,9,14,8,0,71,0,0,0.516,4.0,31,0,6,0,0.0,4,9,35,0.194,0.286,0.258,0.544,121,80,-0.517,0.73,0.437,,-4.0,27,9,9.0,1,45,11,24,12,10,5,0,66,0,0,0.015,-0.0
MIA/MIA201406220,"Sunday, June 22, 2014",1:10 p.m. Local,Marlins Park,24613,3:09,Day,Away,New York Mets,NYM,Miami Marlins,MIA,39,11,17,11,11.0,3,5,46,0.436,0.455,0.641,1.096,133,105,0.384,0.38,0.526,,7.0,27,11,9.0,0,67,13,25,16,22,15,0,50,0,0,0.116,-1.0,33,5,8,5,5.0,3,8,37,0.242,0.306,0.364,0.669,169,83,-0.116,0.44,0.147,,1.0,27,7,9.0,1,45,10,28,13,13,8,0,18,1,0,-0.384,-7.0
NYN/NYN201406240,"Tuesday, June 24, 2014",7:11 p.m. Local,Citi Field,25751,2:24,Night,Home,New York Mets,NYM,Oakland Athletics,OAK,31,1,4,1,1.0,1,9,32,0.129,0.156,0.161,0.318,125,81,-0.046,0.42,0.173,,-2.7,24,13,8.0,4,47,8,26,10,12,3,0,18,0,0,-0.454,-6.7,34,10,12,10,11.25,1,8,37,0.353,0.389,0.765,1.154,123,82,0.455,0.34,0.63,,6.7,27,6,9.0,0,47,13,22,12,15,7,0,77,0,0,0.045,2.7
NYN/NYN201406250,"Wednesday, June 25, 2014",7:11 p.m. Local,Citi Field,23367,2:55,Night,Away,Oakland Athletics,OAK,New York Mets,NYM,36,8,11,7,8.0,4,10,40,0.306,0.375,0.5,0.875,138,88,0.394,0.33,0.535,,4.3,27,7,9.0,2,47,9,32,11,15,7,0,47,0,0,0.107,-1.3,36,5,11,5,5.0,0,8,37,0.306,0.324,0.5,0.824,133,90,-0.106,0.33,0.128,,1.3,27,11,9.0,2,49,16,25,9,19,6,0,22,0,0,-0.394,-4.3
PIT/PIT201406260,"Thursday, June 26, 2014",7:06 p.m. Local,PNC Park,36647,2:53,Night,Home,Pittsburgh Pirates,PIT,New York Mets,NYM,33,2,9,2,2.0,2,5,36,0.273,0.333,0.424,0.758,124,90,-0.216,0.79,0.478,,-1.9,24,12,8.0,1,55,11,24,16,12,6,0,42,1,0,-0.285,-1.5,27,5,8,4,5.62,5,4,35,0.296,0.424,0.444,0.869,129,71,0.282,1.0,0.645,,1.5,27,15,9.0,1,48,7,17,12,13,5,0,60,0,0,0.216,1.9
PIT/PIT201406270,"Friday, June 27, 2014",7:06 p.m. Local,PNC Park,37952,3:45,Night,Home,Pittsburgh Pirates,PIT,New York Mets,NYM,39,2,9,2,1.64,2,8,42,0.231,0.268,0.256,0.525,154,101,-0.618,1.97,0.689,,-2.8,32,12,10.2,0,60,13,28,15,17,7,0,57,1,0,0.118,1.5,38,3,8,3,2.53,5,10,45,0.211,0.318,0.237,0.555,150,103,-0.117,1.57,1.417,,-1.5,33,14,11.0,0,54,20,29,16,13,6,0,60,0,0,0.618,2.8
PIT/PIT201406280,"Saturday, June 28, 2014",4:07 p.m. Local,PNC Park,38930,3:08,Day,Away,New York Mets,NYM,Pittsburgh Pirates,PIT,36,5,9,4,5.0,4,11,40,0.25,0.325,0.333,0.658,118,110,0.218,1.1,0.528,,1.1,27,11,9.0,0,65,20,25,11,14,5,0,48,0,0,0.282,0.9,34,3,7,3,3.0,3,6,37,0.206,0.27,0.265,0.535,176,77,-0.282,0.55,0.443,,-0.9,27,4,9.0,0,46,7,24,15,13,5,0,29,0,0,-0.217,-1.1
PIT/PIT201406290,"Sunday, June 29, 2014",1:37 p.m. Local,PNC Park,37290,2:58,Day,Home,Pittsburgh Pirates,PIT,New York Mets,NYM,39,2,13,2,2.0,1,9,40,0.333,0.35,0.41,0.76,114,111,-0.227,0.3,0.326,,-1.9,24,10,8.0,1,60,15,36,8,22,13,0,39,0,0,-0.273,-1.5,31,5,8,5,5.62,1,5,33,0.258,0.281,0.452,0.733,159,78,0.273,0.7,0.397,,1.5,27,6,9.0,0,45,7,26,12,15,8,0,62,1,0,0.227,1.9
ATL/ATL201406300,"Monday, June 30, 2014",7:10 p.m. Local,Turner Field,28075,3:25,Night,Home,Atlanta Braves,ATL,New York Mets,NYM,33,3,8,3,3.0,1,10,35,0.242,0.257,0.364,0.621,158,98,0.007,1.86,0.412,,-0.9,24,11,8.0,0,63,15,20,9,15,5,0,60,6,1,-0.507,-1.5,31,5,7,3,2.25,7,5,40,0.226,0.375,0.258,0.633,146,94,0.508,0.71,1.442,,1.5,27,8,9.0,1,49,13,32,17,10,5,0,54,0,0,-0.008,0.9
ATL/ATL201407010,"Tuesday, July 1, 2014",7:13 p.m. Local,Turner Field,21347,3:17,Night,Home,Atlanta Braves,ATL,New York Mets,NYM,36,4,10,4,4.0,1,13,38,0.278,0.297,0.444,0.742,130,119,-0.228,0.92,0.704,,0.1,24,12,8.0,0,69,20,30,7,17,6,0,35,0,0,-0.272,-1.5,31,5,7,5,5.62,3,9,35,0.226,0.314,0.258,0.572,178,80,0.273,1.27,0.716,,1.5,27,3,9.0,2,41,17,22,15,7,2,0,33,2,0,0.228,-0.1
ATL/ATL201407020,"Wednesday, July 2, 2014",7:12 p.m. Local,Turner Field,23601,3:11,Night,Home,Atlanta Braves,ATL,New York Mets,NYM,30,1,5,1,1.0,3,8,34,0.167,0.235,0.167,0.402,153,88,-0.396,0.69,0.348,,-2.9,24,8,8.0,0,56,15,17,7,16,3,0,49,1,0,-0.104,0.5,31,3,8,3,3.38,3,12,35,0.258,0.324,0.29,0.614,138,100,0.105,1.12,0.493,,-0.5,27,5,9.0,0,58,22,20,13,7,4,0,67,0,0,0.395,2.9
NYN/NYN201407040,"Friday, July 4, 2014",7:11 p.m. Local,Citi Field,30377,4:08,Night,Home,New York Mets,NYM,Texas Rangers,TEX,39,5,12,5,3.0,5,6,44,0.308,0.386,0.487,0.874,164,105,-0.008,1.03,1.078,,1.3,24,7,8.0,1,61,13,31,15,18,8,0,45,1,1,-0.491,-2.7,30,6,7,6,6.75,6,10,37,0.233,0.361,0.433,0.794,177,98,0.491,1.64,1.028,,2.7,27,16,9.0,2,50,22,26,9,12,5,0,43,3,0,0.009,-1.3
NYN/NYN201407050,"Saturday, July 5, 2014",7:15 p.m. Local,Citi Field,24418,3:10,Night,Away,Texas Rangers,TEX,New York Mets,NYM,36,5,11,5,5.0,2,5,38,0.306,0.342,0.556,0.898,151,96,0.212,1.42,0.536,,1.3,27,10,9.0,1,60,9,27,13,18,10,0,53,1,0,0.289,0.7,36,3,9,3,2.0,2,10,38,0.25,0.289,0.417,0.706,135,110,-0.288,0.54,0.786,,-0.7,27,11,9.0,2,61,15,34,11,15,7,0,42,0,0,-0.212,-1.3
NYN/NYN201407060,"Sunday, July 6, 2014",1:11 p.m. Local,Citi Field,25213,3:21,Day,Home,New York Mets,NYM,Texas Rangers,TEX,37,4,10,4,4.0,2,8,39,0.27,0.308,0.595,0.902,134,96,-0.134,0.35,0.256,,0.3,24,7,8.0,2,60,13,23,12,17,9,0,38,1,1,-0.366,-4.7,29,8,7,8,9.0,6,4,36,0.241,0.371,0.552,0.923,159,78,0.365,0.51,0.498,,4.7,27,10,9.0,3,46,12,20,6,20,8,0,59,4,0,0.134,-0.3
NYN/NYN201407070,"Monday, July 7, 2014",7:11 p.m. Local,Citi Field,20836,3:50,Night,Home,New York Mets,NYM,Atlanta Braves,ATL,43,3,12,2,2.45,4,7,47,0.279,0.34,0.349,0.689,171,101,-0.107,1.61,1.11,,-1.6,32,12,10.2,2,58,20,23,11,25,12,0,67,2,0,-0.394,0.2,39,4,7,4,3.38,5,6,44,0.179,0.273,0.385,0.657,161,105,0.393,1.5,1.477,,-0.2,33,11,11.0,0,72,12,21,17,16,8,0,66,2,2,0.106,1.6
NYN/NYN201407080,"Tuesday, July 8, 2014",7:10 p.m. Local,Citi Field,20671,3:20,Night,Home,New York Mets,NYM,Atlanta Braves,ATL,39,3,13,3,3.0,1,14,40,0.333,0.35,0.333,0.683,143,108,-0.181,0.32,0.235,,-0.7,24,12,8.0,1,53,28,27,12,13,10,0,18,2,0,-0.319,-4.7,40,8,18,8,9.0,2,3,42,0.45,0.476,0.65,1.126,166,94,0.319,0.49,0.496,,4.7,27,7,9.0,0,58,13,23,12,25,15,0,74,5,3,0.18,0.7
NYN/NYN201407090,"Wednesday, July 9, 2014",7:12 p.m. Local,Citi Field,21327,2:23,Night,Home,New York Mets,NYM,Atlanta Braves,ATL,33,1,8,1,1.0,1,7,34,0.242,0.265,0.273,0.537,101,82,-0.294,0.96,0.556,,-2.7,24,11,8.0,1,43,13,26,17,9,1,0,51,0,0,-0.207,-0.7,26,4,6,4,4.5,2,4,29,0.231,0.276,0.423,0.699,116,63,0.207,1.27,0.588,,0.7,27,14,9.0,0,41,11,12,9,14,7,0,64,2,0,0.294,2.7
NYN/NYN201407100,"Thursday, July 10, 2014",7:10 p.m. Local,Citi Field,23528,2:50,Night,Away,Atlanta Braves,ATL,New York Mets,NYM,35,3,10,2,3.0,1,7,36,0.286,0.306,0.314,0.62,143,81,0.054,1.42,0.5,,-0.7,27,10,9.0,0,57,9,15,6,22,7,0,63,2,0,0.444,2.7,32,1,5,1,1.0,5,4,37,0.156,0.27,0.188,0.458,114,81,-0.445,0.66,0.471,,-2.7,27,6,9.0,0,45,14,22,13,15,2,0,57,0,0,-0.056,0.7
NYN/NYN201407110,"Friday, July 11, 2014",7:10 p.m. Local,Citi Field,25914,2:43,Night,Home,New York Mets,NYM,Miami Marlins,MIA,32,1,6,1,1.0,2,7,34,0.188,0.235,0.25,0.485,125,90,-0.178,0.32,0.202,,-2.7,24,6,8.0,2,56,17,17,16,10,6,0,30,0,0,-0.321,-3.7,34,7,12,7,7.88,0,5,35,0.353,0.353,0.647,1.0,133,86,0.32,0.58,0.481,,3.7,27,14,9.0,0,61,5,20,12,18,7,0,64,0,0,0.179,2.7
NYN/NYN201407120,"Saturday, July 12, 2014",4:13 p.m. Local,Citi Field,35283,2:52,Day,Home,New York Mets,NYM,Miami Marlins,MIA,32,4,5,4,4.0,5,12,38,0.156,0.27,0.344,0.614,125,99,0.054,1.32,0.811,,0.3,24,8,8.0,1,54,18,27,10,11,6,0,57,1,1,-0.556,-1.7,28,5,6,5,5.62,4,6,34,0.214,0.313,0.393,0.705,156,75,0.557,1.27,1.2,,1.7,27,7,9.0,1,47,9,19,11,13,4,0,54,0,0,-0.056,-0.3
NYN/NYN201407130,"Sunday, July 13, 2014",1:10 p.m. Local,Citi Field,28187,3:19,Day,Home,New York Mets,NYM,Miami Marlins,MIA,29,1,5,1,1.0,3,9,32,0.172,0.25,0.207,0.457,174,88,-0.191,0.61,0.339,,-2.7,24,8,8.0,0,43,21,24,8,12,4,0,37,6,3,-0.31,-5.7,38,9,15,9,10.12,6,5,45,0.395,0.467,0.526,0.993,141,101,0.311,0.83,0.642,,5.7,27,8,9.0,0,65,11,25,16,18,5,0,69,0,0,0.19,2.7
SDN/SDN201407180,"Friday, July 18, 2014",7:10 p.m. Local,Petco Park,27374,3:10,Night,Away,New York Mets,NYM,San Diego Padres,SDP,35,5,8,5,5.0,6,7,42,0.229,0.357,0.286,0.643,138,100,0.359,1.37,1.012,,1.3,27,8,9.0,0,60,12,28,14,14,8,0,46,0,0,0.139,-0.3,33,4,7,4,4.0,1,7,35,0.212,0.257,0.212,0.469,169,91,-0.14,1.26,0.681,,0.3,27,11,9.0,0,46,12,33,12,15,8,0,40,0,0,-0.361,-1.3
SDN/SDN201407190,"Saturday, July 19, 2014",5:43 p.m. Local,Petco Park,42702,2:41,Night,Home,San Diego Padres,SDP,New York Mets,NYM,31,0,5,0,0.0,3,10,34,0.161,0.235,0.194,0.429,135,85,-0.255,0.35,0.099,,-3.7,24,6,8.0,3,43,18,24,12,9,5,0,49,0,0,-0.247,-2.7,32,6,8,4,5.62,0,11,32,0.25,0.25,0.563,0.813,138,89,0.245,0.45,0.414,,2.7,27,10,9.0,0,50,16,23,10,11,4,0,72,1,0,0.255,3.7
SDN/SDN201407200,"Sunday, July 20, 2014",1:12 p.m. Local,Petco Park,31513,3:07,Day,Home,San Diego Padres,SDP,New York Mets,NYM,29,1,3,1,1.0,3,7,35,0.103,0.235,0.138,0.373,152,86,-0.357,1.33,0.55,,-2.7,26,11,8.2,1,48,13,25,12,11,3,0,58,1,1,-0.143,1.5,35,2,11,2,2.08,3,9,39,0.314,0.368,0.486,0.854,138,93,0.141,1.48,1.196,,-1.5,27,9,9.0,0,49,22,22,16,11,8,0,73,3,0,0.358,2.7
SEA/SEA201407210,"Monday, July 21, 2014",7:10 p.m. Local,Safeco Field,21943,2:53,Night,Home,Seattle Mariners,SEA,New York Mets,NYM,37,2,10,2,2.0,2,12,39,0.27,0.308,0.27,0.578,123,107,-0.249,0.62,0.432,,-2.0,24,12,8.0,1,57,19,31,6,19,13,0,38,1,0,-0.252,-1.5,35,5,14,5,5.62,2,8,37,0.4,0.432,0.6,1.032,164,83,0.252,0.92,0.591,,1.5,27,4,9.0,0,43,11,30,15,12,10,0,60,2,0,0.248,2.0
SEA/SEA201407220,"Tuesday, July 22, 2014",7:10 p.m. Local,Safeco Field,18681,2:49,Night,Away,New York Mets,NYM,Seattle Mariners,SEA,31,3,6,3,3.0,3,11,36,0.194,0.306,0.355,0.66,132,95,0.014,1.2,0.54,,-1.0,27,12,9.0,0,55,22,18,10,10,4,0,69,0,0,0.485,3.0,31,1,5,1,1.0,2,8,33,0.161,0.212,0.194,0.406,146,95,-0.486,0.85,0.416,,-3.0,27,10,9.0,1,51,16,28,14,9,4,0,67,0,0,-0.014,1.0
SEA/SEA201407230,"Wednesday, July 23, 2014",12:42 p.m. Local,Safeco Field,36224,3:05,Day,Away,New York Mets,NYM,Seattle Mariners,SEA,29,3,4,3,3.0,7,8,38,0.138,0.316,0.172,0.488,127,85,-0.008,1.57,0.522,,-1.0,27,9,9.0,0,55,8,22,13,9,2,0,68,2,1,0.509,2.0,32,2,5,2,2.0,1,8,33,0.156,0.182,0.188,0.369,149,89,-0.509,0.92,0.464,,-2.0,27,12,9.0,0,47,16,26,12,12,4,0,54,5,1,0.009,1.0
MIL/MIL201407240,"Thursday, July 24, 2014",7:12 p.m. Local,Miller Park,29755,2:38,Night,Home,Milwaukee Brewers,MIL,New York Mets,NYM,28,1,2,1,1.0,2,4,31,0.071,0.133,0.179,0.312,136,76,-0.161,0.27,0.029,,-3.1,24,6,8.0,3,49,8,19,14,11,1,0,35,0,0,-0.341,-5.4,34,9,10,9,10.12,2,9,36,0.294,0.333,0.706,1.039,123,85,0.341,0.27,0.462,,5.4,27,12,9.0,1,47,13,25,10,15,9,0,77,0,0,0.159,3.1
MIL/MIL201407250,"Friday, July 25, 2014",7:10 p.m. Local,Miller Park,33097,3:01,Night,Away,New York Mets,NYM,Milwaukee Brewers,MIL,35,3,8,3,3.0,0,11,35,0.229,0.229,0.343,0.571,147,90,0.246,1.28,0.961,,-1.1,27,10,9.0,1,48,14,28,14,10,6,0,69,1,0,0.254,2.1,33,2,4,2,1.0,3,13,38,0.121,0.237,0.242,0.479,129,99,-0.254,1.21,0.603,,-2.1,27,10,9.0,1,55,18,26,15,6,1,0,79,1,0,-0.246,1.1
MIL/MIL201407260,"Saturday, July 26, 2014",6:10 p.m. Local,Miller Park,39292,3:02,Night,Home,Milwaukee Brewers,MIL,New York Mets,NYM,34,2,8,2,2.0,4,10,38,0.235,0.316,0.441,0.757,135,100,-0.224,0.85,0.575,,-2.1,24,7,8.0,1,50,14,36,10,14,10,0,47,0,0,-0.277,-1.4,31,5,8,4,5.62,2,7,34,0.258,0.303,0.419,0.722,167,94,0.275,1.1,0.752,,1.4,27,10,9.0,1,53,15,26,9,16,8,0,48,2,0,0.223,2.1
MIL/MIL201407270,"Sunday, July 27, 2014",1:11 p.m. Local,Miller Park,39040,3:10,Day,Away,New York Mets,NYM,Milwaukee Brewers,MIL,33,2,7,2,2.0,2,7,36,0.212,0.278,0.424,0.702,153,77,-0.077,1.31,0.693,,-2.1,27,7,9.0,0,49,7,21,15,11,7,0,67,2,0,0.576,4.1,33,0,6,0,0.0,2,6,35,0.182,0.229,0.182,0.41,121,101,-0.575,1.01,0.343,,-4.1,27,15,9.0,1,60,25,16,13,14,2,0,63,2,0,0.076,2.1
NYN/NYN201407280,"Monday, July 28, 2014",7:11 p.m. Local,Citi Field,26525,2:54,Night,Home,New York Mets,NYM,Philadelphia Phillies,PHI,39,1,13,1,1.0,1,7,40,0.333,0.35,0.385,0.735,120,105,-0.169,0.31,0.114,,-2.7,24,13,8.0,1,63,10,32,13,19,9,0,25,0,0,-0.333,-3.7,32,7,9,7,7.88,3,5,36,0.281,0.343,0.531,0.874,149,75,0.332,0.34,0.431,,3.7,27,9,9.0,0,45,12,18,13,15,6,0,60,3,0,0.169,2.7
NYN/NYN201407290,"Tuesday, July 29, 2014",7:10 p.m. Local,Citi Field,27069,2:36,Night,Away,Philadelphia Phillies,PHI,New York Mets,NYM,32,6,7,6,6.0,3,6,38,0.219,0.306,0.531,0.837,126,96,0.16,0.7,0.547,,2.3,27,9,9.0,0,58,9,29,16,12,2,0,78,0,0,0.341,3.7,33,0,7,0,0.0,0,9,33,0.212,0.212,0.242,0.455,146,95,-0.342,0.66,0.161,,-3.7,27,12,9.0,3,54,18,23,11,13,4,0,43,3,3,-0.159,-2.3
NYN/NYN201407300,"Wednesday, July 30, 2014",12:11 p.m. Local,Citi Field,37647,3:28,Day,Home,New York Mets,NYM,Philadelphia Phillies,PHI,34,2,8,2,2.0,5,5,40,0.235,0.35,0.382,0.732,171,90,-0.115,0.73,0.582,,-1.7,24,4,8.0,2,52,11,27,8,21,8,0,44,2,2,-0.386,-7.7,39,11,15,10,10.12,4,8,44,0.385,0.442,0.59,1.032,155,107,0.387,0.99,0.701,,7.7,27,7,9.0,1,67,15,25,8,24,10,0,54,2,0,0.113,1.7
NYN/NYN201408010,"Friday, August 1, 2014",7:11 p.m. Local,Citi Field,28905,2:06,Night,Away,San Francisco Giants,SFG,New York Mets,NYM,34,5,9,5,3.0,1,4,38,0.265,0.324,0.412,0.736,102,74,0.146,0.71,0.425,,1.3,27,10,9.0,1,51,5,18,18,13,8,0,83,,,0.354,2.7,27,1,2,1,1.0,1,5,28,0.074,0.107,0.185,0.292,98,69,-0.354,0.61,0.127,,-2.7,27,16,9.0,0,36,5,28,9,13,4,0,52,1,0,-0.146,-1.3
NYN/NYN201408020,"Saturday, August 2, 2014",7:10 p.m. Local,Citi Field,33687,2:24,Night,Home,New York Mets,NYM,San Francisco Giants,SFG,33,2,6,2,2.0,1,9,34,0.182,0.206,0.242,0.448,101,88,-0.445,1.01,0.285,,-1.7,24,12,8.0,0,46,16,26,12,12,8,0,57,0,0,-0.056,-0.7,27,4,4,4,4.5,0,5,29,0.148,0.172,0.222,0.395,121,72,0.054,1.06,0.433,,0.7,27,10,9.0,0,45,9,18,13,10,5,0,68,1,0,0.444,1.7
NYN/NYN201408030,"Sunday, August 3, 2014",1:10 p.m. Local,Citi Field,32408,2:40,Day,Away,San Francisco Giants,SFG,New York Mets,NYM,37,9,11,9,9.0,1,8,40,0.297,0.333,0.676,1.009,94,102,0.288,0.47,0.48,,5.3,27,6,9.0,0,60,12,30,7,23,9,0,92,,,0.212,3.7,29,0,2,0,0.0,1,10,30,0.069,0.1,0.103,0.203,157,75,-0.212,0.35,0.113,,-3.7,27,6,9.0,4,40,15,20,4,15,5,0,29,2,0,-0.289,-5.3
NYN/NYN201408040,"Monday, August 4, 2014",12:10 p.m. Local,Citi Field,27187,3:40,Day,Away,San Francisco Giants,SFG,New York Mets,NYM,34,4,9,3,4.0,7,8,41,0.265,0.39,0.441,0.831,157,112,0.283,1.18,1.25,,0.3,27,11,9.0,1,74,15,23,11,15,6,0,43,1,0,0.219,0.7,35,3,9,3,2.0,3,5,38,0.257,0.316,0.371,0.687,179,106,-0.217,1.54,0.631,,-0.7,27,9,9.0,0,70,10,26,9,21,10,0,54,3,0,-0.281,-0.3
WAS/WAS201408050,"Tuesday, August 5, 2014",7:06 p.m. Local,Nationals Park,40686,3:12,Night,Away,New York Mets,NYM,Washington Nationals,WSN,35,6,11,6,6.0,2,8,40,0.314,0.385,0.4,0.785,144,87,0.179,1.22,0.614,,1.9,27,14,9.0,0,55,9,23,14,14,9,0,57,1,0,0.321,3.1,31,1,8,0,1.0,4,7,35,0.258,0.343,0.323,0.665,135,86,-0.321,0.8,0.603,,-3.1,27,11,9.0,0,48,13,25,15,9,5,0,48,2,2,-0.179,-1.9
WAS/WAS201408060,"Wednesday, August 6, 2014",7:06 p.m. Local,Nationals Park,26701,2:31,Night,Home,Washington Nationals,WSN,New York Mets,NYM,34,1,8,1,0.0,0,8,34,0.235,0.235,0.235,0.471,133,93,-0.272,0.33,0.159,,-3.1,24,9,8.0,3,52,10,31,14,12,6,0,32,0,0,-0.23,-3.3,32,7,9,7,7.88,2,4,34,0.281,0.324,0.625,0.949,132,89,0.23,0.56,0.398,,3.3,27,12,9.0,0,55,13,21,11,17,7,0,71,2,1,0.27,3.1
WAS/WAS201408070,"Thursday, August 7, 2014",12:36 p.m. Local,Nationals Park,38611,4:34,Day,Home,Washington Nationals,WSN,New York Mets,NYM,46,3,9,3,2.08,2,10,50,0.196,0.224,0.239,0.464,196,129,-0.727,1.71,0.73,,-3.0,36,11,12.0,2,76,18,35,15,23,8,0,49,6,0,0.225,0.5,47,5,14,5,3.75,3,13,51,0.298,0.34,0.468,0.808,186,131,-0.226,1.56,1.237,,-0.5,39,11,13.0,0,71,19,41,15,20,10,0,52,3,2,0.726,3.0
PHI/PHI201408080,"Friday, August 8, 2014",7:07 p.m. Local,Citizens Bank Park,32307,2:51,Night,Away,New York Mets,NYM,Philadelphia Phillies,PHI,37,5,12,5,5.0,2,10,39,0.324,0.359,0.459,0.818,126,90,0.239,1.11,0.594,,1.0,27,6,9.0,1,53,15,24,18,11,6,0,72,2,2,0.262,0.0,35,4,9,4,4.0,1,7,36,0.257,0.278,0.4,0.678,147,87,-0.263,0.68,0.56,,-0.0,27,12,9.0,1,53,8,26,7,21,10,0,36,0,0,-0.238,-1.0
PHI/PHI201408090,"Saturday, August 9, 2014",7:50 p.m. Local,Citizens Bank Park,39153,3:41,Night,Away,New York Mets,NYM,Philadelphia Phillies,PHI,38,2,8,2,1.64,4,8,43,0.211,0.302,0.237,0.539,166,113,-0.235,1.51,0.986,,-2.9,33,14,11.0,1,67,22,24,14,16,10,0,68,0,0,0.736,3.9,38,1,5,1,0.82,4,5,42,0.132,0.214,0.211,0.425,177,100,-0.735,1.7,0.548,,-3.9,33,15,11.0,0,64,12,24,16,17,9,0,65,3,0,0.236,2.9
PHI/PHI201408100,"Sunday, August 10, 2014",1:41 p.m. Local,Citizens Bank Park,31061,3:14,Day,Home,Philadelphia Phillies,PHI,New York Mets,NYM,36,6,13,6,5.0,4,5,42,0.361,0.415,0.583,0.998,170,85,0.259,1.31,0.665,,2.0,26,7,8.2,1,56,9,23,11,22,12,0,56,1,0,-0.76,-3.4,36,7,9,7,7.27,4,10,40,0.25,0.325,0.444,0.769,136,107,0.763,0.77,1.505,,3.4,27,11,9.0,2,59,23,25,12,14,9,0,23,0,0,-0.26,-2.0
PHI/PHI201408110,"Monday, August 11, 2014",1:06 p.m. Local,Citizens Bank Park,26076,2:48,Day,Away,New York Mets,NYM,Philadelphia Phillies,PHI,34,5,7,5,5.0,2,8,37,0.206,0.27,0.353,0.623,138,95,0.381,0.81,0.859,,1.0,27,12,9.0,1,58,20,17,16,10,4,0,62,1,0,0.118,1.0,32,3,7,3,3.0,4,8,37,0.219,0.324,0.406,0.731,146,82,-0.12,0.89,0.507,,-1.0,27,12,9.0,1,42,11,29,12,12,4,0,56,1,1,-0.382,-1.0
NYN/NYN201408120,"Tuesday, August 12, 2014",7:10 p.m. Local,Citi Field,21200,2:46,Night,Away,Washington Nationals,WSN,New York Mets,NYM,37,7,12,7,7.0,2,7,39,0.324,0.359,0.703,1.062,136,98,0.23,0.5,0.52,,3.3,27,6,9.0,0,65,9,24,15,15,7,0,66,0,0,0.271,2.7,35,1,9,1,1.0,0,3,37,0.257,0.27,0.286,0.556,156,88,-0.273,0.46,0.119,,-2.7,27,11,9.0,4,53,4,31,9,24,11,0,35,0,0,-0.229,-3.3
NYN/NYN201408130,"Wednesday, August 13, 2014",7:10 p.m. Local,Citi Field,21364,2:47,Night,Away,Washington Nationals,WSN,New York Mets,NYM,32,3,8,3,2.0,2,10,36,0.25,0.278,0.406,0.684,121,90,0.137,2.15,0.864,,-0.7,27,9,9.0,1,50,10,30,11,14,4,0,65,3,0,0.363,1.7,36,2,9,1,1.0,0,6,37,0.25,0.27,0.333,0.604,128,90,-0.363,1.19,1.117,,-1.7,27,8,9.0,1,53,12,25,11,19,9,0,66,0,0,-0.137,0.7
NYN/NYN201408140,"Thursday, August 14, 2014",7:10 p.m. Local,Citi Field,22782,2:53,Night,Away,Washington Nationals,WSN,New York Mets,NYM,30,4,5,4,4.0,7,7,39,0.167,0.324,0.367,0.691,133,87,0.175,0.78,0.456,,0.3,27,10,9.0,0,48,11,28,13,12,2,0,75,0,0,0.325,2.7,28,1,3,1,0.0,2,10,31,0.107,0.161,0.143,0.304,144,88,-0.326,0.45,0.227,,-2.7,27,8,9.0,2,46,14,28,13,6,1,0,47,3,0,-0.176,-0.3
NYN/NYN201408150,"Friday, August 15, 2014",7:11 p.m. Local,Citi Field,25016,3:04,Night,Home,New York Mets,NYM,Chicago Cubs,CHC,30,2,4,2,2.0,5,14,36,0.133,0.278,0.133,0.411,139,98,-0.394,0.91,0.473,,-1.7,24,5,8.0,1,41,31,26,8,8,1,0,49,1,0,-0.103,0.3,26,3,4,3,3.38,7,7,33,0.154,0.333,0.269,0.603,162,77,0.104,1.29,0.662,,-0.3,27,5,9.0,0,43,14,20,4,15,1,0,64,1,0,0.396,1.7
NYN/NYN201408160,"Saturday, August 16, 2014",7:10 p.m. Local,Citi Field,30744,2:39,Night,Home,New York Mets,NYM,Chicago Cubs,CHC,34,3,7,3,3.0,2,10,36,0.206,0.25,0.382,0.632,128,87,-0.214,0.49,0.486,,-0.7,24,9,8.0,0,41,19,27,14,10,4,0,37,5,3,-0.287,-3.7,28,7,4,6,5.62,5,4,35,0.143,0.286,0.179,0.464,125,72,0.287,1.03,0.473,,3.7,27,12,9.0,2,48,13,11,13,12,4,0,50,3,0,0.213,0.7
NYN/NYN201408170,"Sunday, August 17, 2014",1:11 p.m. Local,Citi Field,27938,2:55,Day,Away,Chicago Cubs,CHC,New York Mets,NYM,32,2,7,2,2.0,3,9,35,0.219,0.286,0.313,0.598,131,81,0.106,1.71,0.734,,-1.7,27,10,9.0,0,42,19,21,9,14,6,0,80,0,0,0.393,2.7,30,1,4,1,0.0,2,11,32,0.133,0.188,0.133,0.321,129,81,-0.395,1.08,0.793,,-2.7,27,5,9.0,1,40,16,25,9,10,6,0,68,4,0,-0.107,1.7
NYN/NYN201408180,"Monday, August 18, 2014",12:10 p.m. Local,Citi Field,23271,2:53,Day,Away,Chicago Cubs,CHC,New York Mets,NYM,36,4,9,4,4.0,4,11,40,0.25,0.325,0.444,0.769,128,97,0.114,0.98,0.913,,0.3,27,8,9.0,1,47,19,31,8,17,4,0,68,0,0,0.385,2.7,30,1,4,1,1.0,2,7,32,0.133,0.188,0.267,0.454,167,80,-0.386,1.21,0.295,,-2.7,27,4,9.0,2,49,11,21,9,14,2,0,65,3,0,-0.115,-0.3
OAK/OAK201408190,"Tuesday, August 19, 2014",7:07 p.m. Local,O.co Coliseum,23498,3:02,Night,Home,Oakland Athletics,OAK,New York Mets,NYM,33,2,7,2,2.0,3,12,36,0.212,0.278,0.364,0.641,163,100,-0.22,0.92,0.517,,-2.1,24,6,8.0,1,52,16,32,7,14,7,0,39,1,0,-0.281,-2.4,32,6,10,6,6.75,4,6,37,0.312,0.378,0.5,0.878,152,95,0.28,1.0,0.665,,2.4,27,5,9.0,1,57,11,27,11,16,8,0,63,1,0,0.219,2.1
OAK/OAK201408200,"Wednesday, August 20, 2014",12:37 p.m. Local,O.co Coliseum,20312,3:20,Day,Away,New York Mets,NYM,Oakland Athletics,OAK,37,8,10,7,8.0,5,6,42,0.27,0.357,0.432,0.79,165,104,0.411,0.93,0.674,,3.9,27,11,9.0,0,62,13,29,18,13,6,0,49,5,1,0.089,-0.9,34,5,6,3,2.0,6,6,40,0.176,0.3,0.265,0.565,169,86,-0.088,0.56,0.548,,0.9,27,13,9.0,2,44,7,35,16,12,6,0,20,5,0,-0.411,-3.9
LAN/LAN201408220,"Friday, August 22, 2014",7:10 p.m. Local,Dodger Stadium,44374,2:40,Night,Home,Los Angeles Dodgers,LAD,New York Mets,NYM,30,2,6,2,2.0,1,7,32,0.2,0.219,0.3,0.519,140,72,-0.32,0.95,0.245,,-1.8,24,14,8.0,0,41,4,27,8,16,3,0,45,3,2,-0.181,-2.6,34,6,11,5,3.38,4,6,38,0.324,0.395,0.5,0.895,121,89,0.179,0.76,0.832,,2.6,27,6,9.0,1,55,13,21,18,10,9,0,73,1,0,0.32,1.8
LAN/LAN201408230,"Saturday, August 23, 2014",6:10 p.m. Local,Dodger Stadium,51215,2:51,Night,Home,Los Angeles Dodgers,LAD,New York Mets,NYM,38,4,12,4,3.0,1,6,39,0.316,0.333,0.553,0.886,117,91,0.028,1.07,0.891,,0.2,24,9,8.0,1,55,15,21,16,16,10,0,47,1,1,-0.526,-3.6,29,7,8,7,6.75,2,8,34,0.276,0.303,0.448,0.751,142,85,0.526,1.31,0.952,,3.6,27,14,9.0,2,49,17,19,14,10,6,0,48,0,0,-0.025,-0.2
LAN/LAN201408240,"Sunday, August 24, 2014",1:10 p.m. Local,Dodger Stadium,47290,3:02,Day,Away,New York Mets,NYM,Los Angeles Dodgers,LAD,41,11,14,11,9.0,0,2,42,0.341,0.333,0.683,1.016,152,93,0.474,0.34,0.65,,7.2,27,13,9.0,0,66,4,23,17,23,8,0,58,0,0,0.024,0.8,34,3,9,3,3.0,2,9,36,0.265,0.306,0.382,0.688,134,101,-0.023,0.33,0.229,,-0.8,27,7,9.0,4,60,14,27,14,11,8,0,22,3,1,-0.476,-7.2
NYN/NYN201408260,"Tuesday, August 26, 2014",7:11 p.m. Local,Citi Field,22406,2:27,Night,Home,New York Mets,NYM,Atlanta Braves,ATL,31,2,8,2,2.0,2,2,33,0.258,0.303,0.323,0.626,120,80,-0.385,0.81,0.704,,-1.7,24,8,8.0,1,50,7,23,14,15,5,0,60,0,0,-0.116,0.3,28,3,5,3,3.38,1,6,30,0.179,0.233,0.321,0.555,125,82,0.116,1.43,0.485,,-0.3,27,12,9.0,0,51,9,22,10,13,5,0,53,1,0,0.384,1.7
NYN/NYN201408270,"Wednesday, August 27, 2014",7:11 p.m. Local,Citi Field,22014,2:48,Night,Away,Atlanta Braves,ATL,New York Mets,NYM,31,3,5,2,2.0,3,8,34,0.161,0.235,0.323,0.558,144,80,0.069,2.1,0.455,,-0.7,27,11,9.0,1,41,14,25,17,6,3,0,65,2,0,0.431,1.7,31,2,6,2,2.0,4,4,36,0.194,0.286,0.29,0.576,130,85,-0.432,0.71,1.03,,-1.7,27,15,9.0,1,52,11,22,14,14,4,0,63,0,0,-0.068,0.7
NYN/NYN201408280,"Thursday, August 28, 2014",7:11 p.m. Local,Citi Field,22154,2:31,Night,Away,Atlanta Braves,ATL,New York Mets,NYM,38,6,13,6,6.0,1,8,39,0.342,0.359,0.526,0.885,122,87,0.026,1.25,0.583,,2.3,27,12,9.0,0,40,13,34,11,19,9,0,70,1,0,0.474,2.7,30,1,4,1,1.0,1,6,31,0.133,0.161,0.167,0.328,128,81,-0.475,0.74,0.312,,-2.7,27,7,9.0,1,47,11,23,14,10,7,0,52,2,0,-0.026,-2.3
NYN/NYN201408290,"Friday, August 29, 2014",7:10 p.m. Local,Citi Field,25250,2:31,Night,Home,New York Mets,NYM,Philadelphia Phillies,PHI,32,1,5,1,0.0,2,8,35,0.156,0.206,0.156,0.362,104,94,-0.257,1.1,0.61,,-2.7,24,10,8.0,0,48,13,33,16,9,7,0,62,3,3,-0.242,-0.7,28,4,4,1,1.12,3,4,32,0.143,0.25,0.179,0.429,138,63,0.244,1.33,0.723,,0.7,27,10,9.0,0,37,8,18,12,12,5,0,70,0,0,0.258,2.7
NYN/NYN201408300,"Saturday, August 30, 2014",7:10 p.m. Local,Citi Field,28053,2:58,Night,Away,Philadelphia Phillies,PHI,New York Mets,NYM,36,7,12,7,7.0,3,6,41,0.333,0.375,0.5,0.875,140,95,0.21,0.75,0.563,,3.3,27,9,9.0,0,62,10,23,13,19,6,0,57,6,2,0.29,1.7,31,2,5,2,2.0,4,7,35,0.161,0.257,0.161,0.418,143,91,-0.293,0.58,0.236,,-1.7,27,11,9.0,1,48,7,36,12,12,4,0,28,2,1,-0.21,-3.3
NYN/NYN201408310,"Sunday, August 31, 2014",1:11 p.m. Local,Citi Field,27159,3:14,Day,Home,New York Mets,NYM,Philadelphia Phillies,PHI,37,5,12,5,5.0,4,10,42,0.324,0.405,0.541,0.945,140,96,-0.02,1.05,1.329,,1.3,24,12,8.0,1,53,11,32,13,14,7,0,41,0,0,-0.481,-2.7,35,6,11,6,6.75,1,9,36,0.314,0.333,0.457,0.79,152,95,0.481,1.58,0.986,,2.7,27,9,9.0,2,57,9,29,18,8,5,0,50,1,1,0.019,-1.3
MIA/MIA201409010,"Monday, September 1, 2014",1:11 p.m. Local,Marlins Park,23090,3:32,Day,Home,Miami Marlins,MIA,New York Mets,NYM,35,6,9,5,5.0,3,9,39,0.257,0.316,0.4,0.716,176,99,0.356,1.32,1.112,,2.0,24,10,8.0,1,59,13,27,15,12,7,0,46,3,2,-0.858,-5.5,31,9,9,8,4.5,7,10,41,0.29,0.436,0.516,0.952,155,100,0.857,1.26,1.721,,5.5,27,11,9.0,1,56,20,26,14,9,4,0,37,3,2,-0.356,-2.0
MIA/MIA201409020,"Tuesday, September 2, 2014",7:10 p.m. Local,Marlins Park,17745,3:10,Night,Away,New York Mets,NYM,Miami Marlins,MIA,38,8,16,7,8.0,3,8,44,0.421,0.452,0.5,0.952,133,104,0.484,1.11,0.893,,4.0,27,10,9.0,1,65,12,27,21,12,8,0,32,0,0,0.014,-2.0,36,6,11,5,6.0,0,7,37,0.306,0.297,0.5,0.797,163,91,-0.014,0.74,0.704,,2.0,27,12,9.0,0,51,12,28,13,17,9,0,30,2,0,-0.486,-4.0
MIA/MIA201409030,"Wednesday, September 3, 2014",7:11 p.m. Local,Marlins Park,17737,3:07,Night,Away,New York Mets,NYM,Miami Marlins,MIA,34,4,9,4,4.0,6,13,41,0.265,0.39,0.441,0.831,147,90,0.257,1.6,1.11,,0.0,27,14,9.0,1,49,13,28,10,11,8,0,60,2,1,0.241,1.0,33,3,9,3,3.0,3,7,36,0.273,0.333,0.424,0.758,151,95,-0.242,1.25,0.983,,-1.0,27,9,9.0,1,53,14,28,15,11,7,0,65,2,2,-0.258,-0.0
CIN/CIN201409050,"Friday, September 5, 2014",7:10 p.m. Local,Great American Ball Park,29089,3:34,Night,Away,New York Mets,NYM,Cincinnati Reds,CIN,46,14,18,14,14.0,7,9,54,0.391,0.481,0.783,1.264,119,128,0.497,0.65,0.971,,10.0,27,8,9.0,2,80,17,31,16,21,13,0,56,0,0,0.005,-1.0,36,5,11,4,5.0,1,3,38,0.306,0.324,0.472,0.797,218,77,-0.005,0.63,0.425,,1.0,27,9,9.0,5,50,7,20,11,23,14,0,24,6,0,-0.495,-10.0
CIN/CIN201409060,"Saturday, September 6, 2014",4:11 p.m. Local,Great American Ball Park,33762,2:47,Day,Home,Cincinnati Reds,CIN,New York Mets,NYM,32,1,7,1,1.0,4,12,36,0.219,0.306,0.313,0.618,122,93,-0.507,0.93,0.537,,-3.0,24,6,8.0,2,52,13,28,7,13,5,0,60,0,0,0.007,1.5,30,2,7,2,2.25,1,7,31,0.233,0.258,0.433,0.691,153,84,-0.008,1.62,0.576,,-1.5,27,6,9.0,0,50,12,22,9,14,7,0,67,0,0,0.507,3.0
CIN/CIN201409070,"Sunday, September 7, 2014",1:11 p.m. Local,Great American Ball Park,31444,3:34,Day,Away,New York Mets,NYM,Cincinnati Reds,CIN,35,4,8,4,0.0,6,7,41,0.229,0.341,0.429,0.77,153,93,0.191,1.97,0.852,,0.0,27,11,9.0,1,52,10,31,6,22,8,0,62,0,0,0.309,1.0,34,3,9,3,3.0,4,12,40,0.265,0.375,0.412,0.787,167,94,-0.307,0.89,1.069,,-1.0,27,6,9.0,2,48,21,25,12,10,7,0,56,2,0,-0.192,-0.0
NYN/NYN201409080,"Monday, September 8, 2014",7:10 p.m. Local,Citi Field,21710,2:53,Night,Home,New York Mets,NYM,Colorado Rockies,COL,34,2,9,2,2.0,2,9,37,0.265,0.306,0.5,0.806,154,95,-0.087,1.4,0.737,,-1.7,25,7,8.1,0,52,19,24,12,14,6,0,64,1,0,-0.415,0.5,30,3,6,3,3.24,2,6,34,0.2,0.265,0.467,0.731,140,95,0.414,1.09,1.187,,-0.5,27,11,9.0,2,56,10,29,9,16,7,0,60,1,0,0.086,1.7
NYN/NYN201409090,"Tuesday, September 9, 2014",7:11 p.m. Local,Citi Field,21035,2:41,Night,Home,New York Mets,NYM,Colorado Rockies,COL,32,0,5,0,0.0,1,11,33,0.156,0.182,0.219,0.401,125,90,-0.516,0.74,0.354,,-3.7,24,7,8.0,0,49,17,24,10,11,4,0,53,0,0,0.018,1.3,30,2,7,2,2.25,1,3,33,0.233,0.281,0.3,0.581,125,85,-0.017,1.49,0.42,,-1.3,27,6,9.0,0,51,7,27,12,16,6,0,85,6,0,0.518,3.7
NYN/NYN201409100,"Wednesday, September 10, 2014",7:12 p.m. Local,Citi Field,21260,2:53,Night,Home,New York Mets,NYM,Colorado Rockies,COL,29,0,4,0,0.0,5,10,34,0.138,0.265,0.207,0.472,113,97,-0.554,0.85,0.474,,-3.7,24,12,8.0,0,60,13,24,9,10,1,0,60,3,1,0.054,1.3,26,2,5,2,2.25,4,7,32,0.192,0.29,0.308,0.598,157,71,-0.055,1.4,0.41,,-1.3,27,9,9.0,0,44,12,15,9,12,6,0,65,4,0,0.554,3.7
NYN/NYN201409110,"Thursday, September 11, 2014",7:11 p.m. Local,Citi Field,21111,3:10,Night,Away,Washington Nationals,WSN,New York Mets,NYM,34,6,8,6,5.0,6,5,43,0.235,0.381,0.441,0.822,121,97,0.313,0.81,0.512,,2.3,27,10,9.0,1,58,11,28,13,17,6,0,51,8,0,0.187,1.7,33,2,9,2,2.0,1,2,35,0.273,0.314,0.394,0.708,159,83,-0.185,0.38,0.452,,-1.7,27,9,9.0,2,51,6,26,10,21,9,0,23,2,0,-0.314,-2.3
NYN/NYN201409120,"Friday, September 12, 2014",7:11 p.m. Local,Citi Field,25792,3:10,Night,Home,New York Mets,NYM,Washington Nationals,WSN,35,3,11,3,3.0,4,9,41,0.314,0.4,0.429,0.829,131,103,-0.313,0.9,1.059,,-0.7,24,8,8.0,0,63,14,26,16,11,8,0,54,0,0,-0.187,-0.7,31,4,7,3,3.38,1,11,33,0.226,0.273,0.323,0.595,162,90,0.187,1.88,0.662,,0.7,27,13,9.0,1,43,17,30,7,13,6,0,40,2,0,0.313,0.7
NYN/NYN201409130,"Saturday, September 13, 2014",7:11 p.m. Local,Citi Field,28849,3:32,Night,Away,Washington Nationals,WSN,New York Mets,NYM,43,10,15,9,9.0,4,9,48,0.349,0.417,0.535,0.952,114,122,0.312,0.59,0.616,,6.3,27,10,9.0,1,72,29,21,21,13,6,0,54,0,0,0.187,0.7,33,3,6,3,2.0,1,6,35,0.182,0.229,0.303,0.532,203,75,-0.187,0.44,0.228,,-0.7,27,11,9.0,2,42,9,24,13,14,4,0,26,5,2,-0.313,-6.3
NYN/NYN201409140,"Sunday, September 14, 2014",1:11 p.m. Local,Citi Field,31553,2:53,Day,Away,Washington Nationals,WSN,New York Mets,NYM,32,3,8,2,2.0,1,7,35,0.25,0.273,0.406,0.679,136,86,-0.002,1.34,0.557,,-0.7,27,5,9.0,0,49,13,26,10,17,7,0,66,0,0,0.502,3.7,35,0,8,0,0.0,1,5,38,0.229,0.289,0.314,0.604,143,97,-0.503,0.94,0.468,,-3.7,27,9,9.0,1,67,9,21,11,19,4,0,64,0,0,0.002,0.7
NYN/NYN201409150,"Monday, September 15, 2014",7:11 p.m. Local,Citi Field,23027,3:10,Night,Away,Miami Marlins,MIA,New York Mets,NYM,36,6,11,6,6.0,1,16,39,0.306,0.316,0.361,0.677,160,99,0.81,1.18,1.515,,2.3,27,8,9.0,0,51,20,28,12,10,5,0,57,4,1,-0.31,-1.3,34,5,7,5,2.0,6,10,40,0.206,0.325,0.265,0.59,142,93,0.31,1.46,0.941,,1.3,27,6,9.0,0,52,10,31,12,12,4,0,65,4,1,-0.81,-2.3
NYN/NYN201409160,"Tuesday, September 16, 2014",7:10 p.m. Local,Citi Field,21602,2:47,Night,Home,New York Mets,NYM,Miami Marlins,MIA,36,1,13,1,1.0,1,8,38,0.361,0.378,0.417,0.795,133,89,-0.106,0.57,0.451,,-2.7,24,8,8.0,2,52,7,30,18,11,7,0,27,2,2,-0.395,-5.7,35,9,12,9,10.12,2,6,38,0.343,0.378,0.629,1.007,131,94,0.395,0.84,0.698,,5.7,27,15,9.0,0,56,10,28,14,16,7,0,58,1,0,0.104,2.7
NYN/NYN201409170,"Wednesday, September 17, 2014",7:11 p.m. Local,Citi Field,23892,3:07,Night,Away,Miami Marlins,MIA,New York Mets,NYM,34,4,11,3,4.0,4,6,40,0.324,0.41,0.353,0.763,150,88,0.174,1.58,0.666,,0.3,27,11,9.0,0,58,14,16,18,11,7,0,50,1,0,0.325,0.7,33,3,8,3,3.0,4,6,37,0.242,0.324,0.242,0.567,142,94,-0.325,0.82,0.681,,-0.7,27,14,9.0,0,50,15,29,13,14,11,0,46,2,1,-0.174,-0.3
ATL/ATL201409190,"Friday, September 19, 2014",7:37 p.m. Local,Turner Field,35693,3:03,Night,Away,New York Mets,NYM,Atlanta Braves,ATL,35,5,10,5,5.0,3,8,38,0.286,0.342,0.429,0.771,139,91,0.014,0.97,0.666,,1.1,27,7,9.0,0,53,14,24,12,16,7,0,67,0,0,0.486,3.9,32,0,5,0,0.0,2,9,34,0.156,0.206,0.188,0.393,144,88,-0.486,0.86,0.166,,-3.9,27,10,9.0,1,53,17,18,10,13,3,0,61,3,2,-0.016,-1.1
ATL/ATL201409200,"Saturday, September 20, 2014",7:12 p.m. Local,Turner Field,33794,2:52,Night,Away,New York Mets,NYM,Atlanta Braves,ATL,34,4,8,4,4.0,5,4,41,0.235,0.341,0.5,0.841,120,95,0.134,1.2,0.482,,0.1,27,11,9.0,0,55,11,29,13,18,6,0,60,5,2,0.365,1.9,35,2,9,2,2.0,1,5,36,0.257,0.278,0.286,0.563,160,84,-0.366,0.59,0.45,,-1.9,27,10,9.0,2,52,12,20,16,14,7,0,48,0,0,-0.136,-0.1
ATL/ATL201409210,"Sunday, September 21, 2014",1:36 p.m. Local,Turner Field,35354,3:06,Day,Away,New York Mets,NYM,Atlanta Braves,ATL,38,10,14,8,9.0,4,6,45,0.368,0.409,0.579,0.988,139,94,0.318,0.85,0.522,,6.1,27,5,9.0,0,57,12,25,11,24,12,0,67,0,0,0.182,1.9,31,2,4,2,1.0,3,13,34,0.129,0.206,0.161,0.367,158,89,-0.183,0.45,0.3,,-1.9,27,8,9.0,1,51,21,17,8,10,3,0,37,2,0,-0.318,-6.1
WAS/WAS201409230,"Tuesday, September 23, 2014",7:06 p.m. Local,Nationals Park,30714,2:57,Night,Home,Washington Nationals,WSN,New York Mets,NYM,33,2,7,2,2.0,2,4,36,0.212,0.25,0.394,0.644,119,97,-0.278,0.93,0.594,,-2.1,24,10,8.0,1,58,12,27,10,20,12,0,47,1,0,-0.221,-0.3,29,4,5,4,4.5,4,6,34,0.172,0.273,0.31,0.583,149,70,0.222,1.26,0.707,,0.3,27,9,9.0,0,38,9,23,14,10,6,0,56,7,1,0.278,2.1
WAS/WAS201409251,"Thursday, September 25, 2014",1:07 p.m. Local,Nationals Park,28629,3:31,Day,Away,New York Mets,NYM,Washington Nationals,WSN,40,7,15,7,7.0,4,7,45,0.375,0.444,0.425,0.869,151,99,0.481,1.43,1.352,,2.9,27,8,9.0,0,58,13,28,19,14,9,0,35,0,0,0.02,0.1,34,4,10,4,4.0,3,10,38,0.294,0.342,0.294,0.636,167,96,-0.019,1.22,0.921,,-0.1,27,12,9.0,0,50,21,25,12,13,4,0,31,3,2,-0.479,-2.9
WAS/WAS201409252,"Thursday, September 25, 2014",7:07 p.m. Local,Nationals Park,26439,3:00,Night,Home,Washington Nationals,WSN,New York Mets,NYM,29,0,3,0,0.0,2,14,31,0.103,0.161,0.103,0.265,149,90,-0.404,0.75,0.173,,-4.1,24,8,8.0,0,49,17,24,7,8,4,0,51,0,0,-0.096,0.7,30,3,6,2,3.38,4,10,36,0.2,0.333,0.233,0.567,133,86,0.097,0.85,0.457,,-0.7,27,6,9.0,0,49,19,18,11,10,4,0,85,0,0,0.404,4.1
NYN/NYN201409260,"Friday, September 26, 2014",7:11 p.m. Local,Citi Field,27729,3:10,Night,Away,Houston Astros,HOU,New York Mets,NYM,32,3,7,2,2.0,2,9,35,0.219,0.286,0.281,0.567,148,87,0.141,1.16,0.694,,-0.7,27,8,9.0,1,55,14,18,7,16,7,0,57,4,0,0.36,2.7,32,1,5,1,1.0,3,10,35,0.156,0.229,0.25,0.479,140,94,-0.357,0.93,0.414,,-2.7,27,9,9.0,0,47,14,33,7,15,10,0,66,0,0,-0.141,0.7
NYN/NYN201409270,"Saturday, September 27, 2014",7:12 p.m. Local,Citi Field,34886,2:59,Night,Home,New York Mets,NYM,Houston Astros,HOU,33,1,7,1,1.0,2,9,35,0.212,0.257,0.303,0.56,121,88,-0.237,1.54,0.491,,-2.7,26,12,8.2,1,53,15,20,10,14,6,0,61,1,0,-0.263,1.7,30,2,5,2,2.08,1,5,31,0.167,0.194,0.367,0.56,135,75,0.263,1.13,1.265,,-1.7,27,9,9.0,0,42,7,26,14,11,3,0,56,1,0,0.237,2.7
NYN/NYN201409280,"Sunday, September 28, 2014",1:11 p.m. Local,Citi Field,34897,2:42,Day,Home,New York Mets,NYM,Houston Astros,HOU,33,3,8,3,3.0,2,6,35,0.242,0.286,0.394,0.68,137,79,-0.134,0.81,0.719,,-0.7,24,9,8.0,2,46,6,27,13,14,5,0,37,1,1,-0.366,-4.7,31,8,10,8,9.0,3,1,36,0.323,0.371,0.645,1.017,119,82,0.367,1.28,0.739,,4.7,27,13,9.0,0,55,11,18,11,21,11,0,46,0,0,0.135,0.7
