,date,time,venue,attendance,duration,time_of_day,winner,winning_name,winning_abbr,losing_name,losing_abbr,away_at_bats,away_runs,away_hits,away_rbi,away_earned_runs,away_bases_on_balls,away_strikeouts,away_plate_appearances,away_batting_average,away_on_base_percentage,away_slugging_percentage,away_on_base_plus,away_pitches,away_strikes,away_win_probability_for_offensive_player,away_average_leverage_index,away_win_probability_added,away_win_probability_subtracted,away_base_out_runs_added,away_putouts,away_assists,away_innings_pitched,away_home_runs,away_strikes_by_contact,away_strikes_swinging,away_strikes_looking,away_grounded_balls,away_fly_balls,away_line_drives,away_unknown_bat_type,away_game_score,away_inherited_runners,away_inherited_score,away_win_probability_by_pitcher,away_base_out_runs_saved,home_at_bats,home_runs,home_hits,home_rbi,home_earned_runs,home_bases_on_balls,home_strikeouts,home_plate_appearances,home_batting_average,home_on_base_percentage,home_slugging_percentage,home_on_base_plus,home_pitches,home_strikes,home_win_probability_for_offensive_player,home_average_leverage_index,home_win_probability_added,home_win_probability_subtracted,home_base_out_runs_added,home_putouts,home_assists,home_innings_pitched,home_home_runs,home_strikes_by_contact,home_strikes_swinging,home_strikes_looking,home_grounded_balls,home_fly_balls,home_line_drives,home_unknown_bat_type,home_game_score,home_inherited_runners,home_inherited_score,home_win_probability_by_pitcher,home_base_out_runs_saved
OAK/OAK201403310,"Monday, March 31, 2014",7:09 p.m. Local,O.co Coliseum,36067,3:15,Night,Away,Cleveland Indians,CLE,Oakland Athletics,OAK,33,2,8,2,2.0,4,12,40,0.242,0.333,0.303,0.636,141,103,-0.106,1.67,0.993,,-2.1,27,8,9.0,0,49,24,30,15,8,2,0,74,1,0,0.608,4.1,31,0,5,0,0.0,4,7,36,0.161,0.257,0.194,0.451,161,88,-0.608,1.63,0.526,,-4.1,27,8,9.0,0,53,15,20,11,14,5,0,66,2,0,0.109,2.1
OAK/OAK201404021,"Wednesday, April 2, 2014",12:38 p.m. Local,O.co Coliseum,15134,3:05,Day,Home,Oakland Athletics,OAK,Cleveland Indians,CLE,32,1,5,1,1.0,0,5,32,0.156,0.156,0.219,0.375,172,89,-0.213,0.52,0.052,,-3.1,24,9,8.0,1,52,9,28,14,13,6,0,23,2,0,-0.29,-2.4,35,6,12,6,6.75,5,6,42,0.343,0.415,0.486,0.9,132,101,0.29,0.36,0.519,,2.4,27,11,9.0,0,61,9,31,13,18,11,0,77,1,0,0.211,3.1
OAK/OAK201404022,"Wednesday, April 2, 2014",6:07 p.m. Local,O.co Coliseum,12198,3:33,Night,Away,Cleveland Indians,CLE,Oakland Athletics,OAK,35,6,9,6,6.0,7,4,44,0.257,0.386,0.371,0.758,160,104,0.676,1.15,1.625,,1.9,27,8,9.0,0,67,15,22,9,23,10,0,38,1,0,-0.176,0.1,33,4,7,4,3.0,6,8,39,0.212,0.333,0.303,0.636,177,96,0.176,1.99,0.959,,-0.1,27,4,9.0,1,62,17,17,11,14,4,0,46,4,0,-0.676,-1.9
OAK/OAK201404030,"Thursday, April 3, 2014",7:07 p.m. Local,O.co Coliseum,11236,4:02,Night,Home,Oakland Athletics,OAK,Seattle Mariners,SEA,42,2,6,2,0.75,3,9,45,0.143,0.2,0.167,0.367,199,105,-0.649,2.1,0.56,,-3.5,33,11,11.0,1,57,19,29,18,15,7,0,59,5,1,0.15,2.0,36,3,6,3,2.45,10,10,46,0.167,0.348,0.361,0.709,164,115,-0.149,1.3,1.541,,-2.0,36,14,12.0,0,62,15,38,8,18,10,0,58,0,0,0.65,3.5
OAK/OAK201404050,"Saturday, April 5, 2014",1:07 p.m. Local,O.co Coliseum,30290,2:22,Day,Away,Seattle Mariners,SEA,Oakland Athletics,OAK,34,3,7,3,3.0,1,9,35,0.206,0.229,0.441,0.67,113,87,0.069,1.04,0.497,,-1.1,27,7,9.0,1,54,14,19,7,18,4,0,74,1,0,0.433,3.1,33,1,6,1,1.0,1,10,34,0.182,0.206,0.364,0.57,132,79,-0.432,0.69,0.294,,-3.1,27,6,9.0,2,45,11,23,9,14,7,0,54,0,0,-0.067,1.1
OAK/OAK201404060,"Sunday, April 6, 2014",1:07 p.m. Local,O.co Coliseum,32852,2:57,Day,Home,Oakland Athletics,OAK,Seattle Mariners,SEA,34,3,8,3,1.0,3,6,37,0.235,0.297,0.294,0.591,143,83,-0.157,0.9,0.583,,-1.1,24,10,8.0,2,45,11,27,13,15,7,0,26,2,1,-0.345,-2.4,30,6,9,6,6.75,4,6,35,0.3,0.371,0.533,0.905,137,85,0.343,1.14,0.812,,2.4,27,7,9.0,0,56,12,17,8,17,5,0,53,0,0,0.155,1.1
MIN/MIN201404070,"Monday, April 7, 2014",3:16 p.m. Local,Target Field,35837,3:05,Day,Away,Oakland Athletics,OAK,Minnesota Twins,MIN,35,8,10,7,8.0,3,7,40,0.286,0.35,0.457,0.807,153,95,0.405,0.87,0.75,,3.7,27,9,9.0,0,58,12,25,8,21,8,0,49,0,0,0.098,1.3,33,3,6,3,3.0,7,9,40,0.182,0.325,0.242,0.567,151,88,-0.096,0.59,0.508,,-1.3,27,7,9.0,1,42,12,34,13,11,4,0,28,1,0,-0.403,-3.7
MIN/MIN201404090,"Wednesday, April 9, 2014",12:11 p.m. Local,Target Field,22973,3:41,Day,Away,Oakland Athletics,OAK,Minnesota Twins,MIN,39,7,7,7,5.73,6,12,45,0.179,0.289,0.333,0.622,179,133,0.479,1.81,1.009,,1.8,33,12,11.0,2,79,22,32,8,19,4,0,70,4,1,0.021,1.2,43,4,13,4,3.27,4,11,48,0.302,0.354,0.442,0.796,198,119,-0.022,0.87,1.163,,-1.2,33,7,11.0,1,64,10,45,15,18,8,0,41,1,0,-0.479,-1.8
MIN/MIN201404100,"Thursday, April 10, 2014",12:11 p.m. Local,Target Field,20650,2:51,Day,Away,Oakland Athletics,OAK,Minnesota Twins,MIN,38,6,13,6,6.0,5,6,43,0.342,0.419,0.526,0.945,135,95,0.325,0.64,0.663,,1.7,27,9,9.0,1,57,13,25,12,20,11,0,70,0,0,0.175,3.3,29,1,3,1,1.0,3,7,32,0.103,0.188,0.207,0.394,162,85,-0.175,0.61,0.238,,-3.3,27,11,9.0,2,47,14,24,10,12,3,0,24,2,1,-0.326,-1.7
SEA/SEA201404110,"Friday, April 11, 2014",7:10 p.m. Local,Safeco Field,38968,3:09,Night,Home,Seattle Mariners,SEA,Oakland Athletics,OAK,34,4,6,3,4.0,2,14,37,0.176,0.243,0.235,0.479,142,90,-0.318,0.64,0.412,,0.0,24,4,8.0,2,39,23,28,8,12,6,0,40,0,0,-0.183,-2.5,37,6,11,4,4.5,0,12,38,0.297,0.316,0.514,0.829,140,95,0.183,1.06,0.553,,2.5,27,3,9.0,0,55,18,22,12,13,6,0,72,8,4,0.317,-0.0
SEA/SEA201404120,"Saturday, April 12, 2014",6:12 p.m. Local,Safeco Field,22061,3:08,Night,Away,Oakland Athletics,OAK,Seattle Mariners,SEA,31,3,6,3,3.0,5,4,37,0.194,0.297,0.323,0.62,127,98,0.034,1.43,0.514,,-1.0,27,11,9.0,0,62,16,20,11,17,4,0,70,0,0,0.466,3.0,34,1,7,1,1.0,2,11,36,0.206,0.25,0.235,0.485,166,80,-0.467,0.8,0.488,,-3.0,27,9,9.0,1,40,12,28,11,12,6,0,45,0,0,-0.034,1.0
SEA/SEA201404130,"Sunday, April 13, 2014",1:11 p.m. Local,Safeco Field,22628,2:44,Day,Away,Oakland Athletics,OAK,Seattle Mariners,SEA,35,3,8,3,3.0,5,5,40,0.229,0.325,0.4,0.725,118,92,-0.03,0.99,0.819,,-1.0,27,7,9.0,0,52,12,28,9,21,4,0,77,0,0,0.532,4.0,31,0,3,0,0.0,0,11,31,0.097,0.097,0.097,0.194,149,88,-0.532,1.27,0.122,,-4.0,27,6,9.0,2,45,24,19,8,12,4,0,63,0,0,0.031,1.0
ANA/ANA201404140,"Monday, April 14, 2014",7:09 p.m. Local,Angel Stadium of Anaheim,37120,2:56,Night,Away,Oakland Athletics,OAK,Los Angeles Angels of Anaheim,LAA,34,3,9,3,3.0,1,4,36,0.265,0.306,0.441,0.747,122,97,0.231,0.91,1.279,,-1.0,27,11,9.0,1,61,5,31,9,21,7,0,72,0,0,0.271,2.0,33,2,5,2,1.0,0,9,33,0.152,0.152,0.273,0.424,146,90,-0.27,1.57,0.35,,-2.0,27,9,9.0,2,49,13,28,14,10,3,0,65,2,0,-0.229,1.0
ANA/ANA201404150,"Tuesday, April 15, 2014",7:08 p.m. Local,Angel Stadium of Anaheim,34887,4:12,Night,Away,Oakland Athletics,OAK,Los Angeles Angels of Anaheim,LAA,46,10,16,9,8.18,6,10,52,0.348,0.423,0.435,0.858,187,114,1.074,1.64,1.912,,5.2,33,11,11.0,2,70,12,32,19,17,6,0,25,1,1,-0.573,-4.2,46,9,12,9,7.36,4,10,50,0.261,0.32,0.457,0.777,191,119,0.572,1.42,1.778,,4.2,33,15,11.0,0,66,22,31,18,18,4,0,44,5,2,-1.072,-5.2
ANA/ANA201404160,"Wednesday, April 16, 2014",7:08 p.m. Local,Angel Stadium of Anaheim,37344,4:19,Night,Home,Los Angeles Angels of Anaheim,LAA,Oakland Athletics,OAK,43,4,8,4,3.0,5,10,49,0.186,0.286,0.326,0.611,188,107,-0.207,1.87,1.05,,-1.3,35,11,11.2,1,56,17,34,17,16,5,0,49,2,2,-0.293,0.2,49,5,12,5,3.09,2,5,52,0.245,0.288,0.347,0.635,179,116,0.293,1.46,1.814,,-0.2,36,13,12.0,1,67,16,33,19,25,9,0,41,0,0,0.207,1.3
OAK/OAK201404180,"Friday, April 18, 2014",7:07 p.m. Local,O.co Coliseum,18234,3:22,Night,Home,Oakland Athletics,OAK,Houston Astros,HOU,37,3,10,3,3.0,4,9,42,0.27,0.333,0.297,0.631,182,92,-0.058,0.29,0.145,,-1.1,24,11,8.0,4,51,14,27,17,12,6,0,13,3,1,-0.442,-7.4,33,11,10,11,12.38,10,3,43,0.303,0.465,0.667,1.132,150,93,0.444,0.3,0.501,,7.4,27,12,9.0,0,55,8,30,14,16,6,0,44,0,0,0.058,1.1
OAK/OAK201404190,"Saturday, April 19, 2014",1:07 p.m. Local,O.co Coliseum,33166,3:07,Day,Home,Oakland Athletics,OAK,Houston Astros,HOU,32,3,7,2,2.0,1,6,34,0.219,0.265,0.438,0.702,159,82,0.047,2.02,0.595,,-1.1,25,6,8.1,1,55,6,21,17,9,5,0,50,2,0,-0.547,-0.8,39,4,14,4,4.32,4,4,43,0.359,0.419,0.513,0.931,119,103,0.549,0.78,1.78,,0.8,27,17,9.0,1,65,7,31,9,26,14,0,65,0,0,-0.047,1.1
OAK/OAK201404200,"Sunday, April 20, 2014",1:07 p.m. Local,O.co Coliseum,16382,2:54,Day,Home,Oakland Athletics,OAK,Houston Astros,HOU,33,1,5,1,1.0,4,9,37,0.152,0.243,0.273,0.516,134,91,-0.392,0.76,0.449,,-3.1,24,8,8.0,1,54,11,26,12,12,2,0,50,0,0,-0.106,-0.4,33,4,10,3,3.38,4,5,37,0.303,0.378,0.515,0.894,149,85,0.103,1.15,0.598,,0.4,27,11,9.0,1,38,17,30,10,18,11,0,63,2,0,0.395,3.1
OAK/OAK201404210,"Monday, April 21, 2014",7:07 p.m. Local,O.co Coliseum,13297,3:25,Night,Away,Texas Rangers,TEX,Oakland Athletics,OAK,36,4,11,4,4.0,3,9,41,0.306,0.375,0.472,0.847,166,91,0.133,1.55,0.955,,-0.1,27,9,9.0,1,48,15,28,10,18,15,0,46,2,0,0.366,1.1,36,3,9,3,3.0,5,8,41,0.25,0.341,0.361,0.703,146,97,-0.367,1.32,0.869,,-1.1,27,11,9.0,1,49,18,30,9,19,13,0,47,1,0,-0.134,0.1
OAK/OAK201404220,"Tuesday, April 22, 2014",7:07 p.m. Local,O.co Coliseum,15744,3:01,Night,Away,Texas Rangers,TEX,Oakland Athletics,OAK,32,5,9,4,5.0,4,1,38,0.281,0.378,0.344,0.722,141,72,0.457,1.19,1.571,,0.9,27,9,9.0,0,44,9,19,16,16,7,0,41,3,0,0.043,0.1,33,4,9,4,2.0,3,3,39,0.273,0.342,0.394,0.736,115,81,-0.042,1.78,0.767,,-0.1,27,16,9.0,0,47,5,29,11,21,6,0,47,0,0,-0.456,-0.9
OAK/OAK201404230,"Wednesday, April 23, 2014",12:37 p.m. Local,O.co Coliseum,18340,2:35,Day,Away,Texas Rangers,TEX,Oakland Athletics,OAK,32,3,7,3,3.0,5,11,38,0.219,0.324,0.375,0.699,109,90,0.036,0.87,0.54,,-1.1,27,15,9.0,0,44,20,26,12,10,5,0,82,,,0.465,4.1,28,0,3,0,0.0,2,3,30,0.107,0.167,0.143,0.31,140,64,-0.466,0.68,0.177,,-4.1,27,12,9.0,1,39,5,20,17,8,4,0,59,0,0,-0.035,1.1
HOU/HOU201404240,"Thursday, April 24, 2014",7:11 p.m. Local,Minute Maid Park,19987,3:29,Night,Away,Oakland Athletics,OAK,Houston Astros,HOU,41,10,14,10,10.0,4,7,48,0.341,0.426,0.659,1.084,145,106,0.43,0.58,0.675,,5.8,27,10,9.0,0,69,12,24,18,16,4,0,63,0,0,0.069,3.2,35,1,10,1,1.0,3,10,39,0.286,0.359,0.343,0.702,177,91,-0.071,0.41,0.305,,-3.2,27,11,9.0,3,53,16,22,14,11,5,0,23,4,1,-0.431,-5.8
HOU/HOU201404250,"Friday, April 25, 2014",7:10 p.m. Local,Minute Maid Park,17708,4:06,Night,Away,Oakland Athletics,OAK,Houston Astros,HOU,40,12,14,10,10.0,9,6,52,0.35,0.481,0.525,1.006,148,130,0.491,1.37,1.415,,7.8,27,10,9.0,0,84,14,32,11,24,7,0,36,0,0,0.01,-0.8,37,5,11,3,4.0,2,10,41,0.297,0.35,0.405,0.755,214,98,-0.01,1.35,0.971,,0.8,27,6,9.0,1,48,24,26,15,13,8,0,38,4,2,-0.49,-7.8
HOU/HOU201404260,"Saturday, April 26, 2014",6:11 p.m. Local,Minute Maid Park,17850,3:13,Night,Home,Houston Astros,HOU,Oakland Athletics,OAK,35,6,11,5,6.0,3,9,39,0.314,0.359,0.457,0.816,126,98,-0.137,0.98,0.859,,1.8,24,11,8.0,2,53,13,32,17,10,8,0,58,3,2,-0.363,-3.3,31,7,8,7,7.88,2,9,33,0.258,0.303,0.484,0.787,155,78,0.364,1.59,0.882,,3.3,27,16,9.0,1,38,20,20,11,11,4,0,53,3,1,0.137,-1.8
HOU/HOU201404270,"Sunday, April 27, 2014",1:12 p.m. Local,Minute Maid Park,18935,2:32,Day,Home,Houston Astros,HOU,Oakland Athletics,OAK,29,1,2,1,1.0,3,7,33,0.069,0.182,0.069,0.251,123,75,-0.465,0.69,0.122,,-3.2,24,9,8.0,1,33,15,27,4,18,4,0,48,1,1,-0.036,-1.3,32,5,7,5,5.62,2,4,34,0.219,0.265,0.406,0.671,117,82,0.036,0.82,0.411,,1.3,27,4,9.0,0,51,11,20,13,15,3,0,80,1,0,0.464,3.2
TEX/TEX201404280,"Monday, April 28, 2014",7:10 p.m. Local,Globe Life Park in Arlington,28548,3:03,Night,Away,Oakland Athletics,OAK,Texas Rangers,TEX,30,4,8,4,4.0,6,6,38,0.267,0.395,0.333,0.728,108,93,0.161,0.69,0.52,,-0.3,27,14,9.0,0,56,6,31,7,18,8,0,88,,,0.339,4.3,28,0,2,0,0.0,1,6,30,0.071,0.133,0.071,0.205,171,73,-0.34,0.62,0.149,,-4.4,27,7,9.0,0,43,6,24,15,7,4,0,34,1,0,-0.162,0.3
TEX/TEX201404290,"Tuesday, April 29, 2014",7:08 p.m. Local,Globe Life Park in Arlington,30221,3:08,Night,Away,Oakland Athletics,OAK,Texas Rangers,TEX,35,9,10,8,9.0,6,6,41,0.286,0.39,0.457,0.847,147,85,0.366,0.61,0.622,,4.7,27,11,9.0,0,50,5,30,9,20,11,0,44,0,0,0.134,1.3,34,3,8,3,3.0,2,9,37,0.235,0.297,0.265,0.562,146,97,-0.134,0.48,0.333,,-1.4,27,8,9.0,0,60,10,27,14,11,5,0,16,3,3,-0.366,-4.7
TEX/TEX201404300,"Wednesday, April 30, 2014",7:06 p.m. Local,Globe Life Park in Arlington,32979,2:57,Night,Away,Oakland Athletics,OAK,Texas Rangers,TEX,46,12,17,10,8.0,3,10,49,0.37,0.408,0.5,0.908,122,123,0.383,0.17,0.562,,7.6,27,7,9.0,0,68,17,38,16,20,9,0,82,0,0,0.116,3.3,31,1,4,1,1.0,1,9,32,0.129,0.156,0.161,0.318,184,87,-0.116,0.38,0.014,,-3.3,27,6,9.0,1,54,8,25,9,13,5,0,7,2,1,-0.384,-7.7
BOS/BOS201405020,"Friday, May 2, 2014",7:12 p.m. Local,Fenway Park,34850,3:37,Night,Home,Boston Red Sox,BOS,Oakland Athletics,OAK,32,1,5,0,1.0,4,8,36,0.156,0.25,0.25,0.5,186,95,-0.289,0.84,0.441,,-3.3,24,5,8.0,1,55,10,30,5,19,10,0,47,7,3,-0.211,-3.1,34,7,11,7,7.88,7,9,41,0.324,0.439,0.529,0.968,155,102,0.212,1.02,0.765,,3.1,27,5,9.0,0,53,19,30,8,17,5,0,65,1,0,0.289,3.3
BOS/BOS201405030,"Saturday, May 3, 2014",1:36 p.m. Local,Fenway Park,37042,2:44,Day,Home,Boston Red Sox,BOS,Oakland Athletics,OAK,30,3,4,1,2.0,3,16,34,0.133,0.235,0.2,0.435,120,85,-0.182,0.36,0.198,,-1.3,24,9,8.0,3,42,14,29,4,10,6,0,27,1,0,-0.321,-2.1,30,6,6,6,6.75,4,9,34,0.2,0.294,0.533,0.827,143,83,0.32,0.58,0.456,,2.1,27,3,9.0,0,46,12,25,9,12,7,0,93,2,1,0.18,1.3
BOS/BOS201405040,"Sunday, May 4, 2014",1:35 p.m. Local,Fenway Park,35649,3:45,Day,Away,Oakland Athletics,OAK,Boston Red Sox,BOS,36,3,8,3,2.7,6,9,42,0.222,0.333,0.306,0.639,147,116,-0.009,1.91,0.994,,-1.8,30,22,10.0,1,66,17,33,9,18,6,0,53,5,0,0.507,2.8,35,2,9,2,1.8,2,4,37,0.257,0.297,0.371,0.669,191,92,-0.506,1.48,1.248,,-2.8,30,12,10.0,0,54,11,29,20,11,5,0,55,3,1,0.009,1.8
OAK/OAK201405050,"Monday, May 5, 2014",7:07 p.m. Local,O.co Coliseum,11019,2:36,Night,Away,Seattle Mariners,SEA,Oakland Athletics,OAK,35,4,9,4,4.0,2,5,38,0.257,0.316,0.371,0.687,116,82,0.18,1.22,0.676,,-0.1,27,13,9.0,1,47,15,20,13,17,9,0,58,6,0,0.319,2.1,29,2,4,2,2.0,3,3,32,0.138,0.219,0.241,0.46,133,78,-0.321,0.8,0.529,,-2.1,27,11,9.0,1,48,5,25,13,13,1,0,41,0,0,-0.18,0.1
OAK/OAK201405060,"Tuesday, May 6, 2014",7:07 p.m. Local,O.co Coliseum,12106,3:19,Night,Away,Seattle Mariners,SEA,Oakland Athletics,OAK,36,8,11,7,8.0,5,9,43,0.306,0.395,0.389,0.784,159,102,0.223,1.4,0.788,,3.9,27,11,9.0,1,56,14,32,15,13,9,0,54,3,0,0.277,1.1,34,3,7,3,3.0,5,9,39,0.206,0.308,0.294,0.602,163,97,-0.278,0.96,0.766,,-1.1,27,10,9.0,0,49,13,35,15,10,5,0,40,2,0,-0.223,-3.9
OAK/OAK201405071,"Wednesday, May 7, 2014",12:36 p.m. Local,O.co Coliseum,,3:24,Day,Away,Seattle Mariners,SEA,Oakland Athletics,OAK,34,6,8,6,5.4,7,6,43,0.235,0.357,0.441,0.798,147,97,0.54,1.7,1.614,,1.4,30,13,10.0,0,53,21,23,12,18,9,0,35,1,0,-0.041,0.6,40,4,12,4,2.7,4,4,46,0.3,0.37,0.4,0.77,170,98,0.04,1.78,1.269,,-0.6,30,12,10.0,2,63,9,26,16,21,13,0,53,5,3,-0.541,-1.4
OAK/OAK201405072,"Wednesday, May 7, 2014",4:34 p.m. Local,O.co Coliseum,17337,2:21,Day,Home,Oakland Athletics,OAK,Seattle Mariners,SEA,30,0,3,0,0.0,0,5,31,0.1,0.129,0.1,0.229,125,79,-0.528,0.55,0.184,,-4.1,24,5,8.0,1,50,10,19,14,11,3,0,55,0,0,0.027,1.6,30,2,7,2,2.25,1,6,31,0.233,0.258,0.333,0.591,114,80,-0.027,1.03,0.315,,-1.6,27,12,9.0,0,52,6,22,8,16,6,0,68,0,0,0.528,4.1
OAK/OAK201405090,"Friday, May 9, 2014",7:08 p.m. Local,O.co Coliseum,20159,2:42,Night,Home,Oakland Athletics,OAK,Washington Nationals,WSN,30,0,3,0,0.0,3,8,33,0.1,0.182,0.133,0.315,152,83,-0.247,0.34,0.042,,-4.1,24,8,8.0,3,52,8,23,8,14,4,0,23,2,0,-0.254,-4.4,36,8,12,7,6.75,3,4,40,0.333,0.4,0.583,0.983,126,92,0.255,0.38,0.43,,4.4,27,6,9.0,0,56,7,29,11,21,11,0,82,0,0,0.246,4.1
OAK/OAK201405100,"Saturday, May 10, 2014",6:08 p.m. Local,O.co Coliseum,36067,2:32,Night,Home,Oakland Athletics,OAK,Washington Nationals,WSN,35,3,6,3,2.7,2,7,38,0.171,0.237,0.286,0.523,121,74,-0.111,1.48,0.433,,-1.6,29,2,9.2,1,42,12,20,16,12,5,0,76,1,0,-0.389,0.2,37,4,7,4,3.72,0,5,37,0.189,0.189,0.324,0.514,120,81,0.387,0.74,1.312,,-0.2,30,15,10.0,1,45,8,28,7,25,11,0,54,0,0,0.111,1.6
OAK/OAK201405110,"Sunday, May 11, 2014",1:08 p.m. Local,O.co Coliseum,28205,2:40,Day,Home,Oakland Athletics,OAK,Washington Nationals,WSN,33,1,7,1,1.0,0,5,33,0.212,0.212,0.212,0.424,150,81,-0.116,0.24,0.064,,-3.1,24,6,8.0,2,45,12,24,12,16,6,0,18,2,0,-0.385,-5.4,37,9,13,9,10.12,4,6,41,0.351,0.415,0.595,1.009,123,90,0.384,0.27,0.477,,5.4,27,12,9.0,0,60,6,24,10,21,13,0,73,0,0,0.116,3.1
OAK/OAK201405120,"Monday, May 12, 2014",7:07 p.m. Local,O.co Coliseum,10120,2:57,Night,Home,Oakland Athletics,OAK,Chicago White Sox,CHW,33,4,7,4,4.0,3,9,37,0.212,0.27,0.455,0.725,167,81,-0.311,0.74,0.602,,-0.1,24,10,8.0,1,41,15,25,8,17,7,0,51,2,0,-0.189,-1.4,30,5,8,5,5.62,7,8,37,0.267,0.405,0.467,0.872,113,97,0.19,1.3,0.678,,1.4,27,6,9.0,2,59,11,27,11,11,6,0,69,3,2,0.311,0.1
OAK/OAK201405130,"Tuesday, May 13, 2014",7:07 p.m. Local,O.co Coliseum,13826,2:50,Night,Home,Oakland Athletics,OAK,Chicago White Sox,CHW,29,0,4,0,0.0,2,11,31,0.138,0.194,0.138,0.331,158,77,-0.281,0.4,0.165,,-4.1,24,8,8.0,3,42,12,23,12,6,5,0,22,0,0,-0.219,-7.4,40,11,17,10,12.38,3,3,43,0.425,0.465,0.775,1.24,121,96,0.221,0.71,0.516,,7.4,27,13,9.0,0,62,6,28,14,23,11,0,67,0,0,0.281,4.1
OAK/OAK201405140,"Wednesday, May 14, 2014",12:37 p.m. Local,O.co Coliseum,18035,2:57,Day,Away,Chicago White Sox,CHW,Oakland Athletics,OAK,35,4,9,4,4.0,0,7,36,0.257,0.278,0.486,0.763,145,102,0.264,1.03,0.888,,-0.1,27,12,9.0,2,59,18,25,8,20,10,0,63,0,0,0.235,2.1,29,2,3,2,2.0,3,5,32,0.103,0.188,0.31,0.498,142,85,-0.235,1.02,0.544,,-2.1,27,12,9.0,2,45,20,20,12,12,4,0,62,2,2,-0.266,0.1
CLE/CLE201405160,"Friday, May 16, 2014",7:06 p.m. Local,Progressive Field,21389,3:07,Night,Away,Oakland Athletics,OAK,Cleveland Indians,CLE,38,11,13,11,11.0,5,10,43,0.342,0.419,0.711,1.129,143,104,0.521,0.16,0.601,,6.7,27,6,9.0,1,57,13,34,15,13,7,0,70,0,0,-0.019,3.3,30,1,3,1,1.0,4,12,34,0.1,0.206,0.2,0.406,173,87,0.02,0.32,0.127,,-3.3,27,11,9.0,4,41,16,30,10,8,4,0,12,1,0,-0.52,-6.7
CLE/CLE201405170,"Saturday, May 17, 2014",7:05 p.m. Local,Progressive Field,18358,3:00,Night,Away,Oakland Athletics,OAK,Cleveland Indians,CLE,36,6,8,6,3.0,2,2,38,0.222,0.263,0.444,0.708,122,90,0.319,1.13,0.744,,1.7,27,13,9.0,0,63,7,20,15,19,6,0,46,2,0,0.181,2.3,30,2,7,1,2.0,3,7,34,0.233,0.294,0.267,0.561,137,84,-0.182,0.67,0.51,,-2.3,27,11,9.0,1,43,14,27,13,11,6,0,51,2,2,-0.319,-1.7
CLE/CLE201405180,"Sunday, May 18, 2014",1:04 p.m. Local,Progressive Field,14872,3:21,Day,Away,Oakland Athletics,OAK,Cleveland Indians,CLE,38,13,12,13,11.0,9,6,47,0.316,0.447,0.553,0.999,177,93,0.396,0.62,0.887,,8.7,27,11,9.0,2,57,13,23,13,19,8,0,50,3,0,0.105,1.3,34,3,8,3,3.0,7,7,42,0.235,0.381,0.441,0.822,163,103,-0.105,0.63,0.39,,-1.3,27,10,9.0,0,54,16,33,14,13,4,0,17,4,1,-0.395,-8.7
TBA/TBA201405200,"Tuesday, May 20, 2014",7:11 p.m. Local,Tropicana Field,11369,3:31,Night,Away,Oakland Athletics,OAK,Tampa Bay Rays,TBR,35,3,8,3,3.0,6,14,41,0.229,0.341,0.314,0.656,150,118,0.093,1.09,0.559,,-1.0,27,12,9.0,0,67,24,27,7,14,3,0,62,0,0,0.405,4.0,28,0,4,0,0.0,5,5,33,0.143,0.273,0.143,0.416,183,86,-0.406,0.67,0.408,,-4.0,27,2,9.0,0,46,10,30,12,11,3,0,47,4,0,-0.096,1.0
TBA/TBA201405210,"Wednesday, May 21, 2014",7:10 p.m. Local,Tropicana Field,10555,3:53,Night,Away,Oakland Athletics,OAK,Tampa Bay Rays,TBR,29,3,1,2,1.0,7,11,36,0.034,0.222,0.138,0.36,154,96,-0.011,1.98,0.539,,-1.0,27,6,9.0,0,48,15,33,9,9,1,0,53,4,1,0.513,2.0,35,2,9,2,2.0,2,6,37,0.257,0.297,0.286,0.583,172,96,-0.51,0.91,0.972,,-2.0,27,6,9.0,1,65,6,25,7,22,8,0,61,1,0,0.013,1.0
TBA/TBA201405220,"Thursday, May 22, 2014",4:10 p.m. Local,Tropicana Field,11257,3:45,Day,Home,Tampa Bay Rays,TBR,Oakland Athletics,OAK,37,2,6,2,1.64,4,11,42,0.162,0.238,0.243,0.481,143,112,-0.126,1.89,1.199,,-2.9,32,15,10.2,1,57,22,33,12,15,5,0,69,3,2,-0.374,-0.1,41,5,10,5,4.22,2,5,43,0.244,0.279,0.317,0.596,168,91,0.375,2.04,1.534,,0.1,33,10,11.0,0,55,11,26,22,14,7,0,72,0,0,0.126,2.9
TOR/TOR201405230,"Friday, May 23, 2014",7:07 p.m. Local,Rogers Centre,21007,2:37,Night,Home,Toronto Blue Jays,TOR,Oakland Athletics,OAK,33,2,8,2,2.0,4,5,38,0.242,0.342,0.364,0.706,108,89,-0.453,0.56,0.788,,-2.2,24,10,8.0,1,46,17,26,11,17,6,0,56,0,0,-0.046,0.7,29,3,6,3,3.38,1,2,30,0.207,0.233,0.345,0.578,137,69,0.046,1.75,0.357,,-0.7,27,12,9.0,1,51,3,15,13,14,3,0,59,2,1,0.455,2.2
TOR/TOR201405240,"Saturday, May 24, 2014",1:09 p.m. Local,Rogers Centre,29372,2:35,Day,Home,Toronto Blue Jays,TOR,Oakland Athletics,OAK,32,2,6,2,2.0,1,5,34,0.188,0.206,0.344,0.55,135,80,-0.267,0.79,0.246,,-2.2,24,10,8.0,1,46,10,24,15,13,5,0,43,2,0,-0.232,-1.3,32,5,9,3,3.38,3,5,35,0.281,0.343,0.438,0.78,127,91,0.233,0.71,0.684,,1.3,27,12,9.0,1,53,7,31,13,14,6,0,68,5,1,0.268,2.2
TOR/TOR201405250,"Sunday, May 25, 2014",1:07 p.m. Local,Rogers Centre,45277,3:08,Day,Home,Toronto Blue Jays,TOR,Oakland Athletics,OAK,32,1,5,1,1.0,3,7,35,0.156,0.229,0.281,0.51,142,101,-0.479,0.86,0.332,,-3.2,24,11,8.0,1,59,12,30,7,18,1,0,43,3,1,-0.021,0.7,31,3,10,3,3.38,4,5,36,0.323,0.389,0.419,0.808,148,93,0.02,1.13,0.551,,-0.7,27,5,9.0,1,61,8,24,14,13,4,0,73,0,0,0.479,3.2
OAK/OAK201405260,"Monday, May 26, 2014",1:08 p.m. Local,O.co Coliseum,35067,2:53,Day,Home,Oakland Athletics,OAK,Detroit Tigers,DET,33,0,5,0,0.0,2,7,35,0.152,0.2,0.212,0.412,157,77,-0.212,0.37,0.121,,-4.1,24,4,8.0,5,44,8,25,11,15,5,0,28,0,0,-0.289,-6.4,36,10,11,10,9.0,3,6,41,0.306,0.35,0.722,1.072,122,103,0.288,0.44,0.546,,6.4,27,8,9.0,0,66,11,25,11,20,6,0,70,1,0,0.212,4.1
OAK/OAK201405270,"Tuesday, May 27, 2014",7:08 p.m. Local,O.co Coliseum,21549,3:19,Night,Away,Detroit Tigers,DET,Oakland Athletics,OAK,35,6,9,6,5.0,3,8,38,0.257,0.316,0.514,0.83,145,97,0.444,1.48,1.138,,1.9,27,5,9.0,1,57,19,21,14,13,5,0,38,1,0,0.058,-0.9,34,5,8,4,5.0,3,5,38,0.235,0.316,0.412,0.728,151,94,-0.056,1.23,1.038,,0.9,27,12,9.0,2,60,13,21,7,22,9,0,44,2,1,-0.442,-1.9
OAK/OAK201405280,"Wednesday, May 28, 2014",7:07 p.m. Local,O.co Coliseum,15590,2:26,Night,Home,Oakland Athletics,OAK,Detroit Tigers,DET,30,1,6,1,1.0,0,8,30,0.2,0.2,0.333,0.533,117,76,-0.292,1.61,0.277,,-3.1,25,5,8.1,1,43,16,17,9,13,9,0,81,1,1,-0.209,0.9,29,3,5,3,3.24,1,9,30,0.172,0.2,0.345,0.545,103,80,0.208,0.78,1.019,,-0.9,27,9,9.0,1,49,9,22,5,15,5,0,79,,,0.291,3.1
OAK/OAK201405290,"Thursday, May 29, 2014",12:37 p.m. Local,O.co Coliseum,21860,3:28,Day,Away,Detroit Tigers,DET,Oakland Athletics,OAK,36,5,11,5,5.0,2,5,39,0.306,0.333,0.389,0.722,178,97,0.298,1.74,0.836,,0.9,27,7,9.0,1,57,14,26,17,15,8,0,49,3,0,0.203,0.1,35,4,9,4,4.0,9,8,45,0.257,0.422,0.4,0.822,142,109,-0.201,0.99,1.206,,-0.1,27,11,9.0,0,64,16,29,13,14,6,0,45,0,0,-0.298,-0.9
OAK/OAK201405300,"Friday, May 30, 2014",7:07 p.m. Local,O.co Coliseum,23384,3:04,Night,Home,Oakland Athletics,OAK,Los Angeles Angels of Anaheim,LAA,34,5,7,5,5.0,4,10,38,0.206,0.289,0.441,0.731,146,97,-0.097,0.32,0.252,,0.9,24,4,8.0,3,46,13,38,11,13,5,0,21,3,0,-0.401,-5.4,35,9,11,9,10.12,6,7,42,0.314,0.429,0.571,1.0,156,80,0.4,0.47,0.514,,5.4,27,8,9.0,2,48,12,20,10,18,5,0,42,4,2,0.099,-0.9
OAK/OAK201405310,"Saturday, May 31, 2014",7:10 p.m. Local,O.co Coliseum,35067,3:13,Night,Home,Oakland Athletics,OAK,Los Angeles Angels of Anaheim,LAA,36,3,11,3,3.0,1,4,37,0.306,0.324,0.417,0.741,157,72,0.038,1.22,0.67,,-1.1,24,8,8.0,2,43,8,21,11,21,15,0,48,5,4,-0.539,-7.4,30,11,9,11,12.38,9,9,41,0.3,0.45,0.633,1.083,110,89,0.539,0.99,1.061,,7.4,27,10,9.0,1,52,11,28,9,14,11,0,44,0,0,-0.039,1.1
OAK/OAK201406010,"Sunday, June 1, 2014",1:07 p.m. Local,O.co Coliseum,32231,2:58,Day,Home,Oakland Athletics,OAK,Los Angeles Angels of Anaheim,LAA,30,3,7,3,3.0,4,11,37,0.233,0.306,0.3,0.606,123,101,-0.201,0.57,0.333,,-1.1,24,11,8.0,1,55,13,33,9,13,7,0,29,0,0,-0.298,-2.4,35,6,13,5,5.62,2,4,37,0.371,0.405,0.486,0.891,155,72,0.297,0.82,0.577,,2.4,27,9,9.0,0,40,7,25,13,18,8,0,50,1,0,0.203,1.1
NYA/NYA201406030,"Tuesday, June 3, 2014",8:17 p.m. Local,Yankee Stadium III,41677,3:33,Night,Away,Oakland Athletics,OAK,New York Yankees,NYY,35,5,7,5,4.5,4,4,39,0.2,0.282,0.429,0.711,161,99,0.196,1.25,1.035,,0.4,30,9,10.0,1,53,9,37,13,18,8,0,61,3,0,0.306,2.6,37,2,7,2,1.8,3,13,40,0.189,0.25,0.27,0.52,171,103,-0.306,1.09,0.659,,-2.6,30,13,10.0,2,55,15,33,12,12,7,0,67,1,0,-0.194,-0.4
NYA/NYA201406040,"Wednesday, June 4, 2014",7:11 p.m. Local,Yankee Stadium III,37734,3:22,Night,Away,Oakland Athletics,OAK,New York Yankees,NYY,36,7,12,7,6.0,4,8,44,0.333,0.386,0.611,0.997,149,112,0.341,1.31,1.04,,2.8,27,9,9.0,1,64,15,33,16,15,6,0,45,2,0,0.16,0.2,37,4,9,4,4.0,2,7,39,0.243,0.282,0.324,0.606,174,102,-0.159,1.25,0.712,,-0.2,27,8,9.0,3,58,7,37,14,16,9,0,48,2,1,-0.34,-2.8
NYA/NYA201406050,"Thursday, June 5, 2014",1:12 p.m. Local,Yankee Stadium III,44346,2:57,Day,Home,New York Yankees,NYY,Oakland Athletics,OAK,35,1,8,1,1.0,1,9,36,0.229,0.25,0.314,0.564,117,103,-0.606,0.81,0.67,,-3.2,24,12,8.0,1,61,20,22,9,17,6,0,65,0,0,0.104,1.7,30,2,7,2,1.12,1,7,31,0.233,0.258,0.4,0.658,157,79,-0.104,1.89,0.452,,-1.7,27,8,9.0,1,47,12,20,12,11,6,0,61,0,0,0.605,3.2
BAL/BAL201406060,"Friday, June 6, 2014",7:08 p.m. Local,Oriole Park at Camden Yards,28076,3:36,Night,Away,Oakland Athletics,OAK,Baltimore Orioles,BAL,42,4,10,4,2.45,2,11,45,0.238,0.289,0.452,0.741,149,107,-0.023,1.67,1.399,,-1.3,33,12,11.0,2,61,20,26,14,17,5,0,47,0,0,0.522,2.3,41,3,13,3,2.45,1,9,43,0.317,0.333,0.488,0.821,171,101,-0.523,1.8,0.739,,-2.3,33,10,11.0,2,62,23,18,17,16,10,0,59,1,0,0.023,1.3
BAL/BAL201406070,"Saturday, June 7, 2014",7:18 p.m. Local,Oriole Park at Camden Yards,44202,2:51,Night,Home,Baltimore Orioles,BAL,Oakland Athletics,OAK,33,3,7,3,3.0,2,9,35,0.212,0.257,0.333,0.59,148,96,-0.24,0.56,0.477,,-1.3,24,8,8.0,2,55,18,23,11,13,6,0,43,1,1,-0.259,-2.2,31,6,7,6,6.75,5,11,36,0.226,0.333,0.484,0.817,141,86,0.258,0.91,0.588,,2.2,27,9,9.0,1,39,18,29,12,8,3,0,70,2,2,0.241,1.3
BAL/BAL201406080,"Sunday, June 8, 2014",1:38 p.m. Local,Oriole Park at Camden Yards,38244,3:27,Day,Away,Oakland Athletics,OAK,Baltimore Orioles,BAL,35,11,10,11,11.0,11,5,46,0.286,0.457,0.429,0.885,140,101,0.366,0.34,0.565,,6.7,27,12,9.0,0,58,8,35,16,14,4,0,74,0,0,0.133,3.3,32,1,6,1,1.0,4,7,36,0.188,0.278,0.219,0.497,188,85,-0.132,0.4,0.11,,-3.3,27,15,9.0,1,45,16,24,11,14,6,0,26,3,3,-0.367,-6.7
ANA/ANA201406090,"Monday, June 9, 2014",7:07 p.m. Local,Angel Stadium of Anaheim,36838,2:55,Night,Home,Los Angeles Angels of Anaheim,LAA,Oakland Athletics,OAK,31,1,4,1,1.0,0,9,32,0.129,0.156,0.161,0.318,130,87,-0.359,0.88,0.21,,-3.0,24,5,8.0,0,45,13,29,11,11,7,0,50,4,0,-0.14,-0.5,33,4,11,4,2.25,2,7,38,0.333,0.395,0.394,0.789,136,87,0.139,0.83,0.695,,0.5,27,8,9.0,0,56,15,16,10,17,12,0,69,0,0,0.36,3.0
ANA/ANA201406100,"Tuesday, June 10, 2014",7:07 p.m. Local,Angel Stadium of Anaheim,31942,4:39,Night,Home,Los Angeles Angels of Anaheim,LAA,Oakland Athletics,OAK,47,1,8,1,0.64,3,14,52,0.17,0.216,0.191,0.407,196,135,-1.013,1.79,0.715,,-5.2,41,24,13.2,1,72,22,41,17,18,4,0,66,1,0,0.513,4.1,45,2,9,2,0.66,7,5,53,0.2,0.308,0.311,0.619,209,118,-0.513,1.76,1.314,,-4.1,42,13,14.0,0,74,9,35,23,18,6,0,73,0,0,1.012,5.2
ANA/ANA201406110,"Wednesday, June 11, 2014",7:08 p.m. Local,Angel Stadium of Anaheim,36793,3:19,Night,Away,Oakland Athletics,OAK,Los Angeles Angels of Anaheim,LAA,36,7,10,6,6.0,3,8,40,0.278,0.325,0.417,0.742,131,101,0.236,0.98,0.707,,3.0,27,10,9.0,0,63,13,25,9,20,6,0,60,2,0,0.263,3.0,35,1,10,1,1.0,2,6,37,0.286,0.324,0.4,0.724,166,89,-0.264,0.75,0.48,,-3.0,27,4,9.0,1,53,8,28,15,14,10,0,43,2,0,-0.237,-3.0
OAK/OAK201406130,"Friday, June 13, 2014",7:08 p.m. Local,O.co Coliseum,36067,3:05,Night,Away,New York Yankees,NYY,Oakland Athletics,OAK,36,7,12,6,7.0,3,9,42,0.333,0.405,0.333,0.738,135,104,0.166,0.73,0.48,,2.9,27,9,9.0,0,66,8,30,14,14,10,0,71,1,0,0.334,4.1,28,0,2,0,0.0,3,7,31,0.071,0.161,0.107,0.268,172,78,-0.334,0.54,0.165,,-4.1,27,10,9.0,0,46,9,23,8,13,5,0,52,0,0,-0.166,-2.9
OAK/OAK201406140,"Saturday, June 14, 2014",7:07 p.m. Local,O.co Coliseum,36067,2:45,Night,Home,Oakland Athletics,OAK,New York Yankees,NYY,30,1,3,0,0.0,3,3,33,0.1,0.182,0.133,0.315,143,89,-0.271,0.63,0.332,,-3.1,24,8,8.0,0,54,9,26,14,13,4,0,38,1,0,-0.227,-1.4,32,5,8,4,5.62,4,5,36,0.25,0.333,0.281,0.615,132,88,0.228,0.89,0.495,,1.4,27,12,9.0,0,58,7,23,14,13,8,0,63,0,0,0.272,3.1
OAK/OAK201406150,"Sunday, June 15, 2014",1:07 p.m. Local,O.co Coliseum,36067,3:06,Day,Home,Oakland Athletics,OAK,New York Yankees,NYY,34,5,9,5,5.0,5,7,40,0.265,0.35,0.5,0.85,163,99,-0.12,0.25,0.062,,0.9,24,8,8.0,2,51,13,35,11,17,8,0,12,2,2,-0.38,-6.4,36,10,12,10,11.25,3,8,40,0.333,0.4,0.528,0.928,156,99,0.379,0.21,0.474,,6.4,27,11,9.0,2,61,15,23,14,14,9,0,62,2,0,0.12,-0.9
OAK/OAK201406160,"Monday, June 16, 2014",7:08 p.m. Local,O.co Coliseum,12412,3:41,Night,Away,Texas Rangers,TEX,Oakland Athletics,OAK,42,14,16,14,13.0,2,5,47,0.381,0.4,0.738,1.138,182,113,0.565,0.69,0.817,,9.9,27,6,9.0,2,74,8,31,16,24,12,0,27,4,1,-0.066,-3.9,40,8,15,8,8.0,6,6,47,0.375,0.447,0.625,1.072,161,106,0.065,0.54,0.533,,3.9,27,12,9.0,4,59,8,39,13,22,7,0,17,3,3,-0.566,-9.9
OAK/OAK201406170,"Tuesday, June 17, 2014",7:08 p.m. Local,O.co Coliseum,21288,3:28,Night,Home,Oakland Athletics,OAK,Texas Rangers,TEX,35,6,8,6,5.0,1,7,37,0.229,0.243,0.4,0.643,158,86,-0.043,0.74,0.525,,1.9,24,8,8.0,1,48,9,29,15,14,4,0,32,5,2,-0.458,-6.4,34,10,13,9,6.75,6,11,41,0.382,0.463,0.529,0.993,132,93,0.456,0.89,0.844,,6.4,27,8,9.0,1,48,15,30,10,14,9,0,49,3,0,0.043,-1.9
OAK/OAK201406180,"Wednesday, June 18, 2014",12:37 p.m. Local,O.co Coliseum,23175,2:50,Day,Home,Oakland Athletics,OAK,Texas Rangers,TEX,33,2,6,2,2.0,2,9,35,0.182,0.229,0.212,0.441,141,80,-0.259,0.81,0.428,,-2.1,24,7,8.0,0,47,11,22,12,12,6,0,32,0,0,-0.241,-0.4,32,4,11,4,4.5,3,2,36,0.344,0.389,0.438,0.826,118,85,0.242,1.09,0.656,,0.4,27,9,9.0,0,62,4,19,11,20,11,0,62,0,0,0.259,2.1
OAK/OAK201406190,"Thursday, June 19, 2014",7:07 p.m. Local,O.co Coliseum,24371,2:39,Night,Home,Oakland Athletics,OAK,Boston Red Sox,BOS,32,2,5,2,2.0,0,10,32,0.156,0.156,0.313,0.469,143,89,-0.346,0.81,0.326,,-2.1,24,14,8.0,1,48,12,29,10,12,6,0,50,1,1,-0.154,-0.4,29,4,8,4,3.38,4,5,33,0.276,0.364,0.414,0.777,134,84,0.154,0.95,0.55,,0.4,27,9,9.0,1,48,9,27,14,10,5,0,69,0,0,0.346,2.1
OAK/OAK201406200,"Friday, June 20, 2014",7:07 p.m. Local,O.co Coliseum,28602,3:21,Night,Home,Oakland Athletics,OAK,Boston Red Sox,BOS,31,3,6,3,2.0,5,12,38,0.194,0.342,0.194,0.536,151,100,-0.375,1.49,0.726,,-1.1,24,3,8.0,1,54,16,30,11,8,5,0,48,5,0,-0.124,-0.4,31,4,6,4,4.5,4,8,38,0.194,0.342,0.29,0.632,158,90,0.126,1.55,0.972,,0.4,27,11,9.0,0,44,17,29,6,17,12,0,44,0,0,0.375,1.1
OAK/OAK201406210,"Saturday, June 21, 2014",1:07 p.m. Local,O.co Coliseum,32873,3:04,Day,Home,Oakland Athletics,OAK,Boston Red Sox,BOS,35,1,7,0,0.9,4,5,39,0.2,0.282,0.2,0.482,146,94,-0.543,1.11,0.814,,-3.6,28,9,9.1,0,56,4,34,12,18,8,0,71,2,1,0.042,2.1,32,2,6,2,1.93,3,8,37,0.188,0.25,0.25,0.5,146,82,-0.042,1.81,0.625,,-2.1,30,9,10.0,0,48,9,25,8,18,12,0,71,0,0,0.542,3.6
OAK/OAK201406220,"Sunday, June 22, 2014",1:07 p.m. Local,O.co Coliseum,36067,3:22,Day,Away,Boston Red Sox,BOS,Oakland Athletics,OAK,42,7,13,6,6.3,1,6,43,0.31,0.326,0.571,0.897,147,101,0.588,1.02,0.944,,2.4,30,10,10.0,2,55,17,29,13,23,11,0,63,4,2,-0.088,-1.4,38,6,9,6,4.5,2,5,41,0.237,0.293,0.421,0.714,166,91,0.088,0.65,0.973,,1.4,30,11,10.0,3,52,10,29,15,18,7,0,33,0,0,-0.588,-2.4
NYN/NYN201406240,"Tuesday, June 24, 2014",7:11 p.m. Local,Citi Field,25751,2:24,Night,Home,New York Mets,NYM,Oakland Athletics,OAK,31,1,4,1,1.0,1,9,32,0.129,0.156,0.161,0.318,125,81,-0.046,0.42,0.173,,-2.7,24,13,8.0,4,47,8,26,10,12,3,0,18,0,0,-0.454,-6.7,34,10,12,10,11.25,1,8,37,0.353,0.389,0.765,1.154,123,82,0.455,0.34,0.63,,6.7,27,6,9.0,0,47,13,22,12,15,7,0,77,0,0,0.045,2.7
NYN/NYN201406250,"Wednesday, June 25, 2014",7:11 p.m. Local,Citi Field,23367,2:55,Night,Away,Oakland Athletics,OAK,New York Mets,NYM,36,8,11,7,8.0,4,10,40,0.306,0.375,0.5,0.875,138,88,0.394,0.33,0.535,,4.3,27,7,9.0,2,47,9,32,11,15,7,0,47,0,0,0.107,-1.3,36,5,11,5,5.0,0,8,37,0.306,0.324,0.5,0.824,133,90,-0.106,0.33,0.128,,1.3,27,11,9.0,2,49,16,25,9,19,6,0,22,0,0,-0.394,-4.3
MIA/MIA201406270,"Friday, June 27, 2014",7:10 p.m. Local,Marlins Park,18666,3:14,Night,Away,Oakland Athletics,OAK,Miami Marlins,MIA,42,9,16,9,9.0,2,6,45,0.381,0.4,0.476,0.876,159,95,0.753,1.2,1.301,,5.0,27,11,9.0,0,55,11,29,18,19,12,0,41,2,2,-0.251,-1.0,35,5,10,5,5.0,4,8,40,0.286,0.375,0.343,0.718,149,108,0.251,1.12,0.925,,1.0,27,10,9.0,0,60,16,32,12,15,9,0,43,2,0,-0.753,-5.0
MIA/MIA201406280,"Saturday, June 28, 2014",4:10 p.m. Local,Marlins Park,19358,4:47,Day,Away,Oakland Athletics,OAK,Miami Marlins,MIA,54,7,15,6,4.5,6,9,61,0.278,0.361,0.333,0.694,209,136,0.164,2.38,1.798,,0.8,42,14,14.0,0,81,17,38,23,22,10,0,34,3,0,0.338,0.2,54,6,14,6,3.86,5,15,62,0.259,0.344,0.296,0.641,223,135,-0.339,1.63,2.062,,-0.2,42,19,14.0,0,68,22,45,19,21,10,0,41,0,0,-0.161,-0.8
MIA/MIA201406290,"Sunday, June 29, 2014",1:10 p.m. Local,Marlins Park,21917,2:48,Day,Away,Oakland Athletics,OAK,Miami Marlins,MIA,33,4,8,4,4.0,0,6,33,0.242,0.242,0.333,0.576,127,76,0.157,1.64,0.705,,0.0,27,17,9.0,1,43,8,25,17,10,3,0,60,1,0,0.343,1.0,30,3,6,2,2.0,2,6,34,0.2,0.242,0.367,0.609,116,85,-0.343,0.92,0.792,,-1.0,27,14,9.0,1,53,13,19,18,8,2,0,44,0,0,-0.158,-0.0
DET/DET201406300,"Monday, June 30, 2014",7:12 p.m. Local,Comerica Park,42477,3:23,Night,Home,Detroit Tigers,DET,Oakland Athletics,OAK,37,4,10,4,3.0,1,3,39,0.27,0.308,0.324,0.632,149,93,0.177,1.28,0.955,,-0.2,25,8,8.1,2,60,12,21,10,24,12,0,60,1,0,-0.676,-1.0,31,5,7,5,5.4,6,9,37,0.226,0.351,0.452,0.803,146,97,0.677,1.31,1.49,,1.0,27,7,9.0,0,58,19,20,10,12,10,0,53,3,1,-0.177,0.2
DET/DET201407010,"Tuesday, July 1, 2014",7:09 p.m. Local,Comerica Park,32455,2:13,Night,Home,Detroit Tigers,DET,Oakland Athletics,OAK,31,0,4,0,0.0,0,0,31,0.129,0.129,0.161,0.29,116,68,-0.467,0.77,0.102,,-4.2,24,13,8.0,1,43,2,23,18,13,2,0,51,1,0,-0.033,0.7,28,3,6,3,3.38,3,6,31,0.214,0.29,0.357,0.647,95,67,0.033,0.8,0.422,,-0.7,27,16,9.0,0,38,7,22,13,9,4,0,79,,,0.467,4.2
DET/DET201407020,"Wednesday, July 2, 2014",1:09 p.m. Local,Comerica Park,35445,3:02,Day,Home,Detroit Tigers,DET,Oakland Athletics,OAK,37,3,11,3,3.0,0,7,38,0.297,0.316,0.486,0.802,152,91,-0.144,0.89,0.59,,-1.2,24,6,8.0,0,54,7,30,15,15,3,0,32,3,3,-0.36,-5.2,34,9,13,9,10.12,4,8,39,0.382,0.447,0.441,0.889,134,93,0.357,0.97,0.817,,5.3,27,10,9.0,2,61,12,21,12,15,7,0,50,0,0,0.141,1.2
OAK/OAK201407030,"Thursday, July 3, 2014",6:08 p.m. Local,O.co Coliseum,32913,2:23,Night,Home,Oakland Athletics,OAK,Toronto Blue Jays,TOR,29,1,5,1,1.0,3,7,32,0.172,0.25,0.207,0.457,126,72,-0.472,0.82,0.424,,-3.1,24,5,8.0,0,39,11,22,12,10,6,0,61,,,-0.027,-0.4,28,4,6,3,2.25,3,6,32,0.214,0.281,0.357,0.638,123,83,0.026,1.31,0.517,,0.4,27,13,9.0,0,55,12,16,6,17,8,0,67,0,0,0.473,3.1
OAK/OAK201407040,"Friday, July 4, 2014",1:08 p.m. Local,O.co Coliseum,22322,4:05,Day,Home,Oakland Athletics,OAK,Toronto Blue Jays,TOR,43,0,9,0,0.0,2,7,46,0.209,0.244,0.233,0.477,197,108,-1.041,1.66,0.581,,-5.5,34,13,11.1,0,66,8,34,19,18,4,0,75,1,0,0.54,3.8,38,1,5,0,0.0,7,10,45,0.132,0.267,0.211,0.477,171,120,-0.542,1.68,0.942,,-3.8,36,14,12.0,0,74,20,26,15,13,4,0,69,0,0,1.039,5.5
OAK/OAK201407050,"Saturday, July 5, 2014",7:07 p.m. Local,O.co Coliseum,20236,2:37,Night,Home,Oakland Athletics,OAK,Toronto Blue Jays,TOR,30,1,5,1,1.0,2,9,33,0.167,0.219,0.2,0.419,136,91,-0.347,0.79,0.29,,-3.1,24,5,8.0,1,53,12,26,9,13,3,0,42,1,1,-0.153,-1.4,36,5,12,4,4.5,1,5,37,0.333,0.351,0.472,0.824,136,87,0.152,0.99,0.592,,1.4,27,10,9.0,0,54,6,27,11,20,6,0,73,0,0,0.347,3.1
OAK/OAK201407060,"Sunday, July 6, 2014",1:08 p.m. Local,O.co Coliseum,22897,2:46,Day,Home,Oakland Athletics,OAK,Toronto Blue Jays,TOR,31,2,5,2,2.0,1,6,32,0.161,0.188,0.29,0.478,142,89,-0.396,0.78,0.256,,-2.1,24,4,8.0,0,51,14,24,14,11,6,0,43,2,0,-0.105,-0.4,35,4,11,4,4.5,3,5,38,0.314,0.368,0.457,0.826,130,84,0.106,0.9,0.584,,0.4,27,13,9.0,1,54,10,20,9,21,12,0,69,0,0,0.395,2.1
OAK/OAK201407070,"Monday, July 7, 2014",7:07 p.m. Local,O.co Coliseum,36067,3:10,Night,Home,Oakland Athletics,OAK,San Francisco Giants,SFG,32,0,5,0,0.0,2,10,34,0.156,0.206,0.156,0.362,138,89,-0.404,0.97,0.218,,-4.1,24,6,8.0,0,47,15,27,8,14,8,0,48,3,2,-0.095,-1.4,33,5,9,5,3.38,2,7,38,0.273,0.342,0.333,0.675,142,85,0.095,0.93,0.649,,1.4,27,7,9.0,0,47,13,25,11,16,6,0,71,1,0,0.403,4.1
OAK/OAK201407080,"Tuesday, July 8, 2014",7:07 p.m. Local,O.co Coliseum,36067,2:47,Night,Home,Oakland Athletics,OAK,San Francisco Giants,SFG,35,1,8,1,1.0,2,9,37,0.229,0.27,0.343,0.613,110,80,-0.28,0.47,0.33,,-3.1,24,14,8.0,0,41,13,26,10,16,10,0,33,1,1,-0.221,-2.4,33,6,11,6,6.75,3,3,36,0.333,0.389,0.455,0.843,124,79,0.221,0.87,0.502,,2.4,27,8,9.0,1,54,4,21,13,17,10,0,68,0,0,0.28,3.1
SFN/SFN201407090,"Wednesday, July 9, 2014",7:15 p.m. Local,AT&T Park,41427,3:02,Night,Home,San Francisco Giants,SFG,Oakland Athletics,OAK,31,2,5,2,2.0,2,7,34,0.161,0.212,0.258,0.47,157,89,-0.19,0.76,0.485,,-1.8,24,13,8.0,1,54,13,24,13,12,4,0,45,0,0,-0.309,-1.6,34,5,10,3,4.5,3,6,37,0.294,0.351,0.412,0.763,143,98,0.309,1.12,0.74,,1.6,27,10,9.0,1,63,14,21,20,9,4,0,56,0,0,0.191,1.8
SFN/SFN201407100,"Thursday, July 10, 2014",12:44 p.m. Local,AT&T Park,41069,3:01,Day,Away,Oakland Athletics,OAK,San Francisco Giants,SFG,35,6,10,6,6.0,3,10,39,0.286,0.333,0.514,0.848,127,82,0.201,0.67,0.521,,2.2,27,4,9.0,0,51,14,17,12,14,10,0,79,0,0,0.299,2.8,34,1,6,1,1.0,1,10,35,0.176,0.2,0.206,0.406,130,83,-0.3,0.67,0.174,,-2.8,27,10,9.0,1,45,17,21,7,17,6,0,27,5,2,-0.202,-2.2
SEA/SEA201407110,"Friday, July 11, 2014",7:10 p.m. Local,Safeco Field,32971,2:22,Night,Home,Seattle Mariners,SEA,Oakland Athletics,OAK,32,2,6,2,2.0,3,10,35,0.188,0.257,0.313,0.57,98,88,-0.452,0.93,0.545,,-2.0,24,9,8.0,1,51,11,26,12,10,3,0,65,,,-0.048,0.5,26,3,5,3,3.38,0,5,28,0.192,0.214,0.423,0.637,127,66,0.048,1.43,0.501,,-0.5,27,11,9.0,1,40,8,18,11,11,8,0,69,0,0,0.452,2.0
SEA/SEA201407120,"Saturday, July 12, 2014",7:10 p.m. Local,Safeco Field,39204,2:43,Night,Home,Seattle Mariners,SEA,Oakland Athletics,OAK,32,2,5,2,2.0,0,8,32,0.156,0.156,0.25,0.406,130,74,-0.394,0.65,0.129,,-2.0,24,12,8.0,2,43,9,22,8,16,7,0,41,2,0,-0.106,-2.5,36,6,14,6,6.75,3,6,40,0.389,0.436,0.639,1.075,105,86,0.106,0.75,0.514,,2.5,27,6,9.0,1,50,11,25,14,17,13,0,74,0,0,0.395,2.0
SEA/SEA201407130,"Sunday, July 13, 2014",1:11 p.m. Local,Safeco Field,25944,2:43,Day,Away,Oakland Athletics,OAK,Seattle Mariners,SEA,34,4,7,4,4.0,1,4,36,0.206,0.25,0.441,0.691,125,84,0.121,1.06,0.63,,0.0,27,9,9.0,0,51,11,22,7,23,10,0,68,2,0,0.38,3.0,32,1,6,1,0.0,2,7,34,0.188,0.235,0.188,0.423,136,81,-0.379,0.85,0.333,,-3.0,27,6,9.0,2,48,13,20,14,11,3,0,51,2,0,-0.12,-0.0
OAK/OAK201407180,"Friday, July 18, 2014",7:09 p.m. Local,O.co Coliseum,27232,2:31,Night,Home,Oakland Athletics,OAK,Baltimore Orioles,BAL,30,4,7,4,4.0,1,4,34,0.233,0.324,0.433,0.757,125,78,0.233,1.12,0.926,,-0.1,24,3,8.0,2,47,10,21,9,17,8,0,63,0,0,-0.734,-1.4,31,5,7,5,5.62,1,8,32,0.226,0.25,0.452,0.702,122,81,0.733,1.03,1.269,,1.4,27,13,9.0,2,48,8,25,4,19,8,0,52,0,0,-0.233,0.1
OAK/OAK201407190,"Saturday, July 19, 2014",6:10 p.m. Local,O.co Coliseum,36067,3:14,Night,Away,Baltimore Orioles,BAL,Oakland Athletics,OAK,39,8,13,8,8.0,5,7,44,0.333,0.409,0.641,1.05,145,102,0.356,0.54,0.59,,3.9,27,3,9.0,1,53,18,31,14,18,11,0,48,2,0,0.145,0.1,34,4,8,4,4.0,2,7,36,0.235,0.278,0.382,0.66,177,93,-0.146,0.39,0.273,,-0.1,27,13,9.0,3,50,15,28,4,23,12,0,24,4,0,-0.356,-3.9
OAK/OAK201407200,"Sunday, July 20, 2014",1:08 p.m. Local,O.co Coliseum,30124,3:14,Day,Home,Oakland Athletics,OAK,Baltimore Orioles,BAL,33,2,3,2,1.0,2,11,35,0.091,0.143,0.121,0.264,161,92,-0.183,0.41,0.134,,-2.1,24,11,8.0,0,47,19,26,13,9,6,0,28,3,1,-0.318,-6.4,38,10,15,8,10.12,3,10,42,0.395,0.429,0.5,0.929,143,99,0.317,0.41,0.497,,6.4,27,8,9.0,0,53,20,26,16,13,11,0,70,1,0,0.183,2.1
OAK/OAK201407220,"Tuesday, July 22, 2014",7:07 p.m. Local,O.co Coliseum,22908,4:09,Night,Away,Houston Astros,HOU,Oakland Athletics,OAK,44,3,11,3,1.5,2,9,46,0.25,0.283,0.364,0.646,174,116,-0.306,1.72,1.012,,-2.5,36,14,12.0,0,76,14,26,16,19,8,0,55,2,0,0.807,3.5,42,2,8,2,1.5,3,5,46,0.19,0.239,0.238,0.477,184,115,-0.805,1.38,0.711,,-3.5,36,14,12.0,1,72,20,23,16,22,12,0,62,1,0,0.306,2.5
OAK/OAK201407230,"Wednesday, July 23, 2014",7:07 p.m. Local,O.co Coliseum,28310,3:30,Night,Home,Oakland Athletics,OAK,Houston Astros,HOU,38,7,10,7,6.0,2,10,40,0.263,0.3,0.316,0.616,168,103,-0.162,0.49,0.318,,2.9,24,7,8.0,3,62,12,29,8,20,14,0,16,2,0,-0.338,-5.4,35,9,13,9,10.12,7,4,44,0.371,0.465,0.686,1.151,159,98,0.338,0.65,0.556,,5.4,27,4,9.0,0,61,10,27,15,18,10,0,58,5,2,0.162,-2.9
OAK/OAK201407240,"Thursday, July 24, 2014",12:37 p.m. Local,O.co Coliseum,22759,3:03,Day,Home,Oakland Athletics,OAK,Houston Astros,HOU,33,1,6,1,1.0,0,6,33,0.182,0.182,0.273,0.455,178,82,-0.205,0.65,0.131,,-3.1,24,9,8.0,1,49,16,17,11,16,6,0,25,2,2,-0.294,-9.4,35,13,14,12,14.62,6,4,45,0.4,0.489,0.571,1.06,117,105,0.295,0.47,0.714,,9.4,27,10,9.0,1,61,15,29,12,21,14,0,74,0,0,0.205,3.1
TEX/TEX201407250,"Friday, July 25, 2014",7:07 p.m. Local,Globe Life Park in Arlington,35582,2:52,Night,Home,Texas Rangers,TEX,Oakland Athletics,OAK,33,1,7,1,1.0,1,4,34,0.212,0.235,0.273,0.508,124,88,-0.343,0.62,0.326,,-3.3,24,8,8.0,0,52,12,24,7,22,10,0,42,1,0,-0.158,-0.1,30,4,9,4,3.38,2,5,33,0.3,0.333,0.4,0.733,139,82,0.156,1.09,0.492,,0.1,27,6,9.0,0,53,7,22,9,17,9,0,62,1,0,0.343,3.3
TEX/TEX201407260,"Saturday, July 26, 2014",7:07 p.m. Local,Globe Life Park in Arlington,34651,2:47,Night,Away,Oakland Athletics,OAK,Texas Rangers,TEX,34,5,7,5,5.0,0,5,34,0.206,0.206,0.588,0.794,138,76,0.239,0.93,0.697,,0.7,27,13,9.0,0,46,6,24,7,22,7,0,57,2,0,0.26,3.3,31,1,7,1,1.0,5,6,36,0.226,0.333,0.226,0.559,117,85,-0.261,0.67,0.424,,-3.3,27,6,9.0,4,53,7,27,17,8,2,0,54,0,0,-0.24,-0.7
TEX/TEX201407270,"Sunday, July 27, 2014",6:08 p.m. Local,Globe Life Park in Arlington,38915,3:26,Night,Away,Oakland Athletics,OAK,Texas Rangers,TEX,40,9,11,8,8.0,5,2,45,0.275,0.356,0.375,0.731,159,99,0.402,0.54,0.668,,4.7,27,7,9.0,2,65,8,26,12,26,8,0,45,0,0,0.098,1.3,34,3,8,3,3.0,2,5,37,0.235,0.297,0.441,0.738,156,106,-0.099,0.53,0.284,,-1.4,27,6,9.0,0,66,11,29,10,19,9,0,17,2,2,-0.401,-4.7
HOU/HOU201407280,"Monday, July 28, 2014",7:11 p.m. Local,Minute Maid Park,18259,2:51,Night,Home,Houston Astros,HOU,Oakland Athletics,OAK,34,3,9,3,3.0,3,3,38,0.265,0.316,0.471,0.786,128,88,-0.02,0.71,0.533,,-1.2,24,7,8.0,4,51,10,27,10,22,5,0,36,0,0,-0.483,-3.3,30,7,7,7,7.88,3,8,33,0.233,0.303,0.633,0.936,139,86,0.481,0.82,0.873,,3.3,27,7,9.0,1,47,14,25,8,14,4,0,47,2,0,0.019,1.2
HOU/HOU201407290,"Tuesday, July 29, 2014",7:11 p.m. Local,Minute Maid Park,16940,3:15,Night,Away,Oakland Athletics,OAK,Houston Astros,HOU,38,7,11,7,7.0,5,3,43,0.289,0.372,0.474,0.846,132,93,0.636,0.67,1.471,,2.8,27,10,9.0,1,62,6,25,10,25,10,0,51,1,0,-0.136,0.2,32,4,6,4,4.0,3,10,35,0.188,0.257,0.375,0.632,149,81,0.137,1.4,0.534,,-0.2,27,6,9.0,1,39,16,26,10,12,3,0,61,4,3,-0.636,-2.8
HOU/HOU201407300,"Wednesday, July 30, 2014",1:10 p.m. Local,Minute Maid Park,17637,2:35,Day,Home,Houston Astros,HOU,Oakland Athletics,OAK,30,1,4,1,1.0,3,5,33,0.133,0.212,0.3,0.512,155,70,-0.118,0.25,0.065,,-3.2,24,7,8.0,2,38,12,20,13,12,4,0,18,0,0,-0.383,-4.3,32,8,8,7,9.0,6,8,38,0.25,0.368,0.438,0.806,111,88,0.383,0.23,0.445,,4.3,27,11,9.0,1,45,10,33,10,14,6,0,77,,,0.117,3.2
OAK/OAK201408010,"Friday, August 1, 2014",6:37 p.m. Local,O.co Coliseum,35067,2:54,Night,Away,Kansas City Royals,KCR,Oakland Athletics,OAK,31,1,4,1,1.0,1,8,32,0.129,0.156,0.258,0.414,162,88,-0.284,1.8,0.328,,-3.1,27,3,9.0,0,56,7,25,15,8,6,0,70,0,0,0.786,4.1,32,0,5,0,0.0,3,12,35,0.156,0.229,0.219,0.447,134,108,-0.785,0.87,0.509,,-4.1,27,12,9.0,1,61,18,29,6,14,8,0,74,2,0,0.285,3.1
OAK/OAK201408020,"Saturday, August 2, 2014",1:07 p.m. Local,O.co Coliseum,30097,2:45,Day,Home,Oakland Athletics,OAK,Kansas City Royals,KCR,34,3,10,3,3.0,2,4,38,0.294,0.324,0.353,0.677,124,97,-0.132,0.81,0.318,,-1.1,24,10,8.0,0,61,11,25,13,19,11,0,34,4,3,-0.369,-4.4,33,8,8,7,4.5,1,7,34,0.242,0.265,0.273,0.537,143,76,0.37,0.69,0.688,,4.4,27,10,9.0,0,42,10,24,12,14,8,0,46,1,0,0.132,1.1
OAK/OAK201408030,"Sunday, August 3, 2014",1:07 p.m. Local,O.co Coliseum,22612,2:32,Day,Away,Kansas City Royals,KCR,Oakland Athletics,OAK,37,4,14,4,4.0,1,4,38,0.378,0.395,0.432,0.827,112,97,0.133,0.75,0.654,,-0.1,27,8,9.0,2,57,8,32,16,17,14,0,68,0,0,0.367,2.1,30,2,4,2,2.0,0,3,30,0.133,0.133,0.333,0.467,134,72,-0.368,0.76,0.16,,-2.1,27,14,9.0,0,43,7,22,10,17,6,0,37,2,0,-0.133,0.1
OAK/OAK201408040,"Monday, August 4, 2014",7:07 p.m. Local,O.co Coliseum,18479,3:57,Night,Home,Oakland Athletics,OAK,Tampa Bay Rays,TBR,37,2,6,2,1.8,1,6,39,0.162,0.184,0.297,0.482,200,94,-0.473,2.06,0.673,,-2.6,29,5,9.2,0,53,13,28,19,13,8,0,45,5,0,-0.029,0.8,40,3,11,3,2.79,9,10,50,0.275,0.42,0.3,0.72,139,118,0.027,1.46,1.533,,-0.8,30,14,10.0,1,76,16,26,13,16,8,1,61,0,0,0.471,2.6
OAK/OAK201408050,"Tuesday, August 5, 2014",7:08 p.m. Local,O.co Coliseum,16335,3:09,Night,Home,Oakland Athletics,OAK,Tampa Bay Rays,TBR,32,0,7,0,0.0,4,5,36,0.219,0.306,0.219,0.524,153,81,-0.455,0.99,0.414,,-4.1,24,8,8.0,0,48,8,25,11,16,9,0,46,1,1,-0.045,0.6,30,3,10,3,3.38,4,8,37,0.333,0.412,0.4,0.812,129,97,0.044,1.19,0.626,,-0.6,27,12,9.0,0,52,17,29,10,14,9,0,53,1,0,0.456,4.1
OAK/OAK201408060,"Wednesday, August 6, 2014",12:38 p.m. Local,O.co Coliseum,21513,3:10,Day,Away,Tampa Bay Rays,TBR,Oakland Athletics,OAK,38,7,13,7,6.0,5,7,45,0.342,0.432,0.474,0.906,142,93,0.282,0.36,0.676,,2.9,27,4,9.0,1,52,11,30,13,19,8,0,72,0,0,0.219,1.1,31,3,4,3,3.0,1,5,33,0.129,0.182,0.258,0.44,158,90,-0.22,0.72,0.048,,-1.1,27,12,9.0,1,50,10,30,6,20,8,0,16,2,1,-0.281,-2.9
OAK/OAK201408070,"Thursday, August 7, 2014",7:07 p.m. Local,O.co Coliseum,22108,2:42,Night,Home,Oakland Athletics,OAK,Minnesota Twins,MIN,29,0,3,0,0.0,2,8,31,0.103,0.161,0.103,0.265,144,83,-0.398,0.49,0.199,,-4.1,24,7,8.0,1,45,13,25,9,12,2,0,46,3,0,-0.104,0.6,32,3,7,3,3.38,4,4,36,0.219,0.306,0.375,0.681,122,92,0.103,0.91,0.396,,-0.6,27,9,9.0,0,56,8,28,7,21,13,0,87,,,0.397,4.1
OAK/OAK201408080,"Friday, August 8, 2014",7:07 p.m. Local,O.co Coliseum,20196,2:51,Night,Home,Oakland Athletics,OAK,Minnesota Twins,MIN,33,5,7,5,5.0,1,7,34,0.212,0.235,0.273,0.508,151,87,-0.377,0.76,0.473,,0.9,24,8,8.0,0,55,10,22,10,16,7,0,33,4,2,-0.123,-2.4,30,6,6,5,5.62,6,7,36,0.2,0.333,0.4,0.733,116,79,0.122,1.25,0.544,,2.4,27,6,9.0,0,45,9,25,11,12,8,0,47,1,1,0.377,-0.9
OAK/OAK201408090,"Saturday, August 9, 2014",6:07 p.m. Local,O.co Coliseum,32074,3:21,Night,Home,Oakland Athletics,OAK,Minnesota Twins,MIN,38,4,12,4,4.0,2,7,42,0.316,0.357,0.474,0.831,179,107,-0.079,0.67,0.447,,-0.1,24,7,8.0,2,61,13,33,12,20,14,0,27,1,0,-0.422,-5.4,33,9,10,9,10.12,11,9,45,0.303,0.489,0.545,1.034,158,98,0.424,0.74,0.778,,5.4,27,7,9.0,0,51,11,36,11,13,4,0,53,0,0,0.078,0.1
OAK/OAK201408100,"Sunday, August 10, 2014",1:08 p.m. Local,O.co Coliseum,25598,2:49,Day,Away,Minnesota Twins,MIN,Oakland Athletics,OAK,37,6,10,6,6.0,4,8,41,0.27,0.341,0.459,0.801,119,102,0.132,1.16,0.962,,1.9,27,4,9.0,0,60,14,28,14,15,4,0,71,0,0,0.367,3.1,33,1,6,1,1.0,1,9,35,0.182,0.229,0.182,0.41,163,85,-0.369,1.18,0.419,,-3.1,27,8,9.0,2,52,8,25,8,16,4,0,64,2,0,-0.132,-1.9
KCA/KCA201408110,"Monday, August 11, 2014",7:11 p.m. Local,Kauffman Stadium,21479,2:35,Night,Home,Kansas City Royals,KCR,Oakland Athletics,OAK,28,2,3,2,2.0,5,9,33,0.107,0.242,0.107,0.35,106,93,-0.495,1.1,0.631,,-2.3,24,15,8.0,0,57,15,21,6,13,5,0,54,0,0,-0.005,0.9,28,3,6,2,2.25,3,2,31,0.214,0.29,0.214,0.505,150,71,0.004,1.65,0.61,,-0.9,27,5,9.0,0,49,6,16,16,10,5,0,61,0,0,0.494,2.3
KCA/KCA201408120,"Tuesday, August 12, 2014",7:10 p.m. Local,Kauffman Stadium,27161,2:49,Night,Away,Oakland Athletics,OAK,Kansas City Royals,KCR,43,11,20,10,9.0,0,6,45,0.465,0.444,0.651,1.096,139,103,0.313,0.64,0.591,,6.6,27,9,9.0,0,60,9,34,14,25,15,0,55,0,0,0.187,1.3,32,3,7,3,3.0,2,12,35,0.219,0.257,0.313,0.57,148,100,-0.187,0.48,0.293,,-1.4,27,9,9.0,2,60,17,23,14,8,4,0,26,2,0,-0.313,-6.7
KCA/KCA201408130,"Wednesday, August 13, 2014",7:10 p.m. Local,Kauffman Stadium,21099,2:06,Night,Home,Kansas City Royals,KCR,Oakland Athletics,OAK,29,0,3,0,0.0,0,4,29,0.103,0.103,0.138,0.241,111,65,-0.429,0.72,0.076,,-4.3,24,10,8.0,1,32,11,22,8,17,3,0,53,0,0,-0.071,0.9,27,3,7,3,3.38,2,3,31,0.259,0.3,0.37,0.67,97,71,0.072,0.72,0.456,,-0.9,27,7,9.0,0,38,11,22,12,14,5,0,85,,,0.429,4.3
KCA/KCA201408140,"Thursday, August 14, 2014",1:10 p.m. Local,Kauffman Stadium,20569,3:13,Day,Home,Kansas City Royals,KCR,Oakland Athletics,OAK,37,3,11,3,3.0,2,9,40,0.297,0.325,0.378,0.703,132,101,0.04,1.12,0.711,,-1.4,24,5,8.0,0,56,16,29,14,15,4,0,48,6,4,-0.539,-3.1,34,7,12,7,6.75,1,8,36,0.353,0.361,0.441,0.802,151,97,0.54,1.0,1.082,,3.1,27,8,9.0,0,64,18,15,10,17,10,0,50,2,0,-0.04,1.3
ATL/ATL201408150,"Friday, August 15, 2014",7:36 p.m. Local,Turner Field,30606,2:37,Night,Home,Atlanta Braves,ATL,Oakland Athletics,OAK,29,2,4,2,2.0,3,4,32,0.138,0.219,0.276,0.495,132,86,-0.192,0.37,0.232,,-1.9,24,7,8.0,4,48,10,28,14,11,1,0,28,1,0,-0.308,-3.5,32,7,8,7,5.62,3,8,37,0.25,0.333,0.656,0.99,137,83,0.308,0.64,0.5,,3.5,27,12,9.0,1,50,15,18,9,16,4,0,54,0,0,0.192,1.9
ATL/ATL201408160,"Saturday, August 16, 2014",7:12 p.m. Local,Turner Field,40760,3:11,Night,Home,Atlanta Braves,ATL,Oakland Athletics,OAK,29,3,5,3,3.0,5,3,36,0.172,0.294,0.414,0.708,133,98,-0.31,0.61,0.559,,-0.9,24,9,8.0,0,63,9,26,10,18,4,0,40,4,0,-0.191,-0.5,32,4,9,4,4.5,2,8,34,0.281,0.324,0.313,0.636,163,82,0.192,1.17,0.535,,0.5,27,9,9.0,2,40,20,22,14,10,7,0,54,0,0,0.308,0.9
ATL/ATL201408170,"Sunday, August 17, 2014",8:09 p.m. Local,Turner Field,25461,2:49,Night,Home,Atlanta Braves,ATL,Oakland Athletics,OAK,31,3,5,3,2.0,2,9,34,0.161,0.206,0.419,0.625,125,89,-0.303,0.69,0.594,,-0.9,24,6,8.0,2,43,7,39,10,13,6,0,50,1,0,-0.198,-0.5,29,4,6,4,3.38,1,7,30,0.207,0.233,0.414,0.647,142,86,0.198,1.24,0.517,,0.5,27,9,9.0,2,44,15,27,7,15,10,0,68,0,0,0.302,0.9
OAK/OAK201408190,"Tuesday, August 19, 2014",7:07 p.m. Local,O.co Coliseum,23498,3:02,Night,Home,Oakland Athletics,OAK,New York Mets,NYM,33,2,7,2,2.0,3,12,36,0.212,0.278,0.364,0.641,163,100,-0.22,0.92,0.517,,-2.1,24,6,8.0,1,52,16,32,7,14,7,0,39,1,0,-0.281,-2.4,32,6,10,6,6.75,4,6,37,0.312,0.378,0.5,0.878,152,95,0.28,1.0,0.665,,2.4,27,5,9.0,1,57,11,27,11,16,8,0,63,1,0,0.219,2.1
OAK/OAK201408200,"Wednesday, August 20, 2014",12:37 p.m. Local,O.co Coliseum,20312,3:20,Day,Away,New York Mets,NYM,Oakland Athletics,OAK,37,8,10,7,8.0,5,6,42,0.27,0.357,0.432,0.79,165,104,0.411,0.93,0.674,,3.9,27,11,9.0,0,62,13,29,18,13,6,0,49,5,1,0.089,-0.9,34,5,6,3,2.0,6,6,40,0.176,0.3,0.265,0.565,169,86,-0.088,0.56,0.548,,0.9,27,13,9.0,2,44,7,35,16,12,6,0,20,5,0,-0.411,-3.9
OAK/OAK201408220,"Friday, August 22, 2014",7:08 p.m. Local,O.co Coliseum,33810,2:53,Night,Home,Oakland Athletics,OAK,Los Angeles Angels of Anaheim,LAA,32,3,8,3,3.0,3,7,36,0.25,0.314,0.438,0.752,147,88,-0.237,1.07,0.608,,-1.1,24,6,8.0,2,47,12,29,14,12,4,0,50,0,0,-0.264,-1.4,32,5,10,4,4.5,2,9,35,0.312,0.343,0.625,0.968,128,91,0.263,1.14,0.801,,1.4,27,9,9.0,2,46,12,33,7,17,10,0,62,1,1,0.237,1.1
OAK/OAK201408230,"Saturday, August 23, 2014",6:07 p.m. Local,O.co Coliseum,36067,3:00,Night,Home,Oakland Athletics,OAK,Los Angeles Angels of Anaheim,LAA,33,1,6,1,1.0,1,8,34,0.182,0.206,0.212,0.418,134,91,-0.486,1.33,0.405,,-3.1,24,13,8.0,0,53,15,23,11,14,7,0,59,1,0,-0.015,1.6,27,2,6,1,2.25,3,4,32,0.222,0.344,0.259,0.603,130,76,0.015,1.31,0.673,,-1.6,27,9,9.0,0,38,8,30,9,14,8,0,69,0,0,0.485,3.1
OAK/OAK201408240,"Sunday, August 24, 2014",5:07 p.m. Local,O.co Coliseum,36067,3:05,Night,Away,Los Angeles Angels of Anaheim,LAA,Oakland Athletics,OAK,37,9,13,9,9.0,3,6,42,0.351,0.405,0.595,0.999,141,96,0.366,0.25,0.615,,4.9,27,3,9.0,2,51,14,31,11,21,9,0,54,1,0,0.133,0.1,36,4,10,4,3.0,0,11,37,0.278,0.27,0.5,0.77,148,93,-0.133,0.44,0.067,,-0.1,27,10,9.0,2,45,12,36,5,21,9,0,10,2,2,-0.367,-4.9
HOU/HOU201408250,"Monday, August 25, 2014",7:12 p.m. Local,Minute Maid Park,14094,3:18,Night,Away,Oakland Athletics,OAK,Houston Astros,HOU,36,8,9,8,8.0,5,8,42,0.25,0.357,0.417,0.774,129,100,0.224,0.71,0.651,,3.8,27,9,9.0,1,53,12,35,15,13,7,0,71,0,0,0.277,2.2,33,2,7,2,2.0,2,10,35,0.212,0.257,0.364,0.621,164,83,-0.277,0.67,0.245,,-2.2,27,15,9.0,1,37,19,27,10,13,3,0,55,3,3,-0.223,-3.8
HOU/HOU201408260,"Tuesday, August 26, 2014",7:12 p.m. Local,Minute Maid Park,17345,2:36,Night,Home,Houston Astros,HOU,Oakland Athletics,OAK,34,2,6,2,2.0,3,4,37,0.176,0.243,0.206,0.449,104,95,-0.222,1.26,0.43,,-2.2,24,8,8.0,2,55,5,35,21,9,4,0,72,0,0,-0.279,-0.3,29,4,4,4,3.38,1,6,32,0.138,0.219,0.379,0.598,150,69,0.277,0.94,0.941,,0.3,27,16,9.0,0,39,10,20,9,14,5,0,57,0,0,0.221,2.2
HOU/HOU201408270,"Wednesday, August 27, 2014",7:11 p.m. Local,Minute Maid Park,14791,3:43,Night,Away,Oakland Athletics,OAK,Houston Astros,HOU,33,5,10,5,5.0,7,9,42,0.303,0.429,0.545,0.974,160,99,0.649,1.62,1.556,,0.8,27,8,9.0,1,52,13,34,8,17,5,0,66,6,3,-0.148,0.2,35,4,9,3,3.0,3,14,40,0.257,0.333,0.371,0.705,172,99,0.148,1.61,1.259,,-0.2,27,8,9.0,2,50,20,29,9,13,9,0,57,5,1,-0.649,-0.8
ANA/ANA201408280,"Thursday, August 28, 2014",7:10 p.m. Local,Angel Stadium of Anaheim,41056,3:44,Night,Home,Los Angeles Angels of Anaheim,LAA,Oakland Athletics,OAK,35,3,7,2,2.7,6,5,41,0.2,0.317,0.343,0.66,148,95,-0.365,1.62,0.713,,-1.4,28,12,9.1,0,54,7,36,10,20,5,0,56,6,0,-0.135,-0.1,33,4,9,4,3.86,5,7,41,0.273,0.359,0.273,0.632,168,92,0.136,1.31,1.134,,0.1,30,10,10.0,1,52,16,23,15,13,5,0,42,2,0,0.365,1.4
ANA/ANA201408290,"Friday, August 29, 2014",7:08 p.m. Local,Angel Stadium of Anaheim,41177,2:54,Night,Home,Los Angeles Angels of Anaheim,LAA,Oakland Athletics,OAK,32,0,5,0,0.0,3,3,36,0.156,0.25,0.188,0.438,129,88,-0.398,0.64,0.328,,-4.0,24,4,8.0,2,52,6,30,13,16,2,0,54,0,0,-0.103,-0.5,33,4,7,4,3.38,1,5,34,0.212,0.235,0.424,0.66,136,86,0.105,1.06,0.445,,0.5,27,8,9.0,0,44,12,30,9,19,9,0,71,0,0,0.398,4.0
ANA/ANA201408300,"Saturday, August 30, 2014",6:08 p.m. Local,Angel Stadium of Anaheim,44018,2:46,Night,Home,Los Angeles Angels of Anaheim,LAA,Oakland Athletics,OAK,29,0,3,0,0.0,2,11,31,0.103,0.161,0.103,0.265,102,96,-0.516,0.81,0.282,,-4.0,24,7,8.0,0,48,17,31,10,8,3,0,77,,,0.014,1.5,29,2,4,1,1.12,0,9,29,0.138,0.138,0.138,0.276,149,75,-0.015,1.14,0.386,,-1.5,27,7,9.0,0,43,13,19,11,9,6,0,63,3,0,0.514,4.0
ANA/ANA201408310,"Sunday, August 31, 2014",12:38 p.m. Local,Angel Stadium of Anaheim,44205,2:54,Day,Home,Los Angeles Angels of Anaheim,LAA,Oakland Athletics,OAK,33,1,6,1,1.0,1,7,34,0.182,0.206,0.182,0.388,147,84,-0.154,0.47,0.059,,-3.0,24,9,8.0,2,48,12,24,6,20,5,0,22,3,3,-0.347,-4.5,32,8,8,8,9.0,4,4,36,0.25,0.333,0.438,0.771,128,98,0.347,0.29,0.478,,4.5,27,4,9.0,0,63,13,22,9,19,6,0,74,0,0,0.153,3.0
OAK/OAK201409010,"Monday, September 1, 2014",1:07 p.m. Local,O.co Coliseum,36067,2:30,Day,Home,Oakland Athletics,OAK,Seattle Mariners,SEA,29,1,3,1,1.0,1,5,31,0.103,0.161,0.207,0.368,140,78,-0.162,0.32,0.069,,-3.1,24,7,8.0,1,46,9,23,9,15,4,0,22,2,1,-0.338,-2.4,34,6,11,6,6.75,4,6,39,0.324,0.41,0.471,0.881,126,92,0.339,0.33,0.487,,2.4,27,7,9.0,1,56,10,26,7,21,14,0,76,0,0,0.161,3.1
OAK/OAK201409020,"Tuesday, September 2, 2014",7:07 p.m. Local,O.co Coliseum,23859,2:42,Night,Away,Seattle Mariners,SEA,Oakland Athletics,OAK,31,6,8,6,6.0,2,5,35,0.258,0.303,0.419,0.722,124,79,0.266,0.64,0.523,,1.9,27,17,9.0,0,49,10,24,16,12,7,0,62,2,2,0.235,-0.9,32,5,9,5,5.0,3,5,35,0.281,0.343,0.406,0.749,121,78,-0.234,0.57,0.301,,0.9,27,12,9.0,1,43,7,28,15,12,8,0,29,1,0,-0.265,-1.9
OAK/OAK201409030,"Wednesday, September 3, 2014",12:37 p.m. Local,O.co Coliseum,17073,2:20,Day,Away,Seattle Mariners,SEA,Oakland Athletics,OAK,34,2,8,2,2.0,0,6,34,0.235,0.235,0.5,0.735,110,81,-0.066,1.18,0.556,,-2.1,27,13,9.0,1,46,11,24,13,15,8,0,74,0,0,0.566,3.1,28,1,3,1,1.0,2,5,31,0.107,0.167,0.214,0.381,118,69,-0.564,0.93,0.249,,-3.1,27,11,9.0,2,39,6,24,13,11,3,0,65,0,0,0.066,2.1
OAK/OAK201409050,"Friday, September 5, 2014",7:07 p.m. Local,O.co Coliseum,21130,3:08,Night,Away,Houston Astros,HOU,Oakland Athletics,OAK,34,4,7,4,4.0,0,12,34,0.206,0.206,0.382,0.588,144,92,0.131,1.58,0.691,,-0.1,27,7,9.0,0,49,21,22,10,12,3,0,46,1,0,0.368,1.1,35,3,7,2,3.0,2,7,38,0.2,0.263,0.2,0.463,125,94,-0.37,0.87,0.767,,-1.1,27,7,9.0,2,47,17,30,11,17,6,0,58,0,0,-0.132,0.1
OAK/OAK201409060,"Saturday, September 6, 2014",1:07 p.m. Local,O.co Coliseum,28668,2:40,Day,Home,Oakland Athletics,OAK,Houston Astros,HOU,28,3,4,3,3.0,6,9,37,0.143,0.286,0.179,0.464,122,73,0.074,1.49,0.627,,-1.1,25,7,8.1,0,40,14,19,13,9,5,0,65,2,2,-0.575,-0.4,33,4,9,4,3.24,0,6,34,0.273,0.265,0.303,0.568,123,82,0.576,1.13,1.329,,0.4,27,9,9.0,0,47,7,28,14,14,5,0,58,3,1,-0.075,1.1
OAK/OAK201409070,"Sunday, September 7, 2014",1:07 p.m. Local,O.co Coliseum,25533,3:15,Day,Away,Houston Astros,HOU,Oakland Athletics,OAK,29,4,6,4,4.0,7,7,40,0.207,0.368,0.276,0.644,148,84,0.569,1.47,1.452,,-0.1,27,12,9.0,1,52,10,22,9,16,8,0,50,3,0,-0.071,1.1,36,3,10,3,2.0,2,9,39,0.278,0.316,0.361,0.677,149,97,0.072,2.22,0.942,,-1.1,27,8,9.0,0,56,12,29,14,14,10,0,62,5,2,-0.571,0.1
CHA/CHA201409080,"Monday, September 8, 2014",7:10 p.m. Local,U.S. Cellular Field,15517,3:38,Night,Home,Chicago White Sox,CHW,Oakland Athletics,OAK,41,4,7,4,3.0,4,7,45,0.171,0.244,0.366,0.61,163,102,-0.155,1.44,0.933,,-1.4,34,16,11.1,3,53,14,35,14,20,8,0,60,0,0,-0.347,0.2,37,5,6,5,3.18,4,8,44,0.162,0.256,0.405,0.661,170,108,0.346,1.29,1.551,,-0.2,36,9,12.0,2,56,18,34,16,15,9,0,56,4,0,0.154,1.4
CHA/CHA201409090,"Tuesday, September 9, 2014",7:10 p.m. Local,U.S. Cellular Field,12150,3:19,Night,Away,Oakland Athletics,OAK,Chicago White Sox,CHW,48,11,18,10,6.0,1,5,49,0.375,0.388,0.458,0.846,133,122,0.235,0.85,0.616,,7.0,27,9,9.0,1,76,12,34,24,19,11,0,66,0,0,0.264,2.0,32,2,7,2,2.0,2,10,35,0.219,0.286,0.344,0.629,178,88,-0.264,0.55,0.3,,-2.0,27,11,9.0,0,44,15,29,11,11,1,0,48,0,0,-0.236,-7.0
CHA/CHA201409100,"Wednesday, September 10, 2014",7:10 p.m. Local,U.S. Cellular Field,15046,3:15,Night,Home,Chicago White Sox,CHW,Oakland Athletics,OAK,30,1,5,1,1.0,3,7,33,0.167,0.242,0.2,0.442,140,85,-0.404,2.16,0.348,,-3.0,24,10,8.0,0,53,12,20,11,12,3,0,69,0,0,-0.095,1.6,30,2,8,2,0.0,3,9,33,0.267,0.333,0.3,0.633,133,86,0.096,1.06,1.348,,-1.6,27,8,9.0,0,47,24,15,11,10,8,0,61,1,0,0.405,3.0
CHA/CHA201409110,"Thursday, September 11, 2014",1:11 p.m. Local,U.S. Cellular Field,12314,2:18,Day,Home,Chicago White Sox,CHW,Oakland Athletics,OAK,29,0,3,0,0.0,3,10,32,0.103,0.188,0.103,0.291,113,77,-0.697,0.8,0.353,,-4.0,24,2,8.0,1,40,12,25,6,13,6,0,76,,,0.197,2.6,27,1,4,1,1.12,1,7,28,0.148,0.179,0.259,0.438,125,76,-0.198,1.5,0.287,,-2.6,27,5,9.0,0,41,11,24,4,16,5,0,85,0,0,0.697,4.0
SEA/SEA201409120,"Friday, September 12, 2014",7:09 p.m. Local,Safeco Field,29090,2:44,Night,Home,Seattle Mariners,SEA,Oakland Athletics,OAK,33,2,6,2,2.0,4,12,39,0.182,0.27,0.182,0.452,117,85,-0.297,0.65,0.75,,-2.0,24,7,8.0,3,50,12,23,12,11,5,0,52,0,0,-0.204,-0.5,29,4,7,4,4.5,1,8,30,0.241,0.267,0.621,0.887,148,75,0.203,1.59,0.605,,0.5,27,11,9.0,0,38,12,25,8,13,7,0,61,1,0,0.296,2.0
SEA/SEA201409130,"Saturday, September 13, 2014",6:10 p.m. Local,Safeco Field,43913,3:20,Night,Away,Oakland Athletics,OAK,Seattle Mariners,SEA,36,3,8,3,2.7,6,11,43,0.222,0.333,0.333,0.667,115,90,0.093,1.3,1.345,,-1.4,30,15,10.0,1,57,18,17,13,13,9,0,69,0,0,0.408,2.4,32,2,5,2,1.8,2,9,34,0.156,0.206,0.313,0.518,167,74,-0.408,1.79,0.551,,-2.4,30,9,10.0,1,43,11,20,15,8,1,0,63,3,0,-0.092,1.4
SEA/SEA201409140,"Sunday, September 14, 2014",1:11 p.m. Local,Safeco Field,28925,2:58,Day,Away,Oakland Athletics,OAK,Seattle Mariners,SEA,33,4,7,4,3.0,2,6,36,0.212,0.257,0.424,0.681,168,88,0.014,1.56,0.426,,0.0,27,7,9.0,0,53,10,25,12,16,5,0,67,0,0,0.485,4.0,33,0,7,0,0.0,5,13,38,0.212,0.316,0.212,0.528,131,102,-0.489,0.64,0.674,,-4.0,27,12,9.0,2,51,21,30,11,9,4,0,59,2,0,-0.015,-0.0
OAK/OAK201409160,"Tuesday, September 16, 2014",7:07 p.m. Local,O.co Coliseum,19835,2:53,Night,Away,Texas Rangers,TEX,Oakland Athletics,OAK,38,6,12,5,4.0,1,6,40,0.316,0.35,0.447,0.797,130,92,0.354,0.94,0.761,,1.9,27,11,9.0,1,58,11,25,17,15,6,0,55,1,0,0.146,1.1,32,3,5,3,1.0,2,1,35,0.156,0.2,0.375,0.575,141,79,-0.144,0.68,0.423,,-1.1,27,14,9.0,1,51,4,24,14,18,7,0,27,1,1,-0.355,-1.9
OAK/OAK201409170,"Wednesday, September 17, 2014",7:07 p.m. Local,O.co Coliseum,17530,3:37,Night,Away,Texas Rangers,TEX,Oakland Athletics,OAK,36,6,10,6,6.0,2,11,39,0.278,0.333,0.444,0.778,154,105,0.288,0.95,1.094,,1.9,27,9,9.0,0,59,20,26,15,10,4,0,63,7,0,0.211,3.1,34,1,7,1,1.0,4,6,38,0.206,0.289,0.235,0.525,159,101,-0.212,1.26,0.478,,-3.1,27,8,9.0,1,58,12,31,14,14,6,0,84,4,2,-0.288,-1.9
OAK/OAK201409180,"Thursday, September 18, 2014",12:37 p.m. Local,O.co Coliseum,17574,3:05,Day,Away,Texas Rangers,TEX,Oakland Athletics,OAK,39,7,15,6,6.0,2,10,41,0.385,0.415,0.41,0.825,130,102,0.378,0.67,0.64,,2.9,27,3,9.0,0,54,20,28,19,10,7,0,54,4,0,0.121,2.1,31,2,6,2,2.0,3,7,34,0.194,0.265,0.323,0.587,146,74,-0.121,0.56,0.347,,-2.1,27,13,9.0,0,38,14,22,5,19,7,0,35,2,0,-0.38,-2.9
OAK/OAK201409190,"Friday, September 19, 2014",6:37 p.m. Local,O.co Coliseum,35067,2:56,Night,Home,Oakland Athletics,OAK,Philadelphia Phillies,PHI,31,1,6,1,1.0,2,7,33,0.194,0.242,0.355,0.597,129,97,-0.423,0.68,0.342,,-3.1,24,3,8.0,0,64,12,22,11,13,7,0,54,5,0,-0.077,0.6,30,3,7,3,3.38,5,8,36,0.233,0.361,0.3,0.661,142,74,0.077,1.02,0.48,,-0.6,27,11,9.0,1,35,10,29,11,11,3,0,68,0,0,0.423,3.1
OAK/OAK201409200,"Saturday, September 20, 2014",1:07 p.m. Local,O.co Coliseum,31848,2:59,Day,Away,Philadelphia Phillies,PHI,Oakland Athletics,OAK,35,3,7,3,3.0,2,11,38,0.2,0.263,0.343,0.606,121,105,0.003,1.09,0.691,,-1.1,27,8,9.0,0,62,16,27,6,18,8,0,71,0,0,0.498,4.1,29,0,4,0,0.0,2,5,31,0.138,0.194,0.138,0.331,161,75,-0.498,1.03,0.288,,-4.1,27,4,9.0,1,39,9,27,8,16,4,0,69,2,1,-0.003,1.1
OAK/OAK201409210,"Sunday, September 21, 2014",1:06 p.m. Local,O.co Coliseum,25126,3:48,Day,Home,Oakland Athletics,OAK,Philadelphia Phillies,PHI,41,6,13,6,5.4,1,13,43,0.317,0.333,0.488,0.821,200,103,-0.015,1.86,1.141,,1.4,28,7,9.1,1,52,26,25,10,19,11,0,30,2,2,-0.486,-3.7,36,8,9,8,7.71,9,10,48,0.25,0.417,0.444,0.861,153,110,0.486,1.41,1.773,,3.7,30,8,10.0,0,52,17,41,12,15,9,0,30,1,0,0.015,-1.4
OAK/OAK201409220,"Monday, September 22, 2014",7:07 p.m. Local,O.co Coliseum,25455,3:17,Night,Home,Oakland Athletics,OAK,Los Angeles Angels of Anaheim,LAA,34,4,10,4,3.0,0,5,35,0.294,0.286,0.441,0.727,184,93,-0.062,0.53,0.211,,-0.1,24,6,8.0,0,52,13,28,19,11,2,0,24,6,2,-0.438,-4.4,32,8,7,6,6.75,9,8,41,0.219,0.39,0.219,0.609,134,102,0.437,0.39,0.629,,4.4,27,15,9.0,1,54,10,38,10,14,9,0,68,0,0,0.062,0.1
OAK/OAK201409230,"Tuesday, September 23, 2014",7:08 p.m. Local,O.co Coliseum,27588,3:02,Night,Away,Los Angeles Angels of Anaheim,LAA,Oakland Athletics,OAK,27,2,3,1,1.0,3,13,30,0.111,0.2,0.259,0.459,147,69,-0.099,1.52,0.404,,-2.1,27,10,9.0,0,29,18,23,7,7,4,0,58,1,0,0.598,4.1,31,0,7,0,0.0,3,4,35,0.226,0.314,0.258,0.572,115,92,-0.599,0.76,0.485,,-4.1,27,11,9.0,1,46,12,34,8,19,10,0,74,0,0,0.099,2.1
OAK/OAK201409240,"Wednesday, September 24, 2014",12:37 p.m. Local,O.co Coliseum,27989,3:27,Day,Away,Los Angeles Angels of Anaheim,LAA,Oakland Athletics,OAK,34,5,9,4,3.0,1,9,36,0.265,0.278,0.353,0.631,165,83,0.129,1.46,0.537,,0.9,27,9,9.0,0,47,19,18,7,19,6,0,63,4,1,0.373,0.1,35,4,9,4,4.0,3,6,38,0.257,0.316,0.343,0.659,129,102,-0.371,0.67,0.733,,-0.1,27,5,9.0,0,60,14,28,9,20,11,0,52,0,0,-0.129,-0.9
TEX/TEX201409250,"Thursday, September 25, 2014",7:08 p.m. Local,Globe Life Park in Arlington,33696,2:47,Night,Home,Texas Rangers,TEX,Oakland Athletics,OAK,31,1,6,1,1.0,6,7,38,0.194,0.324,0.226,0.55,125,81,-0.49,1.35,0.634,,-3.4,25,11,8.1,1,43,11,28,9,16,4,0,63,2,0,-0.013,2.1,31,2,6,2,2.16,0,7,31,0.194,0.194,0.323,0.516,135,87,0.011,1.6,0.842,,-2.1,27,6,9.0,0,53,10,24,12,12,5,0,63,0,0,0.488,3.3
TEX/TEX201409260,"Friday, September 26, 2014",7:08 p.m. Local,Globe Life Park in Arlington,31586,2:49,Night,Away,Oakland Athletics,OAK,Texas Rangers,TEX,34,6,8,6,5.0,4,6,38,0.235,0.316,0.382,0.698,123,83,0.296,0.69,0.673,,1.7,27,11,9.0,0,52,8,23,9,19,11,0,68,0,0,0.204,2.3,33,2,5,2,1.0,0,6,33,0.152,0.152,0.242,0.394,143,88,-0.205,0.67,0.233,,-2.3,27,8,9.0,1,49,9,30,13,14,7,0,27,2,2,-0.297,-1.7
TEX/TEX201409270,"Saturday, September 27, 2014",7:08 p.m. Local,Globe Life Park in Arlington,35326,3:06,Night,Home,Texas Rangers,TEX,Oakland Athletics,OAK,37,4,14,3,4.0,1,8,38,0.378,0.395,0.459,0.854,115,96,-0.335,0.69,0.92,,-0.3,24,7,8.0,2,63,11,22,8,21,12,0,50,1,0,-0.166,-1.1,31,5,9,5,5.62,0,10,31,0.29,0.29,0.484,0.774,145,82,0.167,1.59,0.573,,1.1,27,7,9.0,1,44,12,26,9,12,5,0,51,8,3,0.333,0.3
TEX/TEX201409280,"Sunday, September 28, 2014",2:07 p.m. Local,Globe Life Park in Arlington,36381,2:39,Day,Away,Oakland Athletics,OAK,Texas Rangers,TEX,33,4,7,4,3.0,1,3,34,0.212,0.235,0.303,0.538,103,87,-0.033,1.11,0.369,,-0.3,27,18,9.0,0,52,11,24,13,17,4,0,80,,,0.534,4.3,31,0,6,0,0.0,0,5,32,0.194,0.219,0.258,0.477,140,74,-0.535,0.64,0.348,,-4.3,27,9,9.0,0,42,10,22,19,7,3,0,55,2,0,0.034,0.3
