,date,time,venue,attendance,duration,time_of_day,winner,winning_name,winning_abbr,losing_name,losing_abbr,away_at_bats,away_runs,away_hits,away_rbi,away_earned_runs,away_bases_on_balls,away_strikeouts,away_plate_appearances,away_batting_average,away_on_base_percentage,away_slugging_percentage,away_on_base_plus,away_pitches,away_strikes,away_win_probability_for_offensive_player,away_average_leverage_index,away_win_probability_added,away_win_probability_subtracted,away_base_out_runs_added,away_putouts,away_assists,away_innings_pitched,away_home_runs,away_strikes_by_contact,away_strikes_swinging,away_strikes_looking,away_grounded_balls,away_fly_balls,away_line_drives,away_unknown_bat_type,away_game_score,away_inherited_runners,away_inherited_score,away_win_probability_by_pitcher,away_base_out_runs_saved,home_at_bats,home_runs,home_hits,home_rbi,home_earned_runs,home_bases_on_balls,home_strikeouts,home_plate_appearances,home_batting_average,home_on_base_percentage,home_slugging_percentage,home_on_base_plus,home_pitches,home_strikes,home_win_probability_for_offensive_player,home_average_leverage_index,home_win_probability_added,home_win_probability_subtracted,home_base_out_runs_added,home_putouts,home_assists,home_innings_pitched,home_home_runs,home_strikes_by_contact,home_strikes_swinging,home_strikes_looking,home_grounded_balls,home_fly_balls,home_line_drives,home_unknown_bat_type,home_game_score,home_inherited_runners,home_inherited_score,home_win_probability_by_pitcher,home_base_out_runs_saved
TEX/TEX201403310,"Monday, March 31, 2014",1:07 p.m. Local,Globe Life Park in Arlington,49031,3:36,Day,Away,Philadelphia Phillies,PHI,Texas Rangers,TEX,44,14,17,13,14.0,6,8,50,0.386,0.46,0.659,1.119,172,115,0.93,1.09,1.471,,9.7,27,10,9.0,1,66,9,40,14,22,12,0,13,4,2,-0.43,-5.7,40,10,14,9,10.0,4,4,44,0.35,0.409,0.5,0.909,191,110,0.43,0.91,1.116,,5.7,27,8,9.0,3,66,6,38,16,20,8,0,17,1,1,-0.93,-9.7
TEX/TEX201404010,"Tuesday, April 1, 2014",7:05 p.m. Local,Globe Life Park in Arlington,29530,3:14,Night,Home,Texas Rangers,TEX,Philadelphia Phillies,PHI,33,2,8,2,2.0,1,11,35,0.242,0.265,0.303,0.568,144,91,-0.317,1.7,0.634,,-2.4,25,10,8.1,0,49,15,27,14,9,6,0,55,2,1,-0.183,0.5,32,3,10,3,3.24,5,6,40,0.312,0.421,0.406,0.827,141,88,0.183,1.35,1.166,,-0.5,27,8,9.0,0,48,13,27,13,15,11,0,54,2,0,0.317,2.3
TEX/TEX201404020,"Wednesday, April 2, 2014",7:11 p.m. Local,Globe Life Park in Arlington,28218,3:02,Night,Home,Texas Rangers,TEX,Philadelphia Phillies,PHI,34,3,9,2,2.0,3,8,38,0.265,0.324,0.382,0.707,131,93,0.034,1.82,0.483,,-1.3,25,13,8.1,0,53,20,19,15,11,6,0,66,0,0,-0.533,-1.2,34,4,9,4,4.32,3,5,37,0.265,0.324,0.353,0.677,149,83,0.533,0.64,1.407,,1.2,27,9,9.0,1,49,10,24,14,15,9,0,48,0,0,-0.033,1.3
CHN/CHN201404040,"Friday, April 4, 2014",1:23 p.m. Local,Wrigley Field,38283,3:16,Day,Away,Philadelphia Phillies,PHI,Chicago Cubs,CHC,39,7,11,7,6.0,3,9,43,0.282,0.349,0.462,0.81,128,105,0.292,0.8,0.906,,2.9,27,6,9.0,1,61,18,26,17,13,8,0,58,0,0,0.207,2.1,28,2,3,2,2.0,3,9,32,0.107,0.194,0.214,0.408,171,76,-0.207,0.94,0.326,,-2.1,27,12,9.0,2,37,12,27,8,12,6,0,54,4,1,-0.293,-2.9
CHN/CHN201404050,"Saturday, April 5, 2014",1:21 p.m. Local,Wrigley Field,30651,2:53,Day,Away,Philadelphia Phillies,PHI,Chicago Cubs,CHC,32,2,7,2,2.0,5,11,37,0.219,0.324,0.344,0.668,136,97,-0.082,1.38,0.43,,-2.1,27,11,9.0,0,50,18,29,9,12,3,0,63,0,0,0.583,4.1,36,0,10,0,0.0,1,7,37,0.278,0.297,0.306,0.603,151,95,-0.585,0.77,0.46,,-4.1,27,8,9.0,1,57,8,30,17,12,5,0,62,3,0,0.084,2.1
CHN/CHN201404060,"Sunday, April 6, 2014",1:22 p.m. Local,Wrigley Field,26712,3:14,Day,Home,Chicago Cubs,CHC,Philadelphia Phillies,PHI,35,3,8,2,3.0,4,6,40,0.229,0.325,0.257,0.582,150,94,-0.176,0.4,0.316,,-1.1,24,11,8.0,0,51,11,32,12,17,9,0,32,1,1,-0.324,-4.4,28,8,6,8,4.5,7,5,38,0.214,0.368,0.357,0.726,142,83,0.324,0.67,0.455,,4.4,27,10,9.0,0,52,7,25,14,11,5,0,54,3,1,0.176,1.1
PHI/PHI201404080,"Tuesday, April 8, 2014",4:09 p.m. Local,Citizens Bank Park,45061,3:32,Day,Away,Milwaukee Brewers,MIL,Philadelphia Phillies,PHI,42,10,15,9,7.0,2,5,46,0.357,0.4,0.69,1.09,181,100,0.485,0.87,0.82,,6.0,27,4,9.0,0,66,17,19,14,24,12,0,40,0,0,0.016,0.0,36,4,9,4,4.0,6,10,42,0.25,0.357,0.361,0.718,164,111,-0.015,0.53,0.553,,-0.0,27,12,9.0,3,56,19,36,11,16,6,0,30,1,0,-0.485,-6.0
PHI/PHI201404090,"Wednesday, April 9, 2014",7:07 p.m. Local,Citizens Bank Park,31168,3:24,Night,Away,Milwaukee Brewers,MIL,Philadelphia Phillies,PHI,41,9,13,8,8.0,2,13,45,0.317,0.364,0.585,0.949,136,121,0.516,1.11,1.208,,5.0,27,11,9.0,0,67,27,27,14,15,7,0,44,0,0,-0.016,0.0,35,4,9,3,3.0,3,8,39,0.257,0.316,0.371,0.687,173,92,0.016,1.15,0.705,,-0.0,27,8,9.0,2,56,14,22,19,9,1,0,47,0,0,-0.515,-5.0
PHI/PHI201404100,"Thursday, April 10, 2014",7:07 p.m. Local,Citizens Bank Park,25492,2:48,Night,Away,Milwaukee Brewers,MIL,Philadelphia Phillies,PHI,35,6,11,6,6.0,1,9,38,0.314,0.324,0.457,0.781,143,96,0.342,0.99,0.735,,2.0,27,11,9.0,1,50,22,24,16,12,8,0,58,0,0,0.159,2.0,32,2,6,2,2.0,3,12,35,0.188,0.257,0.281,0.538,134,94,-0.159,0.76,0.447,,-2.0,27,13,9.0,0,42,26,26,11,9,3,0,52,2,2,-0.341,-2.0
PHI/PHI201404110,"Friday, April 11, 2014",7:09 p.m. Local,Citizens Bank Park,22283,3:15,Night,Home,Philadelphia Phillies,PHI,Miami Marlins,MIA,30,3,7,3,3.0,7,9,40,0.233,0.385,0.367,0.751,141,99,-0.144,0.78,0.735,,-1.0,24,9,8.0,0,46,18,35,13,10,4,0,24,2,1,-0.355,-2.4,31,6,10,5,6.75,7,7,39,0.323,0.447,0.452,0.899,173,85,0.355,1.25,0.732,,2.4,27,13,9.0,1,44,13,28,9,16,8,0,43,3,0,0.145,1.0
PHI/PHI201404120,"Saturday, April 12, 2014",7:07 p.m. Local,Citizens Bank Park,27760,3:29,Night,Home,Philadelphia Phillies,PHI,Miami Marlins,MIA,42,4,13,3,2.7,3,8,46,0.31,0.356,0.452,0.808,160,95,-0.224,1.14,0.953,,-0.5,29,9,9.2,1,54,22,19,15,20,11,0,48,1,0,-0.276,-0.6,36,5,9,5,4.66,2,9,38,0.25,0.289,0.417,0.706,159,105,0.276,1.51,1.079,,0.6,30,9,10.0,2,61,8,36,11,16,5,0,49,0,0,0.225,0.5
PHI/PHI201404130,"Sunday, April 13, 2014",1:41 p.m. Local,Citizens Bank Park,34272,3:12,Day,Home,Philadelphia Phillies,PHI,Miami Marlins,MIA,32,3,6,3,2.0,3,10,37,0.188,0.257,0.313,0.57,140,95,-0.273,1.58,0.502,,-1.0,24,8,8.0,2,57,15,23,12,12,3,0,38,0,0,-0.23,-0.4,34,4,13,4,4.5,6,8,41,0.382,0.475,0.618,1.093,151,84,0.232,1.11,1.229,,0.4,27,7,9.0,1,52,9,23,10,17,11,0,54,0,0,0.27,1.0
PHI/PHI201404140,"Monday, April 14, 2014",7:10 p.m. Local,Citizens Bank Park,26516,3:41,Night,Away,Atlanta Braves,ATL,Philadelphia Phillies,PHI,36,9,9,9,9.0,9,8,45,0.25,0.4,0.75,1.15,154,107,0.994,1.2,1.951,,5.0,27,5,9.0,2,63,19,25,14,14,8,0,69,1,0,-0.493,-2.0,34,6,8,6,6.0,4,14,39,0.235,0.316,0.471,0.786,187,100,0.495,1.53,1.239,,2.0,27,16,9.0,5,42,28,30,10,11,5,0,53,0,0,-0.994,-5.0
PHI/PHI201404160,"Wednesday, April 16, 2014",7:08 p.m. Local,Citizens Bank Park,23382,2:29,Night,Away,Atlanta Braves,ATL,Philadelphia Phillies,PHI,36,1,11,1,1.0,1,13,38,0.306,0.324,0.389,0.713,115,85,-0.282,1.52,0.484,,-3.0,27,9,9.0,0,43,21,21,14,10,7,0,85,,,0.783,4.0,30,0,3,0,0.0,0,4,30,0.1,0.1,0.1,0.2,128,75,-0.787,1.03,0.184,,-4.0,27,10,9.0,1,45,14,16,11,15,5,0,73,,,0.283,3.0
PHI/PHI201404170,"Thursday, April 17, 2014",1:08 p.m. Local,Citizens Bank Park,25750,2:28,Day,Home,Philadelphia Phillies,PHI,Atlanta Braves,ATL,30,0,4,0,0.0,2,8,32,0.133,0.188,0.167,0.354,103,80,-0.672,1.26,0.272,,-4.0,24,13,8.0,0,47,13,20,14,8,5,0,68,,,0.172,2.6,27,1,8,1,1.12,1,7,29,0.296,0.321,0.296,0.618,129,70,-0.171,1.25,0.505,,-2.6,27,12,9.0,0,39,11,22,15,6,5,0,74,0,0,0.672,4.0
COL/COL201404180,"Friday, April 18, 2014",6:42 p.m. Local,Coors Field,35705,2:48,Night,Home,Colorado Rockies,COL,Philadelphia Phillies,PHI,30,1,2,1,0.0,1,7,31,0.067,0.097,0.067,0.163,177,66,-0.121,0.3,0.037,,-3.6,24,10,8.0,1,35,7,24,19,4,2,0,11,2,0,-0.38,-7.9,42,12,18,12,13.5,3,3,45,0.429,0.467,0.571,1.038,110,113,0.381,0.23,0.474,,7.9,27,16,9.0,0,73,14,26,19,20,15,0,76,0,0,0.12,3.6
COL/COL201404190,"Saturday, April 19, 2014",6:11 p.m. Local,Coors Field,31352,2:23,Night,Home,Colorado Rockies,COL,Philadelphia Phillies,PHI,32,1,5,1,0.0,1,3,33,0.156,0.182,0.156,0.338,92,69,-0.448,0.58,0.328,,-3.6,24,13,8.0,1,47,5,17,19,10,6,0,56,0,0,-0.051,1.1,30,3,6,3,3.38,0,5,30,0.2,0.2,0.3,0.5,114,60,0.05,1.1,0.383,,-1.1,27,16,9.0,0,35,9,16,18,7,4,0,66,1,1,0.449,3.6
COL/COL201404200,"Sunday, April 20, 2014",2:13 p.m. Local,Coors Field,33563,4:08,Day,Away,Philadelphia Phillies,PHI,Colorado Rockies,COL,40,10,15,10,8.0,1,7,44,0.375,0.364,0.675,1.039,165,123,0.929,1.75,1.638,,5.4,27,16,9.0,2,77,20,26,19,17,10,0,22,4,1,-0.43,-4.4,38,9,15,9,9.0,4,9,46,0.395,0.467,0.737,1.204,175,107,0.431,1.38,1.633,,4.4,27,12,9.0,2,71,21,17,13,18,13,0,39,2,2,-0.931,-5.4
LAN/LAN201404210,"Monday, April 21, 2014",7:11 p.m. Local,Dodger Stadium,37715,2:47,Night,Away,Philadelphia Phillies,PHI,Los Angeles Dodgers,LAD,39,7,11,6,6.0,3,5,42,0.282,0.333,0.513,0.846,124,96,0.234,0.55,0.542,,3.2,27,12,9.0,0,52,8,36,14,20,11,0,84,0,0,0.266,3.8,30,0,4,0,0.0,1,11,31,0.133,0.161,0.133,0.295,159,89,-0.265,0.49,0.084,,-3.8,27,12,9.0,2,47,14,28,13,6,2,0,32,0,0,-0.234,-3.2
LAN/LAN201404220,"Tuesday, April 22, 2014",7:09 p.m. Local,Dodger Stadium,44826,3:36,Night,Away,Philadelphia Phillies,PHI,Los Angeles Dodgers,LAD,40,3,11,3,1.8,2,8,44,0.275,0.318,0.375,0.693,138,110,0.06,1.55,1.248,,-1.2,30,11,10.0,0,62,14,34,16,17,8,0,58,1,0,0.441,2.2,36,2,8,2,1.8,1,7,39,0.222,0.237,0.306,0.542,171,91,-0.438,1.57,0.75,,-2.2,30,13,10.0,0,61,16,14,16,15,6,0,47,0,0,-0.059,1.2
LAN/LAN201404230,"Wednesday, April 23, 2014",7:10 p.m. Local,Dodger Stadium,40776,2:52,Night,Home,Los Angeles Dodgers,LAD,Philadelphia Phillies,PHI,32,2,5,2,2.0,1,13,33,0.156,0.182,0.313,0.494,126,90,-0.31,0.81,0.345,,-1.8,24,11,8.0,1,45,19,26,5,14,4,0,56,2,1,-0.19,-1.6,34,5,12,5,5.62,1,7,36,0.353,0.361,0.647,1.008,134,80,0.19,1.08,0.662,,1.6,27,4,9.0,1,51,12,19,12,16,7,0,69,0,0,0.31,1.8
LAN/LAN201404240,"Thursday, April 24, 2014",7:11 p.m. Local,Dodger Stadium,51699,3:33,Night,Away,Philadelphia Phillies,PHI,Los Angeles Dodgers,LAD,38,7,11,7,5.0,5,8,44,0.289,0.386,0.395,0.781,157,107,0.484,1.16,1.368,,3.2,27,10,9.0,2,66,15,26,15,15,11,0,42,2,0,0.016,0.8,38,3,11,3,3.0,2,7,40,0.289,0.325,0.474,0.799,171,97,-0.016,1.4,0.894,,-0.8,27,10,9.0,0,59,9,29,18,13,5,0,55,3,2,-0.485,-3.2
ARI/ARI201404250,"Friday, April 25, 2014",6:40 p.m. Local,Chase Field,28168,3:21,Night,Home,Arizona Diamondbacks,ARI,Philadelphia Phillies,PHI,38,4,11,3,3.0,2,8,40,0.289,0.325,0.289,0.614,135,114,-0.321,0.63,0.785,,-0.1,24,9,8.0,2,67,16,31,15,15,10,0,45,0,0,-0.181,-1.4,33,5,9,5,5.62,2,6,35,0.273,0.314,0.485,0.799,183,82,0.182,1.71,0.533,,1.4,27,8,9.0,0,46,11,25,15,12,8,0,69,3,2,0.32,0.1
ARI/ARI201404260,"Saturday, April 26, 2014",5:10 p.m. Local,Chase Field,35462,3:05,Night,Away,Philadelphia Phillies,PHI,Arizona Diamondbacks,ARI,41,6,13,6,5.0,3,5,44,0.317,0.364,0.366,0.729,131,102,0.457,1.0,1.172,,1.9,27,11,9.0,0,59,12,31,20,16,7,0,40,1,0,0.043,-0.9,33,5,10,5,3.0,5,4,40,0.303,0.385,0.424,0.809,161,84,-0.043,1.17,0.681,,0.9,27,12,9.0,0,47,6,32,12,19,10,0,52,2,2,-0.456,-1.9
ARI/ARI201404270,"Sunday, April 27, 2014",1:12 p.m. Local,Chase Field,30022,2:37,Day,Away,Philadelphia Phillies,PHI,Arizona Diamondbacks,ARI,34,2,8,1,2.0,1,13,35,0.235,0.257,0.294,0.551,120,89,-0.099,1.29,0.453,,-2.1,27,11,9.0,0,54,14,24,10,11,7,0,80,0,0,0.598,4.1,32,0,6,0,0.0,0,8,33,0.188,0.212,0.281,0.493,123,79,-0.6,0.82,0.372,,-4.1,27,9,9.0,0,47,9,23,13,11,7,0,66,0,0,0.098,2.1
PHI/PHI201404290,"Tuesday, April 29, 2014",8:33 p.m. Local,Citizens Bank Park,28189,2:53,Night,Away,New York Mets,NYM,Philadelphia Phillies,PHI,32,6,9,6,6.0,5,6,39,0.281,0.395,0.344,0.738,148,87,0.311,0.43,0.745,,2.0,27,10,9.0,1,46,14,29,13,14,5,0,69,0,0,0.189,3.0,32,1,5,1,1.0,2,6,34,0.156,0.206,0.281,0.487,154,88,-0.189,0.78,0.151,,-3.0,27,10,9.0,0,53,9,26,13,13,6,0,22,2,0,-0.311,-2.0
PHI/PHI201405020,"Friday, May 2, 2014",7:07 p.m. Local,Citizens Bank Park,31945,3:11,Night,Away,Washington Nationals,WSN,Philadelphia Phillies,PHI,36,5,10,5,4.0,4,9,41,0.278,0.35,0.417,0.767,126,107,0.386,1.13,1.175,,1.0,27,10,9.0,1,59,15,33,16,12,7,0,58,1,0,0.114,1.0,33,3,8,3,0.0,3,7,36,0.242,0.306,0.364,0.669,166,82,-0.115,1.38,0.687,,-1.0,27,8,9.0,1,44,16,22,9,17,9,0,66,2,2,-0.386,-1.0
PHI/PHI201405030,"Saturday, May 3, 2014",7:07 p.m. Local,Citizens Bank Park,33441,2:57,Night,Home,Philadelphia Phillies,PHI,Washington Nationals,WSN,31,2,4,2,2.0,2,13,35,0.129,0.206,0.355,0.561,153,89,-0.182,0.27,0.179,,-2.0,24,11,8.0,2,43,14,32,9,10,4,0,24,2,2,-0.318,-3.4,36,7,12,7,7.88,3,6,39,0.333,0.385,0.583,0.968,139,94,0.318,0.54,0.421,,3.4,27,6,9.0,2,52,15,27,18,12,5,0,67,0,0,0.183,2.0
PHI/PHI201405040,"Sunday, May 4, 2014",3:08 p.m. Local,Citizens Bank Park,37490,2:45,Day,Home,Philadelphia Phillies,PHI,Washington Nationals,WSN,31,0,5,0,0.0,4,5,36,0.161,0.257,0.161,0.418,116,77,-0.709,0.76,0.338,,-4.0,24,10,8.0,0,42,14,21,15,12,4,0,71,1,0,0.209,2.6,25,1,4,1,1.12,3,8,30,0.16,0.25,0.32,0.57,135,74,-0.208,1.62,0.253,,-2.6,27,12,9.0,0,39,18,17,12,7,2,0,70,2,0,0.709,4.0
PHI/PHI201405050,"Monday, May 5, 2014",7:09 p.m. Local,Citizens Bank Park,25275,2:59,Night,Away,Toronto Blue Jays,TOR,Philadelphia Phillies,PHI,33,3,7,3,3.0,3,7,37,0.212,0.297,0.394,0.691,147,85,0.096,1.09,0.434,,-1.0,27,13,9.0,0,47,9,29,11,16,6,0,59,1,0,0.404,4.0,33,0,7,0,0.0,5,7,38,0.212,0.316,0.273,0.589,143,91,-0.403,0.51,0.456,,-4.0,27,13,9.0,1,51,11,29,12,14,6,0,52,0,0,-0.097,1.0
PHI/PHI201405060,"Tuesday, May 6, 2014",7:08 p.m. Local,Citizens Bank Park,26057,3:06,Night,Away,Toronto Blue Jays,TOR,Philadelphia Phillies,PHI,38,6,12,6,5.4,3,9,42,0.316,0.357,0.526,0.883,138,100,0.242,1.42,1.091,,1.5,30,16,10.0,1,51,21,28,12,18,7,0,49,0,0,0.259,-0.5,39,5,10,5,4.5,1,7,40,0.256,0.275,0.436,0.711,155,95,-0.26,1.22,0.863,,0.5,30,8,10.0,2,56,14,25,14,18,8,0,37,0,0,-0.24,-1.5
TOR/TOR201405070,"Wednesday, May 7, 2014",7:07 p.m. Local,Rogers Centre,16446,2:23,Night,Home,Toronto Blue Jays,TOR,Philadelphia Phillies,PHI,30,0,3,0,0.0,2,7,32,0.1,0.156,0.133,0.29,142,79,-0.448,0.48,0.238,,-4.2,24,10,8.0,3,44,11,24,10,13,4,0,40,3,3,-0.052,-6.3,34,10,11,9,11.25,2,8,37,0.324,0.351,0.765,1.116,120,93,0.052,1.08,0.359,,6.3,27,7,9.0,0,53,11,29,11,16,7,0,75,0,0,0.448,4.2
TOR/TOR201405080,"Thursday, May 8, 2014",7:08 p.m. Local,Rogers Centre,18158,3:00,Night,Home,Toronto Blue Jays,TOR,Philadelphia Phillies,PHI,37,6,10,5,5.0,4,12,41,0.27,0.341,0.514,0.855,147,104,-0.093,0.45,0.487,,1.8,24,12,8.0,5,47,26,31,13,12,4,0,30,0,0,-0.407,-8.3,34,12,13,12,10.12,3,6,39,0.382,0.436,0.912,1.348,168,89,0.406,0.75,0.643,,8.3,27,8,9.0,1,50,14,25,11,18,8,0,54,2,1,0.093,-1.8
NYN/NYN201405090,"Friday, May 9, 2014",7:12 p.m. Local,Citi Field,30036,4:39,Night,Away,Philadelphia Phillies,PHI,New York Mets,NYM,40,3,9,3,2.45,11,12,53,0.225,0.404,0.3,0.704,195,127,-0.0,1.72,1.187,,-1.6,33,7,11.0,0,67,23,37,15,14,8,0,52,0,0,0.497,2.6,43,2,10,2,1.64,5,12,50,0.233,0.327,0.279,0.606,226,118,-0.499,1.53,1.097,,-2.6,33,11,11.0,0,69,15,34,13,19,5,0,45,2,0,-0.003,1.6
NYN/NYN201405100,"Saturday, May 10, 2014",7:49 p.m. Local,Citi Field,29170,3:16,Night,Away,Philadelphia Phillies,PHI,New York Mets,NYM,36,5,11,5,5.0,2,3,41,0.306,0.366,0.444,0.81,154,88,0.451,1.88,1.24,,1.3,27,9,9.0,1,53,8,27,15,19,11,0,46,3,1,0.048,-0.3,32,4,7,4,4.0,4,8,39,0.219,0.316,0.344,0.66,138,96,-0.049,1.29,1.055,,0.3,27,13,9.0,1,58,12,26,12,14,5,0,48,1,0,-0.452,-1.3
NYN/NYN201405110,"Sunday, May 11, 2014",1:10 p.m. Local,Citi Field,28926,4:22,Day,Home,New York Mets,NYM,Philadelphia Phillies,PHI,40,4,9,4,3.27,6,10,49,0.225,0.354,0.375,0.729,213,105,-0.116,2.14,0.694,,-0.6,31,10,10.1,1,61,13,31,18,13,5,0,66,1,1,-0.385,-1.9,46,5,16,5,4.35,6,13,53,0.348,0.423,0.522,0.945,179,130,0.386,0.96,1.845,,1.9,33,14,11.0,0,73,19,38,18,16,6,0,49,1,0,0.116,0.6
PHI/PHI201405130,"Tuesday, May 13, 2014",7:07 p.m. Local,Citizens Bank Park,41959,2:49,Night,Away,Los Angeles Angels of Anaheim,LAA,Philadelphia Phillies,PHI,35,4,7,3,0.0,2,7,39,0.2,0.237,0.257,0.494,119,89,0.198,1.36,0.864,,-0.0,27,6,9.0,0,44,8,37,14,16,9,0,55,0,0,0.302,1.0,29,3,4,3,3.0,3,5,34,0.138,0.235,0.276,0.511,141,73,-0.302,1.27,0.668,,-1.0,27,6,9.0,0,40,8,25,10,15,5,0,63,0,0,-0.198,0.0
PHI/PHI201405140,"Wednesday, May 14, 2014",1:08 p.m. Local,Citizens Bank Park,33308,3:08,Day,Away,Los Angeles Angels of Anaheim,LAA,Philadelphia Phillies,PHI,33,3,8,3,3.0,6,10,39,0.242,0.359,0.364,0.723,125,106,0.089,0.86,0.586,,-1.0,27,12,9.0,0,51,22,33,9,14,6,0,75,0,0,0.413,4.0,33,0,5,0,0.0,0,10,33,0.152,0.152,0.212,0.364,175,86,-0.411,0.7,0.229,,-4.0,27,8,9.0,0,39,19,28,13,10,3,0,42,0,0,-0.088,1.0
PHI/PHI201405160,"Friday, May 16, 2014",7:07 p.m. Local,Citizens Bank Park,27316,2:48,Night,Away,Cincinnati Reds,CIN,Philadelphia Phillies,PHI,32,3,5,3,3.0,2,9,34,0.156,0.206,0.281,0.487,133,88,0.102,0.88,0.38,,-1.0,27,6,9.0,0,48,16,24,7,16,9,0,76,1,0,0.399,4.0,33,0,6,0,0.0,2,11,36,0.182,0.25,0.212,0.462,141,94,-0.399,0.48,0.283,,-4.0,27,4,9.0,1,50,20,24,9,14,8,0,61,0,0,-0.102,1.0
PHI/PHI201405170,"Saturday, May 17, 2014",7:06 p.m. Local,Citizens Bank Park,30075,2:54,Night,Home,Philadelphia Phillies,PHI,Cincinnati Reds,CIN,30,1,3,1,1.0,3,10,33,0.1,0.182,0.133,0.315,184,76,-0.12,0.54,0.152,,-3.0,24,9,8.0,2,39,12,25,10,10,1,0,23,2,1,-0.381,-8.4,36,12,13,12,13.5,5,6,43,0.361,0.452,0.639,1.091,115,111,0.38,0.55,0.688,,8.4,27,8,9.0,0,62,20,29,16,15,6,0,75,0,0,0.119,3.0
PHI/PHI201405180,"Sunday, May 18, 2014",1:37 p.m. Local,Citizens Bank Park,36096,3:03,Day,Home,Philadelphia Phillies,PHI,Cincinnati Reds,CIN,37,3,10,2,2.0,2,6,40,0.27,0.308,0.324,0.632,140,111,-0.2,0.86,0.68,,-1.0,24,6,8.0,4,71,14,26,13,19,9,0,46,0,0,-0.298,-4.4,31,8,9,8,9.0,5,9,37,0.29,0.389,0.71,1.099,162,90,0.298,1.21,0.793,,4.4,27,8,9.0,0,42,12,36,9,14,6,0,50,2,0,0.202,1.0
MIA/MIA201405200,"Tuesday, May 20, 2014",7:11 p.m. Local,Marlins Park,18699,3:30,Night,Away,Philadelphia Phillies,PHI,Miami Marlins,MIA,35,6,8,6,6.0,7,7,42,0.229,0.357,0.429,0.786,175,100,0.41,1.76,0.952,,2.0,27,5,9.0,0,59,10,31,11,18,8,0,50,0,0,0.088,-1.0,33,5,6,5,4.0,8,10,42,0.182,0.357,0.242,0.6,175,103,-0.089,0.95,1.179,,1.0,27,8,9.0,1,51,16,36,10,13,5,0,37,1,1,-0.411,-2.0
MIA/MIA201405210,"Wednesday, May 21, 2014",7:11 p.m. Local,Marlins Park,18257,3:39,Night,Home,Miami Marlins,MIA,Philadelphia Phillies,PHI,39,5,14,5,3.0,2,5,42,0.359,0.405,0.513,0.918,186,111,-0.008,0.72,0.768,,1.0,24,13,8.0,1,74,14,23,16,18,9,0,32,1,1,-0.493,-10.5,37,14,14,14,15.75,7,5,46,0.378,0.467,0.622,1.088,167,105,0.493,1.1,0.793,,10.5,27,14,9.0,1,56,16,33,16,18,12,0,45,0,0,0.008,-1.0
MIA/MIA201405220,"Thursday, May 22, 2014",12:41 p.m. Local,Marlins Park,25507,2:46,Day,Home,Miami Marlins,MIA,Philadelphia Phillies,PHI,33,3,8,3,3.0,3,6,38,0.242,0.297,0.364,0.661,128,87,-0.214,1.33,0.797,,-1.0,26,7,8.2,1,48,12,27,19,10,5,0,58,0,0,-0.287,-0.7,35,4,10,4,4.15,2,8,37,0.286,0.324,0.4,0.724,137,88,0.287,1.45,1.011,,0.8,27,12,9.0,1,52,13,23,13,14,8,0,70,1,1,0.214,1.0
PHI/PHI201405230,"Friday, May 23, 2014",7:06 p.m. Local,Citizens Bank Park,27254,3:15,Night,Away,Los Angeles Dodgers,LAD,Philadelphia Phillies,PHI,34,2,9,2,2.0,5,6,40,0.265,0.375,0.382,0.757,149,87,-0.073,1.76,0.483,,-2.0,27,8,9.0,0,44,17,26,12,16,8,0,74,3,0,0.572,4.0,30,0,3,0,0.0,4,12,35,0.1,0.206,0.167,0.373,143,98,-0.572,0.74,0.678,,-4.0,27,8,9.0,1,52,21,25,7,12,7,0,50,2,0,0.072,2.0
PHI/PHI201405240,"Saturday, May 24, 2014",3:07 p.m. Local,Citizens Bank Park,32287,2:37,Day,Home,Philadelphia Phillies,PHI,Los Angeles Dodgers,LAD,33,3,7,2,2.0,2,5,35,0.212,0.257,0.303,0.56,144,82,-0.251,0.48,0.471,,-1.0,24,6,8.0,1,48,11,23,18,10,7,0,51,0,0,-0.249,-1.4,29,5,7,5,2.25,2,9,33,0.241,0.313,0.414,0.726,127,99,0.249,0.99,0.51,,1.4,27,16,9.0,0,60,16,23,10,11,6,0,51,0,0,0.251,1.0
PHI/PHI201405250,"Sunday, May 25, 2014",1:40 p.m. Local,Citizens Bank Park,36141,2:37,Day,Away,Los Angeles Dodgers,LAD,Philadelphia Phillies,PHI,37,6,11,4,4.0,1,4,39,0.297,0.316,0.432,0.748,128,80,0.161,0.56,0.549,,2.0,27,6,9.0,0,54,4,22,14,20,10,0,90,,,0.337,4.0,27,0,0,0,0.0,3,6,30,0.0,0.1,0.0,0.1,124,80,-0.337,0.62,0.055,,-4.0,27,12,9.0,1,38,13,29,10,11,3,0,37,0,0,-0.163,-2.0
PHI/PHI201405260,"Monday, May 26, 2014",5:09 p.m. Local,Citizens Bank Park,27289,3:06,Night,Home,Philadelphia Phillies,PHI,Colorado Rockies,COL,31,0,7,0,0.0,4,5,36,0.226,0.314,0.226,0.54,147,82,-0.357,0.65,0.419,,-4.0,24,10,8.0,2,48,10,24,14,13,5,0,41,2,2,-0.143,-5.4,35,9,12,9,10.12,2,7,37,0.343,0.378,0.543,0.921,126,93,0.146,1.11,0.564,,5.4,27,10,9.0,0,51,14,28,14,14,10,0,60,1,0,0.357,4.0
PHI/PHI201405270,"Tuesday, May 27, 2014",8:27 p.m. Local,Citizens Bank Park,23159,3:21,Night,Away,Colorado Rockies,COL,Philadelphia Phillies,PHI,32,6,6,6,6.0,3,5,37,0.188,0.27,0.375,0.645,151,99,0.281,1.03,0.748,,2.0,27,11,9.0,2,60,18,21,12,16,5,0,58,1,0,0.218,2.0,34,2,8,2,2.0,4,7,39,0.235,0.333,0.412,0.745,147,94,-0.218,0.87,0.57,,-2.0,27,9,9.0,1,50,21,23,13,14,7,0,57,2,1,-0.282,-2.0
PHI/PHI201405280,"Wednesday, May 28, 2014",7:08 p.m. Local,Citizens Bank Park,23691,3:46,Night,Home,Philadelphia Phillies,PHI,Colorado Rockies,COL,36,3,9,3,3.0,9,7,45,0.25,0.4,0.5,0.9,160,97,0.038,2.02,1.154,,-1.0,26,7,8.2,1,57,19,21,17,12,5,0,50,2,2,-0.536,-2.1,36,6,9,6,2.08,4,7,40,0.25,0.325,0.361,0.686,172,91,0.534,1.36,1.648,,2.1,27,11,9.0,2,57,13,21,10,19,11,0,48,4,0,-0.036,1.0
PHI/PHI201405290,"Thursday, May 29, 2014",7:07 p.m. Local,Citizens Bank Park,26668,2:55,Night,Away,New York Mets,NYM,Philadelphia Phillies,PHI,35,4,8,3,3.0,4,5,39,0.229,0.308,0.343,0.651,137,81,0.157,0.72,0.548,,-0.0,27,12,9.0,1,47,11,23,12,18,6,0,70,0,0,0.343,3.0,31,1,4,1,1.0,0,15,31,0.129,0.129,0.258,0.387,136,89,-0.343,0.65,0.138,,-3.0,27,10,9.0,1,33,17,39,10,6,5,0,46,2,0,-0.157,0.0
PHI/PHI201405300,"Friday, May 30, 2014",7:07 p.m. Local,Citizens Bank Park,30236,5:23,Night,Home,Philadelphia Phillies,PHI,New York Mets,NYM,47,5,8,5,3.21,10,19,59,0.17,0.316,0.213,0.529,239,135,-0.595,1.71,1.252,,-1.2,39,16,13.0,1,57,27,51,11,19,10,0,31,3,0,0.093,-2.0,53,6,14,6,2.77,9,9,62,0.264,0.371,0.34,0.711,225,147,-0.094,1.86,1.545,,2.0,42,8,14.0,0,84,20,43,23,21,7,0,52,1,0,0.595,1.2
PHI/PHI201405310,"Saturday, May 31, 2014",3:09 p.m. Local,Citizens Bank Park,37516,5:32,Day,Away,New York Mets,NYM,Philadelphia Phillies,PHI,49,5,11,5,3.21,7,13,58,0.224,0.321,0.327,0.648,227,144,-0.1,2.37,1.036,,-1.2,42,13,14.0,1,83,23,38,13,25,14,0,64,1,0,0.599,2.2,50,4,10,4,2.57,6,17,57,0.2,0.286,0.32,0.606,253,136,-0.596,1.16,1.864,,-2.2,42,9,14.0,1,68,30,39,16,18,10,0,43,0,0,0.098,1.2
PHI/PHI201406010,"Sunday, June 1, 2014",1:36 p.m. Local,Citizens Bank Park,36039,3:29,Day,Away,New York Mets,NYM,Philadelphia Phillies,PHI,39,4,9,4,2.45,5,13,46,0.231,0.304,0.359,0.663,131,114,-0.037,1.29,1.224,,-0.9,33,13,11.0,2,70,14,32,11,17,7,0,63,0,0,0.537,1.9,39,3,9,3,2.45,1,9,41,0.231,0.25,0.41,0.66,186,92,-0.537,1.68,0.54,,-1.9,33,8,11.0,1,49,12,31,13,18,10,0,61,0,0,0.038,0.9
PHI/PHI201406020,"Monday, June 2, 2014",7:06 p.m. Local,Citizens Bank Park,26302,3:17,Night,Away,New York Mets,NYM,Philadelphia Phillies,PHI,37,11,10,11,10.0,7,9,44,0.27,0.386,0.459,0.846,135,100,0.177,0.94,0.525,,7.0,27,13,9.0,0,57,15,28,11,17,11,0,59,4,1,0.322,2.0,31,2,7,1,2.0,3,6,35,0.226,0.294,0.258,0.552,187,85,-0.322,0.55,0.317,,-2.0,27,9,9.0,1,50,8,27,13,13,8,0,43,4,4,-0.177,-7.0
WAS/WAS201406030,"Tuesday, June 3, 2014",7:06 p.m. Local,Nationals Park,25291,2:42,Night,Home,Washington Nationals,WSN,Philadelphia Phillies,PHI,33,0,6,0,0.0,2,5,35,0.182,0.229,0.212,0.441,144,85,-0.272,0.56,0.058,,-4.1,24,6,8.0,2,47,11,27,15,13,8,0,28,0,0,-0.229,-3.3,34,7,10,7,7.88,3,7,38,0.294,0.351,0.559,0.91,124,94,0.229,0.41,0.477,,3.3,27,9,9.0,0,63,15,16,11,17,9,0,75,0,0,0.271,4.1
WAS/WAS201406040,"Wednesday, June 4, 2014",7:08 p.m. Local,Nationals Park,33614,3:00,Night,Home,Washington Nationals,WSN,Philadelphia Phillies,PHI,37,4,9,3,2.0,1,13,38,0.243,0.263,0.351,0.615,135,103,-0.186,0.71,0.347,,-0.1,24,11,8.0,1,50,20,33,12,12,9,0,19,0,0,-0.315,-4.3,34,8,11,8,9.0,4,7,38,0.324,0.395,0.529,0.924,147,84,0.315,0.72,0.605,,4.3,27,7,9.0,1,50,10,24,15,12,7,0,62,0,0,0.186,0.1
WAS/WAS201406050,"Thursday, June 5, 2014",4:06 p.m. Local,Nationals Park,33016,2:38,Day,Home,Washington Nationals,WSN,Philadelphia Phillies,PHI,30,2,4,2,2.0,0,9,32,0.133,0.161,0.3,0.461,118,82,-0.333,0.94,0.231,,-2.1,24,12,8.0,1,44,9,29,15,7,2,0,46,2,0,-0.167,-0.3,28,4,8,4,4.5,5,3,36,0.286,0.412,0.429,0.84,119,75,0.167,0.85,0.68,,0.3,27,14,9.0,1,46,6,23,13,14,7,0,66,0,0,0.332,2.1
CIN/CIN201406060,"Friday, June 6, 2014",7:11 p.m. Local,Great American Ball Park,38331,3:18,Night,Away,Philadelphia Phillies,PHI,Cincinnati Reds,CIN,36,8,11,7,7.0,3,10,43,0.306,0.372,0.444,0.817,139,113,0.191,0.74,0.52,,4.0,27,11,9.0,0,58,20,35,13,15,10,0,74,1,0,0.308,4.0,31,0,5,0,0.0,2,8,34,0.161,0.212,0.194,0.406,176,93,-0.308,0.42,0.207,,-4.0,27,9,9.0,1,60,11,22,17,7,3,0,43,2,1,-0.191,-4.0
CIN/CIN201406070,"Saturday, June 7, 2014",4:11 p.m. Local,Great American Ball Park,36347,2:56,Day,Home,Cincinnati Reds,CIN,Philadelphia Phillies,PHI,35,5,11,5,5.0,1,6,37,0.314,0.333,0.629,0.962,146,93,-0.17,0.85,0.672,,1.0,24,10,8.0,2,58,14,21,17,13,9,0,37,0,0,-0.33,-2.5,25,6,6,6,6.75,5,7,35,0.24,0.364,0.52,0.884,134,86,0.33,1.22,0.683,,2.5,27,17,9.0,3,51,14,21,12,10,4,0,49,1,0,0.17,-1.0
CIN/CIN201406080,"Sunday, June 8, 2014",1:10 p.m. Local,Great American Ball Park,30222,2:40,Day,Home,Cincinnati Reds,CIN,Philadelphia Phillies,PHI,32,1,6,1,1.0,3,10,36,0.188,0.25,0.188,0.438,132,88,-0.255,0.81,0.355,,-3.0,24,10,8.0,1,40,16,32,15,8,6,0,50,0,0,-0.244,-0.5,29,4,6,4,4.5,0,8,30,0.207,0.233,0.345,0.578,137,88,0.244,0.94,0.636,,0.5,27,11,9.0,0,52,10,26,12,9,7,0,70,0,0,0.256,3.0
PHI/PHI201406100,"Tuesday, June 10, 2014",7:13 p.m. Local,Citizens Bank Park,31037,2:40,Night,Home,Philadelphia Phillies,PHI,San Diego Padres,SDP,31,2,5,2,2.0,2,6,35,0.161,0.229,0.323,0.551,131,77,-0.211,0.62,0.434,,-2.0,24,13,8.0,1,46,14,17,13,13,6,0,46,3,0,-0.289,-1.4,32,5,9,5,5.62,0,6,33,0.281,0.273,0.406,0.679,125,90,0.29,0.87,0.585,,1.4,27,8,9.0,1,56,6,28,15,12,8,0,65,1,0,0.211,2.0
PHI/PHI201406110,"Wednesday, June 11, 2014",7:06 p.m. Local,Citizens Bank Park,25398,2:55,Night,Home,Philadelphia Phillies,PHI,San Diego Padres,SDP,30,0,5,0,0.0,1,12,33,0.167,0.219,0.2,0.419,136,88,-0.649,1.52,0.308,,-4.0,25,9,8.1,1,44,20,24,9,10,5,0,75,0,0,0.148,0.8,30,3,6,3,3.24,3,10,35,0.2,0.294,0.3,0.594,132,85,-0.149,1.38,0.761,,-0.8,27,8,9.0,0,43,19,23,13,8,4,0,82,0,0,0.649,4.0
PHI/PHI201406120,"Thursday, June 12, 2014",1:08 p.m. Local,Citizens Bank Park,29372,3:05,Day,Home,Philadelphia Phillies,PHI,San Diego Padres,SDP,35,3,8,2,2.0,0,7,35,0.229,0.229,0.343,0.571,141,99,-0.18,1.16,0.344,,-1.0,24,7,8.0,1,56,18,25,8,20,10,0,36,2,2,-0.32,-3.4,32,7,10,7,7.88,3,3,37,0.312,0.361,0.531,0.892,149,92,0.321,0.81,1.048,,3.4,27,6,9.0,1,52,13,27,12,19,7,0,57,0,0,0.18,1.0
PHI/PHI201406130,"Friday, June 13, 2014",7:07 p.m. Local,Citizens Bank Park,26154,2:51,Night,Away,Chicago Cubs,CHC,Philadelphia Phillies,PHI,29,2,4,2,2.0,2,10,32,0.138,0.219,0.241,0.46,140,79,-0.068,1.55,0.321,,-2.0,27,12,9.0,0,42,15,22,9,10,8,0,81,0,0,0.568,3.0,31,1,5,1,1.0,2,11,34,0.161,0.212,0.226,0.438,122,91,-0.568,0.69,0.456,,-3.0,27,10,9.0,1,43,17,31,13,8,5,0,58,1,0,0.068,2.0
PHI/PHI201406140,"Saturday, June 14, 2014",3:07 p.m. Local,Citizens Bank Park,31524,3:04,Day,Home,Philadelphia Phillies,PHI,Chicago Cubs,CHC,33,4,9,4,4.0,2,9,36,0.273,0.314,0.545,0.86,140,89,-0.046,0.62,0.513,,-0.0,24,9,8.0,2,49,18,22,11,14,6,0,22,0,0,-0.455,-3.4,34,7,10,6,6.75,3,4,37,0.294,0.351,0.588,0.94,148,85,0.455,0.84,0.813,,3.4,27,9,9.0,3,54,11,20,12,18,10,0,47,0,0,0.045,0.0
PHI/PHI201406150,"Sunday, June 15, 2014",1:40 p.m. Local,Citizens Bank Park,41238,2:35,Day,Away,Chicago Cubs,CHC,Philadelphia Phillies,PHI,35,3,8,3,3.0,0,6,35,0.229,0.229,0.371,0.6,123,78,0.05,1.04,0.403,,-1.0,27,4,9.0,0,50,15,13,9,20,6,0,79,0,0,0.449,4.0,30,0,3,0,0.0,3,6,33,0.1,0.182,0.1,0.282,115,73,-0.447,0.6,0.246,,-4.0,27,6,9.0,1,42,8,23,7,17,4,0,58,0,0,-0.051,1.0
ATL/ATL201406160,"Monday, June 16, 2014",7:13 p.m. Local,Turner Field,23900,4:47,Night,Away,Philadelphia Phillies,PHI,Atlanta Braves,ATL,50,6,12,6,2.08,4,11,55,0.24,0.291,0.34,0.631,206,131,-0.154,2.18,0.941,,0.4,39,14,13.0,0,70,20,41,15,25,8,0,71,0,0,0.656,4.6,48,1,12,1,0.69,3,14,52,0.25,0.308,0.333,0.641,217,134,-0.656,1.31,1.505,,-4.6,39,12,13.0,1,74,27,33,15,19,9,0,76,2,0,0.156,-0.4
ATL/ATL201406170,"Tuesday, June 17, 2014",7:10 p.m. Local,Turner Field,41631,3:05,Night,Away,Philadelphia Phillies,PHI,Atlanta Braves,ATL,35,5,10,4,4.0,7,7,43,0.286,0.405,0.457,0.862,114,105,0.194,0.86,0.613,,1.1,27,11,9.0,0,66,19,20,11,18,6,0,62,0,0,0.306,1.9,31,2,6,1,2.0,1,8,33,0.194,0.219,0.29,0.509,176,78,-0.306,0.59,0.311,,-1.9,27,10,9.0,1,43,11,24,11,13,7,0,44,3,0,-0.194,-1.1
ATL/ATL201406180,"Wednesday, June 18, 2014",12:10 p.m. Local,Turner Field,28500,3:32,Day,Away,Philadelphia Phillies,PHI,Atlanta Braves,ATL,46,10,18,10,9.0,3,8,49,0.391,0.429,0.565,0.994,154,110,0.721,0.67,1.151,,6.1,27,12,9.0,2,61,22,27,16,22,9,0,33,0,0,-0.221,-1.1,32,5,9,5,5.0,6,7,40,0.281,0.41,0.563,0.973,177,97,0.223,0.77,0.713,,1.1,27,10,9.0,1,59,20,18,13,13,3,0,8,0,0,-0.722,-6.1
SLN/SLN201406190,"Thursday, June 19, 2014",7:17 p.m. Local,Busch Stadium III,42106,2:48,Night,Away,Philadelphia Phillies,PHI,St. Louis Cardinals,STL,32,4,8,4,4.0,3,6,37,0.25,0.306,0.375,0.681,126,82,0.134,0.81,0.485,,0.0,27,12,9.0,0,49,10,25,12,16,7,0,70,1,0,0.366,3.0,30,1,4,1,1.0,1,4,32,0.133,0.188,0.167,0.354,128,81,-0.365,0.6,0.226,,-3.0,27,11,9.0,1,53,10,18,14,12,6,0,45,3,0,-0.135,-0.0
SLN/SLN201406200,"Friday, June 20, 2014",8:05 p.m. Local,Busch Stadium III,44061,2:48,Night,Away,Philadelphia Phillies,PHI,St. Louis Cardinals,STL,35,5,9,5,5.0,4,8,40,0.257,0.325,0.457,0.782,111,97,0.281,0.83,0.714,,1.0,27,17,9.0,0,54,18,25,14,12,6,2,71,,,0.221,3.0,32,1,7,1,1.0,1,3,35,0.219,0.286,0.281,0.567,155,69,-0.222,0.8,0.345,,-3.0,27,13,9.0,1,49,1,19,18,11,4,0,42,1,1,-0.279,-1.0
SLN/SLN201406210,"Saturday, June 21, 2014",3:11 p.m. Local,Busch Stadium III,44789,2:48,Day,Home,St. Louis Cardinals,STL,Philadelphia Phillies,PHI,32,1,6,1,1.0,1,9,35,0.188,0.229,0.219,0.447,131,80,-0.422,1.24,0.406,,-3.0,24,9,8.0,0,38,15,27,13,11,5,0,61,1,1,-0.076,-0.5,26,4,5,4,2.25,5,8,34,0.192,0.324,0.308,0.631,124,81,0.076,1.24,0.808,,0.5,27,11,9.0,0,40,13,28,10,10,5,0,73,0,0,0.424,3.0
SLN/SLN201406220,"Sunday, June 22, 2014",1:15 p.m. Local,Busch Stadium III,43484,2:54,Day,Home,St. Louis Cardinals,STL,Philadelphia Phillies,PHI,33,3,5,3,3.0,2,11,36,0.152,0.222,0.182,0.404,133,98,-0.162,0.99,0.515,,-1.0,24,10,8.0,0,50,18,30,11,11,6,0,37,1,0,-0.341,-1.5,32,5,12,5,5.62,2,5,36,0.375,0.412,0.406,0.818,147,82,0.341,1.07,0.764,,1.5,27,7,9.0,0,53,4,25,16,13,7,0,53,1,0,0.16,1.0
PHI/PHI201406230,"Monday, June 23, 2014",7:20 p.m. Local,Citizens Bank Park,32161,3:14,Night,Away,Miami Marlins,MIA,Philadelphia Phillies,PHI,33,4,7,4,2.0,4,10,40,0.212,0.333,0.273,0.606,133,94,-0.006,1.21,0.46,,-0.0,27,8,9.0,0,54,14,26,15,9,5,0,62,2,0,0.506,4.0,30,0,6,0,0.0,2,3,32,0.2,0.25,0.233,0.483,161,85,-0.506,0.63,0.32,,-4.0,27,10,9.0,0,49,11,25,7,20,11,0,61,2,0,0.007,0.0
PHI/PHI201406240,"Tuesday, June 24, 2014",7:06 p.m. Local,Citizens Bank Park,24860,3:15,Night,Home,Philadelphia Phillies,PHI,Miami Marlins,MIA,35,4,10,3,4.0,4,6,40,0.286,0.35,0.429,0.779,150,103,-0.158,0.51,0.45,,-0.0,24,8,8.0,1,61,17,26,17,13,3,0,42,1,1,-0.345,-3.4,32,7,7,4,5.62,3,7,36,0.219,0.306,0.438,0.743,175,95,0.345,0.94,0.631,,3.4,27,12,9.0,1,52,25,18,13,12,7,0,45,1,0,0.157,0.0
PHI/PHI201406250,"Wednesday, June 25, 2014",7:08 p.m. Local,Citizens Bank Park,23360,2:53,Night,Away,Miami Marlins,MIA,Philadelphia Phillies,PHI,32,3,6,3,3.0,3,12,35,0.188,0.257,0.25,0.507,127,90,-0.019,1.83,0.507,,-1.0,27,14,9.0,0,38,23,29,11,9,3,0,55,1,0,0.52,2.0,32,2,7,2,1.0,2,7,37,0.219,0.278,0.25,0.528,139,84,-0.52,0.86,0.679,,-2.0,27,9,9.0,0,48,14,22,17,10,5,0,60,0,0,0.02,1.0
PHI/PHI201406260,"Thursday, June 26, 2014",7:08 p.m. Local,Citizens Bank Park,34168,4:41,Night,Home,Philadelphia Phillies,PHI,Miami Marlins,MIA,49,3,9,3,1.93,4,12,53,0.184,0.245,0.388,0.633,227,133,-0.758,2.12,0.834,,-3.2,39,12,13.0,1,76,26,31,20,17,9,0,56,2,0,0.258,0.8,51,5,13,4,2.77,3,13,57,0.255,0.304,0.314,0.617,207,150,-0.258,1.57,1.548,,-0.8,42,17,14.0,3,88,26,36,20,20,8,0,60,0,0,0.759,3.2
PHI/PHI201406270,"Friday, June 27, 2014",7:07 p.m. Local,Citizens Bank Park,38100,3:11,Night,Away,Atlanta Braves,ATL,Philadelphia Phillies,PHI,35,4,9,4,4.0,2,10,39,0.257,0.316,0.4,0.716,150,93,0.134,1.38,0.51,,-0.0,27,7,9.0,0,57,17,19,12,14,6,0,68,0,0,0.366,2.0,33,2,7,2,1.0,2,13,35,0.212,0.257,0.273,0.53,140,94,-0.367,0.6,0.551,,-2.0,27,10,9.0,1,60,21,13,8,12,6,0,54,0,0,-0.134,0.0
PHI/PHI201406281,"Saturday, June 28, 2014",2:07 p.m. Local,Citizens Bank Park,28845,3:08,Day,Away,Atlanta Braves,ATL,Philadelphia Phillies,PHI,34,10,7,9,8.0,8,2,43,0.206,0.357,0.324,0.681,122,95,0.338,0.87,0.787,,6.0,27,14,9.0,0,65,13,17,22,11,6,0,56,2,0,0.163,1.0,36,3,9,3,3.0,1,6,37,0.25,0.27,0.361,0.631,163,81,-0.163,0.83,0.49,,-1.0,27,16,9.0,0,50,12,19,18,12,6,0,58,1,1,-0.337,-6.0
PHI/PHI201406282,"Saturday, June 28, 2014",7:15 p.m. Local,Citizens Bank Park,30845,3:09,Night,Away,Atlanta Braves,ATL,Philadelphia Phillies,PHI,38,5,13,5,5.0,2,5,40,0.342,0.375,0.474,0.849,143,94,0.224,1.16,0.803,,1.0,27,10,9.0,0,67,13,14,11,22,12,0,57,0,0,0.277,3.0,33,1,6,1,1.0,2,4,36,0.182,0.222,0.212,0.434,146,93,-0.277,0.85,0.472,,-3.0,27,8,9.0,1,60,8,25,15,16,8,0,40,2,2,-0.222,-1.0
PHI/PHI201406290,"Sunday, June 29, 2014",1:38 p.m. Local,Citizens Bank Park,33215,3:06,Day,Away,Atlanta Braves,ATL,Philadelphia Phillies,PHI,33,3,7,3,3.0,5,9,38,0.212,0.316,0.333,0.649,129,92,-0.056,1.96,0.635,,-1.0,27,12,9.0,2,55,16,21,13,11,4,0,49,0,0,0.557,2.0,37,2,13,2,2.0,2,6,39,0.351,0.385,0.541,0.925,160,83,-0.557,0.95,0.992,,-2.0,27,11,9.0,0,50,11,22,16,15,7,0,44,0,0,0.057,1.0
MIA/MIA201407010,"Tuesday, July 1, 2014",7:11 p.m. Local,Marlins Park,18518,3:37,Night,Home,Miami Marlins,MIA,Philadelphia Phillies,PHI,42,4,9,4,3.27,1,5,43,0.214,0.233,0.381,0.614,190,98,-0.225,1.72,0.727,,-0.9,31,13,10.1,0,63,14,21,24,13,3,0,52,0,0,-0.274,-0.6,39,5,9,4,3.48,7,15,47,0.231,0.348,0.231,0.579,138,110,0.275,1.1,1.294,,0.6,33,18,11.0,2,57,22,31,14,11,8,0,57,0,0,0.226,0.9
MIA/MIA201407020,"Wednesday, July 2, 2014",7:10 p.m. Local,Marlins Park,20084,3:11,Night,Home,Miami Marlins,MIA,Philadelphia Phillies,PHI,32,0,5,0,0.0,2,10,34,0.156,0.206,0.156,0.362,163,84,-0.395,0.91,0.307,,-4.0,24,8,8.0,1,43,14,27,9,13,5,0,44,1,0,-0.106,-1.5,32,5,9,5,5.62,4,7,37,0.281,0.378,0.469,0.847,134,96,0.107,0.97,0.632,,1.5,27,7,9.0,0,59,13,24,10,15,7,0,72,0,0,0.394,4.0
MIA/MIA201407030,"Thursday, July 3, 2014",6:10 p.m. Local,Marlins Park,24915,3:12,Night,Away,Philadelphia Phillies,PHI,Miami Marlins,MIA,37,5,9,5,5.0,2,10,40,0.243,0.3,0.27,0.57,124,110,0.733,1.88,1.556,,1.0,27,15,9.0,0,64,18,28,9,18,10,0,60,0,0,-0.233,-0.0,33,4,10,4,4.0,1,6,37,0.303,0.324,0.394,0.717,175,82,0.232,1.73,1.215,,0.0,27,5,9.0,0,46,16,21,19,11,4,0,45,3,3,-0.732,-1.0
PIT/PIT201407040,"Friday, July 4, 2014",5:07 p.m. Local,PNC Park,38977,3:13,Night,Home,Pittsburgh Pirates,PIT,Philadelphia Phillies,PHI,28,2,2,1,2.0,4,6,33,0.071,0.212,0.071,0.284,158,83,-0.168,0.45,0.211,,-1.9,24,9,8.0,0,47,8,28,16,6,3,0,28,1,0,-0.332,-4.5,34,8,12,8,6.75,7,3,41,0.353,0.463,0.5,0.963,137,90,0.331,0.55,0.531,,4.5,27,13,9.0,0,57,7,26,13,18,4,0,69,3,1,0.167,1.9
PIT/PIT201407050,"Saturday, July 5, 2014",4:07 p.m. Local,PNC Park,37821,2:40,Day,Home,Pittsburgh Pirates,PIT,Philadelphia Phillies,PHI,31,2,5,2,2.0,4,8,35,0.161,0.257,0.355,0.612,108,81,-0.409,0.58,0.37,,-1.9,24,6,8.0,1,42,11,28,12,11,4,0,50,0,0,-0.094,0.5,30,3,6,3,3.38,1,6,32,0.2,0.25,0.367,0.617,129,69,0.092,1.11,0.394,,-0.5,27,12,9.0,2,40,14,15,7,17,3,0,66,0,0,0.407,1.9
PIT/PIT201407060,"Sunday, July 6, 2014",1:38 p.m. Local,PNC Park,33408,2:43,Day,Home,Pittsburgh Pirates,PIT,Philadelphia Phillies,PHI,30,2,4,2,1.0,1,4,31,0.133,0.161,0.233,0.395,137,79,-0.295,0.68,0.345,,-1.9,24,7,8.0,0,49,9,21,18,8,3,0,60,1,1,-0.207,-2.5,28,6,7,6,4.5,4,9,37,0.25,0.343,0.429,0.771,112,90,0.205,0.92,0.555,,2.5,27,14,9.0,1,47,20,23,13,10,6,0,73,0,0,0.295,1.9
MIL/MIL201407070,"Monday, July 7, 2014",7:11 p.m. Local,Miller Park,28080,3:25,Night,Away,Philadelphia Phillies,PHI,Milwaukee Brewers,MIL,35,3,9,3,3.0,2,11,38,0.257,0.297,0.343,0.64,135,103,-0.041,1.87,0.443,,-1.1,27,13,9.0,0,53,23,27,13,12,6,0,59,2,0,0.54,2.1,33,2,8,2,1.0,2,9,35,0.242,0.286,0.303,0.589,167,83,-0.54,0.77,0.78,,-2.1,27,8,9.0,1,54,13,16,12,12,9,0,46,0,0,0.04,1.1
MIL/MIL201407080,"Tuesday, July 8, 2014",7:11 p.m. Local,Miller Park,26126,3:24,Night,Away,Philadelphia Phillies,PHI,Milwaukee Brewers,MIL,36,9,10,9,9.0,3,7,40,0.278,0.325,0.417,0.742,143,97,0.572,1.23,0.962,,4.9,27,10,9.0,3,61,13,23,17,13,6,0,19,2,0,-0.072,-2.9,40,7,13,7,7.0,2,4,42,0.325,0.357,0.6,0.957,159,92,0.073,0.92,0.947,,2.9,27,8,9.0,1,57,14,21,15,21,8,0,12,2,2,-0.572,-4.9
MIL/MIL201407090,"Wednesday, July 9, 2014",7:10 p.m. Local,Miller Park,26480,2:15,Night,Away,Philadelphia Phillies,PHI,Milwaukee Brewers,MIL,33,4,7,4,4.0,0,9,34,0.212,0.212,0.394,0.606,93,86,0.148,0.96,0.567,,-0.1,27,12,9.0,0,51,12,23,12,13,7,0,73,0,0,0.353,3.1,29,1,3,1,1.0,2,4,32,0.103,0.161,0.103,0.265,120,65,-0.354,0.73,0.231,,-3.1,27,6,9.0,2,45,8,12,15,11,2,0,60,0,0,-0.148,0.1
MIL/MIL201407100,"Thursday, July 10, 2014",1:11 p.m. Local,Miller Park,36394,3:06,Day,Away,Philadelphia Phillies,PHI,Milwaukee Brewers,MIL,36,9,9,9,9.0,5,3,41,0.25,0.341,0.417,0.758,127,103,0.321,0.78,1.084,,4.9,27,12,9.0,1,62,7,34,12,21,7,0,69,0,0,0.179,3.1,29,1,4,1,1.0,1,8,32,0.138,0.194,0.241,0.435,163,83,-0.18,1.29,0.315,,-3.1,27,7,9.0,1,58,10,15,14,8,3,0,66,4,4,-0.321,-4.9
PHI/PHI201407110,"Friday, July 11, 2014",7:08 p.m. Local,Citizens Bank Park,30094,2:44,Night,Home,Philadelphia Phillies,PHI,Washington Nationals,WSN,31,2,6,2,2.0,4,7,36,0.194,0.286,0.355,0.641,116,77,-0.247,0.4,0.236,,-2.0,24,9,8.0,2,41,9,27,12,13,8,0,37,1,0,-0.253,-2.4,33,6,10,6,6.75,1,10,34,0.303,0.324,0.576,0.899,126,78,0.251,0.62,0.43,,2.4,27,11,9.0,1,46,11,21,7,16,8,0,63,2,1,0.248,2.0
PHI/PHI201407120,"Saturday, July 12, 2014",7:15 p.m. Local,Citizens Bank Park,32072,4:03,Night,Away,Washington Nationals,WSN,Philadelphia Phillies,PHI,37,5,6,4,4.5,5,8,42,0.162,0.262,0.297,0.559,182,103,0.267,1.78,1.2,,0.5,30,8,10.0,0,61,19,23,18,11,5,0,54,2,0,0.234,1.5,39,3,10,3,2.7,3,15,42,0.256,0.31,0.282,0.592,175,117,-0.235,1.42,1.035,,-1.5,30,13,10.0,1,64,30,23,10,14,7,0,59,1,0,-0.267,-0.5
PHI/PHI201407130,"Sunday, July 13, 2014",1:38 p.m. Local,Citizens Bank Park,30185,3:03,Day,Away,Washington Nationals,WSN,Philadelphia Phillies,PHI,37,10,12,10,10.0,1,9,40,0.324,0.35,0.541,0.891,141,100,0.265,0.52,0.408,,6.0,27,6,9.0,0,58,15,27,13,16,7,0,71,0,0,0.235,1.0,32,3,5,3,1.0,1,8,35,0.156,0.206,0.219,0.425,149,85,-0.236,0.35,0.15,,-1.0,27,9,9.0,2,50,15,20,10,15,6,0,44,2,1,-0.265,-6.0
ATL/ATL201407180,"Friday, July 18, 2014",7:36 p.m. Local,Turner Field,39747,2:45,Night,Home,Atlanta Braves,ATL,Philadelphia Phillies,PHI,29,4,6,4,3.0,4,5,34,0.207,0.294,0.241,0.535,115,85,-0.135,0.58,0.539,,0.1,24,11,8.0,1,54,11,20,14,11,3,0,27,0,0,-0.364,-2.5,34,6,10,6,6.75,1,7,35,0.294,0.314,0.441,0.755,142,78,0.365,1.12,0.646,,2.5,27,10,9.0,0,42,12,24,12,15,9,0,44,0,0,0.135,-0.1
ATL/ATL201407190,"Saturday, July 19, 2014",7:12 p.m. Local,Turner Field,38602,2:57,Night,Away,Philadelphia Phillies,PHI,Atlanta Braves,ATL,35,2,9,2,2.0,3,7,39,0.257,0.316,0.371,0.687,112,98,-0.098,1.31,0.806,,-1.9,27,11,9.0,0,60,14,24,9,20,8,0,74,0,0,0.599,2.9,30,1,5,1,1.0,0,11,31,0.167,0.194,0.267,0.46,157,84,-0.598,1.34,0.353,,-2.9,27,5,9.0,1,54,15,15,9,10,4,0,63,2,0,0.098,1.9
ATL/ATL201407200,"Sunday, July 20, 2014",1:37 p.m. Local,Turner Field,24859,2:44,Day,Home,Atlanta Braves,ATL,Philadelphia Phillies,PHI,35,2,9,2,2.0,0,13,35,0.257,0.257,0.457,0.714,147,95,-0.086,0.51,0.195,,-1.9,24,12,8.0,1,48,21,26,6,16,3,0,32,0,0,-0.414,-4.5,32,8,8,8,9.0,7,5,41,0.25,0.415,0.438,0.852,142,86,0.414,0.39,0.622,,4.5,27,4,9.0,2,53,16,17,16,11,2,0,70,0,0,0.087,1.9
PHI/PHI201407210,"Monday, July 21, 2014",7:08 p.m. Local,Citizens Bank Park,27334,3:28,Night,Away,San Francisco Giants,SFG,Philadelphia Phillies,PHI,38,7,15,7,7.0,3,5,42,0.395,0.439,0.553,0.992,165,87,0.566,1.5,1.237,,3.0,27,11,9.0,0,52,15,22,18,16,7,0,26,3,0,-0.067,0.0,41,4,14,4,3.0,0,8,42,0.341,0.341,0.341,0.683,135,104,0.067,1.11,1.083,,-0.0,27,10,9.0,1,59,15,30,20,14,4,0,23,1,0,-0.568,-3.0
PHI/PHI201407220,"Tuesday, July 22, 2014",7:07 p.m. Local,Citizens Bank Park,30109,5:46,Night,Away,San Francisco Giants,SFG,Philadelphia Phillies,PHI,59,9,18,8,5.79,5,11,65,0.305,0.359,0.508,0.868,248,164,0.187,1.57,1.923,,2.8,42,19,14.0,1,102,29,33,21,28,13,0,36,6,1,0.315,0.2,53,6,11,6,3.86,9,10,63,0.208,0.323,0.302,0.624,259,144,-0.312,1.72,1.371,,-0.2,42,16,14.0,2,88,19,37,23,21,9,0,45,1,0,-0.184,-2.8
PHI/PHI201407230,"Wednesday, July 23, 2014",7:11 p.m. Local,Citizens Bank Park,28648,3:02,Night,Away,San Francisco Giants,SFG,Philadelphia Phillies,PHI,30,3,5,3,3.0,6,8,38,0.167,0.342,0.2,0.542,109,90,-0.056,1.25,0.975,,-1.0,27,13,9.0,0,54,17,19,15,7,4,0,78,0,0,0.557,3.0,31,1,7,1,1.0,0,6,32,0.226,0.226,0.29,0.516,160,76,-0.555,1.65,0.361,,-3.0,27,15,9.0,0,49,10,18,14,12,7,0,76,0,0,0.056,1.0
PHI/PHI201407240,"Thursday, July 24, 2014",1:07 p.m. Local,Citizens Bank Park,33258,2:46,Day,Home,Philadelphia Phillies,PHI,San Francisco Giants,SFG,32,1,6,1,1.0,1,11,35,0.188,0.235,0.188,0.423,130,95,-0.554,0.94,0.427,,-3.0,24,7,8.0,0,60,21,14,7,15,8,0,56,0,0,0.053,1.6,33,2,9,2,0.0,2,7,35,0.273,0.314,0.333,0.648,126,86,-0.053,1.45,0.506,,-1.6,27,6,9.0,0,51,13,22,12,14,7,0,75,0,0,0.553,3.0
PHI/PHI201407250,"Friday, July 25, 2014",7:07 p.m. Local,Citizens Bank Park,25698,3:23,Night,Home,Philadelphia Phillies,PHI,Arizona Diamondbacks,ARI,36,5,11,5,5.0,3,11,40,0.306,0.375,0.472,0.847,155,113,-0.141,0.58,0.641,,1.0,24,10,8.0,1,63,16,34,9,16,12,0,32,0,0,-0.358,-5.4,35,9,12,8,9.0,4,9,41,0.343,0.415,0.6,1.015,170,95,0.36,1.12,0.566,,5.4,27,7,9.0,1,57,12,26,12,15,10,0,49,5,3,0.142,-1.0
PHI/PHI201407260,"Saturday, July 26, 2014",7:07 p.m. Local,Citizens Bank Park,29097,4:20,Night,Away,Arizona Diamondbacks,ARI,Philadelphia Phillies,PHI,42,10,16,10,9.0,3,10,50,0.381,0.438,0.595,1.033,208,108,0.546,1.1,1.649,,5.5,30,11,10.0,2,63,16,29,16,19,12,0,16,1,0,-0.047,-1.5,45,6,17,6,5.4,3,10,50,0.378,0.44,0.622,1.062,167,124,0.049,1.69,1.022,,1.5,30,13,10.0,2,75,20,29,13,22,8,0,39,1,0,-0.548,-5.5
PHI/PHI201407270,"Sunday, July 27, 2014",1:37 p.m. Local,Citizens Bank Park,31514,2:30,Day,Home,Philadelphia Phillies,PHI,Arizona Diamondbacks,ARI,30,2,6,2,2.0,1,3,32,0.2,0.219,0.267,0.485,137,64,-0.294,0.64,0.497,,-2.0,24,8,8.0,1,41,9,14,16,12,8,0,56,1,0,-0.204,-0.4,29,4,4,2,2.25,3,8,32,0.138,0.219,0.276,0.495,98,88,0.207,1.3,0.593,,0.4,27,15,9.0,0,49,14,25,10,11,4,0,62,0,0,0.295,2.0
NYN/NYN201407280,"Monday, July 28, 2014",7:11 p.m. Local,Citi Field,26525,2:54,Night,Home,New York Mets,NYM,Philadelphia Phillies,PHI,39,1,13,1,1.0,1,7,40,0.333,0.35,0.385,0.735,120,105,-0.169,0.31,0.114,,-2.7,24,13,8.0,1,63,10,32,13,19,9,0,25,0,0,-0.333,-3.7,32,7,9,7,7.88,3,5,36,0.281,0.343,0.531,0.874,149,75,0.332,0.34,0.431,,3.7,27,9,9.0,0,45,12,18,13,15,6,0,60,3,0,0.169,2.7
NYN/NYN201407290,"Tuesday, July 29, 2014",7:10 p.m. Local,Citi Field,27069,2:36,Night,Away,Philadelphia Phillies,PHI,New York Mets,NYM,32,6,7,6,6.0,3,6,38,0.219,0.306,0.531,0.837,126,96,0.16,0.7,0.547,,2.3,27,9,9.0,0,58,9,29,16,12,2,0,78,0,0,0.341,3.7,33,0,7,0,0.0,0,9,33,0.212,0.212,0.242,0.455,146,95,-0.342,0.66,0.161,,-3.7,27,12,9.0,3,54,18,23,11,13,4,0,43,3,3,-0.159,-2.3
NYN/NYN201407300,"Wednesday, July 30, 2014",12:11 p.m. Local,Citi Field,37647,3:28,Day,Home,New York Mets,NYM,Philadelphia Phillies,PHI,34,2,8,2,2.0,5,5,40,0.235,0.35,0.382,0.732,171,90,-0.115,0.73,0.582,,-1.7,24,4,8.0,2,52,11,27,8,21,8,0,44,2,2,-0.386,-7.7,39,11,15,10,10.12,4,8,44,0.385,0.442,0.59,1.032,155,107,0.387,0.99,0.701,,7.7,27,7,9.0,1,67,15,25,8,24,10,0,54,2,0,0.113,1.7
WAS/WAS201407310,"Thursday, July 31, 2014",7:07 p.m. Local,Nationals Park,35722,3:31,Night,Away,Philadelphia Phillies,PHI,Washington Nationals,WSN,42,10,17,10,10.0,2,8,46,0.405,0.422,0.429,0.851,133,107,0.422,1.01,0.772,,5.9,27,7,9.0,0,71,16,20,15,22,16,0,60,5,0,0.078,0.1,34,4,8,4,4.0,1,10,36,0.235,0.278,0.294,0.572,176,92,-0.077,0.69,0.569,,-0.1,27,10,9.0,0,51,18,23,11,13,10,0,26,2,0,-0.423,-5.9
WAS/WAS201408010,"Friday, August 1, 2014",7:06 p.m. Local,Nationals Park,28410,2:28,Night,Away,Philadelphia Phillies,PHI,Washington Nationals,WSN,31,2,6,2,2.0,2,6,34,0.194,0.242,0.323,0.565,116,84,-0.163,1.72,0.416,,-2.1,27,8,9.0,0,46,11,27,15,11,2,0,72,0,0,0.663,3.1,33,1,7,1,0.0,1,5,34,0.212,0.235,0.212,0.447,121,75,-0.663,0.87,0.527,,-3.1,27,12,9.0,1,47,10,18,13,15,11,0,60,0,0,0.164,2.1
WAS/WAS201408020,"Saturday, August 2, 2014",7:06 p.m. Local,Nationals Park,36155,3:19,Night,Home,Washington Nationals,WSN,Philadelphia Phillies,PHI,34,0,7,0,0.0,0,11,34,0.206,0.206,0.235,0.441,176,90,-0.137,0.42,0.102,,-4.1,24,5,8.0,1,48,21,21,10,13,8,0,36,1,0,-0.363,-7.3,37,11,14,11,7.88,4,6,43,0.378,0.419,0.568,0.986,119,103,0.365,0.35,0.516,,7.3,27,8,9.0,0,63,13,27,16,17,12,0,75,0,0,0.136,4.1
WAS/WAS201408030,"Sunday, August 3, 2014",1:38 p.m. Local,Nationals Park,30038,2:47,Day,Home,Washington Nationals,WSN,Philadelphia Phillies,PHI,29,0,3,0,0.0,1,13,31,0.103,0.133,0.138,0.271,122,85,-0.575,0.72,0.189,,-4.1,24,3,8.0,0,37,21,27,5,12,8,0,72,2,1,0.074,-0.3,30,4,6,3,2.25,3,9,34,0.2,0.273,0.267,0.539,128,85,-0.074,1.13,0.363,,0.3,27,5,9.0,0,54,15,16,8,14,7,0,80,0,0,0.575,4.1
PHI/PHI201408050,"Tuesday, August 5, 2014",7:09 p.m. Local,Citizens Bank Park,28336,5:05,Night,Home,Philadelphia Phillies,PHI,Houston Astros,HOU,49,1,6,1,0.6,5,17,54,0.122,0.204,0.122,0.326,233,148,-1.212,1.64,0.849,,-5.7,44,19,14.2,1,78,33,38,19,14,6,0,66,1,0,0.712,4.3,51,2,9,2,1.23,4,8,58,0.176,0.263,0.235,0.498,234,143,-0.713,1.83,1.03,,-4.3,45,21,15.0,0,83,14,46,24,20,6,0,65,0,0,1.214,5.7
PHI/PHI201408060,"Wednesday, August 6, 2014",7:06 p.m. Local,Citizens Bank Park,26691,2:45,Night,Home,Philadelphia Phillies,PHI,Houston Astros,HOU,36,3,10,3,3.0,0,7,37,0.278,0.27,0.306,0.576,142,87,-0.008,0.45,0.259,,-1.0,24,8,8.0,1,53,9,25,13,17,7,0,21,0,0,-0.493,-6.4,33,10,12,8,11.25,4,7,38,0.364,0.421,0.576,0.997,133,91,0.492,0.52,0.628,,6.4,27,8,9.0,0,55,11,25,9,18,9,0,48,1,0,0.008,1.0
PHI/PHI201408070,"Thursday, August 7, 2014",7:06 p.m. Local,Citizens Bank Park,26609,2:47,Night,Home,Philadelphia Phillies,PHI,Houston Astros,HOU,31,5,8,5,5.0,2,6,34,0.258,0.303,0.548,0.851,128,85,0.152,1.05,0.493,,1.0,24,7,8.0,1,51,11,23,17,9,3,0,71,2,2,-0.652,-2.4,32,6,10,6,6.75,0,9,32,0.312,0.313,0.438,0.75,122,85,0.653,0.54,1.169,,2.4,27,16,9.0,3,51,8,26,9,14,9,0,40,0,0,-0.153,-1.0
PHI/PHI201408080,"Friday, August 8, 2014",7:07 p.m. Local,Citizens Bank Park,32307,2:51,Night,Away,New York Mets,NYM,Philadelphia Phillies,PHI,37,5,12,5,5.0,2,10,39,0.324,0.359,0.459,0.818,126,90,0.239,1.11,0.594,,1.0,27,6,9.0,1,53,15,24,18,11,6,0,72,2,2,0.262,0.0,35,4,9,4,4.0,1,7,36,0.257,0.278,0.4,0.678,147,87,-0.263,0.68,0.56,,-0.0,27,12,9.0,1,53,8,26,7,21,10,0,36,0,0,-0.238,-1.0
PHI/PHI201408090,"Saturday, August 9, 2014",7:50 p.m. Local,Citizens Bank Park,39153,3:41,Night,Away,New York Mets,NYM,Philadelphia Phillies,PHI,38,2,8,2,1.64,4,8,43,0.211,0.302,0.237,0.539,166,113,-0.235,1.51,0.986,,-2.9,33,14,11.0,1,67,22,24,14,16,10,0,68,0,0,0.736,3.9,38,1,5,1,0.82,4,5,42,0.132,0.214,0.211,0.425,177,100,-0.735,1.7,0.548,,-3.9,33,15,11.0,0,64,12,24,16,17,9,0,65,3,0,0.236,2.9
PHI/PHI201408100,"Sunday, August 10, 2014",1:41 p.m. Local,Citizens Bank Park,31061,3:14,Day,Home,Philadelphia Phillies,PHI,New York Mets,NYM,36,6,13,6,5.0,4,5,42,0.361,0.415,0.583,0.998,170,85,0.259,1.31,0.665,,2.0,26,7,8.2,1,56,9,23,11,22,12,0,56,1,0,-0.76,-3.4,36,7,9,7,7.27,4,10,40,0.25,0.325,0.444,0.769,136,107,0.763,0.77,1.505,,3.4,27,11,9.0,2,59,23,25,12,14,9,0,23,0,0,-0.26,-2.0
PHI/PHI201408110,"Monday, August 11, 2014",1:06 p.m. Local,Citizens Bank Park,26076,2:48,Day,Away,New York Mets,NYM,Philadelphia Phillies,PHI,34,5,7,5,5.0,2,8,37,0.206,0.27,0.353,0.623,138,95,0.381,0.81,0.859,,1.0,27,12,9.0,1,58,20,17,16,10,4,0,62,1,0,0.118,1.0,32,3,7,3,3.0,4,8,37,0.219,0.324,0.406,0.731,146,82,-0.12,0.89,0.507,,-1.0,27,12,9.0,1,42,11,29,12,12,4,0,56,1,1,-0.382,-1.0
ANA/ANA201408120,"Tuesday, August 12, 2014",7:09 p.m. Local,Angel Stadium of Anaheim,37296,2:56,Night,Home,Los Angeles Angels of Anaheim,LAA,Philadelphia Phillies,PHI,31,2,7,2,2.0,3,5,36,0.226,0.306,0.226,0.531,129,88,-0.04,1.03,0.394,,-2.0,24,13,8.0,1,52,11,25,11,16,7,0,52,2,2,-0.461,-3.5,34,7,11,7,6.75,2,4,36,0.324,0.361,0.471,0.832,140,82,0.46,0.78,1.014,,3.5,27,11,9.0,0,51,5,26,15,15,9,0,52,2,0,0.04,2.0
ANA/ANA201408130,"Wednesday, August 13, 2014",7:08 p.m. Local,Angel Stadium of Anaheim,38802,2:51,Night,Home,Los Angeles Angels of Anaheim,LAA,Philadelphia Phillies,PHI,36,3,11,3,3.0,2,6,39,0.306,0.342,0.389,0.731,123,96,-0.238,1.16,0.73,,-1.0,24,12,8.0,0,57,10,29,11,20,10,0,46,0,0,-0.262,-0.5,27,4,6,4,4.5,5,6,35,0.222,0.353,0.296,0.649,141,71,0.26,1.39,0.772,,0.5,27,8,9.0,0,41,11,19,15,8,2,0,51,0,0,0.238,1.0
SFN/SFN201408150,"Friday, August 15, 2014",7:15 p.m. Local,AT&T Park,41425,3:36,Night,Away,Philadelphia Phillies,PHI,San Francisco Giants,SFG,35,5,7,5,4.5,3,11,41,0.2,0.275,0.429,0.704,143,113,0.307,1.05,1.323,,0.8,30,14,10.0,1,67,18,28,12,14,4,0,50,0,0,0.193,1.2,37,3,11,3,2.7,2,6,40,0.297,0.333,0.432,0.766,176,97,-0.192,1.69,0.592,,-1.2,30,11,10.0,2,64,11,22,16,16,8,0,74,4,1,-0.308,-0.8
SFN/SFN201408160,"Saturday, August 16, 2014",1:04 p.m. Local,AT&T Park,41907,3:34,Day,Home,San Francisco Giants,SFG,Philadelphia Phillies,PHI,37,5,13,5,5.0,5,7,43,0.351,0.419,0.459,0.878,133,107,-0.007,1.6,0.851,,1.2,24,6,8.0,1,64,17,26,15,16,10,0,42,6,4,-0.494,-2.6,35,6,11,6,4.5,3,7,39,0.314,0.359,0.571,0.93,164,84,0.493,1.2,1.328,,2.6,27,11,9.0,0,49,13,22,8,21,9,0,26,2,0,0.006,-1.2
SFN/SFN201408170,"Sunday, August 17, 2014",1:06 p.m. Local,AT&T Park,41851,2:57,Day,Home,San Francisco Giants,SFG,Philadelphia Phillies,PHI,32,2,9,2,2.0,4,11,39,0.281,0.378,0.375,0.753,130,93,-0.314,0.98,0.672,,-1.8,24,9,8.0,0,43,21,29,12,11,9,0,49,2,0,-0.186,-1.6,33,5,11,4,4.5,2,5,37,0.333,0.351,0.364,0.715,156,75,0.186,1.42,0.718,,1.6,27,13,9.0,0,47,14,14,13,17,8,0,43,0,0,0.314,1.8
PHI/PHI201408180,"Monday, August 18, 2014",7:06 p.m. Local,Citizens Bank Park,28102,2:52,Night,Home,Philadelphia Phillies,PHI,Seattle Mariners,SEA,31,1,6,1,1.0,3,8,35,0.194,0.286,0.258,0.544,150,88,-0.36,0.81,0.369,,-3.0,24,7,8.0,1,43,13,32,12,11,3,0,50,1,0,-0.14,-0.4,31,4,8,4,4.5,7,8,39,0.258,0.41,0.419,0.83,137,93,0.141,0.92,0.584,,0.4,27,11,9.0,0,45,19,29,12,11,4,0,68,1,1,0.359,3.0
PHI/PHI201408190,"Tuesday, August 19, 2014",7:07 p.m. Local,Citizens Bank Park,31592,3:06,Night,Away,Seattle Mariners,SEA,Philadelphia Phillies,PHI,33,5,7,5,5.0,5,11,40,0.212,0.35,0.364,0.714,127,89,0.116,0.72,0.47,,1.0,27,8,9.0,0,39,13,37,15,7,3,0,85,3,1,0.384,2.0,33,2,6,1,2.0,1,13,35,0.182,0.229,0.242,0.471,153,93,-0.384,0.57,0.172,,-2.0,27,12,9.0,1,49,15,29,12,9,4,0,52,1,0,-0.117,-1.0
PHI/PHI201408200,"Wednesday, August 20, 2014",1:08 p.m. Local,Citizens Bank Park,25157,3:00,Day,Home,Philadelphia Phillies,PHI,Seattle Mariners,SEA,37,3,12,2,3.0,2,13,40,0.324,0.359,0.486,0.845,140,101,-0.306,1.11,0.925,,-1.0,24,5,8.0,0,49,17,35,11,14,9,0,41,0,0,-0.193,-0.4,35,4,10,3,1.12,3,10,38,0.286,0.342,0.343,0.685,157,96,0.194,1.47,0.812,,0.4,27,9,9.0,1,48,19,29,9,16,12,0,40,0,0,0.306,1.0
PHI/PHI201408220,"Friday, August 22, 2014",7:09 p.m. Local,Citizens Bank Park,28366,2:48,Night,Home,Philadelphia Phillies,PHI,St. Louis Cardinals,STL,33,4,8,4,4.0,1,5,35,0.242,0.257,0.364,0.621,134,82,-0.276,1.11,0.474,,-0.0,24,6,8.0,0,51,11,20,8,21,9,0,41,1,0,-0.223,-1.4,30,5,8,4,4.5,3,5,34,0.267,0.324,0.267,0.59,126,84,0.221,1.14,0.638,,1.4,27,9,9.0,1,47,11,26,13,13,9,0,44,0,0,0.278,0.0
PHI/PHI201408230,"Saturday, August 23, 2014",7:07 p.m. Local,Citizens Bank Park,30352,4:53,Night,Away,St. Louis Cardinals,STL,Philadelphia Phillies,PHI,44,6,13,4,3.0,9,8,57,0.295,0.418,0.409,0.827,198,130,0.268,1.89,1.863,,0.6,36,13,12.0,1,77,22,31,23,17,8,0,51,3,2,0.233,0.4,44,5,9,5,3.75,2,7,49,0.205,0.271,0.295,0.566,221,128,-0.232,1.89,1.345,,-0.4,36,16,12.0,1,75,14,39,17,21,9,0,41,5,0,-0.268,-0.6
PHI/PHI201408240,"Sunday, August 24, 2014",1:38 p.m. Local,Citizens Bank Park,30580,2:33,Day,Home,Philadelphia Phillies,PHI,St. Louis Cardinals,STL,33,1,6,1,1.0,3,5,36,0.182,0.25,0.242,0.492,122,82,-0.215,0.49,0.306,,-3.0,24,11,8.0,1,55,8,19,11,17,7,0,28,0,0,-0.286,-3.4,31,7,8,6,7.88,2,6,34,0.258,0.303,0.387,0.69,122,78,0.286,0.78,0.501,,3.4,27,9,9.0,0,44,11,23,12,14,7,0,70,0,0,0.214,3.0
PHI/PHI201408250,"Monday, August 25, 2014",7:08 p.m. Local,Citizens Bank Park,23089,2:46,Night,Home,Philadelphia Phillies,PHI,Washington Nationals,WSN,33,2,6,2,2.0,2,14,36,0.182,0.25,0.424,0.674,134,90,-0.448,0.78,0.481,,-2.0,24,11,8.0,2,44,17,29,6,13,6,0,55,0,0,-0.051,0.6,29,3,8,3,3.38,1,4,31,0.276,0.323,0.517,0.84,137,81,0.051,1.23,0.479,,-0.6,27,3,9.0,2,50,12,19,12,13,7,0,78,0,0,0.448,2.0
PHI/PHI201408260,"Tuesday, August 26, 2014",7:07 p.m. Local,Citizens Bank Park,25238,2:24,Night,Home,Philadelphia Phillies,PHI,Washington Nationals,WSN,34,3,8,3,3.0,1,9,35,0.235,0.257,0.324,0.581,107,74,-0.206,1.03,0.798,,-1.0,24,13,8.0,2,38,13,23,13,12,7,0,51,0,0,-0.293,-0.4,29,4,7,4,3.38,1,5,31,0.241,0.258,0.517,0.775,106,76,0.296,1.58,0.748,,0.4,27,10,9.0,1,50,7,19,15,10,2,0,53,0,0,0.207,1.0
PHI/PHI201408270,"Wednesday, August 27, 2014",7:43 p.m. Local,Citizens Bank Park,33183,3:04,Night,Home,Philadelphia Phillies,PHI,Washington Nationals,WSN,35,4,9,4,4.0,1,7,36,0.257,0.278,0.4,0.678,144,98,0.062,0.93,0.645,,-0.0,24,13,8.0,3,56,12,30,17,11,6,0,33,4,0,-0.563,-4.4,37,8,15,7,7.88,3,6,42,0.405,0.463,0.676,1.139,148,97,0.562,0.81,1.257,,4.4,27,13,9.0,1,56,12,29,14,18,9,0,45,0,0,-0.062,0.0
NYN/NYN201408290,"Friday, August 29, 2014",7:10 p.m. Local,Citi Field,25250,2:31,Night,Home,New York Mets,NYM,Philadelphia Phillies,PHI,32,1,5,1,0.0,2,8,35,0.156,0.206,0.156,0.362,104,94,-0.257,1.1,0.61,,-2.7,24,10,8.0,0,48,13,33,16,9,7,0,62,3,3,-0.242,-0.7,28,4,4,1,1.12,3,4,32,0.143,0.25,0.179,0.429,138,63,0.244,1.33,0.723,,0.7,27,10,9.0,0,37,8,18,12,12,5,0,70,0,0,0.258,2.7
NYN/NYN201408300,"Saturday, August 30, 2014",7:10 p.m. Local,Citi Field,28053,2:58,Night,Away,Philadelphia Phillies,PHI,New York Mets,NYM,36,7,12,7,7.0,3,6,41,0.333,0.375,0.5,0.875,140,95,0.21,0.75,0.563,,3.3,27,9,9.0,0,62,10,23,13,19,6,0,57,6,2,0.29,1.7,31,2,5,2,2.0,4,7,35,0.161,0.257,0.161,0.418,143,91,-0.293,0.58,0.236,,-1.7,27,11,9.0,1,48,7,36,12,12,4,0,28,2,1,-0.21,-3.3
NYN/NYN201408310,"Sunday, August 31, 2014",1:11 p.m. Local,Citi Field,27159,3:14,Day,Home,New York Mets,NYM,Philadelphia Phillies,PHI,37,5,12,5,5.0,4,10,42,0.324,0.405,0.541,0.945,140,96,-0.02,1.05,1.329,,1.3,24,12,8.0,1,53,11,32,13,14,7,0,41,0,0,-0.481,-2.7,35,6,11,6,6.75,1,9,36,0.314,0.333,0.457,0.79,152,95,0.481,1.58,0.986,,2.7,27,9,9.0,2,57,9,29,18,8,5,0,50,1,1,0.019,-1.3
ATL/ATL201409010,"Monday, September 1, 2014",1:12 p.m. Local,Turner Field,34178,3:10,Day,Away,Philadelphia Phillies,PHI,Atlanta Braves,ATL,30,7,7,7,4.0,7,8,41,0.233,0.385,0.433,0.818,147,91,0.123,1.13,0.536,,3.1,27,6,9.0,0,56,18,17,10,15,9,0,74,0,0,0.377,3.9,27,0,0,0,0.0,5,12,33,0.0,0.182,0.0,0.182,152,94,-0.378,0.66,0.336,,-3.9,27,11,9.0,0,51,24,19,6,9,3,0,49,4,0,-0.123,-3.1
ATL/ATL201409020,"Tuesday, September 2, 2014",7:12 p.m. Local,Turner Field,19444,2:57,Night,Away,Philadelphia Phillies,PHI,Atlanta Braves,ATL,34,4,9,4,4.0,2,5,38,0.265,0.297,0.382,0.68,126,90,0.052,1.19,0.576,,0.1,27,12,9.0,0,59,9,22,14,17,6,0,73,0,0,0.448,3.9,28,0,3,0,0.0,2,9,32,0.107,0.219,0.179,0.397,139,72,-0.448,0.87,0.302,,-3.9,27,11,9.0,1,38,12,22,11,8,3,0,55,1,1,-0.052,-0.1
ATL/ATL201409030,"Wednesday, September 3, 2014",12:10 p.m. Local,Turner Field,19724,3:08,Day,Home,Atlanta Braves,ATL,Philadelphia Phillies,PHI,32,4,8,4,4.0,3,7,37,0.25,0.297,0.406,0.704,170,90,0.068,1.05,0.727,,0.1,24,6,8.0,1,52,10,28,10,17,3,0,44,4,2,-0.566,-3.5,30,7,7,6,4.5,9,5,41,0.233,0.41,0.367,0.777,141,99,0.566,1.22,1.027,,3.5,27,6,9.0,1,59,17,23,12,15,6,0,45,0,0,-0.066,-0.1
WAS/WAS201409050,"Friday, September 5, 2014",7:08 p.m. Local,Nationals Park,27437,4:32,Night,Away,Philadelphia Phillies,PHI,Washington Nationals,WSN,43,9,11,9,4.09,2,9,47,0.256,0.289,0.512,0.801,192,132,0.403,1.2,1.164,,3.9,33,12,11.0,1,88,17,30,15,21,11,0,32,2,1,0.095,-2.9,41,8,14,8,5.73,7,7,51,0.341,0.42,0.463,0.883,203,116,-0.098,1.0,0.883,,2.9,33,14,11.0,3,73,15,28,16,21,11,0,65,3,3,-0.404,-3.9
WAS/WAS201409060,"Saturday, September 6, 2014",4:07 p.m. Local,Nationals Park,37408,2:33,Day,Away,Philadelphia Phillies,PHI,Washington Nationals,WSN,33,3,6,3,3.0,1,12,34,0.182,0.206,0.273,0.479,123,82,0.042,1.27,0.466,,-1.1,27,11,9.0,0,39,13,30,7,14,11,0,63,0,0,0.459,3.1,30,1,7,1,1.0,2,7,34,0.233,0.273,0.233,0.506,123,83,-0.458,0.76,0.344,,-3.1,27,5,9.0,1,43,14,26,15,10,5,0,55,0,0,-0.041,1.1
WAS/WAS201409070,"Sunday, September 7, 2014",1:36 p.m. Local,Nationals Park,29108,3:20,Day,Home,Washington Nationals,WSN,Philadelphia Phillies,PHI,30,2,6,1,1.0,1,6,32,0.2,0.219,0.233,0.452,155,91,-0.446,1.06,0.494,,-2.1,24,6,8.0,2,55,12,24,8,17,8,0,51,2,0,-0.054,0.7,29,3,7,3,3.38,5,9,35,0.241,0.343,0.517,0.86,145,92,0.053,1.35,0.692,,-0.7,27,9,9.0,0,58,17,17,5,16,7,0,59,1,0,0.446,2.1
PHI/PHI201409080,"Monday, September 8, 2014",7:09 p.m. Local,Citizens Bank Park,23140,3:08,Night,Away,Pittsburgh Pirates,PIT,Philadelphia Phillies,PHI,38,6,12,6,6.0,2,10,41,0.316,0.341,0.5,0.841,133,99,0.159,1.05,0.811,,2.0,27,14,9.0,0,58,15,26,13,16,9,0,76,3,3,0.341,0.0,32,4,5,4,1.0,0,11,35,0.156,0.2,0.313,0.513,145,95,-0.341,0.94,0.42,,-0.0,27,7,9.0,1,57,14,24,17,5,3,0,45,3,2,-0.159,-2.0
PHI/PHI201409090,"Tuesday, September 9, 2014",7:06 p.m. Local,Citizens Bank Park,26900,2:56,Night,Home,Philadelphia Phillies,PHI,Pittsburgh Pirates,PIT,32,3,7,3,2.0,3,8,37,0.219,0.306,0.313,0.618,122,87,-0.293,1.25,0.655,,-1.0,24,13,8.0,1,44,14,29,15,10,8,0,51,0,0,-0.206,-0.4,30,4,8,4,4.5,2,8,33,0.267,0.333,0.433,0.767,132,80,0.208,1.38,0.894,,0.4,27,12,9.0,0,42,20,18,13,9,4,0,56,0,0,0.294,1.0
PHI/PHI201409100,"Wednesday, September 10, 2014",7:06 p.m. Local,Citizens Bank Park,25315,3:08,Night,Away,Pittsburgh Pirates,PIT,Philadelphia Phillies,PHI,39,6,13,6,6.0,2,12,43,0.333,0.395,0.564,0.959,135,113,0.447,1.03,0.972,,2.0,27,14,9.0,0,65,17,31,13,14,9,0,49,0,0,0.054,1.0,32,3,4,3,3.0,2,10,34,0.125,0.176,0.156,0.333,166,87,-0.053,0.84,0.527,,-1.0,27,9,9.0,2,41,18,28,14,8,3,0,44,3,0,-0.447,-2.0
PHI/PHI201409110,"Thursday, September 11, 2014",7:09 p.m. Local,Citizens Bank Park,26535,3:09,Night,Away,Pittsburgh Pirates,PIT,Philadelphia Phillies,PHI,33,4,8,4,4.0,3,7,38,0.242,0.316,0.333,0.649,125,97,0.114,1.06,0.531,,-0.0,27,7,9.0,0,55,20,22,13,14,7,0,84,2,1,0.389,3.0,32,1,6,1,1.0,3,14,35,0.188,0.257,0.188,0.445,160,82,-0.386,0.68,0.345,,-3.0,27,11,9.0,0,34,28,20,11,8,4,0,48,0,0,-0.111,0.0
PHI/PHI201409120,"Friday, September 12, 2014",7:08 p.m. Local,Citizens Bank Park,27039,3:02,Night,Home,Philadelphia Phillies,PHI,Miami Marlins,MIA,38,1,9,1,0.9,1,10,39,0.237,0.256,0.289,0.546,142,96,-0.578,1.55,0.62,,-3.5,28,17,9.1,1,57,20,19,15,13,8,0,63,2,0,0.078,1.2,34,3,9,2,2.89,2,7,38,0.265,0.342,0.412,0.754,141,89,-0.078,1.53,1.166,,-1.2,30,12,10.0,0,49,14,26,15,12,9,0,60,0,0,0.579,3.5
PHI/PHI201409130,"Saturday, September 13, 2014",7:07 p.m. Local,Citizens Bank Park,26163,2:33,Night,Home,Philadelphia Phillies,PHI,Miami Marlins,MIA,32,1,8,1,1.0,2,9,35,0.25,0.294,0.344,0.638,102,78,-0.608,0.77,0.503,,-3.0,24,10,8.0,0,42,13,24,13,12,7,0,60,0,0,0.108,1.6,28,2,4,2,2.25,0,6,28,0.143,0.143,0.179,0.321,120,66,-0.108,1.59,0.305,,-1.6,27,11,9.0,1,37,9,20,12,10,3,0,60,2,0,0.608,3.0
PHI/PHI201409140,"Sunday, September 14, 2014",1:38 p.m. Local,Citizens Bank Park,30201,3:20,Day,Away,Miami Marlins,MIA,Philadelphia Phillies,PHI,38,5,9,4,5.0,2,5,40,0.237,0.275,0.342,0.617,155,91,0.473,1.4,1.419,,1.0,27,9,9.0,0,61,13,17,19,14,3,0,49,4,1,0.028,0.0,36,4,10,3,3.0,3,7,39,0.278,0.333,0.306,0.639,143,94,-0.029,1.66,0.9,,-0.0,27,11,9.0,1,51,13,30,15,15,5,0,60,1,0,-0.473,-1.0
SDN/SDN201409150,"Monday, September 15, 2014",7:10 p.m. Local,Petco Park,17558,2:09,Night,Home,San Diego Padres,SDP,Philadelphia Phillies,PHI,27,0,2,0,0.0,1,7,28,0.074,0.107,0.074,0.181,121,68,-0.673,0.77,0.144,,-3.7,24,12,8.0,0,39,11,18,12,8,1,0,75,3,0,0.174,2.3,27,1,3,0,0.0,4,6,31,0.111,0.226,0.148,0.374,92,78,-0.173,1.18,0.254,,-2.3,27,12,9.0,0,48,9,21,14,7,4,0,89,,,0.674,3.7
SDN/SDN201409160,"Tuesday, September 16, 2014",7:10 p.m. Local,Petco Park,24541,3:11,Night,Home,San Diego Padres,SDP,Philadelphia Phillies,PHI,32,4,5,4,4.0,6,10,38,0.156,0.289,0.344,0.633,137,106,-0.043,0.92,0.767,,0.3,24,13,8.0,1,60,17,29,8,14,4,0,35,2,1,-0.457,-1.7,32,5,10,4,4.5,5,6,37,0.312,0.405,0.5,0.905,174,94,0.456,1.19,1.033,,1.7,27,6,9.0,2,55,12,27,15,11,4,0,57,2,0,0.043,-0.3
SDN/SDN201409170,"Wednesday, September 17, 2014",7:11 p.m. Local,Petco Park,17311,2:50,Night,Away,Philadelphia Phillies,PHI,San Diego Padres,SDP,34,5,9,5,5.0,1,4,37,0.265,0.278,0.353,0.631,151,85,0.337,0.85,0.653,,1.3,27,9,9.0,0,51,8,26,14,17,9,1,67,0,0,0.163,1.7,33,2,9,2,2.0,3,12,36,0.273,0.333,0.333,0.667,129,93,-0.163,0.81,0.422,,-1.7,27,12,9.0,0,47,27,19,9,12,5,0,37,1,0,-0.338,-1.3
SDN/SDN201409180,"Thursday, September 18, 2014",6:09 p.m. Local,Petco Park,18076,3:02,Night,Home,San Diego Padres,SDP,Philadelphia Phillies,PHI,38,3,11,2,3.0,0,8,38,0.289,0.289,0.395,0.684,143,91,-0.245,0.77,0.481,,-0.7,24,14,8.0,2,55,12,24,14,16,11,0,40,0,0,-0.255,-3.7,32,7,12,7,7.88,5,4,39,0.375,0.462,0.594,1.055,137,88,0.255,0.93,0.676,,3.7,27,8,9.0,0,53,8,27,16,13,7,0,62,1,0,0.247,0.7
OAK/OAK201409190,"Friday, September 19, 2014",6:37 p.m. Local,O.co Coliseum,35067,2:56,Night,Home,Oakland Athletics,OAK,Philadelphia Phillies,PHI,31,1,6,1,1.0,2,7,33,0.194,0.242,0.355,0.597,129,97,-0.423,0.68,0.342,,-3.1,24,3,8.0,0,64,12,22,11,13,7,0,54,5,0,-0.077,0.6,30,3,7,3,3.38,5,8,36,0.233,0.361,0.3,0.661,142,74,0.077,1.02,0.48,,-0.6,27,11,9.0,1,35,10,29,11,11,3,0,68,0,0,0.423,3.1
OAK/OAK201409200,"Saturday, September 20, 2014",1:07 p.m. Local,O.co Coliseum,31848,2:59,Day,Away,Philadelphia Phillies,PHI,Oakland Athletics,OAK,35,3,7,3,3.0,2,11,38,0.2,0.263,0.343,0.606,121,105,0.003,1.09,0.691,,-1.1,27,8,9.0,0,62,16,27,6,18,8,0,71,0,0,0.498,4.1,29,0,4,0,0.0,2,5,31,0.138,0.194,0.138,0.331,161,75,-0.498,1.03,0.288,,-4.1,27,4,9.0,1,39,9,27,8,16,4,0,69,2,1,-0.003,1.1
OAK/OAK201409210,"Sunday, September 21, 2014",1:06 p.m. Local,O.co Coliseum,25126,3:48,Day,Home,Oakland Athletics,OAK,Philadelphia Phillies,PHI,41,6,13,6,5.4,1,13,43,0.317,0.333,0.488,0.821,200,103,-0.015,1.86,1.141,,1.4,28,7,9.1,1,52,26,25,10,19,11,0,30,2,2,-0.486,-3.7,36,8,9,8,7.71,9,10,48,0.25,0.417,0.444,0.861,153,110,0.486,1.41,1.773,,3.7,30,8,10.0,0,52,17,41,12,15,9,0,30,1,0,0.015,-1.4
MIA/MIA201409230,"Tuesday, September 23, 2014",7:11 p.m. Local,Marlins Park,18969,2:20,Night,Home,Miami Marlins,MIA,Philadelphia Phillies,PHI,35,0,8,0,0.0,1,4,36,0.229,0.25,0.257,0.507,117,83,-0.525,0.89,0.395,,-4.0,24,12,8.0,0,51,9,23,12,19,6,0,58,0,0,0.025,1.5,28,2,7,2,2.25,1,4,31,0.25,0.267,0.286,0.552,121,79,-0.024,1.31,0.379,,-1.5,27,7,9.0,0,47,8,24,16,10,5,0,70,1,0,0.526,4.0
MIA/MIA201409240,"Wednesday, September 24, 2014",7:10 p.m. Local,Marlins Park,22491,2:54,Night,Away,Philadelphia Phillies,PHI,Miami Marlins,MIA,32,2,9,2,2.0,5,2,39,0.281,0.41,0.344,0.754,105,86,0.013,1.64,0.962,,-2.0,27,12,9.0,0,55,9,22,17,13,9,0,62,0,0,0.488,3.0,33,1,7,1,1.0,1,3,34,0.212,0.235,0.424,0.66,145,68,-0.487,1.54,0.752,,-3.0,27,17,9.0,0,44,3,21,14,16,11,0,60,2,0,-0.012,2.0
MIA/MIA201409250,"Thursday, September 25, 2014",4:11 p.m. Local,Marlins Park,24259,3:01,Day,Home,Miami Marlins,MIA,Philadelphia Phillies,PHI,34,4,9,4,4.0,1,10,35,0.265,0.286,0.353,0.639,137,90,0.12,1.32,1.01,,0.0,24,15,8.0,0,47,12,31,9,15,8,0,42,3,0,-0.619,-2.5,32,6,14,5,5.62,2,1,37,0.438,0.472,0.5,0.972,131,83,0.621,1.3,1.323,,2.5,27,9,9.0,0,56,5,22,19,14,10,0,51,0,0,-0.119,-0.0
PHI/PHI201409260,"Friday, September 26, 2014",7:07 p.m. Local,Citizens Bank Park,33121,2:41,Night,Home,Philadelphia Phillies,PHI,Atlanta Braves,ATL,36,4,11,4,4.0,1,6,37,0.306,0.324,0.528,0.852,133,94,-0.154,1.27,0.657,,-0.0,24,5,8.0,0,56,18,20,16,14,8,0,40,2,0,-0.347,-1.4,32,5,9,4,5.62,3,8,36,0.281,0.343,0.344,0.687,127,81,0.346,1.23,0.895,,1.4,27,11,9.0,1,47,12,22,13,12,8,0,42,0,0,0.153,0.0
PHI/PHI201409270,"Saturday, September 27, 2014",7:08 p.m. Local,Citizens Bank Park,33761,3:05,Night,Away,Atlanta Braves,ATL,Philadelphia Phillies,PHI,32,4,6,3,4.0,3,10,35,0.188,0.257,0.406,0.663,140,95,0.226,1.79,0.68,,-0.0,27,12,9.0,1,47,27,21,11,11,4,0,53,1,0,0.275,2.0,32,2,9,2,2.0,3,6,37,0.281,0.343,0.438,0.78,154,96,-0.275,0.78,0.885,,-2.0,27,11,9.0,2,64,12,20,11,17,11,0,52,2,0,-0.225,0.0
PHI/PHI201409280,"Sunday, September 28, 2014",1:38 p.m. Local,Citizens Bank Park,38082,2:18,Day,Away,Atlanta Braves,ATL,Philadelphia Phillies,PHI,30,2,3,2,2.0,1,9,32,0.1,0.156,0.2,0.356,120,82,-0.087,1.83,0.276,,-2.0,27,15,9.0,0,41,20,21,14,7,4,0,61,0,0,0.589,3.0,31,1,6,0,1.0,2,10,34,0.194,0.265,0.194,0.458,108,80,-0.589,0.61,0.685,,-3.0,27,11,9.0,1,44,18,18,12,9,4,0,74,0,0,0.089,2.0
