,date,time,venue,attendance,duration,time_of_day,winner,winning_name,winning_abbr,losing_name,losing_abbr,away_at_bats,away_runs,away_hits,away_rbi,away_earned_runs,away_bases_on_balls,away_strikeouts,away_plate_appearances,away_batting_average,away_on_base_percentage,away_slugging_percentage,away_on_base_plus,away_pitches,away_strikes,away_win_probability_for_offensive_player,away_average_leverage_index,away_win_probability_added,away_win_probability_subtracted,away_base_out_runs_added,away_putouts,away_assists,away_innings_pitched,away_home_runs,away_strikes_by_contact,away_strikes_swinging,away_strikes_looking,away_grounded_balls,away_fly_balls,away_line_drives,away_unknown_bat_type,away_game_score,away_inherited_runners,away_inherited_score,away_win_probability_by_pitcher,away_base_out_runs_saved,home_at_bats,home_runs,home_hits,home_rbi,home_earned_runs,home_bases_on_balls,home_strikeouts,home_plate_appearances,home_batting_average,home_on_base_percentage,home_slugging_percentage,home_on_base_plus,home_pitches,home_strikes,home_win_probability_for_offensive_player,home_average_leverage_index,home_win_probability_added,home_win_probability_subtracted,home_base_out_runs_added,home_putouts,home_assists,home_innings_pitched,home_home_runs,home_strikes_by_contact,home_strikes_swinging,home_strikes_looking,home_grounded_balls,home_fly_balls,home_line_drives,home_unknown_bat_type,home_game_score,home_inherited_runners,home_inherited_score,home_win_probability_by_pitcher,home_base_out_runs_saved
PIT/PIT201403310,"Monday, March 31, 2014",1:14 p.m. Local,PNC Park,39833,3:16,Day,Home,Pittsburgh Pirates,PIT,Chicago Cubs,CHC,32,0,6,0,0.0,4,11,38,0.188,0.278,0.219,0.497,128,97,-0.767,1.37,0.637,,-4.4,27,11,9.0,1,44,28,25,11,12,5,0,68,1,0,0.267,2.9,30,1,6,1,1.0,3,6,33,0.2,0.273,0.333,0.606,154,76,-0.266,1.76,0.692,,-2.9,30,14,10.0,0,44,12,20,10,14,6,0,71,0,0,0.767,4.4
PIT/PIT201404020,"Wednesday, April 2, 2014",7:08 p.m. Local,PNC Park,29762,5:55,Night,Home,Pittsburgh Pirates,PIT,Chicago Cubs,CHC,62,3,15,3,1.69,6,17,70,0.242,0.329,0.306,0.635,256,171,-0.607,2.0,1.987,,-4.0,46,21,15.1,0,92,29,50,16,29,12,0,59,2,1,0.108,2.2,52,4,8,3,1.76,9,15,65,0.154,0.313,0.154,0.466,258,157,-0.109,2.15,1.958,,-2.2,48,13,16.0,1,88,30,40,22,18,7,0,69,0,0,0.608,4.0
PIT/PIT201404030,"Thursday, April 3, 2014",12:37 p.m. Local,PNC Park,11418,2:39,Day,Away,Chicago Cubs,CHC,Pittsburgh Pirates,PIT,32,3,7,2,3.0,1,7,33,0.219,0.242,0.344,0.586,133,84,0.037,1.54,0.359,,-0.9,27,6,9.0,0,53,12,19,14,11,5,0,70,5,2,0.462,1.9,32,2,6,2,2.0,2,7,34,0.188,0.235,0.219,0.454,129,85,-0.463,0.55,0.576,,-1.9,27,13,9.0,1,44,18,23,9,17,8,0,54,0,0,-0.038,0.9
PIT/PIT201404040,"Friday, April 4, 2014",8:10 p.m. Local,PNC Park,23342,3:07,Night,Home,Pittsburgh Pirates,PIT,St. Louis Cardinals,STL,33,2,6,2,2.0,4,5,37,0.182,0.27,0.273,0.543,164,100,-0.18,0.53,0.421,,-1.9,24,12,8.0,3,61,8,31,19,9,6,0,35,3,2,-0.322,-8.5,36,12,16,11,13.5,4,3,41,0.444,0.512,0.833,1.346,149,100,0.322,0.96,0.673,,8.5,27,15,9.0,1,58,11,31,16,17,9,0,58,0,0,0.178,1.9
PIT/PIT201404050,"Saturday, April 5, 2014",7:08 p.m. Local,PNC Park,30092,2:58,Night,Away,St. Louis Cardinals,STL,Pittsburgh Pirates,PIT,34,6,8,6,6.0,4,7,39,0.235,0.308,0.441,0.749,146,93,0.199,1.11,0.528,,2.1,27,11,9.0,0,48,17,28,13,15,8,0,52,2,0,0.303,2.9,33,1,6,1,1.0,5,5,39,0.182,0.308,0.182,0.49,143,85,-0.305,0.57,0.425,,-2.9,27,10,9.0,2,43,12,30,15,13,7,0,44,0,0,-0.197,-2.1
PIT/PIT201404060,"Sunday, April 6, 2014",1:36 p.m. Local,PNC Park,25704,2:29,Day,Home,Pittsburgh Pirates,PIT,St. Louis Cardinals,STL,29,1,3,1,1.0,2,7,31,0.103,0.161,0.172,0.334,115,74,-0.504,1.03,0.415,,-2.9,24,11,8.0,0,41,9,24,13,9,5,0,64,0,0,0.004,1.5,27,2,6,2,2.25,2,8,30,0.222,0.276,0.333,0.609,112,76,-0.005,1.33,0.621,,-1.5,27,12,9.0,0,48,9,19,10,10,4,0,62,2,0,0.505,2.9
CHN/CHN201404080,"Tuesday, April 8, 2014",7:07 p.m. Local,Wrigley Field,26177,3:20,Night,Away,Pittsburgh Pirates,PIT,Chicago Cubs,CHC,34,7,11,7,7.0,7,7,45,0.324,0.432,0.471,0.902,140,95,0.552,1.47,1.129,,2.9,27,9,9.0,2,55,14,26,14,16,7,0,40,0,0,-0.054,-1.9,36,6,10,6,6.0,1,8,38,0.278,0.297,0.444,0.742,164,101,0.054,1.22,0.982,,1.9,27,12,9.0,0,56,14,31,17,12,6,0,22,4,1,-0.552,-2.9
CHN/CHN201404090,"Wednesday, April 9, 2014",7:06 p.m. Local,Wrigley Field,28247,2:41,Night,Home,Chicago Cubs,CHC,Pittsburgh Pirates,PIT,33,5,6,5,5.0,1,10,34,0.182,0.206,0.636,0.842,150,83,-0.186,0.66,0.226,,0.9,24,8,8.0,2,39,19,25,10,13,6,0,36,0,0,-0.314,-3.4,36,7,14,7,7.88,4,8,41,0.389,0.45,0.694,1.144,130,95,0.313,0.56,0.724,,3.4,27,13,9.0,5,49,19,27,14,15,7,0,64,0,0,0.186,-0.9
CHN/CHN201404100,"Thursday, April 10, 2014",1:20 p.m. Local,Wrigley Field,25502,3:20,Day,Away,Pittsburgh Pirates,PIT,Chicago Cubs,CHC,35,5,8,5,5.0,5,13,40,0.229,0.325,0.429,0.754,156,102,0.265,1.71,0.909,,0.9,27,6,9.0,0,49,20,33,10,12,3,0,56,0,0,0.233,0.1,32,4,6,2,3.0,4,15,37,0.188,0.297,0.188,0.485,166,103,-0.232,0.94,0.948,,-0.1,27,7,9.0,2,48,22,33,11,6,3,0,66,4,3,-0.267,-0.9
MIL/MIL201404110,"Friday, April 11, 2014",7:11 p.m. Local,Miller Park,27469,2:41,Night,Home,Milwaukee Brewers,MIL,Pittsburgh Pirates,PIT,30,2,4,2,1.0,2,8,33,0.133,0.188,0.233,0.421,123,87,-0.373,0.53,0.243,,-2.1,24,11,8.0,2,53,12,22,16,7,3,0,53,0,0,-0.127,-0.4,30,4,6,4,4.5,2,10,32,0.2,0.25,0.433,0.683,131,80,0.128,0.86,0.42,,0.4,27,12,9.0,1,35,28,17,12,8,5,0,65,0,0,0.373,2.1
MIL/MIL201404120,"Saturday, April 12, 2014",6:10 p.m. Local,Miller Park,42828,2:53,Night,Home,Milwaukee Brewers,MIL,Pittsburgh Pirates,PIT,30,2,8,2,2.0,2,8,33,0.267,0.313,0.333,0.646,117,83,-0.452,1.34,0.758,,-2.1,24,12,8.0,1,43,11,29,14,9,4,0,61,2,0,-0.047,0.6,31,3,7,2,2.25,2,5,34,0.226,0.273,0.323,0.595,137,78,0.049,1.57,0.865,,-0.6,27,16,9.0,0,46,13,19,15,12,5,0,57,0,0,0.453,2.1
MIL/MIL201404130,"Sunday, April 13, 2014",1:10 p.m. Local,Miller Park,32152,2:11,Day,Home,Milwaukee Brewers,MIL,Pittsburgh Pirates,PIT,30,1,4,1,1.0,0,10,31,0.133,0.129,0.133,0.262,105,79,-0.326,0.76,0.233,,-3.1,24,14,8.0,0,37,13,29,13,8,3,0,53,0,0,-0.175,-0.4,28,4,7,2,2.25,3,4,34,0.25,0.333,0.357,0.69,103,68,0.175,0.91,0.568,,0.4,27,10,9.0,0,40,7,21,15,11,7,0,81,1,0,0.326,3.1
CIN/CIN201404140,"Monday, April 14, 2014",7:10 p.m. Local,Great American Ball Park,17756,3:07,Night,Away,Pittsburgh Pirates,PIT,Cincinnati Reds,CIN,41,8,14,8,8.0,1,14,42,0.341,0.357,0.829,1.186,113,113,0.808,1.5,1.537,,4.0,27,9,9.0,4,54,28,31,10,18,10,0,32,0,0,-0.308,-3.0,34,7,8,7,7.0,2,7,37,0.235,0.278,0.647,0.925,176,76,0.309,1.09,1.302,,3.0,27,6,9.0,6,41,15,20,14,14,6,0,40,0,0,-0.809,-4.0
CIN/CIN201404150,"Tuesday, April 15, 2014",7:15 p.m. Local,Great American Ball Park,18462,3:13,Night,Home,Cincinnati Reds,CIN,Pittsburgh Pirates,PIT,34,5,7,5,5.0,3,9,39,0.206,0.282,0.353,0.635,147,103,-0.056,1.03,0.808,,1.0,24,12,8.0,2,54,19,30,15,11,6,0,34,3,2,-0.445,-3.5,35,7,15,7,7.88,4,4,40,0.429,0.487,0.629,1.116,157,94,0.444,1.2,1.064,,3.5,27,12,9.0,1,55,16,23,14,18,14,0,59,2,0,0.056,-1.0
CIN/CIN201404160,"Wednesday, April 16, 2014",12:37 p.m. Local,Great American Ball Park,16825,2:22,Day,Home,Cincinnati Reds,CIN,Pittsburgh Pirates,PIT,30,0,3,0,0.0,0,12,30,0.1,0.1,0.133,0.233,116,71,-0.491,0.81,0.116,,-4.0,24,8,8.0,1,34,12,25,11,7,4,0,57,0,0,-0.008,-0.5,32,4,8,3,4.5,3,7,36,0.25,0.333,0.406,0.74,107,73,0.009,0.9,0.477,,0.5,27,7,9.0,0,41,13,19,13,12,8,0,93,,,0.492,4.0
PIT/PIT201404170,"Thursday, April 17, 2014",7:10 p.m. Local,PNC Park,17584,3:06,Night,Home,Pittsburgh Pirates,PIT,Milwaukee Brewers,MIL,31,2,8,2,2.0,1,4,34,0.258,0.281,0.29,0.572,174,67,-0.219,0.85,0.488,,-1.9,24,5,8.0,4,42,13,12,13,17,10,0,60,1,0,-0.281,-7.5,35,11,12,11,12.38,6,7,41,0.343,0.439,0.714,1.153,94,104,0.281,1.03,0.812,,7.5,27,12,9.0,0,61,13,30,10,18,10,0,55,0,0,0.219,1.9
PIT/PIT201404180,"Friday, April 18, 2014",7:06 p.m. Local,PNC Park,31564,3:07,Night,Away,Milwaukee Brewers,MIL,Pittsburgh Pirates,PIT,33,5,10,5,5.0,3,6,39,0.303,0.395,0.455,0.849,161,84,0.288,1.6,0.776,,1.1,27,9,9.0,0,48,12,24,13,15,8,0,59,6,1,0.211,0.9,34,3,6,3,1.0,5,8,41,0.176,0.3,0.206,0.506,124,97,-0.211,0.91,0.844,,-0.9,27,12,9.0,1,48,16,33,13,14,7,0,37,0,0,-0.288,-1.1
PIT/PIT201404190,"Saturday, April 19, 2014",7:06 p.m. Local,PNC Park,32490,3:04,Night,Away,Milwaukee Brewers,MIL,Pittsburgh Pirates,PIT,39,8,12,8,8.0,2,7,42,0.308,0.357,0.641,0.998,140,96,0.861,1.22,1.633,,4.1,27,10,9.0,0,61,16,19,17,16,6,0,28,0,0,-0.359,-3.1,37,7,11,7,6.0,3,7,41,0.297,0.366,0.351,0.717,139,85,0.36,1.23,1.166,,3.1,27,13,9.0,3,49,13,23,15,15,6,0,36,0,0,-0.86,-4.1
PIT/PIT201404200,"Sunday, April 20, 2014",1:39 p.m. Local,PNC Park,21761,4:21,Day,Away,Milwaukee Brewers,MIL,Pittsburgh Pirates,PIT,49,3,12,3,1.93,4,10,55,0.245,0.302,0.49,0.792,219,119,-0.218,1.37,1.646,,-3.1,42,14,14.0,1,69,20,30,26,15,5,0,60,1,1,0.718,4.1,54,2,13,2,1.29,1,10,55,0.241,0.255,0.315,0.569,175,139,-0.715,1.89,0.806,,-4.1,42,24,14.0,3,79,13,47,19,25,10,0,71,0,0,0.219,3.1
PIT/PIT201404210,"Monday, April 21, 2014",7:12 p.m. Local,PNC Park,12864,3:02,Night,Home,Pittsburgh Pirates,PIT,Cincinnati Reds,CIN,35,5,11,5,4.0,3,4,41,0.314,0.375,0.4,0.775,128,89,0.346,1.44,1.266,,1.1,26,11,8.2,2,57,12,20,15,18,9,0,46,1,0,-0.847,-2.5,36,6,12,6,6.23,4,3,41,0.333,0.415,0.528,0.942,139,77,0.846,1.58,1.623,,2.5,27,13,9.0,0,53,3,21,14,19,9,0,47,2,2,-0.346,-1.1
PIT/PIT201404220,"Tuesday, April 22, 2014",7:07 p.m. Local,PNC Park,11926,2:47,Night,Away,Cincinnati Reds,CIN,Pittsburgh Pirates,PIT,36,4,10,4,4.0,1,6,38,0.278,0.316,0.306,0.621,117,98,0.033,0.88,0.533,,0.1,27,15,9.0,1,65,12,21,19,11,3,0,78,,,0.466,2.9,30,1,3,1,1.0,3,4,33,0.1,0.182,0.2,0.382,138,73,-0.467,0.91,0.17,,-2.9,27,12,9.0,0,41,7,25,16,10,3,0,61,2,0,-0.033,-0.1
PIT/PIT201404230,"Wednesday, April 23, 2014",7:06 p.m. Local,PNC Park,16705,3:20,Night,Away,Cincinnati Reds,CIN,Pittsburgh Pirates,PIT,30,5,6,4,3.0,7,6,39,0.2,0.368,0.2,0.568,151,93,0.284,1.22,0.735,,1.1,27,11,9.0,1,58,13,22,14,11,6,0,57,1,0,0.215,1.9,33,2,6,2,2.0,5,4,39,0.182,0.289,0.273,0.562,166,92,-0.213,1.01,0.575,,-1.9,27,12,9.0,0,59,9,24,15,15,8,0,49,0,0,-0.286,-1.1
PIT/PIT201404240,"Thursday, April 24, 2014",12:37 p.m. Local,PNC Park,18896,2:46,Day,Away,Cincinnati Reds,CIN,Pittsburgh Pirates,PIT,30,2,5,2,2.0,2,8,35,0.167,0.286,0.233,0.519,136,86,-0.094,1.48,0.644,,-1.9,27,5,9.0,0,50,17,19,11,11,5,0,61,0,0,0.593,2.9,34,1,7,1,1.0,2,12,36,0.206,0.25,0.206,0.456,129,88,-0.591,1.12,0.434,,-2.9,27,9,9.0,0,51,12,25,9,13,7,0,65,0,0,0.092,1.9
SLN/SLN201404250,"Friday, April 25, 2014",7:15 p.m. Local,Busch Stadium III,43193,3:03,Night,Home,St. Louis Cardinals,STL,Pittsburgh Pirates,PIT,28,0,4,0,0.0,5,9,35,0.143,0.294,0.179,0.473,123,96,-0.706,0.94,0.794,,-4.0,24,14,8.0,0,55,17,24,12,8,4,0,62,0,0,0.205,2.5,31,1,8,1,1.12,3,4,35,0.258,0.343,0.323,0.665,157,75,-0.206,2.03,0.379,,-2.5,27,15,9.0,0,45,8,22,20,7,4,0,63,1,0,0.705,4.0
SLN/SLN201404260,"Saturday, April 26, 2014",3:10 p.m. Local,Busch Stadium III,46254,3:02,Day,Away,Pittsburgh Pirates,PIT,St. Louis Cardinals,STL,33,6,7,6,6.0,2,5,36,0.212,0.257,0.242,0.5,167,76,0.193,1.11,0.462,,2.0,27,8,9.0,0,45,11,20,16,13,6,0,52,4,0,0.306,3.0,32,1,5,1,1.0,5,8,37,0.156,0.27,0.219,0.489,108,106,-0.31,0.54,0.475,,-3.0,27,8,9.0,0,69,15,22,9,15,7,0,51,1,0,-0.193,-2.0
SLN/SLN201404270,"Sunday, April 27, 2014",1:16 p.m. Local,Busch Stadium III,41986,2:35,Day,Home,St. Louis Cardinals,STL,Pittsburgh Pirates,PIT,29,0,3,0,0.0,2,10,32,0.103,0.188,0.103,0.291,112,78,-0.349,0.6,0.214,,-4.0,24,15,8.0,2,39,14,25,8,11,5,0,32,0,0,-0.151,-3.5,29,7,9,7,7.88,1,3,33,0.31,0.313,0.655,0.968,114,72,0.151,0.89,0.426,,3.5,27,8,9.0,0,48,7,17,14,15,11,0,81,0,0,0.349,4.0
BAL/BAL201405011,"Thursday, May 1, 2014",4:08 p.m. Local,Oriole Park at Camden Yards,,3:08,Day,Home,Baltimore Orioles,BAL,Pittsburgh Pirates,PIT,35,1,9,1,1.0,3,6,41,0.257,0.366,0.314,0.68,134,106,-0.269,0.94,0.597,,-3.3,24,16,8.0,1,64,13,29,17,12,7,0,44,2,0,-0.231,-1.2,31,5,9,5,3.38,2,5,35,0.29,0.333,0.419,0.753,162,81,0.232,1.02,0.669,,1.2,27,11,9.0,0,53,9,19,19,9,3,0,52,5,0,0.269,3.3
BAL/BAL201405012,"Thursday, May 1, 2014",8:56 p.m. Local,Oriole Park at Camden Yards,28290,3:57,Night,Home,Baltimore Orioles,BAL,Pittsburgh Pirates,PIT,41,5,11,5,4.5,8,14,50,0.268,0.4,0.415,0.815,165,127,-0.076,1.45,0.999,,0.2,27,10,9.0,2,73,24,30,11,16,7,0,43,2,2,-0.424,-1.7,38,6,12,6,6.0,1,6,41,0.316,0.366,0.526,0.892,212,107,0.423,1.42,1.385,,1.7,30,7,10.0,0,68,16,23,11,21,10,0,45,9,1,0.075,-0.2
PIT/PIT201405020,"Friday, May 2, 2014",7:06 p.m. Local,PNC Park,24547,3:21,Night,Home,Pittsburgh Pirates,PIT,Toronto Blue Jays,TOR,38,5,10,5,5.0,2,8,40,0.263,0.3,0.526,0.826,169,93,0.314,1.63,0.87,,1.1,26,12,8.2,2,54,11,28,14,16,8,0,34,0,0,-0.815,-2.2,40,6,17,5,6.23,1,7,42,0.425,0.452,0.675,1.127,161,116,0.815,0.92,1.943,,2.2,27,12,9.0,1,74,22,20,18,15,11,0,42,0,0,-0.314,-1.1
PIT/PIT201405030,"Saturday, May 3, 2014",7:07 p.m. Local,PNC Park,31439,3:19,Night,Home,Pittsburgh Pirates,PIT,Toronto Blue Jays,TOR,36,6,9,5,5.0,5,5,42,0.25,0.357,0.389,0.746,163,98,0.12,1.27,0.776,,2.1,24,10,8.0,0,56,14,28,18,13,6,0,53,4,1,-0.623,-4.5,35,8,12,7,6.75,7,5,42,0.343,0.452,0.457,0.91,161,103,0.621,0.94,1.227,,4.5,27,13,9.0,1,54,21,28,17,13,8,0,31,3,0,-0.121,-2.1
PIT/PIT201405040,"Sunday, May 4, 2014",1:36 p.m. Local,PNC Park,29496,2:49,Day,Away,Toronto Blue Jays,TOR,Pittsburgh Pirates,PIT,37,7,11,7,7.0,4,4,41,0.297,0.366,0.514,0.879,139,85,0.373,0.53,0.573,,3.1,27,12,9.0,0,48,11,26,14,19,9,0,69,1,0,0.127,1.9,29,2,4,2,2.0,3,7,34,0.138,0.235,0.276,0.511,138,84,-0.127,0.44,0.204,,-1.9,27,11,9.0,2,48,17,19,10,13,3,0,29,0,0,-0.373,-3.1
PIT/PIT201405050,"Monday, May 5, 2014",7:07 p.m. Local,PNC Park,13675,5:29,Night,Away,San Francisco Giants,SFG,Pittsburgh Pirates,PIT,54,11,20,10,6.92,4,11,61,0.37,0.417,0.426,0.843,241,130,0.54,1.55,2.371,,5.3,39,18,13.0,1,87,20,23,24,21,12,0,14,5,4,-0.039,-4.3,49,10,16,8,6.92,6,12,58,0.327,0.414,0.49,0.904,200,157,0.041,1.86,1.705,,4.3,39,18,13.0,0,85,30,42,18,20,8,0,33,4,4,-0.541,-5.3
PIT/PIT201405060,"Tuesday, May 6, 2014",7:06 p.m. Local,PNC Park,18881,2:41,Night,Home,Pittsburgh Pirates,PIT,San Francisco Giants,SFG,30,1,5,1,0.0,2,4,35,0.167,0.257,0.167,0.424,108,85,-0.521,1.16,0.438,,-2.9,26,11,8.2,0,54,8,23,15,12,3,0,72,,,0.021,1.8,30,2,5,1,1.04,1,5,32,0.167,0.219,0.267,0.485,137,74,-0.019,1.45,0.754,,-1.8,27,13,9.0,0,45,11,18,16,9,4,0,75,0,0,0.521,2.9
PIT/PIT201405070,"Wednesday, May 7, 2014",12:37 p.m. Local,PNC Park,23975,2:47,Day,Home,Pittsburgh Pirates,PIT,San Francisco Giants,SFG,33,3,7,3,3.0,1,7,34,0.212,0.235,0.364,0.599,135,75,-0.353,0.77,0.482,,-0.9,24,11,8.0,0,43,13,19,9,17,6,0,32,0,0,-0.147,-0.5,33,4,12,4,4.5,2,5,36,0.364,0.4,0.455,0.855,118,95,0.147,1.16,0.594,,0.5,27,9,9.0,1,63,13,19,13,16,8,0,62,0,0,0.353,0.9
PIT/PIT201405090,"Friday, May 9, 2014",7:07 p.m. Local,PNC Park,33696,2:48,Night,Home,Pittsburgh Pirates,PIT,St. Louis Cardinals,STL,35,4,9,4,4.0,4,9,39,0.257,0.333,0.571,0.905,131,94,0.118,1.25,1.056,,0.1,24,8,8.0,1,54,13,27,14,12,7,0,47,0,0,-0.618,-2.5,34,6,12,6,6.75,1,7,36,0.353,0.371,0.529,0.901,152,86,0.616,1.32,1.192,,2.5,27,12,9.0,2,53,14,19,12,16,6,0,46,0,0,-0.117,-0.1
PIT/PIT201405100,"Saturday, May 10, 2014",7:08 p.m. Local,PNC Park,34914,3:30,Night,Home,Pittsburgh Pirates,PIT,St. Louis Cardinals,STL,33,3,7,1,3.0,5,10,40,0.212,0.35,0.242,0.592,132,103,-0.313,1.21,0.892,,-0.9,24,11,8.0,0,54,20,29,17,6,3,0,41,0,0,-0.188,-0.5,34,4,11,4,4.5,2,7,37,0.324,0.378,0.353,0.731,167,83,0.186,1.76,0.76,,0.5,27,14,9.0,0,43,12,28,17,10,6,0,44,5,0,0.313,0.9
PIT/PIT201405110,"Sunday, May 11, 2014",8:07 p.m. Local,PNC Park,32065,3:37,Night,Away,St. Louis Cardinals,STL,Pittsburgh Pirates,PIT,37,6,11,5,3.0,3,6,42,0.297,0.357,0.297,0.654,163,97,0.337,1.87,0.692,,2.1,27,10,9.0,1,65,9,23,21,11,9,0,50,2,0,0.163,-1.1,36,5,11,5,5.0,6,4,43,0.306,0.419,0.444,0.863,157,99,-0.165,0.69,1.445,,1.1,27,14,9.0,0,62,7,30,12,21,12,0,50,0,0,-0.335,-2.1
MIL/MIL201405130,"Tuesday, May 13, 2014",7:10 p.m. Local,Miller Park,24176,3:14,Night,Home,Milwaukee Brewers,MIL,Pittsburgh Pirates,PIT,34,2,9,2,1.0,2,10,37,0.265,0.306,0.441,0.747,134,99,-0.332,0.98,0.491,,-2.1,24,13,8.0,0,45,23,31,11,14,7,0,46,2,0,-0.168,-1.4,33,5,12,5,5.62,4,6,40,0.364,0.436,0.455,0.89,158,84,0.171,1.08,0.711,,1.4,27,8,9.0,1,55,12,17,16,13,9,0,62,0,0,0.33,2.1
MIL/MIL201405140,"Wednesday, May 14, 2014",7:11 p.m. Local,Miller Park,24962,3:01,Night,Away,Pittsburgh Pirates,PIT,Milwaukee Brewers,MIL,37,4,11,4,4.0,1,8,38,0.297,0.316,0.351,0.667,133,96,0.095,1.41,0.868,,-0.1,27,10,9.0,0,54,14,28,15,14,8,0,66,0,0,0.404,3.1,30,1,6,1,1.0,4,7,36,0.2,0.286,0.233,0.519,139,87,-0.405,1.29,0.564,,-3.1,27,10,9.0,0,47,26,14,17,8,3,0,66,0,0,-0.097,0.1
MIL/MIL201405150,"Thursday, May 15, 2014",12:10 p.m. Local,Miller Park,34743,3:00,Day,Home,Milwaukee Brewers,MIL,Pittsburgh Pirates,PIT,32,3,6,3,3.0,5,8,37,0.188,0.297,0.375,0.672,126,85,0.037,1.57,0.786,,-1.1,24,8,8.0,2,44,13,28,16,8,3,0,54,0,0,-0.536,-1.3,30,4,7,4,4.5,3,10,33,0.233,0.303,0.467,0.77,151,78,0.534,1.14,1.297,,1.3,27,12,9.0,2,41,15,22,10,10,5,0,55,1,0,-0.035,1.1
NYA/NYA201405170,"Saturday, May 17, 2014",4:05 p.m. Local,Yankee Stadium III,47353,2:56,Day,Home,New York Yankees,NYY,Pittsburgh Pirates,PIT,32,1,8,1,1.0,3,11,36,0.25,0.333,0.406,0.74,107,100,-0.278,0.29,0.399,,-3.2,24,11,8.0,5,49,16,35,9,12,7,0,44,0,0,-0.223,-3.3,32,7,9,7,7.88,1,3,33,0.281,0.303,0.781,1.084,156,69,0.223,0.95,0.394,,3.3,27,8,9.0,1,42,5,22,14,15,4,0,59,0,0,0.277,3.2
NYA/NYA201405181,"Sunday, May 18, 2014",1:08 p.m. Local,Yankee Stadium III,,2:52,Day,Home,New York Yankees,NYY,Pittsburgh Pirates,PIT,33,3,6,3,3.0,2,11,35,0.182,0.229,0.394,0.623,126,81,-0.376,0.75,0.525,,-1.2,24,10,8.0,0,41,21,19,10,12,4,0,54,0,0,-0.123,-0.3,28,4,6,4,4.5,1,7,30,0.214,0.267,0.25,0.517,133,81,0.123,1.34,0.481,,0.3,27,9,9.0,2,50,10,21,11,10,4,0,55,1,0,0.377,1.2
NYA/NYA201405182,"Sunday, May 18, 2014",4:38 p.m. Local,Yankee Stadium III,46858,3:04,Day,Away,Pittsburgh Pirates,PIT,New York Yankees,NYY,33,5,8,5,4.0,2,6,37,0.242,0.278,0.485,0.763,153,87,0.305,1.36,0.947,,0.8,27,7,9.0,1,54,14,19,12,17,3,0,52,0,0,0.195,1.2,35,3,10,2,3.0,2,10,37,0.286,0.324,0.457,0.781,136,102,-0.194,1.04,0.864,,-1.2,27,14,9.0,2,61,13,28,10,15,7,0,54,1,1,-0.305,-0.8
PIT/PIT201405200,"Tuesday, May 20, 2014",7:07 p.m. Local,PNC Park,22787,2:55,Night,Away,Baltimore Orioles,BAL,Pittsburgh Pirates,PIT,39,9,12,9,9.0,2,6,42,0.308,0.357,0.641,0.998,141,95,0.375,0.74,0.742,,5.1,27,11,9.0,1,46,19,30,21,12,5,0,57,0,0,0.126,1.9,34,2,10,2,2.0,1,9,36,0.294,0.333,0.382,0.716,154,92,-0.125,0.7,0.35,,-1.9,27,15,9.0,4,56,14,22,14,11,6,0,27,0,0,-0.375,-5.1
PIT/PIT201405210,"Wednesday, May 21, 2014",7:15 p.m. Local,PNC Park,19365,3:28,Night,Home,Pittsburgh Pirates,PIT,Baltimore Orioles,BAL,35,8,12,8,3.0,5,9,45,0.343,0.429,0.543,0.971,129,115,0.282,1.01,1.244,,4.1,24,11,8.0,0,68,19,28,14,16,7,0,5,2,2,-0.781,-5.5,35,9,13,8,10.12,4,6,39,0.371,0.436,0.514,0.95,182,85,0.781,1.81,1.224,,5.5,27,9,9.0,1,55,10,20,14,15,7,0,26,3,1,-0.282,-4.1
PIT/PIT201405220,"Thursday, May 22, 2014",7:07 p.m. Local,PNC Park,23468,3:13,Night,Home,Pittsburgh Pirates,PIT,Washington Nationals,WSN,32,1,5,1,1.0,6,7,38,0.156,0.289,0.281,0.571,141,94,-0.473,1.08,0.654,,-2.9,24,12,8.0,0,51,14,29,15,10,6,0,52,2,0,-0.029,0.5,31,3,7,3,3.38,6,5,38,0.226,0.368,0.258,0.626,153,87,0.03,1.64,0.612,,-0.5,27,11,9.0,1,55,8,24,11,15,8,0,64,0,0,0.471,2.9
PIT/PIT201405230,"Friday, May 23, 2014",7:06 p.m. Local,PNC Park,31592,3:13,Night,Home,Pittsburgh Pirates,PIT,Washington Nationals,WSN,30,3,8,2,2.0,6,5,41,0.267,0.4,0.3,0.7,125,104,-0.339,0.55,0.778,,-0.9,24,11,8.0,1,56,15,33,12,16,6,0,44,0,0,-0.161,-0.5,31,4,7,3,4.5,2,5,34,0.226,0.294,0.355,0.649,178,86,0.162,1.56,0.462,,0.5,27,9,9.0,0,51,13,22,12,14,6,0,55,5,2,0.34,0.9
PIT/PIT201405240,"Saturday, May 24, 2014",7:16 p.m. Local,PNC Park,38889,2:59,Night,Home,Pittsburgh Pirates,PIT,Washington Nationals,WSN,31,2,5,2,2.0,3,8,37,0.161,0.278,0.258,0.536,127,89,-0.305,1.25,0.504,,-1.9,24,7,8.0,1,47,8,34,14,11,6,0,56,2,0,-0.195,0.5,28,3,8,3,3.38,2,8,33,0.286,0.364,0.429,0.792,142,80,0.195,1.21,0.814,,-0.5,27,11,9.0,1,47,9,24,9,12,4,0,58,0,0,0.305,1.9
PIT/PIT201405250,"Sunday, May 25, 2014",1:35 p.m. Local,PNC Park,38047,3:08,Day,Away,Washington Nationals,WSN,Pittsburgh Pirates,PIT,36,5,10,3,5.0,4,8,41,0.278,0.366,0.361,0.727,131,96,0.205,0.95,0.574,,1.1,27,10,9.0,1,52,16,28,15,13,6,0,56,4,1,0.295,1.9,35,2,9,2,2.0,0,7,35,0.257,0.257,0.343,0.6,162,90,-0.294,0.64,0.386,,-1.9,27,14,9.0,0,52,7,31,14,15,7,0,40,0,0,-0.206,-1.1
NYN/NYN201405260,"Monday, May 26, 2014",1:12 p.m. Local,Citi Field,29309,3:30,Day,Away,Pittsburgh Pirates,PIT,New York Mets,NYM,38,5,12,4,5.0,7,6,45,0.316,0.422,0.474,0.896,120,110,0.383,0.98,1.406,,1.3,27,13,9.0,1,65,18,27,15,17,5,0,52,0,0,0.118,0.7,34,3,8,2,2.0,2,3,36,0.235,0.278,0.353,0.631,195,79,-0.116,1.42,0.575,,-0.7,27,8,9.0,1,48,5,26,15,16,8,0,63,3,1,-0.383,-1.3
NYN/NYN201405270,"Tuesday, May 27, 2014",7:11 p.m. Local,Citi Field,20263,3:43,Night,Home,New York Mets,NYM,Pittsburgh Pirates,PIT,32,2,6,2,2.0,8,5,40,0.188,0.35,0.188,0.538,165,101,-0.198,0.99,0.878,,-1.7,24,7,8.0,0,55,9,37,15,12,8,0,52,1,0,-0.302,-0.7,32,4,7,4,4.5,6,12,38,0.219,0.342,0.344,0.686,175,99,0.301,1.56,0.844,,0.7,27,11,9.0,0,51,14,34,10,10,6,0,51,2,0,0.198,1.7
NYN/NYN201405280,"Wednesday, May 28, 2014",1:10 p.m. Local,Citi Field,34839,3:08,Day,Home,New York Mets,NYM,Pittsburgh Pirates,PIT,34,0,6,0,0.0,1,9,35,0.176,0.2,0.206,0.406,168,100,-0.383,0.59,0.225,,-3.7,24,13,8.0,2,55,7,38,16,9,4,0,50,2,0,-0.118,-1.7,29,5,6,4,4.5,8,6,37,0.207,0.378,0.414,0.792,140,100,0.119,0.8,0.484,,1.7,27,10,9.0,0,50,18,32,13,10,5,0,76,2,0,0.382,3.7
LAN/LAN201405290,"Thursday, May 29, 2014",7:10 p.m. Local,Dodger Stadium,39643,2:58,Night,Away,Pittsburgh Pirates,PIT,Los Angeles Dodgers,LAD,35,6,12,6,6.0,2,2,40,0.343,0.395,0.543,0.938,117,81,0.527,1.03,1.175,,2.2,27,15,9.0,0,55,11,17,20,15,6,0,50,1,0,-0.025,0.8,32,3,7,3,3.0,2,6,35,0.219,0.265,0.375,0.64,143,76,0.024,0.95,0.648,,-0.8,27,16,9.0,2,41,5,30,16,11,4,0,46,2,1,-0.525,-2.2
LAN/LAN201405300,"Friday, May 30, 2014",7:10 p.m. Local,Dodger Stadium,47503,3:25,Night,Away,Pittsburgh Pirates,PIT,Los Angeles Dodgers,LAD,30,2,6,2,2.0,4,7,35,0.2,0.314,0.3,0.614,139,103,-0.069,1.76,0.462,,-1.8,27,8,9.0,0,54,16,36,11,13,7,0,65,1,0,0.569,2.8,34,1,7,1,1.0,2,12,36,0.206,0.25,0.265,0.515,174,93,-0.569,0.74,0.621,,-2.8,27,13,9.0,1,43,24,26,11,11,9,0,53,0,0,0.069,1.8
LAN/LAN201405310,"Saturday, May 31, 2014",4:15 p.m. Local,Dodger Stadium,49455,3:07,Day,Home,Los Angeles Dodgers,LAD,Pittsburgh Pirates,PIT,38,2,11,2,2.0,0,6,38,0.289,0.289,0.342,0.632,146,99,-0.135,0.33,0.106,,-1.8,24,7,8.0,2,62,6,31,15,17,11,0,-3,2,2,-0.366,-8.6,38,12,14,12,12.38,3,8,42,0.368,0.405,0.658,1.063,148,94,0.365,0.33,0.486,,8.6,27,10,9.0,0,51,12,31,15,16,6,0,48,0,0,0.135,1.8
LAN/LAN201406010,"Sunday, June 1, 2014",5:08 p.m. Local,Dodger Stadium,51020,3:22,Night,Away,Pittsburgh Pirates,PIT,Los Angeles Dodgers,LAD,32,5,6,5,5.0,4,12,37,0.188,0.297,0.438,0.735,137,89,0.274,0.93,0.6,,1.2,27,7,9.0,1,38,20,31,7,13,7,0,54,0,0,0.227,0.8,33,3,6,3,3.0,4,10,37,0.182,0.27,0.333,0.604,148,86,-0.227,0.7,0.444,,-0.8,27,7,9.0,2,40,14,32,9,14,6,0,51,0,0,-0.274,-1.2
SDN/SDN201406020,"Monday, June 2, 2014",7:11 p.m. Local,Petco Park,18876,4:04,Night,Away,Pittsburgh Pirates,PIT,San Diego Padres,SDP,41,10,16,10,10.0,7,10,53,0.39,0.5,0.537,1.037,156,145,0.412,1.15,0.839,,6.3,27,12,9.0,0,87,25,33,16,17,10,0,59,0,0,0.09,0.7,33,3,5,3,3.0,5,11,41,0.152,0.317,0.182,0.499,249,95,-0.09,0.76,0.592,,-0.7,27,8,9.0,1,52,16,27,16,6,2,0,44,8,0,-0.411,-6.3
SDN/SDN201406030,"Tuesday, June 3, 2014",7:12 p.m. Local,Petco Park,20520,2:43,Night,Away,Pittsburgh Pirates,PIT,San Diego Padres,SDP,33,4,6,4,4.0,2,9,35,0.182,0.229,0.364,0.592,139,85,0.198,0.76,0.477,,0.3,27,9,9.0,0,47,9,29,14,10,6,0,61,2,0,0.3,2.7,29,1,4,1,1.0,3,11,33,0.138,0.219,0.172,0.391,126,89,-0.3,0.48,0.213,,-2.7,27,11,9.0,2,44,16,29,10,9,4,0,36,2,0,-0.198,-0.3
SDN/SDN201406040,"Wednesday, June 4, 2014",3:40 p.m. Local,Petco Park,17923,2:49,Day,Home,San Diego Padres,SDP,Pittsburgh Pirates,PIT,33,2,7,2,2.0,1,10,35,0.212,0.235,0.424,0.66,153,83,-0.428,0.97,0.594,,-1.7,24,12,8.0,0,41,20,22,4,20,6,0,56,0,0,-0.072,0.3,22,3,1,2,2.25,9,10,34,0.045,0.333,0.045,0.379,129,80,0.072,1.46,0.484,,-0.3,27,4,9.0,1,39,18,23,12,3,0,0,60,0,0,0.427,1.7
PIT/PIT201406060,"Friday, June 6, 2014",7:07 p.m. Local,PNC Park,35544,3:11,Night,Home,Pittsburgh Pirates,PIT,Milwaukee Brewers,MIL,33,5,11,5,5.0,3,6,39,0.333,0.368,0.394,0.762,172,85,-0.046,0.43,0.482,,1.1,24,13,8.0,2,54,9,22,13,17,10,0,17,2,2,-0.454,-11.5,39,15,16,15,16.88,6,4,46,0.41,0.5,0.615,1.115,127,101,0.455,0.89,0.707,,11.5,27,12,9.0,0,65,12,24,18,17,8,0,41,1,0,0.045,-1.1
PIT/PIT201406070,"Saturday, June 7, 2014",4:09 p.m. Local,PNC Park,38525,3:23,Day,Away,Milwaukee Brewers,MIL,Pittsburgh Pirates,PIT,35,9,9,9,7.0,4,8,44,0.257,0.349,0.314,0.663,132,101,0.442,1.23,0.955,,5.1,27,14,9.0,0,56,19,26,15,15,6,0,44,0,0,0.058,0.9,32,3,8,2,3.0,6,4,38,0.25,0.368,0.313,0.681,158,84,-0.059,0.96,0.745,,-0.9,27,8,9.0,0,54,7,23,14,14,6,0,52,2,2,-0.442,-5.1
PIT/PIT201406080,"Sunday, June 8, 2014",1:41 p.m. Local,PNC Park,35002,2:57,Day,Away,Milwaukee Brewers,MIL,Pittsburgh Pirates,PIT,30,1,4,1,1.0,1,5,31,0.133,0.161,0.2,0.361,159,69,-0.247,2.39,0.281,,-2.9,27,8,9.0,0,34,13,22,11,14,7,0,76,1,0,0.748,3.9,32,0,5,0,0.0,3,9,37,0.156,0.27,0.188,0.458,94,101,-0.749,0.94,0.821,,-3.9,27,11,9.0,0,55,16,30,9,14,5,0,71,0,0,0.247,2.9
PIT/PIT201406090,"Monday, June 9, 2014",7:06 p.m. Local,PNC Park,24075,2:33,Night,Home,Pittsburgh Pirates,PIT,Chicago Cubs,CHC,35,2,8,2,2.0,0,8,35,0.229,0.229,0.4,0.629,126,74,-0.303,0.46,0.172,,-1.9,24,10,8.0,2,36,12,26,18,9,2,0,48,0,0,-0.198,-2.5,34,6,10,6,6.75,3,10,37,0.294,0.351,0.618,0.969,106,83,0.199,0.61,0.493,,2.5,27,10,9.0,1,41,25,17,10,14,7,0,68,0,0,0.302,1.9
PIT/PIT201406100,"Tuesday, June 10, 2014",7:07 p.m. Local,PNC Park,31567,3:20,Night,Away,Chicago Cubs,CHC,Pittsburgh Pirates,PIT,35,7,11,7,7.0,1,7,38,0.314,0.368,0.514,0.883,145,86,0.5,1.14,0.954,,3.1,27,9,9.0,1,50,11,26,18,10,6,0,44,4,0,-0.001,0.9,34,3,10,3,3.0,4,4,39,0.294,0.359,0.441,0.8,138,90,0.001,0.82,0.804,,-0.9,27,16,9.0,1,58,10,22,12,19,10,0,49,1,0,-0.501,-3.1
PIT/PIT201406110,"Wednesday, June 11, 2014",8:43 p.m. Local,PNC Park,20540,2:56,Night,Home,Pittsburgh Pirates,PIT,Chicago Cubs,CHC,33,2,5,2,2.0,3,9,37,0.152,0.243,0.182,0.425,134,93,-0.292,0.84,0.514,,-1.9,24,6,8.0,1,53,9,31,10,14,7,0,33,0,0,-0.21,-0.5,33,4,11,4,4.5,4,10,38,0.333,0.421,0.545,0.967,139,80,0.209,1.26,0.744,,0.5,27,7,9.0,0,34,18,28,8,15,8,0,52,0,0,0.291,1.9
PIT/PIT201406120,"Thursday, June 12, 2014",7:26 p.m. Local,PNC Park,25431,2:46,Night,Home,Pittsburgh Pirates,PIT,Chicago Cubs,CHC,31,0,7,0,0.0,2,9,35,0.226,0.273,0.29,0.563,120,84,-0.34,0.79,0.337,,-3.9,24,11,8.0,0,43,19,22,16,8,6,0,43,2,0,-0.162,-0.5,30,4,10,4,4.5,2,9,34,0.333,0.364,0.567,0.93,124,79,0.162,1.0,0.522,,0.5,27,14,9.0,0,40,16,23,11,12,8,0,66,0,0,0.34,3.9
MIA/MIA201406130,"Friday, June 13, 2014",7:11 p.m. Local,Marlins Park,19054,4:26,Night,Away,Pittsburgh Pirates,PIT,Miami Marlins,MIA,54,8,17,8,5.54,2,16,57,0.315,0.339,0.444,0.784,200,144,0.424,1.56,1.313,,2.3,39,18,13.0,1,75,26,43,16,23,12,0,67,5,3,0.077,-0.3,48,6,9,6,4.15,7,13,55,0.188,0.291,0.313,0.603,216,121,-0.075,1.04,1.174,,0.3,39,12,13.0,2,59,19,43,20,15,7,0,22,1,1,-0.424,-2.3
MIA/MIA201406140,"Saturday, June 14, 2014",4:10 p.m. Local,Marlins Park,21195,3:09,Day,Away,Pittsburgh Pirates,PIT,Miami Marlins,MIA,40,8,18,8,8.0,3,6,46,0.45,0.5,0.625,1.125,151,102,0.38,0.63,0.724,,4.0,27,12,9.0,2,57,20,25,17,19,10,0,62,0,0,0.121,-2.0,34,6,10,6,6.0,3,8,38,0.294,0.368,0.529,0.898,159,98,-0.12,0.62,0.37,,2.0,27,12,9.0,2,53,16,29,12,14,8,0,24,0,0,-0.38,-4.0
MIA/MIA201406150,"Sunday, June 15, 2014",1:10 p.m. Local,Marlins Park,25953,3:22,Day,Home,Miami Marlins,MIA,Pittsburgh Pirates,PIT,37,2,9,2,1.8,5,10,43,0.243,0.349,0.27,0.619,155,110,-0.305,1.88,0.849,,-2.4,29,10,9.2,0,56,18,36,16,11,8,0,72,0,0,-0.194,1.1,36,3,9,3,0.93,1,8,40,0.25,0.263,0.306,0.569,168,110,0.194,1.35,1.307,,-1.1,30,13,10.0,0,64,11,35,15,16,8,0,59,0,0,0.307,2.4
PIT/PIT201406170,"Tuesday, June 17, 2014",7:07 p.m. Local,PNC Park,23565,3:54,Night,Away,Cincinnati Reds,CIN,Pittsburgh Pirates,PIT,39,6,13,6,6.0,2,5,41,0.333,0.366,0.462,0.827,192,106,0.509,2.14,1.229,,2.1,27,10,9.0,0,61,16,29,16,18,15,0,48,4,1,-0.009,-1.1,37,5,13,5,5.0,7,7,45,0.351,0.455,0.432,0.887,169,118,0.01,1.14,1.558,,1.1,27,11,9.0,1,76,14,30,14,17,11,0,47,1,0,-0.509,-2.1
PIT/PIT201406180,"Wednesday, June 18, 2014",7:07 p.m. Local,PNC Park,23329,3:25,Night,Away,Cincinnati Reds,CIN,Pittsburgh Pirates,PIT,40,11,14,10,11.0,6,10,48,0.35,0.438,0.425,0.863,150,110,0.385,0.39,0.57,,7.1,27,11,9.0,0,58,22,30,13,18,9,0,53,2,1,0.115,-0.1,33,4,7,4,4.0,4,6,40,0.212,0.325,0.273,0.598,178,94,-0.116,0.46,0.134,,0.1,27,7,9.0,0,56,11,27,12,16,7,0,12,5,3,-0.386,-7.1
PIT/PIT201406190,"Thursday, June 19, 2014",12:36 p.m. Local,PNC Park,30710,4:16,Day,Home,Pittsburgh Pirates,PIT,Cincinnati Reds,CIN,40,3,8,3,2.25,2,4,45,0.2,0.227,0.35,0.577,202,104,-0.399,1.91,0.882,,-2.2,35,10,11.2,0,63,13,29,19,20,9,0,43,5,0,-0.102,0.5,46,4,12,3,3.09,6,13,53,0.261,0.358,0.304,0.663,167,123,0.1,1.47,1.511,,-0.5,36,17,12.0,1,73,19,33,13,21,15,0,59,0,0,0.399,2.2
CHN/CHN201406200,"Friday, June 20, 2014",3:06 p.m. Local,Wrigley Field,36423,3:03,Day,Home,Chicago Cubs,CHC,Pittsburgh Pirates,PIT,31,3,7,3,3.0,4,13,37,0.226,0.333,0.323,0.656,137,99,-0.197,0.54,0.458,,-1.1,24,5,8.0,2,42,29,28,9,10,3,0,36,0,0,-0.303,-2.4,32,6,9,6,6.75,4,9,37,0.281,0.361,0.563,0.924,159,86,0.304,0.95,0.577,,2.4,27,9,9.0,1,43,12,31,9,15,6,0,51,2,0,0.197,1.1
CHN/CHN201406210,"Saturday, June 21, 2014",8:16 p.m. Local,Wrigley Field,36563,2:54,Night,Away,Pittsburgh Pirates,PIT,Chicago Cubs,CHC,32,5,7,5,5.0,3,7,36,0.219,0.286,0.406,0.692,111,91,0.282,1.1,0.795,,0.9,27,7,9.0,1,55,11,25,12,14,4,0,55,1,0,0.217,1.1,32,3,5,3,3.0,1,8,33,0.156,0.182,0.313,0.494,153,85,-0.219,0.92,0.543,,-1.1,27,7,9.0,2,58,9,18,10,14,4,0,45,2,0,-0.282,-0.9
CHN/CHN201406220,"Sunday, June 22, 2014",1:23 p.m. Local,Wrigley Field,33573,2:50,Day,Away,Pittsburgh Pirates,PIT,Chicago Cubs,CHC,31,2,6,2,2.0,3,6,35,0.194,0.265,0.29,0.555,119,88,-0.073,1.83,0.386,,-2.1,27,9,9.0,0,47,12,29,11,15,6,0,75,0,0,0.573,3.1,31,1,6,1,1.0,2,7,34,0.194,0.242,0.194,0.436,142,79,-0.574,0.68,0.623,,-3.1,27,11,9.0,1,51,10,18,11,14,6,0,62,0,0,0.073,2.1
TBA/TBA201406230,"Monday, June 23, 2014",7:12 p.m. Local,Tropicana Field,13175,3:22,Night,Away,Pittsburgh Pirates,PIT,Tampa Bay Rays,TBR,36,8,10,8,8.0,4,9,42,0.278,0.381,0.389,0.77,127,105,0.385,0.57,0.594,,4.0,27,15,9.0,0,57,15,33,16,11,4,0,67,0,0,0.114,3.0,30,1,6,1,1.0,2,2,32,0.2,0.25,0.2,0.45,174,77,-0.114,0.49,0.254,,-3.0,27,11,9.0,1,49,4,24,17,11,3,0,30,0,0,-0.387,-4.0
TBA/TBA201406240,"Tuesday, June 24, 2014",7:11 p.m. Local,Tropicana Field,14684,3:03,Night,Away,Pittsburgh Pirates,PIT,Tampa Bay Rays,TBR,32,6,8,6,5.0,2,10,36,0.25,0.286,0.375,0.661,145,83,0.263,0.88,0.463,,2.0,27,9,9.0,1,40,13,30,9,15,8,0,52,1,0,0.238,-1.0,37,5,12,5,5.0,2,5,40,0.324,0.375,0.514,0.889,121,96,-0.238,0.56,0.443,,1.0,27,8,9.0,1,56,11,29,14,18,6,0,50,0,0,-0.263,-2.0
TBA/TBA201406250,"Wednesday, June 25, 2014",12:11 p.m. Local,Tropicana Field,23761,2:51,Day,Home,Tampa Bay Rays,TBR,Pittsburgh Pirates,PIT,31,1,5,1,1.0,1,12,32,0.161,0.188,0.258,0.446,139,93,-0.337,0.44,0.138,,-3.0,24,6,8.0,0,45,16,32,8,11,5,0,69,2,0,-0.162,-1.4,32,5,8,5,4.5,1,14,35,0.25,0.286,0.313,0.598,133,95,0.163,0.66,0.362,,1.4,27,9,9.0,1,51,22,22,10,9,5,0,79,0,0,0.338,3.0
PIT/PIT201406260,"Thursday, June 26, 2014",7:06 p.m. Local,PNC Park,36647,2:53,Night,Home,Pittsburgh Pirates,PIT,New York Mets,NYM,33,2,9,2,2.0,2,5,36,0.273,0.333,0.424,0.758,124,90,-0.216,0.79,0.478,,-1.9,24,12,8.0,1,55,11,24,16,12,6,0,42,1,0,-0.285,-1.5,27,5,8,4,5.62,5,4,35,0.296,0.424,0.444,0.869,129,71,0.282,1.0,0.645,,1.5,27,15,9.0,1,48,7,17,12,13,5,0,60,0,0,0.216,1.9
PIT/PIT201406270,"Friday, June 27, 2014",7:06 p.m. Local,PNC Park,37952,3:45,Night,Home,Pittsburgh Pirates,PIT,New York Mets,NYM,39,2,9,2,1.64,2,8,42,0.231,0.268,0.256,0.525,154,101,-0.618,1.97,0.689,,-2.8,32,12,10.2,0,60,13,28,15,17,7,0,57,1,0,0.118,1.5,38,3,8,3,2.53,5,10,45,0.211,0.318,0.237,0.555,150,103,-0.117,1.57,1.417,,-1.5,33,14,11.0,0,54,20,29,16,13,6,0,60,0,0,0.618,2.8
PIT/PIT201406280,"Saturday, June 28, 2014",4:07 p.m. Local,PNC Park,38930,3:08,Day,Away,New York Mets,NYM,Pittsburgh Pirates,PIT,36,5,9,4,5.0,4,11,40,0.25,0.325,0.333,0.658,118,110,0.218,1.1,0.528,,1.1,27,11,9.0,0,65,20,25,11,14,5,0,48,0,0,0.282,0.9,34,3,7,3,3.0,3,6,37,0.206,0.27,0.265,0.535,176,77,-0.282,0.55,0.443,,-0.9,27,4,9.0,0,46,7,24,15,13,5,0,29,0,0,-0.217,-1.1
PIT/PIT201406290,"Sunday, June 29, 2014",1:37 p.m. Local,PNC Park,37290,2:58,Day,Home,Pittsburgh Pirates,PIT,New York Mets,NYM,39,2,13,2,2.0,1,9,40,0.333,0.35,0.41,0.76,114,111,-0.227,0.3,0.326,,-1.9,24,10,8.0,1,60,15,36,8,22,13,0,39,0,0,-0.273,-1.5,31,5,8,5,5.62,1,5,33,0.258,0.281,0.452,0.733,159,78,0.273,0.7,0.397,,1.5,27,6,9.0,0,45,7,26,12,15,8,0,62,1,0,0.227,1.9
PIT/PIT201407010,"Tuesday, July 1, 2014",7:07 p.m. Local,PNC Park,21426,2:33,Night,Home,Pittsburgh Pirates,PIT,Arizona Diamondbacks,ARI,36,2,11,2,2.0,1,4,38,0.306,0.324,0.306,0.63,122,85,-0.06,1.61,0.592,,-1.9,25,7,8.1,0,57,8,20,14,19,12,0,76,2,2,-0.441,0.1,30,3,6,3,3.24,1,10,31,0.2,0.226,0.233,0.459,128,81,0.441,0.96,1.138,,-0.1,27,12,9.0,0,40,18,25,8,12,7,0,60,0,0,0.06,1.9
PIT/PIT201407020,"Wednesday, July 2, 2014",7:05 p.m. Local,PNC Park,24161,3:14,Night,Home,Pittsburgh Pirates,PIT,Arizona Diamondbacks,ARI,34,1,8,1,1.0,3,7,38,0.235,0.316,0.265,0.58,158,89,-0.367,0.73,0.375,,-2.9,24,5,8.0,1,48,7,34,17,10,7,0,35,3,0,-0.133,-1.5,35,5,12,5,5.62,5,10,40,0.343,0.425,0.514,0.939,139,98,0.133,1.03,0.586,,1.5,27,13,9.0,0,49,27,22,11,15,7,0,60,0,0,0.367,2.9
PIT/PIT201407030,"Thursday, July 3, 2014",7:06 p.m. Local,PNC Park,27473,3:16,Night,Away,Arizona Diamondbacks,ARI,Pittsburgh Pirates,PIT,38,10,13,10,10.0,3,7,42,0.342,0.39,0.526,0.917,152,100,0.224,1.0,0.779,,6.1,27,12,9.0,0,62,8,30,13,19,12,0,49,1,0,0.275,1.9,34,2,10,2,2.0,3,10,37,0.294,0.351,0.353,0.704,153,98,-0.276,0.8,0.43,,-1.9,27,12,9.0,1,60,13,29,13,11,9,0,61,3,3,-0.224,-6.1
PIT/PIT201407040,"Friday, July 4, 2014",5:07 p.m. Local,PNC Park,38977,3:13,Night,Home,Pittsburgh Pirates,PIT,Philadelphia Phillies,PHI,28,2,2,1,2.0,4,6,33,0.071,0.212,0.071,0.284,158,83,-0.168,0.45,0.211,,-1.9,24,9,8.0,0,47,8,28,16,6,3,0,28,1,0,-0.332,-4.5,34,8,12,8,6.75,7,3,41,0.353,0.463,0.5,0.963,137,90,0.331,0.55,0.531,,4.5,27,13,9.0,0,57,7,26,13,18,4,0,69,3,1,0.167,1.9
PIT/PIT201407050,"Saturday, July 5, 2014",4:07 p.m. Local,PNC Park,37821,2:40,Day,Home,Pittsburgh Pirates,PIT,Philadelphia Phillies,PHI,31,2,5,2,2.0,4,8,35,0.161,0.257,0.355,0.612,108,81,-0.409,0.58,0.37,,-1.9,24,6,8.0,1,42,11,28,12,11,4,0,50,0,0,-0.094,0.5,30,3,6,3,3.38,1,6,32,0.2,0.25,0.367,0.617,129,69,0.092,1.11,0.394,,-0.5,27,12,9.0,2,40,14,15,7,17,3,0,66,0,0,0.407,1.9
PIT/PIT201407060,"Sunday, July 6, 2014",1:38 p.m. Local,PNC Park,33408,2:43,Day,Home,Pittsburgh Pirates,PIT,Philadelphia Phillies,PHI,30,2,4,2,1.0,1,4,31,0.133,0.161,0.233,0.395,137,79,-0.295,0.68,0.345,,-1.9,24,7,8.0,0,49,9,21,18,8,3,0,60,1,1,-0.207,-2.5,28,6,7,6,4.5,4,9,37,0.25,0.343,0.429,0.771,112,90,0.205,0.92,0.555,,2.5,27,14,9.0,1,47,20,23,13,10,6,0,73,0,0,0.295,1.9
SLN/SLN201407070,"Monday, July 7, 2014",8:02 p.m. Local,Busch Stadium III,42448,2:37,Night,Home,St. Louis Cardinals,STL,Pittsburgh Pirates,PIT,34,0,8,0,0.0,4,8,39,0.235,0.333,0.294,0.627,98,97,-0.646,1.27,0.638,,-4.0,25,12,8.1,1,58,14,25,10,16,8,0,78,0,0,0.146,1.7,25,2,3,2,2.16,3,5,30,0.12,0.241,0.28,0.521,151,58,-0.145,1.8,0.634,,-1.7,27,10,9.0,0,32,4,22,13,8,4,0,65,0,0,0.647,4.0
SLN/SLN201407080,"Tuesday, July 8, 2014",7:16 p.m. Local,Busch Stadium III,43162,2:44,Night,Home,St. Louis Cardinals,STL,Pittsburgh Pirates,PIT,35,4,9,4,4.0,3,9,38,0.257,0.316,0.486,0.802,125,94,-0.093,1.3,0.923,,0.0,26,15,8.2,1,56,19,19,9,17,8,0,36,0,0,-0.408,-1.1,34,5,11,5,5.19,0,4,35,0.324,0.343,0.471,0.813,136,79,0.41,1.39,1.272,,1.1,27,7,9.0,2,56,4,19,17,13,8,0,44,0,0,0.092,-0.0
SLN/SLN201407090,"Wednesday, July 9, 2014",7:16 p.m. Local,Busch Stadium III,43941,3:24,Night,Home,St. Louis Cardinals,STL,Pittsburgh Pirates,PIT,32,2,6,2,2.0,3,6,35,0.188,0.257,0.375,0.632,153,90,-0.239,0.88,0.502,,-2.0,24,11,8.0,1,55,13,22,12,14,5,0,25,3,0,-0.261,-1.5,35,5,14,5,5.62,5,4,41,0.4,0.475,0.629,1.104,142,98,0.261,0.99,0.779,,1.5,27,9,9.0,1,63,10,25,16,16,8,0,56,1,0,0.239,2.0
SLN/SLN201407100,"Thursday, July 10, 2014",6:16 p.m. Local,Busch Stadium III,43974,3:05,Night,Away,Pittsburgh Pirates,PIT,St. Louis Cardinals,STL,34,9,9,8,5.0,6,2,43,0.265,0.366,0.441,0.807,114,98,0.361,0.81,0.732,,5.0,27,13,9.0,0,62,13,23,8,27,10,0,74,,,0.139,3.0,27,1,6,1,1.0,2,5,32,0.222,0.29,0.222,0.513,169,77,-0.139,0.75,0.333,,-3.0,27,6,9.0,1,49,8,20,13,11,1,0,38,0,0,-0.36,-5.0
CIN/CIN201407110,"Friday, July 11, 2014",7:11 p.m. Local,Great American Ball Park,36613,3:11,Night,Home,Cincinnati Reds,CIN,Pittsburgh Pirates,PIT,32,5,5,5,4.0,5,14,37,0.156,0.27,0.375,0.645,126,101,0.132,1.17,0.614,,1.0,24,15,8.0,1,56,21,24,3,15,7,0,52,4,1,-0.633,-2.5,37,6,14,6,4.5,0,5,37,0.378,0.378,0.541,0.919,157,84,0.633,0.79,1.293,,2.5,27,4,9.0,2,52,16,16,16,16,13,0,50,0,0,-0.133,-1.0
CIN/CIN201407120,"Saturday, July 12, 2014",7:15 p.m. Local,Great American Ball Park,42789,4:06,Night,Away,Pittsburgh Pirates,PIT,Cincinnati Reds,CIN,41,6,13,5,4.91,3,10,49,0.317,0.362,0.488,0.85,176,117,0.415,1.69,1.385,,1.1,33,13,11.0,2,73,18,26,22,13,6,0,44,2,0,0.085,-0.1,41,5,11,5,4.09,5,11,46,0.268,0.348,0.415,0.762,178,104,-0.083,1.31,1.16,,0.1,33,14,11.0,2,57,22,25,14,16,12,0,37,4,0,-0.416,-1.1
CIN/CIN201407130,"Sunday, July 13, 2014",1:11 p.m. Local,Great American Ball Park,35022,3:08,Day,Home,Cincinnati Reds,CIN,Pittsburgh Pirates,PIT,33,3,5,3,3.0,2,11,36,0.152,0.222,0.333,0.556,168,90,-0.107,0.69,0.617,,-1.0,24,6,8.0,2,49,24,17,9,13,8,0,42,0,0,-0.394,-2.5,33,6,9,6,6.75,8,7,41,0.273,0.415,0.576,0.99,148,98,0.395,1.03,0.829,,2.5,27,6,9.0,1,59,14,26,9,17,12,0,55,0,0,0.107,1.0
PIT/PIT201407180,"Friday, July 18, 2014",7:07 p.m. Local,PNC Park,37833,3:46,Night,Home,Pittsburgh Pirates,PIT,Colorado Rockies,COL,36,2,8,2,0.0,4,12,40,0.222,0.3,0.222,0.522,158,99,-0.192,1.69,0.771,,-1.9,24,12,8.0,0,51,24,24,14,10,3,0,59,5,2,-0.308,-0.5,32,4,9,4,3.38,3,5,37,0.281,0.351,0.406,0.758,164,94,0.307,1.43,1.154,,0.5,27,10,9.0,0,50,17,27,14,14,5,0,64,0,0,0.193,1.9
PIT/PIT201407190,"Saturday, July 19, 2014",7:06 p.m. Local,PNC Park,37396,3:31,Night,Home,Pittsburgh Pirates,PIT,Colorado Rockies,COL,33,2,7,2,1.64,1,6,37,0.212,0.278,0.333,0.611,177,88,-0.386,1.82,0.881,,-2.8,31,17,10.1,0,52,8,29,17,11,5,0,72,3,1,-0.113,0.5,38,3,8,3,2.61,5,10,44,0.211,0.302,0.289,0.592,124,105,0.114,1.48,1.114,,-0.5,33,21,11.0,1,56,19,30,19,10,7,0,61,0,0,0.388,2.8
PIT/PIT201407200,"Sunday, July 20, 2014",1:38 p.m. Local,PNC Park,35609,3:05,Day,Home,Pittsburgh Pirates,PIT,Colorado Rockies,COL,31,3,8,3,3.0,3,6,35,0.258,0.324,0.452,0.775,146,80,-0.17,1.16,0.494,,-0.9,24,7,8.0,1,46,15,19,13,13,6,0,51,2,0,-0.33,-1.5,35,5,12,5,5.62,5,9,40,0.343,0.425,0.486,0.911,129,85,0.33,1.01,1.126,,1.5,27,12,9.0,2,44,16,25,11,14,7,1,47,0,0,0.17,0.9
PIT/PIT201407210,"Monday, July 21, 2014",7:06 p.m. Local,PNC Park,28255,3:12,Night,Away,Los Angeles Dodgers,LAD,Pittsburgh Pirates,PIT,37,5,12,5,5.0,4,6,43,0.324,0.405,0.432,0.837,136,90,0.204,0.7,0.636,,1.1,27,11,9.0,0,47,9,34,20,12,8,0,63,1,0,0.295,1.9,33,2,6,2,2.0,1,6,34,0.182,0.206,0.182,0.388,144,92,-0.296,0.65,0.195,,-1.9,27,14,9.0,0,53,11,28,14,13,5,0,29,2,0,-0.204,-1.1
PIT/PIT201407220,"Tuesday, July 22, 2014",7:07 p.m. Local,PNC Park,30629,3:39,Night,Home,Pittsburgh Pirates,PIT,Los Angeles Dodgers,LAD,35,7,9,7,4.0,5,8,43,0.257,0.357,0.429,0.786,157,99,0.26,0.88,0.996,,3.1,24,10,8.0,3,62,9,28,12,17,9,0,37,6,5,-0.761,-8.5,35,12,12,11,13.5,5,6,44,0.343,0.465,0.657,1.122,152,91,0.76,1.14,1.188,,8.5,27,7,9.0,2,64,12,15,14,16,7,0,51,1,1,-0.261,-3.1
PIT/PIT201407230,"Wednesday, July 23, 2014",7:07 p.m. Local,PNC Park,30785,2:38,Night,Home,Pittsburgh Pirates,PIT,Los Angeles Dodgers,LAD,29,1,5,1,1.0,4,5,34,0.172,0.294,0.241,0.535,125,77,-0.171,0.49,0.224,,-2.9,24,11,8.0,1,43,11,23,13,11,7,0,42,0,0,-0.329,-2.5,29,6,9,6,6.75,4,6,34,0.31,0.382,0.483,0.865,128,75,0.329,0.56,0.458,,2.5,27,15,9.0,0,48,4,23,11,13,10,0,67,0,0,0.171,2.9
COL/COL201407250,"Friday, July 25, 2014",6:40 p.m. Local,Coors Field,38487,2:56,Night,Home,Colorado Rockies,COL,Pittsburgh Pirates,PIT,30,1,5,1,1.0,6,4,37,0.167,0.297,0.167,0.464,124,96,-0.467,0.62,0.236,,-3.6,24,9,8.0,1,56,13,27,16,11,4,0,44,2,2,-0.033,-3.9,34,8,10,8,9.0,2,6,36,0.294,0.333,0.588,0.922,154,76,0.031,0.85,0.47,,3.9,27,12,9.0,0,46,16,14,13,15,8,0,66,5,0,0.466,3.6
COL/COL201407260,"Saturday, July 26, 2014",6:10 p.m. Local,Coors Field,44611,2:49,Night,Home,Colorado Rockies,COL,Pittsburgh Pirates,PIT,30,1,4,1,1.0,2,3,33,0.133,0.212,0.267,0.479,147,72,-0.348,0.62,0.209,,-3.6,24,10,8.0,3,45,6,21,14,13,4,0,33,0,0,-0.151,-3.9,37,8,14,8,9.0,3,7,40,0.378,0.425,0.649,1.074,119,96,0.152,0.74,0.499,,3.9,27,11,9.0,1,64,9,23,14,16,11,0,72,0,0,0.348,3.6
COL/COL201407270,"Sunday, July 27, 2014",2:13 p.m. Local,Coors Field,40382,3:58,Day,Away,Pittsburgh Pirates,PIT,Colorado Rockies,COL,39,7,16,7,7.0,5,7,46,0.41,0.467,0.692,1.159,145,114,0.592,1.17,1.619,,2.4,27,15,9.0,2,70,18,26,12,22,12,0,37,3,0,-0.091,-0.4,35,5,10,5,3.0,4,6,40,0.286,0.359,0.543,0.902,189,94,0.09,1.35,1.011,,0.4,27,6,9.0,3,57,13,24,18,12,5,0,40,3,1,-0.593,-2.4
SFN/SFN201407280,"Monday, July 28, 2014",7:16 p.m. Local,AT&T Park,41794,2:34,Night,Away,Pittsburgh Pirates,PIT,San Francisco Giants,SFG,32,5,7,5,5.0,2,6,36,0.219,0.25,0.313,0.563,100,101,0.329,0.33,0.409,,1.2,27,15,9.0,0,58,13,30,9,19,8,0,81,,,0.17,3.8,28,0,4,0,0.0,1,3,29,0.143,0.172,0.214,0.387,144,71,-0.171,0.44,0.062,,-3.8,27,6,9.0,1,50,3,18,16,9,5,0,30,0,0,-0.33,-1.2
SFN/SFN201407290,"Tuesday, July 29, 2014",7:15 p.m. Local,AT&T Park,42242,2:45,Night,Away,Pittsburgh Pirates,PIT,San Francisco Giants,SFG,34,3,7,3,3.0,2,2,36,0.206,0.25,0.471,0.721,134,90,0.046,1.31,0.385,,-0.8,27,9,9.0,1,53,7,30,16,16,9,0,75,0,0,0.454,2.8,32,1,6,1,1.0,1,13,33,0.188,0.212,0.313,0.525,141,84,-0.455,0.53,0.423,,-2.8,27,16,9.0,2,42,23,19,10,9,6,0,54,0,0,-0.046,0.8
SFN/SFN201407300,"Wednesday, July 30, 2014",12:45 p.m. Local,AT&T Park,42272,3:24,Day,Home,San Francisco Giants,SFG,Pittsburgh Pirates,PIT,30,5,6,5,5.0,6,5,37,0.2,0.333,0.433,0.767,163,85,0.111,1.59,0.911,,1.2,24,9,8.0,0,48,14,25,10,17,3,0,32,2,0,-0.61,-3.6,36,7,12,6,5.62,5,4,42,0.333,0.429,0.333,0.762,148,96,0.609,1.17,1.399,,3.6,27,13,9.0,2,60,11,25,16,16,10,0,29,3,0,-0.109,-1.2
ARI/ARI201407310,"Thursday, July 31, 2014",6:40 p.m. Local,Chase Field,20145,3:08,Night,Home,Arizona Diamondbacks,ARI,Pittsburgh Pirates,PIT,33,4,8,4,4.0,4,9,38,0.242,0.324,0.424,0.749,132,107,0.015,1.19,0.707,,-0.1,24,4,8.0,3,55,15,37,11,14,6,0,33,0,0,-0.514,-3.4,35,7,10,5,5.62,2,6,38,0.286,0.342,0.571,0.914,169,88,0.514,0.99,1.113,,3.4,27,9,9.0,1,47,14,27,10,19,10,0,50,0,0,-0.014,0.1
ARI/ARI201408010,"Friday, August 1, 2014",6:40 p.m. Local,Chase Field,22766,3:25,Night,Away,Pittsburgh Pirates,PIT,Arizona Diamondbacks,ARI,40,9,13,9,9.0,5,9,45,0.325,0.4,0.5,0.9,140,109,0.53,0.75,1.288,,4.9,27,8,9.0,1,63,8,38,12,19,9,0,44,2,0,-0.031,0.1,34,4,8,3,3.0,2,9,38,0.235,0.316,0.353,0.669,180,94,0.03,1.24,0.567,,-0.1,27,5,9.0,0,50,18,26,13,12,5,0,65,2,2,-0.531,-4.9
ARI/ARI201408020,"Saturday, August 2, 2014",5:10 p.m. Local,Chase Field,33151,3:30,Night,Away,Pittsburgh Pirates,PIT,Arizona Diamondbacks,ARI,38,8,11,7,6.0,2,7,43,0.289,0.341,0.447,0.789,139,111,0.208,1.23,0.789,,3.9,27,9,9.0,1,63,13,34,17,15,7,0,55,0,0,0.294,1.1,37,3,9,3,3.0,4,5,41,0.243,0.317,0.351,0.668,182,85,-0.294,0.96,0.653,,-1.1,27,9,9.0,1,51,10,24,17,15,8,0,60,4,3,-0.205,-3.9
ARI/ARI201408030,"Sunday, August 3, 2014",1:10 p.m. Local,Chase Field,26913,3:13,Day,Home,Arizona Diamondbacks,ARI,Pittsburgh Pirates,PIT,35,2,10,2,1.8,3,12,40,0.286,0.333,0.4,0.733,143,96,-0.411,1.53,1.041,,-2.5,29,13,9.2,0,46,24,26,12,13,7,0,61,0,0,-0.089,1.3,31,3,7,3,2.79,3,7,36,0.226,0.294,0.29,0.584,161,89,0.089,1.82,0.866,,-1.3,30,11,10.0,0,59,15,15,15,11,6,0,65,0,0,0.41,2.5
PIT/PIT201408050,"Tuesday, August 5, 2014",7:07 p.m. Local,PNC Park,26734,3:03,Night,Away,Miami Marlins,MIA,Pittsburgh Pirates,PIT,34,6,9,6,3.0,8,6,42,0.265,0.405,0.324,0.728,126,92,0.449,0.9,1.242,,2.1,27,11,9.0,0,45,16,31,20,8,4,0,56,1,0,0.052,0.9,32,3,7,3,3.0,3,9,36,0.219,0.286,0.281,0.567,162,83,-0.05,1.46,0.54,,-0.9,27,17,9.0,0,43,15,25,12,12,9,0,61,8,5,-0.448,-2.1
PIT/PIT201408060,"Wednesday, August 6, 2014",7:08 p.m. Local,PNC Park,26976,2:43,Night,Home,Pittsburgh Pirates,PIT,Miami Marlins,MIA,33,3,7,3,3.0,0,9,34,0.212,0.212,0.303,0.515,145,88,-0.175,0.85,0.357,,-0.9,24,10,8.0,0,41,15,32,14,11,4,0,46,2,2,-0.325,-3.5,32,7,9,7,7.88,4,8,36,0.281,0.361,0.375,0.736,128,93,0.324,0.78,0.763,,3.5,27,9,9.0,1,54,10,30,14,10,6,0,60,0,0,0.175,0.9
PIT/PIT201408070,"Thursday, August 7, 2014",7:07 p.m. Local,PNC Park,29035,3:03,Night,Home,Pittsburgh Pirates,PIT,Miami Marlins,MIA,28,2,3,2,2.0,3,11,31,0.107,0.194,0.214,0.408,148,87,-0.283,0.59,0.133,,-1.9,24,12,8.0,0,46,14,27,10,7,1,0,27,4,1,-0.216,-3.5,35,7,13,7,7.88,2,7,37,0.371,0.405,0.486,0.891,138,102,0.215,0.58,0.502,,3.5,27,10,9.0,1,61,14,27,13,15,11,0,79,0,0,0.284,1.9
PIT/PIT201408080,"Friday, August 8, 2014",7:06 p.m. Local,PNC Park,38088,2:41,Night,Home,Pittsburgh Pirates,PIT,San Diego Padres,SDP,28,1,5,1,1.0,1,11,32,0.179,0.226,0.214,0.44,130,85,-0.588,0.88,0.491,,-2.9,24,10,8.0,0,49,8,28,10,9,5,0,54,0,0,0.09,1.5,29,2,8,2,1.12,3,6,33,0.276,0.333,0.379,0.713,125,80,-0.09,1.49,0.466,,-1.5,27,10,9.0,0,42,12,26,11,13,6,0,69,0,0,0.59,2.9
PIT/PIT201408090,"Saturday, August 9, 2014",7:07 p.m. Local,PNC Park,38614,2:53,Night,Away,San Diego Padres,SDP,Pittsburgh Pirates,PIT,28,2,4,2,2.0,3,7,34,0.143,0.265,0.143,0.408,144,85,-0.183,1.86,0.341,,-1.9,27,7,9.0,0,49,12,24,18,4,1,0,61,2,0,0.682,2.9,35,1,9,1,1.0,0,9,36,0.257,0.257,0.314,0.571,131,96,-0.681,0.94,0.759,,-2.9,27,17,9.0,0,49,17,30,10,17,7,0,66,0,0,0.181,1.9
PIT/PIT201408100,"Sunday, August 10, 2014",1:37 p.m. Local,PNC Park,38030,3:20,Day,Away,San Diego Padres,SDP,Pittsburgh Pirates,PIT,37,8,11,7,8.0,4,8,44,0.297,0.386,0.405,0.792,141,110,0.421,0.7,0.873,,4.1,27,8,9.0,1,66,14,30,15,15,9,0,53,0,0,0.078,1.9,32,2,7,2,2.0,2,8,36,0.219,0.306,0.344,0.649,177,93,-0.077,0.81,0.423,,-1.9,27,8,9.0,0,56,14,25,9,15,6,0,41,0,0,-0.422,-4.1
PIT/PIT201408110,"Monday, August 11, 2014",7:07 p.m. Local,PNC Park,35314,3:30,Night,Home,Pittsburgh Pirates,PIT,Detroit Tigers,DET,36,6,14,6,6.0,4,5,42,0.389,0.45,0.5,0.95,168,98,0.03,0.36,0.402,,2.1,24,9,8.0,4,57,15,26,19,14,9,0,28,1,0,-0.533,-7.5,37,11,14,11,11.25,5,8,43,0.378,0.442,0.838,1.28,145,104,0.531,0.59,0.647,,7.5,27,15,9.0,0,66,15,23,12,19,10,0,32,4,1,-0.033,-2.1
PIT/PIT201408120,"Tuesday, August 12, 2014",7:07 p.m. Local,PNC Park,34919,3:10,Night,Home,Pittsburgh Pirates,PIT,Detroit Tigers,DET,35,2,7,2,2.0,2,7,37,0.2,0.243,0.314,0.558,131,100,-0.311,0.82,0.483,,-1.9,24,8,8.0,0,64,11,25,16,12,5,0,42,1,1,-0.19,-0.5,30,4,9,4,4.5,3,7,34,0.3,0.364,0.467,0.83,149,79,0.188,1.08,0.676,,0.5,27,11,9.0,1,47,10,22,11,13,5,0,57,0,0,0.311,1.9
DET/DET201408130,"Wednesday, August 13, 2014",7:08 p.m. Local,Comerica Park,41043,3:06,Night,Home,Detroit Tigers,DET,Pittsburgh Pirates,PIT,31,4,6,4,4.0,5,7,37,0.194,0.324,0.419,0.744,133,88,0.047,1.02,0.712,,-0.2,24,15,8.0,2,42,13,33,11,13,5,0,37,3,1,-0.547,-4.3,32,8,12,8,6.75,3,4,37,0.375,0.417,0.719,1.135,143,85,0.545,0.96,1.047,,4.3,27,11,9.0,1,55,9,21,16,14,7,0,42,0,0,-0.046,0.2
DET/DET201408140,"Thursday, August 14, 2014",1:08 p.m. Local,Comerica Park,41986,2:55,Day,Home,Detroit Tigers,DET,Pittsburgh Pirates,PIT,30,2,4,2,2.0,3,14,33,0.133,0.212,0.3,0.512,141,91,-0.494,0.85,0.235,,-2.2,24,7,8.0,1,44,26,21,7,9,3,0,63,0,0,-0.006,-1.3,30,5,6,4,4.5,5,10,35,0.2,0.314,0.367,0.681,138,79,0.006,0.93,0.525,,1.3,27,8,9.0,1,33,23,23,10,10,3,0,88,0,0,0.494,2.2
WAS/WAS201408150,"Friday, August 15, 2014",7:06 p.m. Local,Nationals Park,36945,3:05,Night,Home,Washington Nationals,WSN,Pittsburgh Pirates,PIT,35,4,8,4,4.0,2,6,37,0.229,0.27,0.371,0.642,143,97,-0.314,0.75,0.473,,-0.1,24,9,8.0,0,58,11,28,13,16,5,0,25,0,0,-0.186,-1.3,32,5,11,5,5.62,4,9,36,0.344,0.417,0.375,0.792,147,88,0.184,1.1,0.631,,1.3,27,8,9.0,1,46,21,21,15,8,6,0,49,1,0,0.314,0.1
WAS/WAS201408160,"Saturday, August 16, 2014",7:06 p.m. Local,Nationals Park,41880,2:49,Night,Home,Washington Nationals,WSN,Pittsburgh Pirates,PIT,33,3,8,3,3.0,2,11,36,0.242,0.306,0.273,0.578,134,93,-0.043,1.39,0.439,,-1.1,24,11,8.0,1,54,15,24,13,9,5,0,65,2,0,-0.459,-0.9,29,4,8,4,4.5,4,6,34,0.276,0.382,0.414,0.796,145,81,0.458,0.74,1.3,,0.9,27,10,9.0,0,43,15,23,12,11,8,0,46,0,0,0.042,1.1
WAS/WAS201408170,"Sunday, August 17, 2014",5:06 p.m. Local,Nationals Park,34430,3:42,Night,Home,Washington Nationals,WSN,Pittsburgh Pirates,PIT,43,5,10,3,2.45,2,5,46,0.233,0.283,0.256,0.538,164,108,0.359,1.82,1.595,,-0.1,32,13,10.2,0,68,13,27,22,16,6,0,54,3,3,-0.859,-1.0,41,6,10,3,2.53,4,9,47,0.244,0.319,0.268,0.587,159,103,0.859,1.69,1.89,,1.0,33,20,11.0,0,54,14,35,19,14,7,0,67,1,0,-0.358,0.1
PIT/PIT201408180,"Monday, August 18, 2014",7:07 p.m. Local,PNC Park,31669,3:00,Night,Away,Atlanta Braves,ATL,Pittsburgh Pirates,PIT,40,7,15,6,6.0,2,10,43,0.375,0.395,0.525,0.92,132,99,0.353,0.7,0.554,,3.1,27,11,9.0,3,60,14,25,16,15,8,0,40,2,0,0.147,0.9,33,3,9,3,3.0,3,5,37,0.273,0.333,0.636,0.97,150,80,-0.147,0.4,0.455,,-0.9,27,10,9.0,2,46,9,25,13,16,9,0,38,3,1,-0.353,-3.1
PIT/PIT201408190,"Tuesday, August 19, 2014",7:08 p.m. Local,PNC Park,27033,2:50,Night,Away,Atlanta Braves,ATL,Pittsburgh Pirates,PIT,41,11,14,11,8.0,4,9,46,0.341,0.4,0.537,0.937,121,107,0.374,0.28,0.572,,7.1,27,13,9.0,0,57,24,26,14,19,13,0,57,2,0,0.126,0.9,35,3,9,3,3.0,0,4,36,0.257,0.257,0.314,0.571,162,80,-0.127,0.41,0.066,,-0.9,27,10,9.0,2,54,5,21,14,18,11,0,11,3,3,-0.374,-7.1
PIT/PIT201408200,"Wednesday, August 20, 2014",7:07 p.m. Local,PNC Park,26581,2:45,Night,Home,Pittsburgh Pirates,PIT,Atlanta Braves,ATL,28,2,5,2,2.0,4,7,34,0.179,0.281,0.25,0.531,130,74,-0.196,1.57,0.374,,-1.9,26,11,8.2,0,40,13,21,13,10,4,0,64,2,2,-0.303,0.6,29,3,5,2,2.08,2,5,32,0.172,0.219,0.241,0.46,118,85,0.303,1.06,1.054,,-0.6,27,13,9.0,0,56,8,21,12,13,7,0,61,0,0,0.198,1.9
MIL/MIL201408220,"Friday, August 22, 2014",7:10 p.m. Local,Miller Park,37437,3:14,Night,Away,Pittsburgh Pirates,PIT,Milwaukee Brewers,MIL,38,8,12,8,5.0,3,7,42,0.316,0.357,0.579,0.936,149,96,0.407,0.62,0.822,,3.9,27,15,9.0,1,70,16,13,17,15,6,0,54,0,0,0.093,1.1,31,3,6,3,3.0,8,1,39,0.194,0.359,0.323,0.682,165,82,-0.093,0.66,0.387,,-1.1,27,12,9.0,2,55,9,18,15,15,6,0,34,0,0,-0.407,-3.9
MIL/MIL201408230,"Saturday, August 23, 2014",6:10 p.m. Local,Miller Park,40557,3:17,Night,Away,Pittsburgh Pirates,PIT,Milwaukee Brewers,MIL,39,10,12,10,9.0,5,8,44,0.308,0.386,0.615,1.002,138,104,0.504,0.76,0.801,,5.9,27,7,9.0,1,62,18,24,16,16,8,0,40,2,0,-0.004,2.1,37,2,12,2,2.0,4,4,42,0.324,0.405,0.459,0.864,169,88,0.004,0.53,0.586,,-2.1,27,12,9.0,3,50,16,22,12,21,8,0,25,0,0,-0.504,-5.9
MIL/MIL201408240,"Sunday, August 24, 2014",1:10 p.m. Local,Miller Park,42761,2:40,Day,Home,Milwaukee Brewers,MIL,Pittsburgh Pirates,PIT,31,3,4,3,3.0,2,9,33,0.129,0.182,0.323,0.504,103,87,-0.305,0.65,0.36,,-1.1,24,10,8.0,0,48,11,28,5,17,4,0,37,2,0,-0.195,-0.4,33,4,13,4,4.5,1,6,35,0.394,0.412,0.455,0.866,138,67,0.195,0.95,0.534,,0.4,27,2,9.0,2,43,4,20,12,16,9,0,71,0,0,0.305,1.1
PIT/PIT201408250,"Monday, August 25, 2014",7:07 p.m. Local,PNC Park,24352,2:55,Night,Away,St. Louis Cardinals,STL,Pittsburgh Pirates,PIT,31,3,8,3,2.0,4,10,37,0.258,0.343,0.29,0.633,121,83,0.136,1.39,1.006,,-0.9,27,13,9.0,2,46,15,22,15,8,5,0,61,0,0,0.364,1.9,31,2,9,2,2.0,2,4,34,0.29,0.333,0.516,0.849,134,85,-0.365,1.32,0.615,,-1.9,27,12,9.0,0,55,8,22,13,15,5,0,69,2,0,-0.135,0.9
PIT/PIT201408260,"Tuesday, August 26, 2014",7:07 p.m. Local,PNC Park,25521,2:56,Night,Home,Pittsburgh Pirates,PIT,St. Louis Cardinals,STL,32,2,6,2,2.0,2,13,36,0.188,0.25,0.25,0.5,129,102,-0.201,1.27,0.591,,-1.9,24,6,8.0,2,54,21,27,10,10,3,0,52,0,0,-0.301,-1.5,32,5,9,5,5.62,3,5,37,0.281,0.361,0.5,0.861,156,88,0.3,1.22,0.947,,1.5,27,6,9.0,0,56,11,21,7,21,6,0,66,2,2,0.201,1.9
PIT/PIT201408270,"Wednesday, August 27, 2014",12:38 p.m. Local,PNC Park,29905,2:43,Day,Home,Pittsburgh Pirates,PIT,St. Louis Cardinals,STL,32,1,7,1,1.0,2,4,35,0.219,0.265,0.344,0.608,132,78,-0.402,0.71,0.429,,-2.9,24,8,8.0,1,48,6,24,17,12,6,0,48,0,0,-0.1,0.5,33,3,10,3,3.38,1,5,36,0.303,0.333,0.394,0.727,114,84,0.1,1.21,0.48,,-0.5,27,14,9.0,1,47,12,25,13,16,8,0,63,1,0,0.401,2.9
PIT/PIT201408290,"Friday, August 29, 2014",7:07 p.m. Local,PNC Park,37209,2:30,Night,Home,Pittsburgh Pirates,PIT,Cincinnati Reds,CIN,29,1,4,1,1.0,3,7,34,0.138,0.265,0.138,0.403,94,83,-0.344,1.27,0.672,,-2.9,24,11,8.0,0,46,9,28,13,9,7,0,66,0,0,-0.155,1.5,31,2,9,2,2.25,0,1,31,0.29,0.29,0.387,0.677,130,64,0.157,1.56,0.834,,-1.5,27,15,9.0,0,43,1,20,15,16,6,0,72,2,1,0.345,2.9
PIT/PIT201408300,"Saturday, August 30, 2014",4:07 p.m. Local,PNC Park,38023,2:34,Day,Home,Pittsburgh Pirates,PIT,Cincinnati Reds,CIN,29,2,3,1,1.0,2,7,32,0.103,0.188,0.207,0.394,108,83,-0.432,0.57,0.421,,-1.9,24,9,8.0,1,45,15,24,11,11,3,0,62,0,0,-0.068,0.5,26,3,4,3,3.38,3,7,29,0.154,0.241,0.308,0.549,126,70,0.066,1.29,0.355,,-0.5,27,10,9.0,1,44,11,15,8,11,4,0,63,2,1,0.432,1.9
PIT/PIT201408310,"Sunday, August 31, 2014",1:37 p.m. Local,PNC Park,37591,3:01,Day,Away,Cincinnati Reds,CIN,Pittsburgh Pirates,PIT,32,3,7,3,3.0,3,6,37,0.219,0.286,0.406,0.692,127,87,0.086,1.27,0.854,,-0.9,27,12,9.0,2,49,17,21,15,13,6,0,61,0,0,0.416,1.9,34,2,9,2,2.0,1,8,35,0.265,0.286,0.471,0.756,142,91,-0.418,1.2,0.489,,-1.9,27,14,9.0,2,54,14,23,11,15,6,0,61,1,0,-0.084,0.9
SLN/SLN201409010,"Monday, September 1, 2014",1:15 p.m. Local,Busch Stadium III,43347,3:08,Day,Home,St. Louis Cardinals,STL,Pittsburgh Pirates,PIT,37,4,11,4,4.0,5,7,42,0.297,0.381,0.486,0.867,121,102,-0.11,1.29,0.888,,0.0,24,9,8.0,1,51,24,27,8,22,9,0,38,3,1,-0.392,-1.5,32,5,10,5,5.62,4,4,36,0.312,0.389,0.5,0.889,167,72,0.393,1.32,1.095,,1.5,27,7,9.0,1,46,11,16,12,16,8,0,44,1,0,0.108,-0.0
SLN/SLN201409020,"Tuesday, September 2, 2014",7:15 p.m. Local,Busch Stadium III,43693,3:05,Night,Home,St. Louis Cardinals,STL,Pittsburgh Pirates,PIT,34,4,8,4,4.0,1,5,35,0.235,0.257,0.529,0.787,165,92,-0.066,0.92,0.605,,0.0,24,10,8.0,0,54,8,30,17,12,6,0,31,1,0,-0.434,-2.5,30,6,7,5,5.62,5,8,37,0.233,0.351,0.267,0.618,143,97,0.433,0.94,0.784,,2.5,27,17,9.0,3,54,15,28,12,11,6,0,44,0,0,0.067,-0.0
SLN/SLN201409030,"Wednesday, September 3, 2014",12:45 p.m. Local,Busch Stadium III,42864,2:50,Day,Home,St. Louis Cardinals,STL,Pittsburgh Pirates,PIT,29,0,4,0,0.0,4,7,33,0.138,0.242,0.172,0.415,116,95,-0.645,1.51,0.424,,-4.0,26,10,8.2,0,58,11,26,7,15,8,0,70,1,0,0.146,2.5,28,1,5,1,1.04,3,8,35,0.179,0.303,0.179,0.482,138,72,-0.146,1.59,0.792,,-2.5,27,9,9.0,0,40,10,22,13,9,6,0,73,0,0,0.647,4.0
CHN/CHN201409050,"Friday, September 5, 2014",1:22 p.m. Local,Wrigley Field,35541,4:19,Day,Away,Pittsburgh Pirates,PIT,Chicago Cubs,CHC,39,5,9,4,3.27,6,11,48,0.231,0.354,0.333,0.687,173,114,0.057,1.69,1.232,,0.0,33,12,11.0,0,60,25,30,11,18,11,0,46,2,0,0.442,2.0,40,3,7,2,1.64,6,15,47,0.175,0.277,0.225,0.502,191,108,-0.444,1.53,0.965,,-2.0,33,13,11.0,0,57,20,31,16,10,5,0,45,3,1,-0.058,-0.0
CHN/CHN201409060,"Saturday, September 6, 2014",4:47 p.m. Local,Wrigley Field,36867,3:20,Day,Away,Pittsburgh Pirates,PIT,Chicago Cubs,CHC,37,5,11,5,5.0,5,7,42,0.297,0.381,0.405,0.786,151,104,0.079,0.89,0.507,,0.9,27,12,9.0,0,63,13,28,17,13,6,0,73,0,0,0.421,4.1,32,0,6,0,0.0,3,11,35,0.188,0.257,0.219,0.476,177,89,-0.423,0.68,0.211,,-4.1,27,14,9.0,1,46,19,24,15,6,3,0,48,2,0,-0.079,-0.9
CHN/CHN201409070,"Sunday, September 7, 2014",1:21 p.m. Local,Wrigley Field,33894,3:17,Day,Away,Pittsburgh Pirates,PIT,Chicago Cubs,CHC,45,10,19,10,10.0,1,8,46,0.422,0.435,0.756,1.19,164,113,0.418,0.24,0.553,,5.9,27,9,9.0,0,76,14,23,18,19,8,0,48,3,0,0.084,0.1,33,4,10,3,3.0,3,12,39,0.303,0.378,0.394,0.772,167,104,-0.083,0.22,0.098,,-0.1,27,12,9.0,4,51,21,32,12,11,5,0,9,2,0,-0.417,-5.9
PHI/PHI201409080,"Monday, September 8, 2014",7:09 p.m. Local,Citizens Bank Park,23140,3:08,Night,Away,Pittsburgh Pirates,PIT,Philadelphia Phillies,PHI,38,6,12,6,6.0,2,10,41,0.316,0.341,0.5,0.841,133,99,0.159,1.05,0.811,,2.0,27,14,9.0,0,58,15,26,13,16,9,0,76,3,3,0.341,0.0,32,4,5,4,1.0,0,11,35,0.156,0.2,0.313,0.513,145,95,-0.341,0.94,0.42,,-0.0,27,7,9.0,1,57,14,24,17,5,3,0,45,3,2,-0.159,-2.0
PHI/PHI201409090,"Tuesday, September 9, 2014",7:06 p.m. Local,Citizens Bank Park,26900,2:56,Night,Home,Philadelphia Phillies,PHI,Pittsburgh Pirates,PIT,32,3,7,3,2.0,3,8,37,0.219,0.306,0.313,0.618,122,87,-0.293,1.25,0.655,,-1.0,24,13,8.0,1,44,14,29,15,10,8,0,51,0,0,-0.206,-0.4,30,4,8,4,4.5,2,8,33,0.267,0.333,0.433,0.767,132,80,0.208,1.38,0.894,,0.4,27,12,9.0,0,42,20,18,13,9,4,0,56,0,0,0.294,1.0
PHI/PHI201409100,"Wednesday, September 10, 2014",7:06 p.m. Local,Citizens Bank Park,25315,3:08,Night,Away,Pittsburgh Pirates,PIT,Philadelphia Phillies,PHI,39,6,13,6,6.0,2,12,43,0.333,0.395,0.564,0.959,135,113,0.447,1.03,0.972,,2.0,27,14,9.0,0,65,17,31,13,14,9,0,49,0,0,0.054,1.0,32,3,4,3,3.0,2,10,34,0.125,0.176,0.156,0.333,166,87,-0.053,0.84,0.527,,-1.0,27,9,9.0,2,41,18,28,14,8,3,0,44,3,0,-0.447,-2.0
PHI/PHI201409110,"Thursday, September 11, 2014",7:09 p.m. Local,Citizens Bank Park,26535,3:09,Night,Away,Pittsburgh Pirates,PIT,Philadelphia Phillies,PHI,33,4,8,4,4.0,3,7,38,0.242,0.316,0.333,0.649,125,97,0.114,1.06,0.531,,-0.0,27,7,9.0,0,55,20,22,13,14,7,0,84,2,1,0.389,3.0,32,1,6,1,1.0,3,14,35,0.188,0.257,0.188,0.445,160,82,-0.386,0.68,0.345,,-3.0,27,11,9.0,0,34,28,20,11,8,4,0,48,0,0,-0.111,0.0
PIT/PIT201409120,"Friday, September 12, 2014",7:06 p.m. Local,PNC Park,35638,3:29,Night,Home,Pittsburgh Pirates,PIT,Chicago Cubs,CHC,34,3,7,3,3.0,1,12,36,0.206,0.25,0.412,0.662,154,102,-0.081,0.84,0.583,,-0.9,24,9,8.0,0,55,17,30,10,12,4,0,29,3,1,-0.419,-3.5,37,7,14,7,7.88,3,6,41,0.378,0.415,0.486,0.901,150,98,0.42,1.12,0.854,,3.5,27,9,9.0,2,60,12,26,14,18,9,0,55,0,0,0.081,0.9
PIT/PIT201409130,"Saturday, September 13, 2014",7:07 p.m. Local,PNC Park,38024,3:27,Night,Away,Chicago Cubs,CHC,Pittsburgh Pirates,PIT,36,6,10,5,6.0,5,10,42,0.278,0.357,0.528,0.885,149,100,0.193,0.9,0.507,,2.1,27,8,9.0,1,54,19,27,13,14,4,0,64,1,0,0.307,-0.1,34,4,8,4,4.0,3,3,38,0.235,0.297,0.382,0.68,176,89,-0.307,0.5,0.357,,0.1,27,8,9.0,2,53,9,27,14,18,6,0,46,4,1,-0.193,-2.1
PIT/PIT201409140,"Sunday, September 14, 2014",1:39 p.m. Local,PNC Park,37655,2:53,Day,Home,Pittsburgh Pirates,PIT,Chicago Cubs,CHC,26,3,4,2,1.0,5,8,33,0.154,0.273,0.231,0.503,136,74,0.061,0.83,0.408,,-0.9,24,13,8.0,1,33,11,30,10,10,2,0,19,3,2,-0.56,-3.5,35,7,12,7,7.88,3,4,39,0.343,0.395,0.543,0.938,122,86,0.561,0.67,0.883,,3.5,27,8,9.0,0,52,7,27,16,16,10,0,61,0,0,-0.059,0.9
PIT/PIT201409160,"Tuesday, September 16, 2014",7:06 p.m. Local,PNC Park,34698,3:07,Night,Home,Pittsburgh Pirates,PIT,Boston Red Sox,BOS,33,0,7,0,0.0,2,11,35,0.212,0.257,0.364,0.621,140,109,-0.38,0.53,0.285,,-3.9,24,7,8.0,2,60,12,37,14,9,5,0,49,1,1,-0.12,-0.5,31,4,7,4,3.38,3,7,34,0.226,0.294,0.452,0.746,157,83,0.119,0.83,0.411,,0.5,27,12,9.0,0,45,14,24,12,12,4,0,63,0,0,0.382,3.9
PIT/PIT201409170,"Wednesday, September 17, 2014",7:09 p.m. Local,PNC Park,34785,3:04,Night,Home,Pittsburgh Pirates,PIT,Boston Red Sox,BOS,30,1,5,1,1.0,5,6,36,0.167,0.306,0.2,0.506,138,91,-0.145,0.31,0.181,,-2.9,24,12,8.0,3,49,11,31,13,11,5,0,34,0,0,-0.354,-5.5,38,9,15,9,9.0,1,4,39,0.395,0.41,0.737,1.147,153,96,0.357,0.53,0.487,,5.5,27,12,9.0,0,58,10,28,14,20,8,0,59,0,0,0.145,2.9
PIT/PIT201409180,"Thursday, September 18, 2014",7:07 p.m. Local,PNC Park,36862,2:53,Night,Home,Pittsburgh Pirates,PIT,Boston Red Sox,BOS,32,2,8,2,2.0,0,9,35,0.25,0.265,0.25,0.515,131,88,-0.413,0.96,0.822,,-1.9,24,7,8.0,1,46,13,29,15,10,3,0,46,0,0,-0.087,0.5,30,3,7,3,2.25,3,7,33,0.233,0.303,0.367,0.67,128,86,0.086,1.7,0.651,,-0.5,27,9,9.0,0,43,12,31,11,12,6,0,64,2,1,0.413,1.9
PIT/PIT201409190,"Friday, September 19, 2014",7:07 p.m. Local,PNC Park,37974,2:57,Night,Home,Pittsburgh Pirates,PIT,Milwaukee Brewers,MIL,30,2,5,2,2.0,1,3,33,0.167,0.242,0.3,0.542,150,79,-0.125,1.3,0.325,,-1.9,24,7,8.0,1,47,10,22,14,13,4,0,77,1,1,-0.373,-0.5,36,4,11,4,4.5,1,14,37,0.306,0.324,0.444,0.769,111,102,0.373,0.68,1.114,,0.5,27,15,9.0,1,56,16,30,13,9,5,0,62,0,0,0.127,1.9
PIT/PIT201409200,"Saturday, September 20, 2014",7:07 p.m. Local,PNC Park,39027,3:32,Night,Away,Milwaukee Brewers,MIL,Pittsburgh Pirates,PIT,32,1,6,1,1.0,4,7,37,0.188,0.27,0.281,0.552,135,87,-0.196,1.7,0.817,,-2.9,27,13,9.0,0,54,15,18,16,11,4,0,62,6,0,0.696,3.9,31,0,6,0,0.0,4,6,37,0.194,0.324,0.258,0.582,134,74,-0.696,1.68,0.505,,-3.9,27,11,9.0,0,42,11,23,13,12,9,0,74,0,0,0.196,2.9
PIT/PIT201409210,"Sunday, September 21, 2014",1:38 p.m. Local,PNC Park,38650,2:25,Day,Home,Pittsburgh Pirates,PIT,Milwaukee Brewers,MIL,30,0,6,0,0.0,0,5,32,0.2,0.226,0.2,0.426,102,77,-0.68,1.21,0.283,,-3.9,24,9,8.0,0,52,8,17,18,8,1,0,64,0,0,0.179,2.5,25,1,5,1,1.12,3,5,29,0.2,0.286,0.2,0.486,100,62,-0.178,1.48,0.484,,-2.5,27,15,9.0,0,42,6,14,13,8,1,0,79,0,0,0.679,3.9
ATL/ATL201409220,"Monday, September 22, 2014",7:11 p.m. Local,Turner Field,20252,2:50,Night,Away,Pittsburgh Pirates,PIT,Atlanta Braves,ATL,31,1,4,1,1.0,2,11,33,0.129,0.182,0.226,0.408,142,96,-0.256,1.47,0.337,,-2.9,27,14,9.0,0,57,17,22,5,15,7,0,69,0,0,0.755,3.9,31,0,4,0,0.0,4,11,35,0.129,0.229,0.129,0.358,139,85,-0.754,0.9,0.326,,-3.9,27,3,9.0,1,43,21,21,12,8,3,0,70,0,0,0.255,2.9
ATL/ATL201409230,"Tuesday, September 23, 2014",7:10 p.m. Local,Turner Field,23029,2:48,Night,Away,Pittsburgh Pirates,PIT,Atlanta Braves,ATL,33,3,8,2,2.0,3,9,36,0.242,0.306,0.394,0.699,126,95,0.011,1.35,0.777,,-0.9,27,15,9.0,0,59,14,24,8,16,7,0,67,0,0,0.487,1.9,28,2,6,1,2.0,2,9,30,0.214,0.267,0.25,0.517,150,84,-0.486,1.1,0.425,,-1.9,27,9,9.0,1,47,13,25,10,9,4,0,54,1,0,-0.013,0.9
ATL/ATL201409240,"Wednesday, September 24, 2014",7:11 p.m. Local,Turner Field,25457,3:17,Night,Home,Atlanta Braves,ATL,Pittsburgh Pirates,PIT,36,2,9,2,2.0,4,11,40,0.25,0.325,0.361,0.686,142,95,-0.222,0.64,0.313,,-1.9,24,11,8.0,1,50,18,27,10,15,8,0,20,2,0,-0.277,-2.5,35,6,11,6,6.75,6,6,41,0.314,0.415,0.514,0.929,158,80,0.277,0.74,0.531,,2.5,27,9,9.0,1,49,12,19,11,17,8,1,50,3,0,0.222,1.9
ATL/ATL201409250,"Thursday, September 25, 2014",7:10 p.m. Local,Turner Field,35140,3:27,Night,Away,Pittsburgh Pirates,PIT,Atlanta Braves,ATL,40,10,16,9,10.0,5,6,46,0.4,0.457,0.675,1.132,136,115,0.176,0.76,0.533,,6.1,27,9,9.0,0,72,20,23,9,26,11,0,78,0,0,0.325,2.9,32,1,7,1,1.0,2,12,36,0.219,0.257,0.25,0.507,186,92,-0.325,0.54,0.194,,-2.9,27,7,9.0,2,48,21,23,13,9,7,0,46,5,3,-0.175,-6.1
CIN/CIN201409260,"Friday, September 26, 2014",7:10 p.m. Local,Great American Ball Park,35611,2:49,Night,Away,Pittsburgh Pirates,PIT,Cincinnati Reds,CIN,32,3,6,3,3.0,4,8,36,0.188,0.278,0.344,0.622,116,89,0.089,1.34,0.797,,-1.0,27,9,9.0,0,52,12,26,11,13,7,0,55,1,0,0.409,3.0,36,1,11,1,1.0,0,7,36,0.306,0.306,0.361,0.667,147,86,-0.408,1.02,0.519,,-3.0,27,11,9.0,1,50,17,19,16,13,6,0,73,0,0,-0.09,1.0
CIN/CIN201409270,"Saturday, September 27, 2014",1:05 p.m. Local,Great American Ball Park,35268,3:41,Day,Home,Cincinnati Reds,CIN,Pittsburgh Pirates,PIT,38,6,8,6,5.4,2,11,42,0.211,0.286,0.421,0.707,173,103,0.154,1.58,1.216,,1.6,29,10,9.2,2,61,20,22,11,16,10,0,43,3,3,-0.651,-5.7,36,10,9,10,8.38,7,11,44,0.25,0.386,0.444,0.831,154,98,0.651,1.46,1.676,,5.7,30,8,10.0,1,58,19,22,13,12,7,0,43,0,0,-0.151,-1.6
CIN/CIN201409280,"Sunday, September 28, 2014",1:10 p.m. Local,Great American Ball Park,34424,2:46,Day,Home,Cincinnati Reds,CIN,Pittsburgh Pirates,PIT,34,1,7,1,1.0,0,10,35,0.206,0.229,0.382,0.611,132,86,-0.415,1.01,0.381,,-3.0,24,6,8.0,1,48,19,19,10,14,10,0,77,1,1,-0.086,-0.5,30,4,7,4,4.5,1,12,32,0.233,0.281,0.4,0.681,124,87,0.086,1.11,0.676,,0.5,27,9,9.0,1,43,16,28,9,9,6,0,73,0,0,0.415,3.0
