,date,time,venue,attendance,duration,time_of_day,winner,winning_name,winning_abbr,losing_name,losing_abbr,away_at_bats,away_runs,away_hits,away_rbi,away_earned_runs,away_bases_on_balls,away_strikeouts,away_plate_appearances,away_batting_average,away_on_base_percentage,away_slugging_percentage,away_on_base_plus,away_pitches,away_strikes,away_win_probability_for_offensive_player,away_average_leverage_index,away_win_probability_added,away_win_probability_subtracted,away_base_out_runs_added,away_putouts,away_assists,away_innings_pitched,away_home_runs,away_strikes_by_contact,away_strikes_swinging,away_strikes_looking,away_grounded_balls,away_fly_balls,away_line_drives,away_unknown_bat_type,away_game_score,away_inherited_runners,away_inherited_score,away_win_probability_by_pitcher,away_base_out_runs_saved,home_at_bats,home_runs,home_hits,home_rbi,home_earned_runs,home_bases_on_balls,home_strikeouts,home_plate_appearances,home_batting_average,home_on_base_percentage,home_slugging_percentage,home_on_base_plus,home_pitches,home_strikes,home_win_probability_for_offensive_player,home_average_leverage_index,home_win_probability_added,home_win_probability_subtracted,home_base_out_runs_added,home_putouts,home_assists,home_innings_pitched,home_home_runs,home_strikes_by_contact,home_strikes_swinging,home_strikes_looking,home_grounded_balls,home_fly_balls,home_line_drives,home_unknown_bat_type,home_game_score,home_inherited_runners,home_inherited_score,home_win_probability_by_pitcher,home_base_out_runs_saved
CIN/CIN201403310,"Monday, March 31, 2014",4:11 p.m. Local,Great American Ball Park,43134,2:56,Day,Away,St. Louis Cardinals,STL,Cincinnati Reds,CIN,32,1,5,1,1.0,2,9,34,0.156,0.206,0.281,0.487,140,87,-0.252,1.7,0.406,,-3.0,27,11,9.0,0,56,8,23,11,12,6,0,76,3,0,0.751,4.0,31,0,3,0,0.0,5,12,36,0.097,0.222,0.097,0.319,128,86,-0.753,0.91,0.624,,-4.0,27,11,9.0,1,42,16,28,11,8,4,0,74,2,0,0.252,3.0
CIN/CIN201404020,"Wednesday, April 2, 2014",9:50 p.m. Local,Great American Ball Park,36189,2:45,Night,Home,Cincinnati Reds,CIN,St. Louis Cardinals,STL,30,0,3,0,0.0,3,12,33,0.1,0.182,0.133,0.315,141,87,-0.645,1.53,0.365,,-4.0,25,8,8.1,0,43,20,24,6,12,7,0,74,0,0,0.145,1.5,31,1,6,1,1.08,3,7,36,0.194,0.286,0.226,0.512,137,91,-0.146,1.52,0.593,,-1.5,27,5,9.0,0,52,16,23,15,10,4,0,80,0,0,0.647,4.0
CIN/CIN201404030,"Thursday, April 3, 2014",4:17 p.m. Local,Great American Ball Park,16857,3:41,Day,Away,St. Louis Cardinals,STL,Cincinnati Reds,CIN,36,7,11,6,7.0,6,5,42,0.306,0.405,0.5,0.905,173,101,0.326,1.22,1.086,,3.0,27,7,9.0,3,67,12,22,17,14,8,0,45,3,2,0.174,-2.0,38,6,10,6,6.0,3,11,41,0.263,0.317,0.526,0.843,177,119,-0.173,1.11,0.793,,2.0,27,14,9.0,1,80,17,22,9,18,9,0,33,5,3,-0.327,-3.0
PIT/PIT201404040,"Friday, April 4, 2014",8:10 p.m. Local,PNC Park,23342,3:07,Night,Home,Pittsburgh Pirates,PIT,St. Louis Cardinals,STL,33,2,6,2,2.0,4,5,37,0.182,0.27,0.273,0.543,164,100,-0.18,0.53,0.421,,-1.9,24,12,8.0,3,61,8,31,19,9,6,0,35,3,2,-0.322,-8.5,36,12,16,11,13.5,4,3,41,0.444,0.512,0.833,1.346,149,100,0.322,0.96,0.673,,8.5,27,15,9.0,1,58,11,31,16,17,9,0,58,0,0,0.178,1.9
PIT/PIT201404050,"Saturday, April 5, 2014",7:08 p.m. Local,PNC Park,30092,2:58,Night,Away,St. Louis Cardinals,STL,Pittsburgh Pirates,PIT,34,6,8,6,6.0,4,7,39,0.235,0.308,0.441,0.749,146,93,0.199,1.11,0.528,,2.1,27,11,9.0,0,48,17,28,13,15,8,0,52,2,0,0.303,2.9,33,1,6,1,1.0,5,5,39,0.182,0.308,0.182,0.49,143,85,-0.305,0.57,0.425,,-2.9,27,10,9.0,2,43,12,30,15,13,7,0,44,0,0,-0.197,-2.1
PIT/PIT201404060,"Sunday, April 6, 2014",1:36 p.m. Local,PNC Park,25704,2:29,Day,Home,Pittsburgh Pirates,PIT,St. Louis Cardinals,STL,29,1,3,1,1.0,2,7,31,0.103,0.161,0.172,0.334,115,74,-0.504,1.03,0.415,,-2.9,24,11,8.0,0,41,9,24,13,9,5,0,64,0,0,0.004,1.5,27,2,6,2,2.25,2,8,30,0.222,0.276,0.333,0.609,112,76,-0.005,1.33,0.621,,-1.5,27,12,9.0,0,48,9,19,10,10,4,0,62,2,0,0.505,2.9
SLN/SLN201404070,"Monday, April 7, 2014",3:27 p.m. Local,Busch Stadium III,47492,2:59,Day,Home,St. Louis Cardinals,STL,Cincinnati Reds,CIN,32,3,10,3,3.0,3,6,37,0.312,0.361,0.438,0.799,154,84,-0.293,0.55,0.692,,-1.0,24,9,8.0,0,52,13,21,13,15,10,0,45,2,0,-0.208,-1.5,32,5,9,5,5.62,6,6,39,0.281,0.395,0.375,0.77,132,87,0.208,1.33,0.507,,1.5,27,14,9.0,0,55,8,24,13,14,6,0,56,0,0,0.293,1.0
SLN/SLN201404080,"Tuesday, April 8, 2014",7:16 p.m. Local,Busch Stadium III,40672,3:10,Night,Home,St. Louis Cardinals,STL,Cincinnati Reds,CIN,35,5,9,5,5.0,0,9,37,0.257,0.27,0.4,0.67,159,97,0.027,1.4,0.704,,1.0,24,8,8.0,1,57,14,26,10,17,9,0,36,0,0,-0.528,-3.5,35,7,13,7,7.88,4,7,41,0.371,0.45,0.6,1.05,147,103,0.529,1.14,1.393,,3.5,27,8,9.0,0,67,8,28,15,14,9,0,40,0,0,-0.027,-1.0
SLN/SLN201404090,"Wednesday, April 9, 2014",12:45 p.m. Local,Busch Stadium III,41137,2:19,Day,Away,Cincinnati Reds,CIN,St. Louis Cardinals,STL,36,4,10,4,4.0,3,7,40,0.278,0.325,0.417,0.742,112,83,0.096,0.79,0.612,,0.0,27,19,9.0,0,52,7,24,12,19,12,0,76,0,0,0.404,4.0,28,0,4,0,0.0,1,3,29,0.143,0.172,0.179,0.351,131,64,-0.406,0.67,0.169,,-4.0,27,9,9.0,1,33,6,25,19,6,3,0,48,0,0,-0.096,-0.0
SLN/SLN201404110,"Friday, April 11, 2014",7:16 p.m. Local,Busch Stadium III,43903,4:09,Night,Away,Chicago Cubs,CHC,St. Louis Cardinals,STL,40,6,12,6,4.09,2,7,45,0.3,0.326,0.4,0.726,189,114,0.462,1.99,1.586,,1.1,33,16,11.0,0,71,19,24,16,21,12,0,65,0,0,0.039,1.9,36,3,7,2,2.45,6,9,47,0.194,0.348,0.25,0.598,179,108,-0.038,1.74,1.124,,-1.9,33,13,11.0,1,68,11,29,16,13,5,0,61,3,1,-0.462,-1.1
SLN/SLN201404120,"Saturday, April 12, 2014",1:17 p.m. Local,Busch Stadium III,45302,2:40,Day,Home,St. Louis Cardinals,STL,Chicago Cubs,CHC,35,4,8,4,4.0,1,11,36,0.229,0.25,0.457,0.707,125,92,0.007,0.52,0.323,,0.0,24,10,8.0,1,48,13,31,10,14,9,0,5,2,2,-0.506,-6.5,38,10,13,10,11.25,1,3,40,0.342,0.359,0.5,0.859,130,80,0.505,0.5,0.716,,6.5,27,9,9.0,1,58,4,18,18,18,10,0,55,0,0,-0.006,-0.0
SLN/SLN201404130,"Sunday, April 13, 2014",1:16 p.m. Local,Busch Stadium III,44135,3:10,Day,Home,St. Louis Cardinals,STL,Chicago Cubs,CHC,34,4,7,4,4.0,1,11,37,0.206,0.27,0.382,0.653,156,92,-0.215,1.0,0.706,,0.0,24,9,8.0,0,53,19,20,7,16,7,0,42,2,0,-0.285,-2.5,31,6,11,6,6.75,4,5,37,0.355,0.417,0.452,0.868,137,92,0.286,1.28,0.871,,2.5,27,5,9.0,1,57,14,24,11,17,11,0,58,1,0,0.215,-0.0
MIL/MIL201404140,"Monday, April 14, 2014",7:11 p.m. Local,Miller Park,27090,2:48,Night,Away,St. Louis Cardinals,STL,Milwaukee Brewers,MIL,35,4,11,4,4.0,1,6,37,0.314,0.333,0.514,0.848,131,89,0.107,0.76,0.52,,-0.1,27,9,9.0,0,50,10,29,10,20,9,0,79,0,0,0.393,4.1,30,0,3,0,0.0,3,12,33,0.1,0.182,0.167,0.348,126,79,-0.392,0.67,0.162,,-4.1,27,9,9.0,2,38,19,22,8,10,4,0,48,0,0,-0.107,0.1
MIL/MIL201404150,"Tuesday, April 15, 2014",7:11 p.m. Local,Miller Park,27470,2:41,Night,Away,St. Louis Cardinals,STL,Milwaukee Brewers,MIL,32,6,8,6,6.0,1,6,35,0.25,0.286,0.5,0.786,127,84,0.091,0.85,0.437,,1.9,27,9,9.0,1,49,13,23,13,14,8,0,66,0,0,0.409,3.1,28,1,3,1,1.0,3,11,32,0.107,0.219,0.214,0.433,137,81,-0.412,0.63,0.226,,-3.1,27,13,9.0,2,39,15,27,7,10,6,0,52,0,0,-0.091,-1.9
MIL/MIL201404160,"Wednesday, April 16, 2014",12:11 p.m. Local,Miller Park,26668,2:56,Day,Home,Milwaukee Brewers,MIL,St. Louis Cardinals,STL,35,1,9,1,1.0,1,5,36,0.257,0.278,0.343,0.621,127,88,-0.357,0.65,0.341,,-3.1,24,13,8.0,0,53,8,27,16,14,7,0,56,3,1,-0.141,-1.4,32,5,8,5,1.12,3,6,37,0.25,0.333,0.281,0.615,130,81,0.141,0.95,0.49,,1.4,27,14,9.0,1,48,10,23,19,8,5,0,59,1,0,0.36,3.1
WAS/WAS201404170,"Thursday, April 17, 2014",7:06 p.m. Local,Nationals Park,28987,3:10,Night,Away,St. Louis Cardinals,STL,Washington Nationals,WSN,43,8,15,8,6.0,5,7,50,0.349,0.429,0.442,0.87,110,119,0.286,0.57,0.515,,3.9,27,7,9.0,0,65,17,37,21,15,11,1,88,,,0.214,4.1,29,0,2,0,0.0,3,8,32,0.069,0.156,0.069,0.225,192,75,-0.215,0.42,0.116,,-4.1,27,13,9.0,0,37,11,27,10,11,3,0,32,3,3,-0.287,-3.9
WAS/WAS201404180,"Friday, April 18, 2014",7:07 p.m. Local,Nationals Park,31237,2:32,Night,Home,Washington Nationals,WSN,St. Louis Cardinals,STL,31,1,5,1,1.0,3,7,34,0.161,0.235,0.226,0.461,108,96,-0.432,1.17,0.473,,-3.1,24,10,8.0,1,67,9,20,10,14,6,0,66,0,0,-0.07,0.7,30,3,5,1,1.12,0,8,30,0.167,0.167,0.267,0.433,149,75,0.069,1.39,0.721,,-0.7,27,11,9.0,0,38,14,23,12,10,4,0,71,2,0,0.43,3.1
WAS/WAS201404190,"Saturday, April 19, 2014",1:06 p.m. Local,Nationals Park,41084,2:44,Day,Away,St. Louis Cardinals,STL,Washington Nationals,WSN,33,4,8,4,1.0,2,8,36,0.242,0.306,0.273,0.578,133,86,0.14,1.52,0.51,,-0.1,27,7,9.0,1,48,7,31,10,15,7,0,57,4,0,0.36,1.1,35,3,8,3,3.0,4,10,39,0.229,0.308,0.371,0.679,119,79,-0.36,0.65,0.726,,-1.1,27,13,9.0,0,47,11,21,11,14,7,0,57,0,0,-0.14,0.1
WAS/WAS201404200,"Sunday, April 20, 2014",1:37 p.m. Local,Nationals Park,27653,3:18,Day,Home,Washington Nationals,WSN,St. Louis Cardinals,STL,33,2,7,1,2.0,1,12,34,0.212,0.235,0.303,0.538,171,84,-0.285,2.11,0.377,,-2.1,26,8,8.2,0,44,19,21,11,10,5,0,62,4,0,-0.215,0.7,37,3,11,3,3.12,7,10,46,0.297,0.413,0.297,0.71,121,99,0.215,0.97,1.463,,-0.7,27,10,9.0,0,57,14,28,18,10,4,0,62,0,0,0.286,2.1
NYN/NYN201404210,"Monday, April 21, 2014",7:12 p.m. Local,Citi Field,20382,2:34,Night,Home,New York Mets,NYM,St. Louis Cardinals,STL,31,0,6,0,0.0,3,10,34,0.194,0.265,0.226,0.491,118,83,-0.524,0.84,0.431,,-3.7,24,8,8.0,0,38,14,31,11,10,3,0,55,0,0,0.024,1.3,30,2,7,2,2.25,4,8,35,0.233,0.343,0.267,0.61,133,72,-0.025,1.24,0.472,,-1.3,27,11,9.0,0,40,9,23,8,14,5,0,70,2,0,0.524,3.7
NYN/NYN201404220,"Tuesday, April 22, 2014",7:10 p.m. Local,Citi Field,20220,2:40,Night,Away,St. Louis Cardinals,STL,New York Mets,NYM,35,3,11,3,3.0,4,7,39,0.314,0.385,0.314,0.699,110,99,0.004,1.06,0.538,,-0.7,27,8,9.0,0,57,16,26,14,14,9,0,72,0,0,0.495,3.7,29,0,4,0,0.0,2,4,31,0.138,0.194,0.138,0.331,154,71,-0.496,0.84,0.227,,-3.7,27,8,9.0,0,41,5,25,10,15,4,0,52,0,0,-0.004,0.7
NYN/NYN201404230,"Wednesday, April 23, 2014",7:11 p.m. Local,Citi Field,21981,3:08,Night,Home,New York Mets,NYM,St. Louis Cardinals,STL,37,2,11,2,2.0,2,5,39,0.297,0.333,0.405,0.739,170,99,-0.38,1.14,0.666,,-1.7,24,5,8.0,1,64,10,25,12,20,10,0,53,2,0,-0.12,0.3,29,3,4,3,3.38,6,14,35,0.138,0.286,0.241,0.527,146,100,0.122,1.43,0.695,,-0.3,27,10,9.0,0,51,18,31,8,7,1,0,59,3,0,0.379,1.7
NYN/NYN201404240,"Thursday, April 24, 2014",1:10 p.m. Local,Citi Field,22669,3:03,Day,Home,New York Mets,NYM,St. Louis Cardinals,STL,32,1,4,1,1.0,2,9,34,0.125,0.176,0.156,0.333,125,101,-0.3,0.95,0.324,,-2.7,24,8,8.0,1,60,11,30,8,15,4,0,62,2,1,-0.201,-0.7,29,4,7,4,3.38,2,10,33,0.241,0.313,0.483,0.795,154,80,0.2,0.93,0.751,,0.7,27,6,9.0,0,39,13,28,10,11,3,0,73,2,0,0.3,2.7
SLN/SLN201404250,"Friday, April 25, 2014",7:15 p.m. Local,Busch Stadium III,43193,3:03,Night,Home,St. Louis Cardinals,STL,Pittsburgh Pirates,PIT,28,0,4,0,0.0,5,9,35,0.143,0.294,0.179,0.473,123,96,-0.706,0.94,0.794,,-4.0,24,14,8.0,0,55,17,24,12,8,4,0,62,0,0,0.205,2.5,31,1,8,1,1.12,3,4,35,0.258,0.343,0.323,0.665,157,75,-0.206,2.03,0.379,,-2.5,27,15,9.0,0,45,8,22,20,7,4,0,63,1,0,0.705,4.0
SLN/SLN201404260,"Saturday, April 26, 2014",3:10 p.m. Local,Busch Stadium III,46254,3:02,Day,Away,Pittsburgh Pirates,PIT,St. Louis Cardinals,STL,33,6,7,6,6.0,2,5,36,0.212,0.257,0.242,0.5,167,76,0.193,1.11,0.462,,2.0,27,8,9.0,0,45,11,20,16,13,6,0,52,4,0,0.306,3.0,32,1,5,1,1.0,5,8,37,0.156,0.27,0.219,0.489,108,106,-0.31,0.54,0.475,,-3.0,27,8,9.0,0,69,15,22,9,15,7,0,51,1,0,-0.193,-2.0
SLN/SLN201404270,"Sunday, April 27, 2014",1:16 p.m. Local,Busch Stadium III,41986,2:35,Day,Home,St. Louis Cardinals,STL,Pittsburgh Pirates,PIT,29,0,3,0,0.0,2,10,32,0.103,0.188,0.103,0.291,112,78,-0.349,0.6,0.214,,-4.0,24,15,8.0,2,39,14,25,8,11,5,0,32,0,0,-0.151,-3.5,29,7,9,7,7.88,1,3,33,0.31,0.313,0.655,0.968,114,72,0.151,0.89,0.426,,3.5,27,8,9.0,0,48,7,17,14,15,11,0,81,0,0,0.349,4.0
SLN/SLN201404280,"Monday, April 28, 2014",7:16 p.m. Local,Busch Stadium III,40514,4:16,Night,Away,Milwaukee Brewers,MIL,St. Louis Cardinals,STL,44,5,11,5,3.75,4,16,52,0.25,0.346,0.318,0.664,212,126,-0.08,1.52,1.57,,-0.3,36,13,12.0,2,70,28,28,15,14,4,0,47,1,0,0.58,2.3,47,3,11,3,2.25,5,11,52,0.234,0.308,0.404,0.712,183,130,-0.58,2.11,0.906,,-2.3,36,8,12.0,0,75,13,42,19,17,5,0,52,3,1,0.08,0.3
SLN/SLN201404290,"Tuesday, April 29, 2014",7:15 p.m. Local,Busch Stadium III,40531,3:39,Night,Away,Milwaukee Brewers,MIL,St. Louis Cardinals,STL,41,5,9,5,4.09,2,12,44,0.22,0.256,0.341,0.597,182,126,0.15,1.58,1.094,,0.1,33,7,11.0,1,73,23,30,10,20,10,0,56,0,0,0.35,0.9,41,4,9,4,3.27,4,17,46,0.22,0.304,0.366,0.67,174,120,-0.35,1.3,1.046,,-0.9,33,7,11.0,1,55,28,37,9,15,8,0,47,0,0,-0.15,-0.1
SLN/SLN201404300,"Wednesday, April 30, 2014",12:46 p.m. Local,Busch Stadium III,40783,3:25,Day,Home,St. Louis Cardinals,STL,Milwaukee Brewers,MIL,35,3,9,3,3.0,3,3,39,0.257,0.333,0.457,0.79,180,79,0.081,0.7,0.552,,-1.0,24,6,8.0,2,53,9,18,15,17,5,0,29,1,1,-0.581,-5.5,38,9,13,9,10.12,6,8,44,0.342,0.432,0.658,1.09,135,106,0.582,0.68,0.956,,5.5,27,13,9.0,2,57,17,32,8,22,10,0,46,1,0,-0.082,1.0
CHN/CHN201405020,"Friday, May 2, 2014",1:21 p.m. Local,Wrigley Field,28160,3:08,Day,Home,Chicago Cubs,CHC,St. Louis Cardinals,STL,34,5,8,4,4.0,1,6,36,0.235,0.257,0.412,0.669,146,96,-0.113,0.76,0.768,,0.9,24,8,8.0,1,59,9,28,9,20,10,0,25,0,0,-0.388,-2.4,34,6,12,6,6.75,2,9,36,0.353,0.389,0.588,0.977,143,96,0.387,1.29,0.78,,2.4,27,11,9.0,1,66,11,19,10,15,10,0,61,1,0,0.113,-0.9
CHN/CHN201405030,"Saturday, May 3, 2014",12:06 p.m. Local,Wrigley Field,37874,2:43,Day,Home,Chicago Cubs,CHC,St. Louis Cardinals,STL,33,0,7,0,0.0,2,10,35,0.212,0.257,0.212,0.469,126,84,-0.502,1.05,0.335,,-4.1,24,7,8.0,2,50,9,25,12,11,7,0,57,0,0,0.001,0.6,30,3,6,3,3.38,3,7,33,0.2,0.273,0.467,0.739,123,85,-0.002,1.13,0.618,,-0.6,27,11,9.0,0,50,18,17,10,13,4,0,65,1,0,0.503,4.1
CHN/CHN201405040,"Sunday, May 4, 2014",7:09 p.m. Local,Wrigley Field,30023,3:14,Night,Away,St. Louis Cardinals,STL,Chicago Cubs,CHC,35,5,11,5,5.0,4,8,39,0.314,0.385,0.429,0.813,154,96,0.336,1.52,1.092,,0.9,27,10,9.0,0,57,12,27,12,15,8,0,59,0,0,0.163,0.1,33,4,5,3,4.0,6,10,39,0.152,0.282,0.242,0.524,157,94,-0.162,1.28,0.858,,-0.1,27,11,9.0,0,53,13,28,13,10,4,0,49,2,0,-0.336,-0.9
ATL/ATL201405050,"Monday, May 5, 2014",7:11 p.m. Local,Turner Field,20048,3:15,Night,Away,St. Louis Cardinals,STL,Atlanta Braves,ATL,36,4,9,4,2.0,1,9,38,0.25,0.27,0.306,0.576,143,103,0.071,1.93,0.51,,0.1,27,5,9.0,1,69,10,24,24,5,3,0,50,2,1,0.427,0.9,32,3,9,3,3.0,3,9,38,0.281,0.333,0.469,0.802,146,90,-0.426,0.8,0.886,,-0.9,27,15,9.0,0,53,12,25,13,13,6,0,47,0,0,-0.073,-0.1
ATL/ATL201405060,"Tuesday, May 6, 2014",7:12 p.m. Local,Turner Field,18413,2:42,Night,Home,Atlanta Braves,ATL,St. Louis Cardinals,STL,31,1,6,1,1.0,2,9,33,0.194,0.242,0.194,0.436,124,86,-0.486,1.22,0.42,,-2.9,24,7,8.0,1,51,16,19,12,10,5,0,66,2,1,-0.015,1.5,31,2,8,2,2.25,1,10,32,0.258,0.281,0.387,0.668,131,86,0.015,1.37,0.734,,-1.5,27,12,9.0,0,51,15,20,10,11,4,0,64,0,0,0.485,2.9
ATL/ATL201405070,"Wednesday, May 7, 2014",7:12 p.m. Local,Turner Field,21796,2:43,Night,Away,St. Louis Cardinals,STL,Atlanta Braves,ATL,39,7,13,6,7.0,2,9,41,0.333,0.366,0.513,0.879,113,104,0.364,0.59,0.679,,3.1,27,12,9.0,0,66,10,28,11,19,17,0,71,0,0,0.137,2.9,34,1,7,1,1.0,1,7,35,0.206,0.229,0.353,0.582,154,80,-0.137,0.58,0.281,,-2.9,27,9,9.0,1,44,11,25,12,15,9,0,21,1,0,-0.363,-3.1
PIT/PIT201405090,"Friday, May 9, 2014",7:07 p.m. Local,PNC Park,33696,2:48,Night,Home,Pittsburgh Pirates,PIT,St. Louis Cardinals,STL,35,4,9,4,4.0,4,9,39,0.257,0.333,0.571,0.905,131,94,0.118,1.25,1.056,,0.1,24,8,8.0,1,54,13,27,14,12,7,0,47,0,0,-0.618,-2.5,34,6,12,6,6.75,1,7,36,0.353,0.371,0.529,0.901,152,86,0.616,1.32,1.192,,2.5,27,12,9.0,2,53,14,19,12,16,6,0,46,0,0,-0.117,-0.1
PIT/PIT201405100,"Saturday, May 10, 2014",7:08 p.m. Local,PNC Park,34914,3:30,Night,Home,Pittsburgh Pirates,PIT,St. Louis Cardinals,STL,33,3,7,1,3.0,5,10,40,0.212,0.35,0.242,0.592,132,103,-0.313,1.21,0.892,,-0.9,24,11,8.0,0,54,20,29,17,6,3,0,41,0,0,-0.188,-0.5,34,4,11,4,4.5,2,7,37,0.324,0.378,0.353,0.731,167,83,0.186,1.76,0.76,,0.5,27,14,9.0,0,43,12,28,17,10,6,0,44,5,0,0.313,0.9
PIT/PIT201405110,"Sunday, May 11, 2014",8:07 p.m. Local,PNC Park,32065,3:37,Night,Away,St. Louis Cardinals,STL,Pittsburgh Pirates,PIT,37,6,11,5,3.0,3,6,42,0.297,0.357,0.297,0.654,163,97,0.337,1.87,0.692,,2.1,27,10,9.0,1,65,9,23,21,11,9,0,50,2,0,0.163,-1.1,36,5,11,5,5.0,6,4,43,0.306,0.419,0.444,0.863,157,99,-0.165,0.69,1.445,,1.1,27,14,9.0,0,62,7,30,12,21,12,0,50,0,0,-0.335,-2.1
SLN/SLN201405120,"Monday, May 12, 2014",7:12 p.m. Local,Busch Stadium III,44434,3:12,Night,Away,Chicago Cubs,CHC,St. Louis Cardinals,STL,45,17,20,16,17.0,1,4,50,0.444,0.449,0.733,1.182,131,127,0.491,0.33,0.564,,13.0,27,8,9.0,0,79,12,36,18,26,15,0,45,0,0,0.01,-1.0,32,5,6,4,4.0,3,5,37,0.188,0.297,0.25,0.547,179,88,-0.01,0.26,0.201,,1.0,27,10,9.0,2,55,7,26,7,20,12,0,9,1,0,-0.491,-13.0
SLN/SLN201405130,"Tuesday, May 13, 2014",7:16 p.m. Local,Busch Stadium III,43627,4:39,Night,Home,St. Louis Cardinals,STL,Chicago Cubs,CHC,43,3,10,3,2.25,6,10,49,0.233,0.327,0.326,0.652,214,123,-0.397,1.72,1.243,,-2.3,34,12,11.1,0,66,26,31,15,18,9,0,50,2,2,-0.103,-0.2,42,4,9,4,2.38,8,9,51,0.214,0.353,0.262,0.615,202,121,0.104,1.83,1.293,,0.2,36,13,12.0,1,78,17,26,17,16,7,0,53,1,0,0.399,2.3
SLN/SLN201405150,"Thursday, May 15, 2014",12:47 p.m. Local,Busch Stadium III,42501,2:49,Day,Home,St. Louis Cardinals,STL,Chicago Cubs,CHC,34,3,8,3,3.0,3,7,38,0.235,0.289,0.324,0.613,143,100,-0.258,0.58,0.57,,-1.0,24,11,8.0,0,57,13,30,15,13,6,0,42,1,0,-0.241,-1.5,29,5,6,5,5.62,4,7,33,0.207,0.303,0.31,0.613,149,86,0.241,1.25,0.45,,1.5,27,10,9.0,1,48,11,27,12,10,6,0,60,3,1,0.259,1.0
SLN/SLN201405160,"Friday, May 16, 2014",7:17 p.m. Local,Busch Stadium III,43701,2:55,Night,Home,St. Louis Cardinals,STL,Atlanta Braves,ATL,32,2,8,1,2.0,2,5,34,0.25,0.294,0.281,0.575,155,84,-0.147,0.99,0.522,,-2.0,24,12,8.0,0,52,12,20,14,13,6,0,31,2,0,-0.354,-1.5,31,5,12,4,5.62,2,5,37,0.387,0.417,0.452,0.868,131,94,0.357,1.05,0.977,,1.5,27,14,9.0,0,55,11,28,13,16,10,0,56,0,0,0.146,2.0
SLN/SLN201405170,"Saturday, May 17, 2014",1:15 p.m. Local,Busch Stadium III,44981,2:31,Day,Home,St. Louis Cardinals,STL,Atlanta Braves,ATL,30,1,6,0,0.0,3,10,33,0.2,0.273,0.233,0.506,127,88,-0.328,1.07,0.421,,-3.0,24,7,8.0,0,50,16,22,11,9,5,0,57,1,0,-0.173,-0.5,28,4,8,3,3.38,0,9,30,0.286,0.3,0.357,0.657,124,91,0.172,0.94,0.656,,0.5,27,11,9.0,0,55,15,21,10,10,4,0,70,2,0,0.327,3.0
SLN/SLN201405180,"Sunday, May 18, 2014",1:15 p.m. Local,Busch Stadium III,44278,3:20,Day,Away,Atlanta Braves,ATL,St. Louis Cardinals,STL,31,6,7,5,6.0,4,7,37,0.226,0.333,0.484,0.817,167,84,0.667,1.63,1.6,,2.0,27,10,9.0,0,48,16,20,11,14,9,0,45,3,0,-0.166,-1.0,35,5,11,5,2.0,5,6,44,0.314,0.432,0.371,0.803,136,98,0.166,2.01,1.301,,1.0,27,12,9.0,2,70,15,13,15,15,6,0,56,4,1,-0.666,-2.0
SLN/SLN201405200,"Tuesday, May 20, 2014",7:16 p.m. Local,Busch Stadium III,42252,2:20,Night,Home,St. Louis Cardinals,STL,Arizona Diamondbacks,ARI,28,0,1,0,0.0,0,9,28,0.036,0.036,0.071,0.107,106,86,-0.29,0.34,0.024,,-4.0,24,11,8.0,2,53,7,26,9,10,2,0,45,0,0,-0.21,-1.5,34,5,10,5,5.62,0,7,34,0.294,0.294,0.618,0.912,115,80,0.209,0.47,0.408,,1.5,27,9,9.0,0,49,6,25,15,12,8,0,94,,,0.29,4.0
SLN/SLN201405210,"Wednesday, May 21, 2014",7:17 p.m. Local,Busch Stadium III,40542,4:00,Night,Home,St. Louis Cardinals,STL,Arizona Diamondbacks,ARI,42,2,7,2,1.5,4,7,46,0.167,0.239,0.262,0.501,199,120,-0.455,1.81,0.891,,-3.3,33,15,11.0,0,74,13,33,15,20,13,0,55,0,0,-0.044,0.0,42,3,12,2,1.64,6,6,51,0.286,0.38,0.381,0.761,182,122,0.042,1.45,1.392,,-0.0,36,14,12.0,1,83,9,30,19,19,10,0,69,1,0,0.457,3.3
SLN/SLN201405220,"Thursday, May 22, 2014",6:16 p.m. Local,Busch Stadium III,40787,2:40,Night,Home,St. Louis Cardinals,STL,Arizona Diamondbacks,ARI,34,2,8,2,2.0,1,9,36,0.235,0.25,0.265,0.515,133,85,-0.261,1.2,0.398,,-2.0,24,13,8.0,0,54,10,21,13,13,7,0,47,2,1,-0.24,-0.5,32,4,9,4,4.5,5,4,38,0.281,0.395,0.406,0.801,123,88,0.239,0.96,0.962,,0.5,27,11,9.0,0,57,9,22,17,11,6,0,55,0,0,0.261,2.0
CIN/CIN201405230,"Friday, May 23, 2014",7:10 p.m. Local,Great American Ball Park,37271,2:35,Night,Home,Cincinnati Reds,CIN,St. Louis Cardinals,STL,34,3,10,3,3.0,2,6,36,0.294,0.333,0.294,0.627,121,84,-0.212,0.77,0.567,,-1.0,24,6,8.0,2,49,14,24,18,10,7,0,45,2,0,-0.289,-1.5,31,5,9,5,5.62,1,7,34,0.29,0.303,0.516,0.819,127,82,0.289,1.32,0.63,,1.5,27,14,9.0,0,51,11,20,9,17,6,0,46,0,0,0.212,1.0
CIN/CIN201405240,"Saturday, May 24, 2014",7:15 p.m. Local,Great American Ball Park,41585,3:09,Night,Away,St. Louis Cardinals,STL,Cincinnati Reds,CIN,36,6,12,6,6.0,4,8,42,0.333,0.39,0.444,0.835,142,88,0.263,1.29,0.688,,2.0,27,10,9.0,1,50,12,26,14,16,10,0,56,3,0,0.237,1.0,37,3,11,3,3.0,1,13,38,0.297,0.316,0.486,0.802,142,96,-0.238,0.76,0.739,,-1.0,27,8,9.0,1,48,24,24,14,10,8,0,43,2,2,-0.263,-2.0
CIN/CIN201405250,"Sunday, May 25, 2014",8:07 p.m. Local,Great American Ball Park,42273,3:15,Night,Away,St. Louis Cardinals,STL,Cincinnati Reds,CIN,37,4,11,4,3.0,3,11,42,0.297,0.35,0.324,0.674,134,94,0.082,1.02,0.63,,0.0,27,6,9.0,0,52,11,31,16,12,5,0,83,0,0,0.419,4.0,32,0,6,0,0.0,1,14,34,0.188,0.212,0.188,0.4,141,96,-0.418,0.86,0.235,,-4.0,27,8,9.0,0,50,25,21,7,12,7,0,56,2,1,-0.081,-0.0
SLN/SLN201405260,"Monday, May 26, 2014",4:16 p.m. Local,Busch Stadium III,47311,3:41,Day,Away,New York Yankees,NYY,St. Louis Cardinals,STL,38,6,7,6,4.5,4,5,46,0.184,0.267,0.184,0.451,168,113,0.022,1.54,1.025,,0.7,36,14,12.0,0,70,11,32,21,15,8,0,41,3,2,0.479,1.3,44,4,10,4,2.25,0,6,47,0.227,0.255,0.341,0.596,172,115,-0.479,1.56,0.826,,-1.3,36,18,12.0,0,73,13,29,14,25,12,0,57,3,2,-0.02,-0.7
SLN/SLN201405270,"Tuesday, May 27, 2014",7:16 p.m. Local,Busch Stadium III,45202,2:41,Night,Home,St. Louis Cardinals,STL,New York Yankees,NYY,31,0,5,0,0.0,3,2,34,0.161,0.235,0.226,0.461,157,77,-0.243,0.61,0.179,,-4.0,24,7,8.0,2,53,5,19,17,12,4,0,43,0,0,-0.258,-2.5,35,6,10,5,4.5,2,8,37,0.286,0.324,0.486,0.81,126,100,0.257,0.59,0.508,,2.5,27,12,9.0,0,66,7,27,12,15,7,0,76,,,0.242,4.0
SLN/SLN201405280,"Wednesday, May 28, 2014",7:20 p.m. Local,Busch Stadium III,45267,3:22,Night,Away,New York Yankees,NYY,St. Louis Cardinals,STL,39,7,12,7,7.0,3,4,42,0.308,0.357,0.333,0.69,164,92,0.314,0.81,0.544,,3.0,27,10,9.0,0,66,7,19,16,19,11,0,42,4,1,0.187,-0.0,40,4,13,4,4.0,2,7,44,0.325,0.372,0.425,0.797,150,105,-0.186,0.52,0.446,,0.0,27,11,9.0,0,63,16,26,17,17,11,0,20,3,0,-0.314,-3.0
SLN/SLN201405290,"Thursday, May 29, 2014",7:15 p.m. Local,Busch Stadium III,41337,3:08,Night,Away,San Francisco Giants,SFG,St. Louis Cardinals,STL,33,6,8,5,6.0,2,9,36,0.242,0.286,0.455,0.74,146,85,0.605,1.49,1.214,,2.0,27,12,9.0,1,48,18,19,12,13,7,0,45,1,0,-0.106,-1.0,32,5,9,4,5.0,4,7,38,0.281,0.361,0.406,0.767,123,90,0.104,1.23,1.018,,1.0,27,15,9.0,2,52,9,29,15,12,3,0,62,2,2,-0.605,-2.0
SLN/SLN201405300,"Friday, May 30, 2014",7:17 p.m. Local,Busch Stadium III,43107,3:14,Night,Away,San Francisco Giants,SFG,St. Louis Cardinals,STL,39,9,12,9,9.0,3,10,42,0.308,0.357,0.462,0.819,150,112,0.362,0.34,0.537,,5.0,27,12,9.0,0,65,19,28,13,16,7,0,80,1,1,0.141,-0.0,31,4,5,4,4.0,3,13,35,0.161,0.257,0.258,0.515,171,94,-0.142,0.33,0.116,,0.0,27,11,9.0,1,50,20,24,8,10,5,0,22,4,2,-0.36,-5.0
SLN/SLN201405310,"Saturday, May 31, 2014",1:16 p.m. Local,Busch Stadium III,44426,2:29,Day,Home,St. Louis Cardinals,STL,San Francisco Giants,SFG,30,0,3,0,0.0,0,13,31,0.1,0.129,0.133,0.262,113,94,-0.565,0.74,0.145,,-4.0,24,5,8.0,1,50,23,21,6,11,4,0,68,0,0,0.065,1.5,27,2,4,2,2.25,4,8,31,0.148,0.258,0.296,0.554,132,67,-0.065,1.01,0.378,,-1.5,27,3,9.0,0,33,11,23,4,15,8,0,73,0,0,0.566,4.0
SLN/SLN201406010,"Sunday, June 1, 2014",1:16 p.m. Local,Busch Stadium III,42734,3:04,Day,Away,San Francisco Giants,SFG,St. Louis Cardinals,STL,41,8,14,8,5.0,6,6,47,0.341,0.426,0.439,0.865,135,98,0.389,0.36,0.532,,4.0,27,12,9.0,0,56,17,25,21,14,7,0,75,0,0,0.11,4.0,31,0,4,0,0.0,2,6,34,0.129,0.206,0.161,0.367,175,88,-0.111,0.43,0.111,,-4.0,27,8,9.0,0,54,11,23,13,12,7,0,20,2,1,-0.39,-4.0
SLN/SLN201406020,"Monday, June 2, 2014",7:12 p.m. Local,Busch Stadium III,41239,2:41,Night,Away,Kansas City Royals,KCR,St. Louis Cardinals,STL,34,6,9,5,5.0,2,2,37,0.265,0.297,0.382,0.68,131,80,0.108,0.74,0.6,,2.0,27,8,9.0,0,55,3,22,19,14,2,0,74,0,0,0.392,4.0,29,0,3,0,0.0,2,6,31,0.103,0.161,0.103,0.265,118,81,-0.395,0.78,0.104,,-4.0,27,13,9.0,1,44,11,26,9,14,4,0,48,3,2,-0.108,-2.0
SLN/SLN201406030,"Tuesday, June 3, 2014",6:16 p.m. Local,Busch Stadium III,41192,3:12,Night,Away,Kansas City Royals,KCR,St. Louis Cardinals,STL,38,8,13,8,8.0,2,5,41,0.342,0.39,0.553,0.943,145,95,0.819,1.35,1.677,,4.0,27,12,9.0,2,57,19,19,17,16,10,0,23,1,0,-0.318,-3.0,35,7,10,7,5.0,4,4,41,0.286,0.35,0.514,0.864,148,87,0.319,1.44,1.121,,3.0,27,11,9.0,1,55,6,26,17,16,7,0,30,0,0,-0.82,-4.0
KCA/KCA201406040,"Wednesday, June 4, 2014",7:12 p.m. Local,Kauffman Stadium,22126,3:46,Night,Away,St. Louis Cardinals,STL,Kansas City Royals,KCR,44,5,12,5,4.09,4,6,50,0.273,0.347,0.341,0.688,153,120,0.191,1.94,0.994,,-0.3,33,15,11.0,0,81,8,31,18,21,8,0,72,2,2,0.31,3.3,37,2,5,2,1.64,3,10,41,0.135,0.2,0.189,0.389,192,103,-0.307,1.1,0.955,,-3.3,33,15,11.0,0,58,16,29,15,13,8,0,57,2,2,-0.19,0.3
KCA/KCA201406050,"Thursday, June 5, 2014",7:10 p.m. Local,Kauffman Stadium,24438,2:26,Night,Home,Kansas City Royals,KCR,St. Louis Cardinals,STL,34,2,8,2,2.0,2,5,36,0.235,0.278,0.324,0.601,114,81,-0.404,1.3,0.527,,-2.3,24,12,8.0,0,42,16,23,13,16,7,0,46,0,0,-0.096,0.9,28,3,7,3,3.38,2,1,31,0.25,0.3,0.357,0.657,130,77,0.095,1.26,0.765,,-0.9,27,11,9.0,0,54,3,20,15,13,4,0,49,0,0,0.403,2.3
TOR/TOR201406060,"Friday, June 6, 2014",7:08 p.m. Local,Rogers Centre,33528,3:12,Night,Home,Toronto Blue Jays,TOR,St. Louis Cardinals,STL,33,1,7,1,1.0,3,8,37,0.212,0.297,0.242,0.54,164,85,-0.505,1.23,0.517,,-3.2,24,8,8.0,2,45,12,28,14,11,3,0,49,2,0,0.005,0.7,34,3,11,3,3.38,5,8,39,0.324,0.41,0.559,0.969,132,93,-0.004,1.48,0.921,,-0.7,27,10,9.0,0,54,11,28,12,14,9,0,59,3,0,0.505,3.2
TOR/TOR201406070,"Saturday, June 7, 2014",1:07 p.m. Local,Rogers Centre,42981,2:37,Day,Away,St. Louis Cardinals,STL,Toronto Blue Jays,TOR,33,5,9,5,5.0,9,9,43,0.273,0.429,0.424,0.853,105,100,0.01,0.91,0.725,,0.8,27,7,9.0,0,54,16,30,12,13,4,0,85,,,0.489,4.2,30,0,3,0,0.0,1,5,31,0.1,0.129,0.133,0.262,171,66,-0.489,1.05,0.13,,-4.2,27,8,9.0,1,38,8,20,9,16,4,0,64,2,1,-0.011,-0.8
TOR/TOR201406080,"Sunday, June 8, 2014",1:07 p.m. Local,Rogers Centre,45726,2:42,Day,Away,St. Louis Cardinals,STL,Toronto Blue Jays,TOR,36,5,11,5,5.0,1,5,38,0.306,0.316,0.528,0.844,141,92,0.286,0.49,0.455,,0.8,27,15,9.0,0,58,13,21,12,20,9,0,72,0,0,0.216,4.2,32,0,4,0,0.0,4,6,36,0.125,0.222,0.125,0.347,145,91,-0.217,0.37,0.121,,-4.2,27,9,9.0,2,48,13,30,20,6,1,0,27,0,0,-0.284,-0.8
TBA/TBA201406100,"Tuesday, June 10, 2014",7:12 p.m. Local,Tropicana Field,17226,2:52,Night,Away,St. Louis Cardinals,STL,Tampa Bay Rays,TBR,30,1,3,1,1.0,2,6,33,0.1,0.156,0.2,0.356,128,88,-0.271,2.02,0.289,,-3.0,27,7,9.0,0,54,9,25,10,15,3,0,63,4,0,0.772,4.0,33,0,8,0,0.0,3,5,38,0.242,0.342,0.303,0.645,133,79,-0.772,0.83,0.716,,-4.0,27,4,9.0,1,51,8,20,10,17,7,1,72,1,0,0.272,3.0
TBA/TBA201406110,"Wednesday, June 11, 2014",7:09 p.m. Local,Tropicana Field,15930,3:10,Night,Home,Tampa Bay Rays,TBR,St. Louis Cardinals,STL,36,3,9,3,3.0,3,9,41,0.25,0.341,0.278,0.619,134,101,-0.141,0.95,0.649,,-1.0,24,6,8.0,0,52,16,33,12,15,6,0,39,4,1,-0.358,-2.4,30,6,7,5,6.75,5,5,36,0.233,0.333,0.233,0.567,162,76,0.358,1.16,0.786,,2.4,27,4,9.0,0,47,9,20,12,14,6,0,37,2,0,0.142,1.0
SLN/SLN201406130,"Friday, June 13, 2014",7:16 p.m. Local,Busch Stadium III,41519,2:03,Night,Home,St. Louis Cardinals,STL,Washington Nationals,WSN,29,0,2,0,0.0,0,11,29,0.069,0.069,0.069,0.138,76,85,-0.704,0.62,0.159,,-4.0,24,16,8.0,1,40,15,30,8,10,4,0,76,,,0.204,2.5,25,1,3,1,1.12,1,5,26,0.12,0.154,0.24,0.394,129,57,-0.203,1.26,0.202,,-2.5,27,5,9.0,0,35,6,16,15,5,3,0,86,0,0,0.704,4.0
SLN/SLN201406140,"Saturday, June 14, 2014",6:16 p.m. Local,Busch Stadium III,44785,2:44,Night,Home,St. Louis Cardinals,STL,Washington Nationals,WSN,29,1,4,1,1.0,5,8,34,0.138,0.265,0.172,0.437,121,82,-0.358,1.03,0.423,,-3.0,24,13,8.0,1,47,7,28,10,11,3,0,52,3,2,-0.14,-0.5,31,4,8,4,4.5,3,5,35,0.258,0.343,0.452,0.794,131,75,0.14,1.21,0.684,,0.5,27,8,9.0,0,42,10,23,14,12,7,0,65,3,0,0.359,3.0
SLN/SLN201406150,"Sunday, June 15, 2014",1:16 p.m. Local,Busch Stadium III,45325,2:40,Day,Home,St. Louis Cardinals,STL,Washington Nationals,WSN,35,2,8,2,2.0,3,9,39,0.229,0.308,0.229,0.536,127,92,-0.27,0.48,0.415,,-2.0,24,13,8.0,2,51,16,25,12,14,7,0,42,0,0,-0.231,-1.5,29,5,9,5,5.62,3,3,35,0.31,0.364,0.621,0.984,148,79,0.232,1.03,0.469,,1.5,27,10,9.0,0,54,6,19,15,14,10,0,67,2,1,0.269,2.0
SLN/SLN201406160,"Monday, June 16, 2014",7:10 p.m. Local,Busch Stadium III,42808,2:52,Night,Home,St. Louis Cardinals,STL,New York Mets,NYM,29,2,5,2,1.0,5,7,36,0.172,0.286,0.207,0.493,134,84,-0.196,0.66,0.458,,-2.0,24,14,8.0,0,47,13,24,17,7,3,0,15,2,0,-0.305,-2.5,34,6,12,6,6.75,2,5,36,0.353,0.389,0.471,0.859,145,83,0.303,1.06,0.631,,2.5,27,14,9.0,0,54,11,18,16,13,10,0,55,4,1,0.196,2.0
SLN/SLN201406170,"Tuesday, June 17, 2014",7:16 p.m. Local,Busch Stadium III,42209,2:36,Night,Home,St. Louis Cardinals,STL,New York Mets,NYM,34,2,7,2,2.0,2,8,36,0.206,0.25,0.5,0.75,117,81,-0.246,0.65,0.44,,-2.0,24,9,8.0,1,49,13,19,8,18,10,0,42,0,0,-0.253,-1.5,34,5,10,5,3.38,2,6,38,0.294,0.351,0.529,0.881,124,77,0.254,1.01,0.628,,1.5,27,8,9.0,2,47,9,21,13,16,10,0,63,1,0,0.246,2.0
SLN/SLN201406180,"Wednesday, June 18, 2014",12:46 p.m. Local,Busch Stadium III,42221,2:38,Day,Away,New York Mets,NYM,St. Louis Cardinals,STL,30,3,8,3,3.0,4,7,36,0.267,0.353,0.367,0.72,107,84,0.086,1.22,0.623,,-1.0,27,15,9.0,1,49,17,18,8,17,8,0,71,1,0,0.413,2.0,30,2,6,2,2.0,0,1,32,0.2,0.25,0.367,0.617,129,76,-0.414,0.97,0.506,,-2.0,27,9,9.0,0,47,4,25,15,14,8,0,55,1,0,-0.086,1.0
SLN/SLN201406190,"Thursday, June 19, 2014",7:17 p.m. Local,Busch Stadium III,42106,2:48,Night,Away,Philadelphia Phillies,PHI,St. Louis Cardinals,STL,32,4,8,4,4.0,3,6,37,0.25,0.306,0.375,0.681,126,82,0.134,0.81,0.485,,0.0,27,12,9.0,0,49,10,25,12,16,7,0,70,1,0,0.366,3.0,30,1,4,1,1.0,1,4,32,0.133,0.188,0.167,0.354,128,81,-0.365,0.6,0.226,,-3.0,27,11,9.0,1,53,10,18,14,12,6,0,45,3,0,-0.135,-0.0
SLN/SLN201406200,"Friday, June 20, 2014",8:05 p.m. Local,Busch Stadium III,44061,2:48,Night,Away,Philadelphia Phillies,PHI,St. Louis Cardinals,STL,35,5,9,5,5.0,4,8,40,0.257,0.325,0.457,0.782,111,97,0.281,0.83,0.714,,1.0,27,17,9.0,0,54,18,25,14,12,6,2,71,,,0.221,3.0,32,1,7,1,1.0,1,3,35,0.219,0.286,0.281,0.567,155,69,-0.222,0.8,0.345,,-3.0,27,13,9.0,1,49,1,19,18,11,4,0,42,1,1,-0.279,-1.0
SLN/SLN201406210,"Saturday, June 21, 2014",3:11 p.m. Local,Busch Stadium III,44789,2:48,Day,Home,St. Louis Cardinals,STL,Philadelphia Phillies,PHI,32,1,6,1,1.0,1,9,35,0.188,0.229,0.219,0.447,131,80,-0.422,1.24,0.406,,-3.0,24,9,8.0,0,38,15,27,13,11,5,0,61,1,1,-0.076,-0.5,26,4,5,4,2.25,5,8,34,0.192,0.324,0.308,0.631,124,81,0.076,1.24,0.808,,0.5,27,11,9.0,0,40,13,28,10,10,5,0,73,0,0,0.424,3.0
SLN/SLN201406220,"Sunday, June 22, 2014",1:15 p.m. Local,Busch Stadium III,43484,2:54,Day,Home,St. Louis Cardinals,STL,Philadelphia Phillies,PHI,33,3,5,3,3.0,2,11,36,0.152,0.222,0.182,0.404,133,98,-0.162,0.99,0.515,,-1.0,24,10,8.0,0,50,18,30,11,11,6,0,37,1,0,-0.341,-1.5,32,5,12,5,5.62,2,5,36,0.375,0.412,0.406,0.818,147,82,0.341,1.07,0.764,,1.5,27,7,9.0,0,53,4,25,16,13,7,0,53,1,0,0.16,1.0
COL/COL201406230,"Monday, June 23, 2014",6:43 p.m. Local,Coors Field,37078,2:41,Night,Away,St. Louis Cardinals,STL,Colorado Rockies,COL,31,8,6,8,8.0,5,6,39,0.194,0.342,0.452,0.794,122,83,0.252,0.41,0.529,,3.4,27,7,9.0,0,49,7,27,12,14,7,0,83,0,0,0.249,4.6,30,0,3,0,0.0,0,8,30,0.1,0.1,0.1,0.2,140,78,-0.248,0.52,0.042,,-4.6,27,12,9.0,2,46,13,19,10,12,4,0,45,0,0,-0.252,-3.4
COL/COL201406240,"Tuesday, June 24, 2014",6:43 p.m. Local,Coors Field,34554,3:55,Night,Home,Colorado Rockies,COL,St. Louis Cardinals,STL,36,5,12,5,4.0,1,5,39,0.333,0.342,0.444,0.787,179,85,0.055,0.97,0.764,,0.4,24,14,8.0,2,51,12,22,18,15,8,0,31,5,0,-0.556,-5.9,40,10,17,10,11.25,6,5,47,0.425,0.511,0.625,1.136,133,111,0.554,1.1,1.136,,5.9,27,12,9.0,1,75,18,18,21,14,9,0,42,2,0,-0.056,-0.4
COL/COL201406250,"Wednesday, June 25, 2014",1:12 p.m. Local,Coors Field,34635,3:38,Day,Away,St. Louis Cardinals,STL,Colorado Rockies,COL,34,9,12,9,7.0,4,4,43,0.353,0.381,0.618,0.999,155,115,0.605,1.13,1.369,,4.4,27,11,9.0,1,76,8,31,14,21,13,0,34,0,0,-0.106,-1.4,35,6,9,6,6.0,4,8,40,0.257,0.333,0.429,0.762,184,112,0.105,1.29,0.836,,1.4,27,12,9.0,1,72,16,24,13,16,9,0,42,0,0,-0.606,-4.4
LAN/LAN201406260,"Thursday, June 26, 2014",7:10 p.m. Local,Dodger Stadium,48624,2:32,Night,Home,Los Angeles Dodgers,LAD,St. Louis Cardinals,STL,29,0,5,0,0.0,2,7,31,0.172,0.226,0.207,0.433,100,88,-0.655,1.31,0.239,,-3.8,24,9,8.0,0,53,8,27,11,11,6,0,74,,,0.153,2.4,27,1,5,1,1.12,1,7,29,0.185,0.214,0.185,0.399,130,66,-0.154,1.31,0.487,,-2.4,27,12,9.0,0,32,14,20,11,10,3,0,71,0,0,0.653,3.8
LAN/LAN201406270,"Friday, June 27, 2014",7:10 p.m. Local,Dodger Stadium,48159,2:48,Night,Away,St. Louis Cardinals,STL,Los Angeles Dodgers,LAD,35,3,9,3,3.0,1,8,36,0.257,0.278,0.4,0.678,144,85,0.092,1.46,0.724,,-0.8,27,14,9.0,0,47,14,24,18,9,5,0,48,3,0,0.408,2.8,30,1,8,1,1.0,4,7,34,0.267,0.353,0.267,0.62,128,95,-0.41,0.97,0.652,,-2.8,27,15,9.0,1,48,17,31,14,9,6,0,53,0,0,-0.092,0.8
LAN/LAN201406280,"Saturday, June 28, 2014",4:15 p.m. Local,Dodger Stadium,50910,3:02,Day,Home,Los Angeles Dodgers,LAD,St. Louis Cardinals,STL,30,1,4,1,1.0,2,13,34,0.133,0.212,0.267,0.479,142,97,-0.136,0.34,0.061,,-2.8,24,16,8.0,0,51,13,33,10,8,4,0,12,0,0,-0.365,-5.6,38,9,15,8,7.88,2,4,40,0.395,0.425,0.526,0.951,146,97,0.367,0.25,0.474,,5.6,27,10,9.0,1,63,11,23,22,12,4,0,75,0,0,0.134,2.8
LAN/LAN201406290,"Sunday, June 29, 2014",1:10 p.m. Local,Dodger Stadium,47739,2:46,Day,Home,Los Angeles Dodgers,LAD,St. Louis Cardinals,STL,34,0,6,0,0.0,2,13,36,0.176,0.222,0.265,0.487,121,93,-0.276,0.54,0.197,,-3.8,24,9,8.0,1,49,21,23,13,8,6,0,30,0,0,-0.224,-2.6,30,6,8,6,6.75,6,6,37,0.267,0.378,0.433,0.812,138,76,0.225,0.65,0.5,,2.6,27,10,9.0,0,43,10,23,12,14,6,0,78,0,0,0.276,3.8
SFN/SFN201407010,"Tuesday, July 1, 2014",7:16 p.m. Local,AT&T Park,41152,2:28,Night,Home,San Francisco Giants,SFG,St. Louis Cardinals,STL,32,0,5,0,0.0,2,6,35,0.156,0.229,0.188,0.416,123,81,-0.28,0.55,0.306,,-3.8,24,15,8.0,1,46,11,24,13,13,7,0,27,3,1,-0.221,-1.6,29,5,8,5,5.62,6,2,35,0.276,0.4,0.483,0.883,124,72,0.221,0.87,0.508,,1.6,27,10,9.0,0,43,6,23,12,15,7,0,78,0,0,0.28,3.8
SFN/SFN201407020,"Wednesday, July 2, 2014",7:15 p.m. Local,AT&T Park,41321,2:51,Night,Away,St. Louis Cardinals,STL,San Francisco Giants,SFG,33,2,8,2,2.0,1,9,34,0.242,0.265,0.273,0.537,130,82,-0.041,1.26,0.437,,-1.8,27,17,9.0,0,46,13,23,15,9,5,0,70,2,0,0.543,3.8,29,0,5,0,0.0,2,2,32,0.172,0.226,0.172,0.398,123,85,-0.543,0.77,0.296,,-3.8,27,12,9.0,0,54,10,21,18,10,5,0,64,2,0,0.044,1.8
SFN/SFN201407030,"Thursday, July 3, 2014",12:45 p.m. Local,AT&T Park,41181,3:12,Day,Away,St. Louis Cardinals,STL,San Francisco Giants,SFG,40,7,14,7,6.0,4,10,44,0.35,0.409,0.575,0.984,139,114,0.381,0.72,0.696,,3.2,27,12,9.0,0,65,18,31,13,17,11,0,58,0,0,0.12,1.8,34,2,7,1,1.0,2,10,36,0.206,0.25,0.235,0.485,175,91,-0.118,0.49,0.338,,-1.8,27,8,9.0,1,45,14,32,17,7,3,0,40,0,0,-0.381,-3.2
SLN/SLN201407040,"Friday, July 4, 2014",6:16 p.m. Local,Busch Stadium III,46131,3:01,Night,Home,St. Louis Cardinals,STL,Miami Marlins,MIA,35,2,10,2,2.0,4,9,40,0.286,0.375,0.314,0.689,137,107,-0.444,0.9,0.898,,-2.0,24,12,8.0,0,59,17,31,17,10,6,0,48,0,0,-0.057,0.5,29,3,7,2,3.38,2,3,31,0.241,0.29,0.345,0.635,169,83,0.057,1.63,0.586,,-0.5,27,10,9.0,0,52,5,26,11,15,7,0,67,2,0,0.443,2.0
SLN/SLN201407050,"Saturday, July 5, 2014",1:16 p.m. Local,Busch Stadium III,45445,3:31,Day,Away,Miami Marlins,MIA,St. Louis Cardinals,STL,41,6,14,6,6.0,1,6,42,0.341,0.357,0.439,0.796,149,117,0.525,1.12,1.49,,2.0,27,11,9.0,2,73,14,30,16,19,9,0,23,1,0,-0.026,-1.0,34,5,10,5,5.0,3,5,41,0.294,0.385,0.5,0.885,174,91,0.025,1.38,0.837,,1.0,27,7,9.0,1,56,8,27,14,17,7,0,39,3,3,-0.526,-2.0
SLN/SLN201407060,"Sunday, July 6, 2014",1:15 p.m. Local,Busch Stadium III,42160,3:13,Day,Away,Miami Marlins,MIA,St. Louis Cardinals,STL,42,8,16,8,8.0,7,7,49,0.381,0.469,0.476,0.946,145,121,0.175,0.71,0.767,,4.0,27,15,9.0,1,65,18,38,20,15,7,0,65,2,0,0.324,-0.0,36,4,10,4,4.0,2,4,39,0.278,0.333,0.444,0.778,191,95,-0.324,0.93,0.254,,0.0,27,10,9.0,1,58,10,27,19,13,7,0,46,3,0,-0.175,-4.0
SLN/SLN201407070,"Monday, July 7, 2014",8:02 p.m. Local,Busch Stadium III,42448,2:37,Night,Home,St. Louis Cardinals,STL,Pittsburgh Pirates,PIT,34,0,8,0,0.0,4,8,39,0.235,0.333,0.294,0.627,98,97,-0.646,1.27,0.638,,-4.0,25,12,8.1,1,58,14,25,10,16,8,0,78,0,0,0.146,1.7,25,2,3,2,2.16,3,5,30,0.12,0.241,0.28,0.521,151,58,-0.145,1.8,0.634,,-1.7,27,10,9.0,0,32,4,22,13,8,4,0,65,0,0,0.647,4.0
SLN/SLN201407080,"Tuesday, July 8, 2014",7:16 p.m. Local,Busch Stadium III,43162,2:44,Night,Home,St. Louis Cardinals,STL,Pittsburgh Pirates,PIT,35,4,9,4,4.0,3,9,38,0.257,0.316,0.486,0.802,125,94,-0.093,1.3,0.923,,0.0,26,15,8.2,1,56,19,19,9,17,8,0,36,0,0,-0.408,-1.1,34,5,11,5,5.19,0,4,35,0.324,0.343,0.471,0.813,136,79,0.41,1.39,1.272,,1.1,27,7,9.0,2,56,4,19,17,13,8,0,44,0,0,0.092,-0.0
SLN/SLN201407090,"Wednesday, July 9, 2014",7:16 p.m. Local,Busch Stadium III,43941,3:24,Night,Home,St. Louis Cardinals,STL,Pittsburgh Pirates,PIT,32,2,6,2,2.0,3,6,35,0.188,0.257,0.375,0.632,153,90,-0.239,0.88,0.502,,-2.0,24,11,8.0,1,55,13,22,12,14,5,0,25,3,0,-0.261,-1.5,35,5,14,5,5.62,5,4,41,0.4,0.475,0.629,1.104,142,98,0.261,0.99,0.779,,1.5,27,9,9.0,1,63,10,25,16,16,8,0,56,1,0,0.239,2.0
SLN/SLN201407100,"Thursday, July 10, 2014",6:16 p.m. Local,Busch Stadium III,43974,3:05,Night,Away,Pittsburgh Pirates,PIT,St. Louis Cardinals,STL,34,9,9,8,5.0,6,2,43,0.265,0.366,0.441,0.807,114,98,0.361,0.81,0.732,,5.0,27,13,9.0,0,62,13,23,8,27,10,0,74,,,0.139,3.0,27,1,6,1,1.0,2,5,32,0.222,0.29,0.222,0.513,169,77,-0.139,0.75,0.333,,-3.0,27,6,9.0,1,49,8,20,13,11,1,0,38,0,0,-0.36,-5.0
MIL/MIL201407110,"Friday, July 11, 2014",7:11 p.m. Local,Miller Park,35501,3:53,Night,Away,St. Louis Cardinals,STL,Milwaukee Brewers,MIL,37,7,11,7,7.0,3,10,40,0.297,0.35,0.676,1.026,161,110,0.392,1.39,1.05,,2.9,27,11,9.0,0,62,18,30,11,16,9,0,22,1,0,0.108,-1.9,38,6,12,6,6.0,3,8,43,0.316,0.372,0.5,0.872,177,107,-0.107,1.15,0.794,,1.9,27,9,9.0,4,68,17,22,17,14,9,0,36,4,1,-0.393,-2.9
MIL/MIL201407120,"Saturday, July 12, 2014",3:11 p.m. Local,Miller Park,40198,3:17,Day,Away,St. Louis Cardinals,STL,Milwaukee Brewers,MIL,39,10,12,10,7.0,4,8,45,0.308,0.378,0.436,0.814,121,121,0.392,0.2,0.526,,5.9,27,10,9.0,0,70,24,27,14,18,11,0,63,0,0,0.109,2.1,33,2,6,2,2.0,0,5,34,0.182,0.206,0.273,0.479,187,75,-0.109,0.36,0.038,,-2.1,27,12,9.0,1,46,12,17,13,15,7,0,22,2,2,-0.391,-5.9
MIL/MIL201407130,"Sunday, July 13, 2014",1:12 p.m. Local,Miller Park,35345,2:55,Day,Home,Milwaukee Brewers,MIL,St. Louis Cardinals,STL,33,2,5,2,1.0,1,6,34,0.152,0.176,0.182,0.358,131,79,-0.168,0.5,0.176,,-2.1,24,15,8.0,1,50,10,19,17,10,6,0,34,2,1,-0.332,-7.4,38,11,19,10,12.38,3,6,45,0.5,0.558,0.684,1.242,119,82,0.334,0.59,0.576,,7.4,27,13,9.0,0,51,12,19,21,13,8,0,74,0,0,0.168,2.1
SLN/SLN201407180,"Friday, July 18, 2014",7:15 p.m. Local,Busch Stadium III,45010,3:02,Night,Home,St. Louis Cardinals,STL,Los Angeles Dodgers,LAD,32,2,5,1,2.0,5,11,37,0.156,0.27,0.25,0.52,141,99,-0.471,0.69,0.545,,-2.0,24,9,8.0,1,55,18,26,7,14,5,0,38,2,0,-0.028,0.5,32,3,8,3,3.38,2,6,35,0.25,0.314,0.469,0.783,155,84,0.027,1.48,0.438,,-0.5,27,6,9.0,0,54,9,21,11,15,8,0,61,1,1,0.472,2.0
SLN/SLN201407190,"Saturday, July 19, 2014",3:08 p.m. Local,Busch Stadium III,43922,3:02,Day,Home,St. Louis Cardinals,STL,Los Angeles Dodgers,LAD,30,2,6,2,2.0,2,6,34,0.2,0.265,0.233,0.498,139,89,-0.29,0.41,0.416,,-2.0,24,12,8.0,1,53,6,30,14,11,8,0,39,1,0,-0.209,-0.5,29,4,8,4,4.5,6,5,36,0.276,0.4,0.414,0.814,144,81,0.209,0.95,0.421,,0.5,27,16,9.0,0,42,11,28,19,6,4,0,68,1,0,0.291,2.0
SLN/SLN201407200,"Sunday, July 20, 2014",7:07 p.m. Local,Busch Stadium III,45255,3:28,Night,Away,Los Angeles Dodgers,LAD,St. Louis Cardinals,STL,35,4,11,4,4.0,3,10,40,0.314,0.4,0.429,0.829,143,87,0.26,1.62,1.291,,0.0,27,9,9.0,1,46,19,22,10,15,6,0,60,2,0,0.24,1.0,31,3,7,3,3.0,2,10,35,0.226,0.294,0.355,0.649,140,89,-0.239,1.48,0.804,,-1.0,27,10,9.0,0,55,14,22,8,14,5,0,41,4,0,-0.259,-0.0
SLN/SLN201407220,"Tuesday, July 22, 2014",7:17 p.m. Local,Busch Stadium III,43623,3:23,Night,Away,Tampa Bay Rays,TBR,St. Louis Cardinals,STL,34,7,7,7,5.0,5,7,41,0.206,0.325,0.382,0.707,166,82,0.337,0.63,0.724,,3.0,27,4,9.0,2,46,7,29,14,14,7,0,56,2,0,0.165,2.0,33,2,7,2,2.0,4,13,38,0.212,0.316,0.394,0.71,138,109,-0.165,0.88,0.32,,-2.0,27,10,9.0,1,61,17,31,7,13,4,0,32,2,0,-0.336,-3.0
SLN/SLN201407230,"Wednesday, July 23, 2014",6:15 p.m. Local,Busch Stadium III,43564,3:12,Night,Away,Tampa Bay Rays,TBR,St. Louis Cardinals,STL,33,3,8,3,2.0,5,10,41,0.242,0.366,0.333,0.699,126,99,-0.059,1.09,0.556,,-1.0,27,8,9.0,0,53,9,37,15,9,6,0,77,0,0,0.559,4.0,30,0,5,0,0.0,0,15,31,0.167,0.167,0.2,0.367,166,87,-0.559,0.97,0.225,,-4.0,27,12,9.0,0,42,19,26,12,5,3,0,59,5,1,0.059,1.0
CHN/CHN201407250,"Friday, July 25, 2014",3:06 p.m. Local,Wrigley Field,41534,3:44,Day,Home,Chicago Cubs,CHC,St. Louis Cardinals,STL,39,6,12,5,2.0,2,9,41,0.308,0.341,0.487,0.829,157,113,0.13,1.18,1.273,,1.9,24,8,8.0,3,72,15,26,10,20,10,0,30,5,0,-0.631,-3.4,35,7,11,7,7.88,3,9,40,0.314,0.4,0.571,0.971,179,95,0.63,1.54,1.339,,3.4,27,8,9.0,2,46,15,34,12,14,5,0,43,0,0,-0.131,-1.9
CHN/CHN201407260,"Saturday, July 26, 2014",3:06 p.m. Local,Wrigley Field,41927,3:20,Day,Away,St. Louis Cardinals,STL,Chicago Cubs,CHC,36,6,8,6,6.0,3,11,40,0.222,0.282,0.306,0.588,130,111,0.393,0.91,0.819,,1.9,27,11,9.0,2,65,19,27,13,13,7,0,58,1,0,0.109,1.1,34,3,8,3,3.0,0,6,34,0.235,0.235,0.471,0.706,180,89,-0.109,0.89,0.493,,-1.1,27,8,9.0,0,59,8,22,15,13,4,0,59,1,1,-0.392,-1.9
CHN/CHN201407270,"Sunday, July 27, 2014",1:22 p.m. Local,Wrigley Field,35256,2:41,Day,Away,St. Louis Cardinals,STL,Chicago Cubs,CHC,32,1,9,1,1.0,0,4,33,0.281,0.303,0.406,0.709,126,84,-0.299,1.75,0.348,,-3.1,27,11,9.0,0,54,8,22,16,12,8,0,67,0,0,0.798,4.1,31,0,6,0,0.0,3,4,34,0.194,0.265,0.226,0.491,131,76,-0.799,0.92,0.412,,-4.1,27,16,9.0,1,43,12,21,15,12,7,0,57,1,0,0.299,3.1
SDN/SDN201407290,"Tuesday, July 29, 2014",7:11 p.m. Local,Petco Park,33521,3:20,Night,Home,San Diego Padres,SDP,St. Louis Cardinals,STL,31,1,6,1,1.0,5,11,38,0.194,0.316,0.226,0.542,155,102,-0.373,1.23,0.615,,-2.7,24,6,8.0,1,60,20,22,11,10,4,0,61,1,0,-0.128,0.3,30,3,6,3,2.25,3,7,36,0.2,0.306,0.3,0.606,166,91,0.126,1.42,0.797,,-0.3,27,9,9.0,0,59,13,19,10,15,9,0,62,0,0,0.373,2.7
SDN/SDN201407300,"Wednesday, July 30, 2014",7:13 p.m. Local,Petco Park,30973,3:10,Night,Home,San Diego Padres,SDP,St. Louis Cardinals,STL,30,1,6,1,1.0,2,4,33,0.2,0.25,0.233,0.483,162,85,-0.243,0.45,0.163,,-2.7,24,11,8.0,2,51,11,23,20,7,5,0,41,5,4,-0.257,-8.7,37,12,16,11,13.5,4,8,42,0.432,0.5,0.73,1.23,126,99,0.258,0.58,0.5,,8.7,27,19,9.0,0,52,19,28,16,13,9,0,66,0,0,0.242,2.7
SDN/SDN201407310,"Thursday, July 31, 2014",12:42 p.m. Local,Petco Park,28820,2:36,Day,Away,St. Louis Cardinals,STL,San Diego Padres,SDP,35,6,10,6,6.0,2,5,38,0.286,0.342,0.4,0.742,120,94,0.403,0.57,0.754,,2.3,27,8,9.0,2,60,13,21,11,19,9,0,63,0,0,0.099,1.7,30,2,3,2,2.0,0,7,30,0.1,0.1,0.333,0.433,146,81,-0.098,0.61,0.273,,-1.7,27,5,9.0,1,47,13,21,10,13,6,0,29,3,1,-0.402,-2.3
SLN/SLN201408010,"Friday, August 1, 2014",7:17 p.m. Local,Busch Stadium III,45306,3:14,Night,Away,Milwaukee Brewers,MIL,St. Louis Cardinals,STL,37,7,12,7,7.0,6,7,46,0.324,0.432,0.514,0.945,136,93,0.226,0.68,0.61,,3.0,27,14,9.0,1,56,19,18,13,19,10,0,55,2,0,0.274,-0.0,31,4,6,4,4.0,6,5,38,0.194,0.324,0.419,0.744,155,81,-0.273,0.6,0.205,,0.0,27,9,9.0,1,52,7,22,17,10,5,0,24,1,1,-0.226,-3.0
SLN/SLN201408020,"Saturday, August 2, 2014",6:15 p.m. Local,Busch Stadium III,45719,2:58,Night,Home,St. Louis Cardinals,STL,Milwaukee Brewers,MIL,34,7,10,7,7.0,3,9,38,0.294,0.351,0.441,0.793,144,90,0.051,0.54,0.693,,3.0,24,7,8.0,2,52,20,18,16,10,7,0,11,2,0,-0.553,-5.5,34,9,12,8,7.88,4,7,41,0.353,0.425,0.618,1.043,131,97,0.553,1.08,0.776,,5.5,27,15,9.0,0,51,15,31,9,20,12,0,39,0,0,-0.052,-3.0
SLN/SLN201408030,"Sunday, August 3, 2014",1:17 p.m. Local,Busch Stadium III,44662,2:50,Day,Home,St. Louis Cardinals,STL,Milwaukee Brewers,MIL,36,2,9,2,2.0,1,8,37,0.25,0.27,0.361,0.631,100,109,-0.294,1.24,0.589,,-2.0,24,12,8.0,1,77,17,15,10,18,10,0,74,1,1,-0.208,0.5,28,3,6,3,3.38,0,5,30,0.214,0.241,0.357,0.599,155,66,0.207,1.26,0.828,,-0.5,27,7,9.0,1,40,9,17,14,10,6,0,59,0,0,0.293,2.0
SLN/SLN201408050,"Tuesday, August 5, 2014",7:15 p.m. Local,Busch Stadium III,43432,3:04,Night,Home,St. Louis Cardinals,STL,Boston Red Sox,BOS,31,2,5,2,1.0,1,7,34,0.161,0.182,0.226,0.408,144,91,-0.27,1.4,0.58,,-2.0,24,9,8.0,0,57,8,26,14,12,8,0,56,1,0,-0.229,0.5,32,3,10,3,3.38,4,5,36,0.312,0.389,0.375,0.764,141,92,0.23,1.63,1.074,,-0.5,27,12,9.0,0,61,9,22,11,16,9,0,66,0,0,0.272,2.0
SLN/SLN201408060,"Wednesday, August 6, 2014",8:18 p.m. Local,Busch Stadium III,42733,3:01,Night,Away,Boston Red Sox,BOS,St. Louis Cardinals,STL,32,2,8,2,2.0,2,4,35,0.25,0.286,0.344,0.629,128,88,-0.067,1.73,0.838,,-2.0,27,14,9.0,0,56,6,26,13,16,4,0,65,0,0,0.567,3.0,30,1,5,1,1.0,4,3,35,0.167,0.265,0.2,0.465,123,75,-0.567,1.46,0.549,,-3.0,27,9,9.0,0,46,10,19,18,10,4,0,68,2,0,0.067,2.0
SLN/SLN201408070,"Thursday, August 7, 2014",7:19 p.m. Local,Busch Stadium III,44570,3:08,Night,Home,St. Louis Cardinals,STL,Boston Red Sox,BOS,35,2,8,2,2.0,2,8,37,0.229,0.27,0.286,0.556,132,100,-0.262,0.66,0.498,,-2.0,24,5,8.0,2,57,7,36,12,15,7,0,43,1,0,-0.24,-1.5,31,5,8,5,5.62,2,6,33,0.258,0.303,0.484,0.787,154,86,0.237,1.1,0.622,,1.5,27,6,9.0,0,52,5,29,6,19,7,0,60,0,0,0.261,2.0
BAL/BAL201408080,"Friday, August 8, 2014",7:07 p.m. Local,Oriole Park at Camden Yards,43743,2:57,Night,Home,Baltimore Orioles,BAL,St. Louis Cardinals,STL,31,2,4,2,2.0,1,8,32,0.129,0.156,0.258,0.414,157,96,-0.162,0.47,0.079,,-2.3,24,14,8.0,6,57,15,24,11,12,3,0,21,3,0,-0.339,-8.2,37,12,15,12,13.5,5,6,46,0.405,0.511,0.919,1.43,139,96,0.338,0.31,0.626,,8.2,27,7,9.0,1,54,14,28,17,15,6,0,64,0,0,0.161,2.3
BAL/BAL201408090,"Saturday, August 9, 2014",4:08 p.m. Local,Oriole Park at Camden Yards,40894,2:58,Day,Home,Baltimore Orioles,BAL,St. Louis Cardinals,STL,34,3,9,3,3.0,5,8,40,0.265,0.35,0.412,0.762,149,98,0.002,0.54,0.431,,-1.3,24,11,8.0,3,55,17,26,4,23,7,0,6,2,0,-0.502,-6.2,38,10,16,9,11.25,2,6,40,0.421,0.45,0.737,1.187,149,100,0.503,0.69,0.863,,6.2,27,5,9.0,1,55,13,32,17,15,3,0,50,2,0,-0.002,1.3
BAL/BAL201408100,"Sunday, August 10, 2014",1:38 p.m. Local,Oriole Park at Camden Yards,27779,3:39,Day,Away,St. Louis Cardinals,STL,Baltimore Orioles,BAL,42,8,17,8,8.0,3,10,45,0.405,0.444,0.524,0.968,147,123,0.292,1.66,0.944,,3.7,27,5,9.0,0,71,25,27,18,14,10,0,44,4,1,0.207,1.3,37,3,10,2,3.0,1,12,38,0.27,0.289,0.297,0.587,191,92,-0.207,1.04,0.883,,-1.3,27,12,9.0,1,51,13,28,9,16,6,0,43,0,0,-0.292,-3.7
MIA/MIA201408110,"Monday, August 11, 2014",7:11 p.m. Local,Marlins Park,21144,2:56,Night,Home,Miami Marlins,MIA,St. Louis Cardinals,STL,37,5,12,5,5.0,3,8,40,0.324,0.375,0.514,0.889,137,92,-0.107,0.57,0.798,,1.0,24,8,8.0,2,54,13,25,13,16,10,0,34,0,0,-0.392,-2.5,33,6,11,5,5.62,2,10,36,0.333,0.371,0.636,1.008,137,89,0.394,1.23,0.738,,2.5,27,9,9.0,1,50,14,25,14,10,7,0,42,2,0,0.107,-1.0
MIA/MIA201408120,"Tuesday, August 12, 2014",7:10 p.m. Local,Marlins Park,22703,2:34,Night,Home,Miami Marlins,MIA,St. Louis Cardinals,STL,31,0,4,0,0.0,2,4,33,0.129,0.182,0.129,0.311,102,83,-0.395,0.82,0.219,,-4.0,24,16,8.0,1,47,13,23,13,14,8,0,54,1,0,-0.109,0.5,27,3,7,3,3.38,3,4,30,0.259,0.333,0.407,0.741,135,64,0.109,0.89,0.519,,-0.5,27,11,9.0,0,35,5,25,15,8,5,0,73,2,0,0.392,4.0
MIA/MIA201408130,"Wednesday, August 13, 2014",7:10 p.m. Local,Marlins Park,20044,2:40,Night,Away,St. Louis Cardinals,STL,Miami Marlins,MIA,36,5,10,4,3.0,2,5,40,0.278,0.333,0.306,0.639,127,93,0.172,0.6,0.567,,1.0,27,14,9.0,1,69,9,15,19,13,10,0,74,0,0,0.328,2.0,31,2,5,2,2.0,0,7,31,0.161,0.161,0.258,0.419,143,82,-0.329,0.73,0.089,,-2.0,27,12,9.0,0,42,11,29,17,7,5,0,47,0,0,-0.172,-1.0
SLN/SLN201408140,"Thursday, August 14, 2014",7:15 p.m. Local,Busch Stadium III,45126,2:44,Night,Home,St. Louis Cardinals,STL,San Diego Padres,SDP,33,3,8,3,3.0,5,6,38,0.242,0.342,0.333,0.675,122,96,-0.269,1.02,0.956,,-1.0,24,10,8.0,1,54,11,31,13,14,7,0,61,3,2,-0.231,-0.5,29,4,7,4,4.5,3,3,33,0.241,0.313,0.379,0.692,143,70,0.23,2.0,0.682,,0.5,27,15,9.0,0,40,6,24,15,12,5,0,61,0,0,0.27,1.0
SLN/SLN201408150,"Friday, August 15, 2014",7:15 p.m. Local,Busch Stadium III,42662,3:00,Night,Home,St. Louis Cardinals,STL,San Diego Padres,SDP,35,2,8,2,2.0,2,9,37,0.229,0.27,0.429,0.699,145,97,-0.383,0.69,0.412,,-2.0,24,10,8.0,0,62,9,26,11,15,7,0,48,0,0,-0.117,-0.5,31,4,8,4,4.5,4,3,37,0.258,0.378,0.258,0.636,151,93,0.117,1.02,0.453,,0.5,27,9,9.0,1,59,11,23,16,12,8,0,61,1,0,0.383,2.0
SLN/SLN201408160,"Saturday, August 16, 2014",6:16 p.m. Local,Busch Stadium III,44079,3:28,Night,Away,San Diego Padres,SDP,St. Louis Cardinals,STL,34,9,9,9,9.0,10,7,44,0.265,0.432,0.441,0.873,155,106,0.663,0.84,1.248,,5.0,27,6,9.0,0,59,13,34,14,13,7,0,37,2,0,-0.162,-1.0,35,5,8,5,5.0,2,6,39,0.229,0.308,0.4,0.708,182,104,0.162,1.06,0.682,,1.0,27,15,9.0,1,65,13,26,9,20,9,0,47,1,0,-0.663,-5.0
SLN/SLN201408170,"Sunday, August 17, 2014",1:16 p.m. Local,Busch Stadium III,43149,2:56,Day,Home,St. Louis Cardinals,STL,San Diego Padres,SDP,35,6,8,5,5.0,5,7,40,0.229,0.325,0.286,0.611,134,89,-0.045,0.64,0.668,,2.0,24,7,8.0,1,53,8,28,10,18,9,0,30,0,0,-0.455,-3.5,32,7,10,7,7.88,3,5,36,0.312,0.371,0.438,0.809,151,81,0.455,1.13,0.687,,3.5,27,8,9.0,0,50,7,24,9,19,9,0,53,4,2,0.044,-2.0
SLN/SLN201408180,"Monday, August 18, 2014",7:16 p.m. Local,Busch Stadium III,42973,3:19,Night,Home,St. Louis Cardinals,STL,Cincinnati Reds,CIN,37,5,8,5,4.5,5,9,43,0.216,0.326,0.405,0.731,135,109,0.182,1.38,1.423,,0.6,28,9,9.1,0,71,17,21,14,14,6,0,53,0,0,-0.683,-2.4,39,6,12,5,4.82,1,6,41,0.308,0.341,0.436,0.777,166,88,0.683,1.76,1.566,,2.4,30,12,10.0,1,53,12,23,12,21,12,0,44,3,0,-0.182,-0.6
SLN/SLN201408190,"Tuesday, August 19, 2014",7:15 p.m. Local,Busch Stadium III,42573,3:29,Night,Home,St. Louis Cardinals,STL,Cincinnati Reds,CIN,36,4,7,4,2.0,1,8,37,0.194,0.216,0.306,0.522,167,95,-0.003,1.91,0.71,,0.0,24,8,8.0,1,55,18,22,12,16,8,0,41,4,1,-0.499,-3.3,36,5,14,5,5.62,5,5,42,0.389,0.476,0.5,0.976,131,100,0.497,1.14,1.513,,3.3,27,8,9.0,1,70,7,23,7,24,16,0,58,0,0,0.003,-0.0
SLN/SLN201408200,"Wednesday, August 20, 2014",6:15 p.m. Local,Busch Stadium III,43085,3:12,Night,Home,St. Louis Cardinals,STL,Cincinnati Reds,CIN,36,3,10,1,3.0,3,7,39,0.278,0.333,0.306,0.639,150,93,-0.323,0.62,0.192,,-1.0,24,4,8.0,0,53,18,22,14,14,6,1,35,5,1,-0.177,-3.5,32,7,10,6,6.75,6,8,41,0.312,0.439,0.438,0.877,141,89,0.177,0.61,0.577,,3.5,27,9,9.0,0,46,16,27,8,17,7,0,72,3,0,0.323,1.0
PHI/PHI201408220,"Friday, August 22, 2014",7:09 p.m. Local,Citizens Bank Park,28366,2:48,Night,Home,Philadelphia Phillies,PHI,St. Louis Cardinals,STL,33,4,8,4,4.0,1,5,35,0.242,0.257,0.364,0.621,134,82,-0.276,1.11,0.474,,-0.0,24,6,8.0,0,51,11,20,8,21,9,0,41,1,0,-0.223,-1.4,30,5,8,4,4.5,3,5,34,0.267,0.324,0.267,0.59,126,84,0.221,1.14,0.638,,1.4,27,9,9.0,1,47,11,26,13,13,9,0,44,0,0,0.278,0.0
PHI/PHI201408230,"Saturday, August 23, 2014",7:07 p.m. Local,Citizens Bank Park,30352,4:53,Night,Away,St. Louis Cardinals,STL,Philadelphia Phillies,PHI,44,6,13,4,3.0,9,8,57,0.295,0.418,0.409,0.827,198,130,0.268,1.89,1.863,,0.6,36,13,12.0,1,77,22,31,23,17,8,0,51,3,2,0.233,0.4,44,5,9,5,3.75,2,7,49,0.205,0.271,0.295,0.566,221,128,-0.232,1.89,1.345,,-0.4,36,16,12.0,1,75,14,39,17,21,9,0,41,5,0,-0.268,-0.6
PHI/PHI201408240,"Sunday, August 24, 2014",1:38 p.m. Local,Citizens Bank Park,30580,2:33,Day,Home,Philadelphia Phillies,PHI,St. Louis Cardinals,STL,33,1,6,1,1.0,3,5,36,0.182,0.25,0.242,0.492,122,82,-0.215,0.49,0.306,,-3.0,24,11,8.0,1,55,8,19,11,17,7,0,28,0,0,-0.286,-3.4,31,7,8,6,7.88,2,6,34,0.258,0.303,0.387,0.69,122,78,0.286,0.78,0.501,,3.4,27,9,9.0,0,44,11,23,12,14,7,0,70,0,0,0.214,3.0
PIT/PIT201408250,"Monday, August 25, 2014",7:07 p.m. Local,PNC Park,24352,2:55,Night,Away,St. Louis Cardinals,STL,Pittsburgh Pirates,PIT,31,3,8,3,2.0,4,10,37,0.258,0.343,0.29,0.633,121,83,0.136,1.39,1.006,,-0.9,27,13,9.0,2,46,15,22,15,8,5,0,61,0,0,0.364,1.9,31,2,9,2,2.0,2,4,34,0.29,0.333,0.516,0.849,134,85,-0.365,1.32,0.615,,-1.9,27,12,9.0,0,55,8,22,13,15,5,0,69,2,0,-0.135,0.9
PIT/PIT201408260,"Tuesday, August 26, 2014",7:07 p.m. Local,PNC Park,25521,2:56,Night,Home,Pittsburgh Pirates,PIT,St. Louis Cardinals,STL,32,2,6,2,2.0,2,13,36,0.188,0.25,0.25,0.5,129,102,-0.201,1.27,0.591,,-1.9,24,6,8.0,2,54,21,27,10,10,3,0,52,0,0,-0.301,-1.5,32,5,9,5,5.62,3,5,37,0.281,0.361,0.5,0.861,156,88,0.3,1.22,0.947,,1.5,27,6,9.0,0,56,11,21,7,21,6,0,66,2,2,0.201,1.9
PIT/PIT201408270,"Wednesday, August 27, 2014",12:38 p.m. Local,PNC Park,29905,2:43,Day,Home,Pittsburgh Pirates,PIT,St. Louis Cardinals,STL,32,1,7,1,1.0,2,4,35,0.219,0.265,0.344,0.608,132,78,-0.402,0.71,0.429,,-2.9,24,8,8.0,1,48,6,24,17,12,6,0,48,0,0,-0.1,0.5,33,3,10,3,3.38,1,5,36,0.303,0.333,0.394,0.727,114,84,0.1,1.21,0.48,,-0.5,27,14,9.0,1,47,12,25,13,16,8,0,63,1,0,0.401,2.9
SLN/SLN201408290,"Friday, August 29, 2014",7:14 p.m. Local,Busch Stadium III,43181,2:52,Night,Away,Chicago Cubs,CHC,St. Louis Cardinals,STL,35,7,9,7,7.0,2,5,37,0.257,0.297,0.686,0.983,141,87,0.35,0.92,0.946,,3.0,27,5,9.0,0,50,9,28,15,15,5,0,56,0,0,0.152,2.0,35,2,8,2,2.0,1,10,38,0.229,0.27,0.229,0.499,128,94,-0.151,1.04,0.415,,-2.0,27,13,9.0,4,45,18,31,10,16,8,0,62,0,0,-0.349,-3.0
SLN/SLN201408301,"Saturday, August 30, 2014",1:15 p.m. Local,Busch Stadium III,44755,2:40,Day,Away,Chicago Cubs,CHC,St. Louis Cardinals,STL,33,5,7,5,5.0,1,13,35,0.212,0.257,0.485,0.742,117,92,0.279,0.84,0.593,,1.0,27,11,9.0,0,46,22,24,9,11,1,0,62,0,0,0.221,3.0,32,1,7,0,1.0,2,6,34,0.219,0.265,0.25,0.515,134,73,-0.221,0.67,0.343,,-3.0,27,6,9.0,3,43,9,22,7,19,10,0,35,0,0,-0.28,-1.0
SLN/SLN201408302,"Saturday, August 30, 2014",7:15 p.m. Local,Busch Stadium III,44762,3:16,Night,Home,St. Louis Cardinals,STL,Chicago Cubs,CHC,34,2,7,2,2.0,2,8,37,0.206,0.27,0.235,0.506,146,95,-0.274,0.68,0.375,,-2.0,24,9,8.0,2,46,12,37,7,19,9,0,48,5,5,-0.226,-9.5,32,13,13,12,13.5,6,4,42,0.406,0.5,0.594,1.094,142,88,0.227,0.85,0.627,,9.5,27,6,9.0,0,61,5,22,11,20,13,0,65,0,0,0.274,2.0
SLN/SLN201408310,"Sunday, August 31, 2014",1:15 p.m. Local,Busch Stadium III,45148,3:26,Day,Home,St. Louis Cardinals,STL,Chicago Cubs,CHC,36,6,11,5,3.0,3,8,42,0.306,0.375,0.5,0.875,160,101,0.235,1.57,0.881,,2.0,24,13,8.0,2,55,20,26,13,17,5,0,41,3,1,-0.735,-5.5,34,9,12,8,7.88,5,5,41,0.353,0.45,0.588,1.038,142,100,0.735,1.0,1.632,,5.5,27,8,9.0,2,70,11,19,16,14,6,0,46,0,0,-0.234,-2.0
SLN/SLN201409010,"Monday, September 1, 2014",1:15 p.m. Local,Busch Stadium III,43347,3:08,Day,Home,St. Louis Cardinals,STL,Pittsburgh Pirates,PIT,37,4,11,4,4.0,5,7,42,0.297,0.381,0.486,0.867,121,102,-0.11,1.29,0.888,,0.0,24,9,8.0,1,51,24,27,8,22,9,0,38,3,1,-0.392,-1.5,32,5,10,5,5.62,4,4,36,0.312,0.389,0.5,0.889,167,72,0.393,1.32,1.095,,1.5,27,7,9.0,1,46,11,16,12,16,8,0,44,1,0,0.108,-0.0
SLN/SLN201409020,"Tuesday, September 2, 2014",7:15 p.m. Local,Busch Stadium III,43693,3:05,Night,Home,St. Louis Cardinals,STL,Pittsburgh Pirates,PIT,34,4,8,4,4.0,1,5,35,0.235,0.257,0.529,0.787,165,92,-0.066,0.92,0.605,,0.0,24,10,8.0,0,54,8,30,17,12,6,0,31,1,0,-0.434,-2.5,30,6,7,5,5.62,5,8,37,0.233,0.351,0.267,0.618,143,97,0.433,0.94,0.784,,2.5,27,17,9.0,3,54,15,28,12,11,6,0,44,0,0,0.067,-0.0
SLN/SLN201409030,"Wednesday, September 3, 2014",12:45 p.m. Local,Busch Stadium III,42864,2:50,Day,Home,St. Louis Cardinals,STL,Pittsburgh Pirates,PIT,29,0,4,0,0.0,4,7,33,0.138,0.242,0.172,0.415,116,95,-0.645,1.51,0.424,,-4.0,26,10,8.2,0,58,11,26,7,15,8,0,70,1,0,0.146,2.5,28,1,5,1,1.04,3,8,35,0.179,0.303,0.179,0.482,138,72,-0.146,1.59,0.792,,-2.5,27,9,9.0,0,40,10,22,13,9,6,0,73,0,0,0.647,4.0
MIL/MIL201409040,"Thursday, September 4, 2014",7:11 p.m. Local,Miller Park,37227,3:35,Night,Away,St. Louis Cardinals,STL,Milwaukee Brewers,MIL,35,3,12,3,3.0,4,10,41,0.343,0.439,0.343,0.782,153,94,-0.041,2.22,0.676,,-1.1,27,8,9.0,1,50,21,23,17,8,5,0,51,6,0,0.542,2.1,36,2,9,2,2.0,4,6,40,0.25,0.325,0.361,0.686,153,94,-0.542,1.04,1.022,,-2.1,27,10,9.0,0,49,12,33,12,18,11,0,51,3,0,0.042,1.1
MIL/MIL201409050,"Friday, September 5, 2014",7:10 p.m. Local,Miller Park,35103,3:08,Night,Home,Milwaukee Brewers,MIL,St. Louis Cardinals,STL,34,2,9,2,2.0,1,7,36,0.265,0.286,0.382,0.668,134,90,-0.281,0.5,0.31,,-2.1,24,12,8.0,1,48,10,33,10,18,8,0,35,0,0,-0.217,-2.4,31,6,10,6,6.75,1,8,35,0.323,0.364,0.452,0.815,143,90,0.217,0.81,0.434,,2.4,27,4,9.0,1,56,17,17,17,8,3,0,56,1,0,0.283,2.1
MIL/MIL201409060,"Saturday, September 6, 2014",6:11 p.m. Local,Miller Park,39042,3:02,Night,Away,St. Louis Cardinals,STL,Milwaukee Brewers,MIL,31,5,4,5,5.0,2,9,34,0.129,0.206,0.355,0.561,146,96,0.256,1.24,0.631,,0.9,27,12,9.0,0,54,11,31,7,15,7,0,56,0,0,0.244,1.1,33,3,7,2,1.0,4,11,38,0.212,0.316,0.394,0.71,140,97,-0.243,0.71,0.745,,-1.1,27,5,9.0,2,58,16,23,11,11,6,0,37,0,0,-0.256,-0.9
MIL/MIL201409070,"Sunday, September 7, 2014",1:10 p.m. Local,Miller Park,31771,3:01,Day,Away,St. Louis Cardinals,STL,Milwaukee Brewers,MIL,37,9,13,8,8.0,2,9,40,0.351,0.375,0.514,0.889,100,109,0.235,0.53,0.501,,4.9,27,14,9.0,0,71,20,18,16,13,7,0,71,,,0.266,3.1,31,1,7,1,1.0,1,3,32,0.226,0.25,0.258,0.508,171,71,-0.264,0.51,0.111,,-3.1,27,12,9.0,1,43,9,19,14,14,9,0,42,0,0,-0.234,-4.9
CIN/CIN201409080,"Monday, September 8, 2014",7:11 p.m. Local,Great American Ball Park,27612,3:00,Night,Away,St. Louis Cardinals,STL,Cincinnati Reds,CIN,36,5,10,5,5.0,4,8,42,0.278,0.35,0.389,0.739,96,86,0.006,1.01,0.78,,1.0,27,10,9.0,0,49,15,22,13,17,12,0,75,1,0,0.495,4.0,28,0,3,0,0.0,0,4,28,0.107,0.107,0.143,0.25,150,65,-0.496,1.16,0.188,,-4.0,27,8,9.0,1,41,6,18,10,14,7,0,51,9,2,-0.006,-1.0
CIN/CIN201409090,"Tuesday, September 9, 2014",7:10 p.m. Local,Great American Ball Park,25742,3:33,Night,Home,Cincinnati Reds,CIN,St. Louis Cardinals,STL,39,5,14,5,4.0,1,8,42,0.359,0.381,0.487,0.868,156,126,-0.157,0.49,0.531,,1.0,24,5,8.0,1,79,14,33,17,15,13,0,28,6,2,-0.343,-5.5,35,9,12,9,9.0,8,7,44,0.343,0.465,0.571,1.037,192,97,0.345,0.88,0.61,,5.5,27,12,9.0,0,57,16,24,10,19,13,0,50,4,2,0.157,-1.0
CIN/CIN201409100,"Wednesday, September 10, 2014",7:09 p.m. Local,Great American Ball Park,26631,2:51,Night,Home,Cincinnati Reds,CIN,St. Louis Cardinals,STL,30,2,6,2,2.0,3,7,34,0.2,0.294,0.233,0.527,137,89,-0.304,0.97,0.49,,-2.0,24,12,8.0,1,48,16,27,11,12,7,0,39,4,1,-0.196,-0.5,30,4,9,4,3.38,4,8,34,0.3,0.382,0.467,0.849,138,81,0.195,1.06,0.73,,0.5,27,11,9.0,0,47,16,18,12,10,7,0,61,2,0,0.305,2.0
CIN/CIN201409110,"Thursday, September 11, 2014",12:37 p.m. Local,Great American Ball Park,21688,2:12,Day,Home,Cincinnati Reds,CIN,St. Louis Cardinals,STL,28,0,3,0,0.0,2,9,31,0.107,0.194,0.107,0.301,101,82,-0.67,1.11,0.282,,-4.0,24,10,8.0,0,52,11,19,8,11,4,0,77,,,0.169,2.5,25,1,3,1,1.12,1,6,27,0.12,0.154,0.12,0.274,127,64,-0.168,1.38,0.386,,-2.5,27,10,9.0,0,34,13,17,11,9,6,0,82,0,0,0.669,4.0
SLN/SLN201409120,"Friday, September 12, 2014",7:16 p.m. Local,Busch Stadium III,45108,2:44,Night,Home,St. Louis Cardinals,STL,Colorado Rockies,COL,35,1,8,1,1.0,0,10,35,0.229,0.229,0.286,0.514,138,84,-0.262,0.41,0.292,,-3.0,24,16,8.0,1,44,18,22,14,11,8,0,53,1,0,-0.237,-1.5,28,5,6,5,4.5,5,6,34,0.214,0.353,0.357,0.71,112,78,0.236,0.78,0.414,,1.5,27,9,9.0,0,46,13,19,15,7,2,0,74,0,0,0.263,3.0
SLN/SLN201409130,"Saturday, September 13, 2014",6:16 p.m. Local,Busch Stadium III,45552,3:24,Night,Home,St. Louis Cardinals,STL,Colorado Rockies,COL,34,4,9,4,4.0,1,7,36,0.265,0.278,0.353,0.631,158,94,-0.247,0.34,0.377,,0.0,24,10,8.0,2,59,11,24,11,17,8,0,36,2,1,-0.254,-1.5,33,5,9,5,5.62,3,4,36,0.273,0.333,0.485,0.818,134,100,0.254,0.85,0.456,,1.5,27,8,9.0,0,61,12,27,13,16,7,0,63,2,2,0.245,-0.0
SLN/SLN201409140,"Sunday, September 14, 2014",1:15 p.m. Local,Busch Stadium III,44598,3:03,Day,Home,St. Louis Cardinals,STL,Colorado Rockies,COL,32,1,5,1,1.0,4,16,36,0.156,0.25,0.25,0.5,136,91,-0.345,0.83,0.387,,-3.0,24,11,8.0,1,38,25,28,6,10,4,0,44,2,1,-0.154,-0.5,35,4,13,3,4.5,2,6,37,0.371,0.405,0.571,0.977,140,82,0.154,1.05,0.625,,0.5,27,3,9.0,0,47,13,22,14,15,10,0,62,2,0,0.346,3.0
SLN/SLN201409160,"Tuesday, September 16, 2014",7:14 p.m. Local,Busch Stadium III,44529,3:55,Night,Away,Milwaukee Brewers,MIL,St. Louis Cardinals,STL,43,3,9,3,2.25,5,8,49,0.209,0.286,0.326,0.611,166,121,-0.141,1.17,1.376,,-2.3,36,14,12.0,0,73,15,33,14,22,6,0,61,1,0,0.641,3.3,40,2,7,1,1.5,2,6,42,0.175,0.214,0.175,0.389,185,104,-0.642,1.98,0.354,,-3.3,36,10,12.0,1,67,10,28,14,21,7,0,67,0,0,0.141,2.3
SLN/SLN201409170,"Wednesday, September 17, 2014",7:16 p.m. Local,Busch Stadium III,44480,2:32,Night,Home,St. Louis Cardinals,STL,Milwaukee Brewers,MIL,32,0,7,0,0.0,2,7,34,0.219,0.265,0.219,0.483,115,77,-0.553,0.82,0.286,,-4.0,24,7,8.0,0,46,8,23,18,7,5,0,70,0,0,0.051,1.5,26,2,3,1,1.12,2,7,28,0.115,0.179,0.115,0.294,102,75,-0.052,1.16,0.414,,-1.5,27,17,9.0,0,46,9,20,9,10,3,0,78,,,0.552,4.0
SLN/SLN201409180,"Thursday, September 18, 2014",7:16 p.m. Local,Busch Stadium III,44823,4:26,Night,Home,St. Louis Cardinals,STL,Milwaukee Brewers,MIL,48,2,10,2,0.69,3,11,53,0.208,0.255,0.229,0.484,187,134,-0.683,2.06,0.892,,-3.7,37,17,12.1,0,85,24,25,25,14,8,0,67,3,1,0.185,1.9,45,3,12,3,2.19,4,8,51,0.267,0.34,0.289,0.629,185,117,-0.184,1.74,1.489,,-1.9,39,18,13.0,0,74,14,29,23,16,9,0,60,1,0,0.685,3.7
SLN/SLN201409190,"Friday, September 19, 2014",7:16 p.m. Local,Busch Stadium III,45074,2:35,Night,Home,St. Louis Cardinals,STL,Cincinnati Reds,CIN,33,1,7,1,1.0,1,7,34,0.212,0.235,0.212,0.447,122,82,-0.602,0.82,0.556,,-3.0,24,4,8.0,2,45,11,26,9,17,8,0,54,0,0,0.104,1.5,29,2,5,2,2.25,3,3,33,0.172,0.273,0.414,0.687,112,74,-0.103,1.71,0.405,,-1.5,27,5,9.0,0,43,5,26,10,16,7,0,68,5,0,0.603,3.0
SLN/SLN201409200,"Saturday, September 20, 2014",6:15 p.m. Local,Busch Stadium III,46157,2:52,Night,Home,St. Louis Cardinals,STL,Cincinnati Reds,CIN,35,4,8,4,4.0,0,5,36,0.229,0.222,0.4,0.622,128,97,-0.129,0.38,0.321,,0.0,24,12,8.0,3,57,14,26,12,19,5,0,35,2,0,-0.37,-4.5,31,8,10,7,7.88,4,8,36,0.323,0.417,0.677,1.094,137,76,0.371,0.7,0.604,,4.5,27,10,9.0,1,45,11,20,12,11,8,0,45,2,0,0.13,-0.0
SLN/SLN201409210,"Sunday, September 21, 2014",7:08 p.m. Local,Busch Stadium III,45747,3:01,Night,Away,Cincinnati Reds,CIN,St. Louis Cardinals,STL,33,7,6,7,7.0,5,11,38,0.182,0.289,0.576,0.865,128,94,0.333,1.04,0.764,,3.0,27,11,9.0,0,53,17,24,8,14,4,0,51,0,0,0.167,2.0,34,2,8,2,2.0,3,8,38,0.235,0.297,0.382,0.68,151,83,-0.167,0.72,0.599,,-2.0,27,6,9.0,4,47,15,21,11,16,8,0,59,3,2,-0.333,-3.0
CHN/CHN201409220,"Monday, September 22, 2014",7:07 p.m. Local,Wrigley Field,28893,3:00,Night,Away,St. Louis Cardinals,STL,Chicago Cubs,CHC,39,8,12,8,7.0,3,11,42,0.308,0.357,0.41,0.767,135,106,0.296,0.33,0.567,,3.9,27,11,9.0,0,56,16,34,8,20,12,0,78,0,0,0.204,4.1,29,0,4,0,0.0,3,8,32,0.138,0.219,0.172,0.391,166,82,-0.204,0.49,0.037,,-4.1,27,5,9.0,0,37,19,26,11,10,3,0,31,0,0,-0.296,-3.9
CHN/CHN201409230,"Tuesday, September 23, 2014",7:06 p.m. Local,Wrigley Field,29754,3:11,Night,Home,Chicago Cubs,CHC,St. Louis Cardinals,STL,37,3,8,3,2.7,2,7,39,0.216,0.256,0.351,0.608,164,95,-0.387,1.41,0.809,,-1.5,29,6,9.2,2,56,12,27,12,18,7,0,47,2,0,-0.114,0.0,38,4,9,4,3.72,4,14,42,0.237,0.31,0.447,0.757,146,107,0.114,1.46,0.974,,-0.0,30,13,10.0,1,54,18,35,12,12,6,0,49,0,0,0.386,1.5
CHN/CHN201409240,"Wednesday, September 24, 2014",7:07 p.m. Local,Wrigley Field,33292,2:41,Night,Home,Chicago Cubs,CHC,St. Louis Cardinals,STL,32,1,5,0,0.0,1,12,34,0.156,0.206,0.156,0.362,130,93,-0.504,0.93,0.331,,-3.1,24,5,8.0,0,46,20,27,14,6,4,0,60,3,0,0.004,0.6,31,3,7,3,3.38,5,9,36,0.226,0.333,0.387,0.72,127,83,-0.003,1.25,0.573,,-0.6,27,11,9.0,0,43,21,19,5,17,10,0,80,0,0,0.503,3.1
ARI/ARI201409260,"Friday, September 26, 2014",6:40 p.m. Local,Chase Field,41963,3:45,Night,Away,St. Louis Cardinals,STL,Arizona Diamondbacks,ARI,38,7,11,6,5.4,6,9,45,0.289,0.378,0.342,0.72,179,98,0.546,1.74,1.313,,2.5,30,8,10.0,0,53,19,26,11,19,9,0,50,4,1,-0.049,-1.5,41,6,12,6,5.4,4,6,46,0.293,0.348,0.317,0.665,170,115,0.046,1.22,1.222,,1.5,30,9,10.0,0,67,19,29,14,22,9,0,40,4,1,-0.549,-2.5
ARI/ARI201409270,"Saturday, September 27, 2014",5:10 p.m. Local,Chase Field,39843,2:58,Night,Home,Arizona Diamondbacks,ARI,St. Louis Cardinals,STL,33,2,7,1,2.0,3,12,37,0.212,0.27,0.212,0.482,151,98,-0.258,0.92,0.436,,-2.1,24,9,8.0,3,47,18,33,7,15,10,0,50,2,0,-0.241,-1.4,37,5,13,5,5.62,1,5,38,0.351,0.368,0.622,0.99,150,103,0.24,1.12,0.816,,1.4,27,5,9.0,0,68,7,28,21,11,7,0,50,0,0,0.26,2.1
ARI/ARI201409280,"Sunday, September 28, 2014",1:10 p.m. Local,Chase Field,30617,2:20,Day,Away,St. Louis Cardinals,STL,Arizona Diamondbacks,ARI,29,1,3,1,1.0,0,3,29,0.103,0.103,0.172,0.276,124,67,-0.274,1.45,0.262,,-3.1,27,15,9.0,0,44,5,18,11,15,6,0,58,2,0,0.773,4.1,27,0,2,0,0.0,3,3,30,0.074,0.167,0.074,0.241,98,75,-0.773,0.9,0.221,,-4.1,27,11,9.0,0,45,11,22,12,12,6,0,75,0,0,0.273,3.1
