,date,time,venue,attendance,duration,time_of_day,winner,winning_name,winning_abbr,losing_name,losing_abbr,away_at_bats,away_runs,away_hits,away_rbi,away_earned_runs,away_bases_on_balls,away_strikeouts,away_plate_appearances,away_batting_average,away_on_base_percentage,away_slugging_percentage,away_on_base_plus,away_pitches,away_strikes,away_win_probability_for_offensive_player,away_average_leverage_index,away_win_probability_added,away_win_probability_subtracted,away_base_out_runs_added,away_putouts,away_assists,away_innings_pitched,away_home_runs,away_strikes_by_contact,away_strikes_swinging,away_strikes_looking,away_grounded_balls,away_fly_balls,away_line_drives,away_unknown_bat_type,away_game_score,away_inherited_runners,away_inherited_score,away_win_probability_by_pitcher,away_base_out_runs_saved,home_at_bats,home_runs,home_hits,home_rbi,home_earned_runs,home_bases_on_balls,home_strikeouts,home_plate_appearances,home_batting_average,home_on_base_percentage,home_slugging_percentage,home_on_base_plus,home_pitches,home_strikes,home_win_probability_for_offensive_player,home_average_leverage_index,home_win_probability_added,home_win_probability_subtracted,home_base_out_runs_added,home_putouts,home_assists,home_innings_pitched,home_home_runs,home_strikes_by_contact,home_strikes_swinging,home_strikes_looking,home_grounded_balls,home_fly_balls,home_line_drives,home_unknown_bat_type,home_game_score,home_inherited_runners,home_inherited_score,home_win_probability_by_pitcher,home_base_out_runs_saved
TEX/TEX201403310,"Monday, March 31, 2014",1:07 p.m. Local,Globe Life Park in Arlington,49031,3:36,Day,Away,Philadelphia Phillies,PHI,Texas Rangers,TEX,44,14,17,13,14.0,6,8,50,0.386,0.46,0.659,1.119,172,115,0.93,1.09,1.471,,9.7,27,10,9.0,1,66,9,40,14,22,12,0,13,4,2,-0.43,-5.7,40,10,14,9,10.0,4,4,44,0.35,0.409,0.5,0.909,191,110,0.43,0.91,1.116,,5.7,27,8,9.0,3,66,6,38,16,20,8,0,17,1,1,-0.93,-9.7
TEX/TEX201404010,"Tuesday, April 1, 2014",7:05 p.m. Local,Globe Life Park in Arlington,29530,3:14,Night,Home,Texas Rangers,TEX,Philadelphia Phillies,PHI,33,2,8,2,2.0,1,11,35,0.242,0.265,0.303,0.568,144,91,-0.317,1.7,0.634,,-2.4,25,10,8.1,0,49,15,27,14,9,6,0,55,2,1,-0.183,0.5,32,3,10,3,3.24,5,6,40,0.312,0.421,0.406,0.827,141,88,0.183,1.35,1.166,,-0.5,27,8,9.0,0,48,13,27,13,15,11,0,54,2,0,0.317,2.3
TEX/TEX201404020,"Wednesday, April 2, 2014",7:11 p.m. Local,Globe Life Park in Arlington,28218,3:02,Night,Home,Texas Rangers,TEX,Philadelphia Phillies,PHI,34,3,9,2,2.0,3,8,38,0.265,0.324,0.382,0.707,131,93,0.034,1.82,0.483,,-1.3,25,13,8.1,0,53,20,19,15,11,6,0,66,0,0,-0.533,-1.2,34,4,9,4,4.32,3,5,37,0.265,0.324,0.353,0.677,149,83,0.533,0.64,1.407,,1.2,27,9,9.0,1,49,10,24,14,15,9,0,48,0,0,-0.033,1.3
TBA/TBA201404040,"Friday, April 4, 2014",7:11 p.m. Local,Tropicana Field,14304,3:10,Night,Home,Tampa Bay Rays,TBR,Texas Rangers,TEX,32,1,6,1,1.0,3,6,35,0.188,0.257,0.219,0.476,171,88,-0.209,0.52,0.126,,-3.0,24,7,8.0,2,47,10,31,7,19,10,0,32,2,0,-0.293,-4.4,37,8,11,8,6.75,6,6,44,0.297,0.409,0.514,0.923,141,99,0.292,0.5,0.586,,4.4,27,9,9.0,0,61,9,29,14,17,3,0,67,0,0,0.208,3.0
TBA/TBA201404050,"Saturday, April 5, 2014",7:12 p.m. Local,Tropicana Field,30364,2:48,Night,Home,Tampa Bay Rays,TBR,Texas Rangers,TEX,34,4,9,4,4.0,0,6,37,0.265,0.278,0.294,0.572,123,85,-0.086,1.55,0.5,,-0.0,24,17,8.0,2,50,9,26,15,15,5,0,52,0,0,-0.413,-1.4,28,5,7,5,5.62,5,3,34,0.25,0.364,0.536,0.899,131,69,0.412,0.97,1.231,,1.4,27,10,9.0,0,41,7,21,14,12,3,0,44,0,0,0.088,0.0
TBA/TBA201404060,"Sunday, April 6, 2014",1:42 p.m. Local,Tropicana Field,22569,3:01,Day,Away,Texas Rangers,TEX,Tampa Bay Rays,TBR,34,3,7,3,2.0,1,7,35,0.206,0.229,0.294,0.523,119,93,-0.04,1.43,0.58,,-1.0,27,3,9.0,0,54,19,20,13,14,5,0,68,2,0,0.539,4.0,35,0,8,0,0.0,2,7,37,0.229,0.27,0.314,0.585,140,82,-0.539,0.89,0.601,,-4.0,27,8,9.0,1,45,8,29,4,24,10,0,76,1,0,0.038,1.0
BOS/BOS201404070,"Monday, April 7, 2014",7:10 p.m. Local,Fenway Park,35842,3:07,Night,Home,Boston Red Sox,BOS,Texas Rangers,TEX,32,1,8,1,0.0,2,6,35,0.25,0.286,0.344,0.629,153,89,-0.458,1.1,0.543,,-3.3,24,15,8.0,0,47,15,27,11,16,10,0,43,2,2,-0.042,-1.1,36,5,14,4,5.62,2,4,40,0.389,0.45,0.417,0.867,132,96,0.043,1.52,0.794,,1.1,27,13,9.0,0,56,11,29,21,11,5,0,68,0,0,0.458,3.3
BOS/BOS201404080,"Tuesday, April 8, 2014",6:13 p.m. Local,Fenway Park,34142,3:11,Night,Away,Texas Rangers,TEX,Boston Red Sox,BOS,36,10,13,10,10.0,4,5,44,0.361,0.405,0.611,1.016,160,97,0.36,0.46,0.578,,5.7,27,12,9.0,0,59,9,29,22,13,3,0,41,2,2,0.142,-2.7,36,7,14,7,7.0,4,9,40,0.389,0.45,0.5,0.95,148,102,-0.14,0.42,0.291,,2.7,27,15,9.0,1,51,15,36,15,12,7,0,25,3,0,-0.359,-5.7
BOS/BOS201404090,"Wednesday, April 9, 2014",4:07 p.m. Local,Fenway Park,33585,2:57,Day,Home,Boston Red Sox,BOS,Texas Rangers,TEX,30,2,5,2,2.0,4,9,35,0.167,0.257,0.333,0.59,141,91,-0.114,1.38,0.698,,-2.3,24,13,8.0,1,56,12,23,10,12,5,0,60,3,2,-0.385,-0.1,25,4,4,3,3.38,7,9,32,0.16,0.344,0.32,0.664,145,79,0.384,1.35,1.063,,0.1,27,11,9.0,1,40,8,31,11,5,1,0,68,1,0,0.115,2.3
TEX/TEX201404110,"Friday, April 11, 2014",7:06 p.m. Local,Globe Life Park in Arlington,36150,4:11,Night,Home,Texas Rangers,TEX,Houston Astros,HOU,37,0,2,0,0.0,3,11,40,0.054,0.125,0.054,0.179,211,96,-1.077,2.24,0.245,,-5.8,35,21,11.2,0,57,14,25,16,10,3,0,72,3,0,0.578,4.6,41,1,8,1,0.77,9,8,52,0.195,0.365,0.22,0.585,156,114,-0.575,1.45,1.494,,-4.6,36,15,12.0,0,71,15,31,22,11,7,0,88,0,0,1.077,5.8
TEX/TEX201404120,"Saturday, April 12, 2014",7:07 p.m. Local,Globe Life Park in Arlington,42577,3:15,Night,Away,Houston Astros,HOU,Texas Rangers,TEX,35,6,7,6,5.4,3,8,42,0.2,0.286,0.371,0.657,172,93,0.522,2.09,1.039,,1.2,30,12,10.0,1,53,14,26,14,15,6,0,59,0,0,-0.02,-0.2,35,5,9,4,4.5,5,10,42,0.257,0.366,0.4,0.766,147,104,0.02,0.95,1.722,,0.2,30,11,10.0,1,60,15,29,17,9,3,0,54,0,0,-0.52,-1.2
TEX/TEX201404130,"Sunday, April 13, 2014",2:07 p.m. Local,Globe Life Park in Arlington,38698,2:15,Day,Home,Texas Rangers,TEX,Houston Astros,HOU,26,0,5,0,0.0,3,2,29,0.192,0.276,0.192,0.468,102,70,-0.722,0.96,0.324,,-4.3,24,7,8.0,0,50,10,12,13,11,4,0,70,0,0,0.222,2.9,28,1,5,1,1.12,0,8,29,0.179,0.172,0.214,0.387,119,66,-0.221,1.3,0.3,,-2.9,27,14,9.0,0,42,8,16,9,12,5,0,71,0,0,0.721,4.3
TEX/TEX201404140,"Monday, April 14, 2014",7:07 p.m. Local,Globe Life Park in Arlington,23081,3:01,Night,Away,Seattle Mariners,SEA,Texas Rangers,TEX,39,7,12,6,4.0,1,7,42,0.308,0.333,0.462,0.795,149,99,0.195,0.64,0.601,,2.7,27,13,9.0,0,58,13,28,19,14,6,0,63,1,0,0.304,3.3,30,1,7,1,1.0,4,6,34,0.233,0.324,0.267,0.59,161,97,-0.304,0.59,0.244,,-3.3,27,11,9.0,1,59,11,27,13,11,4,0,40,3,1,-0.196,-2.7
TEX/TEX201404150,"Tuesday, April 15, 2014",7:07 p.m. Local,Globe Life Park in Arlington,26628,2:22,Night,Home,Texas Rangers,TEX,Seattle Mariners,SEA,34,0,7,0,0.0,0,2,36,0.206,0.25,0.206,0.456,115,76,-0.473,0.55,0.192,,-4.3,24,10,8.0,2,50,8,18,22,10,4,0,43,0,0,-0.027,-1.1,31,5,11,5,5.62,2,5,34,0.355,0.394,0.645,1.039,113,70,0.027,0.88,0.41,,1.1,27,13,9.0,0,38,13,19,11,16,8,0,71,1,0,0.473,4.3
TEX/TEX201404160,"Wednesday, April 16, 2014",7:07 p.m. Local,Globe Life Park in Arlington,27396,2:47,Night,Home,Texas Rangers,TEX,Seattle Mariners,SEA,34,2,7,2,2.0,2,9,36,0.206,0.25,0.265,0.515,137,79,-0.123,1.75,0.446,,-2.3,26,6,8.2,0,38,14,27,10,15,6,0,73,1,1,-0.377,0.9,32,3,6,2,1.04,2,12,35,0.188,0.229,0.281,0.51,126,89,0.377,0.84,1.177,,-0.9,27,8,9.0,0,40,17,32,13,8,4,0,61,0,0,0.124,2.3
TEX/TEX201404170,"Thursday, April 17, 2014",1:06 p.m. Local,Globe Life Park in Arlington,29024,3:28,Day,Home,Texas Rangers,TEX,Seattle Mariners,SEA,36,6,10,6,6.0,5,5,41,0.278,0.366,0.528,0.894,170,110,0.061,0.91,0.891,,1.7,24,11,8.0,1,71,9,30,12,19,8,0,24,1,1,-0.562,-4.1,34,8,12,7,9.0,5,6,41,0.353,0.436,0.559,0.995,165,102,0.561,1.12,0.98,,4.1,27,9,9.0,2,65,16,21,18,12,5,0,20,2,2,-0.061,-1.7
TEX/TEX201404180,"Friday, April 18, 2014",7:07 p.m. Local,Globe Life Park in Arlington,40671,2:41,Night,Home,Texas Rangers,TEX,Chicago White Sox,CHW,30,0,3,0,0.0,1,8,31,0.1,0.129,0.133,0.262,160,70,-0.154,0.44,0.083,,-4.4,24,11,8.0,2,38,14,18,12,10,4,0,-5,1,0,-0.346,-8.1,40,12,18,12,13.5,4,5,45,0.45,0.511,0.75,1.261,109,97,0.347,0.35,0.527,,8.1,27,9,9.0,0,59,11,27,17,18,13,0,88,,,0.154,4.3
TEX/TEX201404190,"Saturday, April 19, 2014",7:06 p.m. Local,Globe Life Park in Arlington,44811,2:49,Night,Home,Texas Rangers,TEX,Chicago White Sox,CHW,34,3,9,2,3.0,3,5,37,0.265,0.324,0.294,0.618,145,87,-0.199,0.64,0.498,,-1.3,24,20,8.0,2,56,5,26,12,17,6,0,28,0,0,-0.3,-2.1,34,6,13,6,6.75,2,2,36,0.382,0.417,0.647,1.064,132,91,0.3,1.0,0.625,,2.1,27,10,9.0,0,62,5,26,18,14,9,0,55,5,0,0.201,1.3
TEX/TEX201404200,"Sunday, April 20, 2014",2:08 p.m. Local,Globe Life Park in Arlington,35402,3:16,Day,Away,Chicago White Sox,CHW,Texas Rangers,TEX,46,16,18,16,13.0,2,12,49,0.391,0.408,0.739,1.147,144,118,0.461,0.9,0.807,,11.7,27,10,9.0,0,64,25,29,14,21,10,0,56,0,0,0.038,2.3,24,2,2,1,1.0,6,5,33,0.083,0.303,0.083,0.386,175,76,-0.038,0.54,0.502,,-2.3,27,5,9.0,3,42,12,23,9,11,5,0,40,2,2,-0.462,-11.7
OAK/OAK201404210,"Monday, April 21, 2014",7:07 p.m. Local,O.co Coliseum,13297,3:25,Night,Away,Texas Rangers,TEX,Oakland Athletics,OAK,36,4,11,4,4.0,3,9,41,0.306,0.375,0.472,0.847,166,91,0.133,1.55,0.955,,-0.1,27,9,9.0,1,48,15,28,10,18,15,0,46,2,0,0.366,1.1,36,3,9,3,3.0,5,8,41,0.25,0.341,0.361,0.703,146,97,-0.367,1.32,0.869,,-1.1,27,11,9.0,1,49,18,30,9,19,13,0,47,1,0,-0.134,0.1
OAK/OAK201404220,"Tuesday, April 22, 2014",7:07 p.m. Local,O.co Coliseum,15744,3:01,Night,Away,Texas Rangers,TEX,Oakland Athletics,OAK,32,5,9,4,5.0,4,1,38,0.281,0.378,0.344,0.722,141,72,0.457,1.19,1.571,,0.9,27,9,9.0,0,44,9,19,16,16,7,0,41,3,0,0.043,0.1,33,4,9,4,2.0,3,3,39,0.273,0.342,0.394,0.736,115,81,-0.042,1.78,0.767,,-0.1,27,16,9.0,0,47,5,29,11,21,6,0,47,0,0,-0.456,-0.9
OAK/OAK201404230,"Wednesday, April 23, 2014",12:37 p.m. Local,O.co Coliseum,18340,2:35,Day,Away,Texas Rangers,TEX,Oakland Athletics,OAK,32,3,7,3,3.0,5,11,38,0.219,0.324,0.375,0.699,109,90,0.036,0.87,0.54,,-1.1,27,15,9.0,0,44,20,26,12,10,5,0,82,,,0.465,4.1,28,0,3,0,0.0,2,3,30,0.107,0.167,0.143,0.31,140,64,-0.466,0.68,0.177,,-4.1,27,12,9.0,1,39,5,20,17,8,4,0,59,0,0,-0.035,1.1
SEA/SEA201404250,"Friday, April 25, 2014",7:10 p.m. Local,Safeco Field,31145,2:55,Night,Home,Seattle Mariners,SEA,Texas Rangers,TEX,31,5,8,3,5.0,6,7,39,0.258,0.395,0.355,0.75,144,91,0.037,1.45,1.167,,1.0,24,9,8.0,0,48,12,31,14,11,8,0,55,2,1,-0.538,-2.5,33,6,11,5,6.75,0,7,37,0.333,0.405,0.424,0.83,148,96,0.538,1.52,1.268,,2.5,27,13,9.0,0,60,12,24,10,16,12,0,50,2,1,-0.038,-1.0
SEA/SEA201404260,"Saturday, April 26, 2014",6:10 p.m. Local,Safeco Field,30038,3:13,Night,Away,Texas Rangers,TEX,Seattle Mariners,SEA,34,6,11,5,6.0,3,6,41,0.324,0.375,0.353,0.728,140,96,0.278,1.11,1.057,,2.0,27,5,9.0,2,60,17,19,17,13,11,1,48,1,0,0.222,1.0,32,3,6,3,3.0,4,12,38,0.188,0.289,0.375,0.664,155,85,-0.222,1.51,0.503,,-1.0,27,15,9.0,0,45,13,27,8,13,5,0,51,3,1,-0.278,-2.0
SEA/SEA201404270,"Sunday, April 27, 2014",1:12 p.m. Local,Safeco Field,26300,3:10,Day,Home,Seattle Mariners,SEA,Texas Rangers,TEX,35,5,8,4,5.0,3,9,38,0.229,0.289,0.314,0.604,144,106,0.066,0.97,0.527,,1.0,24,7,8.0,2,60,17,29,13,13,7,0,60,0,0,-0.565,-2.5,31,6,7,5,6.75,4,8,36,0.226,0.333,0.484,0.817,163,84,0.566,0.68,1.119,,2.5,27,9,9.0,0,50,12,22,9,14,11,0,29,1,0,-0.065,-1.0
TEX/TEX201404280,"Monday, April 28, 2014",7:10 p.m. Local,Globe Life Park in Arlington,28548,3:03,Night,Away,Oakland Athletics,OAK,Texas Rangers,TEX,30,4,8,4,4.0,6,6,38,0.267,0.395,0.333,0.728,108,93,0.161,0.69,0.52,,-0.3,27,14,9.0,0,56,6,31,7,18,8,0,88,,,0.339,4.3,28,0,2,0,0.0,1,6,30,0.071,0.133,0.071,0.205,171,73,-0.34,0.62,0.149,,-4.4,27,7,9.0,0,43,6,24,15,7,4,0,34,1,0,-0.162,0.3
TEX/TEX201404290,"Tuesday, April 29, 2014",7:08 p.m. Local,Globe Life Park in Arlington,30221,3:08,Night,Away,Oakland Athletics,OAK,Texas Rangers,TEX,35,9,10,8,9.0,6,6,41,0.286,0.39,0.457,0.847,147,85,0.366,0.61,0.622,,4.7,27,11,9.0,0,50,5,30,9,20,11,0,44,0,0,0.134,1.3,34,3,8,3,3.0,2,9,37,0.235,0.297,0.265,0.562,146,97,-0.134,0.48,0.333,,-1.4,27,8,9.0,0,60,10,27,14,11,5,0,16,3,3,-0.366,-4.7
TEX/TEX201404300,"Wednesday, April 30, 2014",7:06 p.m. Local,Globe Life Park in Arlington,32979,2:57,Night,Away,Oakland Athletics,OAK,Texas Rangers,TEX,46,12,17,10,8.0,3,10,49,0.37,0.408,0.5,0.908,122,123,0.383,0.17,0.562,,7.6,27,7,9.0,0,68,17,38,16,20,9,0,82,0,0,0.116,3.3,31,1,4,1,1.0,1,9,32,0.129,0.156,0.161,0.318,184,87,-0.116,0.38,0.014,,-3.3,27,6,9.0,1,54,8,25,9,13,5,0,7,2,1,-0.384,-7.7
ANA/ANA201405020,"Friday, May 2, 2014",7:09 p.m. Local,Angel Stadium of Anaheim,42989,3:14,Night,Away,Texas Rangers,TEX,Los Angeles Angels of Anaheim,LAA,35,5,9,5,5.0,3,10,38,0.257,0.316,0.429,0.744,140,100,0.33,0.9,0.859,,1.0,27,7,9.0,0,60,17,23,8,17,8,0,52,3,0,0.172,2.0,35,2,8,2,2.0,2,8,38,0.229,0.289,0.257,0.547,146,94,-0.169,0.82,0.427,,-2.0,27,7,9.0,2,46,14,34,16,11,4,0,41,6,2,-0.33,-1.0
ANA/ANA201405030,"Saturday, May 3, 2014",6:07 p.m. Local,Angel Stadium of Anaheim,39107,3:24,Night,Home,Los Angeles Angels of Anaheim,LAA,Texas Rangers,TEX,36,3,10,3,3.0,2,12,38,0.278,0.316,0.306,0.621,175,92,-0.212,1.24,0.726,,-1.0,24,8,8.0,0,44,19,29,12,12,7,0,31,2,0,-0.288,-1.5,37,5,14,5,5.62,4,7,42,0.378,0.439,0.486,0.926,149,110,0.289,1.41,1.056,,1.5,27,9,9.0,0,68,16,26,17,14,8,0,49,0,0,0.212,1.0
ANA/ANA201405040,"Sunday, May 4, 2014",12:38 p.m. Local,Angel Stadium of Anaheim,37765,3:57,Day,Away,Texas Rangers,TEX,Los Angeles Angels of Anaheim,LAA,40,14,15,14,14.0,9,9,52,0.375,0.481,0.65,1.131,158,122,0.537,0.44,0.707,,10.0,27,5,9.0,2,75,12,35,10,23,11,0,55,2,1,-0.037,1.0,34,3,9,3,3.0,1,11,37,0.265,0.297,0.5,0.797,216,99,0.035,0.45,0.315,,-1.0,27,6,9.0,2,52,19,28,5,19,7,0,17,2,0,-0.537,-10.0
COL/COL201405050,"Monday, May 5, 2014",6:42 p.m. Local,Coors Field,26242,3:01,Night,Home,Colorado Rockies,COL,Texas Rangers,TEX,32,2,9,2,2.0,2,5,35,0.281,0.324,0.344,0.667,148,84,-0.282,0.38,0.179,,-2.6,24,14,8.0,3,49,11,24,18,10,7,0,35,2,0,-0.217,-3.9,35,8,13,8,9.0,4,7,40,0.371,0.425,0.829,1.254,126,91,0.218,0.62,0.449,,3.9,27,17,9.0,0,58,8,25,16,13,10,0,64,1,1,0.283,2.6
COL/COL201405060,"Tuesday, May 6, 2014",6:44 p.m. Local,Coors Field,27838,3:32,Night,Home,Colorado Rockies,COL,Texas Rangers,TEX,32,1,8,1,1.0,7,2,39,0.25,0.385,0.375,0.76,159,95,-0.225,0.52,0.329,,-3.6,24,14,8.0,2,55,5,35,17,13,6,0,20,4,1,-0.274,-7.9,42,12,21,12,13.5,2,1,46,0.5,0.522,0.786,1.307,162,108,0.275,0.65,0.625,,7.9,27,18,9.0,1,80,5,23,21,21,13,0,55,0,0,0.226,3.6
TEX/TEX201405070,"Wednesday, May 7, 2014",7:07 p.m. Local,Globe Life Park in Arlington,29467,3:06,Night,Away,Colorado Rockies,COL,Texas Rangers,TEX,40,9,16,9,9.0,1,3,44,0.4,0.409,0.625,1.034,146,95,0.344,0.3,0.534,,4.7,27,13,9.0,1,69,8,18,11,28,11,0,59,0,0,0.157,2.3,32,2,5,2,2.0,3,6,35,0.156,0.229,0.281,0.51,158,89,-0.156,0.41,0.072,,-2.3,27,8,9.0,1,47,15,27,16,10,7,0,10,0,0,-0.344,-4.7
TEX/TEX201405080,"Thursday, May 8, 2014",7:07 p.m. Local,Globe Life Park in Arlington,27617,2:59,Night,Home,Texas Rangers,TEX,Colorado Rockies,COL,30,0,5,0,0.0,4,8,34,0.167,0.265,0.233,0.498,117,91,-0.389,0.47,0.361,,-4.3,24,7,8.0,1,56,12,23,6,16,9,0,44,2,2,-0.112,-1.1,31,5,7,3,4.5,5,6,37,0.226,0.351,0.387,0.738,155,67,0.112,1.05,0.413,,1.1,27,8,9.0,0,41,8,18,12,13,6,0,60,2,0,0.388,4.3
TEX/TEX201405090,"Friday, May 9, 2014",7:07 p.m. Local,Globe Life Park in Arlington,45392,3:10,Night,Home,Texas Rangers,TEX,Boston Red Sox,BOS,29,0,2,0,0.0,2,12,31,0.069,0.129,0.069,0.198,161,85,-0.252,0.54,0.004,,-4.3,24,4,8.0,1,41,15,29,7,10,2,0,20,2,2,-0.248,-4.1,34,8,14,8,9.0,2,7,38,0.412,0.421,0.559,0.98,132,103,0.246,0.32,0.531,,4.1,27,4,9.0,0,64,12,28,8,21,11,0,90,1,0,0.252,4.3
TEX/TEX201405100,"Saturday, May 10, 2014",7:08 p.m. Local,Globe Life Park in Arlington,47964,3:09,Night,Away,Boston Red Sox,BOS,Texas Rangers,TEX,34,8,11,8,8.0,6,9,43,0.324,0.442,0.441,0.883,134,108,0.279,0.66,0.642,,3.7,27,6,9.0,0,54,21,33,8,18,8,0,62,2,0,0.222,1.3,32,3,7,3,3.0,3,11,36,0.219,0.278,0.344,0.622,170,86,-0.222,0.64,0.266,,-1.4,27,9,9.0,1,44,13,29,6,16,9,0,19,1,0,-0.278,-3.7
TEX/TEX201405110,"Sunday, May 11, 2014",2:09 p.m. Local,Globe Life Park in Arlington,41407,2:47,Day,Away,Boston Red Sox,BOS,Texas Rangers,TEX,33,5,8,5,5.0,2,6,37,0.242,0.286,0.424,0.71,134,96,0.212,0.87,0.495,,0.7,27,8,9.0,1,63,11,22,13,16,8,0,64,0,0,0.288,2.3,33,2,7,2,2.0,0,13,34,0.212,0.235,0.333,0.569,147,93,-0.287,0.54,0.305,,-2.3,27,13,9.0,1,54,18,21,9,11,3,0,43,2,0,-0.211,-0.7
HOU/HOU201405120,"Monday, May 12, 2014",7:10 p.m. Local,Minute Maid Park,14617,3:16,Night,Away,Texas Rangers,TEX,Houston Astros,HOU,37,4,10,4,4.0,2,15,39,0.27,0.308,0.459,0.767,180,96,0.148,0.92,0.512,,-0.2,27,5,9.0,0,45,22,29,12,10,7,0,61,4,0,0.353,4.2,36,0,11,0,0.0,3,14,39,0.306,0.359,0.417,0.776,138,108,-0.352,0.58,0.419,,-4.2,27,8,9.0,2,48,21,40,9,13,9,0,49,0,0,-0.148,0.2
HOU/HOU201405130,"Tuesday, May 13, 2014",7:12 p.m. Local,Minute Maid Park,14028,2:45,Night,Home,Houston Astros,HOU,Texas Rangers,TEX,30,0,7,0,0.0,0,7,31,0.233,0.258,0.267,0.525,177,69,-0.219,0.45,0.114,,-4.2,24,8,8.0,2,32,16,21,15,8,5,0,33,2,0,-0.281,-4.3,35,8,11,8,9.0,5,6,40,0.314,0.4,0.629,1.029,108,104,0.282,0.48,0.516,,4.3,27,15,9.0,0,58,16,30,12,17,12,0,80,,,0.219,4.2
HOU/HOU201405140,"Wednesday, May 14, 2014",7:11 p.m. Local,Minute Maid Park,17783,3:36,Night,Home,Houston Astros,HOU,Texas Rangers,TEX,36,4,11,4,4.0,2,8,39,0.306,0.359,0.472,0.831,181,84,-0.097,1.67,0.556,,-0.2,25,5,8.1,1,48,9,29,13,15,7,0,65,4,1,-0.404,-2.0,36,5,11,5,5.4,5,14,41,0.306,0.39,0.417,0.807,130,112,0.404,0.9,1.391,,2.0,27,10,9.0,1,63,19,30,8,14,8,0,33,3,0,0.097,0.2
TEX/TEX201405160,"Friday, May 16, 2014",7:07 p.m. Local,Globe Life Park in Arlington,39129,2:27,Night,Away,Toronto Blue Jays,TOR,Texas Rangers,TEX,31,2,5,2,2.0,3,12,34,0.161,0.235,0.194,0.429,105,86,-0.108,1.2,0.563,,-2.3,27,7,9.0,0,46,14,26,11,8,2,0,86,,,0.609,4.3,28,0,3,0,0.0,1,6,30,0.107,0.138,0.107,0.245,128,70,-0.61,1.2,0.193,,-4.3,27,8,9.0,0,42,6,22,8,15,4,0,72,0,0,0.109,2.3
TEX/TEX201405170,"Saturday, May 17, 2014",7:21 p.m. Local,Globe Life Park in Arlington,39723,3:09,Night,Away,Toronto Blue Jays,TOR,Texas Rangers,TEX,33,4,8,4,3.0,8,5,43,0.242,0.395,0.455,0.85,129,108,0.189,1.31,1.099,,-0.3,27,15,9.0,0,70,14,24,16,13,4,0,55,4,1,0.311,2.3,33,2,8,2,2.0,1,7,34,0.242,0.265,0.242,0.507,182,80,-0.312,1.3,0.559,,-2.3,27,13,9.0,1,53,7,22,17,9,4,0,51,4,0,-0.188,0.3
TEX/TEX201405180,"Sunday, May 18, 2014",2:08 p.m. Local,Globe Life Park in Arlington,43671,2:52,Day,Home,Texas Rangers,TEX,Toronto Blue Jays,TOR,34,2,8,2,2.0,3,6,37,0.235,0.297,0.471,0.768,134,93,-0.221,0.84,0.598,,-2.3,24,19,8.0,1,51,10,32,10,18,5,0,53,3,0,-0.28,-2.1,32,6,7,6,5.62,3,4,36,0.219,0.286,0.438,0.723,145,91,0.28,1.06,0.81,,2.1,27,6,9.0,2,50,11,30,23,6,4,0,55,0,0,0.221,2.3
TEX/TEX201405200,"Tuesday, May 20, 2014",7:07 p.m. Local,Globe Life Park in Arlington,43706,2:54,Night,Away,Seattle Mariners,SEA,Texas Rangers,TEX,36,6,12,6,6.0,3,9,42,0.333,0.405,0.389,0.794,112,102,0.312,0.77,0.745,,1.7,27,12,9.0,1,57,15,30,10,18,8,0,64,0,0,0.188,2.4,31,2,6,2,2.0,1,3,32,0.194,0.219,0.29,0.509,161,74,-0.188,0.76,0.327,,-2.3,27,8,9.0,0,46,4,24,14,14,8,0,37,0,0,-0.313,-1.7
TEX/TEX201405210,"Wednesday, May 21, 2014",1:06 p.m. Local,Globe Life Park in Arlington,43654,2:47,Day,Home,Texas Rangers,TEX,Seattle Mariners,SEA,30,3,5,3,3.0,3,7,34,0.167,0.242,0.367,0.609,128,86,-0.383,0.76,0.664,,-1.3,24,7,8.0,2,50,6,30,15,9,6,0,41,0,0,-0.116,-0.1,31,4,8,4,4.5,3,2,35,0.258,0.343,0.452,0.794,138,75,0.117,1.51,0.561,,0.1,27,16,9.0,1,45,6,25,10,19,6,0,53,2,0,0.383,1.3
DET/DET201405220,"Thursday, May 22, 2014",1:08 p.m. Local,Comerica Park,40768,3:30,Day,Away,Texas Rangers,TEX,Detroit Tigers,DET,39,9,14,8,9.0,7,6,46,0.359,0.457,0.513,0.969,126,111,0.362,0.5,0.617,,4.8,27,7,9.0,0,63,14,34,14,19,10,0,60,0,0,0.138,2.2,32,2,7,2,2.0,3,8,35,0.219,0.286,0.344,0.629,192,79,-0.137,0.4,0.215,,-2.2,27,13,9.0,1,49,9,21,8,16,6,0,11,3,0,-0.362,-4.8
DET/DET201405230,"Friday, May 23, 2014",7:08 p.m. Local,Comerica Park,39835,2:30,Night,Home,Detroit Tigers,DET,Texas Rangers,TEX,31,2,7,2,2.0,1,8,32,0.226,0.25,0.29,0.54,123,89,-0.144,0.69,0.339,,-2.2,24,9,8.0,2,48,11,30,16,7,6,0,31,0,0,-0.358,-3.3,33,7,10,7,7.88,3,2,36,0.303,0.361,0.606,0.967,131,78,0.359,0.71,0.718,,3.3,27,17,9.0,0,49,10,19,14,17,7,0,64,0,0,0.143,2.2
DET/DET201405240,"Saturday, May 24, 2014",4:09 p.m. Local,Comerica Park,43447,3:43,Day,Away,Texas Rangers,TEX,Detroit Tigers,DET,43,12,18,11,11.0,5,8,48,0.419,0.479,0.721,1.2,158,109,0.387,0.44,0.786,,7.8,27,14,9.0,0,63,12,34,20,15,7,0,53,0,0,0.113,2.2,38,2,13,2,2.0,2,5,40,0.342,0.375,0.447,0.822,178,100,-0.113,0.52,0.253,,-2.2,27,13,9.0,2,59,14,27,17,16,7,0,17,2,1,-0.386,-7.8
DET/DET201405250,"Sunday, May 25, 2014",1:08 p.m. Local,Comerica Park,42583,3:43,Day,Away,Texas Rangers,TEX,Detroit Tigers,DET,44,12,17,11,9.0,5,5,50,0.386,0.449,0.591,1.04,154,101,0.467,0.76,0.788,,7.8,27,11,9.0,0,58,18,25,18,22,8,0,48,2,0,0.032,0.2,36,4,11,4,4.0,6,3,42,0.306,0.405,0.333,0.738,179,101,-0.032,0.52,0.509,,-0.2,27,6,9.0,1,63,16,22,13,20,10,0,14,6,1,-0.467,-7.8
MIN/MIN201405260,"Monday, May 26, 2014",1:10 p.m. Local,Target Field,30571,2:52,Day,Away,Texas Rangers,TEX,Minnesota Twins,MIN,38,7,11,6,7.0,1,5,39,0.289,0.308,0.395,0.702,135,70,0.281,0.89,0.744,,2.7,27,9,9.0,1,46,6,18,13,20,10,0,56,2,0,0.217,2.3,34,2,9,2,2.0,0,6,35,0.265,0.286,0.412,0.697,116,92,-0.218,0.73,0.471,,-2.3,27,7,9.0,0,59,12,21,8,20,5,0,52,0,0,-0.282,-2.7
MIN/MIN201405270,"Tuesday, May 27, 2014",7:11 p.m. Local,Target Field,22702,2:43,Night,Home,Minnesota Twins,MIN,Texas Rangers,TEX,33,3,9,3,3.0,0,3,35,0.273,0.265,0.394,0.659,140,79,-0.064,2.13,0.662,,-1.3,26,6,8.2,1,55,8,16,11,21,8,0,62,0,0,-0.436,-0.5,33,4,6,3,3.12,2,8,36,0.182,0.229,0.364,0.592,121,92,0.436,1.11,1.434,,0.5,27,11,9.0,0,50,14,28,9,17,7,0,52,0,0,0.064,1.3
MIN/MIN201405280,"Wednesday, May 28, 2014",7:11 p.m. Local,Target Field,26472,3:12,Night,Away,Texas Rangers,TEX,Minnesota Twins,MIN,34,1,8,1,1.0,0,6,34,0.235,0.235,0.265,0.5,151,88,-0.281,1.59,0.439,,-3.3,27,12,9.0,0,46,16,27,16,12,9,0,61,1,0,0.781,4.3,31,0,6,0,0.0,4,9,36,0.194,0.286,0.258,0.544,143,93,-0.781,1.05,0.424,,-4.3,27,11,9.0,0,57,14,24,12,11,5,0,64,1,0,0.28,3.3
MIN/MIN201405290,"Thursday, May 29, 2014",12:11 p.m. Local,Target Field,28170,3:34,Day,Away,Texas Rangers,TEX,Minnesota Twins,MIN,37,5,12,5,5.0,1,6,41,0.324,0.35,0.405,0.755,168,106,0.271,1.69,1.028,,0.7,27,5,9.0,1,69,12,25,19,14,6,0,35,1,0,0.229,0.3,37,4,11,4,4.0,4,7,41,0.297,0.366,0.432,0.798,159,105,-0.228,1.28,1.076,,-0.3,27,14,9.0,0,67,13,25,7,23,7,0,35,1,0,-0.27,-0.7
WAS/WAS201405300,"Friday, May 30, 2014",7:07 p.m. Local,Nationals Park,31659,2:45,Night,Home,Washington Nationals,WSN,Texas Rangers,TEX,35,2,8,2,0.0,1,10,36,0.229,0.25,0.286,0.536,131,83,-0.102,0.69,0.489,,-2.1,24,8,8.0,1,44,13,26,13,12,4,0,32,1,0,-0.397,-5.3,38,9,15,7,7.88,2,5,40,0.395,0.425,0.5,0.925,119,88,0.398,0.92,0.833,,5.3,27,9,9.0,0,57,6,25,14,19,5,0,64,0,0,0.103,2.1
WAS/WAS201405310,"Saturday, May 31, 2014",12:05 p.m. Local,Nationals Park,35164,2:47,Day,Home,Washington Nationals,WSN,Texas Rangers,TEX,31,2,5,2,2.0,1,10,32,0.161,0.188,0.29,0.478,155,100,-0.148,0.28,0.048,,-2.1,24,8,8.0,4,50,14,36,13,8,3,0,23,0,0,-0.354,-6.3,35,10,12,9,10.12,3,9,38,0.343,0.395,0.743,1.138,146,102,0.356,0.26,0.506,,6.3,27,12,9.0,0,66,17,19,8,18,12,0,61,0,0,0.146,2.1
WAS/WAS201406010,"Sunday, June 1, 2014",1:35 p.m. Local,Nationals Park,32813,3:06,Day,Away,Texas Rangers,TEX,Washington Nationals,WSN,33,2,10,2,2.0,4,6,38,0.303,0.378,0.424,0.803,112,97,-0.112,1.24,0.687,,-2.1,27,2,9.0,0,60,9,30,16,13,8,0,82,0,0,0.611,4.1,32,0,5,0,0.0,2,14,34,0.156,0.206,0.188,0.393,155,77,-0.611,1.05,0.309,,-4.1,27,14,9.0,1,36,18,23,4,14,5,0,61,2,0,0.112,2.1
TEX/TEX201406030,"Tuesday, June 3, 2014",7:08 p.m. Local,Globe Life Park in Arlington,31542,3:15,Night,Away,Baltimore Orioles,BAL,Texas Rangers,TEX,42,8,17,8,8.0,2,4,46,0.405,0.457,0.595,1.052,151,94,0.41,1.04,1.14,,3.7,27,10,9.0,2,63,8,23,16,22,12,0,58,2,0,0.088,1.3,31,3,7,3,3.0,5,7,38,0.226,0.324,0.516,0.84,164,98,-0.089,1.18,0.68,,-1.3,27,9,9.0,2,55,12,31,11,15,8,0,45,6,4,-0.412,-3.7
TEX/TEX201406040,"Wednesday, June 4, 2014",7:10 p.m. Local,Globe Life Park in Arlington,27934,3:33,Night,Away,Baltimore Orioles,BAL,Texas Rangers,TEX,37,6,13,6,4.0,7,4,45,0.351,0.444,0.541,0.985,144,91,0.302,1.64,1.083,,1.7,27,10,9.0,2,57,12,22,15,19,6,0,38,1,0,0.199,-0.7,36,5,11,5,5.0,2,9,39,0.306,0.359,0.5,0.859,166,100,-0.198,1.1,1.17,,0.7,27,13,9.0,2,57,19,24,12,15,5,0,28,5,1,-0.302,-1.7
TEX/TEX201406050,"Thursday, June 5, 2014",7:07 p.m. Local,Globe Life Park in Arlington,34254,3:11,Night,Home,Texas Rangers,TEX,Baltimore Orioles,BAL,34,6,8,6,6.0,3,7,37,0.235,0.297,0.5,0.797,155,96,-0.032,0.92,0.704,,1.7,24,17,8.0,1,58,12,26,10,17,7,0,19,4,1,-0.466,-4.1,34,8,13,7,5.62,5,4,39,0.382,0.462,0.529,0.991,147,96,0.466,1.03,0.999,,4.1,27,10,9.0,2,65,11,21,22,8,7,0,35,0,0,0.034,-1.7
TEX/TEX201406060,"Friday, June 6, 2014",7:07 p.m. Local,Globe Life Park in Arlington,38348,3:01,Night,Home,Texas Rangers,TEX,Cleveland Indians,CLE,36,4,10,4,4.0,4,11,40,0.278,0.35,0.472,0.822,122,88,-0.248,0.91,0.766,,-0.4,24,6,8.0,2,45,15,28,13,12,5,0,51,3,1,-0.253,-2.1,27,6,7,6,6.75,3,9,32,0.259,0.313,0.519,0.831,145,71,0.251,1.28,0.76,,2.1,27,7,9.0,2,37,13,21,7,13,7,0,48,0,0,0.248,0.3
TEX/TEX201406070,"Saturday, June 7, 2014",3:08 p.m. Local,Globe Life Park in Arlington,34633,2:53,Day,Away,Cleveland Indians,CLE,Texas Rangers,TEX,37,8,12,8,8.0,4,2,42,0.324,0.381,0.541,0.921,111,86,0.46,0.88,1.141,,3.7,27,9,9.0,0,62,2,22,14,22,8,0,61,1,0,0.039,1.3,33,3,8,2,3.0,0,5,34,0.242,0.235,0.273,0.508,139,76,-0.039,1.16,0.481,,-1.3,27,11,9.0,2,43,9,24,12,17,9,0,33,2,2,-0.462,-3.7
TEX/TEX201406080,"Sunday, June 8, 2014",2:08 p.m. Local,Globe Life Park in Arlington,34613,3:09,Day,Away,Cleveland Indians,CLE,Texas Rangers,TEX,34,3,10,3,2.0,5,6,40,0.294,0.375,0.324,0.699,148,89,-0.02,1.63,0.817,,-1.4,27,11,9.0,0,53,8,28,13,16,10,0,55,1,0,0.519,2.3,31,2,6,1,2.0,3,9,35,0.194,0.286,0.29,0.576,145,92,-0.52,1.32,0.69,,-2.3,27,12,9.0,0,43,20,31,13,9,4,0,40,3,2,0.019,1.3
TEX/TEX201406090,"Monday, June 9, 2014",7:08 p.m. Local,Globe Life Park in Arlington,29362,3:20,Night,Away,Cleveland Indians,CLE,Texas Rangers,TEX,43,17,18,17,17.0,3,11,47,0.419,0.447,0.837,1.284,159,118,0.557,0.4,0.623,,12.7,27,12,9.0,2,68,19,31,10,23,12,0,25,1,0,-0.056,-2.7,38,7,11,6,6.0,2,7,40,0.289,0.325,0.553,0.878,180,98,0.058,0.31,0.28,,2.7,27,6,9.0,5,56,14,28,22,9,5,0,10,0,0,-0.557,-12.7
TEX/TEX201406100,"Tuesday, June 10, 2014",7:07 p.m. Local,Globe Life Park in Arlington,28845,3:39,Night,Away,Miami Marlins,MIA,Texas Rangers,TEX,43,8,14,7,5.0,5,8,48,0.326,0.396,0.419,0.814,145,119,0.695,1.32,1.402,,3.7,27,6,9.0,0,71,16,32,13,22,12,0,42,3,2,-0.194,-0.7,32,5,7,4,5.0,4,13,39,0.219,0.308,0.219,0.526,200,84,0.193,1.17,0.938,,0.7,27,5,9.0,0,37,19,28,9,12,5,0,40,2,2,-0.695,-3.7
TEX/TEX201406110,"Wednesday, June 11, 2014",7:07 p.m. Local,Globe Life Park in Arlington,31512,2:37,Night,Home,Texas Rangers,TEX,Miami Marlins,MIA,29,0,6,0,0.0,3,10,32,0.207,0.281,0.207,0.488,142,76,-0.235,0.54,0.152,,-4.3,24,8,8.0,0,37,16,23,8,11,5,0,33,0,0,-0.265,-2.1,35,6,11,5,6.75,1,7,36,0.314,0.333,0.371,0.705,117,95,0.264,0.55,0.565,,2.1,27,12,9.0,0,58,8,29,15,13,7,0,82,,,0.235,4.3
SEA/SEA201406130,"Friday, June 13, 2014",7:10 p.m. Local,Safeco Field,22039,2:30,Night,Away,Texas Rangers,TEX,Seattle Mariners,SEA,29,1,4,1,1.0,2,6,32,0.138,0.194,0.138,0.331,104,83,-0.199,1.48,0.608,,-3.0,27,8,9.0,0,40,14,29,16,8,7,0,72,2,0,0.699,4.0,28,0,2,0,0.0,2,9,30,0.071,0.133,0.107,0.24,121,62,-0.699,1.57,0.275,,-4.0,27,15,9.0,0,32,12,18,8,11,5,0,75,2,1,0.199,3.0
SEA/SEA201406140,"Saturday, June 14, 2014",7:10 p.m. Local,Safeco Field,27700,3:34,Night,Away,Texas Rangers,TEX,Seattle Mariners,SEA,34,4,9,4,4.0,4,9,38,0.265,0.342,0.412,0.754,148,106,0.351,1.88,1.159,,0.0,27,13,9.0,0,59,18,29,14,11,4,0,51,3,1,0.148,1.0,37,3,11,3,3.0,0,9,38,0.297,0.289,0.297,0.587,165,97,-0.149,1.24,1.047,,-1.0,27,11,9.0,1,56,13,28,17,12,8,0,61,0,0,-0.351,-0.0
SEA/SEA201406150,"Sunday, June 15, 2014",1:10 p.m. Local,Safeco Field,39196,2:46,Day,Home,Seattle Mariners,SEA,Texas Rangers,TEX,32,1,6,1,1.0,0,7,32,0.188,0.188,0.281,0.469,125,77,-0.405,1.16,0.316,,-3.0,24,10,8.0,0,39,12,26,14,11,8,0,48,2,1,-0.096,-1.5,33,5,13,5,5.62,2,3,37,0.394,0.417,0.515,0.932,119,83,0.095,1.04,0.816,,1.5,27,14,9.0,1,54,5,24,13,19,10,0,72,0,0,0.405,3.0
OAK/OAK201406160,"Monday, June 16, 2014",7:08 p.m. Local,O.co Coliseum,12412,3:41,Night,Away,Texas Rangers,TEX,Oakland Athletics,OAK,42,14,16,14,13.0,2,5,47,0.381,0.4,0.738,1.138,182,113,0.565,0.69,0.817,,9.9,27,6,9.0,2,74,8,31,16,24,12,0,27,4,1,-0.066,-3.9,40,8,15,8,8.0,6,6,47,0.375,0.447,0.625,1.072,161,106,0.065,0.54,0.533,,3.9,27,12,9.0,4,59,8,39,13,22,7,0,17,3,3,-0.566,-9.9
OAK/OAK201406170,"Tuesday, June 17, 2014",7:08 p.m. Local,O.co Coliseum,21288,3:28,Night,Home,Oakland Athletics,OAK,Texas Rangers,TEX,35,6,8,6,5.0,1,7,37,0.229,0.243,0.4,0.643,158,86,-0.043,0.74,0.525,,1.9,24,8,8.0,1,48,9,29,15,14,4,0,32,5,2,-0.458,-6.4,34,10,13,9,6.75,6,11,41,0.382,0.463,0.529,0.993,132,93,0.456,0.89,0.844,,6.4,27,8,9.0,1,48,15,30,10,14,9,0,49,3,0,0.043,-1.9
OAK/OAK201406180,"Wednesday, June 18, 2014",12:37 p.m. Local,O.co Coliseum,23175,2:50,Day,Home,Oakland Athletics,OAK,Texas Rangers,TEX,33,2,6,2,2.0,2,9,35,0.182,0.229,0.212,0.441,141,80,-0.259,0.81,0.428,,-2.1,24,7,8.0,0,47,11,22,12,12,6,0,32,0,0,-0.241,-0.4,32,4,11,4,4.5,3,2,36,0.344,0.389,0.438,0.826,118,85,0.242,1.09,0.656,,0.4,27,9,9.0,0,62,4,19,11,20,11,0,62,0,0,0.259,2.1
ANA/ANA201406200,"Friday, June 20, 2014",7:08 p.m. Local,Angel Stadium of Anaheim,41637,3:23,Night,Home,Los Angeles Angels of Anaheim,LAA,Texas Rangers,TEX,34,3,8,3,3.0,5,11,39,0.235,0.333,0.353,0.686,143,116,-0.139,0.56,0.372,,-1.0,24,12,8.0,1,63,18,35,14,9,4,0,22,2,0,-0.361,-3.5,34,7,11,5,4.5,3,6,37,0.324,0.378,0.471,0.849,182,89,0.361,0.72,0.703,,3.5,27,12,9.0,1,57,6,26,15,13,8,0,64,2,1,0.139,1.0
ANA/ANA201406210,"Saturday, June 21, 2014",7:09 p.m. Local,Angel Stadium of Anaheim,37026,3:00,Night,Home,Los Angeles Angels of Anaheim,LAA,Texas Rangers,TEX,34,2,5,2,1.8,2,10,37,0.147,0.216,0.294,0.51,128,90,-0.245,1.18,0.652,,-2.4,27,8,9.0,1,44,17,29,10,14,4,0,65,2,1,-0.255,0.4,31,3,5,3,3.0,1,4,32,0.161,0.188,0.323,0.51,140,76,0.254,1.26,0.855,,-0.4,30,11,10.0,1,48,13,17,8,19,10,0,73,0,0,0.245,2.4
ANA/ANA201406220,"Sunday, June 22, 2014",5:08 p.m. Local,Angel Stadium of Anaheim,37191,2:54,Night,Home,Los Angeles Angels of Anaheim,LAA,Texas Rangers,TEX,32,2,9,1,2.0,2,8,34,0.281,0.324,0.469,0.792,136,87,-0.28,0.55,0.201,,-2.0,24,4,8.0,2,43,17,27,14,10,2,0,49,0,0,-0.221,-1.5,31,5,7,4,4.5,4,11,35,0.226,0.314,0.452,0.766,132,86,0.219,0.65,0.533,,1.5,27,9,9.0,1,41,14,31,5,15,5,0,63,2,0,0.28,2.0
TEX/TEX201406240,"Tuesday, June 24, 2014",7:07 p.m. Local,Globe Life Park in Arlington,35526,3:32,Night,Away,Detroit Tigers,DET,Texas Rangers,TEX,40,8,16,8,8.0,2,12,42,0.4,0.429,0.675,1.104,162,106,0.244,0.9,0.791,,3.7,27,12,9.0,0,65,11,30,5,23,15,0,64,0,0,0.255,2.3,36,2,9,2,1.0,1,10,38,0.25,0.289,0.278,0.567,165,106,-0.255,0.66,0.4,,-2.4,27,5,9.0,2,52,15,40,14,12,5,0,45,4,2,-0.245,-3.7
TEX/TEX201406250,"Wednesday, June 25, 2014",7:10 p.m. Local,Globe Life Park in Arlington,34254,3:38,Night,Away,Detroit Tigers,DET,Texas Rangers,TEX,34,8,11,8,8.0,6,6,41,0.324,0.415,0.706,1.121,172,85,0.435,1.1,0.697,,3.7,27,10,9.0,1,56,12,17,9,20,8,0,44,3,1,0.065,-1.7,37,6,9,6,6.0,2,10,42,0.243,0.31,0.405,0.715,150,110,-0.065,0.5,0.698,,1.6,27,9,9.0,2,61,22,27,15,13,9,0,21,0,0,-0.434,-3.7
TEX/TEX201406260,"Thursday, June 26, 2014",7:07 p.m. Local,Globe Life Park in Arlington,34989,2:58,Night,Away,Detroit Tigers,DET,Texas Rangers,TEX,37,6,12,6,6.0,6,3,44,0.324,0.409,0.378,0.787,115,89,0.258,0.58,0.623,,1.7,27,14,9.0,0,60,8,21,10,25,10,0,84,,,0.242,4.3,27,0,3,0,0.0,3,6,30,0.111,0.2,0.111,0.311,153,72,-0.242,0.69,0.155,,-4.3,27,8,9.0,0,38,6,28,14,7,4,0,24,3,1,-0.259,-1.7
TEX/TEX201406270,"Friday, June 27, 2014",7:08 p.m. Local,Globe Life Park in Arlington,38111,2:59,Night,Home,Texas Rangers,TEX,Minnesota Twins,MIN,34,4,6,4,3.0,3,7,38,0.176,0.263,0.265,0.528,134,94,-0.346,0.42,0.553,,-0.4,24,11,8.0,1,50,11,33,16,11,8,0,45,0,0,-0.154,-1.1,30,5,8,5,5.62,2,5,33,0.267,0.303,0.433,0.736,148,82,0.154,1.15,0.385,,1.1,27,11,9.0,0,54,8,20,11,15,8,0,75,2,0,0.346,0.3
TEX/TEX201406280,"Saturday, June 28, 2014",3:07 p.m. Local,Globe Life Park in Arlington,30620,2:27,Day,Home,Texas Rangers,TEX,Minnesota Twins,MIN,31,0,4,0,0.0,1,11,32,0.129,0.156,0.129,0.285,102,84,-0.479,0.64,0.14,,-4.3,24,12,8.0,0,39,20,25,8,12,3,0,42,1,0,-0.022,-1.1,32,5,11,5,5.62,1,7,34,0.344,0.364,0.406,0.77,122,72,0.022,0.9,0.377,,1.1,27,5,9.0,0,39,20,13,13,13,9,0,83,0,0,0.478,4.3
TEX/TEX201406290,"Sunday, June 29, 2014",2:08 p.m. Local,Globe Life Park in Arlington,36779,2:39,Day,Away,Minnesota Twins,MIN,Texas Rangers,TEX,33,3,7,3,3.0,1,13,34,0.212,0.235,0.333,0.569,105,91,0.028,1.4,0.86,,-1.3,27,10,9.0,1,46,15,30,9,11,5,0,61,0,0,0.472,2.3,32,2,8,2,2.0,0,6,32,0.25,0.25,0.344,0.594,135,78,-0.473,1.24,0.633,,-2.4,27,5,9.0,0,46,10,22,13,13,4,0,62,2,0,-0.027,1.3
BAL/BAL201406300,"Monday, June 30, 2014",7:08 p.m. Local,Oriole Park at Camden Yards,15252,2:53,Night,Home,Baltimore Orioles,BAL,Texas Rangers,TEX,31,1,4,0,0.0,2,9,33,0.129,0.182,0.194,0.375,164,79,-0.181,0.27,0.11,,-3.3,24,8,8.0,4,39,10,30,12,10,3,0,21,0,0,-0.319,-3.2,34,7,10,7,7.88,4,4,39,0.294,0.359,0.676,1.035,131,97,0.319,0.39,0.46,,3.2,27,10,9.0,0,63,12,22,12,19,5,0,78,0,0,0.18,3.3
BAL/BAL201407010,"Tuesday, July 1, 2014",7:08 p.m. Local,Oriole Park at Camden Yards,19150,2:58,Night,Home,Baltimore Orioles,BAL,Texas Rangers,TEX,34,3,10,3,3.0,0,6,35,0.294,0.314,0.353,0.667,150,88,-0.042,0.4,0.422,,-1.3,24,8,8.0,3,55,11,22,21,7,3,0,25,0,0,-0.458,-4.2,33,8,8,8,6.75,2,4,37,0.242,0.297,0.576,0.873,125,93,0.457,0.71,0.627,,4.2,27,17,9.0,0,54,11,28,11,19,7,0,47,0,0,0.043,1.3
BAL/BAL201407020,"Wednesday, July 2, 2014",7:07 p.m. Local,Oriole Park at Camden Yards,13478,3:14,Night,Home,Baltimore Orioles,BAL,Texas Rangers,TEX,33,4,8,4,3.0,4,7,39,0.242,0.324,0.303,0.627,139,86,-0.05,0.94,0.539,,-0.3,24,8,8.0,2,55,14,16,16,11,6,0,52,2,2,-0.451,-2.2,30,6,8,6,6.75,5,5,36,0.267,0.361,0.467,0.828,144,82,0.451,0.86,0.929,,2.2,27,9,9.0,0,46,9,27,8,18,7,0,39,3,0,0.05,0.3
BAL/BAL201407030,"Thursday, July 3, 2014",8:01 p.m. Local,Oriole Park at Camden Yards,24535,3:12,Night,Home,Baltimore Orioles,BAL,Texas Rangers,TEX,34,2,7,2,2.0,2,7,36,0.206,0.25,0.382,0.632,144,89,-0.232,0.98,0.521,,-2.3,24,7,8.0,0,56,7,26,16,11,5,0,39,4,1,-0.269,-1.2,34,5,12,5,5.62,2,8,38,0.353,0.395,0.529,0.924,130,92,0.27,1.1,0.796,,1.2,27,14,9.0,1,55,15,22,6,21,16,0,54,1,0,0.23,2.3
NYN/NYN201407040,"Friday, July 4, 2014",7:11 p.m. Local,Citi Field,30377,4:08,Night,Home,New York Mets,NYM,Texas Rangers,TEX,39,5,12,5,3.0,5,6,44,0.308,0.386,0.487,0.874,164,105,-0.008,1.03,1.078,,1.3,24,7,8.0,1,61,13,31,15,18,8,0,45,1,1,-0.491,-2.7,30,6,7,6,6.75,6,10,37,0.233,0.361,0.433,0.794,177,98,0.491,1.64,1.028,,2.7,27,16,9.0,2,50,22,26,9,12,5,0,43,3,0,0.009,-1.3
NYN/NYN201407050,"Saturday, July 5, 2014",7:15 p.m. Local,Citi Field,24418,3:10,Night,Away,Texas Rangers,TEX,New York Mets,NYM,36,5,11,5,5.0,2,5,38,0.306,0.342,0.556,0.898,151,96,0.212,1.42,0.536,,1.3,27,10,9.0,1,60,9,27,13,18,10,0,53,1,0,0.289,0.7,36,3,9,3,2.0,2,10,38,0.25,0.289,0.417,0.706,135,110,-0.288,0.54,0.786,,-0.7,27,11,9.0,2,61,15,34,11,15,7,0,42,0,0,-0.212,-1.3
NYN/NYN201407060,"Sunday, July 6, 2014",1:11 p.m. Local,Citi Field,25213,3:21,Day,Home,New York Mets,NYM,Texas Rangers,TEX,37,4,10,4,4.0,2,8,39,0.27,0.308,0.595,0.902,134,96,-0.134,0.35,0.256,,0.3,24,7,8.0,2,60,13,23,12,17,9,0,38,1,1,-0.366,-4.7,29,8,7,8,9.0,6,4,36,0.241,0.371,0.552,0.923,159,78,0.365,0.51,0.498,,4.7,27,10,9.0,3,46,12,20,6,20,8,0,59,4,0,0.134,-0.3
TEX/TEX201407070,"Monday, July 7, 2014",7:08 p.m. Local,Globe Life Park in Arlington,31010,3:48,Night,Away,Houston Astros,HOU,Texas Rangers,TEX,42,12,17,12,12.0,2,7,45,0.405,0.422,0.643,1.065,163,117,0.482,0.48,0.667,,7.7,27,10,9.0,1,70,17,30,12,24,12,0,27,1,0,0.018,-2.7,38,7,11,6,6.0,3,10,41,0.289,0.341,0.447,0.789,173,106,-0.019,0.46,0.364,,2.7,27,7,9.0,2,53,16,37,15,13,5,0,5,0,0,-0.482,-7.7
TEX/TEX201407080,"Tuesday, July 8, 2014",7:08 p.m. Local,Globe Life Park in Arlington,32608,3:33,Night,Away,Houston Astros,HOU,Texas Rangers,TEX,37,8,12,8,8.0,4,5,43,0.324,0.395,0.622,1.017,169,92,0.35,1.02,0.882,,3.7,27,10,9.0,1,54,11,27,13,20,9,0,54,5,1,0.153,1.3,34,3,9,3,3.0,2,9,38,0.265,0.316,0.5,0.816,147,100,-0.151,0.75,0.564,,-1.3,27,10,9.0,3,49,19,32,14,12,2,0,38,3,1,-0.348,-3.7
TEX/TEX201407090,"Wednesday, July 9, 2014",7:07 p.m. Local,Globe Life Park in Arlington,31161,3:05,Night,Away,Houston Astros,HOU,Texas Rangers,TEX,38,8,13,7,8.0,1,11,39,0.342,0.359,0.658,1.017,141,102,0.543,1.0,1.158,,3.7,27,14,9.0,0,56,18,28,12,15,9,0,44,1,0,-0.041,0.3,36,4,11,4,4.0,1,5,39,0.306,0.316,0.361,0.677,152,96,0.039,0.88,0.666,,-0.3,27,12,9.0,2,51,9,35,20,12,8,0,36,0,0,-0.541,-3.7
TEX/TEX201407100,"Thursday, July 10, 2014",7:07 p.m. Local,Globe Life Park in Arlington,30686,3:10,Night,Away,Los Angeles Angels of Anaheim,LAA,Texas Rangers,TEX,42,15,17,13,13.0,1,7,45,0.405,0.4,0.619,1.019,138,109,0.592,0.18,0.606,,10.7,27,3,9.0,1,73,13,23,19,18,11,0,55,0,0,-0.093,-1.7,35,6,9,6,5.0,1,10,38,0.257,0.289,0.4,0.689,167,90,0.091,0.27,0.196,,1.6,27,10,9.0,1,47,15,28,9,17,6,0,-16,0,0,-0.593,-10.7
TEX/TEX201407110,"Friday, July 11, 2014",7:07 p.m. Local,Globe Life Park in Arlington,38402,2:41,Night,Away,Los Angeles Angels of Anaheim,LAA,Texas Rangers,TEX,32,3,8,3,3.0,0,3,32,0.25,0.25,0.344,0.594,132,75,-0.017,1.11,0.451,,-1.4,27,13,9.0,0,45,7,25,10,19,11,0,73,0,0,0.517,4.3,32,0,6,0,0.0,2,9,35,0.188,0.257,0.188,0.445,119,87,-0.518,0.74,0.326,,-4.3,27,10,9.0,1,35,21,31,15,8,5,0,50,2,1,0.016,1.3
TEX/TEX201407120,"Saturday, July 12, 2014",6:17 p.m. Local,Globe Life Park in Arlington,37253,3:17,Night,Away,Los Angeles Angels of Anaheim,LAA,Texas Rangers,TEX,35,5,11,5,4.0,4,5,41,0.314,0.39,0.371,0.762,128,97,0.294,1.03,0.88,,0.6,27,4,9.0,0,61,10,26,16,15,10,0,61,0,0,0.207,2.3,31,2,4,2,2.0,3,5,36,0.129,0.229,0.226,0.454,148,83,-0.207,1.12,0.484,,-2.3,27,13,9.0,0,42,9,32,7,20,6,0,35,1,0,-0.294,-0.7
TEX/TEX201407130,"Sunday, July 13, 2014",2:08 p.m. Local,Globe Life Park in Arlington,34750,3:38,Day,Away,Los Angeles Angels of Anaheim,LAA,Texas Rangers,TEX,39,10,15,10,10.0,5,5,46,0.385,0.435,0.538,0.973,149,105,0.667,1.19,1.232,,5.7,27,9,9.0,0,65,13,27,8,28,13,0,31,2,2,-0.168,-2.7,34,7,10,6,7.0,1,7,36,0.294,0.306,0.382,0.688,161,103,0.17,0.91,0.827,,2.6,27,5,9.0,0,63,8,34,11,17,7,0,26,0,0,-0.668,-5.7
TOR/TOR201407180,"Friday, July 18, 2014",7:08 p.m. Local,Rogers Centre,38012,2:56,Night,Away,Texas Rangers,TEX,Toronto Blue Jays,TOR,34,5,8,5,5.0,1,9,36,0.235,0.278,0.529,0.807,159,97,0.118,1.07,0.489,,0.8,27,2,9.0,1,49,19,29,8,17,8,0,69,2,0,0.383,3.2,34,1,7,1,1.0,3,17,37,0.206,0.27,0.324,0.594,142,96,-0.383,0.55,0.418,,-3.2,27,5,9.0,2,45,21,30,3,14,6,0,52,2,0,-0.117,-0.8
TOR/TOR201407190,"Saturday, July 19, 2014",1:08 p.m. Local,Rogers Centre,45802,3:02,Day,Home,Toronto Blue Jays,TOR,Texas Rangers,TEX,33,1,6,1,1.0,2,9,35,0.182,0.229,0.182,0.41,153,92,-0.429,0.78,0.337,,-3.2,24,7,8.0,0,52,13,27,13,11,2,0,45,1,0,-0.071,-0.3,34,4,12,4,4.5,3,7,38,0.353,0.395,0.441,0.836,148,97,0.071,1.1,0.584,,0.3,27,8,9.0,0,62,10,25,14,14,5,0,74,2,1,0.43,3.2
TOR/TOR201407200,"Sunday, July 20, 2014",1:07 p.m. Local,Rogers Centre,36011,3:07,Day,Home,Toronto Blue Jays,TOR,Texas Rangers,TEX,37,6,12,5,6.0,4,6,42,0.324,0.39,0.378,0.769,164,97,0.017,0.87,1.042,,1.8,24,6,8.0,2,54,11,33,13,19,11,0,23,3,1,-0.517,-5.3,37,9,15,9,10.12,2,4,41,0.405,0.439,0.649,1.088,154,112,0.517,1.43,0.989,,5.3,27,10,9.0,0,72,13,27,15,19,8,0,38,3,0,-0.018,-1.8
NYA/NYA201407210,"Monday, July 21, 2014",7:10 p.m. Local,Yankee Stadium III,45278,3:31,Night,Away,Texas Rangers,TEX,New York Yankees,NYY,40,4,10,4,4.0,2,10,43,0.25,0.302,0.275,0.577,130,120,0.203,1.17,0.906,,-0.2,27,10,9.0,1,68,21,31,20,10,6,0,63,0,0,0.298,2.2,30,2,5,2,2.0,3,4,35,0.167,0.257,0.267,0.524,176,83,-0.297,1.05,0.499,,-2.2,27,8,9.0,0,54,3,26,11,16,6,0,47,4,2,-0.203,0.2
NYA/NYA201407220,"Tuesday, July 22, 2014",7:09 p.m. Local,Yankee Stadium III,37669,4:51,Night,Home,New York Yankees,NYY,Texas Rangers,TEX,49,1,11,1,0.64,1,14,51,0.224,0.24,0.306,0.546,209,138,-0.869,2.17,0.841,,-5.5,40,22,13.1,0,78,27,33,21,16,3,0,64,6,0,0.37,3.6,47,2,12,2,1.35,5,7,54,0.255,0.327,0.319,0.646,202,121,-0.371,1.49,1.596,,-3.6,42,14,14.0,1,75,14,32,22,20,12,0,64,2,0,0.869,5.5
NYA/NYA201407230,"Wednesday, July 23, 2014",7:10 p.m. Local,Yankee Stadium III,37585,1:36,Night,Home,New York Yankees,NYY,Texas Rangers,TEX,18,1,5,0,1.8,0,3,18,0.278,0.278,0.389,0.667,67,42,-0.149,0.88,0.274,,-1.3,13,2,4.1,1,26,4,14,8,7,4,0,50,,,-0.086,-0.3,18,2,5,1,4.15,0,5,18,0.278,0.278,0.611,0.889,72,46,0.084,1.01,0.363,,0.3,15,7,5.0,0,27,4,15,5,8,2,0,56,,,0.15,1.3
NYA/NYA201407240,"Thursday, July 24, 2014",1:08 p.m. Local,Yankee Stadium III,45105,2:47,Day,Home,New York Yankees,NYY,Texas Rangers,TEX,31,2,5,2,2.0,3,8,34,0.161,0.235,0.29,0.526,111,100,-0.349,0.84,0.421,,-2.2,24,9,8.0,0,66,16,18,8,15,5,0,52,1,0,-0.151,-0.3,28,4,6,4,4.5,3,4,34,0.214,0.303,0.321,0.624,149,68,0.15,1.12,0.586,,0.3,27,8,9.0,1,38,5,25,12,14,4,0,63,0,0,0.348,2.2
TEX/TEX201407250,"Friday, July 25, 2014",7:07 p.m. Local,Globe Life Park in Arlington,35582,2:52,Night,Home,Texas Rangers,TEX,Oakland Athletics,OAK,33,1,7,1,1.0,1,4,34,0.212,0.235,0.273,0.508,124,88,-0.343,0.62,0.326,,-3.3,24,8,8.0,0,52,12,24,7,22,10,0,42,1,0,-0.158,-0.1,30,4,9,4,3.38,2,5,33,0.3,0.333,0.4,0.733,139,82,0.156,1.09,0.492,,0.1,27,6,9.0,0,53,7,22,9,17,9,0,62,1,0,0.343,3.3
TEX/TEX201407260,"Saturday, July 26, 2014",7:07 p.m. Local,Globe Life Park in Arlington,34651,2:47,Night,Away,Oakland Athletics,OAK,Texas Rangers,TEX,34,5,7,5,5.0,0,5,34,0.206,0.206,0.588,0.794,138,76,0.239,0.93,0.697,,0.7,27,13,9.0,0,46,6,24,7,22,7,0,57,2,0,0.26,3.3,31,1,7,1,1.0,5,6,36,0.226,0.333,0.226,0.559,117,85,-0.261,0.67,0.424,,-3.3,27,6,9.0,4,53,7,27,17,8,2,0,54,0,0,-0.24,-0.7
TEX/TEX201407270,"Sunday, July 27, 2014",6:08 p.m. Local,Globe Life Park in Arlington,38915,3:26,Night,Away,Oakland Athletics,OAK,Texas Rangers,TEX,40,9,11,8,8.0,5,2,45,0.275,0.356,0.375,0.731,159,99,0.402,0.54,0.668,,4.7,27,7,9.0,2,65,8,26,12,26,8,0,45,0,0,0.098,1.3,34,3,8,3,3.0,2,5,37,0.235,0.297,0.441,0.738,156,106,-0.099,0.53,0.284,,-1.4,27,6,9.0,0,66,11,29,10,19,9,0,17,2,2,-0.401,-4.7
TEX/TEX201407280,"Monday, July 28, 2014",7:08 p.m. Local,Globe Life Park in Arlington,44508,3:01,Night,Home,Texas Rangers,TEX,New York Yankees,NYY,37,2,11,2,2.0,1,8,38,0.297,0.316,0.486,0.802,124,100,-0.275,1.08,0.609,,-2.4,24,9,8.0,0,57,14,29,14,15,6,0,42,1,0,-0.227,-0.1,33,4,8,4,4.5,2,6,36,0.242,0.306,0.303,0.609,138,84,0.227,1.17,0.742,,0.1,27,7,9.0,2,45,12,27,14,13,8,0,58,0,0,0.274,2.3
TEX/TEX201407290,"Tuesday, July 29, 2014",7:07 p.m. Local,Globe Life Park in Arlington,41934,3:51,Night,Away,New York Yankees,NYY,Texas Rangers,TEX,38,12,12,11,11.0,6,5,45,0.316,0.4,0.553,0.953,204,96,0.752,1.35,1.258,,7.7,27,12,9.0,2,63,7,26,13,21,9,0,38,3,3,-0.252,-6.7,42,11,16,11,11.0,7,7,49,0.381,0.469,0.643,1.112,160,123,0.252,0.95,1.245,,6.7,27,9,9.0,2,74,15,34,17,18,9,0,32,2,2,-0.753,-7.7
TEX/TEX201407300,"Wednesday, July 30, 2014",7:07 p.m. Local,Globe Life Park in Arlington,46599,2:49,Night,Home,Texas Rangers,TEX,New York Yankees,NYY,31,2,4,2,2.0,2,6,33,0.129,0.182,0.323,0.504,137,84,-0.523,0.96,0.271,,-2.3,24,15,8.0,0,48,12,24,8,17,4,0,50,0,0,0.024,0.9,32,3,9,3,3.38,3,4,36,0.281,0.361,0.313,0.674,130,82,-0.021,1.1,0.55,,-0.9,27,7,9.0,2,52,13,17,20,8,5,0,63,0,0,0.523,2.3
CLE/CLE201408010,"Friday, August 1, 2014",7:10 p.m. Local,Progressive Field,27009,3:23,Night,Home,Cleveland Indians,CLE,Texas Rangers,TEX,35,2,9,2,1.0,3,6,39,0.257,0.333,0.286,0.619,151,106,-0.194,0.46,0.195,,-2.3,24,7,8.0,1,70,9,27,16,13,6,0,-5,2,2,-0.306,-8.2,38,12,16,10,13.5,4,7,43,0.421,0.488,0.579,1.067,159,90,0.305,0.49,0.555,,8.2,27,9,9.0,0,59,9,22,16,15,6,0,63,2,0,0.193,2.3
CLE/CLE201408020,"Saturday, August 2, 2014",7:05 p.m. Local,Progressive Field,28285,3:00,Night,Home,Cleveland Indians,CLE,Texas Rangers,TEX,33,0,5,0,0.0,3,11,36,0.152,0.222,0.152,0.374,115,107,-0.557,0.94,0.477,,-4.3,24,7,8.0,0,61,14,32,17,5,2,0,63,0,0,0.058,1.8,28,2,5,2,2.25,3,6,32,0.179,0.258,0.179,0.437,161,80,-0.059,1.43,0.433,,-1.8,27,14,9.0,0,47,12,21,9,14,9,0,66,3,0,0.558,4.3
CLE/CLE201408030,"Sunday, August 3, 2014",1:06 p.m. Local,Progressive Field,18422,3:58,Day,Home,Cleveland Indians,CLE,Texas Rangers,TEX,39,3,7,3,2.25,4,10,47,0.179,0.277,0.205,0.482,186,103,-0.412,1.73,0.462,,-2.7,33,8,11.0,2,55,17,31,13,18,4,0,71,0,0,-0.089,1.3,41,4,9,4,3.27,6,10,48,0.22,0.319,0.463,0.783,163,115,0.087,0.98,1.549,,-1.3,36,12,12.0,0,67,17,31,10,22,6,0,54,3,0,0.412,2.7
CHA/CHA201408040,"Monday, August 4, 2014",7:32 p.m. Local,U.S. Cellular Field,17040,2:28,Night,Home,Chicago White Sox,CHW,Texas Rangers,TEX,25,3,4,3,1.29,3,6,29,0.16,0.276,0.28,0.556,124,66,-0.036,1.47,0.456,,-0.1,18,4,6.0,1,40,7,20,8,11,2,0,32,2,2,-0.362,-2.3,26,5,10,5,7.5,3,6,29,0.385,0.448,0.615,1.064,104,74,0.361,0.94,1.092,,2.3,21,6,7.0,1,44,12,18,5,15,8,0,64,,,0.037,0.1
CHA/CHA201408050,"Tuesday, August 5, 2014",7:10 p.m. Local,U.S. Cellular Field,21827,2:56,Night,Away,Texas Rangers,TEX,Chicago White Sox,CHW,44,16,18,15,16.0,7,8,52,0.409,0.49,0.818,1.308,110,122,0.42,0.23,0.509,,12.0,27,8,9.0,0,69,16,37,14,23,9,0,81,,,0.081,4.0,32,0,6,0,0.0,1,7,33,0.188,0.212,0.219,0.431,197,81,-0.08,0.22,0.081,,-4.0,27,11,9.0,5,49,11,21,10,15,4,0,12,0,0,-0.419,-12.0
CHA/CHA201408060,"Wednesday, August 6, 2014",1:10 p.m. Local,U.S. Cellular Field,18898,2:57,Day,Away,Texas Rangers,TEX,Chicago White Sox,CHW,30,3,5,3,3.0,2,10,33,0.167,0.242,0.367,0.609,135,97,0.015,1.29,0.391,,-1.0,27,13,9.0,1,48,20,30,11,9,6,0,58,3,0,0.486,3.0,31,1,8,1,1.0,2,6,33,0.258,0.303,0.419,0.722,147,90,-0.486,0.6,0.502,,-3.0,27,13,9.0,2,64,9,17,11,14,10,0,65,0,0,-0.015,1.0
HOU/HOU201408080,"Friday, August 8, 2014",7:12 p.m. Local,Minute Maid Park,24256,3:24,Night,Home,Houston Astros,HOU,Texas Rangers,TEX,34,3,9,3,3.0,1,6,36,0.265,0.286,0.382,0.668,166,87,-0.199,1.5,0.592,,-1.2,24,4,8.0,2,50,15,22,13,16,4,0,56,0,0,-0.3,-0.3,34,4,10,4,4.5,3,10,38,0.294,0.368,0.559,0.927,131,109,0.3,1.09,1.239,,0.3,27,10,9.0,1,66,23,20,8,16,5,0,60,0,0,0.2,1.2
HOU/HOU201408090,"Saturday, August 9, 2014",6:11 p.m. Local,Minute Maid Park,24019,3:32,Night,Home,Houston Astros,HOU,Texas Rangers,TEX,36,3,10,3,3.0,1,8,38,0.278,0.289,0.389,0.678,174,100,-0.264,0.6,0.281,,-1.2,24,10,8.0,0,56,19,25,11,18,7,0,25,2,1,-0.239,-4.3,34,8,12,7,7.88,6,12,41,0.353,0.463,0.412,0.875,151,112,0.237,0.72,0.543,,4.3,27,6,9.0,1,66,23,23,16,6,6,0,50,3,1,0.262,1.2
HOU/HOU201408100,"Sunday, August 10, 2014",1:13 p.m. Local,Minute Maid Park,19239,3:08,Day,Away,Texas Rangers,TEX,Houston Astros,HOU,33,6,8,5,6.0,3,7,38,0.242,0.297,0.485,0.782,156,84,0.348,0.95,0.791,,1.8,27,7,9.0,0,43,13,28,13,15,6,0,53,0,0,0.154,2.2,32,2,6,2,2.0,3,9,36,0.188,0.278,0.281,0.559,131,95,-0.152,0.76,0.526,,-2.2,27,10,9.0,2,58,14,23,7,16,6,0,41,0,0,-0.347,-1.8
TEX/TEX201408110,"Monday, August 11, 2014",7:07 p.m. Local,Globe Life Park in Arlington,28501,3:17,Night,Away,Tampa Bay Rays,TBR,Texas Rangers,TEX,36,7,10,6,4.0,5,4,43,0.278,0.395,0.444,0.84,147,106,0.258,0.41,0.623,,2.7,27,6,9.0,0,60,12,34,13,19,14,0,79,5,0,0.241,4.3,29,0,3,0,0.0,6,10,35,0.103,0.257,0.138,0.395,175,84,-0.242,0.6,0.103,,-4.3,27,9,9.0,0,46,13,25,6,13,5,0,41,0,0,-0.259,-2.7
TEX/TEX201408120,"Tuesday, August 12, 2014",7:06 p.m. Local,Globe Life Park in Arlington,35642,4:49,Night,Home,Texas Rangers,TEX,Tampa Bay Rays,TBR,47,2,7,1,1.29,0,9,51,0.149,0.163,0.255,0.419,215,136,-0.965,2.0,0.778,,-4.8,41,14,13.2,0,97,15,24,18,23,8,0,65,2,0,0.466,3.0,51,3,14,3,1.32,4,11,57,0.275,0.321,0.353,0.674,183,146,-0.464,1.52,1.675,,-3.0,42,17,14.0,0,86,16,44,18,24,11,0,65,1,0,0.966,4.8
TEX/TEX201408130,"Wednesday, August 13, 2014",7:07 p.m. Local,Globe Life Park in Arlington,29870,2:51,Night,Away,Tampa Bay Rays,TBR,Texas Rangers,TEX,38,10,12,10,10.0,3,3,42,0.316,0.381,0.579,0.96,134,88,0.359,0.5,0.494,,5.7,27,7,9.0,0,57,10,21,15,20,5,0,75,0,0,0.143,3.3,29,1,4,1,1.0,2,13,32,0.138,0.188,0.172,0.36,133,86,-0.141,0.25,0.168,,-3.4,27,10,9.0,3,39,19,28,7,10,4,0,13,4,1,-0.359,-5.7
TEX/TEX201408140,"Thursday, August 14, 2014",7:08 p.m. Local,Globe Life Park in Arlington,28904,3:02,Night,Away,Tampa Bay Rays,TBR,Texas Rangers,TEX,37,6,10,6,6.0,2,10,39,0.27,0.308,0.432,0.74,135,114,0.317,0.69,0.576,,1.7,27,5,9.0,2,69,16,29,13,14,7,0,67,0,0,0.182,1.3,32,3,5,3,3.0,1,9,33,0.156,0.182,0.375,0.557,167,90,-0.183,0.42,0.281,,-1.3,27,9,9.0,2,53,9,28,7,16,7,0,24,2,0,-0.318,-1.7
TEX/TEX201408150,"Friday, August 15, 2014",7:08 p.m. Local,Globe Life Park in Arlington,31465,3:18,Night,Away,Los Angeles Angels of Anaheim,LAA,Texas Rangers,TEX,34,5,9,4,5.0,4,10,40,0.265,0.35,0.412,0.762,141,96,0.193,1.37,0.631,,0.6,27,10,9.0,0,52,12,32,9,16,7,0,63,3,1,0.308,0.3,36,4,10,4,4.0,1,8,37,0.278,0.297,0.278,0.575,167,91,-0.308,0.84,0.542,,-0.3,27,6,9.0,1,49,12,30,15,13,9,0,49,4,0,-0.192,-0.7
TEX/TEX201408160,"Saturday, August 16, 2014",7:08 p.m. Local,Globe Life Park in Arlington,32209,3:03,Night,Away,Los Angeles Angels of Anaheim,LAA,Texas Rangers,TEX,37,5,10,5,5.0,0,11,38,0.27,0.289,0.514,0.803,153,100,0.118,1.25,0.546,,0.7,27,7,9.0,1,59,16,25,7,19,10,0,58,3,2,0.381,0.3,34,4,7,4,4.0,1,7,37,0.206,0.27,0.324,0.594,135,100,-0.383,0.61,0.5,,-0.4,27,6,9.0,2,59,14,27,9,18,5,0,42,0,0,-0.119,-0.7
TEX/TEX201408170,"Sunday, August 17, 2014",2:07 p.m. Local,Globe Life Park in Arlington,28942,2:51,Day,Home,Texas Rangers,TEX,Los Angeles Angels of Anaheim,LAA,32,2,7,2,2.0,5,4,37,0.219,0.324,0.25,0.574,134,70,-0.184,1.79,0.556,,-2.4,24,7,8.0,0,41,9,20,10,18,7,0,64,0,0,-0.316,-0.1,31,3,8,3,3.38,2,6,33,0.258,0.303,0.258,0.561,118,78,0.317,1.03,1.198,,0.1,27,10,9.0,0,43,3,32,8,17,10,0,54,4,0,0.185,2.3
MIA/MIA201408190,"Tuesday, August 19, 2014",7:11 p.m. Local,Marlins Park,20277,3:59,Night,Home,Miami Marlins,MIA,Texas Rangers,TEX,37,3,10,2,2.7,6,7,45,0.27,0.372,0.324,0.696,190,103,-0.289,1.58,1.171,,-1.4,29,9,9.2,1,57,12,34,15,17,8,0,44,4,2,-0.211,-0.0,40,4,11,4,2.79,6,11,48,0.275,0.375,0.4,0.775,173,116,0.213,2.03,1.255,,0.0,30,12,10.0,0,66,16,34,14,16,8,0,56,3,1,0.29,1.4
MIA/MIA201408200,"Wednesday, August 20, 2014",12:40 p.m. Local,Marlins Park,16672,2:55,Day,Away,Texas Rangers,TEX,Miami Marlins,MIA,33,5,10,4,4.0,2,8,35,0.303,0.343,0.364,0.706,140,91,0.257,0.9,0.515,,1.0,27,10,9.0,2,57,12,22,13,12,6,0,57,0,0,0.242,-0.0,35,4,9,3,4.0,3,11,38,0.257,0.316,0.486,0.802,143,93,-0.242,0.45,0.423,,0.0,27,13,9.0,0,50,17,26,16,8,3,0,34,0,0,-0.258,-1.0
TEX/TEX201408220,"Friday, August 22, 2014",7:08 p.m. Local,Globe Life Park in Arlington,26991,3:09,Night,Away,Kansas City Royals,KCR,Texas Rangers,TEX,37,6,9,6,5.0,1,4,40,0.243,0.282,0.459,0.742,157,100,0.242,1.04,0.601,,1.7,27,10,9.0,0,63,7,30,15,19,5,0,63,1,1,0.26,1.3,33,3,6,3,3.0,4,7,38,0.182,0.289,0.303,0.593,158,95,-0.26,0.61,0.435,,-1.4,27,10,9.0,2,56,15,24,14,12,5,0,46,0,0,-0.24,-1.7
TEX/TEX201408230,"Saturday, August 23, 2014",7:25 p.m. Local,Globe Life Park in Arlington,27400,2:37,Night,Away,Kansas City Royals,KCR,Texas Rangers,TEX,31,6,8,6,6.0,4,2,36,0.258,0.343,0.355,0.698,132,81,0.251,0.66,0.759,,1.6,27,12,9.0,1,53,11,17,16,14,6,0,69,0,0,0.249,1.3,31,3,7,3,3.0,2,2,33,0.226,0.273,0.323,0.595,130,84,-0.249,0.95,0.239,,-1.3,27,16,9.0,1,50,7,27,14,15,7,0,34,2,2,-0.251,-1.7
TEX/TEX201408240,"Sunday, August 24, 2014",2:06 p.m. Local,Globe Life Park in Arlington,30049,2:46,Day,Home,Texas Rangers,TEX,Kansas City Royals,KCR,33,1,6,1,1.0,1,6,34,0.182,0.206,0.273,0.479,136,89,-0.453,0.85,0.211,,-3.3,24,9,8.0,0,55,11,23,8,19,5,0,39,0,0,-0.046,0.9,33,3,11,3,2.25,5,3,38,0.333,0.421,0.485,0.906,121,78,0.045,0.92,0.561,,-0.9,27,7,9.0,1,50,6,22,9,21,12,0,53,0,0,0.454,3.3
SEA/SEA201408250,"Monday, August 25, 2014",7:10 p.m. Local,Safeco Field,21620,2:50,Night,Away,Texas Rangers,TEX,Seattle Mariners,SEA,33,2,7,2,2.0,4,10,37,0.212,0.297,0.273,0.57,109,91,-0.095,1.13,0.517,,-2.0,27,9,9.0,0,49,21,23,10,13,7,0,80,0,0,0.594,4.0,29,0,4,0,0.0,1,5,30,0.138,0.167,0.138,0.305,153,79,-0.595,0.99,0.219,,-4.0,27,8,9.0,0,46,10,23,8,16,10,0,59,0,0,0.094,2.0
SEA/SEA201408260,"Tuesday, August 26, 2014",7:11 p.m. Local,Safeco Field,20469,2:51,Night,Home,Seattle Mariners,SEA,Texas Rangers,TEX,30,0,4,0,0.0,4,6,34,0.133,0.235,0.133,0.369,141,88,-0.259,0.51,0.192,,-4.0,24,9,8.0,1,51,9,28,12,12,5,0,31,0,0,-0.24,-1.5,31,5,7,5,5.62,5,3,36,0.226,0.333,0.419,0.753,151,82,0.24,0.65,0.432,,1.5,27,13,9.0,0,51,11,20,13,15,7,0,67,1,0,0.26,4.0
SEA/SEA201408270,"Wednesday, August 27, 2014",12:41 p.m. Local,Safeco Field,29463,2:24,Day,Away,Texas Rangers,TEX,Seattle Mariners,SEA,37,12,11,11,12.0,1,4,40,0.297,0.325,0.514,0.839,112,92,0.464,0.17,0.656,,8.0,27,7,9.0,2,59,9,24,17,17,6,0,63,,,0.036,-0.0,33,4,7,4,4.0,1,7,34,0.212,0.235,0.455,0.69,128,79,-0.036,0.45,0.097,,0.0,27,12,9.0,2,46,8,25,7,19,10,0,1,1,1,-0.465,-8.0
HOU/HOU201408280,"Thursday, August 28, 2014",7:12 p.m. Local,Minute Maid Park,16399,3:04,Night,Home,Houston Astros,HOU,Texas Rangers,TEX,33,2,8,1,2.0,0,8,35,0.242,0.257,0.273,0.53,146,93,-0.252,1.2,0.432,,-2.2,24,7,8.0,1,48,18,27,9,17,10,0,43,2,2,-0.249,-0.3,29,4,7,4,4.5,4,4,35,0.241,0.371,0.345,0.716,132,86,0.248,1.02,0.87,,0.3,27,7,9.0,0,47,12,27,12,13,8,0,59,0,0,0.252,2.2
HOU/HOU201408290,"Friday, August 29, 2014",7:12 p.m. Local,Minute Maid Park,18931,3:16,Night,Away,Texas Rangers,TEX,Houston Astros,HOU,40,13,16,13,12.0,3,4,44,0.4,0.432,0.65,1.082,157,98,0.405,0.39,0.701,,8.8,27,10,9.0,1,60,14,26,16,21,8,0,55,0,0,0.094,-1.8,37,6,13,5,6.0,3,7,40,0.351,0.4,0.514,0.914,153,93,-0.094,0.51,0.224,,1.8,27,12,9.0,2,64,11,18,8,22,6,0,18,1,0,-0.406,-8.8
HOU/HOU201408300,"Saturday, August 30, 2014",6:13 p.m. Local,Minute Maid Park,24771,2:25,Night,Home,Houston Astros,HOU,Texas Rangers,TEX,29,0,3,0,0.0,1,5,30,0.103,0.133,0.103,0.237,122,77,-0.566,0.96,0.169,,-4.2,24,6,8.0,0,52,4,21,15,9,4,0,69,1,0,0.067,1.7,28,2,4,1,2.25,5,9,33,0.143,0.273,0.214,0.487,115,68,-0.067,1.06,0.498,,-1.7,27,13,9.0,0,38,12,18,8,11,2,0,85,,,0.567,4.2
HOU/HOU201408310,"Sunday, August 31, 2014",1:12 p.m. Local,Minute Maid Park,19024,3:18,Day,Home,Houston Astros,HOU,Texas Rangers,TEX,31,2,6,2,2.0,3,6,35,0.194,0.286,0.258,0.544,160,83,-0.293,1.88,0.509,,-2.2,24,6,8.0,1,51,6,26,16,9,4,0,53,6,1,-0.21,0.7,32,3,10,3,3.38,6,6,39,0.312,0.436,0.5,0.936,138,98,0.21,1.15,1.315,,-0.7,27,11,9.0,0,63,10,25,8,18,5,0,60,0,0,0.291,2.2
KCA/KCA201409010,"Monday, September 1, 2014",7:10 p.m. Local,Kauffman Stadium,21536,2:31,Night,Home,Kansas City Royals,KCR,Texas Rangers,TEX,30,3,5,3,2.0,4,9,34,0.167,0.265,0.233,0.498,118,75,-0.395,0.56,0.48,,-1.3,24,7,8.0,1,38,14,23,13,8,4,0,47,2,0,-0.106,-0.1,33,4,10,4,4.5,2,6,35,0.303,0.343,0.485,0.828,122,80,0.106,1.14,0.473,,0.1,27,13,9.0,0,44,7,29,10,17,5,0,56,1,0,0.394,1.3
KCA/KCA201409020,"Tuesday, September 2, 2014",7:09 p.m. Local,Kauffman Stadium,19435,3:00,Night,Home,Kansas City Royals,KCR,Texas Rangers,TEX,35,1,10,1,1.0,1,3,36,0.286,0.306,0.371,0.677,130,88,-0.557,1.57,0.597,,-3.3,24,6,8.0,0,61,7,20,21,11,9,0,67,2,1,0.058,1.9,30,2,8,2,2.25,0,6,32,0.267,0.29,0.467,0.757,137,88,-0.056,1.56,0.916,,-1.9,27,13,9.0,0,51,22,15,7,18,7,0,58,0,0,0.557,3.3
KCA/KCA201409030,"Wednesday, September 3, 2014",7:11 p.m. Local,Kauffman Stadium,15771,2:46,Night,Home,Kansas City Royals,KCR,Texas Rangers,TEX,36,1,8,1,1.0,1,8,37,0.222,0.243,0.306,0.549,105,96,-0.441,0.56,0.431,,-3.3,24,14,8.0,1,51,14,31,13,15,9,0,49,1,1,-0.059,-0.1,29,4,6,3,3.38,0,2,29,0.207,0.207,0.414,0.621,145,62,0.059,1.15,0.383,,0.1,27,8,9.0,0,37,6,19,14,13,7,0,67,3,0,0.441,3.3
TEX/TEX201409040,"Thursday, September 4, 2014",7:07 p.m. Local,Globe Life Park in Arlington,26965,3:02,Night,Away,Seattle Mariners,SEA,Texas Rangers,TEX,38,10,11,10,10.0,5,5,44,0.289,0.386,0.421,0.807,126,103,0.413,0.26,0.564,,5.6,27,12,9.0,1,53,17,33,12,21,7,0,49,0,0,0.089,2.3,33,2,10,2,2.0,1,4,36,0.303,0.361,0.394,0.755,173,80,-0.089,0.42,0.102,,-2.3,27,7,9.0,1,47,7,26,18,11,4,0,18,5,3,-0.411,-5.7
TEX/TEX201409050,"Friday, September 5, 2014",7:09 p.m. Local,Globe Life Park in Arlington,23428,3:27,Night,Away,Seattle Mariners,SEA,Texas Rangers,TEX,34,7,7,7,7.0,3,5,38,0.206,0.289,0.618,0.907,165,86,0.326,1.25,0.599,,2.7,27,12,9.0,1,49,13,24,10,19,10,0,46,3,1,0.174,-0.7,39,5,13,3,5.0,2,8,41,0.333,0.366,0.436,0.802,140,111,-0.173,0.45,0.769,,0.7,27,7,9.0,4,70,13,28,18,13,8,0,37,2,0,-0.326,-2.7
TEX/TEX201409060,"Saturday, September 6, 2014",10:18 p.m. Local,Globe Life Park in Arlington,29552,3:00,Night,Away,Seattle Mariners,SEA,Texas Rangers,TEX,37,4,11,4,4.0,3,6,40,0.297,0.35,0.405,0.755,143,92,0.185,1.27,1.014,,-0.3,27,10,9.0,0,55,17,20,11,19,9,1,58,2,0,0.315,2.3,32,2,7,2,0.0,4,7,38,0.219,0.297,0.25,0.547,145,90,-0.316,1.25,0.627,,-2.3,27,7,9.0,1,50,12,28,10,17,6,0,55,3,0,-0.185,0.3
TEX/TEX201409070,"Sunday, September 7, 2014",2:07 p.m. Local,Globe Life Park in Arlington,26851,2:42,Day,Home,Texas Rangers,TEX,Seattle Mariners,SEA,33,0,8,0,0.0,1,5,34,0.242,0.265,0.303,0.568,128,82,-0.722,1.13,0.627,,-4.4,24,13,8.0,0,55,11,16,11,17,7,0,59,0,0,0.22,2.9,27,1,6,1,1.12,2,6,30,0.222,0.267,0.296,0.563,125,77,-0.22,1.79,0.422,,-2.9,27,9,9.0,0,45,10,23,14,8,2,0,70,0,0,0.721,4.3
TEX/TEX201409090,"Tuesday, September 9, 2014",7:08 p.m. Local,Globe Life Park in Arlington,26054,3:04,Night,Away,Los Angeles Angels of Anaheim,LAA,Texas Rangers,TEX,36,9,9,9,8.0,3,6,40,0.25,0.3,0.472,0.772,161,86,0.125,0.93,0.571,,4.7,27,10,9.0,1,54,9,23,16,15,6,0,54,0,0,0.377,1.3,32,3,7,3,3.0,4,6,38,0.219,0.324,0.344,0.668,138,95,-0.376,0.71,0.36,,-1.3,27,12,9.0,1,58,6,33,11,16,7,0,61,5,4,-0.124,-4.7
TEX/TEX201409100,"Wednesday, September 10, 2014",7:08 p.m. Local,Globe Life Park in Arlington,26611,3:34,Night,Away,Los Angeles Angels of Anaheim,LAA,Texas Rangers,TEX,39,8,15,6,7.0,6,6,48,0.385,0.5,0.615,1.115,126,105,0.175,0.85,0.594,,3.7,27,13,9.0,0,70,14,21,17,16,8,0,58,5,0,0.326,3.3,32,1,9,1,1.0,2,4,34,0.281,0.324,0.281,0.605,185,81,-0.327,0.59,0.321,,-3.3,27,14,9.0,1,55,9,18,15,13,6,0,32,7,1,-0.174,-3.6
TEX/TEX201409110,"Thursday, September 11, 2014",7:09 p.m. Local,Globe Life Park in Arlington,27129,3:24,Night,Away,Los Angeles Angels of Anaheim,LAA,Texas Rangers,TEX,34,7,7,7,4.0,3,7,39,0.206,0.308,0.324,0.631,140,96,0.286,0.8,0.678,,2.7,27,9,9.0,2,43,19,34,13,14,5,0,55,5,0,0.218,1.3,33,3,7,3,3.0,2,8,36,0.212,0.278,0.424,0.702,158,89,-0.216,0.64,0.353,,-1.4,27,10,9.0,1,47,13,29,10,15,4,0,54,2,1,-0.285,-2.7
TEX/TEX201409120,"Friday, September 12, 2014",7:07 p.m. Local,Globe Life Park in Arlington,27547,2:59,Night,Home,Texas Rangers,TEX,Atlanta Braves,ATL,34,1,8,1,1.0,2,10,36,0.235,0.278,0.235,0.513,127,94,-0.531,1.52,0.555,,-3.4,24,9,8.0,0,49,19,26,11,13,4,0,72,5,0,0.031,1.9,31,2,7,2,2.25,3,10,35,0.226,0.314,0.29,0.605,150,87,-0.031,1.57,0.841,,-1.9,27,6,9.0,0,46,16,25,10,11,8,0,63,1,0,0.53,3.3
TEX/TEX201409130,"Saturday, September 13, 2014",12:07 p.m. Local,Globe Life Park in Arlington,31595,2:25,Day,Home,Texas Rangers,TEX,Atlanta Braves,ATL,31,2,6,2,2.0,4,5,35,0.194,0.286,0.226,0.512,105,71,-0.399,1.07,0.457,,-2.3,24,5,8.0,0,41,12,18,11,15,1,0,75,,,-0.102,0.9,27,3,3,3,0.0,1,6,28,0.111,0.143,0.148,0.291,115,71,0.101,1.12,0.607,,-0.9,27,9,9.0,0,36,10,25,6,15,5,0,55,0,0,0.397,2.3
TEX/TEX201409140,"Sunday, September 14, 2014",2:08 p.m. Local,Globe Life Park in Arlington,25449,3:00,Day,Home,Texas Rangers,TEX,Atlanta Braves,ATL,36,3,10,3,3.0,1,2,37,0.278,0.297,0.444,0.742,169,78,-0.28,0.56,0.2,,-1.3,24,10,8.0,0,50,9,19,14,20,7,0,26,2,2,-0.221,-6.1,39,10,18,10,11.25,3,4,44,0.462,0.523,0.641,1.164,118,106,0.221,0.61,0.625,,6.1,27,11,9.0,1,69,12,25,16,19,10,0,64,0,0,0.279,1.3
OAK/OAK201409160,"Tuesday, September 16, 2014",7:07 p.m. Local,O.co Coliseum,19835,2:53,Night,Away,Texas Rangers,TEX,Oakland Athletics,OAK,38,6,12,5,4.0,1,6,40,0.316,0.35,0.447,0.797,130,92,0.354,0.94,0.761,,1.9,27,11,9.0,1,58,11,25,17,15,6,0,55,1,0,0.146,1.1,32,3,5,3,1.0,2,1,35,0.156,0.2,0.375,0.575,141,79,-0.144,0.68,0.423,,-1.1,27,14,9.0,1,51,4,24,14,18,7,0,27,1,1,-0.355,-1.9
OAK/OAK201409170,"Wednesday, September 17, 2014",7:07 p.m. Local,O.co Coliseum,17530,3:37,Night,Away,Texas Rangers,TEX,Oakland Athletics,OAK,36,6,10,6,6.0,2,11,39,0.278,0.333,0.444,0.778,154,105,0.288,0.95,1.094,,1.9,27,9,9.0,0,59,20,26,15,10,4,0,63,7,0,0.211,3.1,34,1,7,1,1.0,4,6,38,0.206,0.289,0.235,0.525,159,101,-0.212,1.26,0.478,,-3.1,27,8,9.0,1,58,12,31,14,14,6,0,84,4,2,-0.288,-1.9
OAK/OAK201409180,"Thursday, September 18, 2014",12:37 p.m. Local,O.co Coliseum,17574,3:05,Day,Away,Texas Rangers,TEX,Oakland Athletics,OAK,39,7,15,6,6.0,2,10,41,0.385,0.415,0.41,0.825,130,102,0.378,0.67,0.64,,2.9,27,3,9.0,0,54,20,28,19,10,7,0,54,4,0,0.121,2.1,31,2,6,2,2.0,3,7,34,0.194,0.265,0.323,0.587,146,74,-0.121,0.56,0.347,,-2.1,27,13,9.0,0,38,14,22,5,19,7,0,35,2,0,-0.38,-2.9
ANA/ANA201409190,"Friday, September 19, 2014",7:07 p.m. Local,Angel Stadium of Anaheim,38467,3:16,Night,Away,Texas Rangers,TEX,Los Angeles Angels of Anaheim,LAA,40,12,15,10,11.0,2,7,44,0.375,0.386,0.525,0.911,160,102,0.429,0.17,0.486,,8.0,27,9,9.0,1,57,15,30,14,21,10,0,55,0,0,0.073,1.0,32,3,7,3,3.0,6,9,38,0.219,0.342,0.375,0.717,152,94,-0.074,0.25,0.056,,-1.0,27,9,9.0,1,56,13,25,11,12,5,0,13,2,2,-0.428,-8.0
ANA/ANA201409200,"Saturday, September 20, 2014",6:09 p.m. Local,Angel Stadium of Anaheim,35890,2:57,Night,Home,Los Angeles Angels of Anaheim,LAA,Texas Rangers,TEX,34,5,8,5,5.0,1,9,35,0.235,0.257,0.324,0.581,134,94,-0.245,0.37,0.185,,1.0,24,6,8.0,3,55,14,25,13,12,3,0,21,0,0,-0.255,-4.5,36,8,13,8,7.88,1,6,37,0.361,0.378,0.694,1.073,138,93,0.256,0.51,0.471,,4.5,27,11,9.0,0,58,12,23,7,23,11,0,61,6,4,0.244,-1.0
ANA/ANA201409210,"Sunday, September 21, 2014",12:37 p.m. Local,Angel Stadium of Anaheim,27166,3:17,Day,Away,Texas Rangers,TEX,Los Angeles Angels of Anaheim,LAA,34,2,9,2,2.0,3,9,38,0.265,0.324,0.412,0.736,127,107,-0.0,1.69,1.053,,-2.0,27,11,9.0,0,64,20,23,12,14,5,0,66,0,0,0.5,3.0,30,1,4,1,1.0,3,7,34,0.133,0.235,0.133,0.369,159,78,-0.5,1.58,0.476,,-3.0,27,10,9.0,1,49,11,18,11,12,5,0,60,5,0,0.0,2.0
TEX/TEX201409220,"Monday, September 22, 2014",7:07 p.m. Local,Globe Life Park in Arlington,28717,2:48,Night,Home,Texas Rangers,TEX,Houston Astros,HOU,32,3,8,3,2.0,2,3,36,0.25,0.286,0.344,0.629,120,86,-0.32,1.16,0.844,,-1.3,24,8,8.0,0,59,9,18,10,21,12,0,49,3,0,-0.181,-0.1,29,4,6,4,4.5,2,4,32,0.207,0.281,0.276,0.557,136,79,0.181,1.75,0.746,,0.1,27,9,9.0,0,46,9,24,10,15,7,0,54,1,0,0.319,1.3
TEX/TEX201409230,"Tuesday, September 23, 2014",7:08 p.m. Local,Globe Life Park in Arlington,29794,2:55,Night,Home,Texas Rangers,TEX,Houston Astros,HOU,32,1,7,1,1.0,1,7,34,0.219,0.235,0.281,0.517,142,88,-0.545,0.86,0.415,,-3.3,24,13,8.0,1,50,11,27,10,16,8,0,38,2,0,0.045,1.9,34,2,12,2,2.25,3,5,38,0.353,0.405,0.529,0.935,138,81,-0.044,1.25,0.543,,-1.9,27,7,9.0,0,51,7,23,16,14,10,0,69,1,0,0.545,3.3
TEX/TEX201409240,"Wednesday, September 24, 2014",7:07 p.m. Local,Globe Life Park in Arlington,28003,3:06,Night,Home,Texas Rangers,TEX,Houston Astros,HOU,27,1,5,1,1.0,4,10,32,0.185,0.313,0.296,0.609,152,77,-0.466,1.04,0.389,,-3.3,24,10,8.0,2,35,21,21,9,8,8,0,62,0,0,-0.033,-1.1,30,5,6,5,5.62,6,9,38,0.2,0.351,0.467,0.818,137,89,0.033,1.15,0.671,,1.1,27,11,9.0,1,52,14,23,13,9,4,0,69,0,0,0.467,3.3
TEX/TEX201409250,"Thursday, September 25, 2014",7:08 p.m. Local,Globe Life Park in Arlington,33696,2:47,Night,Home,Texas Rangers,TEX,Oakland Athletics,OAK,31,1,6,1,1.0,6,7,38,0.194,0.324,0.226,0.55,125,81,-0.49,1.35,0.634,,-3.4,25,11,8.1,1,43,11,28,9,16,4,0,63,2,0,-0.013,2.1,31,2,6,2,2.16,0,7,31,0.194,0.194,0.323,0.516,135,87,0.011,1.6,0.842,,-2.1,27,6,9.0,0,53,10,24,12,12,5,0,63,0,0,0.488,3.3
TEX/TEX201409260,"Friday, September 26, 2014",7:08 p.m. Local,Globe Life Park in Arlington,31586,2:49,Night,Away,Oakland Athletics,OAK,Texas Rangers,TEX,34,6,8,6,5.0,4,6,38,0.235,0.316,0.382,0.698,123,83,0.296,0.69,0.673,,1.7,27,11,9.0,0,52,8,23,9,19,11,0,68,0,0,0.204,2.3,33,2,5,2,1.0,0,6,33,0.152,0.152,0.242,0.394,143,88,-0.205,0.67,0.233,,-2.3,27,8,9.0,1,49,9,30,13,14,7,0,27,2,2,-0.297,-1.7
TEX/TEX201409270,"Saturday, September 27, 2014",7:08 p.m. Local,Globe Life Park in Arlington,35326,3:06,Night,Home,Texas Rangers,TEX,Oakland Athletics,OAK,37,4,14,3,4.0,1,8,38,0.378,0.395,0.459,0.854,115,96,-0.335,0.69,0.92,,-0.3,24,7,8.0,2,63,11,22,8,21,12,0,50,1,0,-0.166,-1.1,31,5,9,5,5.62,0,10,31,0.29,0.29,0.484,0.774,145,82,0.167,1.59,0.573,,1.1,27,7,9.0,1,44,12,26,9,12,5,0,51,8,3,0.333,0.3
TEX/TEX201409280,"Sunday, September 28, 2014",2:07 p.m. Local,Globe Life Park in Arlington,36381,2:39,Day,Away,Oakland Athletics,OAK,Texas Rangers,TEX,33,4,7,4,3.0,1,3,34,0.212,0.235,0.303,0.538,103,87,-0.033,1.11,0.369,,-0.3,27,18,9.0,0,52,11,24,13,17,4,0,80,,,0.534,4.3,31,0,6,0,0.0,0,5,32,0.194,0.219,0.258,0.477,140,74,-0.535,0.64,0.348,,-4.3,27,9,9.0,0,42,10,22,19,7,3,0,55,2,0,0.034,0.3
