,date,time,venue,attendance,duration,time_of_day,winner,winning_name,winning_abbr,losing_name,losing_abbr,away_at_bats,away_runs,away_hits,away_rbi,away_earned_runs,away_bases_on_balls,away_strikeouts,away_plate_appearances,away_batting_average,away_on_base_percentage,away_slugging_percentage,away_on_base_plus,away_pitches,away_strikes,away_win_probability_for_offensive_player,away_average_leverage_index,away_win_probability_added,away_win_probability_subtracted,away_base_out_runs_added,away_putouts,away_assists,away_innings_pitched,away_home_runs,away_strikes_by_contact,away_strikes_swinging,away_strikes_looking,away_grounded_balls,away_fly_balls,away_line_drives,away_unknown_bat_type,away_game_score,away_inherited_runners,away_inherited_score,away_win_probability_by_pitcher,away_base_out_runs_saved,home_at_bats,home_runs,home_hits,home_rbi,home_earned_runs,home_bases_on_balls,home_strikeouts,home_plate_appearances,home_batting_average,home_on_base_percentage,home_slugging_percentage,home_on_base_plus,home_pitches,home_strikes,home_win_probability_for_offensive_player,home_average_leverage_index,home_win_probability_added,home_win_probability_subtracted,home_base_out_runs_added,home_putouts,home_assists,home_innings_pitched,home_home_runs,home_strikes_by_contact,home_strikes_swinging,home_strikes_looking,home_grounded_balls,home_fly_balls,home_line_drives,home_unknown_bat_type,home_game_score,home_inherited_runners,home_inherited_score,home_win_probability_by_pitcher,home_base_out_runs_saved
NYN/NYN201403310,"Monday, March 31, 2014",1:13 p.m. Local,Citi Field,42442,3:47,Day,Away,Washington Nationals,WSN,New York Mets,NYM,38,9,9,9,8.1,6,10,45,0.237,0.333,0.447,0.781,163,115,0.781,0.8,1.827,,4.8,30,4,10.0,3,62,15,38,13,16,3,0,54,0,0,-0.281,-2.8,35,7,7,7,6.3,3,18,40,0.2,0.256,0.457,0.714,179,105,0.28,1.87,0.784,,2.8,30,11,10.0,2,49,22,34,5,14,5,0,53,9,2,-0.78,-4.8
NYN/NYN201404020,"Wednesday, April 2, 2014",7:11 p.m. Local,Citi Field,29146,3:00,Night,Away,Washington Nationals,WSN,New York Mets,NYM,40,5,13,4,5.0,0,7,40,0.325,0.325,0.625,0.95,139,106,0.221,0.88,0.678,,1.3,27,9,9.0,0,58,16,32,10,23,12,0,67,0,0,0.28,2.7,29,1,3,1,1.0,2,13,32,0.103,0.156,0.207,0.363,160,93,-0.28,0.65,0.263,,-2.7,27,6,9.0,2,49,18,26,11,7,2,0,46,0,0,-0.221,-1.3
NYN/NYN201404030,"Thursday, April 3, 2014",1:11 p.m. Local,Citi Field,20561,3:21,Day,Away,Washington Nationals,WSN,New York Mets,NYM,37,8,13,7,7.0,5,8,44,0.351,0.429,0.514,0.942,139,110,0.387,0.92,0.987,,4.3,27,5,9.0,0,66,13,31,16,14,5,1,54,0,0,0.112,1.7,31,2,7,2,2.0,4,8,37,0.226,0.306,0.323,0.628,174,89,-0.112,0.98,0.455,,-1.7,27,11,9.0,1,56,9,24,6,19,5,0,50,2,2,-0.389,-4.3
WAS/WAS201404040,"Friday, April 4, 2014",1:10 p.m. Local,Nationals Park,42834,3:03,Day,Away,Atlanta Braves,ATL,Washington Nationals,WSN,31,2,6,2,2.0,2,14,35,0.194,0.257,0.323,0.58,138,86,-0.062,1.84,0.628,,-2.1,27,17,9.0,0,47,22,17,8,11,4,0,59,1,0,0.563,3.1,31,1,8,1,1.0,4,10,36,0.258,0.333,0.355,0.688,125,87,-0.565,1.13,0.725,,-3.1,27,7,9.0,1,43,18,26,11,11,6,0,63,0,0,0.063,2.1
WAS/WAS201404050,"Saturday, April 5, 2014",7:06 p.m. Local,Nationals Park,37841,3:36,Night,Away,Atlanta Braves,ATL,Washington Nationals,WSN,40,6,13,5,3.0,4,9,45,0.325,0.378,0.4,0.778,151,106,0.406,0.86,0.849,,1.9,27,5,9.0,1,62,16,28,14,18,9,0,65,0,0,0.095,2.1,31,2,5,2,2.0,5,10,37,0.161,0.297,0.258,0.555,170,90,-0.094,0.81,0.519,,-2.1,27,6,9.0,0,50,17,23,4,17,6,0,32,2,1,-0.407,-1.9
WAS/WAS201404060,"Sunday, April 6, 2014",1:36 p.m. Local,Nationals Park,34327,2:44,Day,Home,Washington Nationals,WSN,Atlanta Braves,ATL,33,1,8,1,1.0,2,7,37,0.242,0.278,0.273,0.551,120,85,-0.534,0.87,0.657,,-3.1,24,9,8.0,1,47,17,21,13,15,5,0,65,0,0,0.033,1.7,29,2,4,1,2.25,0,6,29,0.138,0.138,0.241,0.379,137,83,-0.033,1.77,0.418,,-1.7,27,7,9.0,0,46,15,22,12,11,5,0,58,1,0,0.533,3.1
WAS/WAS201404080,"Tuesday, April 8, 2014",7:08 p.m. Local,Nationals Park,21728,2:58,Night,Home,Washington Nationals,WSN,Miami Marlins,MIA,30,0,4,0,0.0,4,8,34,0.133,0.235,0.133,0.369,120,95,-0.445,0.59,0.25,,-4.1,24,10,8.0,0,51,18,26,9,13,2,0,51,2,0,-0.057,-1.3,31,5,8,4,3.38,3,9,34,0.258,0.324,0.323,0.646,159,77,0.059,0.98,0.38,,1.3,27,8,9.0,0,39,20,18,9,13,8,0,69,1,0,0.443,4.1
WAS/WAS201404090,"Wednesday, April 9, 2014",7:06 p.m. Local,Nationals Park,21190,3:56,Night,Home,Washington Nationals,WSN,Miami Marlins,MIA,39,7,14,7,7.0,6,11,46,0.359,0.435,0.641,1.076,169,119,0.539,1.46,1.132,,2.9,24,7,8.0,2,72,26,21,12,17,12,0,42,4,1,-1.038,-6.3,36,10,11,9,10.12,4,7,41,0.306,0.39,0.556,0.946,195,107,1.038,0.99,1.688,,6.3,27,10,9.0,2,66,13,28,13,16,11,0,20,2,0,-0.539,-2.9
WAS/WAS201404100,"Thursday, April 10, 2014",4:07 p.m. Local,Nationals Park,20869,2:53,Day,Home,Washington Nationals,WSN,Miami Marlins,MIA,31,1,3,1,1.0,1,17,33,0.097,0.152,0.194,0.345,147,93,-0.405,0.65,0.358,,-3.1,24,9,8.0,2,37,25,31,9,5,0,0,58,0,0,-0.094,-3.3,33,7,10,7,7.88,4,9,37,0.303,0.378,0.576,0.954,127,87,0.094,1.06,0.517,,3.3,27,8,9.0,1,42,15,30,12,12,2,0,75,1,0,0.407,3.1
ATL/ATL201404110,"Friday, April 11, 2014",7:38 p.m. Local,Turner Field,28243,3:49,Night,Home,Atlanta Braves,ATL,Washington Nationals,WSN,41,6,14,6,2.7,4,8,46,0.341,0.4,0.439,0.839,177,95,0.196,1.13,1.372,,1.7,29,10,9.2,2,56,14,27,15,19,9,0,34,1,1,-0.697,-2.9,35,7,10,7,6.52,3,7,41,0.286,0.39,0.514,0.905,159,110,0.696,1.62,1.498,,2.9,30,12,10.0,1,67,15,28,10,18,4,0,38,0,0,-0.196,-1.7
ATL/ATL201404120,"Saturday, April 12, 2014",7:10 p.m. Local,Turner Field,36621,3:33,Night,Home,Atlanta Braves,ATL,Washington Nationals,WSN,35,3,11,2,3.0,5,14,41,0.314,0.4,0.486,0.886,148,119,-0.155,0.42,0.727,,-0.9,24,6,8.0,2,59,23,37,9,13,4,0,30,0,0,-0.344,-2.5,38,6,13,6,6.75,2,7,40,0.342,0.375,0.579,0.954,193,96,0.345,1.11,0.587,,2.5,27,6,9.0,1,52,22,22,10,21,11,0,56,0,0,0.156,0.9
ATL/ATL201404130,"Sunday, April 13, 2014",1:36 p.m. Local,Turner Field,27919,2:56,Day,Home,Atlanta Braves,ATL,Washington Nationals,WSN,31,2,6,2,2.0,2,11,34,0.194,0.242,0.355,0.597,144,98,-0.146,0.27,0.12,,-1.9,24,4,8.0,3,47,18,35,7,14,8,0,32,0,0,-0.354,-6.5,35,10,11,10,6.75,5,9,42,0.314,0.405,0.743,1.148,149,95,0.354,0.38,0.478,,6.5,27,5,9.0,1,56,14,25,9,18,7,0,62,0,0,0.147,1.9
MIA/MIA201404140,"Monday, April 14, 2014",7:11 p.m. Local,Marlins Park,18788,2:56,Night,Away,Washington Nationals,WSN,Miami Marlins,MIA,42,9,16,9,9.0,1,8,45,0.381,0.409,0.81,1.219,126,108,0.382,0.51,0.651,,5.0,27,10,9.0,1,61,11,36,16,19,10,0,63,0,0,0.118,2.0,34,2,8,2,2.0,2,10,36,0.235,0.278,0.382,0.66,154,83,-0.12,0.44,0.245,,-2.0,27,12,9.0,2,42,18,23,12,12,6,0,24,1,0,-0.382,-5.0
MIA/MIA201404150,"Tuesday, April 15, 2014",7:12 p.m. Local,Marlins Park,19931,2:54,Night,Home,Miami Marlins,MIA,Washington Nationals,WSN,31,2,5,1,1.0,5,6,36,0.161,0.278,0.258,0.536,154,84,-0.127,0.28,0.088,,-2.0,24,3,8.0,1,44,17,23,15,10,6,0,24,0,0,-0.374,-7.5,37,11,15,9,12.38,4,11,43,0.405,0.463,0.568,1.031,141,105,0.373,0.3,0.472,,7.5,27,13,9.0,1,62,22,21,16,12,6,0,73,0,0,0.126,2.0
MIA/MIA201404160,"Wednesday, April 16, 2014",7:10 p.m. Local,Marlins Park,20178,2:37,Night,Away,Washington Nationals,WSN,Miami Marlins,MIA,35,6,7,6,3.0,2,12,37,0.2,0.243,0.429,0.672,124,92,0.404,0.91,1.003,,2.0,27,13,9.0,1,46,16,30,7,16,4,0,50,1,0,0.095,1.0,33,3,7,3,3.0,2,6,35,0.212,0.257,0.333,0.59,144,79,-0.094,1.0,0.528,,-1.0,27,3,9.0,2,39,9,31,14,13,5,0,73,1,1,-0.405,-2.0
WAS/WAS201404170,"Thursday, April 17, 2014",7:06 p.m. Local,Nationals Park,28987,3:10,Night,Away,St. Louis Cardinals,STL,Washington Nationals,WSN,43,8,15,8,6.0,5,7,50,0.349,0.429,0.442,0.87,110,119,0.286,0.57,0.515,,3.9,27,7,9.0,0,65,17,37,21,15,11,1,88,,,0.214,4.1,29,0,2,0,0.0,3,8,32,0.069,0.156,0.069,0.225,192,75,-0.215,0.42,0.116,,-4.1,27,13,9.0,0,37,11,27,10,11,3,0,32,3,3,-0.287,-3.9
WAS/WAS201404180,"Friday, April 18, 2014",7:07 p.m. Local,Nationals Park,31237,2:32,Night,Home,Washington Nationals,WSN,St. Louis Cardinals,STL,31,1,5,1,1.0,3,7,34,0.161,0.235,0.226,0.461,108,96,-0.432,1.17,0.473,,-3.1,24,10,8.0,1,67,9,20,10,14,6,0,66,0,0,-0.07,0.7,30,3,5,1,1.12,0,8,30,0.167,0.167,0.267,0.433,149,75,0.069,1.39,0.721,,-0.7,27,11,9.0,0,38,14,23,12,10,4,0,71,2,0,0.43,3.1
WAS/WAS201404190,"Saturday, April 19, 2014",1:06 p.m. Local,Nationals Park,41084,2:44,Day,Away,St. Louis Cardinals,STL,Washington Nationals,WSN,33,4,8,4,1.0,2,8,36,0.242,0.306,0.273,0.578,133,86,0.14,1.52,0.51,,-0.1,27,7,9.0,1,48,7,31,10,15,7,0,57,4,0,0.36,1.1,35,3,8,3,3.0,4,10,39,0.229,0.308,0.371,0.679,119,79,-0.36,0.65,0.726,,-1.1,27,13,9.0,0,47,11,21,11,14,7,0,57,0,0,-0.14,0.1
WAS/WAS201404200,"Sunday, April 20, 2014",1:37 p.m. Local,Nationals Park,27653,3:18,Day,Home,Washington Nationals,WSN,St. Louis Cardinals,STL,33,2,7,1,2.0,1,12,34,0.212,0.235,0.303,0.538,171,84,-0.285,2.11,0.377,,-2.1,26,8,8.2,0,44,19,21,11,10,5,0,62,4,0,-0.215,0.7,37,3,11,3,3.12,7,10,46,0.297,0.413,0.297,0.71,121,99,0.215,0.97,1.463,,-0.7,27,10,9.0,0,57,14,28,18,10,4,0,62,0,0,0.286,2.1
WAS/WAS201404210,"Monday, April 21, 2014",7:06 p.m. Local,Nationals Park,24371,3:18,Night,Away,Los Angeles Angels of Anaheim,LAA,Washington Nationals,WSN,38,4,12,4,0.0,3,6,41,0.316,0.366,0.368,0.734,163,90,0.232,0.99,1.213,,-0.1,27,8,9.0,1,53,10,27,17,15,10,0,68,0,0,0.267,2.1,29,2,3,2,2.0,7,11,37,0.103,0.297,0.207,0.504,147,96,-0.266,1.55,0.368,,-2.1,27,11,9.0,0,52,14,30,11,8,4,0,63,2,0,-0.233,0.1
WAS/WAS201404220,"Tuesday, April 22, 2014",7:07 p.m. Local,Nationals Park,21915,2:43,Night,Away,Los Angeles Angels of Anaheim,LAA,Washington Nationals,WSN,36,7,9,7,5.0,0,9,38,0.25,0.263,0.5,0.763,115,84,0.366,0.83,0.607,,2.9,27,9,9.0,0,44,12,28,17,11,5,0,64,0,0,0.134,2.1,28,2,3,0,2.0,4,7,33,0.107,0.242,0.179,0.421,124,67,-0.136,0.47,0.348,,-2.1,27,12,9.0,2,36,12,19,11,10,5,0,36,0,0,-0.366,-2.9
WAS/WAS201404230,"Wednesday, April 23, 2014",7:06 p.m. Local,Nationals Park,22504,3:18,Night,Home,Washington Nationals,WSN,Los Angeles Angels of Anaheim,LAA,31,4,8,3,3.0,8,8,40,0.258,0.41,0.355,0.765,142,92,0.114,1.46,0.811,,-0.1,25,5,8.1,1,48,18,26,11,14,9,0,55,1,1,-0.615,-1.4,37,5,11,5,5.4,3,4,40,0.297,0.35,0.405,0.755,160,86,0.614,1.03,1.508,,1.4,27,12,9.0,0,47,12,27,13,20,8,0,53,3,2,-0.115,0.1
WAS/WAS201404240,"Thursday, April 24, 2014",7:06 p.m. Local,Nationals Park,22904,4:14,Night,Away,San Diego Padres,SDP,Washington Nationals,WSN,42,4,8,4,3.0,4,9,46,0.19,0.261,0.262,0.523,195,121,-0.103,1.98,1.322,,-1.5,36,12,12.0,2,67,23,31,16,17,12,0,43,1,0,0.603,2.5,50,3,16,3,2.25,2,10,53,0.32,0.34,0.48,0.82,188,128,-0.603,1.6,1.597,,-2.5,36,15,12.0,0,73,17,38,17,24,16,0,54,0,0,0.104,1.5
WAS/WAS201404250,"Friday, April 25, 2014",8:02 p.m. Local,Nationals Park,25497,3:08,Night,Home,Washington Nationals,WSN,San Diego Padres,SDP,35,1,10,1,1.0,2,13,37,0.286,0.324,0.286,0.61,161,96,-0.184,0.37,0.139,,-3.1,24,11,8.0,0,48,16,32,12,10,5,0,11,2,1,-0.316,-7.3,41,11,17,11,12.38,3,4,45,0.415,0.467,0.561,1.028,146,100,0.316,0.43,0.486,,7.3,27,7,9.0,0,61,11,28,16,21,14,0,72,0,0,0.183,3.1
WAS/WAS201404260,"Saturday, April 26, 2014",1:05 p.m. Local,Nationals Park,31590,2:19,Day,Home,Washington Nationals,WSN,San Diego Padres,SDP,29,0,3,0,0.0,1,8,31,0.103,0.133,0.103,0.237,136,73,-0.318,0.47,0.105,,-4.1,24,6,8.0,0,40,12,21,15,7,4,0,48,0,0,-0.185,-0.3,33,4,9,4,2.25,1,7,37,0.273,0.306,0.303,0.609,105,95,0.184,0.62,0.392,,0.3,27,13,9.0,0,54,14,27,16,12,7,0,88,,,0.316,4.1
WAS/WAS201404270,"Sunday, April 27, 2014",1:36 p.m. Local,Nationals Park,34873,3:12,Day,Away,San Diego Padres,SDP,Washington Nationals,WSN,32,4,8,4,4.0,6,7,39,0.25,0.359,0.313,0.671,142,90,0.163,1.08,0.823,,-0.1,27,5,9.0,1,45,10,35,13,13,9,0,76,0,0,0.339,2.1,32,2,5,2,2.0,0,11,33,0.156,0.182,0.313,0.494,160,94,-0.339,1.15,0.386,,-2.1,27,10,9.0,0,51,14,29,8,13,6,0,50,5,2,-0.16,0.1
HOU/HOU201404290,"Tuesday, April 29, 2014",7:11 p.m. Local,Minute Maid Park,23394,3:25,Night,Away,Washington Nationals,WSN,Houston Astros,HOU,35,4,9,4,4.0,5,8,41,0.257,0.366,0.4,0.766,156,98,0.255,1.35,1.29,,-0.2,27,6,9.0,0,59,8,31,15,12,7,0,57,0,0,0.245,1.2,31,3,5,3,3.0,5,13,37,0.161,0.278,0.226,0.504,167,92,-0.245,1.82,0.66,,-1.2,27,12,9.0,1,43,19,30,7,12,5,0,58,2,1,-0.255,0.2
HOU/HOU201404300,"Wednesday, April 30, 2014",7:11 p.m. Local,Minute Maid Park,25172,3:02,Night,Away,Washington Nationals,WSN,Houston Astros,HOU,38,7,13,5,7.0,3,8,41,0.342,0.39,0.632,1.022,145,94,0.29,0.5,0.658,,2.8,27,12,9.0,0,50,14,30,12,18,9,0,65,2,0,0.211,4.2,35,0,9,0,0.0,1,9,37,0.257,0.297,0.286,0.583,144,95,-0.212,0.58,0.147,,-4.2,27,10,9.0,2,58,16,21,16,10,5,0,21,0,0,-0.29,-2.8
PHI/PHI201405020,"Friday, May 2, 2014",7:07 p.m. Local,Citizens Bank Park,31945,3:11,Night,Away,Washington Nationals,WSN,Philadelphia Phillies,PHI,36,5,10,5,4.0,4,9,41,0.278,0.35,0.417,0.767,126,107,0.386,1.13,1.175,,1.0,27,10,9.0,1,59,15,33,16,12,7,0,58,1,0,0.114,1.0,33,3,8,3,0.0,3,7,36,0.242,0.306,0.364,0.669,166,82,-0.115,1.38,0.687,,-1.0,27,8,9.0,1,44,16,22,9,17,9,0,66,2,2,-0.386,-1.0
PHI/PHI201405030,"Saturday, May 3, 2014",7:07 p.m. Local,Citizens Bank Park,33441,2:57,Night,Home,Philadelphia Phillies,PHI,Washington Nationals,WSN,31,2,4,2,2.0,2,13,35,0.129,0.206,0.355,0.561,153,89,-0.182,0.27,0.179,,-2.0,24,11,8.0,2,43,14,32,9,10,4,0,24,2,2,-0.318,-3.4,36,7,12,7,7.88,3,6,39,0.333,0.385,0.583,0.968,139,94,0.318,0.54,0.421,,3.4,27,6,9.0,2,52,15,27,18,12,5,0,67,0,0,0.183,2.0
PHI/PHI201405040,"Sunday, May 4, 2014",3:08 p.m. Local,Citizens Bank Park,37490,2:45,Day,Home,Philadelphia Phillies,PHI,Washington Nationals,WSN,31,0,5,0,0.0,4,5,36,0.161,0.257,0.161,0.418,116,77,-0.709,0.76,0.338,,-4.0,24,10,8.0,0,42,14,21,15,12,4,0,71,1,0,0.209,2.6,25,1,4,1,1.12,3,8,30,0.16,0.25,0.32,0.57,135,74,-0.208,1.62,0.253,,-2.6,27,12,9.0,0,39,18,17,12,7,2,0,70,2,0,0.709,4.0
WAS/WAS201405050,"Monday, May 5, 2014",7:05 p.m. Local,Nationals Park,25447,2:59,Night,Home,Washington Nationals,WSN,Los Angeles Dodgers,LAD,33,0,8,0,0.0,0,10,33,0.242,0.242,0.303,0.545,147,83,-0.463,0.58,0.288,,-4.1,24,7,8.0,2,49,15,19,11,12,8,0,41,0,0,-0.037,-0.3,33,4,11,4,4.5,3,10,36,0.333,0.389,0.576,0.965,111,90,0.037,1.01,0.44,,0.3,27,8,9.0,0,48,17,25,11,12,9,0,55,0,0,0.464,4.1
WAS/WAS201405060,"Tuesday, May 6, 2014",7:06 p.m. Local,Nationals Park,30143,3:15,Night,Away,Los Angeles Dodgers,LAD,Washington Nationals,WSN,39,8,14,7,4.0,1,6,41,0.359,0.39,0.564,0.954,135,101,0.147,0.89,0.674,,3.9,27,9,9.0,0,60,13,29,16,17,11,0,68,3,0,0.353,1.1,37,3,12,3,3.0,3,11,40,0.324,0.375,0.378,0.753,152,93,-0.354,0.83,0.38,,-1.1,27,15,9.0,2,48,19,26,11,15,10,0,49,3,2,-0.148,-3.9
WAS/WAS201405070,"Wednesday, May 7, 2014",2:45 p.m. Local,Nationals Park,34756,2:59,Day,Home,Washington Nationals,WSN,Los Angeles Dodgers,LAD,33,2,7,2,2.0,2,8,35,0.212,0.257,0.212,0.469,135,95,-0.498,1.17,0.546,,-2.1,24,7,8.0,0,60,14,21,17,8,3,0,46,0,0,-0.001,0.7,31,3,8,3,3.38,3,4,35,0.258,0.314,0.323,0.637,139,82,0.002,1.66,0.58,,-0.7,27,12,9.0,0,51,8,23,9,19,9,0,60,4,0,0.499,2.1
OAK/OAK201405090,"Friday, May 9, 2014",7:08 p.m. Local,O.co Coliseum,20159,2:42,Night,Home,Oakland Athletics,OAK,Washington Nationals,WSN,30,0,3,0,0.0,3,8,33,0.1,0.182,0.133,0.315,152,83,-0.247,0.34,0.042,,-4.1,24,8,8.0,3,52,8,23,8,14,4,0,23,2,0,-0.254,-4.4,36,8,12,7,6.75,3,4,40,0.333,0.4,0.583,0.983,126,92,0.255,0.38,0.43,,4.4,27,6,9.0,0,56,7,29,11,21,11,0,82,0,0,0.246,4.1
OAK/OAK201405100,"Saturday, May 10, 2014",6:08 p.m. Local,O.co Coliseum,36067,2:32,Night,Home,Oakland Athletics,OAK,Washington Nationals,WSN,35,3,6,3,2.7,2,7,38,0.171,0.237,0.286,0.523,121,74,-0.111,1.48,0.433,,-1.6,29,2,9.2,1,42,12,20,16,12,5,0,76,1,0,-0.389,0.2,37,4,7,4,3.72,0,5,37,0.189,0.189,0.324,0.514,120,81,0.387,0.74,1.312,,-0.2,30,15,10.0,1,45,8,28,7,25,11,0,54,0,0,0.111,1.6
OAK/OAK201405110,"Sunday, May 11, 2014",1:08 p.m. Local,O.co Coliseum,28205,2:40,Day,Home,Oakland Athletics,OAK,Washington Nationals,WSN,33,1,7,1,1.0,0,5,33,0.212,0.212,0.212,0.424,150,81,-0.116,0.24,0.064,,-3.1,24,6,8.0,2,45,12,24,12,16,6,0,18,2,0,-0.385,-5.4,37,9,13,9,10.12,4,6,41,0.351,0.415,0.595,1.009,123,90,0.384,0.27,0.477,,5.4,27,12,9.0,0,60,6,24,10,21,13,0,73,0,0,0.116,3.1
ARI/ARI201405120,"Monday, May 12, 2014",6:40 p.m. Local,Chase Field,16555,2:53,Night,Away,Washington Nationals,WSN,Arizona Diamondbacks,ARI,36,6,10,6,6.0,1,6,38,0.278,0.289,0.694,0.984,130,94,0.678,1.38,1.417,,1.9,27,15,9.0,1,60,8,26,11,20,10,0,33,1,0,-0.177,-0.9,38,5,13,5,5.0,0,7,38,0.342,0.342,0.579,0.921,149,93,0.178,1.15,1.216,,0.9,27,7,9.0,4,53,16,24,15,16,12,0,44,0,0,-0.678,-1.9
ARI/ARI201405130,"Tuesday, May 13, 2014",6:40 p.m. Local,Chase Field,19025,2:21,Night,Home,Arizona Diamondbacks,ARI,Washington Nationals,WSN,31,1,7,1,1.0,1,7,33,0.226,0.25,0.29,0.54,109,79,-0.391,0.97,0.456,,-3.1,24,10,8.0,0,50,7,22,14,11,5,0,55,0,0,-0.108,0.6,32,3,8,3,3.38,0,7,32,0.25,0.25,0.313,0.563,110,75,0.109,1.16,0.609,,-0.6,27,10,9.0,0,41,8,26,16,9,5,0,75,,,0.392,3.1
ARI/ARI201405140,"Wednesday, May 14, 2014",12:40 p.m. Local,Chase Field,18325,2:33,Day,Away,Washington Nationals,WSN,Arizona Diamondbacks,ARI,33,5,6,5,5.0,2,7,36,0.182,0.229,0.303,0.532,126,92,0.159,0.99,0.854,,0.9,27,12,9.0,1,44,20,28,17,10,7,0,69,0,0,0.34,3.1,31,1,6,1,1.0,0,8,32,0.194,0.219,0.29,0.509,136,81,-0.34,1.28,0.349,,-3.1,27,12,9.0,1,40,10,31,14,9,3,0,81,1,0,-0.16,-0.9
WAS/WAS201405160,"Friday, May 16, 2014",7:05 p.m. Local,Nationals Park,34413,3:08,Night,Home,Washington Nationals,WSN,New York Mets,NYM,33,2,7,2,2.0,5,6,38,0.212,0.316,0.303,0.619,139,100,-0.253,0.45,0.322,,-2.1,24,14,8.0,0,53,17,30,11,16,9,0,30,0,0,-0.248,-1.3,33,5,11,5,3.38,3,5,37,0.333,0.378,0.364,0.742,154,86,0.247,0.75,0.424,,1.3,27,12,9.0,0,48,14,27,17,12,7,0,53,0,0,0.253,2.1
WAS/WAS201405170,"Saturday, May 17, 2014",4:06 p.m. Local,Nationals Park,41225,2:48,Day,Away,New York Mets,NYM,Washington Nationals,WSN,35,5,8,5,5.0,3,8,38,0.229,0.289,0.314,0.604,119,98,0.228,0.8,0.507,,0.9,27,8,9.0,1,53,17,28,10,17,6,0,68,0,0,0.273,2.1,32,2,6,2,2.0,1,7,33,0.188,0.212,0.344,0.556,159,81,-0.273,0.56,0.3,,-2.1,27,8,9.0,1,40,12,29,11,14,3,0,27,0,0,-0.226,-0.9
WAS/WAS201405180,"Sunday, May 18, 2014",1:37 p.m. Local,Nationals Park,36965,2:45,Day,Home,Washington Nationals,WSN,New York Mets,NYM,33,3,8,3,3.0,2,3,35,0.242,0.286,0.273,0.558,139,86,-0.235,0.62,0.429,,-1.1,24,9,8.0,1,52,13,21,16,14,6,0,41,0,0,-0.266,-2.3,31,6,8,6,5.62,4,6,35,0.258,0.343,0.419,0.762,133,92,0.265,1.02,0.618,,2.3,27,13,9.0,0,60,9,23,13,12,5,0,43,0,0,0.235,1.1
WAS/WAS201405190,"Monday, May 19, 2014",7:06 p.m. Local,Nationals Park,24505,4:58,Night,Away,Cincinnati Reds,CIN,Washington Nationals,WSN,54,4,13,3,2.4,5,11,63,0.241,0.328,0.37,0.698,218,139,-0.353,1.99,1.66,,-2.9,45,16,15.0,0,84,22,34,23,22,7,0,61,1,0,0.853,3.9,56,3,13,3,1.2,3,9,61,0.232,0.279,0.321,0.6,214,137,-0.856,1.73,1.28,,-3.9,45,20,15.0,1,84,20,33,19,29,17,0,60,0,0,0.353,2.9
WAS/WAS201405200,"Tuesday, May 20, 2014",7:05 p.m. Local,Nationals Park,26455,3:03,Night,Home,Washington Nationals,WSN,Cincinnati Reds,CIN,34,4,8,4,4.0,2,6,39,0.235,0.289,0.324,0.613,151,97,-0.237,0.59,0.301,,-0.1,24,9,8.0,0,68,7,22,18,12,6,0,34,5,2,-0.264,-5.3,33,9,9,8,7.88,2,9,39,0.273,0.342,0.333,0.675,149,88,0.264,0.71,0.559,,5.3,27,13,9.0,0,54,9,25,15,11,5,0,61,1,0,0.236,0.1
WAS/WAS201405210,"Wednesday, May 21, 2014",4:06 p.m. Local,Nationals Park,28944,2:52,Day,Away,Cincinnati Reds,CIN,Washington Nationals,WSN,35,2,9,2,1.0,4,5,39,0.257,0.333,0.314,0.648,116,84,-0.166,1.55,0.61,,-2.1,27,9,9.0,1,52,12,22,19,11,1,0,68,0,0,0.666,3.1,31,1,6,1,1.0,1,9,34,0.194,0.242,0.29,0.533,132,77,-0.665,1.11,0.416,,-3.1,27,12,9.0,0,45,8,24,9,14,6,0,53,0,0,0.167,2.1
PIT/PIT201405220,"Thursday, May 22, 2014",7:07 p.m. Local,PNC Park,23468,3:13,Night,Home,Pittsburgh Pirates,PIT,Washington Nationals,WSN,32,1,5,1,1.0,6,7,38,0.156,0.289,0.281,0.571,141,94,-0.473,1.08,0.654,,-2.9,24,12,8.0,0,51,14,29,15,10,6,0,52,2,0,-0.029,0.5,31,3,7,3,3.38,6,5,38,0.226,0.368,0.258,0.626,153,87,0.03,1.64,0.612,,-0.5,27,11,9.0,1,55,8,24,11,15,8,0,64,0,0,0.471,2.9
PIT/PIT201405230,"Friday, May 23, 2014",7:06 p.m. Local,PNC Park,31592,3:13,Night,Home,Pittsburgh Pirates,PIT,Washington Nationals,WSN,30,3,8,2,2.0,6,5,41,0.267,0.4,0.3,0.7,125,104,-0.339,0.55,0.778,,-0.9,24,11,8.0,1,56,15,33,12,16,6,0,44,0,0,-0.161,-0.5,31,4,7,3,4.5,2,5,34,0.226,0.294,0.355,0.649,178,86,0.162,1.56,0.462,,0.5,27,9,9.0,0,51,13,22,12,14,6,0,55,5,2,0.34,0.9
PIT/PIT201405240,"Saturday, May 24, 2014",7:16 p.m. Local,PNC Park,38889,2:59,Night,Home,Pittsburgh Pirates,PIT,Washington Nationals,WSN,31,2,5,2,2.0,3,8,37,0.161,0.278,0.258,0.536,127,89,-0.305,1.25,0.504,,-1.9,24,7,8.0,1,47,8,34,14,11,6,0,56,2,0,-0.195,0.5,28,3,8,3,3.38,2,8,33,0.286,0.364,0.429,0.792,142,80,0.195,1.21,0.814,,-0.5,27,11,9.0,1,47,9,24,9,12,4,0,58,0,0,0.305,1.9
PIT/PIT201405250,"Sunday, May 25, 2014",1:35 p.m. Local,PNC Park,38047,3:08,Day,Away,Washington Nationals,WSN,Pittsburgh Pirates,PIT,36,5,10,3,5.0,4,8,41,0.278,0.366,0.361,0.727,131,96,0.205,0.95,0.574,,1.1,27,10,9.0,1,52,16,28,15,13,6,0,56,4,1,0.295,1.9,35,2,9,2,2.0,0,7,35,0.257,0.257,0.343,0.6,162,90,-0.294,0.64,0.386,,-1.9,27,14,9.0,0,52,7,31,14,15,7,0,40,0,0,-0.206,-1.1
WAS/WAS201405260,"Monday, May 26, 2014",1:35 p.m. Local,Nationals Park,33677,2:46,Day,Away,Miami Marlins,MIA,Washington Nationals,WSN,32,3,7,3,3.0,1,7,34,0.219,0.265,0.375,0.64,142,83,-0.02,1.38,0.429,,-1.1,27,10,9.0,1,58,7,18,10,15,7,0,63,1,0,0.52,2.1,30,2,3,2,2.0,1,8,34,0.1,0.182,0.233,0.415,128,91,-0.52,0.61,0.456,,-2.1,27,8,9.0,1,54,13,24,11,12,2,0,58,0,0,0.02,1.1
WAS/WAS201405280,"Wednesday, May 28, 2014",7:06 p.m. Local,Nationals Park,24830,3:47,Night,Away,Miami Marlins,MIA,Washington Nationals,WSN,39,8,14,7,6.3,5,7,45,0.359,0.432,0.41,0.842,182,113,0.399,1.61,1.194,,3.4,30,13,10.0,1,71,19,24,15,18,16,0,59,2,1,0.101,-0.4,43,5,15,4,3.6,5,6,50,0.349,0.42,0.442,0.862,176,116,-0.099,1.45,1.229,,0.4,30,16,10.0,0,68,12,36,18,20,13,0,39,3,3,-0.399,-3.4
WAS/WAS201405300,"Friday, May 30, 2014",7:07 p.m. Local,Nationals Park,31659,2:45,Night,Home,Washington Nationals,WSN,Texas Rangers,TEX,35,2,8,2,0.0,1,10,36,0.229,0.25,0.286,0.536,131,83,-0.102,0.69,0.489,,-2.1,24,8,8.0,1,44,13,26,13,12,4,0,32,1,0,-0.397,-5.3,38,9,15,7,7.88,2,5,40,0.395,0.425,0.5,0.925,119,88,0.398,0.92,0.833,,5.3,27,9,9.0,0,57,6,25,14,19,5,0,64,0,0,0.103,2.1
WAS/WAS201405310,"Saturday, May 31, 2014",12:05 p.m. Local,Nationals Park,35164,2:47,Day,Home,Washington Nationals,WSN,Texas Rangers,TEX,31,2,5,2,2.0,1,10,32,0.161,0.188,0.29,0.478,155,100,-0.148,0.28,0.048,,-2.1,24,8,8.0,4,50,14,36,13,8,3,0,23,0,0,-0.354,-6.3,35,10,12,9,10.12,3,9,38,0.343,0.395,0.743,1.138,146,102,0.356,0.26,0.506,,6.3,27,12,9.0,0,66,17,19,8,18,12,0,61,0,0,0.146,2.1
WAS/WAS201406010,"Sunday, June 1, 2014",1:35 p.m. Local,Nationals Park,32813,3:06,Day,Away,Texas Rangers,TEX,Washington Nationals,WSN,33,2,10,2,2.0,4,6,38,0.303,0.378,0.424,0.803,112,97,-0.112,1.24,0.687,,-2.1,27,2,9.0,0,60,9,30,16,13,8,0,82,0,0,0.611,4.1,32,0,5,0,0.0,2,14,34,0.156,0.206,0.188,0.393,155,77,-0.611,1.05,0.309,,-4.1,27,14,9.0,1,36,18,23,4,14,5,0,61,2,0,0.112,2.1
WAS/WAS201406030,"Tuesday, June 3, 2014",7:06 p.m. Local,Nationals Park,25291,2:42,Night,Home,Washington Nationals,WSN,Philadelphia Phillies,PHI,33,0,6,0,0.0,2,5,35,0.182,0.229,0.212,0.441,144,85,-0.272,0.56,0.058,,-4.1,24,6,8.0,2,47,11,27,15,13,8,0,28,0,0,-0.229,-3.3,34,7,10,7,7.88,3,7,38,0.294,0.351,0.559,0.91,124,94,0.229,0.41,0.477,,3.3,27,9,9.0,0,63,15,16,11,17,9,0,75,0,0,0.271,4.1
WAS/WAS201406040,"Wednesday, June 4, 2014",7:08 p.m. Local,Nationals Park,33614,3:00,Night,Home,Washington Nationals,WSN,Philadelphia Phillies,PHI,37,4,9,3,2.0,1,13,38,0.243,0.263,0.351,0.615,135,103,-0.186,0.71,0.347,,-0.1,24,11,8.0,1,50,20,33,12,12,9,0,19,0,0,-0.315,-4.3,34,8,11,8,9.0,4,7,38,0.324,0.395,0.529,0.924,147,84,0.315,0.72,0.605,,4.3,27,7,9.0,1,50,10,24,15,12,7,0,62,0,0,0.186,0.1
WAS/WAS201406050,"Thursday, June 5, 2014",4:06 p.m. Local,Nationals Park,33016,2:38,Day,Home,Washington Nationals,WSN,Philadelphia Phillies,PHI,30,2,4,2,2.0,0,9,32,0.133,0.161,0.3,0.461,118,82,-0.333,0.94,0.231,,-2.1,24,12,8.0,1,44,9,29,15,7,2,0,46,2,0,-0.167,-0.3,28,4,8,4,4.5,5,3,36,0.286,0.412,0.429,0.84,119,75,0.167,0.85,0.68,,0.3,27,14,9.0,1,46,6,23,13,14,7,0,66,0,0,0.332,2.1
SDN/SDN201406060,"Friday, June 6, 2014",7:11 p.m. Local,Petco Park,25346,2:32,Night,Away,Washington Nationals,WSN,San Diego Padres,SDP,33,6,6,6,5.0,3,9,38,0.182,0.27,0.394,0.664,116,86,0.22,0.56,0.482,,2.3,27,8,9.0,0,41,18,27,15,10,6,0,87,0,0,0.279,3.7,32,0,3,0,0.0,0,12,32,0.094,0.094,0.125,0.219,135,83,-0.279,0.46,0.107,,-3.7,27,11,9.0,1,39,15,29,11,9,4,0,40,2,0,-0.222,-2.3
SDN/SDN201406070,"Saturday, June 7, 2014",7:10 p.m. Local,Petco Park,29172,3:12,Night,Home,San Diego Padres,SDP,Washington Nationals,WSN,39,3,7,3,2.45,2,8,41,0.179,0.22,0.333,0.553,126,102,-0.083,1.58,0.88,,-1.5,32,14,10.2,1,54,19,29,20,11,5,0,55,0,0,-0.417,0.1,40,4,10,4,3.38,1,6,42,0.25,0.268,0.45,0.718,153,91,0.418,1.17,1.624,,-0.1,33,16,11.0,1,56,10,25,19,16,10,0,72,0,0,0.083,1.5
SDN/SDN201406080,"Sunday, June 8, 2014",1:12 p.m. Local,Petco Park,27046,2:38,Day,Away,Washington Nationals,WSN,San Diego Padres,SDP,38,6,13,6,6.0,3,13,42,0.342,0.39,0.474,0.864,114,105,0.349,0.25,0.477,,2.3,27,7,9.0,0,54,20,31,10,16,8,0,95,,,0.15,3.7,29,0,2,0,0.0,0,12,29,0.069,0.069,0.138,0.207,150,83,-0.151,0.34,0.019,,-3.7,27,7,9.0,1,44,12,27,8,9,3,0,19,3,2,-0.35,-2.3
SFN/SFN201406090,"Monday, June 9, 2014",7:15 p.m. Local,AT&T Park,41597,3:01,Night,Away,Washington Nationals,WSN,San Francisco Giants,SFG,39,9,12,8,9.0,4,7,43,0.308,0.372,0.564,0.936,137,90,0.332,0.44,0.668,,5.2,27,10,9.0,0,51,9,30,13,19,8,0,67,0,0,0.166,1.8,33,2,8,2,2.0,0,9,34,0.242,0.265,0.303,0.568,144,95,-0.169,0.58,0.139,,-1.8,27,8,9.0,0,58,14,23,10,13,6,1,34,2,2,-0.334,-5.2
SFN/SFN201406100,"Tuesday, June 10, 2014",7:16 p.m. Local,AT&T Park,41545,2:55,Night,Away,Washington Nationals,WSN,San Francisco Giants,SFG,33,2,9,2,2.0,1,5,35,0.273,0.286,0.364,0.649,139,83,-0.042,1.64,0.507,,-1.8,27,7,9.0,0,46,12,25,11,18,14,0,63,0,0,0.542,2.8,35,1,10,1,1.0,2,4,37,0.286,0.324,0.371,0.696,129,92,-0.542,0.92,0.643,,-2.8,27,11,9.0,0,58,11,23,9,22,12,0,57,0,0,0.042,1.8
SFN/SFN201406110,"Wednesday, June 11, 2014",7:15 p.m. Local,AT&T Park,41404,3:19,Night,Away,Washington Nationals,WSN,San Francisco Giants,SFG,32,6,6,6,6.0,8,9,41,0.188,0.35,0.313,0.663,131,105,0.253,1.0,0.508,,2.2,27,7,9.0,0,55,15,35,13,11,2,0,54,2,1,0.246,1.8,34,2,8,2,2.0,0,6,34,0.235,0.235,0.324,0.559,175,90,-0.248,0.54,0.477,,-1.8,27,8,9.0,1,51,16,23,11,17,9,0,44,2,0,-0.253,-2.2
SFN/SFN201406120,"Thursday, June 12, 2014",12:45 p.m. Local,AT&T Park,41067,2:59,Day,Home,San Francisco Giants,SFG,Washington Nationals,WSN,32,1,7,1,0.0,2,8,35,0.219,0.286,0.219,0.504,141,87,-0.281,0.69,0.487,,-2.8,24,12,8.0,0,46,14,27,12,13,9,0,48,0,0,-0.22,-3.6,34,7,13,6,7.88,4,4,39,0.382,0.436,0.471,0.906,134,83,0.218,1.01,0.645,,3.6,27,12,9.0,0,54,10,19,20,12,5,0,66,0,0,0.281,2.8
SLN/SLN201406130,"Friday, June 13, 2014",7:16 p.m. Local,Busch Stadium III,41519,2:03,Night,Home,St. Louis Cardinals,STL,Washington Nationals,WSN,29,0,2,0,0.0,0,11,29,0.069,0.069,0.069,0.138,76,85,-0.704,0.62,0.159,,-4.0,24,16,8.0,1,40,15,30,8,10,4,0,76,,,0.204,2.5,25,1,3,1,1.12,1,5,26,0.12,0.154,0.24,0.394,129,57,-0.203,1.26,0.202,,-2.5,27,5,9.0,0,35,6,16,15,5,3,0,86,0,0,0.704,4.0
SLN/SLN201406140,"Saturday, June 14, 2014",6:16 p.m. Local,Busch Stadium III,44785,2:44,Night,Home,St. Louis Cardinals,STL,Washington Nationals,WSN,29,1,4,1,1.0,5,8,34,0.138,0.265,0.172,0.437,121,82,-0.358,1.03,0.423,,-3.0,24,13,8.0,1,47,7,28,10,11,3,0,52,3,2,-0.14,-0.5,31,4,8,4,4.5,3,5,35,0.258,0.343,0.452,0.794,131,75,0.14,1.21,0.684,,0.5,27,8,9.0,0,42,10,23,14,12,7,0,65,3,0,0.359,3.0
SLN/SLN201406150,"Sunday, June 15, 2014",1:16 p.m. Local,Busch Stadium III,45325,2:40,Day,Home,St. Louis Cardinals,STL,Washington Nationals,WSN,35,2,8,2,2.0,3,9,39,0.229,0.308,0.229,0.536,127,92,-0.27,0.48,0.415,,-2.0,24,13,8.0,2,51,16,25,12,14,7,0,42,0,0,-0.231,-1.5,29,5,9,5,5.62,3,3,35,0.31,0.364,0.621,0.984,148,79,0.232,1.03,0.469,,1.5,27,10,9.0,0,54,6,19,15,14,10,0,67,2,1,0.269,2.0
WAS/WAS201406170,"Tuesday, June 17, 2014",7:06 p.m. Local,Nationals Park,29960,3:41,Night,Home,Washington Nationals,WSN,Houston Astros,HOU,40,5,14,5,5.0,3,7,43,0.35,0.395,0.425,0.82,161,99,-0.269,0.54,0.723,,0.9,24,8,8.0,0,54,17,28,15,18,9,0,39,3,2,-0.232,-2.3,32,6,9,6,6.75,6,9,39,0.281,0.395,0.406,0.801,159,96,0.231,1.22,0.559,,2.3,27,9,9.0,0,46,16,34,10,14,8,0,51,1,0,0.269,-0.9
WAS/WAS201406180,"Wednesday, June 18, 2014",7:07 p.m. Local,Nationals Park,25453,3:42,Night,Home,Washington Nationals,WSN,Houston Astros,HOU,31,5,7,4,5.0,5,11,39,0.226,0.359,0.29,0.649,143,115,0.056,1.41,0.933,,0.9,24,8,8.0,1,73,20,22,9,12,5,0,49,3,2,-0.557,-2.3,31,6,11,6,6.75,5,7,39,0.355,0.421,0.516,0.937,178,86,0.555,1.34,1.194,,2.3,27,6,9.0,0,48,8,30,14,13,5,0,44,3,0,-0.057,-0.9
WAS/WAS201406190,"Thursday, June 19, 2014",7:06 p.m. Local,Nationals Park,32193,2:56,Night,Away,Atlanta Braves,ATL,Washington Nationals,WSN,38,3,11,3,3.0,2,7,40,0.289,0.325,0.342,0.667,109,91,0.002,1.03,0.467,,-1.1,27,11,9.0,0,55,13,23,13,19,8,0,73,0,0,0.498,4.1,28,0,3,0,0.0,2,8,31,0.107,0.167,0.179,0.345,140,75,-0.498,0.77,0.233,,-4.1,27,9,9.0,0,40,16,19,13,8,3,0,60,2,0,-0.002,1.1
WAS/WAS201406200,"Friday, June 20, 2014",7:07 p.m. Local,Nationals Park,36608,4:34,Night,Away,Atlanta Braves,ATL,Washington Nationals,WSN,51,6,12,6,4.15,2,16,53,0.235,0.264,0.353,0.617,210,140,0.181,1.4,1.068,,0.0,39,9,13.0,2,85,27,28,12,23,11,0,64,0,0,0.318,2.0,47,4,10,4,2.77,6,17,53,0.213,0.302,0.426,0.727,208,136,-0.32,1.12,1.21,,-2.0,39,8,13.0,1,63,22,51,12,18,11,0,46,0,0,-0.182,-0.0
WAS/WAS201406210,"Saturday, June 21, 2014",7:16 p.m. Local,Nationals Park,40677,2:44,Night,Home,Washington Nationals,WSN,Atlanta Braves,ATL,31,0,5,0,0.0,1,3,34,0.161,0.212,0.161,0.373,115,86,-0.489,0.76,0.272,,-4.1,24,4,8.0,0,59,5,22,16,13,7,0,59,0,0,-0.012,0.7,29,3,7,3,3.38,2,11,33,0.241,0.29,0.276,0.566,131,74,0.013,1.1,0.431,,-0.7,27,14,9.0,0,35,18,21,6,14,9,0,74,0,0,0.489,4.1
WAS/WAS201406220,"Sunday, June 22, 2014",1:35 p.m. Local,Nationals Park,39473,2:54,Day,Home,Washington Nationals,WSN,Atlanta Braves,ATL,32,1,4,1,1.0,3,7,35,0.125,0.2,0.125,0.325,125,94,-0.398,0.6,0.353,,-3.1,24,9,8.0,0,59,14,21,12,13,8,0,56,2,1,-0.102,-0.3,29,4,9,3,4.5,1,9,32,0.31,0.323,0.414,0.736,135,79,0.103,1.14,0.409,,0.3,27,10,9.0,0,37,20,25,10,12,10,0,56,2,0,0.399,3.1
MIL/MIL201406230,"Monday, June 23, 2014",7:10 p.m. Local,Miller Park,31102,3:11,Night,Away,Washington Nationals,WSN,Milwaukee Brewers,MIL,33,3,7,3,3.0,3,8,36,0.212,0.278,0.303,0.581,159,92,0.084,0.91,0.531,,-1.1,27,13,9.0,0,46,18,28,12,13,5,0,67,0,0,0.416,4.1,28,0,3,0,0.0,4,10,33,0.107,0.219,0.143,0.362,146,101,-0.417,0.71,0.208,,-4.1,27,8,9.0,1,54,27,20,11,8,2,0,60,0,0,-0.085,1.1
MIL/MIL201406240,"Tuesday, June 24, 2014",7:10 p.m. Local,Miller Park,30149,5:22,Night,Away,Washington Nationals,WSN,Milwaukee Brewers,MIL,59,4,11,4,2.25,2,16,61,0.186,0.213,0.288,0.501,231,160,-0.614,1.86,1.212,,-3.3,48,20,16.0,0,90,17,53,22,21,8,0,59,0,0,1.11,5.3,52,2,10,2,1.12,7,15,61,0.192,0.288,0.212,0.5,254,147,-1.114,1.53,0.985,,-5.3,48,17,16.0,2,87,31,30,22,17,6,0,63,0,0,0.611,3.3
MIL/MIL201406250,"Wednesday, June 25, 2014",1:11 p.m. Local,Miller Park,39049,3:01,Day,Home,Milwaukee Brewers,MIL,Washington Nationals,WSN,29,2,2,2,2.0,4,5,33,0.069,0.182,0.103,0.285,142,96,-0.052,0.55,0.348,,-2.1,24,12,8.0,2,59,5,32,13,11,2,0,19,2,0,-0.446,-5.4,34,9,13,9,10.12,4,3,40,0.382,0.462,0.647,1.109,146,92,0.445,0.7,0.716,,5.4,27,12,9.0,0,58,11,23,14,18,9,0,61,2,0,0.054,2.1
CHN/CHN201406260,"Thursday, June 26, 2014",7:05 p.m. Local,Wrigley Field,28867,2:41,Night,Home,Chicago Cubs,CHC,Washington Nationals,WSN,29,3,8,3,3.0,5,5,35,0.276,0.382,0.379,0.762,140,74,-0.111,0.89,0.711,,-1.1,24,11,8.0,0,44,10,20,15,10,7,0,47,0,0,-0.389,-1.4,31,5,9,5,5.62,1,2,32,0.29,0.313,0.452,0.764,125,94,0.389,1.29,0.772,,1.4,27,17,9.0,0,68,7,19,11,18,8,0,47,0,0,0.111,1.1
CHN/CHN201406270,"Friday, June 27, 2014",3:07 p.m. Local,Wrigley Field,30683,2:49,Day,Home,Chicago Cubs,CHC,Washington Nationals,WSN,32,2,7,2,2.0,1,7,33,0.219,0.242,0.344,0.586,145,79,-0.152,0.87,0.494,,-2.1,24,10,8.0,0,43,9,28,11,14,7,0,37,1,0,-0.349,-3.4,36,7,13,7,7.88,3,4,39,0.361,0.41,0.444,0.855,132,94,0.351,0.85,0.82,,3.4,27,11,9.0,1,59,12,23,15,17,10,0,60,1,0,0.151,2.1
CHN/CHN201406281,"Saturday, June 28, 2014",12:04 p.m. Local,Wrigley Field,35770,2:42,Day,Away,Washington Nationals,WSN,Chicago Cubs,CHC,31,3,7,2,2.0,4,8,36,0.226,0.306,0.323,0.628,137,81,-0.034,0.92,0.608,,-1.1,27,8,9.0,0,47,8,26,14,10,4,0,78,0,0,0.535,4.1,29,0,3,0,0.0,2,10,31,0.103,0.161,0.103,0.265,135,90,-0.536,1.06,0.126,,-4.1,27,11,9.0,0,49,18,23,9,10,5,0,65,3,1,0.036,1.1
CHN/CHN201406282,"Saturday, June 28, 2014",6:16 p.m. Local,Wrigley Field,32267,2:45,Night,Away,Washington Nationals,WSN,Chicago Cubs,CHC,35,7,10,6,6.0,2,10,41,0.286,0.35,0.514,0.864,130,92,0.435,0.7,0.712,,2.9,27,9,9.0,1,55,14,23,16,12,6,0,53,0,0,0.065,2.1,33,2,6,2,2.0,1,6,34,0.182,0.206,0.303,0.509,139,88,-0.065,0.54,0.391,,-2.1,27,8,9.0,2,61,8,19,15,12,4,0,37,0,0,-0.435,-2.9
WAS/WAS201406300,"Monday, June 30, 2014",7:06 p.m. Local,Nationals Park,33660,2:58,Night,Home,Washington Nationals,WSN,Colorado Rockies,COL,32,3,9,2,3.0,2,6,36,0.281,0.314,0.344,0.658,136,82,-0.022,1.04,0.64,,-1.1,24,11,8.0,1,59,4,19,7,21,10,0,46,2,2,-0.477,-3.3,31,7,9,7,7.88,3,5,36,0.29,0.371,0.516,0.888,121,85,0.477,1.01,1.024,,3.3,27,6,9.0,0,44,10,31,14,13,8,0,54,0,0,0.023,1.1
WAS/WAS201407010,"Tuesday, July 1, 2014",7:08 p.m. Local,Nationals Park,26033,3:19,Night,Home,Washington Nationals,WSN,Colorado Rockies,COL,31,1,5,1,1.0,3,9,34,0.161,0.235,0.258,0.493,172,91,-0.191,0.38,0.067,,-3.1,24,11,8.0,0,44,17,30,12,10,5,0,29,4,2,-0.308,-3.3,33,7,10,6,7.88,7,6,42,0.303,0.415,0.424,0.839,134,98,0.308,0.36,0.462,,3.3,27,11,9.0,1,61,10,27,14,15,12,0,72,1,0,0.192,3.1
WAS/WAS201407020,"Wednesday, July 2, 2014",6:35 p.m. Local,Nationals Park,28943,2:42,Night,Home,Washington Nationals,WSN,Colorado Rockies,COL,35,3,9,3,3.0,1,8,36,0.257,0.278,0.371,0.649,119,86,-0.321,0.92,0.601,,-1.1,24,9,8.0,2,53,10,23,9,18,13,0,54,0,0,-0.178,-0.3,29,4,7,4,4.5,1,8,30,0.241,0.267,0.483,0.749,122,85,0.18,1.33,0.702,,0.3,27,5,9.0,1,45,13,27,11,10,4,0,56,0,0,0.32,1.1
WAS/WAS201407040,"Friday, July 4, 2014",11:06 a.m. Local,Nationals Park,41274,2:54,Day,Away,Chicago Cubs,CHC,Washington Nationals,WSN,39,7,14,6,7.0,2,6,41,0.359,0.39,0.513,0.903,131,97,0.223,1.17,0.651,,2.9,27,11,9.0,1,62,13,22,9,24,16,0,59,1,1,0.278,2.1,33,2,7,2,2.0,2,10,35,0.212,0.257,0.394,0.651,139,81,-0.278,0.67,0.559,,-2.1,27,8,9.0,1,39,14,28,12,12,8,0,47,4,3,-0.222,-2.9
WAS/WAS201407050,"Saturday, July 5, 2014",4:06 p.m. Local,Nationals Park,38473,3:10,Day,Home,Washington Nationals,WSN,Chicago Cubs,CHC,30,0,5,0,0.0,1,7,31,0.167,0.194,0.167,0.36,187,81,-0.175,0.36,0.095,,-4.1,24,7,8.0,0,42,13,26,11,12,5,0,31,6,1,-0.325,-9.3,41,13,19,12,14.62,3,11,46,0.463,0.5,0.659,1.159,116,117,0.326,0.4,0.492,,9.3,27,12,9.0,0,71,17,29,13,19,14,0,80,0,0,0.175,4.1
WAS/WAS201407060,"Sunday, July 6, 2014",1:36 p.m. Local,Nationals Park,32941,3:12,Day,Home,Washington Nationals,WSN,Chicago Cubs,CHC,34,1,10,1,1.0,3,7,40,0.294,0.342,0.324,0.666,122,109,-0.49,1.25,0.665,,-3.1,24,12,8.0,0,69,18,22,13,17,8,0,62,0,0,-0.011,1.7,28,2,7,2,2.25,4,6,32,0.25,0.344,0.321,0.665,162,75,0.009,1.82,0.694,,-1.7,27,10,9.0,0,47,12,16,12,11,9,0,62,2,0,0.491,3.1
WAS/WAS201407070,"Monday, July 7, 2014",7:08 p.m. Local,Nationals Park,35126,3:39,Night,Away,Baltimore Orioles,BAL,Washington Nationals,WSN,47,8,15,8,6.55,0,12,48,0.319,0.319,0.617,0.936,163,123,0.043,1.29,1.127,,2.9,33,11,11.0,1,70,20,33,16,20,12,0,64,0,0,0.457,3.1,40,2,7,2,1.64,3,10,43,0.175,0.233,0.275,0.508,179,104,-0.458,1.34,0.591,,-3.1,33,11,11.0,4,59,16,29,12,18,9,0,70,1,1,-0.044,-2.9
BAL/BAL201407090,"Wednesday, July 9, 2014",7:09 p.m. Local,Oriole Park at Camden Yards,35575,2:50,Night,Away,Washington Nationals,WSN,Baltimore Orioles,BAL,33,6,7,6,6.0,3,5,37,0.212,0.27,0.545,0.816,137,86,0.301,1.04,0.573,,1.7,27,14,9.0,1,52,11,23,9,20,7,0,56,0,0,0.199,2.3,32,2,7,2,2.0,2,4,35,0.219,0.286,0.313,0.598,143,92,-0.199,0.6,0.532,,-2.3,27,6,9.0,3,58,9,25,16,12,2,0,31,2,1,-0.302,-1.7
BAL/BAL201407100,"Thursday, July 10, 2014",7:08 p.m. Local,Oriole Park at Camden Yards,30417,2:45,Night,Home,Baltimore Orioles,BAL,Washington Nationals,WSN,36,3,10,3,3.0,1,9,39,0.278,0.333,0.444,0.778,125,90,-0.426,0.62,0.674,,-1.3,24,10,8.0,1,52,16,22,14,13,8,0,52,2,0,-0.075,-0.2,29,4,6,3,3.38,3,9,32,0.207,0.281,0.345,0.626,133,74,0.074,1.59,0.424,,0.2,27,10,9.0,1,36,24,14,12,8,4,0,47,1,0,0.425,1.3
PHI/PHI201407110,"Friday, July 11, 2014",7:08 p.m. Local,Citizens Bank Park,30094,2:44,Night,Home,Philadelphia Phillies,PHI,Washington Nationals,WSN,31,2,6,2,2.0,4,7,36,0.194,0.286,0.355,0.641,116,77,-0.247,0.4,0.236,,-2.0,24,9,8.0,2,41,9,27,12,13,8,0,37,1,0,-0.253,-2.4,33,6,10,6,6.75,1,10,34,0.303,0.324,0.576,0.899,126,78,0.251,0.62,0.43,,2.4,27,11,9.0,1,46,11,21,7,16,8,0,63,2,1,0.248,2.0
PHI/PHI201407120,"Saturday, July 12, 2014",7:15 p.m. Local,Citizens Bank Park,32072,4:03,Night,Away,Washington Nationals,WSN,Philadelphia Phillies,PHI,37,5,6,4,4.5,5,8,42,0.162,0.262,0.297,0.559,182,103,0.267,1.78,1.2,,0.5,30,8,10.0,0,61,19,23,18,11,5,0,54,2,0,0.234,1.5,39,3,10,3,2.7,3,15,42,0.256,0.31,0.282,0.592,175,117,-0.235,1.42,1.035,,-1.5,30,13,10.0,1,64,30,23,10,14,7,0,59,1,0,-0.267,-0.5
PHI/PHI201407130,"Sunday, July 13, 2014",1:38 p.m. Local,Citizens Bank Park,30185,3:03,Day,Away,Washington Nationals,WSN,Philadelphia Phillies,PHI,37,10,12,10,10.0,1,9,40,0.324,0.35,0.541,0.891,141,100,0.265,0.52,0.408,,6.0,27,6,9.0,0,58,15,27,13,16,7,0,71,0,0,0.235,1.0,32,3,5,3,1.0,1,8,35,0.156,0.206,0.219,0.425,149,85,-0.236,0.35,0.15,,-1.0,27,9,9.0,2,50,15,20,10,15,6,0,44,2,1,-0.265,-6.0
WAS/WAS201407180,"Friday, July 18, 2014",7:07 p.m. Local,Nationals Park,39373,3:00,Night,Away,Milwaukee Brewers,MIL,Washington Nationals,WSN,33,4,8,4,4.0,2,10,35,0.242,0.286,0.455,0.74,127,89,0.158,1.12,0.422,,-0.1,27,9,9.0,1,52,15,22,6,17,6,0,56,0,0,0.343,2.1,36,2,11,2,2.0,0,6,36,0.306,0.306,0.444,0.75,132,86,-0.343,0.41,0.53,,-2.1,27,6,9.0,2,49,6,31,11,19,12,0,55,0,0,-0.156,0.1
WAS/WAS201407190,"Saturday, July 19, 2014",7:06 p.m. Local,Nationals Park,38649,3:17,Night,Home,Washington Nationals,WSN,Milwaukee Brewers,MIL,35,3,9,2,3.0,1,7,36,0.257,0.278,0.4,0.678,164,103,-0.116,0.41,0.113,,-1.1,24,6,8.0,0,64,13,26,13,15,6,0,20,2,0,-0.383,-4.3,35,8,12,8,9.0,4,6,40,0.343,0.4,0.457,0.857,150,108,0.384,0.3,0.501,,4.3,27,11,9.0,1,61,16,31,9,21,11,0,65,0,0,0.116,1.1
WAS/WAS201407200,"Sunday, July 20, 2014",1:37 p.m. Local,Nationals Park,36373,3:35,Day,Home,Washington Nationals,WSN,Milwaukee Brewers,MIL,33,4,7,4,4.0,5,11,39,0.212,0.316,0.242,0.558,155,102,0.042,1.11,1.062,,-0.1,26,10,8.2,1,59,21,22,12,11,5,0,44,0,0,-0.541,-1.2,36,5,12,4,5.19,3,12,39,0.333,0.385,0.472,0.857,175,90,0.541,1.73,1.294,,1.2,27,9,9.0,0,37,20,33,15,9,5,0,42,1,1,-0.042,0.1
COL/COL201407210,"Monday, July 21, 2014",6:43 p.m. Local,Coors Field,33082,3:01,Night,Away,Washington Nationals,WSN,Colorado Rockies,COL,39,7,13,5,6.0,5,7,45,0.333,0.409,0.513,0.922,123,89,0.279,0.94,0.75,,2.4,27,10,9.0,0,53,9,27,22,11,8,0,45,3,0,0.223,2.6,35,2,10,2,2.0,2,7,37,0.286,0.324,0.343,0.667,145,83,-0.222,0.69,0.424,,-2.6,27,12,9.0,1,47,15,21,11,17,11,0,39,0,0,-0.279,-2.4
COL/COL201407220,"Tuesday, July 22, 2014",6:42 p.m. Local,Coors Field,36874,3:34,Night,Away,Washington Nationals,WSN,Colorado Rockies,COL,36,7,11,7,7.0,3,2,41,0.306,0.366,0.472,0.838,143,101,0.476,1.09,1.08,,2.4,27,8,9.0,2,61,11,29,21,14,11,0,41,0,0,0.024,0.6,38,4,13,4,4.0,0,8,39,0.342,0.342,0.684,1.026,166,103,-0.025,1.22,0.866,,-0.6,27,19,9.0,1,71,19,13,13,18,9,0,40,4,4,-0.478,-2.4
COL/COL201407230,"Wednesday, July 23, 2014",1:13 p.m. Local,Coors Field,30728,3:17,Day,Home,Colorado Rockies,COL,Washington Nationals,WSN,41,4,12,3,3.0,0,14,41,0.293,0.293,0.317,0.61,137,101,-0.257,0.81,0.844,,-0.6,24,13,8.0,0,49,24,28,16,11,9,0,36,2,1,-0.245,-1.9,33,6,11,5,5.62,4,8,38,0.333,0.405,0.485,0.89,144,85,0.246,1.37,0.76,,1.9,27,10,9.0,0,48,14,23,14,12,9,0,67,0,0,0.255,0.6
CIN/CIN201407250,"Friday, July 25, 2014",7:10 p.m. Local,Great American Ball Park,38812,3:07,Night,Away,Washington Nationals,WSN,Cincinnati Reds,CIN,38,4,12,4,4.0,4,9,43,0.316,0.395,0.368,0.764,126,113,0.159,0.84,0.711,,0.0,27,6,9.0,0,62,22,29,11,18,14,0,72,0,0,0.342,3.0,31,1,4,1,1.0,2,9,34,0.129,0.206,0.161,0.367,171,77,-0.342,0.93,0.243,,-3.0,27,10,9.0,0,46,14,17,9,13,6,0,34,2,0,-0.158,-0.0
CIN/CIN201407260,"Saturday, July 26, 2014",4:05 p.m. Local,Great American Ball Park,32999,2:29,Day,Home,Cincinnati Reds,CIN,Washington Nationals,WSN,27,0,4,0,0.0,5,11,34,0.148,0.303,0.148,0.451,107,83,-0.696,0.96,0.447,,-4.0,24,10,8.0,0,49,13,21,7,10,7,0,71,0,0,0.196,2.5,25,1,4,1,1.12,2,10,27,0.16,0.222,0.24,0.462,131,68,-0.196,1.59,0.363,,-2.5,27,12,9.0,0,34,16,18,7,8,4,0,75,2,0,0.696,4.0
CIN/CIN201407270,"Sunday, July 27, 2014",1:26 p.m. Local,Great American Ball Park,31982,3:19,Day,Away,Washington Nationals,WSN,Cincinnati Reds,CIN,31,4,5,4,3.0,6,9,39,0.161,0.316,0.161,0.477,149,99,0.096,0.91,0.542,,0.0,27,12,9.0,0,54,19,26,9,14,8,0,75,2,2,0.404,2.0,34,2,7,2,2.0,1,7,35,0.206,0.229,0.235,0.464,160,107,-0.402,0.82,0.26,,-2.0,27,9,9.0,0,60,17,30,15,12,6,0,56,0,0,-0.096,-0.0
MIA/MIA201407280,"Monday, July 28, 2014",7:10 p.m. Local,Marlins Park,20027,3:17,Night,Home,Miami Marlins,MIA,Washington Nationals,WSN,33,6,9,6,5.0,5,5,40,0.273,0.359,0.303,0.662,142,90,0.172,1.51,0.505,,2.0,26,10,8.2,0,59,8,23,15,15,10,0,66,3,1,-0.67,-3.4,34,7,10,7,7.27,2,8,38,0.294,0.342,0.441,0.783,154,95,0.671,0.72,1.462,,3.4,27,10,9.0,0,51,15,29,11,16,15,0,37,6,3,-0.17,-2.0
MIA/MIA201407290,"Tuesday, July 29, 2014",7:11 p.m. Local,Marlins Park,22672,3:07,Night,Home,Miami Marlins,MIA,Washington Nationals,WSN,31,0,5,0,0.0,6,6,38,0.161,0.316,0.194,0.509,133,89,-0.57,0.93,0.62,,-4.0,24,12,8.0,0,51,9,29,12,13,6,0,67,1,1,0.07,0.5,28,3,7,3,3.38,2,6,32,0.25,0.3,0.357,0.657,145,85,-0.068,1.65,0.421,,-0.5,27,10,9.0,0,49,13,23,12,12,8,0,71,2,0,0.571,4.0
MIA/MIA201407300,"Wednesday, July 30, 2014",12:40 p.m. Local,Marlins Park,26319,3:20,Day,Away,Washington Nationals,WSN,Miami Marlins,MIA,33,4,7,4,4.0,4,3,38,0.212,0.289,0.303,0.593,153,87,0.139,1.27,0.815,,0.0,27,7,9.0,2,54,6,27,18,13,7,0,72,0,0,0.362,1.0,33,3,6,3,3.0,3,8,36,0.182,0.25,0.394,0.644,143,104,-0.359,1.18,0.469,,-1.0,27,13,9.0,0,57,16,31,11,14,5,0,55,2,2,-0.138,-0.0
WAS/WAS201407310,"Thursday, July 31, 2014",7:07 p.m. Local,Nationals Park,35722,3:31,Night,Away,Philadelphia Phillies,PHI,Washington Nationals,WSN,42,10,17,10,10.0,2,8,46,0.405,0.422,0.429,0.851,133,107,0.422,1.01,0.772,,5.9,27,7,9.0,0,71,16,20,15,22,16,0,60,5,0,0.078,0.1,34,4,8,4,4.0,1,10,36,0.235,0.278,0.294,0.572,176,92,-0.077,0.69,0.569,,-0.1,27,10,9.0,0,51,18,23,11,13,10,0,26,2,0,-0.423,-5.9
WAS/WAS201408010,"Friday, August 1, 2014",7:06 p.m. Local,Nationals Park,28410,2:28,Night,Away,Philadelphia Phillies,PHI,Washington Nationals,WSN,31,2,6,2,2.0,2,6,34,0.194,0.242,0.323,0.565,116,84,-0.163,1.72,0.416,,-2.1,27,8,9.0,0,46,11,27,15,11,2,0,72,0,0,0.663,3.1,33,1,7,1,0.0,1,5,34,0.212,0.235,0.212,0.447,121,75,-0.663,0.87,0.527,,-3.1,27,12,9.0,1,47,10,18,13,15,11,0,60,0,0,0.164,2.1
WAS/WAS201408020,"Saturday, August 2, 2014",7:06 p.m. Local,Nationals Park,36155,3:19,Night,Home,Washington Nationals,WSN,Philadelphia Phillies,PHI,34,0,7,0,0.0,0,11,34,0.206,0.206,0.235,0.441,176,90,-0.137,0.42,0.102,,-4.1,24,5,8.0,1,48,21,21,10,13,8,0,36,1,0,-0.363,-7.3,37,11,14,11,7.88,4,6,43,0.378,0.419,0.568,0.986,119,103,0.365,0.35,0.516,,7.3,27,8,9.0,0,63,13,27,16,17,12,0,75,0,0,0.136,4.1
WAS/WAS201408030,"Sunday, August 3, 2014",1:38 p.m. Local,Nationals Park,30038,2:47,Day,Home,Washington Nationals,WSN,Philadelphia Phillies,PHI,29,0,3,0,0.0,1,13,31,0.103,0.133,0.138,0.271,122,85,-0.575,0.72,0.189,,-4.1,24,3,8.0,0,37,21,27,5,12,8,0,72,2,1,0.074,-0.3,30,4,6,3,2.25,3,9,34,0.2,0.273,0.267,0.539,128,85,-0.074,1.13,0.363,,0.3,27,5,9.0,0,54,15,16,8,14,7,0,80,0,0,0.575,4.1
WAS/WAS201408040,"Monday, August 4, 2014",7:06 p.m. Local,Nationals Park,42181,3:10,Night,Away,Baltimore Orioles,BAL,Washington Nationals,WSN,39,7,14,7,7.0,1,5,41,0.359,0.375,0.564,0.939,139,96,0.475,0.82,1.052,,2.9,27,8,9.0,1,61,15,20,15,20,15,0,45,0,0,0.026,1.1,33,3,8,2,3.0,2,6,36,0.242,0.278,0.364,0.641,144,82,-0.024,0.97,0.485,,-1.1,27,12,9.0,2,47,8,27,13,15,8,0,41,5,1,-0.474,-2.9
WAS/WAS201408050,"Tuesday, August 5, 2014",7:06 p.m. Local,Nationals Park,40686,3:12,Night,Away,New York Mets,NYM,Washington Nationals,WSN,35,6,11,6,6.0,2,8,40,0.314,0.385,0.4,0.785,144,87,0.179,1.22,0.614,,1.9,27,14,9.0,0,55,9,23,14,14,9,0,57,1,0,0.321,3.1,31,1,8,0,1.0,4,7,35,0.258,0.343,0.323,0.665,135,86,-0.321,0.8,0.603,,-3.1,27,11,9.0,0,48,13,25,15,9,5,0,48,2,2,-0.179,-1.9
WAS/WAS201408060,"Wednesday, August 6, 2014",7:06 p.m. Local,Nationals Park,26701,2:31,Night,Home,Washington Nationals,WSN,New York Mets,NYM,34,1,8,1,0.0,0,8,34,0.235,0.235,0.235,0.471,133,93,-0.272,0.33,0.159,,-3.1,24,9,8.0,3,52,10,31,14,12,6,0,32,0,0,-0.23,-3.3,32,7,9,7,7.88,2,4,34,0.281,0.324,0.625,0.949,132,89,0.23,0.56,0.398,,3.3,27,12,9.0,0,55,13,21,11,17,7,0,71,2,1,0.27,3.1
WAS/WAS201408070,"Thursday, August 7, 2014",12:36 p.m. Local,Nationals Park,38611,4:34,Day,Home,Washington Nationals,WSN,New York Mets,NYM,46,3,9,3,2.08,2,10,50,0.196,0.224,0.239,0.464,196,129,-0.727,1.71,0.73,,-3.0,36,11,12.0,2,76,18,35,15,23,8,0,49,6,0,0.225,0.5,47,5,14,5,3.75,3,13,51,0.298,0.34,0.468,0.808,186,131,-0.226,1.56,1.237,,-0.5,39,11,13.0,0,71,19,41,15,20,10,0,52,3,2,0.726,3.0
ATL/ATL201408080,"Friday, August 8, 2014",7:36 p.m. Local,Turner Field,32707,2:47,Night,Home,Atlanta Braves,ATL,Washington Nationals,WSN,32,6,6,6,5.0,2,8,36,0.188,0.25,0.375,0.625,142,80,-0.216,0.32,0.421,,2.1,24,10,8.0,4,46,19,15,11,15,3,0,32,0,0,-0.285,-3.5,33,7,9,7,7.88,3,12,36,0.273,0.333,0.667,1.0,121,99,0.286,0.93,0.481,,3.5,27,7,9.0,2,52,21,26,9,12,6,0,50,1,0,0.216,-2.1
ATL/ATL201408090,"Saturday, August 9, 2014",10:51 p.m. Local,Turner Field,36832,3:38,Night,Away,Washington Nationals,WSN,Atlanta Braves,ATL,42,4,11,4,3.27,4,7,46,0.262,0.326,0.405,0.731,175,101,-0.093,1.61,1.041,,-0.8,33,12,11.0,0,72,10,19,11,24,10,0,64,0,0,0.594,3.8,39,1,9,1,0.82,5,9,45,0.231,0.311,0.256,0.568,164,112,-0.594,1.58,0.681,,-3.8,33,10,11.0,1,65,22,25,15,16,6,0,59,5,3,0.093,0.8
ATL/ATL201408100,"Sunday, August 10, 2014",8:08 p.m. Local,Turner Field,18191,3:07,Night,Home,Atlanta Braves,ATL,Washington Nationals,WSN,32,1,5,1,1.0,3,13,35,0.156,0.229,0.313,0.541,172,87,-0.456,1.12,0.49,,-2.9,24,3,8.0,1,35,21,31,10,9,2,0,48,2,0,-0.044,0.5,32,3,9,3,3.38,5,14,37,0.281,0.378,0.375,0.753,134,109,0.043,1.32,0.7,,-0.5,27,7,9.0,1,64,25,20,8,10,4,0,73,1,0,0.456,2.9
NYN/NYN201408120,"Tuesday, August 12, 2014",7:10 p.m. Local,Citi Field,21200,2:46,Night,Away,Washington Nationals,WSN,New York Mets,NYM,37,7,12,7,7.0,2,7,39,0.324,0.359,0.703,1.062,136,98,0.23,0.5,0.52,,3.3,27,6,9.0,0,65,9,24,15,15,7,0,66,0,0,0.271,2.7,35,1,9,1,1.0,0,3,37,0.257,0.27,0.286,0.556,156,88,-0.273,0.46,0.119,,-2.7,27,11,9.0,4,53,4,31,9,24,11,0,35,0,0,-0.229,-3.3
NYN/NYN201408130,"Wednesday, August 13, 2014",7:10 p.m. Local,Citi Field,21364,2:47,Night,Away,Washington Nationals,WSN,New York Mets,NYM,32,3,8,3,2.0,2,10,36,0.25,0.278,0.406,0.684,121,90,0.137,2.15,0.864,,-0.7,27,9,9.0,1,50,10,30,11,14,4,0,65,3,0,0.363,1.7,36,2,9,1,1.0,0,6,37,0.25,0.27,0.333,0.604,128,90,-0.363,1.19,1.117,,-1.7,27,8,9.0,1,53,12,25,11,19,9,0,66,0,0,-0.137,0.7
NYN/NYN201408140,"Thursday, August 14, 2014",7:10 p.m. Local,Citi Field,22782,2:53,Night,Away,Washington Nationals,WSN,New York Mets,NYM,30,4,5,4,4.0,7,7,39,0.167,0.324,0.367,0.691,133,87,0.175,0.78,0.456,,0.3,27,10,9.0,0,48,11,28,13,12,2,0,75,0,0,0.325,2.7,28,1,3,1,0.0,2,10,31,0.107,0.161,0.143,0.304,144,88,-0.326,0.45,0.227,,-2.7,27,8,9.0,2,46,14,28,13,6,1,0,47,3,0,-0.176,-0.3
WAS/WAS201408150,"Friday, August 15, 2014",7:06 p.m. Local,Nationals Park,36945,3:05,Night,Home,Washington Nationals,WSN,Pittsburgh Pirates,PIT,35,4,8,4,4.0,2,6,37,0.229,0.27,0.371,0.642,143,97,-0.314,0.75,0.473,,-0.1,24,9,8.0,0,58,11,28,13,16,5,0,25,0,0,-0.186,-1.3,32,5,11,5,5.62,4,9,36,0.344,0.417,0.375,0.792,147,88,0.184,1.1,0.631,,1.3,27,8,9.0,1,46,21,21,15,8,6,0,49,1,0,0.314,0.1
WAS/WAS201408160,"Saturday, August 16, 2014",7:06 p.m. Local,Nationals Park,41880,2:49,Night,Home,Washington Nationals,WSN,Pittsburgh Pirates,PIT,33,3,8,3,3.0,2,11,36,0.242,0.306,0.273,0.578,134,93,-0.043,1.39,0.439,,-1.1,24,11,8.0,1,54,15,24,13,9,5,0,65,2,0,-0.459,-0.9,29,4,8,4,4.5,4,6,34,0.276,0.382,0.414,0.796,145,81,0.458,0.74,1.3,,0.9,27,10,9.0,0,43,15,23,12,11,8,0,46,0,0,0.042,1.1
WAS/WAS201408170,"Sunday, August 17, 2014",5:06 p.m. Local,Nationals Park,34430,3:42,Night,Home,Washington Nationals,WSN,Pittsburgh Pirates,PIT,43,5,10,3,2.45,2,5,46,0.233,0.283,0.256,0.538,164,108,0.359,1.82,1.595,,-0.1,32,13,10.2,0,68,13,27,22,16,6,0,54,3,3,-0.859,-1.0,41,6,10,3,2.53,4,9,47,0.244,0.319,0.268,0.587,159,103,0.859,1.69,1.89,,1.0,33,20,11.0,0,54,14,35,19,14,7,0,67,1,0,-0.358,0.1
WAS/WAS201408180,"Monday, August 18, 2014",7:07 p.m. Local,Nationals Park,21292,3:16,Night,Home,Washington Nationals,WSN,Arizona Diamondbacks,ARI,38,4,9,4,3.27,5,6,45,0.237,0.318,0.421,0.739,142,103,0.222,1.43,1.585,,-1.1,32,12,10.2,2,59,17,27,15,19,9,0,64,0,0,-0.723,-0.0,37,5,8,5,4.22,2,12,40,0.216,0.25,0.459,0.709,162,94,0.724,1.87,1.758,,0.0,33,14,11.0,2,45,23,26,8,18,12,0,56,0,0,-0.223,1.1
WAS/WAS201408190,"Tuesday, August 19, 2014",7:07 p.m. Local,Nationals Park,26827,2:50,Night,Home,Washington Nationals,WSN,Arizona Diamondbacks,ARI,28,1,3,1,1.0,1,6,29,0.107,0.138,0.25,0.388,151,72,-0.094,0.71,0.165,,-3.1,24,6,8.0,0,37,15,20,8,14,8,0,19,3,3,-0.406,-4.3,35,8,12,8,9.0,5,7,40,0.343,0.425,0.371,0.796,109,95,0.405,0.38,0.69,,4.3,27,9,9.0,1,54,12,29,10,18,12,0,75,0,0,0.094,3.1
WAS/WAS201408200,"Wednesday, August 20, 2014",7:17 p.m. Local,Nationals Park,24113,3:04,Night,Home,Washington Nationals,WSN,Arizona Diamondbacks,ARI,33,2,7,2,2.0,3,4,36,0.212,0.278,0.303,0.581,140,89,-0.276,1.26,0.774,,-2.1,25,13,8.1,0,48,14,27,9,20,9,0,54,1,0,-0.223,0.3,31,3,9,3,3.24,5,7,36,0.29,0.389,0.355,0.744,143,85,0.222,1.52,0.855,,-0.3,27,7,9.0,1,49,14,22,16,8,6,0,68,1,0,0.277,2.1
WAS/WAS201408210,"Thursday, August 21, 2014",4:06 p.m. Local,Nationals Park,32311,2:51,Day,Home,Washington Nationals,WSN,Arizona Diamondbacks,ARI,27,0,4,0,0.0,4,6,32,0.148,0.258,0.148,0.406,136,72,-0.658,1.91,0.323,,-4.1,25,10,8.1,0,44,11,19,13,9,5,0,56,4,1,0.158,2.6,30,1,10,0,0.0,6,5,38,0.333,0.444,0.333,0.778,121,75,-0.159,1.43,1.026,,-2.6,27,14,9.0,0,45,9,21,11,15,4,1,72,0,0,0.658,4.1
WAS/WAS201408220,"Friday, August 22, 2014",7:06 p.m. Local,Nationals Park,33718,3:24,Night,Away,San Francisco Giants,SFG,Washington Nationals,WSN,40,10,14,10,9.0,2,6,43,0.35,0.372,0.55,0.922,159,119,0.297,0.76,0.738,,5.9,27,8,9.0,1,78,15,26,19,16,9,0,54,2,0,0.203,1.1,33,3,7,2,2.0,3,8,36,0.212,0.278,0.333,0.611,172,100,-0.204,0.58,0.391,,-1.1,27,13,9.0,2,61,15,24,8,17,10,0,44,0,0,-0.298,-5.9
WAS/WAS201408230,"Saturday, August 23, 2014",5:17 p.m. Local,Nationals Park,34137,2:38,Night,Home,Washington Nationals,WSN,San Francisco Giants,SFG,34,2,9,2,2.0,0,8,34,0.265,0.265,0.382,0.647,135,85,-0.075,0.53,0.386,,-2.1,24,7,8.0,1,57,4,24,11,15,5,0,24,1,0,-0.425,-2.3,29,6,6,4,4.5,4,8,34,0.207,0.303,0.414,0.717,115,87,0.426,0.66,0.646,,2.3,27,8,9.0,1,51,11,25,8,14,5,0,68,0,0,0.076,2.1
WAS/WAS201408240,"Sunday, August 24, 2014",1:39 p.m. Local,Nationals Park,35476,3:46,Day,Home,Washington Nationals,WSN,San Francisco Giants,SFG,37,6,12,6,6.0,2,7,41,0.324,0.341,0.568,0.909,185,89,0.206,0.89,0.555,,1.9,24,10,8.0,3,59,9,21,11,21,6,0,47,4,1,-0.706,-10.3,40,14,18,13,15.75,6,5,46,0.45,0.522,0.825,1.347,139,112,0.707,0.65,1.251,,10.3,27,8,9.0,2,69,10,33,16,19,10,0,28,0,0,-0.208,-1.9
PHI/PHI201408250,"Monday, August 25, 2014",7:08 p.m. Local,Citizens Bank Park,23089,2:46,Night,Home,Philadelphia Phillies,PHI,Washington Nationals,WSN,33,2,6,2,2.0,2,14,36,0.182,0.25,0.424,0.674,134,90,-0.448,0.78,0.481,,-2.0,24,11,8.0,2,44,17,29,6,13,6,0,55,0,0,-0.051,0.6,29,3,8,3,3.38,1,4,31,0.276,0.323,0.517,0.84,137,81,0.051,1.23,0.479,,-0.6,27,3,9.0,2,50,12,19,12,13,7,0,78,0,0,0.448,2.0
PHI/PHI201408260,"Tuesday, August 26, 2014",7:07 p.m. Local,Citizens Bank Park,25238,2:24,Night,Home,Philadelphia Phillies,PHI,Washington Nationals,WSN,34,3,8,3,3.0,1,9,35,0.235,0.257,0.324,0.581,107,74,-0.206,1.03,0.798,,-1.0,24,13,8.0,2,38,13,23,13,12,7,0,51,0,0,-0.293,-0.4,29,4,7,4,3.38,1,5,31,0.241,0.258,0.517,0.775,106,76,0.296,1.58,0.748,,0.4,27,10,9.0,1,50,7,19,15,10,2,0,53,0,0,0.207,1.0
PHI/PHI201408270,"Wednesday, August 27, 2014",7:43 p.m. Local,Citizens Bank Park,33183,3:04,Night,Home,Philadelphia Phillies,PHI,Washington Nationals,WSN,35,4,9,4,4.0,1,7,36,0.257,0.278,0.4,0.678,144,98,0.062,0.93,0.645,,-0.0,24,13,8.0,3,56,12,30,17,11,6,0,33,4,0,-0.563,-4.4,37,8,15,7,7.88,3,6,42,0.405,0.463,0.676,1.139,148,97,0.562,0.81,1.257,,4.4,27,13,9.0,1,56,12,29,14,18,9,0,45,0,0,-0.062,0.0
SEA/SEA201408290,"Friday, August 29, 2014",7:10 p.m. Local,Safeco Field,35616,2:55,Night,Away,Washington Nationals,WSN,Seattle Mariners,SEA,38,8,14,8,8.0,2,2,41,0.368,0.39,0.868,1.259,147,94,0.381,0.88,0.795,,4.0,27,2,9.0,0,58,12,24,19,18,7,0,57,0,0,0.118,1.0,37,3,10,3,3.0,1,12,38,0.27,0.289,0.351,0.641,148,105,-0.119,0.55,0.465,,-1.0,27,14,9.0,6,57,17,31,8,17,7,0,37,0,0,-0.382,-4.0
SEA/SEA201408300,"Saturday, August 30, 2014",6:11 p.m. Local,Safeco Field,32894,2:54,Night,Away,Washington Nationals,WSN,Seattle Mariners,SEA,34,3,8,3,2.0,2,9,36,0.235,0.278,0.353,0.631,116,90,0.068,1.11,0.437,,-1.0,27,7,9.0,1,48,10,32,16,9,4,0,71,0,0,0.432,3.0,35,1,8,1,1.0,0,10,35,0.229,0.229,0.314,0.543,141,85,-0.434,0.54,0.32,,-3.0,27,14,9.0,1,47,13,25,11,14,2,0,53,0,0,-0.067,1.0
SEA/SEA201408310,"Sunday, August 31, 2014",1:10 p.m. Local,Safeco Field,26221,2:57,Day,Home,Seattle Mariners,SEA,Washington Nationals,WSN,34,3,6,3,3.0,2,10,36,0.176,0.222,0.5,0.722,119,91,-0.199,1.05,0.634,,-1.0,24,6,8.0,1,51,10,30,14,10,3,0,39,3,1,-0.3,-1.5,34,5,12,5,5.62,1,5,35,0.353,0.371,0.5,0.871,138,79,0.301,1.22,0.942,,1.5,27,9,9.0,3,45,9,25,11,18,9,0,56,0,0,0.2,1.0
LAN/LAN201409010,"Monday, September 1, 2014",5:10 p.m. Local,Dodger Stadium,41857,3:12,Night,Away,Washington Nationals,WSN,Los Angeles Dodgers,LAD,35,6,9,6,6.0,3,6,38,0.257,0.316,0.657,0.973,124,101,0.37,0.88,0.74,,2.2,27,14,9.0,1,61,10,30,14,15,6,0,56,4,1,0.131,-0.2,33,4,6,4,4.0,3,7,36,0.182,0.25,0.273,0.523,161,81,-0.131,0.54,0.463,,0.2,27,13,9.0,4,43,15,23,20,6,3,0,36,0,0,-0.37,-2.2
LAN/LAN201409020,"Tuesday, September 2, 2014",7:10 p.m. Local,Dodger Stadium,43352,2:40,Night,Home,Los Angeles Dodgers,LAD,Washington Nationals,WSN,31,1,3,1,1.0,2,11,33,0.097,0.152,0.194,0.345,133,90,-0.38,0.74,0.138,,-2.8,24,13,8.0,1,46,18,26,9,11,3,0,33,3,0,-0.121,-0.6,33,4,11,3,3.38,2,3,36,0.333,0.371,0.455,0.826,123,91,0.122,0.72,0.655,,0.6,27,9,9.0,1,61,7,23,19,12,9,0,78,0,0,0.379,2.8
LAN/LAN201409030,"Wednesday, September 3, 2014",12:11 p.m. Local,Dodger Stadium,38404,5:34,Day,Away,Washington Nationals,WSN,Los Angeles Dodgers,LAD,54,8,12,8,3.21,6,12,62,0.222,0.311,0.333,0.645,227,151,0.815,1.88,2.314,,2.1,42,15,14.0,2,91,21,39,24,19,7,0,63,6,0,-0.316,0.9,53,5,13,4,2.57,5,18,59,0.245,0.31,0.377,0.688,240,158,0.316,1.9,2.21,,-0.9,42,15,14.0,2,92,35,31,18,19,8,0,69,2,0,-0.818,-2.1
WAS/WAS201409050,"Friday, September 5, 2014",7:08 p.m. Local,Nationals Park,27437,4:32,Night,Away,Philadelphia Phillies,PHI,Washington Nationals,WSN,43,9,11,9,4.09,2,9,47,0.256,0.289,0.512,0.801,192,132,0.403,1.2,1.164,,3.9,33,12,11.0,1,88,17,30,15,21,11,0,32,2,1,0.095,-2.9,41,8,14,8,5.73,7,7,51,0.341,0.42,0.463,0.883,203,116,-0.098,1.0,0.883,,2.9,33,14,11.0,3,73,15,28,16,21,11,0,65,3,3,-0.404,-3.9
WAS/WAS201409060,"Saturday, September 6, 2014",4:07 p.m. Local,Nationals Park,37408,2:33,Day,Away,Philadelphia Phillies,PHI,Washington Nationals,WSN,33,3,6,3,3.0,1,12,34,0.182,0.206,0.273,0.479,123,82,0.042,1.27,0.466,,-1.1,27,11,9.0,0,39,13,30,7,14,11,0,63,0,0,0.459,3.1,30,1,7,1,1.0,2,7,34,0.233,0.273,0.233,0.506,123,83,-0.458,0.76,0.344,,-3.1,27,5,9.0,1,43,14,26,15,10,5,0,55,0,0,-0.041,1.1
WAS/WAS201409070,"Sunday, September 7, 2014",1:36 p.m. Local,Nationals Park,29108,3:20,Day,Home,Washington Nationals,WSN,Philadelphia Phillies,PHI,30,2,6,1,1.0,1,6,32,0.2,0.219,0.233,0.452,155,91,-0.446,1.06,0.494,,-2.1,24,6,8.0,2,55,12,24,8,17,8,0,51,2,0,-0.054,0.7,29,3,7,3,3.38,5,9,35,0.241,0.343,0.517,0.86,145,92,0.053,1.35,0.692,,-0.7,27,9,9.0,0,58,17,17,5,16,7,0,59,1,0,0.446,2.1
WAS/WAS201409080,"Monday, September 8, 2014",7:06 p.m. Local,Nationals Park,25448,2:39,Night,Home,Washington Nationals,WSN,Atlanta Braves,ATL,30,1,4,1,1.0,4,8,34,0.133,0.235,0.167,0.402,111,100,-0.602,0.85,0.399,,-3.1,24,11,8.0,0,60,13,27,13,9,3,0,51,2,1,0.102,1.7,30,2,7,2,2.25,3,4,33,0.233,0.303,0.267,0.57,147,68,-0.101,1.48,0.371,,-1.7,27,10,9.0,0,42,8,18,14,12,6,0,73,4,1,0.602,3.1
WAS/WAS201409090,"Tuesday, September 9, 2014",7:06 p.m. Local,Nationals Park,29233,3:02,Night,Home,Washington Nationals,WSN,Atlanta Braves,ATL,34,4,7,4,2.0,0,11,34,0.206,0.206,0.382,0.588,144,95,-0.201,0.54,0.383,,-0.1,24,11,8.0,0,58,16,24,10,13,8,0,30,0,0,-0.298,-2.3,31,6,9,6,5.62,4,5,37,0.29,0.361,0.387,0.748,135,83,0.298,0.82,0.493,,2.3,27,9,9.0,1,50,11,22,11,17,12,0,55,2,0,0.202,0.1
WAS/WAS201409100,"Wednesday, September 10, 2014",4:07 p.m. Local,Nationals Park,31086,3:01,Day,Away,Atlanta Braves,ATL,Washington Nationals,WSN,38,6,13,6,6.0,2,11,42,0.342,0.381,0.526,0.907,123,103,0.287,0.85,0.818,,1.9,27,3,9.0,1,55,20,28,12,16,10,0,72,0,0,0.212,2.1,34,2,7,1,1.0,1,11,35,0.206,0.229,0.294,0.523,155,84,-0.213,0.74,0.37,,-2.1,27,9,9.0,1,40,16,28,6,17,6,0,54,2,2,-0.288,-1.9
NYN/NYN201409110,"Thursday, September 11, 2014",7:11 p.m. Local,Citi Field,21111,3:10,Night,Away,Washington Nationals,WSN,New York Mets,NYM,34,6,8,6,5.0,6,5,43,0.235,0.381,0.441,0.822,121,97,0.313,0.81,0.512,,2.3,27,10,9.0,1,58,11,28,13,17,6,0,51,8,0,0.187,1.7,33,2,9,2,2.0,1,2,35,0.273,0.314,0.394,0.708,159,83,-0.185,0.38,0.452,,-1.7,27,9,9.0,2,51,6,26,10,21,9,0,23,2,0,-0.314,-2.3
NYN/NYN201409120,"Friday, September 12, 2014",7:11 p.m. Local,Citi Field,25792,3:10,Night,Home,New York Mets,NYM,Washington Nationals,WSN,35,3,11,3,3.0,4,9,41,0.314,0.4,0.429,0.829,131,103,-0.313,0.9,1.059,,-0.7,24,8,8.0,0,63,14,26,16,11,8,0,54,0,0,-0.187,-0.7,31,4,7,3,3.38,1,11,33,0.226,0.273,0.323,0.595,162,90,0.187,1.88,0.662,,0.7,27,13,9.0,1,43,17,30,7,13,6,0,40,2,0,0.313,0.7
NYN/NYN201409130,"Saturday, September 13, 2014",7:11 p.m. Local,Citi Field,28849,3:32,Night,Away,Washington Nationals,WSN,New York Mets,NYM,43,10,15,9,9.0,4,9,48,0.349,0.417,0.535,0.952,114,122,0.312,0.59,0.616,,6.3,27,10,9.0,1,72,29,21,21,13,6,0,54,0,0,0.187,0.7,33,3,6,3,2.0,1,6,35,0.182,0.229,0.303,0.532,203,75,-0.187,0.44,0.228,,-0.7,27,11,9.0,2,42,9,24,13,14,4,0,26,5,2,-0.313,-6.3
NYN/NYN201409140,"Sunday, September 14, 2014",1:11 p.m. Local,Citi Field,31553,2:53,Day,Away,Washington Nationals,WSN,New York Mets,NYM,32,3,8,2,2.0,1,7,35,0.25,0.273,0.406,0.679,136,86,-0.002,1.34,0.557,,-0.7,27,5,9.0,0,49,13,26,10,17,7,0,66,0,0,0.502,3.7,35,0,8,0,0.0,1,5,38,0.229,0.289,0.314,0.604,143,97,-0.503,0.94,0.468,,-3.7,27,9,9.0,1,67,9,21,11,19,4,0,64,0,0,0.002,0.7
ATL/ATL201409150,"Monday, September 15, 2014",7:11 p.m. Local,Turner Field,18220,3:06,Night,Away,Washington Nationals,WSN,Atlanta Braves,ATL,31,4,6,4,4.0,4,9,37,0.194,0.306,0.387,0.693,127,90,0.078,1.14,0.526,,0.1,27,13,9.0,0,50,18,22,7,16,11,0,74,2,1,0.422,1.9,33,2,9,2,2.0,1,8,35,0.273,0.294,0.364,0.658,152,80,-0.422,0.66,0.439,,-1.9,27,7,9.0,1,49,13,18,14,12,6,0,62,4,1,-0.077,-0.1
ATL/ATL201409160,"Tuesday, September 16, 2014",7:12 p.m. Local,Turner Field,28175,2:36,Night,Away,Washington Nationals,WSN,Atlanta Braves,ATL,32,3,6,2,3.0,4,8,36,0.188,0.278,0.313,0.59,108,88,-0.014,1.13,0.549,,-0.9,27,10,9.0,0,49,12,27,12,12,7,0,71,0,0,0.513,3.9,30,0,5,0,0.0,0,5,31,0.167,0.167,0.167,0.333,135,74,-0.514,0.85,0.213,,-3.9,27,9,9.0,1,42,13,19,11,15,5,0,65,0,0,0.012,0.9
ATL/ATL201409170,"Wednesday, September 17, 2014",7:09 p.m. Local,Turner Field,26643,2:43,Night,Home,Atlanta Braves,ATL,Washington Nationals,WSN,29,1,5,1,1.0,1,11,32,0.172,0.226,0.31,0.536,123,90,-0.334,1.33,0.45,,-2.9,24,11,8.0,0,51,17,22,9,10,3,0,63,0,0,-0.166,0.5,30,3,7,2,3.38,2,6,33,0.233,0.303,0.233,0.536,128,79,0.167,1.2,0.809,,-0.5,27,9,9.0,1,44,15,20,14,10,4,0,65,2,0,0.333,2.9
MIA/MIA201409180,"Thursday, September 18, 2014",7:11 p.m. Local,Marlins Park,18010,2:46,Night,Away,Washington Nationals,WSN,Miami Marlins,MIA,37,6,11,5,5.0,0,10,38,0.297,0.297,0.378,0.676,125,96,0.37,0.55,0.65,,2.0,27,10,9.0,0,49,21,26,16,12,6,0,62,0,0,0.13,2.0,33,2,6,2,2.0,0,7,33,0.182,0.182,0.273,0.455,127,83,-0.13,0.54,0.254,,-2.0,27,11,9.0,0,54,12,17,12,14,8,0,33,1,0,-0.371,-2.0
MIA/MIA201409190,"Friday, September 19, 2014",7:10 p.m. Local,Marlins Park,19815,2:47,Night,Away,Washington Nationals,WSN,Miami Marlins,MIA,33,3,7,3,3.0,4,9,37,0.212,0.297,0.424,0.722,129,102,-0.054,1.33,0.605,,-1.0,27,13,9.0,1,55,16,31,9,15,7,0,55,0,0,0.554,2.0,31,2,5,2,2.0,3,1,34,0.161,0.235,0.355,0.59,152,81,-0.554,0.88,0.417,,-2.0,27,6,9.0,1,55,2,24,14,16,7,0,44,0,0,0.054,1.0
MIA/MIA201409200,"Saturday, September 20, 2014",7:10 p.m. Local,Marlins Park,20983,2:59,Night,Away,Washington Nationals,WSN,Miami Marlins,MIA,35,3,12,3,3.0,2,4,37,0.343,0.378,0.486,0.864,128,87,0.097,1.35,1.145,,-1.0,27,14,9.0,0,49,13,25,16,15,8,0,60,0,0,0.404,2.0,33,2,7,1,1.0,0,6,33,0.212,0.212,0.242,0.455,134,91,-0.403,1.32,0.656,,-2.0,27,16,9.0,0,58,10,23,15,12,7,0,43,2,1,-0.096,1.0
MIA/MIA201409210,"Sunday, September 21, 2014",1:10 p.m. Local,Marlins Park,22806,2:30,Day,Away,Washington Nationals,WSN,Miami Marlins,MIA,34,2,8,2,2.0,0,6,34,0.235,0.235,0.353,0.588,107,82,-0.063,1.22,0.438,,-2.0,27,13,9.0,0,53,10,19,15,13,8,0,74,0,0,0.563,3.0,26,1,4,1,1.0,2,6,30,0.154,0.233,0.231,0.464,133,71,-0.564,0.74,0.291,,-3.0,27,12,9.0,0,39,8,24,14,7,4,0,54,0,0,0.064,2.0
WAS/WAS201409230,"Tuesday, September 23, 2014",7:06 p.m. Local,Nationals Park,30714,2:57,Night,Home,Washington Nationals,WSN,New York Mets,NYM,33,2,7,2,2.0,2,4,36,0.212,0.25,0.394,0.644,119,97,-0.278,0.93,0.594,,-2.1,24,10,8.0,1,58,12,27,10,20,12,0,47,1,0,-0.221,-0.3,29,4,5,4,4.5,4,6,34,0.172,0.273,0.31,0.583,149,70,0.222,1.26,0.707,,0.3,27,9,9.0,0,38,9,23,14,10,6,0,56,7,1,0.278,2.1
WAS/WAS201409251,"Thursday, September 25, 2014",1:07 p.m. Local,Nationals Park,28629,3:31,Day,Away,New York Mets,NYM,Washington Nationals,WSN,40,7,15,7,7.0,4,7,45,0.375,0.444,0.425,0.869,151,99,0.481,1.43,1.352,,2.9,27,8,9.0,0,58,13,28,19,14,9,0,35,0,0,0.02,0.1,34,4,10,4,4.0,3,10,38,0.294,0.342,0.294,0.636,167,96,-0.019,1.22,0.921,,-0.1,27,12,9.0,0,50,21,25,12,13,4,0,31,3,2,-0.479,-2.9
WAS/WAS201409252,"Thursday, September 25, 2014",7:07 p.m. Local,Nationals Park,26439,3:00,Night,Home,Washington Nationals,WSN,New York Mets,NYM,29,0,3,0,0.0,2,14,31,0.103,0.161,0.103,0.265,149,90,-0.404,0.75,0.173,,-4.1,24,8,8.0,0,49,17,24,7,8,4,0,51,0,0,-0.096,0.7,30,3,6,2,3.38,4,10,36,0.2,0.333,0.233,0.567,133,86,0.097,0.85,0.457,,-0.7,27,6,9.0,0,49,19,18,11,10,4,0,85,0,0,0.404,4.1
WAS/WAS201409261,"Friday, September 26, 2014",1:06 p.m. Local,Nationals Park,27920,2:31,Day,Home,Washington Nationals,WSN,Miami Marlins,MIA,29,0,3,0,0.0,0,9,30,0.103,0.133,0.172,0.306,154,77,-0.357,0.52,0.094,,-4.1,24,14,8.0,1,41,13,23,12,8,3,0,44,3,0,-0.144,-0.3,31,4,9,3,3.38,10,5,41,0.29,0.463,0.452,0.915,104,86,0.144,0.65,0.487,,0.3,27,9,9.0,0,46,11,29,18,8,5,0,90,,,0.356,4.1
WAS/WAS201409262,"Friday, September 26, 2014",7:07 p.m. Local,Nationals Park,34190,3:34,Night,Away,Miami Marlins,MIA,Washington Nationals,WSN,45,15,22,14,14.0,2,6,48,0.489,0.521,0.711,1.232,155,116,0.813,1.02,1.357,,10.9,27,13,9.0,2,83,13,21,17,22,14,0,36,2,1,-0.313,-2.9,38,7,12,6,7.0,1,7,42,0.316,0.381,0.579,0.96,178,102,0.313,0.91,0.951,,2.9,27,13,9.0,1,54,17,31,13,18,11,0,18,3,2,-0.814,-10.9
WAS/WAS201409270,"Saturday, September 27, 2014",4:07 p.m. Local,Nationals Park,37529,2:57,Day,Home,Washington Nationals,WSN,Miami Marlins,MIA,32,1,4,0,0.0,2,9,35,0.125,0.176,0.156,0.333,140,95,-0.481,0.82,0.235,,-3.1,24,16,8.0,0,59,9,27,13,11,5,0,55,2,0,-0.02,-1.3,32,5,11,5,5.62,5,7,38,0.344,0.432,0.375,0.807,137,88,0.02,0.97,0.411,,1.3,27,10,9.0,0,49,24,15,20,6,4,0,74,0,0,0.48,3.1
WAS/WAS201409280,"Sunday, September 28, 2014",1:36 p.m. Local,Nationals Park,35085,2:01,Day,Home,Washington Nationals,WSN,Miami Marlins,MIA,27,0,0,0,0.0,1,10,28,0.0,0.036,0.0,0.036,101,77,-0.716,0.9,0.043,,-4.1,24,9,8.0,1,48,17,14,5,12,6,0,54,0,0,0.217,2.7,32,1,11,1,1.12,0,5,32,0.344,0.344,0.5,0.844,104,70,-0.216,1.1,0.394,,-2.7,27,6,9.0,0,44,6,20,13,14,8,0,96,,,0.717,4.1
