,date,time,venue,attendance,duration,time_of_day,winner,winning_name,winning_abbr,losing_name,losing_abbr,away_at_bats,away_runs,away_hits,away_rbi,away_earned_runs,away_bases_on_balls,away_strikeouts,away_plate_appearances,away_batting_average,away_on_base_percentage,away_slugging_percentage,away_on_base_plus,away_pitches,away_strikes,away_win_probability_for_offensive_player,away_average_leverage_index,away_win_probability_added,away_win_probability_subtracted,away_base_out_runs_added,away_putouts,away_assists,away_innings_pitched,away_home_runs,away_strikes_by_contact,away_strikes_swinging,away_strikes_looking,away_grounded_balls,away_fly_balls,away_line_drives,away_unknown_bat_type,away_game_score,away_inherited_runners,away_inherited_score,away_win_probability_by_pitcher,away_base_out_runs_saved,home_at_bats,home_runs,home_hits,home_rbi,home_earned_runs,home_bases_on_balls,home_strikeouts,home_plate_appearances,home_batting_average,home_on_base_percentage,home_slugging_percentage,home_on_base_plus,home_pitches,home_strikes,home_win_probability_for_offensive_player,home_average_leverage_index,home_win_probability_added,home_win_probability_subtracted,home_base_out_runs_added,home_putouts,home_assists,home_innings_pitched,home_home_runs,home_strikes_by_contact,home_strikes_swinging,home_strikes_looking,home_grounded_balls,home_fly_balls,home_line_drives,home_unknown_bat_type,home_game_score,home_inherited_runners,home_inherited_score,home_win_probability_by_pitcher,home_base_out_runs_saved
BOS/BOS202007240,"Friday, July 24, 2020",7:30 p.m. Local,Fenway Park,,3:18,Night,Home,Boston Red Sox,BOS,Baltimore Orioles,BAL,31,2,6,2,2.0,1,8,34,0.194,0.265,0.387,0.652,191,95,-0.21,0.39,0.123,,-3.2,24,7,8.0,0,53,13,29,14,9,6,0,37,3,3,-0.293,-8.4,40,13,17,13,14.62,7,9,47,0.425,0.511,0.625,1.136,135,115,0.293,0.37,0.563,,8.4,27,13,9.0,1,75,21,19,9,22,13,0,61,0,0,0.208,3.2
BOS/BOS202007250,"Saturday, July 25, 2020",1:35 p.m. Local,Fenway Park,,3:01,Day,Away,Baltimore Orioles,BAL,Boston Red Sox,BOS,37,7,10,6,6.0,2,5,39,0.27,0.308,0.351,0.659,140,83,0.309,0.6,0.62,,1.8,27,6,9.0,1,55,15,13,13,19,10,0,62,3,0,0.191,3.2,37,2,9,2,2.0,0,11,39,0.243,0.282,0.324,0.606,127,90,-0.191,0.51,0.272,,-3.2,27,9,9.0,0,43,20,27,14,12,10,0,37,0,0,-0.309,-1.8
BOS/BOS202007260,"Sunday, July 26, 2020",1:35 p.m. Local,Fenway Park,,3:13,Day,Away,Baltimore Orioles,BAL,Boston Red Sox,BOS,33,7,10,7,7.0,8,4,43,0.303,0.429,0.576,1.004,124,103,0.237,0.9,0.722,,1.8,27,11,9.0,2,61,18,24,10,21,11,0,49,3,2,0.261,1.2,34,4,7,4,4.0,0,6,34,0.206,0.206,0.412,0.618,167,83,-0.262,0.7,0.452,,-1.2,27,8,9.0,2,45,16,22,17,11,3,0,22,0,0,-0.238,-1.8
BAL/BAL202007290,"Wednesday, July 29, 2020",7:35 p.m. Local,Oriole Park at Camden Yards,,3:12,Night,Away,New York Yankees,NYY,Baltimore Orioles,BAL,33,9,8,8,8.0,5,12,42,0.242,0.35,0.545,0.895,152,97,0.319,0.58,0.565,,4.1,27,4,9.0,1,44,21,31,9,13,8,0,59,1,0,0.181,1.9,32,3,5,3,3.0,4,10,36,0.156,0.25,0.344,0.594,163,98,-0.182,0.47,0.263,,-1.9,27,8,9.0,3,54,16,28,6,16,8,0,46,3,1,-0.318,-4.1
BAL/BAL202007300,"Thursday, July 30, 2020",7:05 p.m. Local,Oriole Park at Camden Yards,,3:06,Night,Away,New York Yankees,NYY,Baltimore Orioles,BAL,34,8,9,8,8.0,3,10,40,0.265,0.375,0.5,0.875,138,97,0.706,1.26,1.477,,3.1,27,5,9.0,3,58,18,21,11,13,7,0,38,0,0,-0.207,-1.1,32,6,6,6,6.0,4,8,37,0.188,0.297,0.469,0.766,158,89,0.206,1.31,1.134,,1.1,27,8,9.0,2,54,15,20,7,17,5,0,34,0,0,-0.706,-3.1
BAL/BAL202007310,"Friday, July 31, 2020",7:35 p.m. Local,Oriole Park at Camden Yards,,3:36,Night,Home,Baltimore Orioles,BAL,Tampa Bay Rays,TBR,32,3,6,3,3.0,5,11,38,0.188,0.316,0.438,0.753,142,120,-0.223,1.15,0.682,,-1.9,24,9,8.0,3,65,18,37,12,9,3,0,43,4,1,-0.277,-1.6,36,6,12,5,5.62,2,9,39,0.333,0.368,0.639,1.007,189,97,0.277,1.25,1.017,,1.6,27,11,9.0,1,51,23,23,15,13,7,0,45,1,0,0.223,1.9
BAL/BAL202008010,"Saturday, August 1, 2020",7:35 p.m. Local,Oriole Park at Camden Yards,,3:50,Night,Home,Baltimore Orioles,BAL,Tampa Bay Rays,TBR,40,4,8,4,1.64,4,10,44,0.2,0.273,0.275,0.548,173,111,-0.771,1.41,0.899,,-3.3,32,8,10.2,1,57,18,36,16,14,5,0,52,2,1,0.273,1.8,38,5,8,5,3.38,5,11,45,0.211,0.295,0.289,0.585,179,108,-0.274,1.84,0.925,,-1.8,33,11,11.0,1,58,25,25,11,18,7,0,58,5,3,0.772,3.3
BAL/BAL202008020,"Sunday, August 2, 2020",1:05 p.m. Local,Oriole Park at Camden Yards,,2:56,Day,Home,Baltimore Orioles,BAL,Tampa Bay Rays,TBR,33,1,6,1,1.0,0,10,33,0.182,0.182,0.273,0.455,134,85,-0.376,0.93,0.338,,-3.9,24,10,8.0,2,46,22,17,9,14,6,0,51,2,1,-0.125,-0.6,35,5,12,5,5.62,3,8,39,0.343,0.41,0.571,0.982,129,84,0.125,1.03,0.734,,0.6,27,6,9.0,1,51,16,17,14,13,8,0,59,0,0,0.376,3.9
BAL/BAL202008040,"Tuesday, August 4, 2020",7:35 p.m. Local,Oriole Park at Camden Yards,,2:38,Night,Away,Miami Marlins,MIA,Baltimore Orioles,BAL,33,4,6,3,3.0,2,6,35,0.182,0.229,0.394,0.623,120,84,0.028,0.87,0.48,,-0.9,27,9,9.0,0,54,11,19,12,15,8,0,70,0,0,0.472,4.9,30,0,3,0,0.0,1,11,31,0.1,0.129,0.133,0.262,139,81,-0.474,0.74,0.144,,-4.9,27,11,9.0,2,46,16,19,12,7,3,0,60,4,1,-0.029,0.9
BAL/BAL202008051,"Wednesday, August 5, 2020",5:05 p.m. Local,Oriole Park at Camden Yards,,2:19,Night,Away,Miami Marlins,MIA,Baltimore Orioles,BAL,25,1,2,1,1.29,4,11,29,0.08,0.207,0.2,0.407,93,74,-0.256,1.72,0.298,,-2.8,21,5,7.0,0,33,17,24,11,3,3,0,63,3,0,0.756,3.8,23,0,3,0,0.0,2,7,27,0.13,0.259,0.174,0.433,121,60,-0.755,0.99,0.367,,-3.8,21,7,7.0,1,32,10,18,7,9,2,0,63,0,0,0.255,2.8
BAL/BAL202008052,"Wednesday, August 5, 2020",8:11 p.m. Local,Oriole Park at Camden Yards,,2:06,Night,Home,Baltimore Orioles,BAL,Miami Marlins,MIA,24,1,4,1,1.29,4,7,28,0.167,0.286,0.208,0.494,75,65,-0.501,0.7,0.55,,-2.8,18,6,6.0,0,40,14,11,7,10,3,0,54,0,0,0.003,1.3,21,2,4,2,3.0,1,4,23,0.19,0.217,0.238,0.455,108,48,-0.002,1.75,0.269,,-1.3,21,6,7.0,0,31,7,10,8,10,5,0,54,4,1,0.503,2.8
BAL/BAL202008060,"Thursday, August 6, 2020",7:35 p.m. Local,Oriole Park at Camden Yards,,2:58,Night,Home,Baltimore Orioles,BAL,Miami Marlins,MIA,36,7,10,7,7.0,1,6,39,0.278,0.308,0.75,1.058,125,89,0.094,1.01,1.211,,2.1,24,7,8.0,1,57,9,23,8,23,13,0,22,3,2,-0.595,-3.6,33,8,11,7,9.0,1,6,38,0.333,0.368,0.545,0.914,139,82,0.594,1.43,1.094,,3.6,27,7,9.0,4,47,11,24,14,15,14,0,38,2,0,-0.095,-2.1
WAS/WAS202008070,"Friday, August 7, 2020",6:05 p.m. Local,Nationals Park,,3:00,Night,Away,Baltimore Orioles,BAL,Washington Nationals,WSN,46,11,19,11,11.0,5,9,52,0.413,0.462,0.63,1.092,120,114,0.248,0.5,0.572,,5.9,27,15,9.0,0,70,20,24,13,25,19,0,69,0,0,0.252,5.1,30,0,4,0,0.0,1,3,32,0.133,0.188,0.167,0.354,181,80,-0.25,0.44,0.096,,-5.1,27,6,9.0,1,53,9,18,14,13,6,0,29,1,1,-0.249,-5.9
WAS/WAS202008080,"Saturday, August 8, 2020",6:05 p.m. Local,Nationals Park,,3:27,Night,Away,Baltimore Orioles,BAL,Washington Nationals,WSN,32,5,5,5,5.0,2,9,35,0.156,0.229,0.438,0.666,172,103,0.314,1.19,0.983,,-0.1,27,7,9.0,1,59,23,21,7,16,5,0,46,3,1,0.186,2.1,32,3,7,3,2.0,4,11,37,0.219,0.297,0.344,0.641,153,107,-0.188,1.11,0.642,,-2.1,27,6,9.0,3,63,16,30,7,15,10,0,69,0,0,-0.313,0.1
WAS/WAS202008090,"Sunday, August 9, 2020",5:05 p.m. Local,Oriole Park at Camden Yards,,3:11,Night,Away,Baltimore Orioles,BAL,Washington Nationals,WSN,34,6,8,6,6.0,3,8,37,0.235,0.297,0.265,0.562,151,86,0.208,0.88,0.618,,1.1,27,9,9.0,1,41,20,25,13,13,5,0,57,4,0,0.292,2.9,31,2,6,2,2.0,6,10,38,0.194,0.342,0.387,0.729,130,92,-0.292,0.81,0.428,,-2.9,27,8,9.0,0,45,18,29,10,11,5,0,30,3,1,-0.207,-1.1
PHI/PHI202008110,"Tuesday, August 11, 2020",7:05 p.m. Local,Citizens Bank Park,,4:00,Night,Away,Baltimore Orioles,BAL,Philadelphia Phillies,PHI,43,10,16,10,8.1,3,6,46,0.372,0.413,0.581,0.994,171,111,1.257,2.08,2.239,,4.0,30,12,10.0,3,69,20,24,16,21,15,0,52,5,0,-0.756,-3.0,42,9,11,9,6.3,5,9,47,0.262,0.34,0.524,0.864,181,107,0.756,1.65,2.28,,3.0,30,13,10.0,1,59,27,21,17,16,7,0,42,1,0,-1.256,-4.0
PHI/PHI202008120,"Wednesday, August 12, 2020",7:05 p.m. Local,Citizens Bank Park,,3:28,Night,Away,Baltimore Orioles,BAL,Philadelphia Phillies,PHI,38,5,11,5,5.0,2,15,40,0.289,0.325,0.605,0.93,160,109,0.14,1.73,1.01,,0.1,27,10,9.0,0,64,24,21,11,12,7,0,35,2,0,0.36,0.9,34,4,10,4,4.0,5,11,40,0.294,0.375,0.324,0.699,149,98,-0.358,0.99,1.054,,-0.9,27,8,9.0,3,52,23,23,11,13,8,0,51,2,0,-0.141,-0.1
PHI/PHI202008130,"Thursday, August 13, 2020",4:05 p.m. Local,Citizens Bank Park,,3:29,Day,Away,Baltimore Orioles,BAL,Philadelphia Phillies,PHI,39,11,15,11,11.0,5,8,44,0.385,0.455,0.59,1.044,123,118,0.338,0.78,0.869,,6.1,27,10,9.0,2,78,14,26,7,24,18,0,53,0,0,0.162,0.9,35,4,8,4,4.0,0,4,35,0.229,0.229,0.543,0.771,189,82,-0.161,0.89,0.395,,-0.9,27,7,9.0,2,53,6,23,14,17,7,0,37,6,2,-0.34,-6.1
BAL/BAL202008140,"Friday, August 14, 2020",6:59 p.m. Local,Oriole Park at Camden Yards,,3:10,Night,Away,Washington Nationals,WSN,Baltimore Orioles,BAL,44,15,19,15,12.0,2,5,50,0.432,0.449,0.636,1.085,130,113,0.358,0.5,0.613,,10.1,27,19,9.0,1,77,9,27,17,25,17,0,46,0,0,0.142,1.9,32,3,6,3,3.0,4,1,37,0.188,0.278,0.344,0.622,177,72,-0.142,0.45,0.23,,-1.9,27,12,9.0,1,43,8,21,21,11,5,0,28,3,3,-0.358,-10.1
BAL/BAL202008150,"Saturday, August 15, 2020",7:35 p.m. Local,Oriole Park at Camden Yards,,3:10,Night,Home,Baltimore Orioles,BAL,Washington Nationals,WSN,31,3,6,3,3.0,1,6,32,0.194,0.219,0.387,0.606,163,93,-0.201,0.55,0.32,,-1.9,24,10,8.0,1,55,13,25,11,14,8,0,32,1,1,-0.3,-2.6,36,7,13,7,7.88,3,5,40,0.361,0.4,0.583,0.983,135,104,0.301,0.72,0.662,,2.6,27,10,9.0,2,72,16,16,15,17,11,0,46,1,0,0.2,1.9
BAL/BAL202008160,"Sunday, August 16, 2020",1:05 p.m. Local,Oriole Park at Camden Yards,,3:38,Day,Away,Washington Nationals,WSN,Baltimore Orioles,BAL,33,6,8,5,5.0,7,10,45,0.242,0.4,0.242,0.642,152,111,0.281,1.53,0.917,,1.1,27,5,9.0,3,57,20,34,9,16,10,0,50,0,0,0.22,-0.1,35,5,8,5,5.0,1,15,37,0.229,0.27,0.486,0.756,190,101,-0.22,0.99,0.872,,0.1,27,9,9.0,0,47,27,27,5,15,6,0,31,8,1,-0.281,-1.1
BAL/BAL202008170,"Monday, August 17, 2020",7:35 p.m. Local,Oriole Park at Camden Yards,,2:45,Night,Away,Toronto Blue Jays,TOR,Baltimore Orioles,BAL,36,7,9,7,7.0,2,6,38,0.25,0.289,0.417,0.706,141,79,0.18,0.67,0.457,,2.1,27,15,9.0,0,45,9,25,14,16,9,0,63,0,0,0.319,2.9,30,2,5,2,2.0,1,6,31,0.167,0.194,0.2,0.394,127,92,-0.319,0.54,0.191,,-2.9,27,11,9.0,2,59,10,23,15,9,7,0,41,2,0,-0.182,-2.1
BAL/BAL202008180,"Tuesday, August 18, 2020",7:35 p.m. Local,Oriole Park at Camden Yards,,3:57,Night,Away,Toronto Blue Jays,TOR,Baltimore Orioles,BAL,36,8,9,8,6.3,6,10,44,0.25,0.372,0.444,0.817,185,107,0.146,1.66,1.174,,1.9,30,12,10.0,3,59,24,24,14,13,6,0,34,1,0,0.354,-0.9,40,7,12,7,6.3,4,11,45,0.3,0.356,0.6,0.956,178,121,-0.354,1.49,1.055,,0.9,30,13,10.0,2,68,19,34,11,19,7,0,33,7,3,-0.147,-1.9
BAL/BAL202008190,"Wednesday, August 19, 2020",1:05 p.m. Local,Oriole Park at Camden Yards,,3:00,Day,Away,Toronto Blue Jays,TOR,Baltimore Orioles,BAL,37,5,11,5,5.0,1,9,39,0.297,0.308,0.568,0.875,152,105,0.133,1.28,0.803,,0.1,27,7,9.0,0,65,18,22,8,21,13,0,47,1,0,0.367,2.9,36,2,10,1,1.0,3,8,39,0.278,0.333,0.333,0.667,150,94,-0.367,1.01,0.747,,-2.9,27,6,9.0,2,50,21,23,13,15,6,0,53,0,0,-0.133,-0.1
BAL/BAL202008200,"Thursday, August 20, 2020",7:35 p.m. Local,Oriole Park at Camden Yards,,3:26,Night,Away,Boston Red Sox,BOS,Baltimore Orioles,BAL,39,7,12,7,7.0,4,9,43,0.308,0.372,0.462,0.834,123,124,0.08,0.93,0.552,,2.1,27,12,9.0,1,74,26,24,9,21,12,0,68,0,0,0.421,3.9,31,1,5,1,1.0,1,10,33,0.161,0.188,0.258,0.446,198,83,-0.422,0.71,0.225,,-3.9,27,6,9.0,2,46,14,23,15,7,3,0,38,6,2,-0.08,-2.1
BAL/BAL202008210,"Friday, August 21, 2020",7:35 p.m. Local,Oriole Park at Camden Yards,,3:04,Night,Away,Boston Red Sox,BOS,Baltimore Orioles,BAL,35,8,9,8,8.0,2,5,38,0.257,0.316,0.543,0.859,175,82,0.244,0.59,0.496,,3.1,27,8,9.0,3,47,9,26,18,12,6,0,56,0,0,0.258,-0.1,34,5,8,5,5.0,5,9,39,0.235,0.333,0.5,0.833,126,116,-0.256,0.41,0.239,,0.1,27,13,9.0,3,74,17,25,12,13,6,0,41,1,0,-0.243,-3.1
BAL/BAL202008220,"Saturday, August 22, 2020",7:35 p.m. Local,Oriole Park at Camden Yards,,3:36,Night,Home,Baltimore Orioles,BAL,Boston Red Sox,BOS,37,4,8,4,2.7,6,7,43,0.216,0.326,0.378,0.704,154,103,-0.12,1.69,0.958,,-2.1,28,9,9.1,2,56,18,29,12,18,11,0,68,0,0,-0.382,-0.5,35,5,10,4,3.86,4,9,40,0.286,0.359,0.486,0.845,171,101,0.383,1.48,1.466,,0.5,30,11,10.0,1,53,24,25,12,15,7,0,47,5,0,0.119,2.1
BAL/BAL202008230,"Sunday, August 23, 2020",1:05 p.m. Local,Oriole Park at Camden Yards,,3:17,Day,Home,Baltimore Orioles,BAL,Boston Red Sox,BOS,33,4,6,4,4.0,4,7,37,0.182,0.27,0.394,0.664,160,85,-0.321,1.2,0.56,,-0.9,24,6,8.0,0,51,10,24,11,15,7,0,40,4,3,-0.178,-0.6,32,5,10,5,5.62,5,9,39,0.312,0.421,0.469,0.89,134,102,0.18,1.19,0.872,,0.6,27,8,9.0,2,61,19,22,8,16,11,0,45,2,1,0.323,0.9
TBA/TBA202008250,"Tuesday, August 25, 2020",6:40 p.m. Local,Tropicana Field,,2:41,Night,Home,Tampa Bay Rays,TBR,Baltimore Orioles,BAL,34,2,7,2,2.0,1,15,35,0.206,0.229,0.294,0.523,138,96,-0.396,0.76,0.414,,-2.8,24,1,8.0,2,41,31,24,11,8,5,0,53,1,1,-0.103,0.3,32,4,7,4,2.25,3,9,37,0.219,0.297,0.438,0.735,129,84,0.102,1.14,0.524,,-0.3,27,9,9.0,1,45,12,27,9,15,4,0,71,1,0,0.397,2.8
TBA/TBA202008260,"Wednesday, August 26, 2020",6:40 p.m. Local,Tropicana Field,,3:26,Night,Home,Tampa Bay Rays,TBR,Baltimore Orioles,BAL,34,3,8,2,1.0,2,9,37,0.235,0.278,0.265,0.542,175,107,-0.335,1.31,0.718,,-1.8,24,4,8.0,2,60,26,21,13,13,5,0,42,7,1,-0.166,0.3,29,4,5,4,4.5,7,9,37,0.172,0.351,0.483,0.834,151,104,0.166,1.42,1.03,,-0.3,27,6,9.0,0,56,21,27,6,14,5,0,46,2,0,0.335,1.8
TOR/TOR202008280,"Friday, August 28, 2020",6:37 p.m. Local,Sahlen Field,,3:19,Night,Home,Toronto Blue Jays,TOR,Baltimore Orioles,BAL,36,4,10,2,0.9,2,12,39,0.278,0.316,0.361,0.677,160,101,-0.157,1.4,1.172,,-2.0,29,8,9.2,3,67,19,15,12,13,8,0,48,1,1,-0.344,0.9,36,5,8,4,3.72,2,11,38,0.222,0.263,0.556,0.819,158,101,0.344,1.74,1.478,,-0.9,30,13,10.0,1,49,18,34,11,14,6,0,60,0,0,0.156,2.0
TOR/TOR202008290,"Saturday, August 29, 2020",6:37 p.m. Local,Sahlen Field,,2:44,Night,Home,Toronto Blue Jays,TOR,Baltimore Orioles,BAL,32,0,5,0,0.0,3,7,35,0.156,0.229,0.188,0.416,140,90,-0.299,0.42,0.157,,-4.8,24,8,8.0,0,59,14,17,9,16,9,0,28,2,0,-0.201,-0.7,34,5,9,5,4.5,3,9,38,0.265,0.342,0.294,0.636,138,88,0.202,0.66,0.427,,0.7,27,8,9.0,0,46,17,25,11,14,6,0,65,0,0,0.3,4.8
TOR/TOR202008300,"Sunday, August 30, 2020",3:07 p.m. Local,Sahlen Field,,2:58,Day,Home,Toronto Blue Jays,TOR,Baltimore Orioles,BAL,35,5,12,5,5.0,3,8,40,0.343,0.41,0.6,1.01,133,94,0.378,2.23,1.279,,0.2,26,11,8.2,0,64,11,19,15,13,4,0,46,3,1,-0.876,-1.6,30,6,7,6,6.23,7,6,40,0.233,0.368,0.3,0.668,141,77,0.877,1.41,1.848,,1.6,27,11,9.0,2,44,8,25,15,12,4,0,38,0,0,-0.377,-0.2
TOR/TOR202008310,"Monday, August 31, 2020",2:07 p.m. Local,Sahlen Field,,3:38,Day,Away,Baltimore Orioles,BAL,Toronto Blue Jays,TOR,41,4,10,4,2.45,1,14,43,0.244,0.262,0.366,0.628,167,110,-0.451,1.79,1.049,,-3.2,33,15,11.0,0,64,27,19,8,20,14,0,57,3,2,0.95,4.2,38,3,7,1,0.0,4,12,42,0.184,0.262,0.316,0.578,175,105,-0.95,1.74,0.844,,-4.2,33,7,11.0,0,58,18,31,14,12,9,0,65,2,0,0.449,3.2
BAL/BAL202009010,"Tuesday, September 1, 2020",7:35 p.m. Local,Oriole Park at Camden Yards,,2:59,Night,Home,Baltimore Orioles,BAL,New York Mets,NYM,36,5,11,5,5.0,1,8,38,0.306,0.316,0.5,0.816,148,95,0.071,0.74,0.719,,0.1,24,8,8.0,3,62,13,20,11,18,6,0,26,0,0,-0.57,-4.6,37,9,15,9,10.12,1,5,41,0.405,0.436,0.73,1.166,142,95,0.571,0.89,0.917,,4.6,27,8,9.0,2,59,13,23,12,22,13,0,45,0,0,-0.071,-0.1
BAL/BAL202009020,"Wednesday, September 2, 2020",4:05 p.m. Local,Oriole Park at Camden Yards,,3:12,Day,Away,New York Mets,NYM,Baltimore Orioles,BAL,39,9,14,8,8.0,3,1,43,0.359,0.419,0.615,1.034,165,91,0.258,0.99,0.798,,4.1,27,10,9.0,0,66,10,15,13,25,9,0,44,0,0,0.242,0.9,36,4,10,2,2.0,3,6,40,0.278,0.35,0.333,0.683,145,106,-0.242,0.73,0.456,,-0.9,27,12,9.0,2,72,15,19,16,14,6,0,36,4,3,-0.258,-4.1
BAL/BAL202009041,"Friday, September 4, 2020",5:05 p.m. Local,Oriole Park at Camden Yards,,3:37,Night,Away,New York Yankees,NYY,Baltimore Orioles,BAL,35,6,9,6,3.0,6,7,41,0.257,0.366,0.343,0.709,167,102,-0.079,2.21,1.321,,-0.2,27,8,9.0,3,57,21,24,6,22,13,0,43,0,0,0.582,1.2,33,5,7,4,4.0,7,6,41,0.212,0.366,0.485,0.851,162,101,-0.58,2.01,1.231,,-1.2,27,4,9.0,1,57,13,31,9,18,6,0,37,3,1,0.082,0.2
BAL/BAL202009042,"Friday, September 4, 2020",9:22 p.m. Local,Oriole Park at Camden Yards,,2:31,Night,Home,Baltimore Orioles,BAL,New York Yankees,NYY,26,3,4,3,0.0,2,5,29,0.154,0.241,0.154,0.395,127,64,0.021,1.28,0.574,,-0.8,18,5,6.0,1,35,9,20,13,8,4,0,42,2,2,-0.522,-2.7,26,6,8,6,9.0,3,7,31,0.308,0.419,0.462,0.881,121,83,0.523,1.12,1.075,,2.7,21,10,7.0,0,48,15,20,8,11,6,0,56,0,0,-0.023,0.8
BAL/BAL202009050,"Saturday, September 5, 2020",7:35 p.m. Local,Oriole Park at Camden Yards,,2:47,Night,Home,Baltimore Orioles,BAL,New York Yankees,NYY,32,1,6,1,1.0,5,12,38,0.188,0.316,0.313,0.628,136,89,-0.398,0.69,0.258,,-3.9,24,6,8.0,2,41,22,26,12,8,4,0,60,0,0,-0.102,-1.6,30,6,6,6,2.25,2,12,33,0.2,0.273,0.467,0.739,152,89,0.101,0.83,0.479,,1.6,27,7,9.0,1,58,20,11,8,10,4,0,66,5,0,0.398,3.9
BAL/BAL202009060,"Sunday, September 6, 2020",1:05 p.m. Local,Oriole Park at Camden Yards,,3:02,Day,Home,Baltimore Orioles,BAL,New York Yankees,NYY,32,1,4,1,1.0,3,9,35,0.125,0.2,0.188,0.388,158,84,-0.383,0.87,0.279,,-3.9,24,2,8.0,1,42,16,26,11,12,4,0,48,2,2,-0.116,-0.6,32,5,9,5,2.25,2,10,35,0.281,0.314,0.375,0.689,142,102,0.116,1.0,0.586,,0.6,27,7,9.0,0,60,25,19,8,15,4,0,70,2,0,0.383,3.9
NYN/NYN202009080,"Tuesday, September 8, 2020",7:10 p.m. Local,Citi Field,,3:01,Night,Away,Baltimore Orioles,BAL,New York Mets,NYM,41,11,14,11,10.0,2,8,43,0.341,0.372,0.756,1.128,133,117,0.406,0.32,0.677,,6.6,27,12,9.0,2,81,15,21,11,22,15,0,66,0,0,0.096,2.4,32,2,6,2,2.0,1,8,33,0.188,0.212,0.406,0.618,169,87,-0.096,0.42,0.156,,-2.4,27,10,9.0,4,53,18,16,12,12,6,0,33,1,0,-0.404,-6.6
NYN/NYN202009090,"Wednesday, September 9, 2020",7:10 p.m. Local,Citi Field,,3:25,Night,Home,New York Mets,NYM,Baltimore Orioles,BAL,40,6,14,6,6.0,3,7,46,0.35,0.435,0.45,0.885,137,96,-0.016,1.09,0.96,,1.6,24,11,8.0,4,55,21,20,13,20,13,0,37,1,1,-0.484,-3.1,33,7,10,7,7.88,2,8,36,0.303,0.361,0.697,1.058,164,93,0.486,1.34,1.169,,3.1,27,9,9.0,1,55,16,22,13,12,6,0,25,3,0,0.016,-1.6
NYA/NYA202009111,"Friday, September 11, 2020",4:05 p.m. Local,Yankee Stadium III,,2:02,Day,Home,New York Yankees,NYY,Baltimore Orioles,BAL,24,0,2,0,0.0,1,9,25,0.083,0.12,0.083,0.203,101,74,-0.191,0.27,0.048,,-3.8,18,4,6.0,3,34,26,14,6,9,5,0,32,0,0,-0.311,-2.8,25,6,9,6,9.0,3,7,28,0.36,0.429,0.76,1.189,114,62,0.311,0.4,0.387,,2.8,21,5,7.0,0,30,6,26,3,15,10,0,81,,,0.19,3.8
NYA/NYA202009112,"Friday, September 11, 2020",6:57 p.m. Local,Yankee Stadium III,,2:40,Night,Home,New York Yankees,NYY,Baltimore Orioles,BAL,24,1,4,1,1.29,1,7,26,0.167,0.231,0.333,0.564,144,87,-0.102,0.57,0.253,,-2.8,18,3,6.0,2,44,19,24,6,11,4,0,30,1,0,-0.397,-6.8,28,10,10,10,15.0,5,4,33,0.357,0.455,0.679,1.133,131,83,0.397,0.59,0.561,,6.8,21,5,7.0,1,54,13,16,7,17,8,0,62,0,0,0.104,2.8
NYA/NYA202009120,"Saturday, September 12, 2020",1:05 p.m. Local,Yankee Stadium III,,3:11,Day,Home,New York Yankees,NYY,Baltimore Orioles,BAL,36,1,4,1,0.0,1,12,37,0.111,0.135,0.139,0.274,174,92,-0.886,1.33,0.386,,-5.0,28,6,9.1,0,48,24,20,11,13,6,0,59,1,0,0.385,3.8,31,2,5,2,0.96,4,8,38,0.161,0.263,0.355,0.618,126,103,-0.386,1.66,0.548,,-3.8,30,7,10.0,0,54,17,32,7,18,9,0,69,1,0,0.885,5.0
NYA/NYA202009130,"Sunday, September 13, 2020",1:05 p.m. Local,Yankee Stadium III,,2:44,Day,Home,New York Yankees,NYY,Baltimore Orioles,BAL,32,1,6,1,1.0,1,10,33,0.188,0.212,0.313,0.525,130,95,-0.538,1.27,0.387,,-3.9,24,7,8.0,1,63,14,18,9,13,6,0,61,2,2,0.038,1.3,32,3,8,3,3.38,1,5,33,0.25,0.273,0.375,0.648,137,82,-0.038,1.14,0.713,,-1.3,27,7,9.0,1,43,18,21,12,15,4,0,58,2,0,0.539,3.9
BAL/BAL202009140,"Monday, September 14, 2020",7:35 p.m. Local,Oriole Park at Camden Yards,,2:54,Night,Home,Baltimore Orioles,BAL,Atlanta Braves,ATL,30,1,5,1,1.0,4,5,35,0.167,0.286,0.267,0.552,175,78,-0.169,0.37,0.024,,-3.9,24,10,8.0,4,49,10,19,12,13,9,0,17,3,3,-0.331,-9.6,38,14,15,14,10.12,9,9,47,0.395,0.511,0.711,1.221,140,107,0.331,0.21,0.516,,9.6,27,12,9.0,1,55,21,31,12,17,9,0,64,0,0,0.169,3.9
BAL/BAL202009150,"Tuesday, September 15, 2020",7:35 p.m. Local,Oriole Park at Camden Yards,,2:57,Night,Away,Atlanta Braves,ATL,Baltimore Orioles,BAL,38,5,13,5,5.0,4,6,43,0.342,0.395,0.526,0.922,120,99,-0.068,0.99,0.556,,0.1,27,10,9.0,0,60,11,28,5,28,12,0,63,0,0,0.569,3.9,30,1,4,1,1.0,0,9,30,0.133,0.133,0.2,0.333,167,83,-0.569,0.76,0.149,,-3.9,27,3,9.0,1,48,17,18,9,12,5,0,43,1,0,0.07,-0.1
BAL/BAL202009160,"Wednesday, September 16, 2020",7:35 p.m. Local,Oriole Park at Camden Yards,,2:35,Night,Home,Baltimore Orioles,BAL,Atlanta Braves,ATL,32,1,6,0,0.0,1,11,33,0.188,0.212,0.188,0.4,119,100,-0.32,0.58,0.272,,-3.9,24,7,8.0,0,53,26,23,10,11,6,0,43,0,0,-0.181,-0.6,29,5,7,5,5.62,1,7,32,0.241,0.281,0.345,0.626,152,84,0.182,0.83,0.425,,0.6,27,9,9.0,0,50,15,19,8,15,6,0,69,0,0,0.319,3.9
BAL/BAL202009171,"Thursday, September 17, 2020",4:35 p.m. Local,Oriole Park at Camden Yards,,2:28,Day,Away,Tampa Bay Rays,TBR,Baltimore Orioles,BAL,24,3,4,3,3.86,5,8,30,0.167,0.3,0.333,0.633,107,76,0.174,1.92,0.719,,-0.8,21,13,7.0,0,39,15,22,5,12,6,0,63,1,1,0.327,2.8,22,1,3,1,1.29,4,5,27,0.136,0.269,0.136,0.406,129,64,-0.327,1.19,0.591,,-2.8,21,5,7.0,0,38,15,11,11,7,6,0,60,0,0,-0.173,0.8
BAL/BAL202009172,"Thursday, September 17, 2020",7:51 p.m. Local,Oriole Park at Camden Yards,,2:38,Night,Home,Baltimore Orioles,BAL,Tampa Bay Rays,TBR,31,6,10,6,7.71,2,9,34,0.323,0.382,0.581,0.963,124,80,0.373,1.05,0.972,,2.2,18,3,6.0,3,49,14,17,11,11,7,0,32,6,3,-0.872,-6.7,25,10,10,10,15.0,3,7,32,0.4,0.469,0.8,1.269,126,80,0.873,1.06,1.225,,6.7,21,6,7.0,2,47,9,24,7,13,7,0,36,0,0,-0.372,-2.2
BAL/BAL202009180,"Friday, September 18, 2020",7:35 p.m. Local,Oriole Park at Camden Yards,,2:59,Night,Away,Tampa Bay Rays,TBR,Baltimore Orioles,BAL,32,2,5,2,2.0,6,9,39,0.156,0.308,0.219,0.526,145,83,-0.265,1.46,0.468,,-2.9,27,6,9.0,1,45,17,21,13,10,6,0,63,0,0,0.766,3.9,32,1,5,1,1.0,2,14,34,0.156,0.206,0.25,0.456,147,100,-0.766,1.03,0.371,,-3.9,27,11,9.0,0,60,19,21,6,12,4,0,58,3,0,0.265,2.9
BAL/BAL202009190,"Saturday, September 19, 2020",7:35 p.m. Local,Oriole Park at Camden Yards,,3:04,Night,Away,Tampa Bay Rays,TBR,Baltimore Orioles,BAL,35,3,9,3,3.0,2,9,37,0.257,0.297,0.457,0.754,154,91,-0.051,1.43,0.718,,-1.9,27,10,9.0,0,44,15,32,10,16,9,0,57,1,0,0.549,3.9,32,1,6,1,1.0,2,9,37,0.188,0.297,0.219,0.516,140,95,-0.548,0.88,0.484,,-3.9,27,9,9.0,2,58,19,18,12,11,4,0,48,0,0,0.05,1.9
BAL/BAL202009200,"Sunday, September 20, 2020",1:05 p.m. Local,Oriole Park at Camden Yards,,2:31,Day,Home,Baltimore Orioles,BAL,Tampa Bay Rays,TBR,32,1,4,1,1.0,0,16,34,0.125,0.176,0.219,0.395,109,95,-0.668,0.75,0.305,,-3.9,24,3,8.0,0,47,24,24,10,6,5,0,65,1,0,0.167,2.4,29,2,5,2,2.25,2,9,31,0.172,0.226,0.172,0.398,141,82,-0.168,1.23,0.311,,-2.4,27,8,9.0,1,42,21,19,7,13,7,0,71,2,0,0.669,3.9
BOS/BOS202009220,"Tuesday, September 22, 2020",7:30 p.m. Local,Fenway Park,,3:31,Night,Home,Boston Red Sox,BOS,Baltimore Orioles,BAL,38,3,11,3,2.0,4,13,42,0.289,0.357,0.421,0.778,182,107,-0.096,0.77,0.723,,-2.2,24,5,8.0,1,60,22,25,9,16,7,0,40,2,1,-0.403,-3.4,37,8,14,7,6.75,4,8,42,0.378,0.429,0.568,0.996,166,108,0.405,1.0,0.899,,3.4,27,6,9.0,1,57,22,29,10,20,11,0,60,5,0,0.096,2.2
BOS/BOS202009230,"Wednesday, September 23, 2020",7:30 p.m. Local,Fenway Park,,3:04,Night,Home,Boston Red Sox,BOS,Baltimore Orioles,BAL,35,1,11,1,1.0,3,13,38,0.314,0.368,0.4,0.768,142,106,-0.188,0.44,0.081,,-4.2,24,8,8.0,0,56,28,22,13,9,6,0,15,2,2,-0.313,-4.4,35,9,10,8,10.12,5,10,40,0.286,0.375,0.457,0.832,153,96,0.314,0.31,0.533,,4.4,27,12,9.0,1,67,16,13,11,14,8,0,65,3,0,0.187,4.2
BOS/BOS202009240,"Thursday, September 24, 2020",7:30 p.m. Local,Fenway Park,,3:14,Night,Away,Baltimore Orioles,BAL,Boston Red Sox,BOS,42,13,18,13,13.0,2,3,47,0.429,0.457,0.81,1.266,118,117,0.3,0.52,0.59,,7.8,27,16,9.0,0,87,10,20,17,24,13,0,63,0,0,0.2,4.2,30,1,7,0,1.0,2,7,33,0.233,0.303,0.233,0.536,176,78,-0.2,0.42,0.185,,-4.2,27,14,9.0,3,48,11,20,14,9,5,0,21,0,0,-0.3,-7.8
TOR/TOR202009250,"Friday, September 25, 2020",6:37 p.m. Local,Sahlen Field,,2:41,Night,Home,Toronto Blue Jays,TOR,Baltimore Orioles,BAL,35,5,8,5,5.0,2,7,37,0.229,0.27,0.514,0.785,145,88,-0.141,0.4,0.048,,0.2,24,12,8.0,2,53,13,22,16,12,6,0,6,3,1,-0.358,-5.7,36,10,15,10,11.25,2,3,40,0.417,0.45,0.611,1.061,134,100,0.358,0.23,0.489,,5.7,27,12,9.0,3,57,20,23,20,14,5,0,63,1,1,0.143,-0.2
TOR/TOR202009260,"Saturday, September 26, 2020",6:37 p.m. Local,Sahlen Field,,2:58,Night,Home,Toronto Blue Jays,TOR,Baltimore Orioles,BAL,35,2,9,2,2.0,0,6,35,0.257,0.257,0.343,0.6,151,86,-0.476,0.68,0.268,,-2.8,24,3,8.0,2,51,11,24,18,11,2,0,74,3,0,-0.026,-0.7,31,5,5,4,3.38,1,13,33,0.161,0.212,0.355,0.567,133,101,0.026,1.0,0.466,,0.7,27,14,9.0,0,58,23,20,8,10,3,0,57,0,0,0.475,2.8
TOR/TOR202009270,"Sunday, September 27, 2020",3:07 p.m. Local,Sahlen Field,,2:52,Day,Away,Baltimore Orioles,BAL,Toronto Blue Jays,TOR,35,7,10,7,5.0,4,5,40,0.286,0.35,0.457,0.807,144,97,0.412,1.07,0.964,,2.2,27,8,9.0,2,60,24,15,11,20,9,0,36,1,0,0.089,-0.2,34,5,7,4,4.0,3,9,38,0.206,0.263,0.441,0.704,160,89,-0.086,0.97,0.697,,0.2,27,7,9.0,0,49,19,21,9,17,8,0,40,0,0,-0.412,-2.2
