,date,time,venue,attendance,duration,time_of_day,winner,winning_name,winning_abbr,losing_name,losing_abbr,away_at_bats,away_runs,away_hits,away_rbi,away_earned_runs,away_bases_on_balls,away_strikeouts,away_plate_appearances,away_batting_average,away_on_base_percentage,away_slugging_percentage,away_on_base_plus,away_pitches,away_strikes,away_win_probability_for_offensive_player,away_average_leverage_index,away_win_probability_added,away_win_probability_subtracted,away_base_out_runs_added,away_putouts,away_assists,away_innings_pitched,away_home_runs,away_strikes_by_contact,away_strikes_swinging,away_strikes_looking,away_grounded_balls,away_fly_balls,away_line_drives,away_unknown_bat_type,away_game_score,away_inherited_runners,away_inherited_score,away_win_probability_by_pitcher,away_base_out_runs_saved,home_at_bats,home_runs,home_hits,home_rbi,home_earned_runs,home_bases_on_balls,home_strikeouts,home_plate_appearances,home_batting_average,home_on_base_percentage,home_slugging_percentage,home_on_base_plus,home_pitches,home_strikes,home_win_probability_for_offensive_player,home_average_leverage_index,home_win_probability_added,home_win_probability_subtracted,home_base_out_runs_added,home_putouts,home_assists,home_innings_pitched,home_home_runs,home_strikes_by_contact,home_strikes_swinging,home_strikes_looking,home_grounded_balls,home_fly_balls,home_line_drives,home_unknown_bat_type,home_game_score,home_inherited_runners,home_inherited_score,home_win_probability_by_pitcher,home_base_out_runs_saved
CLE/CLE202007240,"Friday, July 24, 2020",7:10 p.m. Local,Progressive Field,,2:58,Night,Home,Cleveland Indians,CLE,Kansas City Royals,KCR,30,0,4,0,0.0,2,18,35,0.133,0.257,0.133,0.39,127,96,-0.613,0.92,0.281,,-5.2,24,8,8.0,0,49,24,23,4,8,3,0,51,2,2,0.114,2.6,28,2,5,2,2.25,3,3,33,0.179,0.303,0.25,0.553,151,75,-0.114,1.16,0.44,,-2.6,27,6,9.0,0,49,10,16,13,12,3,0,77,0,0,0.615,5.2
CLE/CLE202007250,"Saturday, July 25, 2020",5:10 p.m. Local,Progressive Field,,2:52,Night,Away,Kansas City Royals,KCR,Cleveland Indians,CLE,32,3,5,3,1.8,1,7,35,0.156,0.176,0.375,0.551,147,89,-0.495,2.04,0.386,,-3.4,30,5,10.0,0,47,17,26,10,17,8,0,58,0,0,0.995,4.4,34,2,4,1,1.8,4,15,39,0.118,0.231,0.118,0.348,129,93,-0.994,1.26,0.628,,-4.4,30,10,10.0,2,36,26,31,9,10,3,0,67,0,0,0.495,3.4
CLE/CLE202007260,"Sunday, July 26, 2020",1:10 p.m. Local,Progressive Field,,3:04,Day,Home,Cleveland Indians,CLE,Kansas City Royals,KCR,33,2,6,2,2.0,2,15,35,0.182,0.229,0.242,0.471,147,87,-0.188,0.46,0.154,,-3.2,24,11,8.0,2,42,24,21,5,13,9,0,46,3,2,-0.311,-4.4,33,9,13,8,7.88,4,6,39,0.394,0.462,0.636,1.098,128,90,0.312,0.44,0.541,,4.4,27,3,9.0,0,54,10,26,13,15,8,0,63,1,0,0.188,3.2
DET/DET202007270,"Monday, July 27, 2020",7:10 p.m. Local,Comerica Park,,3:20,Night,Away,Kansas City Royals,KCR,Detroit Tigers,DET,40,14,13,14,14.0,6,6,47,0.325,0.426,0.85,1.276,163,102,0.724,0.49,1.136,,8.9,27,14,9.0,2,68,16,18,12,22,11,0,31,1,0,-0.221,-0.9,36,6,9,6,4.0,4,9,41,0.25,0.317,0.472,0.789,177,100,0.222,0.67,0.487,,0.9,27,8,9.0,6,57,20,23,18,10,5,0,33,3,2,-0.72,-8.9
DET/DET202007280,"Tuesday, July 28, 2020",7:10 p.m. Local,Comerica Park,,2:25,Night,Home,Detroit Tigers,DET,Kansas City Royals,KCR,31,3,5,3,2.0,0,9,31,0.161,0.161,0.258,0.419,122,70,-0.481,1.0,0.398,,-2.1,24,13,8.0,2,38,14,18,11,11,8,0,50,1,1,-0.019,0.5,27,4,6,4,4.5,4,4,34,0.222,0.382,0.481,0.864,99,69,0.019,1.17,0.732,,-0.5,27,12,9.0,1,31,15,23,11,12,7,0,46,0,0,0.481,2.1
DET/DET202007290,"Wednesday, July 29, 2020",7:10 p.m. Local,Comerica Park,,2:40,Night,Home,Detroit Tigers,DET,Kansas City Royals,KCR,35,4,9,4,4.0,0,6,36,0.257,0.25,0.4,0.65,126,89,-0.328,1.07,0.498,,-1.1,24,4,8.0,2,58,15,16,10,20,14,0,52,0,0,-0.172,-0.5,27,5,4,5,5.62,2,12,32,0.148,0.219,0.444,0.663,133,89,0.172,1.09,0.785,,0.5,27,10,9.0,0,45,16,28,5,12,4,0,39,0,0,0.328,1.1
DET/DET202007300,"Thursday, July 30, 2020",7:10 p.m. Local,Comerica Park,,2:49,Night,Away,Kansas City Royals,KCR,Detroit Tigers,DET,40,5,13,5,5.0,0,7,41,0.325,0.341,0.45,0.791,141,95,0.103,1.27,0.819,,-0.1,27,10,9.0,3,57,19,19,19,14,10,0,50,1,0,0.395,2.1,33,3,8,3,3.0,3,9,36,0.242,0.306,0.515,0.821,134,92,-0.397,1.06,0.599,,-2.1,27,10,9.0,0,47,19,26,10,14,5,0,48,2,0,-0.105,0.1
KCA/KCA202007310,"Friday, July 31, 2020",7:05 p.m. Local,Kauffman Stadium,,2:56,Night,Away,Chicago White Sox,CHW,Kansas City Royals,KCR,31,3,4,3,2.0,2,7,35,0.129,0.229,0.258,0.487,141,94,-0.146,1.48,0.467,,-2.0,27,11,9.0,1,56,14,24,14,10,4,0,47,0,0,0.645,3.0,36,2,8,2,2.0,1,7,38,0.222,0.263,0.333,0.596,145,89,-0.645,0.84,0.509,,-3.0,27,13,9.0,1,55,17,17,16,13,6,0,48,0,0,0.146,2.0
KCA/KCA202008010,"Saturday, August 1, 2020",6:05 p.m. Local,Kauffman Stadium,,3:44,Night,Away,Chicago White Sox,CHW,Kansas City Royals,KCR,49,11,21,9,8.0,4,6,53,0.429,0.472,0.633,1.104,173,104,0.264,0.73,0.572,,6.0,27,6,9.0,1,58,18,28,20,23,15,0,54,4,1,0.174,0.0,41,5,15,5,5.0,3,13,44,0.366,0.409,0.537,0.946,169,104,-0.171,0.38,0.454,,-0.0,27,10,9.0,2,51,23,30,8,20,12,0,24,5,1,-0.326,-6.0
KCA/KCA202008020,"Sunday, August 2, 2020",1:05 p.m. Local,Kauffman Stadium,,3:01,Day,Away,Chicago White Sox,CHW,Kansas City Royals,KCR,39,9,14,7,6.0,6,6,45,0.359,0.444,0.385,0.829,111,112,0.373,0.86,1.231,,4.0,27,7,9.0,1,63,21,28,14,19,14,0,57,0,0,0.128,3.0,31,2,6,2,2.0,1,6,32,0.194,0.219,0.355,0.574,169,73,-0.128,1.26,0.411,,-3.0,27,13,9.0,0,44,10,19,9,16,10,0,43,5,5,-0.372,-4.0
CHN/CHN202008030,"Monday, August 3, 2020",7:15 p.m. Local,Wrigley Field,,2:43,Night,Home,Chicago Cubs,CHC,Kansas City Royals,KCR,31,0,5,0,0.0,3,6,34,0.161,0.235,0.194,0.429,138,86,-0.631,1.0,0.231,,-4.9,24,9,8.0,1,53,11,23,11,14,6,0,64,0,0,0.129,2.3,27,2,4,2,2.25,4,9,32,0.148,0.25,0.296,0.546,133,89,-0.131,1.15,0.441,,-2.3,27,10,9.0,0,45,15,29,9,10,6,0,72,1,0,0.63,4.9
CHN/CHN202008040,"Tuesday, August 4, 2020",7:15 p.m. Local,Wrigley Field,,2:51,Night,Home,Chicago Cubs,CHC,Kansas City Royals,KCR,35,4,10,4,4.0,0,5,36,0.286,0.278,0.343,0.621,143,87,-0.356,0.7,0.56,,-0.9,24,9,8.0,3,52,12,23,14,17,10,0,47,0,0,-0.145,-0.7,31,5,9,5,5.62,4,11,35,0.29,0.371,0.613,0.984,130,93,0.144,1.29,0.59,,0.7,27,10,9.0,0,45,16,32,10,10,6,0,58,2,2,0.356,0.9
KCA/KCA202008050,"Wednesday, August 5, 2020",7:05 p.m. Local,Kauffman Stadium,,3:09,Night,Away,Chicago Cubs,CHC,Kansas City Royals,KCR,36,6,10,4,3.0,2,11,38,0.278,0.316,0.333,0.649,124,97,0.036,1.11,0.603,,1.0,27,10,9.0,0,51,19,27,14,11,7,0,66,0,0,0.463,4.0,31,1,5,0,1.0,1,7,32,0.161,0.188,0.194,0.381,156,81,-0.463,0.79,0.332,,-4.0,27,10,9.0,0,43,15,23,11,13,5,0,60,3,1,-0.036,-1.0
KCA/KCA202008060,"Thursday, August 6, 2020",6:07 p.m. Local,Kauffman Stadium,,3:02,Night,Home,Kansas City Royals,KCR,Chicago Cubs,CHC,33,2,7,2,2.0,2,11,36,0.212,0.278,0.212,0.49,161,92,-0.165,0.33,0.05,,-3.0,24,9,8.0,3,48,11,33,11,11,7,0,7,2,1,-0.337,-8.5,41,13,18,13,14.62,4,9,45,0.439,0.489,0.878,1.367,132,108,0.337,0.26,0.532,,8.5,27,9,9.0,0,60,18,30,12,20,14,0,66,0,0,0.163,3.0
KCA/KCA202008070,"Friday, August 7, 2020",7:05 p.m. Local,Kauffman Stadium,,2:53,Night,Home,Kansas City Royals,KCR,Minnesota Twins,MIN,32,2,5,2,2.0,3,7,35,0.156,0.229,0.344,0.572,115,83,-0.524,1.04,0.345,,-3.0,24,12,8.0,1,49,10,24,15,10,3,0,48,1,0,0.025,1.5,30,3,8,3,3.38,2,4,33,0.267,0.313,0.433,0.746,133,70,-0.023,1.11,0.611,,-1.5,27,9,9.0,2,38,13,19,12,15,7,0,46,3,0,0.525,3.0
KCA/KCA202008080,"Saturday, August 8, 2020",6:05 p.m. Local,Kauffman Stadium,,3:55,Night,Home,Kansas City Royals,KCR,Minnesota Twins,MIN,35,6,9,6,6.0,3,10,39,0.257,0.333,0.514,0.848,185,106,0.114,0.7,0.792,,1.0,24,11,8.0,4,66,14,26,6,19,8,0,43,1,1,-0.616,-4.5,35,9,12,8,10.12,5,10,41,0.343,0.439,0.714,1.153,169,108,0.613,0.89,1.028,,4.5,27,6,9.0,3,61,28,19,12,13,10,0,39,3,1,-0.114,-1.0
KCA/KCA202008090,"Sunday, August 9, 2020",1:05 p.m. Local,Kauffman Stadium,,3:16,Day,Home,Kansas City Royals,KCR,Minnesota Twins,MIN,34,2,7,2,2.0,2,10,36,0.206,0.25,0.235,0.485,137,105,-0.415,0.89,0.46,,-3.0,24,8,8.0,1,52,17,36,9,15,10,0,37,1,0,-0.082,0.5,30,4,8,4,4.5,5,6,36,0.267,0.361,0.433,0.794,155,85,0.082,1.27,0.573,,-0.5,27,7,9.0,0,48,19,18,10,15,6,0,51,0,0,0.417,3.0
CIN/CIN202008110,"Tuesday, August 11, 2020",6:40 p.m. Local,Great American Ball Park,,3:33,Night,Home,Cincinnati Reds,CIN,Kansas City Royals,KCR,40,5,11,4,2.7,4,11,44,0.275,0.341,0.4,0.741,173,117,-0.391,1.11,1.196,,-1.1,27,8,9.0,2,60,25,32,14,15,11,0,38,0,0,-0.109,-2.0,35,6,10,6,5.0,4,10,39,0.286,0.359,0.571,0.93,170,102,0.109,1.84,0.894,,2.0,30,12,10.0,1,56,17,29,10,15,8,0,53,0,0,0.39,1.1
CIN/CIN202008120,"Wednesday, August 12, 2020",6:40 p.m. Local,Great American Ball Park,,3:40,Night,Away,Kansas City Royals,KCR,Cincinnati Reds,CIN,30,5,5,5,5.0,8,13,41,0.167,0.341,0.333,0.675,165,89,0.065,2.19,0.619,,0.1,27,8,9.0,3,39,21,29,9,10,3,0,68,0,0,0.435,0.9,30,4,6,4,4.0,8,8,39,0.2,0.385,0.5,0.885,167,97,-0.434,0.82,1.357,,-0.9,27,8,9.0,1,54,16,27,10,12,6,0,47,1,0,-0.066,-0.1
MIN/MIN202008151,"Saturday, August 15, 2020",12:35 p.m. Local,Target Field,,2:30,Day,Home,Minnesota Twins,MIN,Kansas City Royals,KCR,25,2,5,2,2.57,0,10,25,0.2,0.2,0.36,0.56,113,78,-0.318,0.76,0.324,,-1.9,18,2,6.0,1,45,12,21,8,7,6,0,56,3,2,-0.181,-0.7,25,4,8,4,6.0,1,8,27,0.32,0.333,0.56,0.893,117,69,0.183,1.07,0.524,,0.7,21,7,7.0,1,38,8,23,3,15,7,0,54,0,0,0.319,1.9
MIN/MIN202008152,"Saturday, August 15, 2020",3:42 p.m. Local,Target Field,,2:42,Day,Away,Kansas City Royals,KCR,Minnesota Twins,MIN,26,4,8,4,5.14,5,9,31,0.308,0.419,0.462,0.881,120,72,0.16,1.48,0.768,,0.1,21,2,7.0,1,43,11,22,7,10,5,0,64,0,0,0.341,1.9,23,2,2,2,1.29,2,13,27,0.087,0.185,0.217,0.403,127,77,-0.339,1.17,0.448,,-1.9,21,8,7.0,1,38,22,17,1,10,2,0,39,0,0,-0.16,-0.1
MIN/MIN202008160,"Sunday, August 16, 2020",1:10 p.m. Local,Target Field,,2:37,Day,Home,Minnesota Twins,MIN,Kansas City Royals,KCR,30,2,5,2,2.0,1,8,31,0.167,0.194,0.367,0.56,130,79,-0.403,0.92,0.381,,-3.0,24,8,8.0,1,45,16,18,12,10,4,0,47,1,0,-0.098,0.4,29,4,6,4,4.5,5,4,35,0.207,0.324,0.345,0.668,123,76,0.099,1.03,0.596,,-0.4,27,11,9.0,2,39,9,28,15,11,3,0,56,2,0,0.403,3.0
MIN/MIN202008170,"Monday, August 17, 2020",7:10 p.m. Local,Target Field,,3:06,Night,Home,Minnesota Twins,MIN,Kansas City Royals,KCR,32,1,7,1,1.0,2,9,35,0.219,0.286,0.375,0.661,158,88,-0.451,0.64,0.286,,-4.0,24,4,8.0,2,40,21,27,7,16,8,0,47,1,0,-0.049,0.4,31,4,9,4,4.5,4,7,35,0.29,0.371,0.516,0.888,137,90,0.05,0.93,0.476,,-0.4,27,7,9.0,1,49,12,29,7,17,8,0,58,1,0,0.451,4.0
KCA/KCA202008191,"Wednesday, August 19, 2020",4:05 p.m. Local,Kauffman Stadium,,2:11,Day,Home,Kansas City Royals,KCR,Cincinnati Reds,CIN,22,0,3,0,0.0,3,6,25,0.136,0.24,0.136,0.376,129,60,-0.288,0.53,0.098,,-3.9,18,5,6.0,0,31,13,16,9,7,3,0,41,1,1,-0.212,-0.7,25,4,6,3,3.0,3,10,28,0.24,0.321,0.28,0.601,99,76,0.211,0.62,0.392,,0.7,21,9,7.0,0,40,18,20,7,8,4,0,70,2,0,0.288,3.9
KCA/KCA202008192,"Wednesday, August 19, 2020",6:57 p.m. Local,Kauffman Stadium,,2:22,Night,Away,Cincinnati Reds,CIN,Kansas City Royals,KCR,28,5,7,5,6.43,5,9,34,0.25,0.382,0.679,1.061,97,83,0.195,0.78,0.55,,1.1,21,2,7.0,0,37,17,29,3,16,10,0,81,,,0.307,3.9,22,0,1,0,0.0,3,9,25,0.045,0.16,0.045,0.205,143,56,-0.307,0.56,0.123,,-3.9,21,3,7.0,4,27,8,21,3,10,3,0,41,2,0,-0.194,-1.1
KCA/KCA202008210,"Friday, August 21, 2020",7:05 p.m. Local,Kauffman Stadium,,3:14,Night,Home,Kansas City Royals,KCR,Minnesota Twins,MIN,32,2,6,1,2.0,5,11,37,0.188,0.297,0.219,0.516,141,91,-0.247,0.43,0.233,,-3.0,24,7,8.0,2,49,15,27,12,9,7,0,26,3,1,-0.252,-2.5,34,7,10,7,7.88,1,8,36,0.294,0.333,0.5,0.833,152,94,0.251,0.64,0.457,,2.5,27,9,9.0,0,58,12,24,10,16,9,0,59,0,0,0.248,3.0
KCA/KCA202008220,"Saturday, August 22, 2020",6:05 p.m. Local,Kauffman Stadium,,3:23,Night,Away,Minnesota Twins,MIN,Kansas City Royals,KCR,35,7,10,7,7.0,5,8,42,0.286,0.39,0.514,0.905,143,95,0.272,1.21,0.583,,2.0,27,10,9.0,1,47,13,35,13,15,8,0,44,2,0,0.226,3.0,34,2,10,2,2.0,3,8,40,0.294,0.368,0.412,0.78,154,87,-0.227,0.56,0.699,,-3.0,27,10,9.0,2,45,14,28,13,13,10,0,37,2,0,-0.273,-2.0
KCA/KCA202008230,"Sunday, August 23, 2020",1:05 p.m. Local,Kauffman Stadium,,3:35,Day,Away,Minnesota Twins,MIN,Kansas City Royals,KCR,38,5,13,5,5.0,5,6,43,0.342,0.419,0.526,0.945,151,103,0.059,1.67,0.775,,-0.0,27,7,9.0,0,53,19,31,15,17,13,0,55,1,1,0.442,1.0,37,4,9,4,4.0,4,10,42,0.243,0.333,0.324,0.658,173,95,-0.441,0.89,0.781,,-1.0,27,10,9.0,1,49,12,34,9,18,10,0,24,4,0,-0.058,0.0
SLN/SLN202008240,"Monday, August 24, 2020",7:15 p.m. Local,Busch Stadium III,,3:10,Night,Home,St. Louis Cardinals,STL,Kansas City Royals,KCR,34,3,4,3,2.0,2,5,36,0.118,0.167,0.235,0.402,181,87,-0.256,0.64,0.203,,-1.7,24,4,8.0,1,53,8,26,16,13,6,0,31,4,3,-0.243,-4.9,34,9,12,9,10.12,7,6,45,0.353,0.489,0.529,1.018,143,108,0.244,0.59,0.55,,4.9,27,14,9.0,1,68,11,29,8,21,14,0,68,0,0,0.257,1.7
SLN/SLN202008250,"Tuesday, August 25, 2020",7:15 p.m. Local,Busch Stadium III,,3:07,Night,Away,Kansas City Royals,KCR,St. Louis Cardinals,STL,34,5,10,4,5.0,3,7,37,0.294,0.351,0.441,0.793,159,81,0.197,1.87,1.038,,0.3,27,9,9.0,0,42,15,24,13,14,9,0,32,2,0,0.303,0.7,32,4,8,4,4.0,6,8,39,0.25,0.385,0.375,0.76,132,96,-0.305,1.24,1.061,,-0.7,27,10,9.0,1,49,20,27,12,12,7,0,49,0,0,-0.197,-0.3
SLN/SLN202008260,"Wednesday, August 26, 2020",7:15 p.m. Local,Busch Stadium III,,3:37,Night,Home,St. Louis Cardinals,STL,Kansas City Royals,KCR,33,5,7,5,5.0,5,6,38,0.212,0.316,0.455,0.77,195,80,0.1,2.27,0.823,,0.3,26,4,8.2,0,47,15,18,14,13,4,0,50,7,3,-0.601,-2.1,34,6,9,6,6.23,8,14,46,0.265,0.435,0.324,0.758,134,118,0.601,1.01,1.958,,2.1,27,12,9.0,2,64,18,36,11,10,1,0,58,1,0,-0.099,-0.3
CHA/CHA202008280,"Friday, August 28, 2020",6:10 p.m. Local,Guaranteed Rate Field,,3:59,Night,Home,Chicago White Sox,CHW,Kansas City Royals,KCR,36,5,11,4,4.0,6,7,43,0.306,0.405,0.528,0.933,173,102,0.157,1.32,1.619,,0.2,24,6,8.0,3,63,16,23,13,17,7,0,46,3,2,-0.657,-1.7,35,6,11,6,5.62,4,11,39,0.314,0.385,0.629,1.013,168,112,0.656,1.67,1.436,,1.7,27,9,9.0,2,62,24,26,8,16,8,0,44,2,0,-0.156,-0.2
CHA/CHA202008290,"Saturday, August 29, 2020",1:10 p.m. Local,Guaranteed Rate Field,,3:33,Day,Away,Kansas City Royals,KCR,Chicago White Sox,CHW,36,9,11,9,9.0,7,9,43,0.306,0.419,0.722,1.141,165,107,0.503,0.9,1.19,,4.2,27,13,9.0,1,51,23,33,9,18,8,0,47,1,0,-0.003,-1.2,36,6,10,5,5.0,4,8,40,0.278,0.35,0.417,0.767,188,108,0.005,0.92,0.661,,1.2,27,9,9.0,4,51,22,35,19,9,4,0,56,2,0,-0.503,-4.2
CHA/CHA202008300,"Sunday, August 30, 2020",1:10 p.m. Local,Guaranteed Rate Field,,3:38,Day,Home,Chicago White Sox,CHW,Kansas City Royals,KCR,33,2,5,2,1.8,5,13,38,0.152,0.263,0.273,0.536,165,100,-0.675,1.43,0.762,,-4.0,28,7,9.1,1,42,27,31,12,8,4,0,54,1,0,0.173,0.7,37,5,8,5,3.86,4,14,42,0.216,0.31,0.324,0.634,170,107,-0.173,1.58,0.886,,-0.7,30,11,10.0,1,54,24,29,8,15,7,0,73,3,0,0.674,4.0
KCA/KCA202008310,"Monday, August 31, 2020",7:05 p.m. Local,Kauffman Stadium,,3:11,Night,Home,Kansas City Royals,KCR,Cleveland Indians,CLE,33,1,6,1,1.0,1,6,34,0.182,0.206,0.242,0.448,165,89,-0.485,1.74,0.458,,-4.0,24,3,8.0,0,54,11,24,15,12,8,0,75,4,1,-0.015,2.5,28,2,4,2,2.25,6,13,35,0.143,0.314,0.143,0.457,147,93,0.017,1.24,0.992,,-2.5,27,12,9.0,0,44,18,31,3,12,7,0,66,1,0,0.485,4.0
KCA/KCA202009010,"Tuesday, September 1, 2020",7:05 p.m. Local,Kauffman Stadium,,3:10,Night,Away,Cleveland Indians,CLE,Kansas City Royals,KCR,42,10,18,10,10.0,3,6,46,0.429,0.457,0.786,1.242,134,103,0.314,0.31,0.503,,5.0,27,7,9.0,1,61,11,31,17,20,8,0,66,0,0,0.186,4.0,34,1,7,1,1.0,0,8,34,0.206,0.206,0.324,0.529,179,92,-0.187,0.29,0.057,,-4.0,27,10,9.0,4,61,17,14,10,16,6,0,19,4,2,-0.313,-5.0
KCA/KCA202009020,"Wednesday, September 2, 2020",7:05 p.m. Local,Kauffman Stadium,,2:29,Night,Away,Cleveland Indians,CLE,Kansas City Royals,KCR,35,5,10,5,5.0,0,6,35,0.286,0.286,0.486,0.771,119,79,-0.076,1.04,0.389,,-0.0,27,11,9.0,0,50,12,17,10,19,12,0,72,0,0,0.577,5.0,27,0,3,0,0.0,1,9,28,0.111,0.143,0.148,0.291,122,75,-0.575,0.65,0.251,,-5.0,27,11,9.0,2,44,14,17,10,8,4,0,47,0,0,0.077,0.0
KCA/KCA202009030,"Thursday, September 3, 2020",7:05 p.m. Local,Kauffman Stadium,,3:18,Night,Away,Chicago White Sox,CHW,Kansas City Royals,KCR,37,11,13,10,11.0,5,6,44,0.351,0.432,0.622,1.053,168,103,0.512,0.7,0.793,,6.0,27,12,9.0,1,59,15,29,11,21,11,0,46,1,1,-0.013,-1.0,36,6,9,6,6.0,4,6,42,0.25,0.341,0.444,0.786,160,102,0.013,0.64,0.556,,1.0,27,9,9.0,3,61,16,25,15,16,13,0,32,0,0,-0.514,-6.0
KCA/KCA202009040,"Friday, September 4, 2020",7:05 p.m. Local,Kauffman Stadium,,3:42,Night,Away,Chicago White Sox,CHW,Kansas City Royals,KCR,38,7,14,6,7.0,3,9,44,0.368,0.409,0.421,0.83,161,110,0.37,1.18,0.978,,2.0,27,9,9.0,0,61,19,30,16,15,11,0,42,4,0,0.13,1.0,37,4,9,4,4.0,6,7,43,0.243,0.349,0.243,0.592,166,107,-0.13,0.95,0.744,,-1.0,27,7,9.0,0,63,21,23,15,15,9,0,33,1,1,-0.369,-2.0
KCA/KCA202009050,"Saturday, September 5, 2020",6:05 p.m. Local,Kauffman Stadium,,3:10,Night,Away,Chicago White Sox,CHW,Kansas City Royals,KCR,33,5,5,5,2.0,1,7,34,0.152,0.176,0.364,0.54,150,96,0.144,1.04,0.553,,-0.0,27,8,9.0,1,54,23,19,10,16,7,0,59,2,1,0.355,2.0,32,3,6,3,3.0,2,11,34,0.188,0.235,0.313,0.548,134,104,-0.355,0.61,0.419,,-2.0,27,7,9.0,2,49,33,22,11,10,4,0,58,0,0,-0.146,0.0
KCA/KCA202009060,"Sunday, September 6, 2020",1:05 p.m. Local,Kauffman Stadium,,3:34,Day,Away,Chicago White Sox,CHW,Kansas City Royals,KCR,39,8,13,8,8.0,6,8,46,0.333,0.435,0.538,0.973,116,101,0.132,0.97,0.729,,3.0,27,10,9.0,1,55,19,27,11,20,12,0,65,2,1,0.37,3.0,34,2,8,2,2.0,0,10,35,0.235,0.235,0.353,0.588,176,78,-0.37,0.79,0.407,,-3.0,27,7,9.0,1,39,15,24,12,13,6,0,47,5,0,-0.131,-3.0
CLE/CLE202009070,"Monday, September 7, 2020",6:10 p.m. Local,Progressive Field,,2:52,Night,Home,Cleveland Indians,CLE,Kansas City Royals,KCR,35,2,9,2,2.0,0,7,35,0.257,0.257,0.4,0.657,135,93,-0.376,0.61,0.317,,-3.2,24,13,8.0,0,54,18,21,13,15,8,0,40,1,0,-0.126,-0.4,30,5,8,5,4.5,3,3,35,0.267,0.314,0.267,0.581,127,86,0.125,0.9,0.414,,0.4,27,11,9.0,1,58,7,21,18,11,6,0,63,1,0,0.375,3.2
CLE/CLE202009080,"Tuesday, September 8, 2020",6:10 p.m. Local,Progressive Field,,3:13,Night,Away,Kansas City Royals,KCR,Cleveland Indians,CLE,36,8,10,8,6.0,2,11,41,0.278,0.325,0.444,0.769,138,106,0.477,0.86,1.168,,2.8,27,11,9.0,3,57,23,26,11,16,6,0,32,1,0,0.022,-0.8,35,6,9,6,6.0,1,11,36,0.257,0.278,0.571,0.849,164,97,-0.023,1.25,0.641,,0.8,27,9,9.0,1,48,25,24,13,11,7,0,55,4,1,-0.478,-2.8
CLE/CLE202009090,"Wednesday, September 9, 2020",6:10 p.m. Local,Progressive Field,,3:03,Night,Away,Kansas City Royals,KCR,Cleveland Indians,CLE,36,3,10,3,3.0,0,8,36,0.278,0.278,0.333,0.611,146,100,-0.206,1.42,0.565,,-2.2,27,1,9.0,0,49,22,29,15,13,9,0,61,1,0,0.706,5.2,32,0,6,0,0.0,4,6,37,0.188,0.278,0.281,0.559,136,90,-0.706,1.06,0.347,,-5.2,27,11,9.0,0,53,11,26,6,21,9,0,65,0,0,0.207,2.2
CLE/CLE202009100,"Thursday, September 10, 2020",6:10 p.m. Local,Progressive Field,,2:48,Night,Away,Kansas City Royals,KCR,Cleveland Indians,CLE,40,11,13,11,11.0,3,8,43,0.325,0.372,0.6,0.972,142,111,0.171,0.44,0.537,,5.8,27,8,9.0,0,65,21,25,16,16,9,0,86,0,0,0.328,4.2,30,1,3,1,1.0,2,8,32,0.1,0.156,0.133,0.29,168,93,-0.328,0.53,0.026,,-4.2,27,12,9.0,3,52,18,23,11,11,5,0,48,0,0,-0.172,-5.8
KCA/KCA202009110,"Friday, September 11, 2020",7:05 p.m. Local,Kauffman Stadium,,3:10,Night,Home,Kansas City Royals,KCR,Pittsburgh Pirates,PIT,34,3,7,3,3.0,3,13,38,0.206,0.289,0.324,0.613,169,104,-0.462,0.72,0.657,,-2.0,24,8,8.0,1,51,23,30,8,13,8,0,43,1,0,-0.036,0.5,31,4,6,3,4.5,5,8,36,0.194,0.306,0.323,0.628,165,98,0.036,1.31,0.484,,-0.5,27,6,9.0,1,52,17,29,13,10,2,0,55,0,0,0.463,2.0
KCA/KCA202009120,"Saturday, September 12, 2020",6:05 p.m. Local,Kauffman Stadium,,3:06,Night,Home,Kansas City Royals,KCR,Pittsburgh Pirates,PIT,33,4,8,4,4.0,1,5,34,0.242,0.265,0.545,0.81,160,89,-0.134,0.8,0.534,,-1.0,24,10,8.0,2,60,12,17,15,13,5,0,24,3,0,-0.366,-2.5,35,7,13,7,7.88,5,8,41,0.371,0.439,0.571,1.01,136,99,0.364,0.83,0.739,,2.5,27,12,9.0,3,54,19,26,15,13,10,0,43,1,0,0.135,1.0
KCA/KCA202009130,"Sunday, September 13, 2020",1:05 p.m. Local,Kauffman Stadium,,3:02,Day,Home,Kansas City Royals,KCR,Pittsburgh Pirates,PIT,31,0,5,0,0.0,1,2,32,0.161,0.188,0.194,0.381,185,73,-0.135,0.32,0.032,,-5.0,24,5,8.0,2,49,7,17,17,12,5,0,12,6,3,-0.366,-6.5,35,11,12,9,12.38,8,15,45,0.343,0.477,0.543,1.02,111,102,0.365,0.19,0.457,,6.5,27,15,9.0,0,39,27,35,7,13,11,0,78,,,0.135,5.0
DET/DET202009150,"Tuesday, September 15, 2020",7:10 p.m. Local,Comerica Park,,3:27,Night,Home,Detroit Tigers,DET,Kansas City Royals,KCR,32,0,5,0,0.0,5,9,37,0.156,0.27,0.219,0.489,174,100,-0.247,0.41,0.203,,-5.1,24,3,8.0,2,55,18,27,12,11,6,0,24,4,1,-0.252,-1.5,35,6,14,6,6.75,5,12,41,0.4,0.463,0.629,1.092,155,111,0.253,0.54,0.482,,1.5,27,11,9.0,0,68,18,25,8,16,12,0,66,2,0,0.248,5.1
DET/DET202009160,"Wednesday, September 16, 2020",7:10 p.m. Local,Comerica Park,,2:33,Night,Away,Kansas City Royals,KCR,Detroit Tigers,DET,34,4,6,3,3.0,2,11,37,0.176,0.222,0.294,0.516,118,96,0.018,0.82,0.379,,-1.1,27,6,9.0,0,57,22,17,14,9,1,0,75,0,0,0.483,5.1,29,0,2,0,0.0,1,12,30,0.069,0.1,0.069,0.169,146,85,-0.482,0.51,0.094,,-5.1,27,6,9.0,1,37,19,29,8,9,1,0,62,0,0,-0.017,1.1
MIL/MIL202009180,"Friday, September 18, 2020",7:10 p.m. Local,Miller Park,,3:20,Night,Home,Milwaukee Brewers,MIL,Kansas City Royals,KCR,37,5,11,4,3.0,5,10,42,0.297,0.381,0.459,0.84,159,114,0.089,0.8,0.589,,0.2,24,6,8.0,3,62,20,32,12,15,9,0,26,1,0,-0.59,-4.7,37,9,14,9,10.12,5,12,42,0.378,0.452,0.703,1.155,181,91,0.589,0.67,1.067,,4.7,27,10,9.0,1,39,25,27,7,18,12,0,40,2,0,-0.09,-0.2
MIL/MIL202009190,"Saturday, September 19, 2020",6:10 p.m. Local,Miller Park,,2:55,Night,Home,Milwaukee Brewers,MIL,Kansas City Royals,KCR,30,0,4,0,0.0,0,15,31,0.133,0.161,0.133,0.295,141,94,-0.604,0.77,0.202,,-4.8,24,8,8.0,1,43,27,24,8,7,4,0,67,1,0,0.104,-0.7,26,5,4,4,4.5,5,11,31,0.154,0.29,0.308,0.598,141,87,-0.105,1.08,0.355,,0.7,27,8,9.0,0,49,15,23,9,6,2,0,73,0,0,0.605,4.8
MIL/MIL202009200,"Sunday, September 20, 2020",1:10 p.m. Local,Miller Park,,2:43,Day,Home,Milwaukee Brewers,MIL,Kansas City Royals,KCR,32,3,6,3,3.0,0,4,32,0.188,0.188,0.313,0.5,151,84,-0.311,0.47,0.22,,-1.8,24,5,8.0,2,54,12,18,10,18,7,0,38,0,0,-0.19,-0.7,30,5,7,5,5.62,5,9,35,0.233,0.343,0.433,0.776,127,90,0.19,0.82,0.466,,0.7,27,9,9.0,1,45,15,30,8,13,7,0,60,2,1,0.31,1.8
KCA/KCA202009210,"Monday, September 21, 2020",7:05 p.m. Local,Kauffman Stadium,,2:55,Night,Home,Kansas City Royals,KCR,St. Louis Cardinals,STL,32,1,6,1,1.0,3,9,35,0.188,0.257,0.281,0.538,125,89,-0.439,1.02,0.36,,-4.0,24,5,8.0,0,43,17,29,10,13,6,0,50,5,0,-0.062,0.5,31,4,8,4,4.5,3,11,34,0.258,0.324,0.323,0.646,144,82,0.062,1.01,0.599,,-0.5,27,9,9.0,1,44,16,22,9,11,7,0,50,2,0,0.438,4.0
KCA/KCA202009220,"Tuesday, September 22, 2020",7:05 p.m. Local,Kauffman Stadium,,3:09,Night,Away,St. Louis Cardinals,STL,Kansas City Royals,KCR,30,5,7,5,5.0,7,10,40,0.233,0.385,0.4,0.785,144,100,0.168,0.61,0.564,,-0.0,27,13,9.0,0,57,12,31,11,11,6,0,67,0,0,0.332,5.0,33,0,6,0,0.0,2,9,35,0.182,0.229,0.242,0.471,169,93,-0.334,0.58,0.19,,-5.0,27,11,9.0,0,52,17,24,14,10,6,0,40,1,0,-0.168,0.0
KCA/KCA202009230,"Wednesday, September 23, 2020",7:05 p.m. Local,Kauffman Stadium,,2:50,Night,Home,Kansas City Royals,KCR,St. Louis Cardinals,STL,35,3,9,3,3.0,2,10,37,0.257,0.297,0.314,0.612,139,93,-0.194,0.26,0.16,,-2.0,24,9,8.0,4,47,17,29,9,16,12,0,18,2,2,-0.306,-7.5,37,12,14,12,13.5,3,8,40,0.378,0.425,0.865,1.29,146,93,0.307,0.41,0.449,,7.5,27,6,9.0,0,57,10,26,14,15,5,0,57,3,0,0.194,2.0
KCA/KCA202009240,"Thursday, September 24, 2020",7:05 p.m. Local,Kauffman Stadium,,3:22,Night,Home,Kansas City Royals,KCR,Detroit Tigers,DET,40,7,14,7,7.0,4,9,44,0.35,0.409,0.5,0.909,135,112,-0.053,0.84,0.92,,2.0,24,11,8.0,2,63,14,35,15,16,9,0,27,5,2,-0.446,-3.5,31,8,11,8,9.0,4,3,37,0.355,0.417,0.581,0.997,180,79,0.447,1.23,0.925,,3.5,27,11,9.0,2,50,7,22,14,16,9,0,34,5,1,0.053,-2.0
KCA/KCA202009250,"Friday, September 25, 2020",7:05 p.m. Local,Kauffman Stadium,,2:50,Night,Home,Kansas City Royals,KCR,Detroit Tigers,DET,32,2,8,2,2.0,1,7,34,0.25,0.265,0.281,0.546,134,86,-0.534,0.92,0.567,,-3.0,24,8,8.0,0,44,13,29,13,13,9,0,46,0,0,0.036,1.5,30,3,8,3,3.38,3,10,35,0.267,0.324,0.4,0.724,139,85,-0.036,1.52,0.525,,-1.5,27,14,9.0,0,48,24,13,11,11,5,0,69,1,1,0.535,3.0
KCA/KCA202009260,"Saturday, September 26, 2020",6:05 p.m. Local,Kauffman Stadium,,3:00,Night,Away,Detroit Tigers,DET,Kansas City Royals,KCR,33,4,10,4,3.0,2,14,35,0.303,0.343,0.333,0.676,137,97,-0.106,1.77,0.55,,-1.0,27,9,9.0,1,42,27,28,10,9,5,0,51,0,0,0.606,2.0,33,3,7,3,3.0,3,6,37,0.212,0.297,0.364,0.661,140,84,-0.606,0.91,0.81,,-2.0,27,8,9.0,0,51,18,15,13,14,5,0,29,1,0,0.106,1.0
KCA/KCA202009270,"Sunday, September 27, 2020",12:05 p.m. Local,Kauffman Stadium,,2:27,Day,Home,Kansas City Royals,KCR,Detroit Tigers,DET,29,1,3,1,1.0,1,9,30,0.103,0.133,0.138,0.271,139,86,-0.572,0.76,0.274,,-4.0,24,6,8.0,2,40,14,32,12,8,3,0,53,1,0,0.071,1.5,29,3,5,3,3.38,2,9,31,0.172,0.226,0.414,0.64,125,91,-0.07,1.17,0.413,,-1.5,27,11,9.0,0,59,19,13,7,13,2,0,72,0,0,0.57,4.0
