,date,time,venue,attendance,duration,time_of_day,winner,winning_name,winning_abbr,losing_name,losing_abbr,away_at_bats,away_runs,away_hits,away_rbi,away_earned_runs,away_bases_on_balls,away_strikeouts,away_plate_appearances,away_batting_average,away_on_base_percentage,away_slugging_percentage,away_on_base_plus,away_pitches,away_strikes,away_win_probability_for_offensive_player,away_average_leverage_index,away_win_probability_added,away_win_probability_subtracted,away_base_out_runs_added,away_putouts,away_assists,away_innings_pitched,away_home_runs,away_strikes_by_contact,away_strikes_swinging,away_strikes_looking,away_grounded_balls,away_fly_balls,away_line_drives,away_unknown_bat_type,away_game_score,away_inherited_runners,away_inherited_score,away_win_probability_by_pitcher,away_base_out_runs_saved,home_at_bats,home_runs,home_hits,home_rbi,home_earned_runs,home_bases_on_balls,home_strikeouts,home_plate_appearances,home_batting_average,home_on_base_percentage,home_slugging_percentage,home_on_base_plus,home_pitches,home_strikes,home_win_probability_for_offensive_player,home_average_leverage_index,home_win_probability_added,home_win_probability_subtracted,home_base_out_runs_added,home_putouts,home_assists,home_innings_pitched,home_home_runs,home_strikes_by_contact,home_strikes_swinging,home_strikes_looking,home_grounded_balls,home_fly_balls,home_line_drives,home_unknown_bat_type,home_game_score,home_inherited_runners,home_inherited_score,home_win_probability_by_pitcher,home_base_out_runs_saved
PHI/PHI202007240,"Friday, July 24, 2020",7:05 p.m. Local,Citizens Bank Park,,3:10,Night,Away,Miami Marlins,MIA,Philadelphia Phillies,PHI,34,5,9,4,5.0,3,9,38,0.265,0.316,0.412,0.728,124,108,0.202,0.92,0.684,,0.1,27,13,9.0,1,59,19,30,13,13,6,0,67,1,1,0.298,2.9,31,2,5,1,1.0,3,8,34,0.161,0.235,0.258,0.493,160,78,-0.297,0.76,0.4,,-2.9,27,9,9.0,1,38,16,24,12,11,7,0,48,4,1,-0.203,-0.1
PHI/PHI202007250,"Saturday, July 25, 2020",4:05 p.m. Local,Citizens Bank Park,,2:54,Day,Home,Philadelphia Phillies,PHI,Miami Marlins,MIA,29,1,6,1,1.0,3,7,32,0.207,0.281,0.241,0.523,165,80,-0.328,0.86,0.37,,-3.9,24,9,8.0,4,40,19,21,13,9,5,0,50,0,0,-0.173,-2.7,29,7,7,7,7.88,9,5,38,0.241,0.421,0.655,1.076,121,85,0.173,0.97,0.756,,2.7,27,11,9.0,0,46,20,21,10,14,3,0,65,0,0,0.328,3.9
PHI/PHI202007260,"Sunday, July 26, 2020",1:05 p.m. Local,Citizens Bank Park,,3:44,Day,Away,Miami Marlins,MIA,Philadelphia Phillies,PHI,38,11,12,11,11.0,4,8,44,0.316,0.409,0.763,1.172,179,94,0.637,0.94,1.066,,6.1,27,8,9.0,1,52,15,27,8,22,12,0,31,5,0,-0.138,-1.1,40,6,12,5,5.0,7,5,47,0.3,0.404,0.525,0.929,147,108,0.138,0.67,0.86,,1.1,27,8,9.0,4,63,10,35,11,24,12,0,39,2,2,-0.639,-6.1
BAL/BAL202008040,"Tuesday, August 4, 2020",7:35 p.m. Local,Oriole Park at Camden Yards,,2:38,Night,Away,Miami Marlins,MIA,Baltimore Orioles,BAL,33,4,6,3,3.0,2,6,35,0.182,0.229,0.394,0.623,120,84,0.028,0.87,0.48,,-0.9,27,9,9.0,0,54,11,19,12,15,8,0,70,0,0,0.472,4.9,30,0,3,0,0.0,1,11,31,0.1,0.129,0.133,0.262,139,81,-0.474,0.74,0.144,,-4.9,27,11,9.0,2,46,16,19,12,7,3,0,60,4,1,-0.029,0.9
BAL/BAL202008051,"Wednesday, August 5, 2020",5:05 p.m. Local,Oriole Park at Camden Yards,,2:19,Night,Away,Miami Marlins,MIA,Baltimore Orioles,BAL,25,1,2,1,1.29,4,11,29,0.08,0.207,0.2,0.407,93,74,-0.256,1.72,0.298,,-2.8,21,5,7.0,0,33,17,24,11,3,3,0,63,3,0,0.756,3.8,23,0,3,0,0.0,2,7,27,0.13,0.259,0.174,0.433,121,60,-0.755,0.99,0.367,,-3.8,21,7,7.0,1,32,10,18,7,9,2,0,63,0,0,0.255,2.8
BAL/BAL202008052,"Wednesday, August 5, 2020",8:11 p.m. Local,Oriole Park at Camden Yards,,2:06,Night,Home,Baltimore Orioles,BAL,Miami Marlins,MIA,24,1,4,1,1.29,4,7,28,0.167,0.286,0.208,0.494,75,65,-0.501,0.7,0.55,,-2.8,18,6,6.0,0,40,14,11,7,10,3,0,54,0,0,0.003,1.3,21,2,4,2,3.0,1,4,23,0.19,0.217,0.238,0.455,108,48,-0.002,1.75,0.269,,-1.3,21,6,7.0,0,31,7,10,8,10,5,0,54,4,1,0.503,2.8
BAL/BAL202008060,"Thursday, August 6, 2020",7:35 p.m. Local,Oriole Park at Camden Yards,,2:58,Night,Home,Baltimore Orioles,BAL,Miami Marlins,MIA,36,7,10,7,7.0,1,6,39,0.278,0.308,0.75,1.058,125,89,0.094,1.01,1.211,,2.1,24,7,8.0,1,57,9,23,8,23,13,0,22,3,2,-0.595,-3.6,33,8,11,7,9.0,1,6,38,0.333,0.368,0.545,0.914,139,82,0.594,1.43,1.094,,3.6,27,7,9.0,4,47,11,24,14,15,14,0,38,2,0,-0.095,-2.1
NYN/NYN202008070,"Friday, August 7, 2020",7:10 p.m. Local,Citi Field,,3:34,Night,Away,Miami Marlins,MIA,New York Mets,NYM,33,4,7,4,4.0,4,16,37,0.212,0.297,0.394,0.691,151,94,0.105,1.71,0.451,,-0.4,27,4,9.0,1,53,21,23,8,9,3,0,53,5,2,0.394,1.4,34,3,6,2,2.0,3,11,37,0.176,0.243,0.353,0.596,154,103,-0.393,0.52,0.74,,-1.4,27,7,9.0,1,62,14,27,7,16,6,0,46,0,0,-0.107,0.4
NYN/NYN202008080,"Saturday, August 8, 2020",7:10 p.m. Local,Citi Field,,3:03,Night,Home,New York Mets,NYM,Miami Marlins,MIA,33,4,8,4,4.0,7,9,40,0.242,0.375,0.333,0.708,127,92,-0.067,0.64,0.678,,-0.4,24,9,8.0,3,48,18,26,15,9,6,0,38,4,3,-0.432,-4.1,30,8,7,8,7.88,3,6,36,0.233,0.333,0.567,0.9,162,81,0.433,1.04,0.753,,4.1,27,12,9.0,1,51,12,18,9,16,10,0,51,3,2,0.068,0.4
NYN/NYN202008090,"Sunday, August 9, 2020",1:10 p.m. Local,Citi Field,,3:09,Day,Home,New York Mets,NYM,Miami Marlins,MIA,35,2,9,2,2.0,4,12,39,0.257,0.333,0.371,0.705,126,101,-0.369,0.97,0.693,,-2.4,24,11,8.0,0,51,24,26,14,9,3,0,47,2,0,-0.133,-0.1,30,4,8,3,3.38,5,7,37,0.267,0.378,0.333,0.712,166,75,0.132,1.31,0.661,,0.1,27,8,9.0,1,45,14,16,17,7,4,0,49,0,0,0.369,2.4
TOR/TOR202008110,"Tuesday, August 11, 2020",6:37 p.m. Local,Sahlen Field,,3:20,Night,Home,Toronto Blue Jays,TOR,Miami Marlins,MIA,34,4,4,4,3.6,4,9,38,0.118,0.211,0.324,0.534,148,101,-0.329,1.34,0.701,,-2.0,28,10,9.1,1,61,15,25,12,13,5,0,52,0,0,-0.172,-0.6,33,5,7,5,3.86,5,7,39,0.212,0.316,0.364,0.679,162,88,0.172,1.35,0.89,,0.6,30,12,10.0,2,50,17,21,10,17,8,0,69,0,0,0.329,2.0
TOR/TOR202008120,"Wednesday, August 12, 2020",6:37 p.m. Local,Sahlen Field,,4:20,Night,Away,Miami Marlins,MIA,Toronto Blue Jays,TOR,43,14,14,11,7.2,6,13,50,0.326,0.408,0.395,0.804,184,117,0.634,1.28,1.135,,8.0,30,7,10.0,7,62,29,26,17,14,8,0,33,4,0,-0.134,-5.0,46,11,18,11,9.9,4,12,50,0.391,0.44,0.891,1.331,200,113,0.133,0.95,1.382,,5.0,30,10,10.0,1,66,20,27,11,23,11,0,22,6,3,-0.634,-8.0
MIA/MIA202008140,"Friday, August 14, 2020",7:10 p.m. Local,Marlins Park,,2:59,Night,Home,Miami Marlins,MIA,Atlanta Braves,ATL,35,2,9,2,2.0,0,9,35,0.257,0.257,0.4,0.657,165,88,-0.132,0.89,0.405,,-2.5,24,7,8.0,0,49,21,18,13,13,7,0,38,1,1,-0.367,-4.0,32,8,10,7,6.75,8,5,42,0.312,0.439,0.375,0.814,120,96,0.368,0.81,0.805,,4.0,27,9,9.0,1,58,7,31,13,16,6,0,58,0,0,0.133,2.5
MIA/MIA202008150,"Saturday, August 15, 2020",6:10 p.m. Local,Marlins Park,,2:59,Night,Away,Atlanta Braves,ATL,Miami Marlins,MIA,32,2,7,2,2.0,3,6,35,0.219,0.286,0.469,0.754,138,86,0.038,1.58,0.775,,-2.5,27,14,9.0,1,52,15,19,12,14,6,0,69,2,0,0.463,3.5,31,1,6,1,1.0,3,10,34,0.194,0.265,0.355,0.62,138,93,-0.462,1.0,0.737,,-3.5,27,13,9.0,2,46,21,26,15,6,4,0,60,0,0,-0.037,2.5
MIA/MIA202008160,"Sunday, August 16, 2020",1:10 p.m. Local,Marlins Park,,2:58,Day,Away,Atlanta Braves,ATL,Miami Marlins,MIA,35,4,8,4,4.0,3,16,38,0.229,0.289,0.286,0.575,115,103,0.053,0.8,0.598,,-0.5,27,6,9.0,0,45,28,30,5,14,8,0,65,1,0,0.446,4.5,27,0,2,0,0.0,1,11,28,0.074,0.107,0.074,0.181,168,75,-0.446,1.06,0.107,,-4.5,27,4,9.0,0,40,11,24,4,12,4,0,70,4,2,-0.055,0.5
MIA/MIA202008170,"Monday, August 17, 2020",7:10 p.m. Local,Marlins Park,,3:55,Night,Away,New York Mets,NYM,Miami Marlins,MIA,37,11,14,11,11.0,8,8,50,0.378,0.5,0.865,1.365,167,117,0.427,0.53,0.842,,6.5,27,10,9.0,1,71,11,35,11,20,12,0,44,2,0,0.075,0.5,38,4,11,4,4.0,7,11,46,0.289,0.413,0.421,0.834,199,98,-0.075,0.49,0.337,,-0.5,27,7,9.0,4,51,20,27,14,13,8,0,34,3,0,-0.426,-6.5
MIA/MIA202008180,"Tuesday, August 18, 2020",7:10 p.m. Local,Marlins Park,,3:20,Night,Away,New York Mets,NYM,Miami Marlins,MIA,37,8,10,8,8.0,6,6,44,0.27,0.386,0.622,1.008,148,89,0.239,0.98,0.769,,3.5,27,10,9.0,0,52,13,24,10,21,12,0,49,2,0,0.262,1.5,37,3,11,3,3.0,0,10,38,0.297,0.316,0.378,0.694,147,92,-0.261,0.66,0.489,,-1.5,27,7,9.0,3,51,21,20,15,12,8,0,41,3,3,-0.238,-3.5
MIA/MIA202008190,"Wednesday, August 19, 2020",7:10 p.m. Local,Marlins Park,,3:14,Night,Away,New York Mets,NYM,Miami Marlins,MIA,34,5,10,5,5.0,3,8,39,0.294,0.359,0.5,0.859,154,88,0.397,1.99,1.085,,0.5,27,12,9.0,0,47,10,31,16,11,7,0,71,5,2,0.103,1.5,35,3,7,2,3.0,3,12,39,0.2,0.282,0.2,0.482,142,105,-0.104,1.11,0.991,,-1.5,27,12,9.0,1,45,23,37,15,8,7,0,55,4,0,-0.397,-0.5
WAS/WAS202008210,"Friday, August 21, 2020",6:05 p.m. Local,Nationals Park,,3:06,Night,Away,Miami Marlins,MIA,Washington Nationals,WSN,35,3,9,3,3.0,3,14,38,0.257,0.316,0.4,0.716,148,98,-0.199,1.41,0.589,,-2.1,27,7,9.0,2,54,23,21,9,12,9,0,58,1,0,0.7,3.1,31,2,4,2,2.0,1,12,33,0.129,0.182,0.323,0.504,153,103,-0.698,1.03,0.354,,-3.1,27,6,9.0,1,53,19,31,7,12,6,0,52,2,0,0.199,2.1
WAS/WAS202008221,"Saturday, August 22, 2020",4:05 p.m. Local,Nationals Park,,2:58,Day,Home,Washington Nationals,WSN,Miami Marlins,MIA,28,4,7,4,5.14,2,8,31,0.25,0.323,0.393,0.715,121,86,-0.363,0.75,0.434,,0.1,18,8,6.0,0,51,15,20,7,13,7,0,40,4,1,-0.145,-1.6,20,5,6,4,6.0,4,6,26,0.3,0.385,0.35,0.735,133,69,0.144,1.37,0.419,,1.6,21,6,7.0,1,41,12,16,9,7,3,0,37,3,0,0.356,-0.1
WAS/WAS202008222,"Saturday, August 22, 2020",7:50 p.m. Local,Nationals Park,,2:31,Night,Home,Washington Nationals,WSN,Miami Marlins,MIA,29,3,8,3,3.86,2,4,31,0.276,0.323,0.517,0.84,119,63,-0.195,1.22,0.539,,-0.9,18,4,6.0,1,39,8,16,15,10,4,0,37,4,2,-0.306,-1.6,26,5,8,4,4.5,4,4,31,0.308,0.387,0.423,0.81,103,67,0.305,1.21,0.831,,1.6,21,7,7.0,2,40,12,15,8,15,5,0,47,1,0,0.194,0.9
WAS/WAS202008230,"Sunday, August 23, 2020",12:35 p.m. Local,Nationals Park,,3:12,Day,Home,Washington Nationals,WSN,Miami Marlins,MIA,34,3,9,3,3.0,0,8,34,0.265,0.265,0.382,0.647,171,90,-0.193,0.71,0.159,,-2.1,24,9,8.0,0,49,14,27,11,15,7,0,37,2,0,-0.307,-4.5,34,9,11,7,6.75,6,5,41,0.324,0.439,0.441,0.88,129,108,0.307,0.42,0.648,,4.5,27,9,9.0,1,71,9,28,12,17,10,0,68,0,0,0.192,2.1
WAS/WAS202008240,"Monday, August 24, 2020",6:05 p.m. Local,Nationals Park,,4:02,Night,Away,Miami Marlins,MIA,Washington Nationals,WSN,43,11,17,11,11.0,6,9,50,0.395,0.48,0.512,0.992,169,128,0.33,0.76,0.783,,5.9,27,14,9.0,1,73,26,29,14,20,11,0,50,1,1,0.171,-2.9,37,8,11,8,5.0,6,5,44,0.297,0.386,0.514,0.9,196,105,-0.173,0.71,0.472,,2.9,27,7,9.0,1,62,16,27,20,13,9,0,25,5,3,-0.329,-5.9
NYN/NYN202008251,"Tuesday, August 25, 2020",5:10 p.m. Local,Citi Field,,2:37,Night,Away,Miami Marlins,MIA,New York Mets,NYM,27,4,6,4,5.14,1,7,29,0.222,0.276,0.296,0.572,125,74,0.245,0.82,0.502,,0.6,21,11,7.0,0,42,11,21,9,11,4,0,50,2,0,0.254,3.4,29,0,8,0,0.0,3,1,32,0.276,0.344,0.345,0.689,123,82,-0.253,0.6,0.278,,-3.4,21,7,7.0,0,54,8,20,17,11,7,0,37,0,0,-0.246,-0.6
NYN/NYN202008252,"Tuesday, August 25, 2020",9:42 p.m. Local,Citi Field,,2:24,Night,Home,New York Mets,NYM,Miami Marlins,MIA,23,0,4,0,0.0,5,7,29,0.174,0.345,0.174,0.519,100,79,-0.427,0.76,0.449,,-3.4,18,8,6.0,0,40,18,21,7,9,3,0,64,1,0,-0.073,-0.1,20,3,2,2,4.5,2,6,23,0.1,0.217,0.15,0.367,133,58,0.073,1.57,0.396,,0.1,21,5,7.0,0,25,18,15,10,4,1,0,61,0,0,0.427,3.4
NYN/NYN202008260,"Wednesday, August 26, 2020",7:10 p.m. Local,Citi Field,,3:16,Night,Home,New York Mets,NYM,Miami Marlins,MIA,31,4,6,4,4.0,5,16,36,0.194,0.306,0.226,0.531,146,93,-0.1,0.9,0.894,,-0.4,24,12,8.0,2,43,30,20,5,10,5,0,40,2,1,-0.401,-1.1,32,5,9,5,4.5,4,7,36,0.281,0.361,0.5,0.861,150,97,0.403,1.78,0.883,,1.1,27,6,9.0,0,60,21,16,13,12,5,0,81,6,3,0.098,0.4
MIA/MIA202008280,"Friday, August 28, 2020",7:10 p.m. Local,Marlins Park,,2:55,Night,Away,Tampa Bay Rays,TBR,Miami Marlins,MIA,35,2,10,2,2.0,3,13,38,0.286,0.342,0.286,0.628,112,90,-0.172,1.2,0.692,,-2.5,27,9,9.0,0,45,24,21,16,6,6,0,71,0,0,0.673,4.5,31,0,5,0,0.0,1,7,33,0.161,0.212,0.226,0.438,135,77,-0.674,1.22,0.228,,-4.5,27,13,9.0,0,44,10,23,12,12,6,0,74,3,1,0.173,2.5
MIA/MIA202008290,"Saturday, August 29, 2020",6:10 p.m. Local,Marlins Park,,2:47,Night,Away,Tampa Bay Rays,TBR,Miami Marlins,MIA,35,4,8,4,4.0,2,7,37,0.229,0.27,0.314,0.585,125,87,0.008,0.97,0.642,,-0.5,27,6,9.0,0,52,13,22,16,12,6,0,68,1,0,0.494,4.5,29,0,3,0,0.0,1,11,30,0.103,0.133,0.138,0.271,137,78,-0.493,0.95,0.168,,-4.5,27,12,9.0,0,52,12,16,7,11,5,0,62,2,2,-0.007,0.5
MIA/MIA202008300,"Sunday, August 30, 2020",1:10 p.m. Local,Marlins Park,,3:26,Day,Away,Tampa Bay Rays,TBR,Miami Marlins,MIA,41,12,13,11,9.0,5,3,47,0.317,0.404,0.732,1.136,147,107,0.362,0.33,0.535,,7.5,27,13,9.0,3,69,9,29,18,20,7,0,54,1,0,0.137,-2.5,34,7,9,7,7.0,5,8,40,0.265,0.375,0.588,0.963,178,86,-0.138,0.34,0.16,,2.5,27,11,9.0,4,44,16,26,15,11,6,0,24,3,3,-0.362,-7.5
NYN/NYN202008310,"Monday, August 31, 2020",1:10 p.m. Local,Citi Field,,3:03,Day,Away,Miami Marlins,MIA,New York Mets,NYM,35,5,8,5,2.0,3,13,38,0.229,0.289,0.457,0.747,146,101,0.291,1.16,0.99,,0.6,27,11,9.0,1,44,39,18,8,14,7,0,52,0,0,0.209,1.4,32,3,8,3,3.0,2,6,35,0.25,0.286,0.438,0.723,150,96,-0.208,1.06,0.685,,-1.4,27,6,9.0,2,56,14,26,17,10,5,0,57,0,0,-0.291,-0.6
MIA/MIA202009010,"Tuesday, September 1, 2020",6:40 p.m. Local,Marlins Park,,2:40,Night,Home,Miami Marlins,MIA,Toronto Blue Jays,TOR,29,2,6,2,2.0,3,6,33,0.207,0.273,0.276,0.549,109,67,-0.425,1.19,0.434,,-2.5,24,7,8.0,2,39,6,22,13,11,5,0,58,1,0,-0.075,1.0,30,3,7,3,2.25,2,10,32,0.233,0.281,0.533,0.815,103,79,0.076,1.27,0.895,,-1.0,27,12,9.0,0,44,20,15,8,12,9,0,49,0,0,0.424,2.5
MIA/MIA202009020,"Wednesday, September 2, 2020",6:40 p.m. Local,Marlins Park,,2:37,Night,Away,Toronto Blue Jays,TOR,Miami Marlins,MIA,32,2,7,2,2.0,0,6,32,0.219,0.219,0.344,0.563,138,71,-0.196,1.8,0.389,,-2.5,27,9,9.0,0,43,11,19,14,12,6,0,64,0,0,0.695,3.5,33,1,6,1,1.0,3,9,37,0.182,0.27,0.212,0.482,104,86,-0.695,0.84,0.657,,-3.5,27,12,9.0,1,49,17,20,10,14,7,0,62,0,0,0.194,2.5
TBA/TBA202009040,"Friday, September 4, 2020",6:40 p.m. Local,Tropicana Field,,2:57,Night,Home,Tampa Bay Rays,TBR,Miami Marlins,MIA,35,4,8,4,4.0,2,8,37,0.229,0.27,0.457,0.727,150,86,-0.331,1.19,0.839,,-0.8,24,7,8.0,1,45,18,23,18,9,6,0,36,3,0,-0.168,-0.7,30,5,6,5,5.62,6,13,36,0.2,0.333,0.333,0.667,136,91,0.168,1.64,0.848,,0.7,27,15,9.0,2,48,22,21,9,8,4,0,39,0,0,0.332,0.8
TBA/TBA202009050,"Saturday, September 5, 2020",6:40 p.m. Local,Tropicana Field,,3:16,Night,Away,Miami Marlins,MIA,Tampa Bay Rays,TBR,35,7,8,5,6.0,5,10,40,0.229,0.325,0.371,0.696,158,92,0.24,0.64,0.579,,2.2,27,11,9.0,0,53,18,21,15,10,5,0,67,2,0,0.26,1.8,32,3,6,3,3.0,5,10,37,0.188,0.297,0.25,0.547,148,100,-0.259,0.52,0.242,,-1.8,27,10,9.0,1,57,14,29,12,10,6,0,42,0,0,-0.24,-2.2
TBA/TBA202009060,"Sunday, September 6, 2020",1:10 p.m. Local,Tropicana Field,,3:18,Day,Home,Tampa Bay Rays,TBR,Miami Marlins,MIA,36,4,8,4,2.7,5,12,41,0.222,0.317,0.389,0.706,155,108,-0.291,1.44,1.079,,-2.0,29,4,9.2,3,55,22,31,11,13,5,0,61,0,0,-0.209,0.7,34,5,6,5,3.72,2,15,37,0.176,0.216,0.471,0.687,175,100,0.208,1.58,1.053,,-0.7,30,10,10.0,1,45,20,35,7,13,6,0,54,1,0,0.291,2.0
ATL/ATL202009070,"Monday, September 7, 2020",1:10 p.m. Local,Truist Park,,3:52,Day,Away,Miami Marlins,MIA,Atlanta Braves,ATL,39,5,9,5,2.7,7,7,47,0.231,0.348,0.308,0.656,173,114,-0.046,2.15,0.938,,-1.2,30,14,10.0,1,69,15,30,19,14,8,0,46,3,0,0.541,2.2,34,4,8,4,3.6,7,4,44,0.235,0.395,0.471,0.866,178,98,-0.54,1.47,1.463,,-2.2,30,15,10.0,0,62,13,23,14,17,8,0,49,0,0,0.04,1.2
ATL/ATL202009080,"Tuesday, September 8, 2020",7:10 p.m. Local,Truist Park,,3:12,Night,Away,Miami Marlins,MIA,Atlanta Braves,ATL,39,8,13,7,6.0,3,9,43,0.333,0.395,0.59,0.985,144,101,0.218,0.59,0.565,,3.0,27,7,9.0,0,52,19,30,20,10,9,0,71,5,0,0.282,5.0,31,0,4,0,0.0,2,10,34,0.129,0.206,0.161,0.367,164,95,-0.282,0.45,0.151,,-5.0,27,15,9.0,3,55,22,18,9,12,3,0,30,0,0,-0.218,-3.0
ATL/ATL202009090,"Wednesday, September 9, 2020",7:10 p.m. Local,Truist Park,,4:14,Night,Home,Atlanta Braves,ATL,Miami Marlins,MIA,38,9,13,9,9.0,4,7,43,0.342,0.395,0.632,1.027,240,121,0.157,0.38,0.394,,4.0,24,7,8.0,7,67,26,28,9,23,9,0,17,4,4,-0.657,-24.6,47,29,23,28,30.38,9,9,58,0.489,0.569,0.979,1.548,197,141,0.657,0.31,0.772,,24.6,27,8,9.0,2,83,26,32,14,25,16,0,14,2,2,-0.156,-4.0
MIA/MIA202009100,"Thursday, September 10, 2020",6:40 p.m. Local,Marlins Park,,3:26,Night,Home,Miami Marlins,MIA,Philadelphia Phillies,PHI,34,6,9,5,3.0,4,5,39,0.265,0.342,0.412,0.754,178,86,0.18,1.82,0.702,,1.5,26,9,8.2,0,63,8,15,16,14,8,0,46,4,3,-0.709,-3.0,36,7,11,7,7.27,8,6,45,0.306,0.422,0.389,0.811,138,99,0.709,0.86,1.738,,3.0,27,14,9.0,1,54,11,34,16,15,8,0,42,0,0,-0.208,-1.5
MIA/MIA202009111,"Friday, September 11, 2020",5:10 p.m. Local,Marlins Park,,2:33,Night,Away,Philadelphia Phillies,PHI,Miami Marlins,MIA,35,11,13,11,12.86,0,7,36,0.371,0.389,0.714,1.103,106,91,0.344,0.34,0.597,,7.5,21,7,7.0,0,54,14,23,9,19,9,0,81,,,0.156,3.5,23,0,3,0,0.0,0,10,25,0.13,0.2,0.13,0.33,133,70,-0.157,0.48,0.033,,-3.5,21,5,7.0,2,35,12,23,7,6,4,0,12,0,0,-0.344,-7.5
MIA/MIA202009112,"Friday, September 11, 2020",8:30 p.m. Local,Marlins Park,,2:41,Night,Home,Miami Marlins,MIA,Philadelphia Phillies,PHI,30,3,11,3,2.57,2,6,32,0.367,0.406,0.467,0.873,121,67,-0.199,0.88,0.655,,-0.5,18,6,6.0,1,39,12,16,13,11,6,0,59,4,2,-0.3,-2.0,28,5,10,5,7.5,2,5,30,0.357,0.4,0.464,0.864,104,77,0.301,1.5,0.669,,2.0,21,10,7.0,0,42,14,21,14,9,5,0,49,1,0,0.2,0.5
MIA/MIA202009120,"Saturday, September 12, 2020",6:10 p.m. Local,Marlins Park,,3:43,Night,Away,Philadelphia Phillies,PHI,Miami Marlins,MIA,41,12,13,11,11.0,8,5,49,0.317,0.429,0.537,0.965,152,102,0.528,0.8,0.846,,7.5,27,13,9.0,2,64,13,25,16,20,9,0,48,2,1,-0.027,-1.5,34,6,10,5,5.0,3,8,37,0.294,0.351,0.529,0.881,175,94,0.026,0.62,0.588,,1.5,27,9,9.0,2,45,19,30,16,10,5,0,29,4,1,-0.526,-7.5
MIA/MIA202009131,"Sunday, September 13, 2020",1:10 p.m. Local,Marlins Park,,2:01,Day,Home,Miami Marlins,MIA,Philadelphia Phillies,PHI,21,1,3,1,1.29,3,4,26,0.143,0.269,0.19,0.46,104,59,-0.489,1.22,0.461,,-2.5,18,1,6.0,0,34,9,16,11,7,5,0,45,3,0,-0.011,1.0,22,2,4,2,3.0,3,10,26,0.182,0.308,0.182,0.49,90,63,0.012,1.82,0.477,,-1.0,21,12,7.0,0,36,17,10,5,7,4,0,68,,,0.488,2.5
MIA/MIA202009132,"Sunday, September 13, 2020",3:55 p.m. Local,Marlins Park,,2:22,Day,Home,Miami Marlins,MIA,Philadelphia Phillies,PHI,23,1,4,1,1.29,2,9,25,0.174,0.24,0.304,0.544,124,65,-0.222,0.49,0.299,,-2.5,18,9,6.0,1,35,8,22,9,5,2,0,32,2,0,-0.278,-5.0,28,8,12,8,12.0,3,5,31,0.429,0.484,0.679,1.162,103,77,0.277,0.96,0.5,,5.0,21,7,7.0,1,45,14,18,13,10,6,0,61,0,0,0.222,2.5
MIA/MIA202009140,"Monday, September 14, 2020",4:10 p.m. Local,Marlins Park,,2:47,Day,Home,Miami Marlins,MIA,Philadelphia Phillies,PHI,31,2,4,2,2.0,0,8,31,0.129,0.129,0.355,0.484,144,90,-0.242,0.7,0.179,,-2.5,24,6,8.0,2,50,14,26,8,15,8,0,35,1,0,-0.257,-2.0,33,6,9,6,6.75,2,12,35,0.273,0.314,0.545,0.86,125,91,0.256,0.61,0.598,,2.0,27,7,9.0,2,44,17,30,9,12,8,0,73,0,0,0.242,2.5
MIA/MIA202009150,"Tuesday, September 15, 2020",6:40 p.m. Local,Marlins Park,,3:05,Night,Away,Boston Red Sox,BOS,Miami Marlins,MIA,33,2,7,2,1.0,4,9,37,0.212,0.297,0.273,0.57,135,90,-0.153,1.07,0.546,,-2.5,27,5,9.0,0,55,14,21,13,11,6,0,67,0,0,0.652,4.5,30,0,4,0,0.0,3,11,33,0.133,0.212,0.167,0.379,144,86,-0.653,1.07,0.146,,-4.5,27,10,9.0,0,46,16,24,8,11,7,0,61,3,1,0.152,2.5
MIA/MIA202009160,"Wednesday, September 16, 2020",6:40 p.m. Local,Marlins Park,,3:35,Night,Home,Miami Marlins,MIA,Boston Red Sox,BOS,36,4,10,4,4.0,4,12,42,0.278,0.357,0.444,0.802,148,115,-0.107,0.38,0.441,,-0.5,24,7,8.0,3,66,26,23,9,16,9,0,23,0,0,-0.393,-4.0,33,8,9,8,9.0,3,8,36,0.273,0.333,0.606,0.939,173,91,0.393,0.84,0.606,,4.0,27,7,9.0,1,50,16,25,10,15,6,0,50,1,0,0.107,0.5
MIA/MIA202009170,"Thursday, September 17, 2020",1:10 p.m. Local,Marlins Park,,3:09,Day,Away,Boston Red Sox,BOS,Miami Marlins,MIA,34,5,10,5,5.0,3,11,37,0.294,0.351,0.382,0.734,136,103,0.066,1.39,0.708,,0.5,27,8,9.0,0,54,26,23,13,10,8,0,70,4,3,0.433,1.5,35,3,7,3,3.0,1,12,37,0.2,0.243,0.257,0.5,154,92,-0.433,1.05,0.623,,-1.5,27,13,9.0,1,51,18,23,12,11,8,0,55,2,0,-0.067,-0.5
MIA/MIA202009181,"Friday, September 18, 2020",5:10 p.m. Local,Marlins Park,,2:15,Night,Away,Washington Nationals,WSN,Miami Marlins,MIA,29,5,10,5,6.43,3,4,32,0.345,0.406,0.414,0.82,109,70,0.252,0.71,0.461,,1.5,21,9,7.0,0,45,13,12,16,9,5,0,74,0,0,0.248,3.5,23,0,2,0,0.0,2,7,26,0.087,0.192,0.087,0.279,102,69,-0.247,0.58,0.15,,-3.5,21,12,7.0,0,40,5,24,9,7,4,0,26,0,0,-0.252,-1.5
MIA/MIA202009182,"Friday, September 18, 2020",8:10 p.m. Local,Marlins Park,,2:54,Night,Home,Miami Marlins,MIA,Washington Nationals,WSN,25,3,6,3,3.86,2,4,28,0.24,0.286,0.32,0.606,149,71,0.027,0.68,0.368,,-0.5,18,4,6.0,4,47,10,15,9,13,6,0,26,5,5,-0.527,-11.0,31,14,12,14,19.5,5,6,38,0.387,0.5,0.806,1.306,115,82,0.527,0.88,0.816,,11.0,21,7,7.0,0,49,11,22,8,17,8,0,42,1,1,-0.027,0.5
MIA/MIA202009190,"Saturday, September 19, 2020",6:10 p.m. Local,Marlins Park,,3:06,Night,Home,Miami Marlins,MIA,Washington Nationals,WSN,29,3,5,3,2.0,4,9,36,0.172,0.306,0.207,0.512,134,94,-0.143,0.56,0.418,,-1.5,24,5,8.0,2,53,18,24,10,11,5,0,23,0,0,-0.357,-3.0,38,7,15,7,7.88,2,9,40,0.395,0.425,0.632,1.057,156,93,0.358,0.84,0.682,,3.0,27,11,9.0,0,52,19,22,9,20,9,0,58,2,0,0.143,1.5
MIA/MIA202009201,"Sunday, September 20, 2020",1:10 p.m. Local,Marlins Park,,2:37,Day,Home,Miami Marlins,MIA,Washington Nationals,WSN,27,1,7,1,1.29,3,5,30,0.259,0.333,0.333,0.667,122,81,-0.425,1.49,1.058,,-2.5,18,4,6.0,0,52,16,15,10,12,5,0,59,3,0,-0.075,1.0,25,2,5,0,0.0,2,7,27,0.2,0.259,0.2,0.459,122,81,0.076,2.66,0.597,,-1.0,21,7,7.0,0,47,22,12,8,10,6,0,60,0,0,0.424,2.5
MIA/MIA202009202,"Sunday, September 20, 2020",4:36 p.m. Local,Marlins Park,,2:54,Day,Away,Washington Nationals,WSN,Miami Marlins,MIA,39,15,18,15,18.0,4,2,43,0.462,0.512,1.0,1.512,107,96,0.374,0.31,0.534,,11.5,21,5,7.0,0,66,4,26,14,23,12,0,66,1,0,0.125,3.5,23,0,2,0,0.0,3,5,26,0.087,0.192,0.13,0.323,160,62,-0.127,0.33,0.046,,-3.5,21,9,7.0,5,37,5,20,5,13,4,0,29,3,3,-0.374,-11.5
ATL/ATL202009210,"Monday, September 21, 2020",7:10 p.m. Local,Truist Park,,3:30,Night,Home,Atlanta Braves,ATL,Miami Marlins,MIA,34,4,9,4,4.0,6,8,41,0.265,0.39,0.294,0.684,140,110,-0.338,0.88,0.9,,-1.0,24,8,8.0,0,65,24,21,16,10,3,0,30,0,0,-0.161,-0.6,31,5,8,5,5.62,3,11,34,0.258,0.324,0.355,0.678,176,96,0.16,1.54,0.64,,0.6,27,13,9.0,0,56,26,14,10,10,6,0,37,2,0,0.34,1.0
ATL/ATL202009220,"Tuesday, September 22, 2020",7:10 p.m. Local,Truist Park,,2:50,Night,Home,Atlanta Braves,ATL,Miami Marlins,MIA,34,1,10,1,1.0,2,10,36,0.294,0.333,0.382,0.716,134,86,-0.332,0.41,0.232,,-4.0,24,8,8.0,5,45,16,25,10,14,8,0,45,1,0,-0.169,-6.6,39,11,15,10,10.12,2,6,41,0.385,0.415,0.846,1.261,135,87,0.169,0.71,0.45,,6.6,27,9,9.0,1,61,16,10,8,25,12,0,67,0,0,0.331,4.0
ATL/ATL202009230,"Wednesday, September 23, 2020",7:10 p.m. Local,Truist Park,,3:01,Night,Home,Atlanta Braves,ATL,Miami Marlins,MIA,33,4,7,4,4.0,1,10,34,0.212,0.235,0.424,0.66,154,83,0.089,0.81,0.48,,-1.0,24,8,8.0,1,46,15,22,10,13,3,0,33,0,0,-0.589,-4.6,33,9,10,9,10.12,6,5,39,0.303,0.41,0.424,0.834,136,93,0.591,0.69,0.967,,4.6,27,8,9.0,2,67,14,12,10,18,9,0,39,0,0,-0.09,1.0
ATL/ATL202009240,"Thursday, September 24, 2020",7:10 p.m. Local,Truist Park,,3:35,Night,Away,Miami Marlins,MIA,Atlanta Braves,ATL,38,4,9,4,1.0,2,10,40,0.237,0.275,0.342,0.617,166,98,0.037,1.48,0.842,,-1.0,27,3,9.0,0,54,16,28,10,18,6,0,67,5,2,0.464,3.0,33,2,6,2,2.0,6,13,40,0.182,0.325,0.212,0.537,153,103,-0.465,1.08,0.644,,-3.0,27,7,9.0,1,59,18,26,8,12,2,0,55,1,0,-0.036,1.0
NYA/NYA202009250,"Friday, September 25, 2020",7:05 p.m. Local,Yankee Stadium III,,3:20,Night,Away,Miami Marlins,MIA,New York Yankees,NYY,33,4,3,4,2.7,2,7,40,0.091,0.162,0.182,0.344,142,110,-0.227,2.16,0.565,,-2.0,30,16,10.0,0,64,20,26,19,10,3,0,63,1,1,0.727,3.0,32,3,7,3,1.8,5,10,37,0.219,0.324,0.281,0.606,167,87,-0.727,1.38,1.141,,-3.0,30,15,10.0,1,54,11,22,14,8,5,0,50,0,0,0.228,2.0
NYA/NYA202009260,"Saturday, September 26, 2020",1:05 p.m. Local,Yankee Stadium III,,3:20,Day,Home,New York Yankees,NYY,Miami Marlins,MIA,37,4,10,4,4.0,3,12,41,0.27,0.325,0.297,0.622,167,98,0.008,0.69,0.383,,-0.9,24,8,8.0,3,54,18,26,12,14,7,0,58,2,2,-0.507,-6.7,32,11,10,11,12.38,7,8,41,0.312,0.45,0.688,1.138,153,95,0.508,0.55,0.937,,6.7,27,6,9.0,0,53,14,28,9,16,8,0,50,1,1,-0.007,0.9
NYA/NYA202009270,"Sunday, September 27, 2020",3:05 p.m. Local,Yankee Stadium III,,3:05,Day,Away,Miami Marlins,MIA,New York Yankees,NYY,35,5,9,5,5.0,4,7,40,0.257,0.35,0.457,0.807,138,99,0.15,0.87,0.483,,0.1,27,14,9.0,0,61,14,24,17,11,5,0,53,2,0,0.352,4.9,31,0,6,0,0.0,4,4,35,0.194,0.286,0.194,0.479,157,86,-0.353,0.55,0.319,,-4.9,27,13,9.0,2,50,14,22,15,12,6,0,44,0,0,-0.148,-0.1
