,date,time,venue,attendance,duration,time_of_day,winner,winning_name,winning_abbr,losing_name,losing_abbr,away_at_bats,away_runs,away_hits,away_rbi,away_earned_runs,away_bases_on_balls,away_strikeouts,away_plate_appearances,away_batting_average,away_on_base_percentage,away_slugging_percentage,away_on_base_plus,away_pitches,away_strikes,away_win_probability_for_offensive_player,away_average_leverage_index,away_win_probability_added,away_win_probability_subtracted,away_base_out_runs_added,away_putouts,away_assists,away_innings_pitched,away_home_runs,away_strikes_by_contact,away_strikes_swinging,away_strikes_looking,away_grounded_balls,away_fly_balls,away_line_drives,away_unknown_bat_type,away_game_score,away_inherited_runners,away_inherited_score,away_win_probability_by_pitcher,away_base_out_runs_saved,home_at_bats,home_runs,home_hits,home_rbi,home_earned_runs,home_bases_on_balls,home_strikeouts,home_plate_appearances,home_batting_average,home_on_base_percentage,home_slugging_percentage,home_on_base_plus,home_pitches,home_strikes,home_win_probability_for_offensive_player,home_average_leverage_index,home_win_probability_added,home_win_probability_subtracted,home_base_out_runs_added,home_putouts,home_assists,home_innings_pitched,home_home_runs,home_strikes_by_contact,home_strikes_swinging,home_strikes_looking,home_grounded_balls,home_fly_balls,home_line_drives,home_unknown_bat_type,home_game_score,home_inherited_runners,home_inherited_score,home_win_probability_by_pitcher,home_base_out_runs_saved
NYN/NYN202007240,"Friday, July 24, 2020",4:10 p.m. Local,Citi Field,,2:25,Day,Home,New York Mets,NYM,Atlanta Braves,ATL,30,0,3,0,0.0,2,15,32,0.1,0.156,0.133,0.29,93,87,-0.715,1.01,0.332,,-4.4,24,10,8.0,1,38,31,18,6,9,4,0,67,0,0,0.216,2.9,28,1,6,1,1.12,0,4,29,0.214,0.241,0.357,0.599,132,65,-0.217,1.48,0.44,,-2.9,27,5,9.0,0,44,10,11,11,13,5,0,72,0,0,0.716,4.4
NYN/NYN202007250,"Saturday, July 25, 2020",4:10 p.m. Local,Citi Field,,3:21,Day,Away,Atlanta Braves,ATL,New York Mets,NYM,37,5,8,5,3.6,1,12,38,0.216,0.237,0.405,0.642,148,107,0.188,1.55,1.065,,-0.5,30,7,10.0,0,59,24,24,12,13,7,0,58,1,0,0.312,2.5,37,3,9,3,1.8,2,11,42,0.243,0.286,0.324,0.61,166,95,-0.313,1.3,0.786,,-2.5,30,11,10.0,2,53,23,19,9,19,10,0,70,2,0,-0.188,0.5
NYN/NYN202007260,"Sunday, July 26, 2020",7:08 p.m. Local,Citi Field,,3:20,Night,Away,Atlanta Braves,ATL,New York Mets,NYM,43,14,17,14,13.0,5,6,48,0.395,0.458,0.837,1.296,168,107,0.47,0.39,0.686,,9.6,27,8,9.0,0,62,20,25,11,26,11,0,49,1,0,0.031,3.4,33,1,6,1,1.0,3,6,38,0.182,0.289,0.242,0.532,179,101,-0.03,0.44,0.223,,-3.4,27,9,9.0,4,57,13,31,11,16,9,0,14,2,2,-0.469,-9.6
BOS/BOS202007270,"Monday, July 27, 2020",7:35 p.m. Local,Fenway Park,,3:11,Night,Away,New York Mets,NYM,Boston Red Sox,BOS,38,7,11,7,7.0,2,12,40,0.289,0.325,0.553,0.878,136,88,0.261,0.69,0.499,,1.8,27,13,9.0,2,47,24,19,12,14,8,0,56,1,0,0.24,1.2,34,4,8,4,4.0,2,5,36,0.235,0.278,0.441,0.719,131,87,-0.239,0.4,0.298,,-1.2,27,7,9.0,3,54,14,19,19,10,4,0,44,0,0,-0.26,-1.8
BOS/BOS202007280,"Tuesday, July 28, 2020",7:30 p.m. Local,Fenway Park,,2:58,Night,Away,New York Mets,NYM,Boston Red Sox,BOS,37,8,10,8,8.0,4,9,43,0.27,0.372,0.432,0.805,132,94,0.244,0.86,0.701,,2.8,27,13,9.0,0,54,21,19,15,13,5,0,48,1,0,0.259,2.2,34,3,9,2,3.0,2,6,36,0.265,0.306,0.382,0.688,141,81,-0.258,0.68,0.375,,-2.2,27,12,9.0,1,50,11,20,12,16,8,0,41,1,0,-0.243,-2.8
NYN/NYN202007290,"Wednesday, July 29, 2020",7:10 p.m. Local,Citi Field,,3:44,Night,Away,Boston Red Sox,BOS,New York Mets,NYM,33,6,8,5,6.0,4,8,38,0.242,0.324,0.455,0.779,179,101,0.44,2.23,1.173,,1.6,27,7,9.0,2,63,18,21,12,14,5,0,46,2,0,0.061,-0.6,38,5,15,5,5.0,3,12,43,0.395,0.465,0.605,1.07,151,113,-0.059,1.33,1.608,,0.6,27,8,9.0,1,77,16,20,8,18,12,0,61,3,0,-0.44,-1.6
NYN/NYN202007300,"Thursday, July 30, 2020",7:07 p.m. Local,Citi Field,,3:49,Night,Away,Boston Red Sox,BOS,New York Mets,NYM,34,4,9,4,4.0,4,9,39,0.265,0.359,0.441,0.8,164,114,0.035,2.14,0.693,,-0.4,27,8,9.0,0,65,23,28,11,14,6,0,58,1,0,0.464,2.4,31,2,5,2,2.0,5,10,38,0.161,0.316,0.161,0.477,179,98,-0.463,0.92,0.987,,-2.4,27,8,9.0,2,55,18,25,11,10,6,0,41,4,0,-0.036,0.4
ATL/ATL202007310,"Friday, July 31, 2020",7:10 p.m. Local,Truist Park,,3:35,Night,Home,Atlanta Braves,ATL,New York Mets,NYM,40,10,13,10,10.0,4,11,44,0.325,0.386,0.575,0.961,169,106,0.333,1.38,1.102,,5.0,24,5,8.0,0,59,13,34,9,20,11,0,40,4,4,-0.834,-6.6,36,11,11,10,10.12,7,11,43,0.306,0.419,0.417,0.835,172,98,0.787,1.13,1.532,,6.6,27,5,9.0,3,55,21,22,8,17,9,0,30,4,3,-0.332,-5.0
ATL/ATL202008010,"Saturday, August 1, 2020",7:10 p.m. Local,Truist Park,,3:21,Night,Home,Atlanta Braves,ATL,New York Mets,NYM,31,1,6,1,1.0,5,11,39,0.194,0.333,0.226,0.559,159,106,-0.201,0.34,0.276,,-4.0,24,6,8.0,2,63,18,25,10,11,8,0,31,0,0,-0.299,-2.6,33,7,9,7,7.88,2,10,37,0.273,0.351,0.515,0.867,167,100,0.298,0.64,0.481,,2.6,27,8,9.0,0,55,18,27,5,18,8,0,58,2,0,0.202,4.0
ATL/ATL202008020,"Sunday, August 2, 2020",1:10 p.m. Local,Truist Park,,3:06,Day,Home,Atlanta Braves,ATL,New York Mets,NYM,35,0,10,0,0.0,5,12,40,0.286,0.375,0.343,0.718,111,108,-0.441,0.69,0.629,,-5.0,24,9,8.0,1,65,19,24,11,12,8,0,57,0,0,-0.06,0.4,30,4,7,4,4.5,2,9,32,0.233,0.281,0.433,0.715,171,68,0.059,1.27,0.416,,-0.4,27,7,9.0,0,38,15,15,9,12,7,0,51,5,0,0.441,5.0
ATL/ATL202008030,"Monday, August 3, 2020",7:10 p.m. Local,Truist Park,,3:16,Night,Away,New York Mets,NYM,Atlanta Braves,ATL,34,7,9,7,7.0,8,6,42,0.265,0.405,0.382,0.787,162,93,0.263,0.54,0.554,,2.0,27,8,9.0,1,55,9,29,15,13,7,0,63,3,0,0.236,3.0,33,2,7,2,2.0,4,15,37,0.212,0.297,0.333,0.631,155,101,-0.236,0.54,0.199,,-3.0,27,14,9.0,1,43,33,25,11,7,2,0,31,3,1,-0.264,-2.0
WAS/WAS202008040,"Tuesday, August 4, 2020",7:05 p.m. Local,Nationals Park,,3:13,Night,Home,Washington Nationals,WSN,New York Mets,NYM,36,3,10,3,3.0,4,13,40,0.278,0.35,0.361,0.711,151,98,-0.391,0.65,0.59,,-2.1,24,9,8.0,2,51,22,25,8,15,7,0,28,3,0,-0.11,-0.5,32,5,10,5,5.62,2,6,35,0.312,0.343,0.531,0.874,162,96,0.109,1.2,0.482,,0.5,27,6,9.0,1,58,15,23,10,17,10,0,48,4,0,0.39,2.1
WAS/WAS202008050,"Wednesday, August 5, 2020",6:05 p.m. Local,Nationals Park,,2:46,Night,Away,New York Mets,NYM,Washington Nationals,WSN,31,3,7,3,3.0,7,5,39,0.226,0.359,0.258,0.617,100,90,-0.097,1.11,0.731,,-2.1,27,14,9.0,0,56,10,24,14,13,7,0,67,0,0,0.596,4.1,31,1,5,1,1.0,0,6,31,0.161,0.161,0.226,0.387,165,71,-0.595,1.22,0.21,,-4.1,27,12,9.0,0,41,5,25,14,11,6,0,47,2,0,0.097,2.1
NYN/NYN202008070,"Friday, August 7, 2020",7:10 p.m. Local,Citi Field,,3:34,Night,Away,Miami Marlins,MIA,New York Mets,NYM,33,4,7,4,4.0,4,16,37,0.212,0.297,0.394,0.691,151,94,0.105,1.71,0.451,,-0.4,27,4,9.0,1,53,21,23,8,9,3,0,53,5,2,0.394,1.4,34,3,6,2,2.0,3,11,37,0.176,0.243,0.353,0.596,154,103,-0.393,0.52,0.74,,-1.4,27,7,9.0,1,62,14,27,7,16,6,0,46,0,0,-0.107,0.4
NYN/NYN202008080,"Saturday, August 8, 2020",7:10 p.m. Local,Citi Field,,3:03,Night,Home,New York Mets,NYM,Miami Marlins,MIA,33,4,8,4,4.0,7,9,40,0.242,0.375,0.333,0.708,127,92,-0.067,0.64,0.678,,-0.4,24,9,8.0,3,48,18,26,15,9,6,0,38,4,3,-0.432,-4.1,30,8,7,8,7.88,3,6,36,0.233,0.333,0.567,0.9,162,81,0.433,1.04,0.753,,4.1,27,12,9.0,1,51,12,18,9,16,10,0,51,3,2,0.068,0.4
NYN/NYN202008090,"Sunday, August 9, 2020",1:10 p.m. Local,Citi Field,,3:09,Day,Home,New York Mets,NYM,Miami Marlins,MIA,35,2,9,2,2.0,4,12,39,0.257,0.333,0.371,0.705,126,101,-0.369,0.97,0.693,,-2.4,24,11,8.0,0,51,24,26,14,9,3,0,47,2,0,-0.133,-0.1,30,4,8,3,3.38,5,7,37,0.267,0.378,0.333,0.712,166,75,0.132,1.31,0.661,,0.1,27,8,9.0,1,45,14,16,17,7,4,0,49,0,0,0.369,2.4
NYN/NYN202008100,"Monday, August 10, 2020",7:10 p.m. Local,Citi Field,,2:59,Night,Away,Washington Nationals,WSN,New York Mets,NYM,44,16,17,16,16.0,3,7,49,0.386,0.429,0.75,1.179,121,113,0.341,0.27,0.513,,11.6,27,13,9.0,1,72,19,22,15,23,15,0,58,0,0,0.16,0.4,34,4,8,3,3.0,2,6,37,0.235,0.297,0.382,0.68,178,79,-0.16,0.24,0.071,,-0.4,27,12,9.0,4,43,18,18,16,12,8,0,20,5,4,-0.341,-11.6
NYN/NYN202008110,"Tuesday, August 11, 2020",7:10 p.m. Local,Citi Field,,2:55,Night,Away,Washington Nationals,WSN,New York Mets,NYM,32,2,9,2,2.0,0,8,33,0.281,0.303,0.375,0.678,142,87,-0.205,1.57,0.377,,-2.4,27,7,9.0,0,49,15,23,12,12,6,0,61,2,0,0.703,3.4,31,1,7,1,1.0,3,11,35,0.226,0.286,0.323,0.608,125,96,-0.705,0.85,0.462,,-3.4,27,13,9.0,1,55,18,23,8,13,8,0,53,0,0,0.204,2.4
NYN/NYN202008120,"Wednesday, August 12, 2020",7:10 p.m. Local,Citi Field,,3:19,Night,Home,New York Mets,NYM,Washington Nationals,WSN,35,6,10,6,6.0,1,11,37,0.286,0.324,0.657,0.981,169,94,0.049,0.71,0.593,,1.6,24,6,8.0,3,48,20,26,8,16,8,0,26,2,0,-0.548,-7.1,37,11,13,11,12.38,5,7,43,0.351,0.442,0.703,1.145,144,102,0.549,0.76,0.959,,7.1,27,6,9.0,4,67,9,26,12,18,11,0,37,0,0,-0.048,-1.6
NYN/NYN202008130,"Thursday, August 13, 2020",1:10 p.m. Local,Citi Field,,3:25,Day,Home,New York Mets,NYM,Washington Nationals,WSN,34,2,5,2,1.0,4,6,39,0.147,0.256,0.235,0.492,169,96,-0.191,0.77,0.316,,-2.4,24,7,8.0,3,49,18,29,11,17,9,0,38,2,0,-0.31,-4.1,36,8,13,8,9.0,5,8,42,0.361,0.452,0.667,1.119,153,102,0.309,0.74,0.77,,4.1,27,11,9.0,1,66,16,20,9,19,12,0,64,0,0,0.19,2.4
PHI/PHI202008140,"Friday, August 14, 2020",7:05 p.m. Local,Citizens Bank Park,,3:24,Night,Home,Philadelphia Phillies,PHI,New York Mets,NYM,37,5,12,5,4.0,5,8,42,0.324,0.405,0.514,0.918,138,100,0.058,1.35,1.438,,0.1,25,6,8.1,1,53,23,24,16,13,7,0,41,0,0,-0.558,-2.1,35,6,11,6,6.48,3,7,39,0.314,0.385,0.486,0.87,152,93,0.558,1.8,1.362,,2.1,27,12,9.0,2,58,15,20,6,22,13,0,32,5,0,-0.058,-0.1
PHI/PHI202008150,"Saturday, August 15, 2020",6:05 p.m. Local,Citizens Bank Park,,2:45,Night,Home,Philadelphia Phillies,PHI,New York Mets,NYM,31,2,6,2,2.0,2,10,33,0.194,0.242,0.323,0.565,141,87,-0.332,0.62,0.183,,-2.9,24,8,8.0,1,38,17,32,10,11,8,0,31,1,0,-0.169,-1.7,30,6,7,6,6.75,3,8,34,0.233,0.303,0.433,0.736,132,92,0.168,0.68,0.471,,1.7,27,9,9.0,1,50,14,28,10,13,9,0,77,0,0,0.331,2.9
PHI/PHI202008160,"Sunday, August 16, 2020",1:05 p.m. Local,Citizens Bank Park,,2:57,Day,Home,Philadelphia Phillies,PHI,New York Mets,NYM,31,2,7,2,2.0,1,6,34,0.226,0.273,0.29,0.563,129,82,-0.207,0.88,0.401,,-2.9,24,8,8.0,1,53,7,22,15,11,6,0,42,0,0,-0.293,-1.7,37,6,14,5,5.62,1,8,38,0.378,0.395,0.568,0.962,124,94,0.292,1.03,0.858,,1.7,27,13,9.0,0,62,13,19,13,16,7,0,60,0,0,0.207,2.9
MIA/MIA202008170,"Monday, August 17, 2020",7:10 p.m. Local,Marlins Park,,3:55,Night,Away,New York Mets,NYM,Miami Marlins,MIA,37,11,14,11,11.0,8,8,50,0.378,0.5,0.865,1.365,167,117,0.427,0.53,0.842,,6.5,27,10,9.0,1,71,11,35,11,20,12,0,44,2,0,0.075,0.5,38,4,11,4,4.0,7,11,46,0.289,0.413,0.421,0.834,199,98,-0.075,0.49,0.337,,-0.5,27,7,9.0,4,51,20,27,14,13,8,0,34,3,0,-0.426,-6.5
MIA/MIA202008180,"Tuesday, August 18, 2020",7:10 p.m. Local,Marlins Park,,3:20,Night,Away,New York Mets,NYM,Miami Marlins,MIA,37,8,10,8,8.0,6,6,44,0.27,0.386,0.622,1.008,148,89,0.239,0.98,0.769,,3.5,27,10,9.0,0,52,13,24,10,21,12,0,49,2,0,0.262,1.5,37,3,11,3,3.0,0,10,38,0.297,0.316,0.378,0.694,147,92,-0.261,0.66,0.489,,-1.5,27,7,9.0,3,51,21,20,15,12,8,0,41,3,3,-0.238,-3.5
MIA/MIA202008190,"Wednesday, August 19, 2020",7:10 p.m. Local,Marlins Park,,3:14,Night,Away,New York Mets,NYM,Miami Marlins,MIA,34,5,10,5,5.0,3,8,39,0.294,0.359,0.5,0.859,154,88,0.397,1.99,1.085,,0.5,27,12,9.0,0,47,10,31,16,11,7,0,71,5,2,0.103,1.5,35,3,7,2,3.0,3,12,39,0.2,0.282,0.2,0.482,142,105,-0.104,1.11,0.991,,-1.5,27,12,9.0,1,45,23,37,15,8,7,0,55,4,0,-0.397,-0.5
NYN/NYN202008251,"Tuesday, August 25, 2020",5:10 p.m. Local,Citi Field,,2:37,Night,Away,Miami Marlins,MIA,New York Mets,NYM,27,4,6,4,5.14,1,7,29,0.222,0.276,0.296,0.572,125,74,0.245,0.82,0.502,,0.6,21,11,7.0,0,42,11,21,9,11,4,0,50,2,0,0.254,3.4,29,0,8,0,0.0,3,1,32,0.276,0.344,0.345,0.689,123,82,-0.253,0.6,0.278,,-3.4,21,7,7.0,0,54,8,20,17,11,7,0,37,0,0,-0.246,-0.6
NYN/NYN202008252,"Tuesday, August 25, 2020",9:42 p.m. Local,Citi Field,,2:24,Night,Home,New York Mets,NYM,Miami Marlins,MIA,23,0,4,0,0.0,5,7,29,0.174,0.345,0.174,0.519,100,79,-0.427,0.76,0.449,,-3.4,18,8,6.0,0,40,18,21,7,9,3,0,64,1,0,-0.073,-0.1,20,3,2,2,4.5,2,6,23,0.1,0.217,0.15,0.367,133,58,0.073,1.57,0.396,,0.1,21,5,7.0,0,25,18,15,10,4,1,0,61,0,0,0.427,3.4
NYN/NYN202008260,"Wednesday, August 26, 2020",7:10 p.m. Local,Citi Field,,3:16,Night,Home,New York Mets,NYM,Miami Marlins,MIA,31,4,6,4,4.0,5,16,36,0.194,0.306,0.226,0.531,146,93,-0.1,0.9,0.894,,-0.4,24,12,8.0,2,43,30,20,5,10,5,0,40,2,1,-0.401,-1.1,32,5,9,5,4.5,4,7,36,0.281,0.361,0.5,0.861,150,97,0.403,1.78,0.883,,1.1,27,6,9.0,0,60,21,16,13,12,5,0,81,6,3,0.098,0.4
NYA/NYA202008281,"Friday, August 28, 2020",4:05 p.m. Local,Yankee Stadium III,,2:30,Day,Away,New York Mets,NYM,New York Yankees,NYY,30,6,9,5,6.43,0,8,31,0.3,0.323,0.6,0.923,130,78,0.539,0.79,0.981,,2.2,21,5,7.0,1,47,17,14,9,13,6,0,37,0,0,-0.039,-0.2,29,4,8,3,5.14,3,13,34,0.276,0.382,0.483,0.865,108,85,0.024,0.84,0.485,,0.2,21,7,7.0,3,40,25,20,9,7,4,0,53,2,2,-0.54,-2.2
NYA/NYA202008282,"Friday, August 28, 2020",8:41 p.m. Local,Yankee Stadium III,,2:23,Night,Home,New York Yankees,NYY,New York Mets,NYM,25,3,5,3,3.86,5,7,30,0.2,0.333,0.24,0.573,98,66,0.034,1.89,0.629,,-0.8,18,11,6.0,1,33,13,20,8,10,3,0,52,0,0,-0.535,-0.8,24,4,8,4,6.0,2,4,26,0.333,0.385,0.625,1.01,119,64,0.535,1.2,1.361,,0.8,21,7,7.0,0,40,9,15,9,11,8,0,42,0,0,-0.036,0.8
NYA/NYA202008290,"Saturday, August 29, 2020",1:05 p.m. Local,Yankee Stadium III,,3:00,Day,Home,New York Yankees,NYY,New York Mets,NYM,29,1,4,1,1.0,0,6,30,0.138,0.167,0.241,0.408,159,79,-0.499,1.21,0.376,,-3.9,25,11,8.1,1,45,12,23,14,9,4,0,54,3,0,-0.002,2.3,29,2,5,1,2.16,5,9,34,0.172,0.294,0.379,0.673,116,86,0.002,1.18,0.727,,-2.3,27,13,9.0,1,48,13,26,9,11,8,0,77,0,0,0.497,3.9
NYA/NYA202008301,"Sunday, August 30, 2020",1:05 p.m. Local,Yankee Stadium III,,3:22,Day,Home,New York Yankees,NYY,New York Mets,NYM,35,7,10,7,7.88,6,14,42,0.286,0.405,0.429,0.833,135,106,0.129,1.27,1.132,,2.0,23,8,7.2,1,54,25,27,6,15,9,0,51,2,2,-0.628,-3.5,29,8,7,7,2.35,5,3,35,0.241,0.371,0.414,0.785,167,84,0.63,1.48,1.408,,3.5,24,5,8.0,1,54,7,23,11,15,6,0,43,6,3,-0.128,-2.0
NYA/NYA202008302,"Sunday, August 30, 2020",5:22 p.m. Local,Yankee Stadium III,,2:45,Day,Away,New York Mets,NYM,New York Yankees,NYY,30,5,7,5,4.5,6,10,36,0.233,0.361,0.433,0.794,109,82,0.093,1.77,0.972,,0.0,24,6,8.0,0,43,17,22,8,12,6,0,68,3,0,0.408,3.0,30,2,6,2,0.0,1,9,31,0.2,0.226,0.2,0.426,128,71,-0.406,1.84,0.697,,-3.0,24,7,8.0,2,44,11,16,8,13,5,0,54,3,0,-0.092,-0.0
NYN/NYN202008310,"Monday, August 31, 2020",1:10 p.m. Local,Citi Field,,3:03,Day,Away,Miami Marlins,MIA,New York Mets,NYM,35,5,8,5,2.0,3,13,38,0.229,0.289,0.457,0.747,146,101,0.291,1.16,0.99,,0.6,27,11,9.0,1,44,39,18,8,14,7,0,52,0,0,0.209,1.4,32,3,8,3,3.0,2,6,35,0.25,0.286,0.438,0.723,150,96,-0.208,1.06,0.685,,-1.4,27,6,9.0,2,56,14,26,17,10,5,0,57,0,0,-0.291,-0.6
BAL/BAL202009010,"Tuesday, September 1, 2020",7:35 p.m. Local,Oriole Park at Camden Yards,,2:59,Night,Home,Baltimore Orioles,BAL,New York Mets,NYM,36,5,11,5,5.0,1,8,38,0.306,0.316,0.5,0.816,148,95,0.071,0.74,0.719,,0.1,24,8,8.0,3,62,13,20,11,18,6,0,26,0,0,-0.57,-4.6,37,9,15,9,10.12,1,5,41,0.405,0.436,0.73,1.166,142,95,0.571,0.89,0.917,,4.6,27,8,9.0,2,59,13,23,12,22,13,0,45,0,0,-0.071,-0.1
BAL/BAL202009020,"Wednesday, September 2, 2020",4:05 p.m. Local,Oriole Park at Camden Yards,,3:12,Day,Away,New York Mets,NYM,Baltimore Orioles,BAL,39,9,14,8,8.0,3,1,43,0.359,0.419,0.615,1.034,165,91,0.258,0.99,0.798,,4.1,27,10,9.0,0,66,10,15,13,25,9,0,44,0,0,0.242,0.9,36,4,10,2,2.0,3,6,40,0.278,0.35,0.333,0.683,145,106,-0.242,0.73,0.456,,-0.9,27,12,9.0,2,72,15,19,16,14,6,0,36,4,3,-0.258,-4.1
NYN/NYN202009030,"Thursday, September 3, 2020",4:10 p.m. Local,Citi Field,,4:00,Day,Home,New York Mets,NYM,New York Yankees,NYY,37,7,8,7,6.3,9,9,47,0.216,0.362,0.297,0.659,151,118,0.081,1.65,0.984,,1.5,27,10,9.0,3,68,17,33,13,16,10,0,38,0,0,-0.581,-4.0,39,9,14,9,8.0,3,8,42,0.359,0.405,0.667,1.071,208,101,0.581,1.15,1.844,,4.0,30,7,10.0,0,52,18,31,16,15,10,0,27,3,0,-0.08,-1.5
NYN/NYN202009040,"Friday, September 4, 2020",7:10 p.m. Local,Citi Field,,3:11,Night,Away,Philadelphia Phillies,PHI,New York Mets,NYM,34,5,7,4,5.0,4,11,39,0.206,0.308,0.235,0.543,144,106,0.226,1.44,0.8,,0.6,27,11,9.0,1,56,22,28,8,15,7,0,61,2,0,0.275,1.4,34,3,9,3,3.0,2,9,36,0.265,0.306,0.353,0.658,161,93,-0.275,0.97,0.775,,-1.4,27,5,9.0,0,50,18,25,12,13,8,0,62,3,1,-0.226,-0.6
NYN/NYN202009050,"Saturday, September 5, 2020",7:10 p.m. Local,Citi Field,,3:08,Night,Home,New York Mets,NYM,Philadelphia Phillies,PHI,34,1,7,1,1.0,4,13,38,0.206,0.289,0.324,0.613,139,93,-0.267,0.68,0.327,,-3.4,24,12,8.0,0,43,22,28,12,9,4,0,44,1,0,-0.236,-1.1,31,5,9,5,5.62,3,4,37,0.29,0.378,0.419,0.798,155,88,0.235,0.78,0.571,,1.1,27,10,9.0,1,57,13,18,14,14,6,0,61,0,0,0.266,3.4
NYN/NYN202009060,"Sunday, September 6, 2020",1:10 p.m. Local,Citi Field,,3:18,Day,Home,New York Mets,NYM,Philadelphia Phillies,PHI,30,1,4,1,1.0,3,14,33,0.133,0.212,0.267,0.479,166,88,-0.198,0.51,0.228,,-3.4,24,12,8.0,5,36,39,13,7,9,5,0,43,2,2,-0.3,-10.1,42,14,17,13,12.38,2,14,46,0.405,0.457,0.929,1.385,134,108,0.301,0.62,0.691,,10.1,27,7,9.0,1,67,19,22,13,15,11,0,77,0,0,0.199,3.4
NYN/NYN202009070,"Monday, September 7, 2020",1:10 p.m. Local,Citi Field,,3:40,Day,Away,Philadelphia Phillies,PHI,New York Mets,NYM,37,9,9,9,7.2,6,6,44,0.243,0.364,0.514,0.877,158,103,0.607,1.39,1.227,,3.5,30,10,10.0,1,55,22,26,12,19,9,0,51,1,1,-0.106,-2.5,44,8,13,7,6.3,2,11,48,0.295,0.354,0.455,0.809,177,110,0.107,1.15,1.223,,2.5,30,12,10.0,3,67,25,18,14,19,12,0,29,0,0,-0.607,-3.5
NYN/NYN202009080,"Tuesday, September 8, 2020",7:10 p.m. Local,Citi Field,,3:01,Night,Away,Baltimore Orioles,BAL,New York Mets,NYM,41,11,14,11,10.0,2,8,43,0.341,0.372,0.756,1.128,133,117,0.406,0.32,0.677,,6.6,27,12,9.0,2,81,15,21,11,22,15,0,66,0,0,0.096,2.4,32,2,6,2,2.0,1,8,33,0.188,0.212,0.406,0.618,169,87,-0.096,0.42,0.156,,-2.4,27,10,9.0,4,53,18,16,12,12,6,0,33,1,0,-0.404,-6.6
NYN/NYN202009090,"Wednesday, September 9, 2020",7:10 p.m. Local,Citi Field,,3:25,Night,Home,New York Mets,NYM,Baltimore Orioles,BAL,40,6,14,6,6.0,3,7,46,0.35,0.435,0.45,0.885,137,96,-0.016,1.09,0.96,,1.6,24,11,8.0,4,55,21,20,13,20,13,0,37,1,1,-0.484,-3.1,33,7,10,7,7.88,2,8,36,0.303,0.361,0.697,1.058,164,93,0.486,1.34,1.169,,3.1,27,9,9.0,1,55,16,22,13,12,6,0,25,3,0,0.016,-1.6
TOR/TOR202009110,"Friday, September 11, 2020",6:37 p.m. Local,Sahlen Field,,3:30,Night,Away,New York Mets,NYM,Toronto Blue Jays,TOR,47,18,19,17,13.0,6,10,55,0.404,0.491,0.702,1.193,132,131,0.45,0.27,0.714,,13.2,27,6,9.0,0,74,30,27,17,20,11,0,69,0,0,0.05,3.8,31,1,5,1,1.0,3,10,34,0.161,0.235,0.194,0.429,231,86,-0.052,0.43,0.126,,-3.8,27,12,9.0,3,51,15,20,6,15,8,0,35,6,4,-0.449,-13.2
TOR/TOR202009120,"Saturday, September 12, 2020",6:37 p.m. Local,Sahlen Field,,3:22,Night,Home,Toronto Blue Jays,TOR,New York Mets,NYM,33,2,7,2,2.0,3,9,36,0.212,0.278,0.273,0.551,141,94,-0.51,1.18,0.72,,-2.8,24,8,8.0,0,51,21,23,13,11,6,0,46,4,1,0.012,1.3,33,3,10,3,3.38,3,10,37,0.303,0.351,0.364,0.715,149,88,-0.011,1.62,0.645,,-1.3,27,12,9.0,0,50,17,21,17,7,6,0,58,0,0,0.512,2.8
TOR/TOR202009130,"Sunday, September 13, 2020",3:07 p.m. Local,Sahlen Field,,3:12,Day,Home,Toronto Blue Jays,TOR,New York Mets,NYM,37,3,12,3,3.0,2,9,39,0.324,0.359,0.351,0.71,150,100,-0.297,0.68,0.347,,-1.8,24,9,8.0,1,52,23,25,15,13,10,0,53,3,3,-0.204,-2.7,31,7,7,7,7.88,6,6,37,0.226,0.351,0.387,0.738,153,90,0.203,0.84,0.573,,2.7,27,11,9.0,0,59,11,20,13,12,9,0,59,2,1,0.296,1.8
PHI/PHI202009150,"Tuesday, September 15, 2020",7:05 p.m. Local,Citizens Bank Park,,2:58,Night,Home,Philadelphia Phillies,PHI,New York Mets,NYM,36,1,11,1,1.0,2,8,40,0.306,0.375,0.389,0.764,126,99,-0.366,0.79,0.567,,-3.9,24,11,8.0,1,56,20,23,16,12,6,0,47,0,0,-0.134,0.3,30,4,6,4,4.5,2,8,32,0.2,0.25,0.333,0.583,154,88,0.134,1.17,0.525,,-0.3,27,12,9.0,1,48,12,28,13,9,7,0,51,4,0,0.367,3.9
PHI/PHI202009160,"Wednesday, September 16, 2020",7:05 p.m. Local,Citizens Bank Park,,3:17,Night,Away,New York Mets,NYM,Philadelphia Phillies,PHI,34,5,10,5,5.0,2,5,36,0.294,0.333,0.471,0.804,158,92,0.25,1.2,1.119,,0.1,27,7,9.0,1,62,16,14,17,12,7,0,36,0,0,0.25,0.9,37,4,11,4,4.0,2,12,40,0.297,0.325,0.459,0.784,130,102,-0.249,1.44,0.658,,-0.9,27,16,9.0,1,43,36,23,13,13,7,0,54,0,0,-0.251,-0.1
PHI/PHI202009170,"Thursday, September 17, 2020",7:05 p.m. Local,Citizens Bank Park,,4:12,Night,Away,New York Mets,NYM,Philadelphia Phillies,PHI,37,10,11,10,10.0,7,14,44,0.297,0.409,0.676,1.085,191,113,0.58,1.01,1.395,,5.1,27,8,9.0,4,59,28,26,7,16,10,0,18,3,0,-0.082,-1.1,36,6,9,6,6.0,7,12,46,0.25,0.413,0.667,1.08,180,104,0.083,1.21,0.876,,1.1,27,8,9.0,3,57,11,36,9,15,7,0,40,3,2,-0.584,-5.1
NYN/NYN202009180,"Friday, September 18, 2020",7:10 p.m. Local,Citi Field,,3:39,Night,Away,Atlanta Braves,ATL,New York Mets,NYM,43,15,17,15,15.0,9,12,52,0.395,0.5,0.907,1.407,162,129,0.397,0.2,0.59,,10.6,27,12,9.0,0,69,29,31,10,21,12,0,58,0,0,0.104,2.4,31,2,5,2,2.0,6,7,39,0.161,0.333,0.194,0.527,218,103,-0.103,0.36,0.056,,-2.4,27,6,9.0,6,61,21,21,15,9,4,0,20,1,0,-0.397,-10.6
NYN/NYN202009190,"Saturday, September 19, 2020",7:07 p.m. Local,Citi Field,,3:32,Night,Home,New York Mets,NYM,Atlanta Braves,ATL,31,2,6,2,2.0,7,15,38,0.194,0.342,0.516,0.858,168,90,-0.305,0.61,0.735,,-2.4,24,3,8.0,2,31,30,29,4,12,8,0,48,2,0,-0.195,-3.1,34,7,10,7,7.88,4,12,39,0.294,0.385,0.529,0.914,157,99,0.196,1.22,0.555,,3.1,27,5,9.0,2,51,26,22,9,13,6,0,68,3,0,0.305,2.4
NYN/NYN202009200,"Sunday, September 20, 2020",1:10 p.m. Local,Citi Field,,3:09,Day,Away,Atlanta Braves,ATL,New York Mets,NYM,34,7,7,7,6.0,6,12,41,0.206,0.341,0.412,0.753,137,106,-0.019,0.83,0.551,,2.6,27,12,9.0,0,64,16,26,6,16,8,0,76,1,0,0.52,4.4,28,0,3,0,0.0,2,6,30,0.107,0.167,0.143,0.31,163,84,-0.522,0.76,0.098,,-4.4,27,5,9.0,1,51,12,21,13,9,3,0,75,2,1,0.022,-2.6
NYN/NYN202009210,"Monday, September 21, 2020",7:10 p.m. Local,Citi Field,,3:00,Night,Away,Tampa Bay Rays,TBR,New York Mets,NYM,30,2,5,2,2.0,4,16,35,0.167,0.257,0.333,0.59,119,93,-0.191,1.53,0.481,,-2.4,27,8,9.0,0,45,35,13,4,11,4,0,56,1,0,0.693,3.4,30,1,4,1,1.0,3,8,34,0.133,0.235,0.133,0.369,149,79,-0.692,0.94,0.353,,-3.4,27,4,9.0,1,50,18,13,12,10,4,0,73,0,0,0.193,2.4
NYN/NYN202009220,"Tuesday, September 22, 2020",7:10 p.m. Local,Citi Field,,3:03,Night,Home,New York Mets,NYM,Tampa Bay Rays,TBR,32,2,5,1,1.0,1,12,33,0.156,0.182,0.25,0.432,151,92,-0.322,0.8,0.453,,-2.4,24,12,8.0,3,48,18,26,10,10,4,0,51,1,1,-0.178,-1.1,30,5,10,5,5.62,3,11,34,0.333,0.412,0.667,1.078,135,94,0.179,1.07,0.68,,1.1,27,7,9.0,1,56,24,14,8,11,5,0,65,2,1,0.322,2.4
NYN/NYN202009230,"Wednesday, September 23, 2020",7:10 p.m. Local,Citi Field,,2:53,Night,Away,Tampa Bay Rays,TBR,New York Mets,NYM,37,8,11,8,8.0,3,10,40,0.297,0.35,0.676,1.026,124,88,0.3,0.77,0.845,,3.6,27,6,9.0,3,53,12,23,12,15,5,0,65,0,0,0.199,-0.6,33,5,6,5,5.0,2,13,35,0.182,0.229,0.485,0.713,140,84,-0.199,0.69,0.366,,0.6,27,8,9.0,4,45,21,18,8,12,5,0,48,1,1,-0.302,-3.6
WAS/WAS202009240,"Thursday, September 24, 2020",6:05 p.m. Local,Nationals Park,,3:15,Night,Away,New York Mets,NYM,Washington Nationals,WSN,39,3,12,3,3.0,3,5,42,0.308,0.357,0.462,0.819,153,99,-0.043,1.47,0.713,,-2.1,27,11,9.0,0,70,7,22,18,16,7,0,68,0,0,0.543,3.1,32,2,6,2,2.0,2,6,35,0.188,0.257,0.25,0.507,152,101,-0.544,1.04,0.528,,-3.1,27,11,9.0,1,57,17,27,11,15,8,0,45,0,0,0.044,2.1
WAS/WAS202009261,"Saturday, September 26, 2020",3:05 p.m. Local,Nationals Park,,2:39,Day,Home,Washington Nationals,WSN,New York Mets,NYM,28,3,7,3,3.86,2,8,30,0.25,0.3,0.5,0.8,135,84,-0.201,1.39,0.731,,-0.9,18,2,6.0,2,53,14,17,9,11,4,0,53,2,1,-0.298,-0.6,24,4,6,3,6.0,3,12,27,0.25,0.333,0.5,0.833,124,90,0.296,1.54,0.903,,0.6,21,7,7.0,2,51,24,15,2,10,4,0,53,0,0,0.203,0.9
WAS/WAS202009262,"Saturday, September 26, 2020",6:31 p.m. Local,Nationals Park,,2:35,Day,Home,Washington Nationals,WSN,New York Mets,NYM,26,3,5,3,3.86,3,6,29,0.192,0.276,0.346,0.622,124,73,-0.297,0.74,0.479,,-0.9,18,7,6.0,1,45,13,15,11,9,4,0,29,0,0,-0.203,-1.6,29,5,10,5,4.5,3,5,32,0.345,0.406,0.517,0.923,118,75,0.203,1.43,0.58,,1.6,21,8,7.0,1,48,12,15,11,13,8,0,50,2,1,0.297,0.9
WAS/WAS202009270,"Sunday, September 27, 2020",3:05 p.m. Local,Nationals Park,,3:35,Day,Home,Washington Nationals,WSN,New York Mets,NYM,38,5,12,5,5.0,2,10,40,0.316,0.35,0.632,0.982,205,109,0.124,0.53,0.346,,-0.1,24,6,8.0,2,67,13,29,10,18,6,0,19,8,5,-0.624,-10.5,33,15,11,15,16.88,11,10,47,0.333,0.489,0.606,1.095,169,119,0.624,0.33,0.713,,10.5,27,8,9.0,3,67,23,29,10,15,6,0,37,0,0,-0.123,0.1
