,date,time,venue,attendance,duration,time_of_day,winner,winning_name,winning_abbr,losing_name,losing_abbr,away_at_bats,away_runs,away_hits,away_rbi,away_earned_runs,away_bases_on_balls,away_strikeouts,away_plate_appearances,away_batting_average,away_on_base_percentage,away_slugging_percentage,away_on_base_plus,away_pitches,away_strikes,away_win_probability_for_offensive_player,away_average_leverage_index,away_win_probability_added,away_win_probability_subtracted,away_base_out_runs_added,away_putouts,away_assists,away_innings_pitched,away_home_runs,away_strikes_by_contact,away_strikes_swinging,away_strikes_looking,away_grounded_balls,away_fly_balls,away_line_drives,away_unknown_bat_type,away_game_score,away_inherited_runners,away_inherited_score,away_win_probability_by_pitcher,away_base_out_runs_saved,home_at_bats,home_runs,home_hits,home_rbi,home_earned_runs,home_bases_on_balls,home_strikeouts,home_plate_appearances,home_batting_average,home_on_base_percentage,home_slugging_percentage,home_on_base_plus,home_pitches,home_strikes,home_win_probability_for_offensive_player,home_average_leverage_index,home_win_probability_added,home_win_probability_subtracted,home_base_out_runs_added,home_putouts,home_assists,home_innings_pitched,home_home_runs,home_strikes_by_contact,home_strikes_swinging,home_strikes_looking,home_grounded_balls,home_fly_balls,home_line_drives,home_unknown_bat_type,home_game_score,home_inherited_runners,home_inherited_score,home_win_probability_by_pitcher,home_base_out_runs_saved
PHI/PHI202007240,"Friday, July 24, 2020",7:05 p.m. Local,Citizens Bank Park,,3:10,Night,Away,Miami Marlins,MIA,Philadelphia Phillies,PHI,34,5,9,4,5.0,3,9,38,0.265,0.316,0.412,0.728,124,108,0.202,0.92,0.684,,0.1,27,13,9.0,1,59,19,30,13,13,6,0,67,1,1,0.298,2.9,31,2,5,1,1.0,3,8,34,0.161,0.235,0.258,0.493,160,78,-0.297,0.76,0.4,,-2.9,27,9,9.0,1,38,16,24,12,11,7,0,48,4,1,-0.203,-0.1
PHI/PHI202007250,"Saturday, July 25, 2020",4:05 p.m. Local,Citizens Bank Park,,2:54,Day,Home,Philadelphia Phillies,PHI,Miami Marlins,MIA,29,1,6,1,1.0,3,7,32,0.207,0.281,0.241,0.523,165,80,-0.328,0.86,0.37,,-3.9,24,9,8.0,4,40,19,21,13,9,5,0,50,0,0,-0.173,-2.7,29,7,7,7,7.88,9,5,38,0.241,0.421,0.655,1.076,121,85,0.173,0.97,0.756,,2.7,27,11,9.0,0,46,20,21,10,14,3,0,65,0,0,0.328,3.9
PHI/PHI202007260,"Sunday, July 26, 2020",1:05 p.m. Local,Citizens Bank Park,,3:44,Day,Away,Miami Marlins,MIA,Philadelphia Phillies,PHI,38,11,12,11,11.0,4,8,44,0.316,0.409,0.763,1.172,179,94,0.637,0.94,1.066,,6.1,27,8,9.0,1,52,15,27,8,22,12,0,31,5,0,-0.138,-1.1,40,6,12,5,5.0,7,5,47,0.3,0.404,0.525,0.929,147,108,0.138,0.67,0.86,,1.1,27,8,9.0,4,63,10,35,11,24,12,0,39,2,2,-0.639,-6.1
NYA/NYA202008030,"Monday, August 3, 2020",7:05 p.m. Local,Yankee Stadium III,,3:00,Night,Home,New York Yankees,NYY,Philadelphia Phillies,PHI,34,3,8,3,3.0,3,9,37,0.235,0.297,0.324,0.621,137,99,-0.292,0.57,0.426,,-1.9,24,11,8.0,3,57,11,31,11,14,7,0,45,0,0,-0.208,-1.7,30,6,8,6,6.75,2,8,33,0.267,0.333,0.633,0.967,159,86,0.211,0.93,0.545,,1.7,27,9,9.0,1,40,11,35,13,9,6,0,61,2,0,0.291,1.9
PHI/PHI202008051,"Wednesday, August 5, 2020",4:05 p.m. Local,Citizens Bank Park,,2:44,Day,Away,New York Yankees,NYY,Philadelphia Phillies,PHI,33,11,11,9,12.86,7,3,40,0.333,0.45,0.545,0.995,125,77,0.453,0.9,0.849,,7.2,21,11,7.0,2,48,11,18,16,14,8,0,50,2,0,0.047,-3.2,31,7,12,6,7.71,2,3,33,0.387,0.424,0.581,1.005,131,81,-0.046,0.87,0.588,,3.2,21,10,7.0,2,52,12,17,14,14,6,0,32,2,0,-0.452,-7.2
PHI/PHI202008052,"Wednesday, August 5, 2020",7:28 p.m. Local,Citizens Bank Park,,2:38,Night,Away,New York Yankees,NYY,Philadelphia Phillies,PHI,27,3,7,3,3.86,0,13,28,0.259,0.286,0.407,0.693,101,75,0.062,1.32,0.668,,-0.8,21,7,7.0,0,31,20,24,2,12,8,0,49,1,0,0.44,2.8,24,1,3,1,1.29,1,7,26,0.125,0.192,0.167,0.359,116,68,-0.439,1.29,0.311,,-2.8,21,3,7.0,1,35,17,16,8,9,2,0,74,3,0,-0.062,0.8
PHI/PHI202008060,"Thursday, August 6, 2020",6:05 p.m. Local,Citizens Bank Park,,3:22,Night,Home,Philadelphia Phillies,PHI,New York Yankees,NYY,36,4,9,4,2.0,1,10,38,0.25,0.289,0.389,0.678,178,108,-0.333,0.72,0.699,,-0.9,24,6,8.0,1,59,16,33,12,14,5,0,31,1,0,-0.168,-0.7,31,5,8,5,5.62,4,8,35,0.258,0.343,0.484,0.827,157,109,0.168,1.41,0.589,,0.7,27,9,9.0,1,61,20,28,12,11,5,0,54,1,0,0.332,0.9
PHI/PHI202008080,"Saturday, August 8, 2020",6:05 p.m. Local,Citizens Bank Park,,2:31,Night,Home,Philadelphia Phillies,PHI,Atlanta Braves,ATL,30,0,4,0,0.0,1,9,31,0.133,0.161,0.133,0.295,119,82,-0.358,0.55,0.153,,-4.9,24,10,8.0,2,47,13,22,10,11,7,0,44,1,1,-0.142,-0.7,31,5,8,5,5.62,4,4,35,0.258,0.343,0.516,0.859,127,74,0.143,0.68,0.456,,0.7,27,9,9.0,0,41,11,22,11,16,9,0,71,1,0,0.358,4.9
PHI/PHI202008091,"Sunday, August 9, 2020",1:05 p.m. Local,Citizens Bank Park,,2:59,Day,Away,Atlanta Braves,ATL,Philadelphia Phillies,PHI,27,5,9,5,6.43,5,7,33,0.333,0.455,0.556,1.01,118,83,0.314,1.06,0.966,,1.2,21,7,7.0,0,55,18,10,6,14,5,0,51,3,1,0.187,1.8,23,2,3,2,2.57,6,3,30,0.13,0.3,0.174,0.474,132,65,-0.187,1.23,0.345,,-1.8,21,6,7.0,1,32,10,23,9,12,6,0,55,3,2,-0.315,-1.2
PHI/PHI202008092,"Sunday, August 9, 2020",4:49 p.m. Local,Citizens Bank Park,,2:29,Day,Away,Atlanta Braves,ATL,Philadelphia Phillies,PHI,35,8,14,8,10.29,1,8,36,0.4,0.417,0.771,1.188,111,90,0.194,0.85,0.621,,4.2,21,4,7.0,0,53,15,22,10,17,9,0,64,0,0,0.307,3.8,25,0,4,0,0.0,1,8,27,0.16,0.222,0.2,0.422,130,69,-0.307,0.66,0.199,,-3.8,21,5,7.0,3,37,12,20,6,11,5,0,37,2,2,-0.194,-4.2
PHI/PHI202008100,"Monday, August 10, 2020",6:05 p.m. Local,Citizens Bank Park,,2:54,Night,Home,Philadelphia Phillies,PHI,Atlanta Braves,ATL,34,8,9,8,8.0,1,11,36,0.265,0.278,0.618,0.895,158,92,-0.036,0.25,0.085,,3.1,24,6,8.0,5,54,14,24,13,11,8,0,9,3,3,-0.465,-8.7,38,13,14,12,13.5,4,10,43,0.368,0.442,0.789,1.231,133,97,0.465,0.14,0.521,,8.7,27,9,9.0,3,57,18,22,10,18,10,0,83,1,1,0.035,-3.1
PHI/PHI202008110,"Tuesday, August 11, 2020",7:05 p.m. Local,Citizens Bank Park,,4:00,Night,Away,Baltimore Orioles,BAL,Philadelphia Phillies,PHI,43,10,16,10,8.1,3,6,46,0.372,0.413,0.581,0.994,171,111,1.257,2.08,2.239,,4.0,30,12,10.0,3,69,20,24,16,21,15,0,52,5,0,-0.756,-3.0,42,9,11,9,6.3,5,9,47,0.262,0.34,0.524,0.864,181,107,0.756,1.65,2.28,,3.0,30,13,10.0,1,59,27,21,17,16,7,0,42,1,0,-1.256,-4.0
PHI/PHI202008120,"Wednesday, August 12, 2020",7:05 p.m. Local,Citizens Bank Park,,3:28,Night,Away,Baltimore Orioles,BAL,Philadelphia Phillies,PHI,38,5,11,5,5.0,2,15,40,0.289,0.325,0.605,0.93,160,109,0.14,1.73,1.01,,0.1,27,10,9.0,0,64,24,21,11,12,7,0,35,2,0,0.36,0.9,34,4,10,4,4.0,5,11,40,0.294,0.375,0.324,0.699,149,98,-0.358,0.99,1.054,,-0.9,27,8,9.0,3,52,23,23,11,13,8,0,51,2,0,-0.141,-0.1
PHI/PHI202008130,"Thursday, August 13, 2020",4:05 p.m. Local,Citizens Bank Park,,3:29,Day,Away,Baltimore Orioles,BAL,Philadelphia Phillies,PHI,39,11,15,11,11.0,5,8,44,0.385,0.455,0.59,1.044,123,118,0.338,0.78,0.869,,6.1,27,10,9.0,2,78,14,26,7,24,18,0,53,0,0,0.162,0.9,35,4,8,4,4.0,0,4,35,0.229,0.229,0.543,0.771,189,82,-0.161,0.89,0.395,,-0.9,27,7,9.0,2,53,6,23,14,17,7,0,37,6,2,-0.34,-6.1
PHI/PHI202008140,"Friday, August 14, 2020",7:05 p.m. Local,Citizens Bank Park,,3:24,Night,Home,Philadelphia Phillies,PHI,New York Mets,NYM,37,5,12,5,4.0,5,8,42,0.324,0.405,0.514,0.918,138,100,0.058,1.35,1.438,,0.1,25,6,8.1,1,53,23,24,16,13,7,0,41,0,0,-0.558,-2.1,35,6,11,6,6.48,3,7,39,0.314,0.385,0.486,0.87,152,93,0.558,1.8,1.362,,2.1,27,12,9.0,2,58,15,20,6,22,13,0,32,5,0,-0.058,-0.1
PHI/PHI202008150,"Saturday, August 15, 2020",6:05 p.m. Local,Citizens Bank Park,,2:45,Night,Home,Philadelphia Phillies,PHI,New York Mets,NYM,31,2,6,2,2.0,2,10,33,0.194,0.242,0.323,0.565,141,87,-0.332,0.62,0.183,,-2.9,24,8,8.0,1,38,17,32,10,11,8,0,31,1,0,-0.169,-1.7,30,6,7,6,6.75,3,8,34,0.233,0.303,0.433,0.736,132,92,0.168,0.68,0.471,,1.7,27,9,9.0,1,50,14,28,10,13,9,0,77,0,0,0.331,2.9
PHI/PHI202008160,"Sunday, August 16, 2020",1:05 p.m. Local,Citizens Bank Park,,2:57,Day,Home,Philadelphia Phillies,PHI,New York Mets,NYM,31,2,7,2,2.0,1,6,34,0.226,0.273,0.29,0.563,129,82,-0.207,0.88,0.401,,-2.9,24,8,8.0,1,53,7,22,15,11,6,0,42,0,0,-0.293,-1.7,37,6,14,5,5.62,1,8,38,0.378,0.395,0.568,0.962,124,94,0.292,1.03,0.858,,1.7,27,13,9.0,0,62,13,19,13,16,7,0,60,0,0,0.207,2.9
BOS/BOS202008180,"Tuesday, August 18, 2020",7:30 p.m. Local,Fenway Park,,4:06,Night,Away,Philadelphia Phillies,PHI,Boston Red Sox,BOS,44,13,16,13,13.0,3,10,49,0.364,0.429,0.705,1.133,174,129,0.616,0.58,1.192,,7.8,27,3,9.0,0,83,17,29,11,23,15,0,41,3,1,-0.116,-0.8,36,6,11,6,6.0,6,15,43,0.306,0.395,0.417,0.812,206,113,0.116,0.81,0.521,,0.8,27,5,9.0,4,56,21,36,9,13,5,0,53,2,1,-0.618,-7.8
BOS/BOS202008190,"Wednesday, August 19, 2020",1:35 p.m. Local,Fenway Park,,3:36,Day,Home,Boston Red Sox,BOS,Philadelphia Phillies,PHI,30,3,3,3,3.0,6,12,37,0.1,0.243,0.167,0.41,157,99,-0.268,0.86,0.587,,-2.2,24,8,8.0,1,50,17,32,8,11,3,0,36,3,0,-0.233,-1.4,30,6,9,5,6.75,7,10,38,0.3,0.421,0.567,0.988,165,94,0.233,1.25,0.859,,1.4,27,3,9.0,0,46,25,23,7,14,11,0,50,2,0,0.268,2.2
TOR/TOR202008201,"Thursday, August 20, 2020",1:07 p.m. Local,Sahlen Field,,2:43,Day,Home,Toronto Blue Jays,TOR,Philadelphia Phillies,PHI,26,2,6,2,1.29,1,11,28,0.231,0.286,0.346,0.632,123,84,-0.225,2.36,0.389,,-1.8,19,6,6.1,0,51,17,16,5,10,4,0,50,3,0,-0.276,-0.2,28,3,11,3,2.84,3,6,33,0.393,0.438,0.429,0.866,137,73,0.276,1.03,1.309,,0.2,21,4,7.0,1,51,5,17,8,16,12,0,49,1,0,0.225,1.8
TOR/TOR202008202,"Thursday, August 20, 2020",4:32 p.m. Local,Sahlen Field,,3:06,Day,Home,Toronto Blue Jays,TOR,Philadelphia Phillies,PHI,29,8,9,8,10.29,3,9,34,0.31,0.382,0.414,0.796,129,102,0.321,1.21,0.668,,4.2,18,6,6.0,3,57,21,24,3,18,3,0,46,2,1,-0.822,-5.8,28,9,8,8,9.0,5,8,33,0.286,0.394,0.607,1.001,162,78,0.823,0.94,1.169,,5.8,21,2,7.0,0,46,13,19,8,12,6,0,18,4,3,-0.322,-4.3
ATL/ATL202008210,"Friday, August 21, 2020",7:10 p.m. Local,Truist Park,,3:18,Night,Home,Atlanta Braves,ATL,Philadelphia Phillies,PHI,32,2,7,2,2.0,4,8,37,0.219,0.324,0.313,0.637,173,93,-0.156,0.53,0.224,,-3.0,24,6,8.0,3,51,18,24,9,15,6,0,30,3,1,-0.343,-6.6,38,11,14,10,5.62,4,10,43,0.368,0.419,0.658,1.076,146,106,0.341,0.56,0.679,,6.6,27,11,9.0,0,62,21,23,13,16,9,0,56,0,0,0.157,3.0
ATL/ATL202008220,"Saturday, August 22, 2020",7:10 p.m. Local,Truist Park,,3:18,Night,Home,Atlanta Braves,ATL,Philadelphia Phillies,PHI,33,5,7,5,4.0,4,9,40,0.212,0.325,0.394,0.719,143,91,0.215,1.77,0.91,,-0.0,26,12,8.2,1,51,15,25,9,16,8,0,67,2,2,-0.716,-1.8,37,6,11,6,6.23,2,10,40,0.297,0.35,0.432,0.782,152,94,0.715,1.28,1.778,,1.8,27,5,9.0,2,51,16,27,13,14,10,0,51,1,1,-0.215,0.0
ATL/ATL202008230,"Sunday, August 23, 2020",7:08 p.m. Local,Truist Park,,3:17,Night,Away,Philadelphia Phillies,PHI,Atlanta Braves,ATL,36,5,10,5,5.0,3,10,41,0.278,0.35,0.528,0.878,147,89,0.097,1.62,0.701,,-0.0,27,14,9.0,0,55,14,20,9,18,9,0,47,2,0,0.404,1.0,34,4,9,4,4.0,4,10,38,0.265,0.342,0.441,0.783,152,93,-0.404,0.88,0.859,,-1.0,27,7,9.0,3,62,13,18,13,11,5,0,36,2,0,-0.095,0.0
WAS/WAS202008250,"Tuesday, August 25, 2020",6:05 p.m. Local,Nationals Park,,3:13,Night,Away,Philadelphia Phillies,PHI,Washington Nationals,WSN,38,8,12,8,8.0,5,4,43,0.316,0.395,0.447,0.843,134,99,0.252,0.75,0.787,,2.9,27,16,9.0,2,59,14,26,13,21,10,0,57,3,0,0.247,2.1,33,3,8,2,2.0,2,4,35,0.242,0.286,0.455,0.74,165,83,-0.247,0.7,0.428,,-2.1,27,9,9.0,1,51,8,24,17,12,6,0,37,4,0,-0.253,-2.9
WAS/WAS202008260,"Wednesday, August 26, 2020",6:05 p.m. Local,Nationals Park,,3:19,Night,Away,Philadelphia Phillies,PHI,Washington Nationals,WSN,36,3,11,3,2.0,3,5,40,0.306,0.375,0.444,0.819,148,87,-0.077,1.71,0.92,,-2.1,27,11,9.0,1,59,11,19,13,18,7,0,65,0,0,0.578,3.1,34,2,7,2,2.0,2,11,36,0.206,0.25,0.324,0.574,135,98,-0.577,1.34,0.794,,-3.1,27,9,9.0,1,52,13,33,17,6,3,0,51,1,1,0.078,2.1
PHI/PHI202008280,"Friday, August 28, 2020",7:05 p.m. Local,Citizens Bank Park,,4:07,Night,Home,Philadelphia Phillies,PHI,Atlanta Braves,ATL,40,4,10,3,2.45,5,8,45,0.25,0.333,0.475,0.808,169,113,-0.824,1.7,1.075,,-3.2,32,10,10.2,3,71,20,22,15,17,5,0,39,2,0,0.324,0.1,38,7,7,7,5.06,4,11,44,0.184,0.279,0.447,0.726,184,118,-0.326,2.07,1.0,,-0.1,33,14,11.0,2,63,18,37,12,16,5,0,51,2,0,0.825,3.2
PHI/PHI202008290,"Saturday, August 29, 2020",1:15 p.m. Local,Citizens Bank Park,,2:33,Day,Home,Philadelphia Phillies,PHI,Atlanta Braves,ATL,31,1,5,1,1.0,1,9,32,0.161,0.188,0.29,0.478,112,75,-0.425,0.66,0.176,,-3.9,24,8,8.0,1,40,13,22,10,12,5,0,38,1,0,-0.076,0.3,28,4,7,4,3.38,2,4,34,0.25,0.333,0.429,0.762,112,75,0.076,0.8,0.418,,-0.3,27,9,9.0,1,50,12,13,11,15,5,0,73,0,0,0.426,3.9
PHI/PHI202008300,"Sunday, August 30, 2020",7:08 p.m. Local,Citizens Bank Park,,4:13,Night,Away,Atlanta Braves,ATL,Philadelphia Phillies,PHI,42,12,15,12,12.0,10,8,52,0.357,0.481,0.571,1.052,174,117,0.456,1.05,0.897,,7.1,27,8,9.0,4,73,13,31,13,21,12,0,15,3,1,0.042,-5.1,39,10,13,10,10.0,2,8,42,0.333,0.381,0.744,1.125,194,108,-0.041,0.72,0.795,,5.1,27,6,9.0,2,63,13,32,12,19,10,0,11,7,3,-0.458,-7.1
PHI/PHI202008310,"Monday, August 31, 2020",7:05 p.m. Local,Citizens Bank Park,,2:48,Night,Home,Philadelphia Phillies,PHI,Washington Nationals,WSN,38,6,11,6,6.0,2,9,40,0.289,0.325,0.658,0.983,123,104,-0.209,0.45,0.403,,1.1,24,9,8.0,2,57,13,34,9,20,14,0,43,0,0,-0.293,-3.7,30,8,7,8,9.0,2,8,34,0.233,0.294,0.533,0.827,156,78,0.293,0.74,0.517,,3.7,27,4,9.0,4,45,15,18,10,13,7,0,51,0,0,0.208,-1.1
PHI/PHI202009010,"Tuesday, September 1, 2020",7:05 p.m. Local,Citizens Bank Park,,3:14,Night,Home,Philadelphia Phillies,PHI,Washington Nationals,WSN,30,0,4,0,0.0,3,10,33,0.133,0.212,0.167,0.379,167,91,-0.377,0.63,0.153,,-4.9,24,6,8.0,2,46,24,21,11,9,5,0,48,5,0,-0.12,-1.7,33,6,8,6,5.62,9,5,42,0.242,0.405,0.485,0.89,133,89,0.121,0.71,0.591,,1.7,27,11,9.0,0,51,16,22,9,19,9,0,84,0,0,0.378,4.9
PHI/PHI202009020,"Wednesday, September 2, 2020",7:05 p.m. Local,Citizens Bank Park,,2:50,Night,Home,Philadelphia Phillies,PHI,Washington Nationals,WSN,31,0,4,0,0.0,3,8,35,0.129,0.229,0.161,0.39,134,93,-0.487,0.85,0.155,,-4.9,24,7,8.0,1,53,19,21,13,10,7,0,49,0,0,-0.014,1.3,30,3,7,3,3.38,4,9,34,0.233,0.324,0.4,0.724,144,82,0.014,0.86,0.466,,-1.3,27,9,9.0,0,39,21,22,7,14,7,0,72,1,0,0.485,4.9
PHI/PHI202009030,"Thursday, September 3, 2020",4:05 p.m. Local,Citizens Bank Park,,3:50,Day,Home,Philadelphia Phillies,PHI,Washington Nationals,WSN,38,5,10,5,4.5,3,12,42,0.263,0.317,0.447,0.764,174,100,-0.302,1.89,0.883,,-1.0,29,11,9.2,1,58,17,25,11,16,7,0,28,6,1,-0.198,-0.4,37,6,11,6,3.72,5,11,44,0.297,0.372,0.432,0.805,158,114,0.196,1.58,1.211,,0.4,30,8,10.0,2,72,20,22,14,14,5,0,47,1,0,0.302,1.0
NYN/NYN202009040,"Friday, September 4, 2020",7:10 p.m. Local,Citi Field,,3:11,Night,Away,Philadelphia Phillies,PHI,New York Mets,NYM,34,5,7,4,5.0,4,11,39,0.206,0.308,0.235,0.543,144,106,0.226,1.44,0.8,,0.6,27,11,9.0,1,56,22,28,8,15,7,0,61,2,0,0.275,1.4,34,3,9,3,3.0,2,9,36,0.265,0.306,0.353,0.658,161,93,-0.275,0.97,0.775,,-1.4,27,5,9.0,0,50,18,25,12,13,8,0,62,3,1,-0.226,-0.6
NYN/NYN202009050,"Saturday, September 5, 2020",7:10 p.m. Local,Citi Field,,3:08,Night,Home,New York Mets,NYM,Philadelphia Phillies,PHI,34,1,7,1,1.0,4,13,38,0.206,0.289,0.324,0.613,139,93,-0.267,0.68,0.327,,-3.4,24,12,8.0,0,43,22,28,12,9,4,0,44,1,0,-0.236,-1.1,31,5,9,5,5.62,3,4,37,0.29,0.378,0.419,0.798,155,88,0.235,0.78,0.571,,1.1,27,10,9.0,1,57,13,18,14,14,6,0,61,0,0,0.266,3.4
NYN/NYN202009060,"Sunday, September 6, 2020",1:10 p.m. Local,Citi Field,,3:18,Day,Home,New York Mets,NYM,Philadelphia Phillies,PHI,30,1,4,1,1.0,3,14,33,0.133,0.212,0.267,0.479,166,88,-0.198,0.51,0.228,,-3.4,24,12,8.0,5,36,39,13,7,9,5,0,43,2,2,-0.3,-10.1,42,14,17,13,12.38,2,14,46,0.405,0.457,0.929,1.385,134,108,0.301,0.62,0.691,,10.1,27,7,9.0,1,67,19,22,13,15,11,0,77,0,0,0.199,3.4
NYN/NYN202009070,"Monday, September 7, 2020",1:10 p.m. Local,Citi Field,,3:40,Day,Away,Philadelphia Phillies,PHI,New York Mets,NYM,37,9,9,9,7.2,6,6,44,0.243,0.364,0.514,0.877,158,103,0.607,1.39,1.227,,3.5,30,10,10.0,1,55,22,26,12,19,9,0,51,1,1,-0.106,-2.5,44,8,13,7,6.3,2,11,48,0.295,0.354,0.455,0.809,177,110,0.107,1.15,1.223,,2.5,30,12,10.0,3,67,25,18,14,19,12,0,29,0,0,-0.607,-3.5
PHI/PHI202009081,"Tuesday, September 8, 2020",4:05 p.m. Local,Citizens Bank Park,,2:49,Day,Home,Philadelphia Phillies,PHI,Boston Red Sox,BOS,31,5,11,5,6.43,2,7,34,0.355,0.412,0.774,1.186,129,81,0.376,2.06,1.107,,1.2,20,9,6.2,1,44,16,21,10,14,8,0,37,0,0,-0.876,-2.5,27,6,8,5,8.1,8,5,35,0.296,0.457,0.407,0.865,124,71,0.878,1.24,1.958,,2.5,21,9,7.0,4,43,10,18,14,8,3,0,44,1,0,-0.376,-1.2
PHI/PHI202009082,"Tuesday, September 8, 2020",7:44 p.m. Local,Citizens Bank Park,,2:36,Night,Away,Boston Red Sox,BOS,Philadelphia Phillies,PHI,31,5,10,5,6.43,3,11,34,0.323,0.382,0.452,0.834,95,88,0.256,1.64,0.876,,1.2,21,7,7.0,0,47,21,20,11,9,5,0,54,2,0,0.244,1.8,24,2,5,1,2.57,4,4,29,0.208,0.345,0.208,0.553,128,54,-0.242,1.13,0.633,,-1.8,21,8,7.0,1,32,8,14,5,15,8,0,54,1,0,-0.257,-1.2
MIA/MIA202009100,"Thursday, September 10, 2020",6:40 p.m. Local,Marlins Park,,3:26,Night,Home,Miami Marlins,MIA,Philadelphia Phillies,PHI,34,6,9,5,3.0,4,5,39,0.265,0.342,0.412,0.754,178,86,0.18,1.82,0.702,,1.5,26,9,8.2,0,63,8,15,16,14,8,0,46,4,3,-0.709,-3.0,36,7,11,7,7.27,8,6,45,0.306,0.422,0.389,0.811,138,99,0.709,0.86,1.738,,3.0,27,14,9.0,1,54,11,34,16,15,8,0,42,0,0,-0.208,-1.5
MIA/MIA202009111,"Friday, September 11, 2020",5:10 p.m. Local,Marlins Park,,2:33,Night,Away,Philadelphia Phillies,PHI,Miami Marlins,MIA,35,11,13,11,12.86,0,7,36,0.371,0.389,0.714,1.103,106,91,0.344,0.34,0.597,,7.5,21,7,7.0,0,54,14,23,9,19,9,0,81,,,0.156,3.5,23,0,3,0,0.0,0,10,25,0.13,0.2,0.13,0.33,133,70,-0.157,0.48,0.033,,-3.5,21,5,7.0,2,35,12,23,7,6,4,0,12,0,0,-0.344,-7.5
MIA/MIA202009112,"Friday, September 11, 2020",8:30 p.m. Local,Marlins Park,,2:41,Night,Home,Miami Marlins,MIA,Philadelphia Phillies,PHI,30,3,11,3,2.57,2,6,32,0.367,0.406,0.467,0.873,121,67,-0.199,0.88,0.655,,-0.5,18,6,6.0,1,39,12,16,13,11,6,0,59,4,2,-0.3,-2.0,28,5,10,5,7.5,2,5,30,0.357,0.4,0.464,0.864,104,77,0.301,1.5,0.669,,2.0,21,10,7.0,0,42,14,21,14,9,5,0,49,1,0,0.2,0.5
MIA/MIA202009120,"Saturday, September 12, 2020",6:10 p.m. Local,Marlins Park,,3:43,Night,Away,Philadelphia Phillies,PHI,Miami Marlins,MIA,41,12,13,11,11.0,8,5,49,0.317,0.429,0.537,0.965,152,102,0.528,0.8,0.846,,7.5,27,13,9.0,2,64,13,25,16,20,9,0,48,2,1,-0.027,-1.5,34,6,10,5,5.0,3,8,37,0.294,0.351,0.529,0.881,175,94,0.026,0.62,0.588,,1.5,27,9,9.0,2,45,19,30,16,10,5,0,29,4,1,-0.526,-7.5
MIA/MIA202009131,"Sunday, September 13, 2020",1:10 p.m. Local,Marlins Park,,2:01,Day,Home,Miami Marlins,MIA,Philadelphia Phillies,PHI,21,1,3,1,1.29,3,4,26,0.143,0.269,0.19,0.46,104,59,-0.489,1.22,0.461,,-2.5,18,1,6.0,0,34,9,16,11,7,5,0,45,3,0,-0.011,1.0,22,2,4,2,3.0,3,10,26,0.182,0.308,0.182,0.49,90,63,0.012,1.82,0.477,,-1.0,21,12,7.0,0,36,17,10,5,7,4,0,68,,,0.488,2.5
MIA/MIA202009132,"Sunday, September 13, 2020",3:55 p.m. Local,Marlins Park,,2:22,Day,Home,Miami Marlins,MIA,Philadelphia Phillies,PHI,23,1,4,1,1.29,2,9,25,0.174,0.24,0.304,0.544,124,65,-0.222,0.49,0.299,,-2.5,18,9,6.0,1,35,8,22,9,5,2,0,32,2,0,-0.278,-5.0,28,8,12,8,12.0,3,5,31,0.429,0.484,0.679,1.162,103,77,0.277,0.96,0.5,,5.0,21,7,7.0,1,45,14,18,13,10,6,0,61,0,0,0.222,2.5
MIA/MIA202009140,"Monday, September 14, 2020",4:10 p.m. Local,Marlins Park,,2:47,Day,Home,Miami Marlins,MIA,Philadelphia Phillies,PHI,31,2,4,2,2.0,0,8,31,0.129,0.129,0.355,0.484,144,90,-0.242,0.7,0.179,,-2.5,24,6,8.0,2,50,14,26,8,15,8,0,35,1,0,-0.257,-2.0,33,6,9,6,6.75,2,12,35,0.273,0.314,0.545,0.86,125,91,0.256,0.61,0.598,,2.0,27,7,9.0,2,44,17,30,9,12,8,0,73,0,0,0.242,2.5
PHI/PHI202009150,"Tuesday, September 15, 2020",7:05 p.m. Local,Citizens Bank Park,,2:58,Night,Home,Philadelphia Phillies,PHI,New York Mets,NYM,36,1,11,1,1.0,2,8,40,0.306,0.375,0.389,0.764,126,99,-0.366,0.79,0.567,,-3.9,24,11,8.0,1,56,20,23,16,12,6,0,47,0,0,-0.134,0.3,30,4,6,4,4.5,2,8,32,0.2,0.25,0.333,0.583,154,88,0.134,1.17,0.525,,-0.3,27,12,9.0,1,48,12,28,13,9,7,0,51,4,0,0.367,3.9
PHI/PHI202009160,"Wednesday, September 16, 2020",7:05 p.m. Local,Citizens Bank Park,,3:17,Night,Away,New York Mets,NYM,Philadelphia Phillies,PHI,34,5,10,5,5.0,2,5,36,0.294,0.333,0.471,0.804,158,92,0.25,1.2,1.119,,0.1,27,7,9.0,1,62,16,14,17,12,7,0,36,0,0,0.25,0.9,37,4,11,4,4.0,2,12,40,0.297,0.325,0.459,0.784,130,102,-0.249,1.44,0.658,,-0.9,27,16,9.0,1,43,36,23,13,13,7,0,54,0,0,-0.251,-0.1
PHI/PHI202009170,"Thursday, September 17, 2020",7:05 p.m. Local,Citizens Bank Park,,4:12,Night,Away,New York Mets,NYM,Philadelphia Phillies,PHI,37,10,11,10,10.0,7,14,44,0.297,0.409,0.676,1.085,191,113,0.58,1.01,1.395,,5.1,27,8,9.0,4,59,28,26,7,16,10,0,18,3,0,-0.082,-1.1,36,6,9,6,6.0,7,12,46,0.25,0.413,0.667,1.08,180,104,0.083,1.21,0.876,,1.1,27,8,9.0,3,57,11,36,9,15,7,0,40,3,2,-0.584,-5.1
PHI/PHI202009181,"Friday, September 18, 2020",4:05 p.m. Local,Citizens Bank Park,,2:33,Day,Away,Toronto Blue Jays,TOR,Philadelphia Phillies,PHI,30,7,9,7,9.0,6,9,36,0.3,0.417,0.5,0.917,92,87,0.186,0.72,0.651,,3.2,21,7,7.0,0,47,20,20,5,16,10,0,76,,,0.314,3.8,23,0,4,0,0.0,2,9,25,0.174,0.24,0.174,0.414,144,59,-0.314,0.72,0.127,,-3.8,21,4,7.0,1,29,13,17,6,8,6,0,35,3,2,-0.186,-3.2
PHI/PHI202009182,"Friday, September 18, 2020",7:32 p.m. Local,Citizens Bank Park,,3:14,Night,Home,Philadelphia Phillies,PHI,Toronto Blue Jays,TOR,29,7,10,7,9.0,4,3,37,0.345,0.444,0.552,0.996,131,81,0.478,1.45,1.273,,3.2,18,7,6.0,2,45,13,23,9,19,12,0,41,4,3,-0.978,-4.8,26,8,9,7,10.5,6,8,32,0.346,0.469,0.654,1.123,136,76,0.978,1.64,1.612,,4.8,21,8,7.0,1,41,16,19,7,11,7,0,45,4,2,-0.478,-3.2
PHI/PHI202009190,"Saturday, September 19, 2020",6:05 p.m. Local,Citizens Bank Park,,3:16,Night,Home,Philadelphia Phillies,PHI,Toronto Blue Jays,TOR,28,1,2,1,1.0,3,11,31,0.071,0.161,0.179,0.34,152,90,-0.529,1.19,0.286,,-3.9,24,5,8.0,0,62,10,18,7,10,0,0,59,2,0,0.029,1.3,32,3,9,3,3.38,4,10,37,0.281,0.361,0.313,0.674,144,93,-0.03,1.13,0.659,,-1.3,27,7,9.0,1,49,18,26,11,12,6,0,67,0,0,0.529,3.9
PHI/PHI202009200,"Sunday, September 20, 2020",3:05 p.m. Local,Citizens Bank Park,,3:28,Day,Away,Toronto Blue Jays,TOR,Philadelphia Phillies,PHI,36,6,8,5,6.0,4,10,40,0.222,0.3,0.444,0.744,166,104,0.154,1.09,0.724,,1.1,27,7,9.0,0,56,18,30,15,11,8,0,66,2,0,0.348,1.9,34,3,6,2,1.0,5,12,39,0.176,0.282,0.206,0.488,167,102,-0.347,0.85,0.453,,-1.9,27,8,9.0,1,61,18,23,12,10,6,0,49,0,0,-0.153,-1.1
WAS/WAS202009210,"Monday, September 21, 2020",6:05 p.m. Local,Nationals Park,,3:48,Night,Home,Washington Nationals,WSN,Philadelphia Phillies,PHI,29,1,6,0,1.0,6,13,36,0.207,0.361,0.241,0.602,172,98,-0.385,0.84,0.45,,-4.1,24,7,8.0,0,54,25,21,9,7,6,0,53,3,0,-0.116,-0.5,31,5,7,3,3.38,5,10,37,0.226,0.351,0.258,0.609,171,100,0.115,1.02,0.514,,0.5,27,11,9.0,0,67,12,21,10,11,5,0,57,0,0,0.383,4.1
WAS/WAS202009221,"Tuesday, September 22, 2020",3:05 p.m. Local,Nationals Park,,2:09,Day,Home,Washington Nationals,WSN,Philadelphia Phillies,PHI,25,1,3,1,1.29,1,7,26,0.12,0.154,0.24,0.394,94,68,-0.272,0.59,0.154,,-2.9,18,7,6.0,0,40,9,19,5,13,6,0,48,,,-0.227,-1.6,25,5,6,4,4.5,2,6,27,0.24,0.296,0.36,0.656,105,68,0.227,0.79,0.474,,1.6,21,4,7.0,1,34,13,21,9,10,5,0,73,,,0.273,2.9
WAS/WAS202009222,"Tuesday, September 22, 2020",6:01 p.m. Local,Nationals Park,,3:25,Day,Home,Washington Nationals,WSN,Philadelphia Phillies,PHI,33,7,11,6,6.75,6,9,41,0.333,0.45,0.485,0.935,131,96,0.214,1.47,1.62,,1.9,22,9,7.1,2,53,19,24,12,13,8,0,52,3,3,-0.715,-3.2,31,8,9,8,8.59,3,8,35,0.29,0.371,0.645,1.017,164,79,0.713,2.11,1.639,,3.2,24,9,8.0,1,41,14,24,11,12,5,0,40,5,3,-0.214,-1.9
WAS/WAS202009230,"Wednesday, September 23, 2020",6:05 p.m. Local,Nationals Park,,2:48,Night,Away,Philadelphia Phillies,PHI,Washington Nationals,WSN,42,12,14,12,12.0,5,6,47,0.333,0.404,0.738,1.142,106,107,0.126,0.91,0.499,,6.9,27,9,9.0,1,74,11,22,16,20,7,0,66,0,0,0.375,2.1,32,3,6,3,3.0,1,9,33,0.188,0.212,0.344,0.556,168,75,-0.375,0.51,0.272,,-2.1,27,10,9.0,5,40,11,24,10,13,4,0,59,0,0,-0.124,-6.9
TBA/TBA202009250,"Friday, September 25, 2020",6:40 p.m. Local,Tropicana Field,,3:08,Night,Home,Tampa Bay Rays,TBR,Philadelphia Phillies,PHI,33,4,7,3,3.0,3,13,36,0.212,0.278,0.303,0.581,162,98,-0.151,1.57,0.547,,-0.8,24,6,8.0,1,52,23,23,10,10,3,0,43,5,3,-0.348,-1.7,33,6,9,6,6.75,4,12,38,0.273,0.368,0.394,0.762,150,102,0.348,0.96,1.211,,1.7,27,8,9.0,0,52,23,27,12,9,5,0,46,0,0,0.152,0.8
TBA/TBA202009260,"Saturday, September 26, 2020",7:07 p.m. Local,Tropicana Field,,2:53,Night,Home,Tampa Bay Rays,TBR,Philadelphia Phillies,PHI,37,3,12,2,2.0,1,8,38,0.324,0.342,0.432,0.775,133,90,-0.36,1.08,0.886,,-1.8,24,12,8.0,0,48,25,17,16,13,6,0,51,1,0,-0.14,0.3,29,4,7,4,4.5,4,11,34,0.241,0.353,0.276,0.629,129,85,0.139,1.49,0.766,,-0.3,27,9,9.0,1,49,21,15,12,6,5,0,44,2,0,0.361,1.8
TBA/TBA202009270,"Sunday, September 27, 2020",3:10 p.m. Local,Tropicana Field,,2:59,Day,Home,Tampa Bay Rays,TBR,Philadelphia Phillies,PHI,32,0,6,0,0.0,1,5,33,0.188,0.212,0.219,0.431,160,79,-0.349,0.59,0.178,,-4.8,24,11,8.0,0,46,11,22,21,6,2,0,40,3,0,-0.153,-0.7,32,5,9,4,5.62,4,10,37,0.281,0.378,0.375,0.753,131,99,0.154,0.75,0.467,,0.7,27,18,9.0,0,47,25,27,12,10,7,0,68,0,0,0.348,4.8
