,date,time,venue,attendance,duration,time_of_day,winner,winning_name,winning_abbr,losing_name,losing_abbr,away_at_bats,away_runs,away_hits,away_rbi,away_earned_runs,away_bases_on_balls,away_strikeouts,away_plate_appearances,away_batting_average,away_on_base_percentage,away_slugging_percentage,away_on_base_plus,away_pitches,away_strikes,away_win_probability_for_offensive_player,away_average_leverage_index,away_win_probability_added,away_win_probability_subtracted,away_base_out_runs_added,away_putouts,away_assists,away_innings_pitched,away_home_runs,away_strikes_by_contact,away_strikes_swinging,away_strikes_looking,away_grounded_balls,away_fly_balls,away_line_drives,away_unknown_bat_type,away_game_score,away_inherited_runners,away_inherited_score,away_win_probability_by_pitcher,away_base_out_runs_saved,home_at_bats,home_runs,home_hits,home_rbi,home_earned_runs,home_bases_on_balls,home_strikeouts,home_plate_appearances,home_batting_average,home_on_base_percentage,home_slugging_percentage,home_on_base_plus,home_pitches,home_strikes,home_win_probability_for_offensive_player,home_average_leverage_index,home_win_probability_added,home_win_probability_subtracted,home_base_out_runs_added,home_putouts,home_assists,home_innings_pitched,home_home_runs,home_strikes_by_contact,home_strikes_swinging,home_strikes_looking,home_grounded_balls,home_fly_balls,home_line_drives,home_unknown_bat_type,home_game_score,home_inherited_runners,home_inherited_score,home_win_probability_by_pitcher,home_base_out_runs_saved
SLN/SLN202007240,"Friday, July 24, 2020",7:15 p.m. Local,Busch Stadium III,,2:52,Night,Home,St. Louis Cardinals,STL,Pittsburgh Pirates,PIT,35,4,8,4,3.0,0,6,35,0.229,0.229,0.257,0.486,139,86,-0.407,0.69,0.654,,-0.7,24,9,8.0,3,47,20,19,14,15,8,0,51,2,1,-0.091,-0.9,31,5,9,5,5.62,3,9,34,0.29,0.353,0.645,0.998,123,85,0.092,1.56,0.511,,0.9,27,9,9.0,0,41,17,28,10,12,7,0,63,0,0,0.409,0.7
SLN/SLN202007250,"Saturday, July 25, 2020",1:15 p.m. Local,Busch Stadium III,,2:55,Day,Home,St. Louis Cardinals,STL,Pittsburgh Pirates,PIT,30,1,3,1,1.0,2,7,33,0.1,0.182,0.1,0.282,135,80,-0.32,0.8,0.327,,-3.7,24,6,8.0,1,46,12,22,12,11,6,0,41,4,2,-0.18,-4.9,35,9,10,9,5.62,2,7,39,0.286,0.359,0.457,0.816,118,96,0.179,1.01,0.663,,4.9,27,12,9.0,0,59,13,24,9,19,7,0,66,1,0,0.322,3.7
SLN/SLN202007260,"Sunday, July 26, 2020",1:15 p.m. Local,Busch Stadium III,,2:56,Day,Away,Pittsburgh Pirates,PIT,St. Louis Cardinals,STL,32,5,8,5,5.0,3,7,36,0.25,0.306,0.5,0.806,144,77,0.188,0.94,0.588,,0.3,27,8,9.0,0,45,13,19,12,14,6,0,58,0,0,0.312,3.7,29,1,5,1,1.0,3,10,32,0.172,0.25,0.207,0.457,123,87,-0.313,0.66,0.394,,-3.7,27,11,9.0,2,45,20,22,6,13,5,0,36,2,1,-0.188,-0.3
PIT/PIT202007270,"Monday, July 27, 2020",7:05 p.m. Local,PNC Park,,3:54,Night,Away,Milwaukee Brewers,MIL,Pittsburgh Pirates,PIT,42,6,11,6,4.09,6,10,49,0.262,0.367,0.333,0.701,164,116,-0.201,1.41,1.575,,-0.8,33,15,11.0,2,60,17,40,15,17,10,0,62,2,2,0.699,1.8,35,5,4,4,1.64,6,12,41,0.114,0.244,0.286,0.53,196,94,-0.699,1.95,0.716,,-1.8,33,12,11.0,0,44,21,29,14,9,4,0,53,3,2,0.2,0.8
PIT/PIT202007280,"Tuesday, July 28, 2020",7:05 p.m. Local,PNC Park,,3:22,Night,Home,Pittsburgh Pirates,PIT,Milwaukee Brewers,MIL,26,6,5,6,6.0,9,8,37,0.192,0.405,0.346,0.752,140,79,0.176,1.59,1.188,,1.4,24,7,8.0,1,44,14,21,8,11,5,0,49,4,1,-0.678,-3.9,33,8,9,7,6.75,4,9,39,0.273,0.368,0.455,0.823,153,86,0.678,1.34,1.528,,3.9,27,11,9.0,1,47,22,17,10,15,9,0,59,5,3,-0.177,-1.4
PIT/PIT202007290,"Wednesday, July 29, 2020",7:05 p.m. Local,PNC Park,,3:02,Night,Away,Milwaukee Brewers,MIL,Pittsburgh Pirates,PIT,32,3,6,3,3.0,5,14,38,0.188,0.316,0.438,0.753,126,96,0.009,0.82,0.396,,-1.6,27,8,9.0,0,48,22,26,8,10,5,0,80,1,0,0.491,4.6,28,0,1,0,0.0,1,14,29,0.036,0.069,0.036,0.105,157,85,-0.49,0.56,0.073,,-4.6,27,8,9.0,2,40,28,17,9,5,1,0,54,1,0,-0.009,1.6
CHN/CHN202007310,"Friday, July 31, 2020",7:15 p.m. Local,Wrigley Field,,3:46,Night,Home,Chicago Cubs,CHC,Pittsburgh Pirates,PIT,33,3,7,3,3.0,1,8,34,0.212,0.235,0.424,0.66,183,90,-0.369,0.67,0.21,,-1.9,24,12,8.0,1,43,20,27,10,15,8,0,49,4,3,-0.13,-1.7,33,6,11,5,5.62,7,7,41,0.333,0.463,0.455,0.918,138,105,0.13,0.73,0.592,,1.7,27,10,9.0,2,61,22,22,14,12,7,0,74,1,1,0.37,1.9
CHN/CHN202008010,"Saturday, August 1, 2020",7:15 p.m. Local,Wrigley Field,,3:11,Night,Home,Chicago Cubs,CHC,Pittsburgh Pirates,PIT,32,3,6,3,3.0,3,13,35,0.188,0.257,0.344,0.601,135,90,-0.518,0.65,0.39,,-1.9,24,8,8.0,3,43,26,21,10,9,6,0,40,2,0,0.018,0.3,30,4,8,4,4.5,4,6,35,0.267,0.371,0.633,1.005,147,81,-0.02,1.23,0.494,,-0.3,27,12,9.0,1,41,11,29,8,16,9,0,77,4,1,0.519,1.9
CHN/CHN202008020,"Sunday, August 2, 2020",1:20 p.m. Local,Wrigley Field,,3:37,Day,Home,Chicago Cubs,CHC,Pittsburgh Pirates,PIT,36,1,6,1,0.82,3,7,41,0.167,0.231,0.25,0.481,161,102,-1.217,1.68,0.375,,-6.2,31,11,10.1,0,61,15,26,18,13,8,0,63,2,0,0.717,4.6,35,2,4,2,0.87,4,10,39,0.114,0.205,0.171,0.377,156,99,-0.717,1.77,0.664,,-4.6,33,15,11.0,1,53,19,27,13,12,6,0,63,2,0,1.218,6.2
MIN/MIN202008030,"Monday, August 3, 2020",7:10 p.m. Local,Target Field,,3:13,Night,Home,Minnesota Twins,MIN,Pittsburgh Pirates,PIT,33,4,9,4,3.0,4,7,37,0.273,0.351,0.394,0.745,163,84,-0.225,1.67,0.589,,-1.0,25,5,8.1,0,48,14,22,7,19,11,0,48,4,1,-0.275,-1.5,32,5,7,4,5.4,7,9,39,0.219,0.359,0.25,0.609,138,96,0.274,1.17,1.095,,1.5,27,8,9.0,1,48,16,32,6,17,8,0,37,0,0,0.226,1.0
MIN/MIN202008040,"Tuesday, August 4, 2020",1:10 p.m. Local,Target Field,,3:30,Day,Home,Minnesota Twins,MIN,Pittsburgh Pirates,PIT,34,3,9,3,3.0,5,9,40,0.265,0.35,0.353,0.703,154,94,-0.194,0.56,0.286,,-2.0,24,6,8.0,0,51,20,23,8,18,7,0,25,3,1,-0.306,-2.6,27,7,8,7,7.88,8,4,38,0.296,0.421,0.333,0.754,154,88,0.307,0.66,0.489,,2.6,27,7,9.0,0,57,9,22,9,17,7,0,63,2,0,0.194,2.0
PIT/PIT202008050,"Wednesday, August 5, 2020",7:05 p.m. Local,PNC Park,,2:52,Night,Away,Minnesota Twins,MIN,Pittsburgh Pirates,PIT,33,5,7,5,5.0,4,7,38,0.212,0.316,0.364,0.679,122,87,-0.151,0.95,0.491,,0.4,27,13,9.0,1,54,13,20,12,14,5,0,67,0,0,0.652,2.6,30,2,4,2,2.0,1,6,31,0.133,0.161,0.267,0.428,147,77,-0.652,0.91,0.113,,-2.6,27,10,9.0,1,45,11,21,14,10,6,0,71,2,2,0.15,-0.4
PIT/PIT202008060,"Thursday, August 6, 2020",1:35 p.m. Local,PNC Park,,3:07,Day,Home,Pittsburgh Pirates,PIT,Minnesota Twins,MIN,36,5,9,5,5.0,3,7,39,0.25,0.308,0.5,0.808,122,99,0.149,1.59,0.684,,0.4,25,5,8.1,1,55,13,31,12,17,6,0,57,0,0,-0.655,-2.0,32,6,7,6,6.48,2,8,34,0.219,0.265,0.344,0.608,151,82,0.656,0.75,1.455,,2.0,27,10,9.0,3,46,23,13,11,13,8,0,39,1,0,-0.156,-0.4
PIT/PIT202008070,"Friday, August 7, 2020",7:05 p.m. Local,PNC Park,,4:33,Night,Away,Detroit Tigers,DET,Pittsburgh Pirates,PIT,49,17,16,17,12.27,6,16,56,0.327,0.411,0.469,0.88,202,136,1.509,1.29,2.551,,10.2,33,12,11.0,3,65,33,38,17,16,13,0,22,2,0,-1.008,-6.2,47,13,16,13,9.82,4,8,52,0.34,0.385,0.574,0.959,223,127,1.008,1.56,2.006,,6.2,33,12,11.0,1,82,18,27,17,23,11,0,63,6,4,-1.51,-10.2
PIT/PIT202008080,"Saturday, August 8, 2020",4:05 p.m. Local,PNC Park,,3:22,Day,Away,Detroit Tigers,DET,Pittsburgh Pirates,PIT,42,11,16,11,11.0,4,12,47,0.381,0.426,0.833,1.259,141,114,0.595,0.76,0.799,,6.4,27,10,9.0,0,65,19,30,11,20,12,0,35,0,0,-0.094,-0.4,36,5,9,4,5.0,4,6,40,0.25,0.325,0.278,0.603,180,89,0.094,0.42,0.578,,0.4,27,8,9.0,5,47,17,25,15,15,7,0,10,1,1,-0.594,-6.4
PIT/PIT202008090,"Sunday, August 9, 2020",1:35 p.m. Local,PNC Park,,2:45,Day,Away,Detroit Tigers,DET,Pittsburgh Pirates,PIT,30,2,4,2,2.0,2,12,35,0.133,0.257,0.2,0.457,121,82,-0.149,1.49,0.636,,-2.6,27,15,9.0,0,37,26,19,8,10,3,0,65,0,0,0.652,3.6,31,1,6,1,1.0,3,6,35,0.194,0.286,0.226,0.512,134,70,-0.651,1.13,0.457,,-3.6,27,5,9.0,0,36,11,23,17,8,5,0,56,0,0,0.151,2.6
CIN/CIN202008130,"Thursday, August 13, 2020",5:10 p.m. Local,Great American Ball Park,,3:21,Night,Away,Pittsburgh Pirates,PIT,Cincinnati Reds,CIN,37,9,11,9,9.0,3,8,40,0.297,0.35,0.595,0.945,177,87,0.387,0.52,0.491,,4.1,27,8,9.0,3,46,17,25,9,20,14,0,44,2,0,0.115,-1.1,38,6,12,6,6.0,2,10,40,0.316,0.35,0.632,0.982,153,115,-0.115,0.31,0.3,,1.1,27,7,9.0,3,68,25,22,13,15,5,0,1,2,0,-0.387,-4.1
CIN/CIN202008140,"Friday, August 14, 2020",7:10 p.m. Local,Great American Ball Park,,2:50,Night,Home,Cincinnati Reds,CIN,Pittsburgh Pirates,PIT,32,1,5,1,1.0,1,13,33,0.156,0.182,0.281,0.463,141,98,-0.321,0.55,0.262,,-3.9,24,7,8.0,3,44,19,35,8,11,7,0,52,1,0,-0.18,-3.6,34,8,11,8,9.0,2,10,36,0.324,0.361,0.706,1.067,145,91,0.18,0.81,0.544,,3.6,27,5,9.0,1,45,18,28,9,15,4,0,69,1,0,0.32,3.9
PIT/PIT202008180,"Tuesday, August 18, 2020",7:05 p.m. Local,PNC Park,,4:02,Night,Away,Cleveland Indians,CLE,Pittsburgh Pirates,PIT,36,6,6,6,4.5,4,11,42,0.167,0.262,0.306,0.567,183,97,0.062,1.64,1.206,,0.3,30,8,10.0,0,55,17,25,12,14,7,0,43,3,0,0.399,2.7,38,3,9,3,2.7,3,15,43,0.237,0.31,0.289,0.599,164,123,-0.4,1.61,0.946,,-2.7,30,10,10.0,1,62,35,26,13,11,5,0,39,1,0,-0.101,-0.3
PIT/PIT202008190,"Wednesday, August 19, 2020",7:05 p.m. Local,PNC Park,,2:56,Night,Away,Cleveland Indians,CLE,Pittsburgh Pirates,PIT,30,6,5,6,6.0,8,11,39,0.167,0.359,0.333,0.692,109,97,0.096,0.63,0.812,,1.4,27,9,9.0,0,49,14,34,12,7,4,0,79,,,0.403,3.6,30,1,5,1,1.0,0,6,31,0.167,0.161,0.2,0.361,177,76,-0.403,0.85,0.088,,-3.6,27,10,9.0,1,43,12,21,10,15,7,0,65,2,0,-0.097,-1.4
PIT/PIT202008200,"Thursday, August 20, 2020",7:05 p.m. Local,PNC Park,,3:24,Night,Away,Cleveland Indians,CLE,Pittsburgh Pirates,PIT,34,2,7,1,1.0,6,8,41,0.206,0.325,0.206,0.531,145,96,-0.184,1.46,0.562,,-2.6,27,6,9.0,0,58,13,25,13,14,8,0,71,1,0,0.684,4.6,34,0,7,0,0.0,1,16,35,0.206,0.229,0.206,0.434,180,100,-0.683,1.14,0.485,,-4.6,27,8,9.0,0,52,19,29,9,9,4,0,49,0,0,0.183,2.6
PIT/PIT202008210,"Friday, August 21, 2020",7:05 p.m. Local,PNC Park,,2:53,Night,Home,Pittsburgh Pirates,PIT,Milwaukee Brewers,MIL,31,2,5,2,2.0,5,3,36,0.161,0.278,0.355,0.633,131,87,-0.264,0.59,0.394,,-2.6,24,14,8.0,1,48,10,29,17,11,6,0,45,0,0,-0.235,-2.9,36,7,14,7,7.88,1,5,37,0.389,0.405,0.528,0.933,152,89,0.235,0.97,0.566,,2.9,27,16,9.0,2,57,11,21,22,9,6,0,57,3,0,0.266,2.6
PIT/PIT202008220,"Saturday, August 22, 2020",4:05 p.m. Local,PNC Park,,3:30,Day,Home,Pittsburgh Pirates,PIT,Milwaukee Brewers,MIL,32,5,7,5,5.0,7,9,41,0.219,0.39,0.5,0.89,170,98,-0.148,0.52,0.558,,0.4,24,10,8.0,3,49,24,25,10,13,5,0,41,3,3,-0.353,-7.9,38,12,14,12,12.38,4,6,42,0.368,0.429,0.763,1.192,181,96,0.353,0.78,0.714,,7.9,27,9,9.0,2,50,17,29,13,19,15,0,57,0,0,0.148,-0.4
PIT/PIT202008230,"Sunday, August 23, 2020",1:35 p.m. Local,PNC Park,,3:11,Day,Home,Pittsburgh Pirates,PIT,Milwaukee Brewers,MIL,34,4,7,4,3.0,2,12,37,0.206,0.27,0.382,0.653,127,97,-0.067,1.37,0.709,,-0.6,24,10,8.0,1,50,18,29,11,11,7,0,51,1,1,-0.434,-0.9,31,5,9,5,5.62,2,12,34,0.29,0.333,0.452,0.785,152,79,0.433,1.09,1.309,,0.9,27,11,9.0,1,39,22,21,13,7,4,0,51,1,0,0.066,0.6
CHA/CHA202008250,"Tuesday, August 25, 2020",7:10 p.m. Local,Guaranteed Rate Field,,2:23,Night,Home,Chicago White Sox,CHW,Pittsburgh Pirates,PIT,27,0,0,0,0.0,1,13,28,0.0,0.036,0.0,0.036,123,74,-0.329,0.65,0.03,,-4.8,24,8,8.0,0,28,28,18,6,8,2,0,29,0,0,-0.171,0.3,30,4,9,4,4.5,4,5,36,0.3,0.389,0.4,0.789,101,80,0.172,0.52,0.45,,-0.3,27,6,9.0,0,42,17,21,11,15,8,0,99,,,0.329,4.8
CHA/CHA202008260,"Wednesday, August 26, 2020",1:10 p.m. Local,Guaranteed Rate Field,,2:41,Day,Home,Chicago White Sox,CHW,Pittsburgh Pirates,PIT,32,3,6,3,3.0,3,10,36,0.188,0.257,0.281,0.538,116,92,-0.207,0.34,0.082,,-1.8,24,14,8.0,4,54,21,17,11,12,10,0,23,0,0,-0.292,-5.7,33,10,12,10,11.25,2,4,36,0.364,0.389,0.818,1.207,150,78,0.291,0.38,0.451,,5.7,27,8,9.0,1,46,9,23,15,15,9,0,60,0,0,0.209,1.8
SLN/SLN202008271,"Thursday, August 27, 2020",2:15 p.m. Local,Busch Stadium III,,2:48,Day,Away,Pittsburgh Pirates,PIT,St. Louis Cardinals,STL,32,4,6,3,1.12,2,4,34,0.188,0.235,0.188,0.423,120,82,0.014,2.09,1.128,,-0.8,24,11,8.0,1,55,10,17,11,17,10,0,57,0,0,0.486,1.8,27,3,7,3,2.25,4,3,32,0.259,0.344,0.37,0.714,126,73,-0.487,1.81,0.935,,-1.8,24,7,8.0,0,40,14,19,10,15,6,0,66,2,0,-0.014,0.8
SLN/SLN202008272,"Thursday, August 27, 2020",5:50 p.m. Local,Busch Stadium III,,2:02,Day,Away,Pittsburgh Pirates,PIT,St. Louis Cardinals,STL,27,2,6,2,2.57,2,3,29,0.222,0.276,0.222,0.498,91,64,-0.032,1.38,0.37,,-1.6,21,9,7.0,0,37,10,17,7,17,8,0,59,1,0,0.53,3.6,24,0,5,0,0.0,2,3,26,0.208,0.269,0.375,0.644,102,61,-0.531,0.9,0.345,,-3.6,21,6,7.0,0,36,5,20,8,13,4,0,50,0,0,0.031,1.6
MIL/MIL202008280,"Friday, August 28, 2020",7:10 p.m. Local,Miller Park,,2:55,Night,Home,Milwaukee Brewers,MIL,Pittsburgh Pirates,PIT,31,1,4,1,1.0,2,15,33,0.129,0.182,0.226,0.408,148,93,-0.225,0.35,0.057,,-3.8,24,4,8.0,4,47,22,24,7,9,3,0,27,2,0,-0.278,-4.7,32,9,8,9,10.12,4,12,37,0.25,0.351,0.688,1.039,143,94,0.277,0.37,0.526,,4.7,27,6,9.0,1,46,24,25,3,17,12,0,75,0,0,0.223,3.8
MIL/MIL202008290,"Saturday, August 29, 2020",6:10 p.m. Local,Miller Park,,3:19,Night,Home,Milwaukee Brewers,MIL,Pittsburgh Pirates,PIT,34,6,10,6,6.0,8,5,44,0.294,0.409,0.5,0.909,149,93,0.677,1.75,1.573,,1.2,24,8,8.0,3,58,15,20,18,13,8,0,56,0,0,-1.177,-2.7,31,7,7,7,7.88,4,9,36,0.226,0.333,0.613,0.946,174,90,1.174,1.72,2.073,,2.7,27,15,9.0,1,50,18,22,9,13,6,0,36,4,0,-0.677,-1.2
MIL/MIL202008300,"Sunday, August 30, 2020",1:10 p.m. Local,Miller Park,,3:13,Day,Away,Pittsburgh Pirates,PIT,Milwaukee Brewers,MIL,33,5,7,5,5.0,3,11,36,0.212,0.278,0.394,0.672,158,92,0.188,1.08,0.508,,0.2,27,7,9.0,0,42,30,20,10,12,6,0,55,2,0,0.313,3.8,34,1,6,1,0.0,5,11,41,0.176,0.317,0.176,0.494,139,92,-0.311,0.57,0.546,,-3.8,27,9,9.0,2,46,19,27,10,13,6,0,47,1,1,-0.188,-0.2
MIL/MIL202008310,"Monday, August 31, 2020",6:40 p.m. Local,Miller Park,,3:25,Night,Home,Milwaukee Brewers,MIL,Pittsburgh Pirates,PIT,32,5,5,5,5.0,5,15,38,0.156,0.289,0.313,0.602,152,105,-0.147,1.4,0.841,,0.2,24,10,8.0,1,48,31,26,12,5,3,0,36,2,1,-0.352,-1.7,31,6,9,4,4.5,5,9,37,0.29,0.405,0.452,0.857,173,89,0.352,1.29,1.224,,1.7,27,10,9.0,1,49,22,18,12,10,7,0,51,1,0,0.147,-0.2
PIT/PIT202009010,"Tuesday, September 1, 2020",7:05 p.m. Local,PNC Park,,4:10,Night,Away,Chicago Cubs,CHC,Pittsburgh Pirates,PIT,44,8,13,8,4.09,4,6,49,0.295,0.347,0.455,0.801,173,110,0.154,2.16,1.191,,1.2,33,11,11.0,1,65,16,29,14,25,16,0,32,6,1,0.348,-0.2,42,7,10,7,4.91,7,9,50,0.238,0.34,0.405,0.745,191,104,-0.349,1.6,1.483,,0.2,33,12,11.0,2,65,13,26,12,22,10,0,37,2,1,-0.153,-1.2
PIT/PIT202009020,"Wednesday, September 2, 2020",7:05 p.m. Local,PNC Park,,3:15,Night,Away,Chicago Cubs,CHC,Pittsburgh Pirates,PIT,39,8,10,6,6.0,3,10,43,0.256,0.31,0.436,0.745,145,106,0.253,0.78,0.727,,3.4,27,10,9.0,2,58,19,29,16,13,8,0,60,0,0,0.247,2.6,34,2,8,2,2.0,2,8,36,0.235,0.278,0.441,0.719,157,87,-0.249,0.71,0.334,,-2.6,27,12,9.0,1,47,18,22,14,12,5,0,49,2,2,-0.254,-3.4
PIT/PIT202009030,"Thursday, September 3, 2020",1:35 p.m. Local,PNC Park,,3:16,Day,Home,Pittsburgh Pirates,PIT,Chicago Cubs,CHC,35,2,10,1,1.0,3,11,38,0.286,0.342,0.343,0.685,137,100,-0.178,0.75,0.684,,-2.6,24,9,8.0,1,50,17,35,14,10,7,0,38,2,0,-0.32,-1.9,34,6,10,6,4.5,3,5,38,0.294,0.342,0.5,0.842,156,87,0.322,1.12,0.765,,1.9,27,13,9.0,0,55,12,20,12,18,9,0,51,3,0,0.18,2.6
PIT/PIT202009041,"Friday, September 4, 2020",4:05 p.m. Local,PNC Park,,2:31,Day,Away,Cincinnati Reds,CIN,Pittsburgh Pirates,PIT,27,4,8,4,5.14,3,8,32,0.296,0.375,0.444,0.819,111,82,0.175,1.73,0.58,,0.4,21,9,7.0,0,39,12,31,6,14,8,0,56,0,0,0.325,1.6,28,2,8,2,2.57,2,9,30,0.286,0.333,0.393,0.726,139,74,-0.326,0.88,0.768,,-1.6,21,4,7.0,1,50,14,10,11,8,7,0,38,1,0,-0.175,-0.4
PIT/PIT202009042,"Friday, September 4, 2020",7:25 p.m. Local,PNC Park,,2:25,Night,Away,Cincinnati Reds,CIN,Pittsburgh Pirates,PIT,26,4,6,2,1.29,2,9,28,0.231,0.286,0.385,0.67,127,74,0.259,1.44,0.809,,0.4,21,4,7.0,2,44,12,18,8,9,4,0,47,1,0,0.241,0.6,25,3,4,3,3.86,2,7,27,0.16,0.222,0.44,0.662,110,77,-0.241,1.16,0.58,,-0.6,21,5,7.0,0,44,11,22,5,13,7,0,55,0,0,-0.26,-0.4
PIT/PIT202009050,"Saturday, September 5, 2020",7:05 p.m. Local,PNC Park,,3:23,Night,Away,Cincinnati Reds,CIN,Pittsburgh Pirates,PIT,33,6,6,6,6.0,4,10,37,0.182,0.27,0.576,0.846,166,97,0.233,1.16,0.542,,1.4,27,15,9.0,1,56,18,24,5,18,7,0,41,4,0,0.269,2.6,33,2,7,2,2.0,6,8,40,0.212,0.325,0.333,0.658,164,97,-0.268,0.55,0.605,,-2.6,27,5,9.0,4,55,12,30,18,8,5,0,45,0,0,-0.232,-1.4
PIT/PIT202009060,"Sunday, September 6, 2020",1:35 p.m. Local,PNC Park,,3:02,Day,Home,Pittsburgh Pirates,PIT,Cincinnati Reds,CIN,29,2,3,2,2.0,7,12,36,0.103,0.278,0.241,0.519,147,91,-0.234,1.92,0.434,,-2.6,26,9,8.2,0,45,23,23,7,10,5,0,57,2,0,-0.268,1.2,32,3,9,3,2.08,3,8,37,0.281,0.351,0.313,0.664,158,95,0.266,0.91,1.376,,-1.2,27,6,9.0,1,54,19,22,12,13,6,0,48,0,0,0.233,2.6
PIT/PIT202009080,"Tuesday, September 8, 2020",7:05 p.m. Local,PNC Park,,3:19,Night,Home,Pittsburgh Pirates,PIT,Chicago White Sox,CHW,35,4,10,3,3.0,3,13,38,0.286,0.342,0.486,0.828,145,99,-0.067,1.73,0.807,,-0.6,24,10,8.0,0,49,21,29,9,13,10,0,51,4,1,-0.435,-2.8,34,5,10,4,4.5,1,6,35,0.294,0.314,0.441,0.755,147,92,0.435,1.05,1.294,,2.8,27,11,9.0,1,59,10,23,15,13,7,0,59,0,0,0.066,0.6
PIT/PIT202009090,"Wednesday, September 9, 2020",7:05 p.m. Local,PNC Park,,3:08,Night,Away,Chicago White Sox,CHW,Pittsburgh Pirates,PIT,37,8,11,8,8.0,3,10,41,0.297,0.341,0.514,0.855,137,106,0.274,0.38,0.5,,3.4,27,10,9.0,0,61,23,22,14,14,11,0,68,1,0,0.226,3.6,31,1,4,1,0.0,5,5,37,0.129,0.25,0.161,0.411,163,85,-0.227,0.46,0.1,,-3.6,27,9,9.0,2,45,12,28,13,13,6,0,29,0,0,-0.273,-3.4
KCA/KCA202009110,"Friday, September 11, 2020",7:05 p.m. Local,Kauffman Stadium,,3:10,Night,Home,Kansas City Royals,KCR,Pittsburgh Pirates,PIT,34,3,7,3,3.0,3,13,38,0.206,0.289,0.324,0.613,169,104,-0.462,0.72,0.657,,-2.0,24,8,8.0,1,51,23,30,8,13,8,0,43,1,0,-0.036,0.5,31,4,6,3,4.5,5,8,36,0.194,0.306,0.323,0.628,165,98,0.036,1.31,0.484,,-0.5,27,6,9.0,1,52,17,29,13,10,2,0,55,0,0,0.463,2.0
KCA/KCA202009120,"Saturday, September 12, 2020",6:05 p.m. Local,Kauffman Stadium,,3:06,Night,Home,Kansas City Royals,KCR,Pittsburgh Pirates,PIT,33,4,8,4,4.0,1,5,34,0.242,0.265,0.545,0.81,160,89,-0.134,0.8,0.534,,-1.0,24,10,8.0,2,60,12,17,15,13,5,0,24,3,0,-0.366,-2.5,35,7,13,7,7.88,5,8,41,0.371,0.439,0.571,1.01,136,99,0.364,0.83,0.739,,2.5,27,12,9.0,3,54,19,26,15,13,10,0,43,1,0,0.135,1.0
KCA/KCA202009130,"Sunday, September 13, 2020",1:05 p.m. Local,Kauffman Stadium,,3:02,Day,Home,Kansas City Royals,KCR,Pittsburgh Pirates,PIT,31,0,5,0,0.0,1,2,32,0.161,0.188,0.194,0.381,185,73,-0.135,0.32,0.032,,-5.0,24,5,8.0,2,49,7,17,17,12,5,0,12,6,3,-0.366,-6.5,35,11,12,9,12.38,8,15,45,0.343,0.477,0.543,1.02,111,102,0.365,0.19,0.457,,6.5,27,15,9.0,0,39,27,35,7,13,11,0,78,,,0.135,5.0
CIN/CIN202009141,"Monday, September 14, 2020",4:10 p.m. Local,Great American Ball Park,,2:25,Day,Home,Cincinnati Reds,CIN,Pittsburgh Pirates,PIT,25,1,4,1,1.29,2,14,27,0.16,0.222,0.28,0.502,119,78,-0.308,1.04,0.676,,-2.8,20,6,6.2,2,42,19,17,6,5,1,0,57,0,0,-0.193,0.7,24,3,5,3,4.05,4,7,28,0.208,0.321,0.458,0.78,116,78,0.191,1.83,0.763,,-0.7,21,3,7.0,1,41,12,25,5,12,6,0,71,2,0,0.309,2.8
CIN/CIN202009142,"Monday, September 14, 2020",7:27 p.m. Local,Great American Ball Park,,2:58,Night,Home,Cincinnati Reds,CIN,Pittsburgh Pirates,PIT,28,4,8,4,5.14,3,11,32,0.286,0.375,0.536,0.911,155,85,0.191,1.02,0.859,,0.2,18,4,6.0,3,41,23,21,4,13,7,0,43,4,1,-0.691,-5.7,22,9,5,7,12.0,9,9,32,0.227,0.469,0.636,1.105,140,82,0.691,1.19,1.18,,5.7,21,2,7.0,2,45,15,22,4,9,4,0,40,4,0,-0.191,-0.2
CIN/CIN202009150,"Tuesday, September 15, 2020",6:40 p.m. Local,Great American Ball Park,,2:40,Night,Home,Cincinnati Reds,CIN,Pittsburgh Pirates,PIT,32,1,5,1,1.0,3,9,35,0.156,0.229,0.219,0.447,121,91,-0.354,0.6,0.301,,-3.9,24,8,8.0,1,50,24,17,12,11,3,0,46,0,0,-0.146,0.4,29,4,6,4,4.5,1,9,32,0.207,0.25,0.345,0.595,151,78,0.147,0.91,0.389,,-0.4,27,9,9.0,0,41,13,24,10,11,6,0,61,0,0,0.354,3.9
CIN/CIN202009160,"Wednesday, September 16, 2020",6:40 p.m. Local,Great American Ball Park,,2:34,Night,Home,Cincinnati Reds,CIN,Pittsburgh Pirates,PIT,29,0,3,0,0.0,1,11,30,0.103,0.133,0.103,0.237,141,74,-0.77,0.92,0.101,,-4.9,24,8,8.0,0,37,22,15,10,8,5,0,57,1,0,0.269,3.4,28,1,5,1,1.12,1,9,29,0.179,0.207,0.214,0.421,114,91,-0.27,1.17,0.235,,-3.4,27,10,9.0,0,50,18,23,7,12,5,0,80,0,0,0.769,4.9
PIT/PIT202009170,"Thursday, September 17, 2020",7:05 p.m. Local,PNC Park,,2:25,Night,Home,Pittsburgh Pirates,PIT,St. Louis Cardinals,STL,28,1,2,1,1.0,2,8,30,0.071,0.133,0.071,0.205,145,65,-0.234,0.78,0.188,,-3.6,24,13,8.0,1,33,12,20,11,9,4,0,52,2,0,-0.267,-0.9,28,5,9,5,5.62,5,3,35,0.321,0.429,0.536,0.964,110,86,0.267,0.65,0.744,,0.9,27,9,9.0,0,52,11,23,12,14,6,0,85,,,0.233,3.6
PIT/PIT202009181,"Friday, September 18, 2020",4:05 p.m. Local,PNC Park,,3:08,Day,Away,St. Louis Cardinals,STL,Pittsburgh Pirates,PIT,29,6,8,6,6.43,2,6,33,0.276,0.333,0.517,0.851,154,81,0.326,2.44,0.753,,2.4,21,5,7.0,0,48,11,22,9,15,8,0,40,3,0,0.174,-1.4,26,5,4,4,1.29,8,4,36,0.154,0.343,0.154,0.497,130,85,-0.176,0.88,1.113,,1.4,21,4,7.0,2,51,12,22,10,13,6,0,30,1,0,-0.326,-2.4
PIT/PIT202009182,"Friday, September 18, 2020",8:01 p.m. Local,PNC Park,,2:19,Night,Home,Pittsburgh Pirates,PIT,St. Louis Cardinals,STL,25,2,4,2,2.57,2,13,27,0.16,0.222,0.28,0.502,109,76,0.016,1.69,0.575,,-1.6,18,7,6.0,1,40,16,20,4,8,0,0,51,3,3,-0.514,-4.0,23,7,6,6,1.5,2,8,28,0.261,0.308,0.391,0.699,117,69,0.514,1.0,1.061,,4.0,21,2,7.0,1,40,10,19,11,6,3,0,60,0,0,-0.014,1.6
PIT/PIT202009190,"Saturday, September 19, 2020",7:05 p.m. Local,PNC Park,,3:06,Night,Away,St. Louis Cardinals,STL,Pittsburgh Pirates,PIT,29,5,3,5,5.0,5,11,38,0.103,0.289,0.138,0.427,157,88,0.147,1.07,0.821,,0.4,27,12,9.0,2,47,17,24,9,10,3,0,43,2,1,0.353,0.6,31,4,6,4,4.0,2,8,35,0.194,0.257,0.419,0.676,152,98,-0.352,1.26,0.502,,-0.6,27,6,9.0,0,53,8,37,14,10,5,0,76,5,3,-0.147,-0.4
PIT/PIT202009200,"Sunday, September 20, 2020",4:05 p.m. Local,PNC Park,,2:50,Day,Away,St. Louis Cardinals,STL,Pittsburgh Pirates,PIT,34,2,6,2,2.0,3,15,37,0.176,0.243,0.324,0.567,133,95,-0.126,1.23,0.644,,-2.6,27,7,9.0,0,37,25,33,8,11,5,0,73,0,0,0.627,3.6,26,1,2,1,1.0,2,13,30,0.077,0.138,0.115,0.253,151,84,-0.625,1.05,0.21,,-3.6,27,5,9.0,1,45,20,19,6,9,5,0,76,0,0,0.126,2.6
PIT/PIT202009210,"Monday, September 21, 2020",7:05 p.m. Local,PNC Park,,2:58,Night,Away,Chicago Cubs,CHC,Pittsburgh Pirates,PIT,34,5,8,5,5.0,2,11,37,0.235,0.297,0.324,0.621,135,92,0.024,1.17,0.491,,0.4,27,10,9.0,0,44,24,24,14,9,5,0,64,0,0,0.475,4.6,29,0,4,0,0.0,2,5,31,0.138,0.194,0.138,0.331,139,82,-0.475,0.64,0.352,,-4.6,27,10,9.0,0,51,10,21,13,11,4,0,66,4,1,-0.025,-0.4
PIT/PIT202009220,"Tuesday, September 22, 2020",7:05 p.m. Local,PNC Park,,2:45,Night,Home,Pittsburgh Pirates,PIT,Chicago Cubs,CHC,29,2,5,2,2.0,3,8,34,0.172,0.294,0.276,0.57,132,81,-0.307,0.88,0.7,,-2.6,25,9,8.1,1,43,18,20,9,12,5,0,49,1,0,-0.193,1.3,29,3,5,3,3.24,3,10,32,0.172,0.25,0.345,0.595,122,81,0.191,1.32,0.718,,-1.3,27,10,9.0,1,41,22,18,8,11,5,0,76,1,1,0.308,2.6
PIT/PIT202009230,"Wednesday, September 23, 2020",7:05 p.m. Local,PNC Park,,2:57,Night,Home,Pittsburgh Pirates,PIT,Chicago Cubs,CHC,32,1,5,1,1.0,5,9,37,0.156,0.27,0.313,0.583,103,94,-0.652,0.68,0.539,,-3.6,24,10,8.0,2,56,18,20,11,12,5,0,59,1,0,0.151,2.1,29,2,7,2,2.25,1,3,30,0.241,0.267,0.483,0.749,165,72,-0.151,1.64,0.291,,-2.1,27,5,9.0,1,42,10,20,12,14,6,0,60,1,0,0.65,3.6
PIT/PIT202009240,"Thursday, September 24, 2020",1:35 p.m. Local,PNC Park,,2:36,Day,Home,Pittsburgh Pirates,PIT,Chicago Cubs,CHC,28,0,2,0,0.0,3,8,32,0.071,0.188,0.143,0.33,133,73,-0.262,0.37,0.112,,-4.6,24,9,8.0,4,35,11,27,10,10,4,0,30,2,1,-0.24,-2.9,34,7,14,7,7.88,2,7,37,0.412,0.432,0.794,1.227,117,90,0.24,0.56,0.473,,2.9,27,10,9.0,0,52,16,22,13,15,7,0,75,0,0,0.26,4.6
CLE/CLE202009250,"Friday, September 25, 2020",7:10 p.m. Local,Progressive Field,,3:18,Night,Home,Cleveland Indians,CLE,Pittsburgh Pirates,PIT,32,3,6,3,3.0,4,12,36,0.188,0.278,0.313,0.59,162,94,-0.114,1.77,0.595,,-2.2,26,10,8.2,0,50,25,19,9,11,5,0,58,0,0,-0.387,0.9,28,4,4,3,4.15,10,7,38,0.143,0.368,0.214,0.583,148,87,0.387,0.9,1.563,,-0.9,27,6,9.0,1,51,16,20,11,10,6,0,63,0,0,0.114,2.2
CLE/CLE202009260,"Saturday, September 26, 2020",7:10 p.m. Local,Progressive Field,,2:56,Night,Away,Pittsburgh Pirates,PIT,Cleveland Indians,CLE,40,8,13,8,8.0,1,11,41,0.325,0.341,0.65,0.991,146,100,0.32,0.34,0.53,,2.8,27,9,9.0,0,56,10,34,8,21,10,0,80,0,0,0.179,5.2,31,0,5,0,0.0,2,11,33,0.161,0.212,0.226,0.438,156,95,-0.179,0.38,0.073,,-5.2,27,2,9.0,3,48,19,28,12,8,1,0,14,0,0,-0.321,-2.8
CLE/CLE202009270,"Sunday, September 27, 2020",3:10 p.m. Local,Progressive Field,,3:00,Day,Home,Cleveland Indians,CLE,Pittsburgh Pirates,PIT,36,6,9,5,4.0,3,10,40,0.25,0.325,0.5,0.825,136,86,0.068,1.12,0.74,,0.8,24,10,8.0,2,45,17,24,11,15,7,0,34,0,0,-0.567,-3.4,32,8,11,8,9.0,2,4,37,0.344,0.405,0.656,1.062,129,81,0.566,0.95,1.209,,3.4,27,9,9.0,2,47,11,23,14,15,5,0,47,3,1,-0.069,-0.8
