,date,time,venue,attendance,duration,time_of_day,winner,winning_name,winning_abbr,losing_name,losing_abbr,away_at_bats,away_runs,away_hits,away_rbi,away_earned_runs,away_bases_on_balls,away_strikeouts,away_plate_appearances,away_batting_average,away_on_base_percentage,away_slugging_percentage,away_on_base_plus,away_pitches,away_strikes,away_win_probability_for_offensive_player,away_average_leverage_index,away_win_probability_added,away_win_probability_subtracted,away_base_out_runs_added,away_putouts,away_assists,away_innings_pitched,away_home_runs,away_strikes_by_contact,away_strikes_swinging,away_strikes_looking,away_grounded_balls,away_fly_balls,away_line_drives,away_unknown_bat_type,away_game_score,away_inherited_runners,away_inherited_score,away_win_probability_by_pitcher,away_base_out_runs_saved,home_at_bats,home_runs,home_hits,home_rbi,home_earned_runs,home_bases_on_balls,home_strikeouts,home_plate_appearances,home_batting_average,home_on_base_percentage,home_slugging_percentage,home_on_base_plus,home_pitches,home_strikes,home_win_probability_for_offensive_player,home_average_leverage_index,home_win_probability_added,home_win_probability_subtracted,home_base_out_runs_added,home_putouts,home_assists,home_innings_pitched,home_home_runs,home_strikes_by_contact,home_strikes_swinging,home_strikes_looking,home_grounded_balls,home_fly_balls,home_line_drives,home_unknown_bat_type,home_game_score,home_inherited_runners,home_inherited_score,home_win_probability_by_pitcher,home_base_out_runs_saved
SDN/SDN202007240,"Friday, July 24, 2020",6:10 p.m. Local,Petco Park,,3:05,Night,Home,San Diego Padres,SDP,Arizona Diamondbacks,ARI,32,2,7,2,2.0,1,7,33,0.219,0.242,0.344,0.586,168,97,-0.356,1.01,0.275,,-2.5,24,7,8.0,0,58,15,24,11,14,8,0,50,2,0,-0.143,-3.0,30,7,8,7,7.88,7,8,37,0.267,0.405,0.367,0.772,127,98,0.143,0.71,0.66,,3.0,27,11,9.0,1,51,16,31,8,14,8,0,67,0,0,0.358,2.5
SDN/SDN202007250,"Saturday, July 25, 2020",6:10 p.m. Local,Petco Park,,3:18,Night,Home,San Diego Padres,SDP,Arizona Diamondbacks,ARI,32,1,5,1,1.0,1,11,33,0.156,0.182,0.25,0.432,184,88,-0.314,0.77,0.382,,-3.5,24,7,8.0,2,49,18,23,13,8,6,0,45,3,0,-0.187,-1.0,29,5,7,5,5.62,7,13,36,0.241,0.389,0.517,0.906,125,99,0.187,0.94,0.612,,1.0,27,12,9.0,0,46,15,38,3,13,7,0,60,1,0,0.315,3.5
SDN/SDN202007260,"Sunday, July 26, 2020",1:10 p.m. Local,Petco Park,,3:44,Day,Away,Arizona Diamondbacks,ARI,San Diego Padres,SDP,31,4,7,3,4.0,7,11,39,0.226,0.359,0.258,0.617,170,104,0.389,1.62,1.271,,-0.5,27,7,9.0,1,57,22,25,10,11,6,0,55,3,1,0.111,1.5,33,3,6,3,3.0,9,11,42,0.182,0.357,0.303,0.66,170,98,-0.11,1.73,1.005,,-1.5,27,12,9.0,0,42,17,39,8,14,9,0,68,4,0,-0.389,0.5
SDN/SDN202007270,"Monday, July 27, 2020",1:10 p.m. Local,Petco Park,,3:03,Day,Home,San Diego Padres,SDP,Arizona Diamondbacks,ARI,33,2,6,2,2.0,3,6,37,0.182,0.27,0.212,0.482,131,88,-0.104,0.74,0.533,,-2.5,24,9,8.0,1,44,16,28,13,14,5,0,26,1,0,-0.396,-2.0,29,6,7,6,6.75,4,10,34,0.241,0.353,0.448,0.801,132,83,0.397,0.9,0.718,,2.0,27,12,9.0,0,46,10,27,10,9,3,0,44,1,0,0.105,2.5
SFN/SFN202007280,"Tuesday, July 28, 2020",6:45 p.m. Local,Oracle Park,,2:54,Night,Away,San Diego Padres,SDP,San Francisco Giants,SFG,32,5,5,5,5.0,1,5,35,0.156,0.206,0.344,0.55,128,88,0.207,1.29,0.585,,0.5,27,8,9.0,0,53,8,27,11,16,5,0,52,2,2,0.292,1.5,31,3,7,2,2.0,1,10,33,0.226,0.273,0.29,0.563,141,85,-0.291,0.7,0.56,,-1.5,27,10,9.0,2,42,14,29,8,13,5,0,34,0,0,-0.209,-0.5
SFN/SFN202007290,"Wednesday, July 29, 2020",6:45 p.m. Local,Oracle Park,,3:02,Night,Home,San Francisco Giants,SFG,San Diego Padres,SDP,32,6,9,6,6.0,7,6,40,0.281,0.425,0.469,0.894,147,97,0.239,1.09,0.879,,1.5,24,7,8.0,4,56,11,33,12,14,9,0,53,2,0,-0.74,-3.0,36,7,12,7,7.88,1,8,37,0.333,0.351,0.722,1.074,159,95,0.742,0.83,1.385,,3.0,27,13,9.0,2,55,12,28,10,18,10,0,38,1,1,-0.239,-1.5
SFN/SFN202007300,"Thursday, July 30, 2020",6:45 p.m. Local,Oracle Park,,4:04,Night,Away,San Diego Padres,SDP,San Francisco Giants,SFG,44,12,14,11,9.9,2,15,48,0.318,0.362,0.523,0.884,187,110,0.578,1.6,1.081,,6.4,30,3,10.0,0,52,21,37,15,15,9,0,58,4,2,-0.076,-1.4,38,7,11,7,5.4,7,12,49,0.289,0.388,0.421,0.809,171,116,0.077,0.88,1.3,,1.4,30,9,10.0,1,58,22,36,7,22,10,0,47,3,1,-0.576,-6.4
COL/COL202007310,"Friday, July 31, 2020",6:10 p.m. Local,Coors Field,,3:37,Night,Away,San Diego Padres,SDP,Colorado Rockies,COL,38,8,10,7,7.0,3,7,41,0.263,0.317,0.5,0.817,151,101,0.722,1.33,1.785,,2.4,27,5,9.0,2,52,16,33,14,17,12,0,42,5,2,-0.223,-1.4,40,7,14,7,7.0,3,7,43,0.35,0.395,0.525,0.92,166,96,0.223,1.65,1.119,,1.4,27,10,9.0,2,59,21,16,10,23,14,0,52,1,0,-0.724,-2.4
COL/COL202008010,"Saturday, August 1, 2020",6:10 p.m. Local,Coors Field,,2:50,Night,Home,Colorado Rockies,COL,San Diego Padres,SDP,29,1,3,1,1.0,3,10,32,0.103,0.188,0.241,0.429,146,84,-0.281,0.54,0.07,,-4.6,24,12,8.0,2,42,15,27,10,9,5,0,33,2,0,-0.219,-1.0,32,6,11,5,6.75,3,8,36,0.344,0.389,0.531,0.92,140,94,0.218,0.44,0.469,,1.0,27,10,9.0,1,45,23,26,13,12,7,0,71,0,0,0.281,4.6
COL/COL202008020,"Sunday, August 2, 2020",1:10 p.m. Local,Coors Field,,2:52,Day,Home,Colorado Rockies,COL,San Diego Padres,SDP,37,6,10,6,6.0,2,8,39,0.27,0.308,0.514,0.821,130,94,-0.33,0.46,0.303,,0.4,24,8,8.0,3,52,18,24,11,18,9,0,48,1,0,-0.17,-4.0,34,9,12,9,10.12,2,4,36,0.353,0.389,0.647,1.036,146,85,0.171,0.73,0.479,,4.0,27,9,9.0,0,49,9,27,13,17,7,0,65,4,3,0.329,-0.4
SDN/SDN202008030,"Monday, August 3, 2020",6:10 p.m. Local,Petco Park,,2:44,Night,Home,San Diego Padres,SDP,Los Angeles Dodgers,LAD,32,4,6,4,4.0,2,10,34,0.188,0.235,0.438,0.673,134,81,-0.179,0.86,0.698,,-0.5,24,13,8.0,3,42,16,23,12,10,3,0,49,1,1,-0.321,-1.0,30,5,9,5,5.62,4,5,34,0.3,0.382,0.633,1.016,133,78,0.321,1.27,0.829,,1.0,27,10,9.0,2,45,8,25,11,14,6,0,55,0,0,0.179,0.5
SDN/SDN202008040,"Tuesday, August 4, 2020",6:10 p.m. Local,Petco Park,,3:04,Night,Away,Los Angeles Dodgers,LAD,San Diego Padres,SDP,34,5,6,4,3.0,4,5,41,0.176,0.317,0.294,0.611,129,92,0.192,1.02,0.869,,0.5,27,8,9.0,1,57,16,19,13,16,8,0,65,0,0,0.308,2.5,30,2,4,2,2.0,1,12,33,0.133,0.212,0.267,0.479,148,91,-0.308,1.0,0.459,,-2.5,27,8,9.0,1,47,13,31,12,6,3,0,59,5,2,-0.193,-0.5
SDN/SDN202008050,"Wednesday, August 5, 2020",6:10 p.m. Local,Petco Park,,3:11,Night,Away,Los Angeles Dodgers,LAD,San Diego Padres,SDP,34,7,8,7,7.0,2,7,36,0.235,0.278,0.529,0.807,159,89,0.273,1.33,0.588,,2.5,27,7,9.0,2,48,15,26,10,17,5,0,46,1,0,0.229,-1.5,35,6,9,6,6.0,5,12,40,0.257,0.35,0.486,0.836,142,105,-0.227,0.56,0.98,,1.5,27,6,9.0,2,53,11,41,8,15,9,0,44,0,0,-0.273,-2.5
SDN/SDN202008070,"Friday, August 7, 2020",6:10 p.m. Local,Petco Park,,2:27,Night,Home,San Diego Padres,SDP,Arizona Diamondbacks,ARI,31,0,4,0,0.0,1,11,32,0.129,0.156,0.129,0.285,106,87,-0.44,0.45,0.161,,-4.5,24,8,8.0,3,55,12,20,5,15,5,0,49,0,0,-0.061,1.0,28,3,5,3,3.38,1,7,29,0.179,0.207,0.5,0.707,131,73,0.061,0.85,0.312,,-1.0,27,4,9.0,0,41,9,25,9,12,5,0,69,1,0,0.44,4.5
SDN/SDN202008080,"Saturday, August 8, 2020",6:10 p.m. Local,Petco Park,,2:51,Night,Away,Arizona Diamondbacks,ARI,San Diego Padres,SDP,31,3,5,3,3.0,2,9,35,0.161,0.229,0.387,0.616,128,85,-0.014,1.41,0.525,,-1.5,27,11,9.0,2,49,17,19,11,12,6,0,60,1,0,0.515,2.5,32,2,7,2,2.0,1,7,33,0.219,0.242,0.469,0.711,139,81,-0.516,0.86,0.556,,-2.5,27,10,9.0,2,44,7,30,13,12,6,0,51,0,0,0.015,1.5
SDN/SDN202008090,"Sunday, August 9, 2020",1:10 p.m. Local,Petco Park,,2:59,Day,Home,San Diego Padres,SDP,Arizona Diamondbacks,ARI,32,5,5,5,5.0,4,15,37,0.156,0.27,0.469,0.739,155,98,-0.122,0.16,0.01,,0.5,24,4,8.0,6,47,27,24,5,12,4,0,23,0,0,-0.379,-5.0,35,9,11,9,10.12,4,10,40,0.314,0.4,0.857,1.257,150,98,0.378,0.14,0.463,,5.0,27,5,9.0,3,51,18,29,6,19,5,0,79,0,0,0.121,-0.5
LAN/LAN202008100,"Monday, August 10, 2020",6:40 p.m. Local,Dodger Stadium,,2:56,Night,Away,San Diego Padres,SDP,Los Angeles Dodgers,LAD,29,2,6,2,2.0,4,4,34,0.207,0.303,0.345,0.648,145,75,-0.19,1.63,0.604,,-2.6,27,7,9.0,0,48,9,18,12,14,5,0,44,0,0,0.691,3.6,30,1,4,1,1.0,3,6,34,0.133,0.235,0.133,0.369,124,89,-0.689,1.11,0.427,,-3.6,27,10,9.0,1,51,10,28,9,15,5,0,54,1,0,0.19,2.6
LAN/LAN202008110,"Tuesday, August 11, 2020",6:40 p.m. Local,Dodger Stadium,,3:02,Night,Away,San Diego Padres,SDP,Los Angeles Dodgers,LAD,34,6,10,5,2.0,2,4,38,0.294,0.333,0.5,0.833,144,88,0.339,0.54,0.632,,1.4,27,10,9.0,0,54,7,27,15,17,10,0,57,3,0,0.161,2.6,34,2,9,2,2.0,2,7,37,0.265,0.324,0.353,0.677,129,96,-0.161,0.51,0.302,,-2.6,27,12,9.0,2,57,15,24,12,15,9,0,38,3,0,-0.339,-1.4
LAN/LAN202008120,"Wednesday, August 12, 2020",6:40 p.m. Local,Dodger Stadium,,2:52,Night,Home,Los Angeles Dodgers,LAD,San Diego Padres,SDP,32,0,6,0,0.0,4,14,36,0.188,0.278,0.219,0.497,105,96,-0.497,0.71,0.3,,-4.6,24,9,8.0,1,48,23,25,8,10,6,0,64,0,0,-0.004,-1.9,30,6,8,6,6.75,2,6,33,0.267,0.313,0.4,0.713,156,71,0.003,1.02,0.417,,1.9,27,7,9.0,0,38,9,24,12,13,8,0,65,6,0,0.495,4.6
LAN/LAN202008130,"Thursday, August 13, 2020",6:40 p.m. Local,Dodger Stadium,,2:45,Night,Home,Los Angeles Dodgers,LAD,San Diego Padres,SDP,33,2,6,2,2.0,1,6,34,0.182,0.206,0.394,0.6,151,95,0.004,0.29,0.216,,-2.6,24,8,8.0,6,57,15,23,8,19,8,0,23,0,0,-0.503,-6.9,36,11,13,11,12.38,4,6,41,0.361,0.439,0.944,1.383,137,99,0.504,0.28,0.667,,6.9,27,5,9.0,2,58,16,25,8,22,10,0,58,2,0,-0.004,2.6
ARI/ARI202008140,"Friday, August 14, 2020",6:40 p.m. Local,Chase Field,,3:03,Night,Home,Arizona Diamondbacks,ARI,San Diego Padres,SDP,34,1,6,1,1.0,2,9,36,0.176,0.222,0.235,0.458,123,89,-0.594,0.67,0.369,,-3.8,24,4,8.0,1,48,13,28,13,12,9,0,69,2,1,0.095,-0.7,32,5,8,5,5.62,2,11,35,0.25,0.286,0.375,0.661,139,79,-0.094,1.25,0.363,,0.7,27,9,9.0,0,42,18,19,9,13,8,0,73,1,0,0.594,3.8
ARI/ARI202008150,"Saturday, August 15, 2020",5:10 p.m. Local,Chase Field,,3:23,Night,Home,Arizona Diamondbacks,ARI,San Diego Padres,SDP,36,6,10,6,6.0,5,9,42,0.278,0.381,0.528,0.909,138,96,-0.29,1.05,0.435,,1.2,24,10,8.0,0,49,20,27,14,13,9,0,51,4,2,-0.211,-2.7,37,7,14,7,7.88,3,8,41,0.378,0.439,0.459,0.898,157,88,0.205,0.86,0.829,,2.7,27,11,9.0,2,52,17,19,15,14,8,0,55,2,0,0.291,-1.2
ARI/ARI202008160,"Sunday, August 16, 2020",1:10 p.m. Local,Chase Field,,3:13,Day,Home,Arizona Diamondbacks,ARI,San Diego Padres,SDP,30,4,4,3,3.0,9,9,41,0.133,0.35,0.233,0.583,116,90,-0.021,1.02,1.114,,-0.8,24,12,8.0,2,42,17,31,9,13,2,0,57,0,0,-0.477,-0.7,31,5,8,5,5.62,3,4,34,0.258,0.324,0.452,0.775,169,73,0.475,1.53,1.138,,0.7,27,9,9.0,1,43,13,17,14,13,7,0,61,1,1,0.024,0.8
TEX/TEX202008170,"Monday, August 17, 2020",8:05 p.m. Local,Globe Life Field,,3:07,Night,Away,San Diego Padres,SDP,Texas Rangers,TEX,36,14,11,13,13.0,6,4,43,0.306,0.405,0.611,1.016,162,91,0.366,0.48,0.53,,8.5,27,9,9.0,0,50,6,36,19,14,8,0,53,3,1,0.135,1.5,31,4,4,3,3.0,6,8,37,0.129,0.27,0.194,0.464,169,98,-0.136,0.34,0.268,,-1.5,27,16,9.0,3,51,12,35,11,12,8,0,23,0,0,-0.365,-8.5
TEX/TEX202008180,"Tuesday, August 18, 2020",3:05 p.m. Local,Globe Life Field,,3:36,Day,Away,San Diego Padres,SDP,Texas Rangers,TEX,38,6,12,6,6.0,4,11,42,0.316,0.381,0.5,0.881,168,102,0.078,1.39,0.645,,0.5,27,8,9.0,1,53,19,30,9,18,9,0,62,3,1,0.422,1.5,32,4,5,4,3.0,7,11,39,0.156,0.308,0.281,0.589,166,99,-0.421,0.76,0.643,,-1.5,27,5,9.0,2,49,18,32,10,11,2,0,24,4,0,-0.079,-0.5
SDN/SDN202008190,"Wednesday, August 19, 2020",6:10 p.m. Local,Petco Park,,3:23,Night,Home,San Diego Padres,SDP,Texas Rangers,TEX,35,3,6,3,1.8,2,9,40,0.171,0.256,0.371,0.628,165,97,-0.21,1.42,1.278,,-2.6,28,11,9.1,3,51,20,26,13,14,6,0,59,0,0,-0.29,-0.6,36,6,9,6,4.82,2,8,39,0.25,0.289,0.556,0.845,155,104,0.289,2.0,0.951,,0.6,30,10,10.0,2,70,11,23,14,15,4,0,63,3,1,0.211,2.6
SDN/SDN202008200,"Thursday, August 20, 2020",5:10 p.m. Local,Petco Park,,3:59,Night,Home,San Diego Padres,SDP,Texas Rangers,TEX,38,7,8,7,6.3,5,16,44,0.211,0.318,0.395,0.713,169,120,0.355,1.23,1.528,,1.4,27,7,9.0,3,58,25,37,7,15,9,0,35,2,0,-0.853,-3.2,36,8,10,7,7.0,5,9,42,0.278,0.381,0.583,0.964,193,102,0.852,1.63,1.662,,3.2,30,7,10.0,2,57,13,32,11,16,8,0,61,1,0,-0.354,-1.4
SDN/SDN202008210,"Friday, August 21, 2020",6:10 p.m. Local,Petco Park,,3:41,Night,Home,San Diego Padres,SDP,Houston Astros,HOU,34,3,8,3,3.0,7,13,41,0.235,0.366,0.324,0.689,142,114,-0.419,1.0,0.924,,-1.5,24,16,8.0,0,68,16,30,12,9,5,0,37,2,0,-0.081,0.0,27,4,9,4,4.5,5,5,37,0.333,0.457,0.444,0.902,187,90,0.082,1.64,0.698,,-0.0,27,8,9.0,0,45,10,35,15,10,8,0,45,0,0,0.419,1.5
SDN/SDN202008220,"Saturday, August 22, 2020",6:10 p.m. Local,Petco Park,,2:41,Night,Home,San Diego Padres,SDP,Houston Astros,HOU,31,2,5,2,2.0,2,7,34,0.161,0.206,0.355,0.561,140,76,-0.008,0.24,0.124,,-2.5,24,8,8.0,6,42,16,18,15,10,5,0,17,2,1,-0.492,-9.0,37,13,14,13,14.62,2,8,41,0.378,0.425,0.892,1.317,118,91,0.491,0.34,0.55,,9.0,27,12,9.0,1,53,16,22,8,22,15,0,71,0,0,0.008,2.5
SDN/SDN202008230,"Sunday, August 23, 2020",1:10 p.m. Local,Petco Park,,3:04,Day,Home,San Diego Padres,SDP,Houston Astros,HOU,31,3,5,3,3.0,1,8,32,0.161,0.188,0.323,0.51,138,85,-0.262,1.19,0.37,,-1.5,24,10,8.0,1,49,14,22,8,15,5,0,54,0,0,-0.238,-1.0,30,5,6,5,5.62,3,6,33,0.2,0.273,0.333,0.606,127,80,0.239,0.91,0.828,,1.0,27,7,9.0,1,39,11,30,12,12,6,0,39,1,0,0.261,1.5
SDN/SDN202008250,"Tuesday, August 25, 2020",6:10 p.m. Local,Petco Park,,3:08,Night,Away,Seattle Mariners,SEA,San Diego Padres,SDP,39,8,13,8,8.0,2,13,43,0.333,0.372,0.538,0.911,163,110,0.389,0.77,0.753,,3.5,27,6,9.0,1,62,20,28,11,16,10,0,42,0,0,0.111,1.5,38,3,11,3,3.0,3,7,41,0.289,0.341,0.526,0.868,162,109,-0.111,0.62,0.512,,-1.5,27,8,9.0,2,62,14,33,10,21,12,0,33,5,2,-0.39,-3.5
SDN/SDN202008271,"Thursday, August 27, 2020",12:10 p.m. Local,Petco Park,,2:49,Day,Home,San Diego Padres,SDP,Seattle Mariners,SEA,29,7,9,7,9.0,3,8,34,0.31,0.382,0.414,0.796,127,79,0.577,1.47,1.118,,3.5,20,6,6.2,4,35,19,25,10,12,5,0,56,1,1,-1.08,-6.6,30,10,10,9,13.5,2,8,33,0.333,0.394,0.733,1.127,127,80,1.08,1.21,1.627,,6.6,21,8,7.0,1,42,15,23,9,13,4,0,48,3,1,-0.579,-3.5
SDN/SDN202008272,"Thursday, August 27, 2020",3:36 p.m. Local,Petco Park,,2:39,Day,Away,Seattle Mariners,SEA,San Diego Padres,SDP,29,8,9,8,10.29,5,8,35,0.31,0.4,0.621,1.021,117,80,0.382,1.05,0.531,,4.5,21,8,7.0,1,46,13,21,8,14,7,0,47,3,0,0.116,0.5,28,3,9,3,3.86,3,7,31,0.321,0.387,0.5,0.887,137,72,-0.116,0.51,0.541,,-0.5,21,6,7.0,2,43,12,17,10,11,8,0,18,0,0,-0.384,-4.5
COL/COL202008280,"Friday, August 28, 2020",6:40 p.m. Local,Coors Field,,3:29,Night,Away,San Diego Padres,SDP,Colorado Rockies,COL,42,10,19,10,10.0,1,5,47,0.452,0.468,0.595,1.063,157,97,0.498,0.57,1.084,,4.4,27,11,9.0,1,59,10,28,15,24,17,0,55,4,0,0.002,1.6,36,4,9,3,0.0,4,9,40,0.25,0.325,0.389,0.714,157,90,-0.002,0.95,0.397,,-1.6,27,13,9.0,0,54,14,22,14,13,8,0,27,3,2,-0.5,-4.4
COL/COL202008290,"Saturday, August 29, 2020",6:10 p.m. Local,Coors Field,,3:08,Night,Home,Colorado Rockies,COL,San Diego Padres,SDP,35,3,11,3,3.0,2,6,37,0.314,0.351,0.371,0.723,137,97,-0.375,1.25,0.756,,-2.6,25,8,8.1,0,51,17,29,16,13,10,0,48,5,1,-0.125,0.6,35,4,12,4,4.32,1,9,36,0.343,0.361,0.371,0.733,138,91,0.127,1.29,0.986,,-0.6,27,14,9.0,0,52,17,22,13,13,7,0,65,1,0,0.375,2.6
COL/COL202008300,"Sunday, August 30, 2020",1:10 p.m. Local,Coors Field,,3:07,Day,Away,San Diego Padres,SDP,Colorado Rockies,COL,41,13,17,13,13.0,2,7,45,0.415,0.444,0.878,1.322,142,117,0.307,0.48,0.57,,7.4,27,6,9.0,0,70,19,28,12,23,17,0,65,0,0,0.193,3.6,34,2,7,1,0.0,2,12,36,0.206,0.25,0.235,0.485,181,91,-0.192,0.4,0.183,,-3.6,27,9,9.0,5,50,17,26,11,11,5,0,25,1,0,-0.309,-7.4
COL/COL202008310,"Monday, August 31, 2020",7:40 p.m. Local,Coors Field,,2:49,Night,Away,San Diego Padres,SDP,Colorado Rockies,COL,34,6,9,6,6.0,3,9,38,0.265,0.316,0.5,0.816,133,87,0.193,0.55,0.512,,0.4,27,9,9.0,0,50,18,19,17,9,6,0,63,1,0,0.309,5.6,32,0,7,0,0.0,2,12,34,0.219,0.265,0.25,0.515,132,89,-0.309,0.53,0.139,,-5.6,27,14,9.0,1,48,14,27,11,9,8,0,41,0,0,-0.192,-0.4
ANA/ANA202009020,"Wednesday, September 2, 2020",6:40 p.m. Local,Angel Stadium of Anaheim,,3:13,Night,Away,San Diego Padres,SDP,Los Angeles Angels,LAA,34,11,9,11,11.0,7,6,44,0.265,0.409,0.471,0.88,116,95,0.416,0.77,1.336,,6.1,27,11,9.0,1,57,12,26,11,18,9,0,56,1,0,0.086,0.9,33,4,8,4,4.0,2,7,35,0.242,0.286,0.394,0.68,161,78,-0.086,1.57,0.471,,-0.9,27,10,9.0,2,38,15,25,12,14,6,0,52,4,4,-0.414,-6.1
ANA/ANA202009030,"Thursday, September 3, 2020",4:10 p.m. Local,Angel Stadium of Anaheim,,2:40,Day,Home,Los Angeles Angels,LAA,San Diego Padres,SDP,29,0,3,0,0.0,2,9,31,0.103,0.161,0.103,0.265,122,87,-0.589,0.78,0.125,,-4.9,24,10,8.0,0,53,17,17,11,9,3,0,51,0,0,0.088,2.3,29,2,9,2,2.25,2,5,31,0.31,0.355,0.448,0.803,141,78,-0.089,0.96,0.394,,-2.3,27,10,9.0,0,46,12,20,10,14,7,0,75,0,0,0.589,4.9
OAK/OAK202009040,"Friday, September 4, 2020",6:40 p.m. Local,Oakland-Alameda County Coliseum,,2:41,Night,Away,San Diego Padres,SDP,Oakland Athletics,OAK,40,7,11,7,7.0,0,8,41,0.275,0.293,0.575,0.868,121,94,0.185,0.67,0.582,,2.3,27,7,9.0,0,59,9,26,20,12,6,0,70,0,0,0.316,4.7,29,0,4,0,0.0,4,5,33,0.138,0.242,0.172,0.415,159,71,-0.318,0.62,0.176,,-4.7,27,14,9.0,3,35,5,31,9,15,4,0,40,2,0,-0.185,-2.3
OAK/OAK202009050,"Saturday, September 5, 2020",1:07 p.m. Local,Oakland-Alameda County Coliseum,,3:00,Day,Home,Oakland Athletics,OAK,San Diego Padres,SDP,37,4,11,4,4.0,1,13,39,0.297,0.308,0.459,0.767,152,98,-0.244,0.45,0.261,,-0.7,24,9,8.0,1,56,18,24,11,14,9,0,39,2,1,-0.258,-3.8,34,8,11,8,9.0,4,10,39,0.324,0.41,0.5,0.91,136,92,0.26,0.68,0.522,,3.8,27,7,9.0,1,45,18,29,11,13,11,0,59,0,0,0.243,0.7
OAK/OAK202009060,"Sunday, September 6, 2020",1:10 p.m. Local,Oakland-Alameda County Coliseum,,3:04,Day,Away,San Diego Padres,SDP,Oakland Athletics,OAK,35,5,9,5,5.0,3,6,40,0.257,0.325,0.4,0.725,126,88,0.156,1.45,0.707,,0.3,27,5,9.0,1,50,5,33,19,11,9,0,60,0,0,0.342,1.7,34,3,8,3,3.0,1,12,36,0.235,0.278,0.382,0.66,138,85,-0.342,0.89,0.728,,-1.7,27,16,9.0,1,46,18,21,6,16,6,0,47,1,1,-0.158,-0.3
SDN/SDN202009070,"Monday, September 7, 2020",6:10 p.m. Local,Petco Park,,3:02,Night,Home,San Diego Padres,SDP,Colorado Rockies,COL,32,0,7,0,0.0,0,12,32,0.219,0.219,0.25,0.469,142,84,-0.688,1.54,0.314,,-4.5,24,8,8.0,0,39,15,30,7,13,7,0,69,0,0,0.189,2.4,30,1,6,1,1.12,4,8,35,0.2,0.314,0.233,0.548,128,88,-0.188,1.42,0.856,,-2.4,27,6,9.0,0,45,15,28,10,12,8,0,78,1,0,0.689,4.5
SDN/SDN202009080,"Tuesday, September 8, 2020",6:10 p.m. Local,Petco Park,,3:16,Night,Home,San Diego Padres,SDP,Colorado Rockies,COL,35,5,9,5,5.0,1,13,36,0.257,0.278,0.4,0.678,152,101,0.13,0.47,0.292,,0.5,24,14,8.0,3,54,19,28,9,13,8,0,33,4,4,-0.656,-10.0,34,14,14,13,14.62,5,4,42,0.412,0.5,0.824,1.324,148,95,0.656,0.31,0.8,,10.0,27,8,9.0,1,55,9,31,14,17,12,0,48,1,0,-0.157,-0.5
SDN/SDN202009090,"Wednesday, September 9, 2020",5:10 p.m. Local,Petco Park,,2:54,Night,Home,San Diego Padres,SDP,Colorado Rockies,COL,35,3,8,3,3.0,2,12,37,0.229,0.27,0.429,0.699,125,93,-0.209,0.99,0.854,,-1.5,24,10,8.0,1,47,19,27,9,14,7,0,37,2,0,-0.292,-1.0,30,5,8,5,5.62,4,4,35,0.267,0.371,0.5,0.871,152,73,0.291,1.48,0.871,,1.0,27,6,9.0,2,49,7,17,11,15,7,0,56,0,0,0.209,1.5
SDN/SDN202009100,"Thursday, September 10, 2020",6:10 p.m. Local,Petco Park,,2:48,Night,Home,San Diego Padres,SDP,San Francisco Giants,SFG,32,1,8,1,1.0,1,14,33,0.25,0.273,0.406,0.679,121,98,-0.227,0.44,0.232,,-3.5,24,2,8.0,2,46,21,31,8,10,8,0,36,0,0,-0.273,-2.0,31,6,7,6,5.62,1,11,33,0.226,0.242,0.484,0.726,148,82,0.272,0.6,0.478,,2.0,27,10,9.0,1,35,16,31,4,17,13,0,54,1,0,0.227,3.5
SDN/SDN202009131,"Sunday, September 13, 2020",1:10 p.m. Local,Petco Park,,2:08,Day,Home,San Diego Padres,SDP,San Francisco Giants,SFG,22,0,2,0,0.0,1,7,23,0.091,0.13,0.136,0.267,115,60,-0.263,0.61,0.055,,-3.5,18,6,6.0,0,34,12,16,7,8,2,0,33,2,1,-0.239,-3.0,25,6,8,5,6.0,3,3,28,0.32,0.393,0.4,0.793,99,70,0.238,0.58,0.479,,3.0,21,6,7.0,0,38,11,21,9,13,7,0,79,,,0.262,3.5
SDN/SDN202009132,"Sunday, September 13, 2020",4:00 p.m. Local,Petco Park,,2:12,Day,Home,San Diego Padres,SDP,San Francisco Giants,SFG,24,1,3,1,1.29,2,6,27,0.125,0.222,0.167,0.389,102,59,-0.358,1.19,0.327,,-2.5,18,7,6.0,1,34,12,13,10,8,3,0,54,2,1,-0.142,0.0,20,3,6,3,4.5,3,6,24,0.3,0.391,0.45,0.841,98,55,0.142,1.22,0.632,,-0.0,21,7,7.0,0,33,10,14,9,6,2,0,56,0,0,0.359,2.5
SDN/SDN202009140,"Monday, September 14, 2020",6:10 p.m. Local,Petco Park,,2:59,Night,Home,San Diego Padres,SDP,Los Angeles Dodgers,LAD,30,2,4,1,1.0,4,14,34,0.133,0.235,0.2,0.435,139,96,-0.295,0.99,0.227,,-2.5,24,6,8.0,2,51,19,26,7,9,4,0,60,4,4,-0.205,-3.0,35,7,10,6,5.62,0,10,35,0.286,0.286,0.543,0.829,141,101,0.205,0.76,0.775,,3.0,27,6,9.0,0,58,21,22,12,13,4,0,76,0,0,0.295,2.5
SDN/SDN202009150,"Tuesday, September 15, 2020",6:10 p.m. Local,Petco Park,,2:59,Night,Away,Los Angeles Dodgers,LAD,San Diego Padres,SDP,34,3,9,3,3.0,1,9,35,0.265,0.286,0.353,0.639,125,98,-0.024,1.58,0.409,,-1.5,27,8,9.0,0,49,24,25,12,13,9,0,67,0,0,0.525,3.5,32,1,6,1,1.0,1,6,34,0.188,0.212,0.25,0.462,151,86,-0.525,0.71,0.482,,-3.5,27,12,9.0,1,53,12,21,13,14,8,0,48,0,0,0.024,1.5
SDN/SDN202009160,"Wednesday, September 16, 2020",1:10 p.m. Local,Petco Park,,3:25,Day,Away,Los Angeles Dodgers,LAD,San Diego Padres,SDP,36,7,8,7,5.0,3,10,39,0.222,0.282,0.444,0.726,138,100,0.285,0.8,0.756,,2.5,27,11,9.0,2,53,23,24,12,14,6,0,48,2,2,0.184,-0.5,32,5,6,5,3.0,4,8,37,0.188,0.297,0.438,0.735,162,85,-0.182,0.73,0.393,,0.5,27,12,9.0,2,51,14,20,15,9,6,0,49,5,4,-0.318,-2.5
SDN/SDN202009180,"Friday, September 18, 2020",6:40 p.m. Local,Petco Park,,3:01,Night,Away,Seattle Mariners,SEA,San Diego Padres,SDP,33,6,7,5,6.0,7,7,40,0.212,0.35,0.424,0.774,148,91,0.227,0.49,0.634,,1.5,27,13,9.0,1,45,22,24,15,11,7,0,71,0,0,0.272,3.5,29,1,3,1,1.0,2,7,31,0.103,0.161,0.207,0.368,151,89,-0.273,0.76,0.089,,-3.5,27,14,9.0,2,45,12,32,14,8,2,0,31,0,0,-0.228,-1.5
SDN/SDN202009190,"Saturday, September 19, 2020",6:10 p.m. Local,Petco Park,,2:59,Night,Home,San Diego Padres,SDP,Seattle Mariners,SEA,32,1,9,1,1.0,2,6,35,0.281,0.343,0.313,0.655,146,80,-0.328,0.76,0.563,,-3.5,24,10,8.0,1,43,11,27,15,11,7,0,46,2,0,-0.171,0.0,31,4,8,4,4.5,4,11,35,0.258,0.343,0.387,0.73,137,84,0.172,1.15,0.533,,-0.0,27,16,9.0,0,43,13,29,9,11,5,0,59,0,0,0.329,3.5
SDN/SDN202009200,"Sunday, September 20, 2020",1:10 p.m. Local,Petco Park,,4:02,Day,Away,Seattle Mariners,SEA,San Diego Padres,SDP,39,7,6,6,3.27,7,9,47,0.154,0.298,0.282,0.58,178,122,0.386,1.64,1.43,,0.2,33,7,11.0,1,65,23,34,12,18,10,0,72,0,0,0.114,2.8,36,4,5,4,2.45,5,18,42,0.139,0.238,0.278,0.516,207,120,-0.113,1.55,1.102,,-2.8,33,11,11.0,1,50,33,37,8,11,3,0,55,0,0,-0.384,-0.2
SDN/SDN202009220,"Tuesday, September 22, 2020",6:10 p.m. Local,Petco Park,,3:10,Night,Away,Los Angeles Angels,LAA,San Diego Padres,SDP,36,4,10,4,4.0,4,9,42,0.278,0.35,0.472,0.822,153,91,0.066,1.42,0.719,,-0.5,27,8,9.0,0,41,18,32,16,13,4,0,69,1,0,0.433,2.5,28,2,4,2,2.0,7,13,36,0.143,0.306,0.179,0.484,149,89,-0.432,0.84,0.676,,-2.5,27,9,9.0,2,39,23,27,9,7,2,0,48,2,0,-0.066,0.5
SDN/SDN202009230,"Wednesday, September 23, 2020",1:10 p.m. Local,Petco Park,,3:24,Day,Away,Los Angeles Angels,LAA,San Diego Padres,SDP,36,5,10,5,5.0,4,12,40,0.278,0.35,0.556,0.906,149,95,0.213,1.09,0.668,,0.5,27,7,9.0,1,43,15,37,12,12,8,0,42,3,0,0.287,2.5,34,2,7,2,2.0,1,9,35,0.206,0.229,0.353,0.582,152,96,-0.287,0.67,0.497,,-2.5,27,12,9.0,3,48,21,27,10,15,6,0,55,0,0,-0.212,-0.5
SFN/SFN202009251,"Friday, September 25, 2020",4:10 p.m. Local,Oracle Park,,2:27,Day,Home,San Francisco Giants,SFG,San Diego Padres,SDP,26,4,6,3,3.86,5,4,32,0.231,0.344,0.385,0.728,117,75,-0.185,0.83,0.717,,0.5,18,6,6.0,3,40,12,23,7,16,6,0,27,1,0,-0.315,-2.0,26,5,9,5,7.5,1,7,27,0.346,0.37,0.769,1.14,120,78,0.314,1.44,0.757,,2.0,21,7,7.0,0,41,18,19,8,11,3,0,54,1,1,0.186,-0.5
SFN/SFN202009252,"Friday, September 25, 2020",7:15 p.m. Local,Oracle Park,,2:37,Night,Home,San Francisco Giants,SFG,San Diego Padres,SDP,25,5,3,4,5.14,4,9,29,0.12,0.241,0.28,0.521,108,80,0.485,1.62,0.95,,1.5,19,3,6.1,2,43,16,21,8,8,2,0,42,2,0,-0.985,-2.8,26,6,7,6,8.53,2,6,28,0.269,0.321,0.538,0.86,119,68,0.985,1.23,1.681,,2.8,21,4,7.0,1,40,8,20,5,15,4,0,56,2,0,-0.485,-1.5
SFN/SFN202009260,"Saturday, September 26, 2020",6:15 p.m. Local,Oracle Park,,2:47,Night,Away,San Diego Padres,SDP,San Francisco Giants,SFG,35,6,9,6,6.0,1,8,37,0.257,0.27,0.514,0.785,145,94,0.196,1.33,0.524,,1.5,27,8,9.0,0,59,12,23,12,16,9,0,56,2,1,0.305,2.5,33,2,7,2,2.0,2,12,36,0.212,0.278,0.242,0.52,137,91,-0.305,0.65,0.553,,-2.5,27,10,9.0,3,50,20,21,9,12,8,0,54,1,0,-0.194,-1.5
SFN/SFN202009270,"Sunday, September 27, 2020",12:05 p.m. Local,Oracle Park,,3:22,Day,Away,San Diego Padres,SDP,San Francisco Giants,SFG,36,5,8,5,2.0,3,14,40,0.222,0.275,0.417,0.692,151,113,0.097,1.43,0.663,,0.5,27,8,9.0,3,54,24,35,11,12,3,0,52,4,0,0.403,0.5,32,4,6,4,4.0,4,12,37,0.188,0.297,0.469,0.766,166,93,-0.403,0.85,0.653,,-0.5,27,6,9.0,1,36,23,34,7,13,5,0,62,2,1,-0.096,-0.5
