,date,time,venue,attendance,duration,time_of_day,winner,winning_name,winning_abbr,losing_name,losing_abbr,away_at_bats,away_runs,away_hits,away_rbi,away_earned_runs,away_bases_on_balls,away_strikeouts,away_plate_appearances,away_batting_average,away_on_base_percentage,away_slugging_percentage,away_on_base_plus,away_pitches,away_strikes,away_win_probability_for_offensive_player,away_average_leverage_index,away_win_probability_added,away_win_probability_subtracted,away_base_out_runs_added,away_putouts,away_assists,away_innings_pitched,away_home_runs,away_strikes_by_contact,away_strikes_swinging,away_strikes_looking,away_grounded_balls,away_fly_balls,away_line_drives,away_unknown_bat_type,away_game_score,away_inherited_runners,away_inherited_score,away_win_probability_by_pitcher,away_base_out_runs_saved,home_at_bats,home_runs,home_hits,home_rbi,home_earned_runs,home_bases_on_balls,home_strikeouts,home_plate_appearances,home_batting_average,home_on_base_percentage,home_slugging_percentage,home_on_base_plus,home_pitches,home_strikes,home_win_probability_for_offensive_player,home_average_leverage_index,home_win_probability_added,home_win_probability_subtracted,home_base_out_runs_added,home_putouts,home_assists,home_innings_pitched,home_home_runs,home_strikes_by_contact,home_strikes_swinging,home_strikes_looking,home_grounded_balls,home_fly_balls,home_line_drives,home_unknown_bat_type,home_game_score,home_inherited_runners,home_inherited_score,home_win_probability_by_pitcher,home_base_out_runs_saved
WAS/WAS202007230,"Thursday, July 23, 2020",7:08 p.m. Local,Nationals Park,,1:43,Night,Away,New York Yankees,NYY,Washington Nationals,WSN,22,4,6,4,6.75,4,11,26,0.273,0.385,0.455,0.839,75,62,0.186,0.9,0.543,,1.9,15,1,5.0,1,25,21,16,6,5,3,0,65,,,0.201,1.8,16,1,1,1,1.8,1,5,18,0.062,0.167,0.25,0.417,98,46,-0.2,0.94,0.161,,-1.8,16,4,5.1,1,25,9,12,1,10,2,0,47,,,-0.185,-1.9
WAS/WAS202007250,"Saturday, July 25, 2020",7:15 p.m. Local,Nationals Park,,3:13,Night,Home,Washington Nationals,WSN,New York Yankees,NYY,36,2,7,2,1.0,2,7,38,0.194,0.237,0.333,0.57,138,83,-0.146,0.55,0.423,,-3.1,24,6,8.0,3,46,10,27,16,13,6,0,31,6,2,-0.354,-4.5,37,9,13,8,10.12,1,6,38,0.351,0.368,0.73,1.098,137,98,0.357,0.81,0.624,,4.5,27,11,9.0,1,60,16,22,10,21,9,0,50,0,0,0.146,3.1
WAS/WAS202007260,"Sunday, July 26, 2020",1:05 p.m. Local,Nationals Park,,3:07,Day,Away,New York Yankees,NYY,Washington Nationals,WSN,32,3,5,3,3.0,3,12,35,0.156,0.229,0.344,0.572,143,78,-0.022,1.81,0.744,,-2.1,27,14,9.0,1,44,17,17,9,11,7,0,53,1,0,0.521,3.1,31,2,7,2,2.0,4,8,36,0.226,0.333,0.387,0.72,128,89,-0.209,1.23,0.955,,-3.1,27,8,9.0,2,44,16,30,15,8,2,0,73,2,0,0.022,2.1
WAS/WAS202007270,"Monday, July 27, 2020",6:05 p.m. Local,Nationals Park,,2:59,Night,Away,Toronto Blue Jays,TOR,Washington Nationals,WSN,34,4,7,4,4.0,3,9,37,0.206,0.27,0.647,0.917,158,85,0.069,1.31,0.453,,-1.1,27,9,9.0,0,44,18,23,4,21,8,0,43,2,0,0.434,4.1,34,1,11,1,1.0,4,7,38,0.324,0.395,0.353,0.748,137,95,-0.43,0.53,0.681,,-4.1,27,3,9.0,4,55,12,28,13,14,8,0,45,1,0,-0.068,1.1
WAS/WAS202007280,"Tuesday, July 28, 2020",6:05 p.m. Local,Nationals Park,,3:00,Night,Away,Toronto Blue Jays,TOR,Washington Nationals,WSN,36,5,7,5,2.0,2,6,38,0.194,0.237,0.361,0.598,141,88,0.083,0.83,0.534,,-0.1,27,5,9.0,0,57,10,21,12,18,8,0,62,0,0,0.417,4.1,30,1,4,1,1.0,1,11,31,0.133,0.161,0.2,0.361,140,91,-0.417,0.7,0.229,,-4.1,27,9,9.0,2,44,18,29,6,13,7,0,51,3,0,-0.083,0.1
WAS/WAS202007290,"Wednesday, July 29, 2020",6:05 p.m. Local,Nationals Park,,3:33,Night,Away,Toronto Blue Jays,TOR,Washington Nationals,WSN,35,4,5,4,2.7,5,11,40,0.143,0.25,0.229,0.479,156,106,-0.277,1.28,1.017,,-2.2,30,12,10.0,0,56,25,25,13,11,6,0,79,2,0,0.777,6.2,32,0,3,0,0.0,3,16,35,0.094,0.171,0.125,0.296,173,98,-0.776,1.85,0.355,,-6.2,30,9,10.0,0,44,28,26,12,4,1,0,66,2,0,0.278,2.3
WAS/WAS202007300,"Thursday, July 30, 2020",4:05 p.m. Local,Nationals Park,,3:35,Day,Away,Toronto Blue Jays,TOR,Washington Nationals,WSN,38,6,13,6,6.0,2,8,41,0.342,0.366,0.5,0.866,139,112,0.236,1.08,0.761,,0.9,27,12,9.0,3,68,16,28,9,22,12,0,38,3,0,0.263,1.1,36,4,11,4,4.0,2,5,38,0.306,0.342,0.611,0.953,162,91,-0.264,0.8,0.58,,-1.1,27,5,9.0,1,63,7,21,10,21,10,0,29,4,1,-0.236,-0.9
WAS/WAS202008040,"Tuesday, August 4, 2020",7:05 p.m. Local,Nationals Park,,3:13,Night,Home,Washington Nationals,WSN,New York Mets,NYM,36,3,10,3,3.0,4,13,40,0.278,0.35,0.361,0.711,151,98,-0.391,0.65,0.59,,-2.1,24,9,8.0,2,51,22,25,8,15,7,0,28,3,0,-0.11,-0.5,32,5,10,5,5.62,2,6,35,0.312,0.343,0.531,0.874,162,96,0.109,1.2,0.482,,0.5,27,6,9.0,1,58,15,23,10,17,10,0,48,4,0,0.39,2.1
WAS/WAS202008050,"Wednesday, August 5, 2020",6:05 p.m. Local,Nationals Park,,2:46,Night,Away,New York Mets,NYM,Washington Nationals,WSN,31,3,7,3,3.0,7,5,39,0.226,0.359,0.258,0.617,100,90,-0.097,1.11,0.731,,-2.1,27,14,9.0,0,56,10,24,14,13,7,0,67,0,0,0.596,4.1,31,1,5,1,1.0,0,6,31,0.161,0.161,0.226,0.387,165,71,-0.595,1.22,0.21,,-4.1,27,12,9.0,0,41,5,25,14,11,6,0,47,2,0,0.097,2.1
WAS/WAS202008070,"Friday, August 7, 2020",6:05 p.m. Local,Nationals Park,,3:00,Night,Away,Baltimore Orioles,BAL,Washington Nationals,WSN,46,11,19,11,11.0,5,9,52,0.413,0.462,0.63,1.092,120,114,0.248,0.5,0.572,,5.9,27,15,9.0,0,70,20,24,13,25,19,0,69,0,0,0.252,5.1,30,0,4,0,0.0,1,3,32,0.133,0.188,0.167,0.354,181,80,-0.25,0.44,0.096,,-5.1,27,6,9.0,1,53,9,18,14,13,6,0,29,1,1,-0.249,-5.9
WAS/WAS202008080,"Saturday, August 8, 2020",6:05 p.m. Local,Nationals Park,,3:27,Night,Away,Baltimore Orioles,BAL,Washington Nationals,WSN,32,5,5,5,5.0,2,9,35,0.156,0.229,0.438,0.666,172,103,0.314,1.19,0.983,,-0.1,27,7,9.0,1,59,23,21,7,16,5,0,46,3,1,0.186,2.1,32,3,7,3,2.0,4,11,37,0.219,0.297,0.344,0.641,153,107,-0.188,1.11,0.642,,-2.1,27,6,9.0,3,63,16,30,7,15,10,0,69,0,0,-0.313,0.1
WAS/WAS202008090,"Sunday, August 9, 2020",5:05 p.m. Local,Oriole Park at Camden Yards,,3:11,Night,Away,Baltimore Orioles,BAL,Washington Nationals,WSN,34,6,8,6,6.0,3,8,37,0.235,0.297,0.265,0.562,151,86,0.208,0.88,0.618,,1.1,27,9,9.0,1,41,20,25,13,13,5,0,57,4,0,0.292,2.9,31,2,6,2,2.0,6,10,38,0.194,0.342,0.387,0.729,130,92,-0.292,0.81,0.428,,-2.9,27,8,9.0,0,45,18,29,10,11,5,0,30,3,1,-0.207,-1.1
NYN/NYN202008100,"Monday, August 10, 2020",7:10 p.m. Local,Citi Field,,2:59,Night,Away,Washington Nationals,WSN,New York Mets,NYM,44,16,17,16,16.0,3,7,49,0.386,0.429,0.75,1.179,121,113,0.341,0.27,0.513,,11.6,27,13,9.0,1,72,19,22,15,23,15,0,58,0,0,0.16,0.4,34,4,8,3,3.0,2,6,37,0.235,0.297,0.382,0.68,178,79,-0.16,0.24,0.071,,-0.4,27,12,9.0,4,43,18,18,16,12,8,0,20,5,4,-0.341,-11.6
NYN/NYN202008110,"Tuesday, August 11, 2020",7:10 p.m. Local,Citi Field,,2:55,Night,Away,Washington Nationals,WSN,New York Mets,NYM,32,2,9,2,2.0,0,8,33,0.281,0.303,0.375,0.678,142,87,-0.205,1.57,0.377,,-2.4,27,7,9.0,0,49,15,23,12,12,6,0,61,2,0,0.703,3.4,31,1,7,1,1.0,3,11,35,0.226,0.286,0.323,0.608,125,96,-0.705,0.85,0.462,,-3.4,27,13,9.0,1,55,18,23,8,13,8,0,53,0,0,0.204,2.4
NYN/NYN202008120,"Wednesday, August 12, 2020",7:10 p.m. Local,Citi Field,,3:19,Night,Home,New York Mets,NYM,Washington Nationals,WSN,35,6,10,6,6.0,1,11,37,0.286,0.324,0.657,0.981,169,94,0.049,0.71,0.593,,1.6,24,6,8.0,3,48,20,26,8,16,8,0,26,2,0,-0.548,-7.1,37,11,13,11,12.38,5,7,43,0.351,0.442,0.703,1.145,144,102,0.549,0.76,0.959,,7.1,27,6,9.0,4,67,9,26,12,18,11,0,37,0,0,-0.048,-1.6
NYN/NYN202008130,"Thursday, August 13, 2020",1:10 p.m. Local,Citi Field,,3:25,Day,Home,New York Mets,NYM,Washington Nationals,WSN,34,2,5,2,1.0,4,6,39,0.147,0.256,0.235,0.492,169,96,-0.191,0.77,0.316,,-2.4,24,7,8.0,3,49,18,29,11,17,9,0,38,2,0,-0.31,-4.1,36,8,13,8,9.0,5,8,42,0.361,0.452,0.667,1.119,153,102,0.309,0.74,0.77,,4.1,27,11,9.0,1,66,16,20,9,19,12,0,64,0,0,0.19,2.4
BAL/BAL202008140,"Friday, August 14, 2020",6:59 p.m. Local,Oriole Park at Camden Yards,,3:10,Night,Away,Washington Nationals,WSN,Baltimore Orioles,BAL,44,15,19,15,12.0,2,5,50,0.432,0.449,0.636,1.085,130,113,0.358,0.5,0.613,,10.1,27,19,9.0,1,77,9,27,17,25,17,0,46,0,0,0.142,1.9,32,3,6,3,3.0,4,1,37,0.188,0.278,0.344,0.622,177,72,-0.142,0.45,0.23,,-1.9,27,12,9.0,1,43,8,21,21,11,5,0,28,3,3,-0.358,-10.1
BAL/BAL202008150,"Saturday, August 15, 2020",7:35 p.m. Local,Oriole Park at Camden Yards,,3:10,Night,Home,Baltimore Orioles,BAL,Washington Nationals,WSN,31,3,6,3,3.0,1,6,32,0.194,0.219,0.387,0.606,163,93,-0.201,0.55,0.32,,-1.9,24,10,8.0,1,55,13,25,11,14,8,0,32,1,1,-0.3,-2.6,36,7,13,7,7.88,3,5,40,0.361,0.4,0.583,0.983,135,104,0.301,0.72,0.662,,2.6,27,10,9.0,2,72,16,16,15,17,11,0,46,1,0,0.2,1.9
BAL/BAL202008160,"Sunday, August 16, 2020",1:05 p.m. Local,Oriole Park at Camden Yards,,3:38,Day,Away,Washington Nationals,WSN,Baltimore Orioles,BAL,33,6,8,5,5.0,7,10,45,0.242,0.4,0.242,0.642,152,111,0.281,1.53,0.917,,1.1,27,5,9.0,3,57,20,34,9,16,10,0,50,0,0,0.22,-0.1,35,5,8,5,5.0,1,15,37,0.229,0.27,0.486,0.756,190,101,-0.22,0.99,0.872,,0.1,27,9,9.0,0,47,27,27,5,15,6,0,31,8,1,-0.281,-1.1
ATL/ATL202008170,"Monday, August 17, 2020",7:10 p.m. Local,Truist Park,,3:35,Night,Home,Atlanta Braves,ATL,Washington Nationals,WSN,34,6,9,6,6.0,7,12,42,0.265,0.405,0.647,1.052,192,96,0.168,1.98,0.873,,1.0,26,9,8.2,2,39,25,33,10,12,6,0,39,0,0,-0.669,-2.1,39,7,13,7,7.27,6,7,46,0.333,0.435,0.564,0.999,173,125,0.668,0.96,2.174,,2.1,27,7,9.0,4,80,25,20,15,17,11,0,37,4,0,-0.169,-1.0
ATL/ATL202008180,"Tuesday, August 18, 2020",7:10 p.m. Local,Truist Park,,3:44,Night,Away,Washington Nationals,WSN,Atlanta Braves,ATL,42,8,17,8,8.0,4,4,46,0.405,0.457,0.524,0.98,171,103,0.384,1.75,1.205,,3.0,27,10,9.0,1,65,9,29,18,20,15,0,24,3,0,0.115,0.0,39,5,14,5,5.0,4,9,43,0.359,0.419,0.513,0.931,152,113,-0.116,1.29,1.236,,-0.0,27,12,9.0,0,71,20,22,9,21,13,0,43,4,1,-0.384,-3.0
WAS/WAS202008210,"Friday, August 21, 2020",6:05 p.m. Local,Nationals Park,,3:06,Night,Away,Miami Marlins,MIA,Washington Nationals,WSN,35,3,9,3,3.0,3,14,38,0.257,0.316,0.4,0.716,148,98,-0.199,1.41,0.589,,-2.1,27,7,9.0,2,54,23,21,9,12,9,0,58,1,0,0.7,3.1,31,2,4,2,2.0,1,12,33,0.129,0.182,0.323,0.504,153,103,-0.698,1.03,0.354,,-3.1,27,6,9.0,1,53,19,31,7,12,6,0,52,2,0,0.199,2.1
WAS/WAS202008221,"Saturday, August 22, 2020",4:05 p.m. Local,Nationals Park,,2:58,Day,Home,Washington Nationals,WSN,Miami Marlins,MIA,28,4,7,4,5.14,2,8,31,0.25,0.323,0.393,0.715,121,86,-0.363,0.75,0.434,,0.1,18,8,6.0,0,51,15,20,7,13,7,0,40,4,1,-0.145,-1.6,20,5,6,4,6.0,4,6,26,0.3,0.385,0.35,0.735,133,69,0.144,1.37,0.419,,1.6,21,6,7.0,1,41,12,16,9,7,3,0,37,3,0,0.356,-0.1
WAS/WAS202008222,"Saturday, August 22, 2020",7:50 p.m. Local,Nationals Park,,2:31,Night,Home,Washington Nationals,WSN,Miami Marlins,MIA,29,3,8,3,3.86,2,4,31,0.276,0.323,0.517,0.84,119,63,-0.195,1.22,0.539,,-0.9,18,4,6.0,1,39,8,16,15,10,4,0,37,4,2,-0.306,-1.6,26,5,8,4,4.5,4,4,31,0.308,0.387,0.423,0.81,103,67,0.305,1.21,0.831,,1.6,21,7,7.0,2,40,12,15,8,15,5,0,47,1,0,0.194,0.9
WAS/WAS202008230,"Sunday, August 23, 2020",12:35 p.m. Local,Nationals Park,,3:12,Day,Home,Washington Nationals,WSN,Miami Marlins,MIA,34,3,9,3,3.0,0,8,34,0.265,0.265,0.382,0.647,171,90,-0.193,0.71,0.159,,-2.1,24,9,8.0,0,49,14,27,11,15,7,0,37,2,0,-0.307,-4.5,34,9,11,7,6.75,6,5,41,0.324,0.439,0.441,0.88,129,108,0.307,0.42,0.648,,4.5,27,9,9.0,1,71,9,28,12,17,10,0,68,0,0,0.192,2.1
WAS/WAS202008240,"Monday, August 24, 2020",6:05 p.m. Local,Nationals Park,,4:02,Night,Away,Miami Marlins,MIA,Washington Nationals,WSN,43,11,17,11,11.0,6,9,50,0.395,0.48,0.512,0.992,169,128,0.33,0.76,0.783,,5.9,27,14,9.0,1,73,26,29,14,20,11,0,50,1,1,0.171,-2.9,37,8,11,8,5.0,6,5,44,0.297,0.386,0.514,0.9,196,105,-0.173,0.71,0.472,,2.9,27,7,9.0,1,62,16,27,20,13,9,0,25,5,3,-0.329,-5.9
WAS/WAS202008250,"Tuesday, August 25, 2020",6:05 p.m. Local,Nationals Park,,3:13,Night,Away,Philadelphia Phillies,PHI,Washington Nationals,WSN,38,8,12,8,8.0,5,4,43,0.316,0.395,0.447,0.843,134,99,0.252,0.75,0.787,,2.9,27,16,9.0,2,59,14,26,13,21,10,0,57,3,0,0.247,2.1,33,3,8,2,2.0,2,4,35,0.242,0.286,0.455,0.74,165,83,-0.247,0.7,0.428,,-2.1,27,9,9.0,1,51,8,24,17,12,6,0,37,4,0,-0.253,-2.9
WAS/WAS202008260,"Wednesday, August 26, 2020",6:05 p.m. Local,Nationals Park,,3:19,Night,Away,Philadelphia Phillies,PHI,Washington Nationals,WSN,36,3,11,3,2.0,3,5,40,0.306,0.375,0.444,0.819,148,87,-0.077,1.71,0.92,,-2.1,27,11,9.0,1,59,11,19,13,18,7,0,65,0,0,0.578,3.1,34,2,7,2,2.0,2,11,36,0.206,0.25,0.324,0.574,135,98,-0.577,1.34,0.794,,-3.1,27,9,9.0,1,52,13,33,17,6,3,0,51,1,1,0.078,2.1
BOS/BOS202008280,"Friday, August 28, 2020",7:30 p.m. Local,Fenway Park,,3:21,Night,Away,Washington Nationals,WSN,Boston Red Sox,BOS,40,10,16,9,10.0,2,2,43,0.4,0.442,0.75,1.192,152,112,0.301,0.46,0.537,,4.8,27,2,9.0,0,67,19,28,19,19,11,0,67,3,0,0.197,3.2,36,2,10,2,2.0,1,13,37,0.278,0.297,0.333,0.631,180,97,-0.2,0.37,0.196,,-3.2,27,19,9.0,3,54,22,21,3,20,12,0,23,0,0,-0.302,-4.8
BOS/BOS202008290,"Saturday, August 29, 2020",7:30 p.m. Local,Fenway Park,,3:25,Night,Home,Boston Red Sox,BOS,Washington Nationals,WSN,37,3,11,2,3.0,7,11,44,0.297,0.409,0.351,0.76,125,114,-0.37,0.6,0.896,,-2.2,24,8,8.0,2,67,24,23,14,12,7,0,35,1,0,-0.131,-0.4,32,5,9,5,5.62,0,7,32,0.281,0.281,0.594,0.875,182,81,0.131,1.58,0.498,,0.4,27,10,9.0,0,53,12,16,11,14,5,0,34,5,0,0.37,2.2
BOS/BOS202008300,"Sunday, August 30, 2020",1:35 p.m. Local,Fenway Park,,3:26,Day,Home,Boston Red Sox,BOS,Washington Nationals,WSN,37,5,11,5,5.0,3,8,42,0.297,0.357,0.568,0.925,173,99,-0.154,0.42,0.497,,-0.2,24,9,8.0,4,58,14,27,12,18,9,0,26,2,0,-0.346,-4.4,39,9,15,9,10.12,3,7,43,0.385,0.442,0.795,1.237,157,113,0.343,0.83,0.622,,4.4,27,7,9.0,2,69,22,22,9,23,11,0,30,1,0,0.156,0.2
PHI/PHI202008310,"Monday, August 31, 2020",7:05 p.m. Local,Citizens Bank Park,,2:48,Night,Home,Philadelphia Phillies,PHI,Washington Nationals,WSN,38,6,11,6,6.0,2,9,40,0.289,0.325,0.658,0.983,123,104,-0.209,0.45,0.403,,1.1,24,9,8.0,2,57,13,34,9,20,14,0,43,0,0,-0.293,-3.7,30,8,7,8,9.0,2,8,34,0.233,0.294,0.533,0.827,156,78,0.293,0.74,0.517,,3.7,27,4,9.0,4,45,15,18,10,13,7,0,51,0,0,0.208,-1.1
PHI/PHI202009010,"Tuesday, September 1, 2020",7:05 p.m. Local,Citizens Bank Park,,3:14,Night,Home,Philadelphia Phillies,PHI,Washington Nationals,WSN,30,0,4,0,0.0,3,10,33,0.133,0.212,0.167,0.379,167,91,-0.377,0.63,0.153,,-4.9,24,6,8.0,2,46,24,21,11,9,5,0,48,5,0,-0.12,-1.7,33,6,8,6,5.62,9,5,42,0.242,0.405,0.485,0.89,133,89,0.121,0.71,0.591,,1.7,27,11,9.0,0,51,16,22,9,19,9,0,84,0,0,0.378,4.9
PHI/PHI202009020,"Wednesday, September 2, 2020",7:05 p.m. Local,Citizens Bank Park,,2:50,Night,Home,Philadelphia Phillies,PHI,Washington Nationals,WSN,31,0,4,0,0.0,3,8,35,0.129,0.229,0.161,0.39,134,93,-0.487,0.85,0.155,,-4.9,24,7,8.0,1,53,19,21,13,10,7,0,49,0,0,-0.014,1.3,30,3,7,3,3.38,4,9,34,0.233,0.324,0.4,0.724,144,82,0.014,0.86,0.466,,-1.3,27,9,9.0,0,39,21,22,7,14,7,0,72,1,0,0.485,4.9
PHI/PHI202009030,"Thursday, September 3, 2020",4:05 p.m. Local,Citizens Bank Park,,3:50,Day,Home,Philadelphia Phillies,PHI,Washington Nationals,WSN,38,5,10,5,4.5,3,12,42,0.263,0.317,0.447,0.764,174,100,-0.302,1.89,0.883,,-1.0,29,11,9.2,1,58,17,25,11,16,7,0,28,6,1,-0.198,-0.4,37,6,11,6,3.72,5,11,44,0.297,0.372,0.432,0.805,158,114,0.196,1.58,1.211,,0.4,30,8,10.0,2,72,20,22,14,14,5,0,47,1,0,0.302,1.0
ATL/ATL202009041,"Friday, September 4, 2020",4:10 p.m. Local,Truist Park,,2:30,Day,Home,Atlanta Braves,ATL,Washington Nationals,WSN,27,1,8,1,1.29,1,5,29,0.296,0.31,0.407,0.718,113,77,-0.244,0.53,0.401,,-2.9,18,5,6.0,3,43,10,24,8,15,5,0,33,1,0,-0.258,-3.7,29,7,11,6,10.5,2,6,31,0.379,0.419,0.759,1.178,118,77,0.258,0.92,0.514,,3.7,21,5,7.0,0,45,14,18,8,15,9,0,49,0,0,0.242,2.9
ATL/ATL202009042,"Friday, September 4, 2020",7:24 p.m. Local,Truist Park,,3:12,Night,Away,Washington Nationals,WSN,Atlanta Braves,ATL,29,10,10,9,12.86,5,6,38,0.345,0.447,0.552,0.999,146,93,0.796,1.83,1.282,,6.1,21,3,7.0,4,62,10,21,13,12,6,0,36,5,2,-0.307,-5.1,30,9,8,9,10.29,6,11,36,0.267,0.389,0.733,1.122,157,85,0.308,1.16,1.547,,5.1,21,9,7.0,1,43,25,17,4,15,7,0,25,5,2,-0.807,-6.1
ATL/ATL202009050,"Saturday, September 5, 2020",7:10 p.m. Local,Truist Park,,3:31,Night,Away,Washington Nationals,WSN,Atlanta Braves,ATL,41,10,14,10,10.0,4,10,46,0.341,0.413,0.463,0.876,161,124,0.305,1.08,1.194,,5.0,27,10,9.0,3,69,20,36,12,19,14,0,31,3,0,0.195,1.0,33,4,6,4,4.0,5,7,38,0.182,0.289,0.485,0.774,193,103,-0.194,1.21,0.602,,-1.0,27,8,9.0,0,61,18,24,12,14,6,0,46,1,0,-0.304,-5.0
ATL/ATL202009060,"Sunday, September 6, 2020",1:10 p.m. Local,Truist Park,,3:26,Day,Home,Atlanta Braves,ATL,Washington Nationals,WSN,35,3,8,3,3.0,0,8,35,0.229,0.229,0.314,0.543,175,97,-0.26,0.86,0.157,,-2.0,24,11,8.0,2,58,16,23,10,17,7,0,32,5,2,-0.241,-5.6,35,10,13,10,11.25,9,7,45,0.371,0.511,0.657,1.168,135,101,0.241,0.52,0.797,,5.6,27,5,9.0,0,62,22,17,11,17,8,0,64,0,0,0.26,2.0
WAS/WAS202009070,"Monday, September 7, 2020",6:05 p.m. Local,Nationals Park,,2:41,Night,Home,Washington Nationals,WSN,Tampa Bay Rays,TBR,35,1,8,1,1.0,3,11,38,0.229,0.289,0.4,0.689,107,97,-0.339,0.49,0.219,,-4.1,24,9,8.0,0,49,20,28,5,19,9,0,49,0,0,-0.16,-1.5,33,6,10,6,6.75,2,5,35,0.303,0.343,0.424,0.767,151,75,0.161,0.72,0.378,,1.5,27,4,9.0,1,49,6,20,9,19,11,0,72,3,0,0.341,4.1
WAS/WAS202009080,"Tuesday, September 8, 2020",6:05 p.m. Local,Nationals Park,,3:20,Night,Home,Washington Nationals,WSN,Tampa Bay Rays,TBR,33,3,6,2,3.0,3,12,37,0.182,0.27,0.212,0.482,160,94,-0.303,0.77,0.574,,-2.1,24,10,8.0,0,49,24,21,9,12,4,0,30,3,0,-0.196,-0.5,28,5,7,5,5.62,4,5,39,0.25,0.405,0.393,0.798,153,103,0.195,1.22,0.483,,0.5,27,7,9.0,0,70,13,20,13,13,6,0,51,2,2,0.304,2.1
WAS/WAS202009100,"Thursday, September 10, 2020",6:05 p.m. Local,Nationals Park,,3:40,Night,Away,Atlanta Braves,ATL,Washington Nationals,WSN,33,7,9,7,7.0,3,6,37,0.273,0.351,0.636,0.988,164,90,0.326,1.01,1.153,,1.9,27,6,9.0,1,57,10,23,11,16,6,0,24,2,0,0.175,-0.9,35,6,9,6,6.0,6,6,42,0.257,0.357,0.514,0.871,143,98,-0.176,1.0,0.649,,0.9,27,9,9.0,4,58,11,29,10,20,12,0,49,1,1,-0.325,-1.9
WAS/WAS202009110,"Friday, September 11, 2020",6:05 p.m. Local,Nationals Park,,4:48,Night,Home,Washington Nationals,WSN,Atlanta Braves,ATL,49,7,14,7,5.25,12,9,62,0.286,0.435,0.408,0.844,192,137,-0.843,1.21,1.457,,-1.6,35,13,11.2,2,83,17,37,15,25,15,0,29,0,0,0.344,0.1,45,8,11,8,5.4,5,9,50,0.244,0.32,0.467,0.787,236,130,-0.343,2.07,0.899,,-0.1,36,11,12.0,1,79,22,29,16,20,12,0,48,3,1,0.844,1.6
WAS/WAS202009120,"Saturday, September 12, 2020",6:05 p.m. Local,Nationals Park,,3:04,Night,Away,Atlanta Braves,ATL,Washington Nationals,WSN,36,2,9,2,2.0,0,12,36,0.25,0.25,0.278,0.528,149,96,-0.202,2.3,0.401,,-3.1,27,8,9.0,0,49,22,25,10,14,10,0,81,1,0,0.703,4.1,32,1,5,1,1.0,4,12,36,0.156,0.25,0.188,0.438,138,88,-0.702,0.82,0.753,,-4.1,27,7,9.0,0,42,18,28,10,10,5,0,59,0,0,0.203,3.1
WAS/WAS202009130,"Sunday, September 13, 2020",12:35 p.m. Local,Nationals Park,,3:37,Day,Away,Atlanta Braves,ATL,Washington Nationals,WSN,37,8,10,8,8.0,4,14,41,0.27,0.341,0.514,0.855,155,117,0.407,1.37,1.012,,2.9,27,8,9.0,1,66,18,33,2,21,13,0,44,1,0,0.092,1.1,34,4,8,3,3.0,5,9,39,0.235,0.333,0.353,0.686,175,98,-0.091,0.87,0.807,,-1.1,27,2,9.0,2,60,15,23,12,13,8,0,34,2,1,-0.409,-2.9
TBA/TBA202009150,"Tuesday, September 15, 2020",6:40 p.m. Local,Tropicana Field,,3:08,Night,Home,Tampa Bay Rays,TBR,Washington Nationals,WSN,32,1,7,1,1.0,2,8,36,0.219,0.286,0.25,0.536,155,85,-0.315,0.59,0.245,,-3.8,24,7,8.0,1,53,15,17,12,13,6,0,28,4,3,-0.184,-1.7,35,6,11,6,6.75,3,8,39,0.314,0.385,0.4,0.785,140,91,0.183,0.78,0.504,,1.7,27,9,9.0,0,46,19,26,11,16,9,0,54,4,0,0.316,3.8
TBA/TBA202009160,"Wednesday, September 16, 2020",1:10 p.m. Local,Tropicana Field,,3:31,Day,Away,Washington Nationals,WSN,Tampa Bay Rays,TBR,36,4,7,4,2.7,2,10,38,0.194,0.237,0.361,0.598,171,106,0.092,1.61,0.803,,-2.0,30,6,10.0,1,70,16,20,18,8,4,0,58,0,0,0.409,4.0,37,2,7,2,1.8,4,16,42,0.189,0.286,0.378,0.664,153,107,-0.411,1.07,0.941,,-4.0,30,12,10.0,2,55,28,24,4,17,7,0,53,2,0,-0.091,2.0
MIA/MIA202009181,"Friday, September 18, 2020",5:10 p.m. Local,Marlins Park,,2:15,Night,Away,Washington Nationals,WSN,Miami Marlins,MIA,29,5,10,5,6.43,3,4,32,0.345,0.406,0.414,0.82,109,70,0.252,0.71,0.461,,1.5,21,9,7.0,0,45,13,12,16,9,5,0,74,0,0,0.248,3.5,23,0,2,0,0.0,2,7,26,0.087,0.192,0.087,0.279,102,69,-0.247,0.58,0.15,,-3.5,21,12,7.0,0,40,5,24,9,7,4,0,26,0,0,-0.252,-1.5
MIA/MIA202009182,"Friday, September 18, 2020",8:10 p.m. Local,Marlins Park,,2:54,Night,Home,Miami Marlins,MIA,Washington Nationals,WSN,25,3,6,3,3.86,2,4,28,0.24,0.286,0.32,0.606,149,71,0.027,0.68,0.368,,-0.5,18,4,6.0,4,47,10,15,9,13,6,0,26,5,5,-0.527,-11.0,31,14,12,14,19.5,5,6,38,0.387,0.5,0.806,1.306,115,82,0.527,0.88,0.816,,11.0,21,7,7.0,0,49,11,22,8,17,8,0,42,1,1,-0.027,0.5
MIA/MIA202009190,"Saturday, September 19, 2020",6:10 p.m. Local,Marlins Park,,3:06,Night,Home,Miami Marlins,MIA,Washington Nationals,WSN,29,3,5,3,2.0,4,9,36,0.172,0.306,0.207,0.512,134,94,-0.143,0.56,0.418,,-1.5,24,5,8.0,2,53,18,24,10,11,5,0,23,0,0,-0.357,-3.0,38,7,15,7,7.88,2,9,40,0.395,0.425,0.632,1.057,156,93,0.358,0.84,0.682,,3.0,27,11,9.0,0,52,19,22,9,20,9,0,58,2,0,0.143,1.5
MIA/MIA202009201,"Sunday, September 20, 2020",1:10 p.m. Local,Marlins Park,,2:37,Day,Home,Miami Marlins,MIA,Washington Nationals,WSN,27,1,7,1,1.29,3,5,30,0.259,0.333,0.333,0.667,122,81,-0.425,1.49,1.058,,-2.5,18,4,6.0,0,52,16,15,10,12,5,0,59,3,0,-0.075,1.0,25,2,5,0,0.0,2,7,27,0.2,0.259,0.2,0.459,122,81,0.076,2.66,0.597,,-1.0,21,7,7.0,0,47,22,12,8,10,6,0,60,0,0,0.424,2.5
MIA/MIA202009202,"Sunday, September 20, 2020",4:36 p.m. Local,Marlins Park,,2:54,Day,Away,Washington Nationals,WSN,Miami Marlins,MIA,39,15,18,15,18.0,4,2,43,0.462,0.512,1.0,1.512,107,96,0.374,0.31,0.534,,11.5,21,5,7.0,0,66,4,26,14,23,12,0,66,1,0,0.125,3.5,23,0,2,0,0.0,3,5,26,0.087,0.192,0.13,0.323,160,62,-0.127,0.33,0.046,,-3.5,21,9,7.0,5,37,5,20,5,13,4,0,29,3,3,-0.374,-11.5
WAS/WAS202009210,"Monday, September 21, 2020",6:05 p.m. Local,Nationals Park,,3:48,Night,Home,Washington Nationals,WSN,Philadelphia Phillies,PHI,29,1,6,0,1.0,6,13,36,0.207,0.361,0.241,0.602,172,98,-0.385,0.84,0.45,,-4.1,24,7,8.0,0,54,25,21,9,7,6,0,53,3,0,-0.116,-0.5,31,5,7,3,3.38,5,10,37,0.226,0.351,0.258,0.609,171,100,0.115,1.02,0.514,,0.5,27,11,9.0,0,67,12,21,10,11,5,0,57,0,0,0.383,4.1
WAS/WAS202009221,"Tuesday, September 22, 2020",3:05 p.m. Local,Nationals Park,,2:09,Day,Home,Washington Nationals,WSN,Philadelphia Phillies,PHI,25,1,3,1,1.29,1,7,26,0.12,0.154,0.24,0.394,94,68,-0.272,0.59,0.154,,-2.9,18,7,6.0,0,40,9,19,5,13,6,0,48,,,-0.227,-1.6,25,5,6,4,4.5,2,6,27,0.24,0.296,0.36,0.656,105,68,0.227,0.79,0.474,,1.6,21,4,7.0,1,34,13,21,9,10,5,0,73,,,0.273,2.9
WAS/WAS202009222,"Tuesday, September 22, 2020",6:01 p.m. Local,Nationals Park,,3:25,Day,Home,Washington Nationals,WSN,Philadelphia Phillies,PHI,33,7,11,6,6.75,6,9,41,0.333,0.45,0.485,0.935,131,96,0.214,1.47,1.62,,1.9,22,9,7.1,2,53,19,24,12,13,8,0,52,3,3,-0.715,-3.2,31,8,9,8,8.59,3,8,35,0.29,0.371,0.645,1.017,164,79,0.713,2.11,1.639,,3.2,24,9,8.0,1,41,14,24,11,12,5,0,40,5,3,-0.214,-1.9
WAS/WAS202009230,"Wednesday, September 23, 2020",6:05 p.m. Local,Nationals Park,,2:48,Night,Away,Philadelphia Phillies,PHI,Washington Nationals,WSN,42,12,14,12,12.0,5,6,47,0.333,0.404,0.738,1.142,106,107,0.126,0.91,0.499,,6.9,27,9,9.0,1,74,11,22,16,20,7,0,66,0,0,0.375,2.1,32,3,6,3,3.0,1,9,33,0.188,0.212,0.344,0.556,168,75,-0.375,0.51,0.272,,-2.1,27,10,9.0,5,40,11,24,10,13,4,0,59,0,0,-0.124,-6.9
WAS/WAS202009240,"Thursday, September 24, 2020",6:05 p.m. Local,Nationals Park,,3:15,Night,Away,New York Mets,NYM,Washington Nationals,WSN,39,3,12,3,3.0,3,5,42,0.308,0.357,0.462,0.819,153,99,-0.043,1.47,0.713,,-2.1,27,11,9.0,0,70,7,22,18,16,7,0,68,0,0,0.543,3.1,32,2,6,2,2.0,2,6,35,0.188,0.257,0.25,0.507,152,101,-0.544,1.04,0.528,,-3.1,27,11,9.0,1,57,17,27,11,15,8,0,45,0,0,0.044,2.1
WAS/WAS202009261,"Saturday, September 26, 2020",3:05 p.m. Local,Nationals Park,,2:39,Day,Home,Washington Nationals,WSN,New York Mets,NYM,28,3,7,3,3.86,2,8,30,0.25,0.3,0.5,0.8,135,84,-0.201,1.39,0.731,,-0.9,18,2,6.0,2,53,14,17,9,11,4,0,53,2,1,-0.298,-0.6,24,4,6,3,6.0,3,12,27,0.25,0.333,0.5,0.833,124,90,0.296,1.54,0.903,,0.6,21,7,7.0,2,51,24,15,2,10,4,0,53,0,0,0.203,0.9
WAS/WAS202009262,"Saturday, September 26, 2020",6:31 p.m. Local,Nationals Park,,2:35,Day,Home,Washington Nationals,WSN,New York Mets,NYM,26,3,5,3,3.86,3,6,29,0.192,0.276,0.346,0.622,124,73,-0.297,0.74,0.479,,-0.9,18,7,6.0,1,45,13,15,11,9,4,0,29,0,0,-0.203,-1.6,29,5,10,5,4.5,3,5,32,0.345,0.406,0.517,0.923,118,75,0.203,1.43,0.58,,1.6,21,8,7.0,1,48,12,15,11,13,8,0,50,2,1,0.297,0.9
WAS/WAS202009270,"Sunday, September 27, 2020",3:05 p.m. Local,Nationals Park,,3:35,Day,Home,Washington Nationals,WSN,New York Mets,NYM,38,5,12,5,5.0,2,10,40,0.316,0.35,0.632,0.982,205,109,0.124,0.53,0.346,,-0.1,24,6,8.0,2,67,13,29,10,18,6,0,19,8,5,-0.624,-10.5,33,15,11,15,16.88,11,10,47,0.333,0.489,0.606,1.095,169,119,0.624,0.33,0.713,,10.5,27,8,9.0,3,67,23,29,10,15,6,0,37,0,0,-0.123,0.1
