,date,time,venue,attendance,duration,time_of_day,winner,winning_name,winning_abbr,losing_name,losing_abbr,away_at_bats,away_runs,away_hits,away_rbi,away_earned_runs,away_bases_on_balls,away_strikeouts,away_plate_appearances,away_batting_average,away_on_base_percentage,away_slugging_percentage,away_on_base_plus,away_pitches,away_strikes,away_win_probability_for_offensive_player,away_average_leverage_index,away_win_probability_added,away_win_probability_subtracted,away_base_out_runs_added,away_putouts,away_assists,away_innings_pitched,away_home_runs,away_strikes_by_contact,away_strikes_swinging,away_strikes_looking,away_grounded_balls,away_fly_balls,away_line_drives,away_unknown_bat_type,away_game_score,away_inherited_runners,away_inherited_score,away_win_probability_by_pitcher,away_base_out_runs_saved,home_at_bats,home_runs,home_hits,home_rbi,home_earned_runs,home_bases_on_balls,home_strikeouts,home_plate_appearances,home_batting_average,home_on_base_percentage,home_slugging_percentage,home_on_base_plus,home_pitches,home_strikes,home_win_probability_for_offensive_player,home_average_leverage_index,home_win_probability_added,home_win_probability_subtracted,home_base_out_runs_added,home_putouts,home_assists,home_innings_pitched,home_home_runs,home_strikes_by_contact,home_strikes_swinging,home_strikes_looking,home_grounded_balls,home_fly_balls,home_line_drives,home_unknown_bat_type,home_game_score,home_inherited_runners,home_inherited_score,home_win_probability_by_pitcher,home_base_out_runs_saved
MIA/MIA201504060,"Monday, April 6, 2015",4:22 p.m. Local,Marlins Park,36969,2:36,Day,Away,Atlanta Braves,ATL,Miami Marlins,MIA,33,2,6,2,2.0,1,7,35,0.182,0.206,0.212,0.418,131,74,-0.143,1.62,0.416,,-2.0,27,12,9.0,0,40,12,22,18,9,6,0,55,5,0,0.643,3.0,31,1,8,1,1.0,1,7,32,0.258,0.281,0.29,0.572,112,85,-0.643,0.95,0.593,,-3.0,27,15,9.0,0,44,17,24,12,12,8,0,59,0,0,0.143,2.0
MIA/MIA201504070,"Tuesday, April 7, 2015",7:11 p.m. Local,Marlins Park,17483,3:14,Night,Away,Atlanta Braves,ATL,Miami Marlins,MIA,37,12,14,12,12.0,7,5,46,0.378,0.477,0.486,0.964,148,118,0.436,0.31,0.527,,8.0,27,10,9.0,0,78,13,27,21,13,7,0,52,0,0,0.064,2.0,30,2,5,2,2.0,5,10,35,0.167,0.286,0.233,0.519,191,90,-0.063,0.27,0.149,,-2.0,27,19,9.0,0,44,15,31,10,10,5,0,10,4,3,-0.436,-8.0
MIA/MIA201504080,"Wednesday, April 8, 2015",7:11 p.m. Local,Marlins Park,16127,2:45,Night,Away,Atlanta Braves,ATL,Miami Marlins,MIA,29,2,6,2,2.0,3,6,33,0.207,0.303,0.31,0.613,148,77,-0.069,1.16,0.483,,-2.0,27,12,9.0,0,46,9,22,9,14,6,0,61,0,0,0.57,4.0,33,0,6,0,0.0,2,8,35,0.182,0.229,0.182,0.41,130,101,-0.572,0.84,0.205,,-4.0,27,8,9.0,1,64,14,23,18,7,6,0,55,0,0,0.07,2.0
ATL/ATL201504100,"Friday, April 10, 2015",8:51 p.m. Local,Turner Field,46279,3:01,Night,Home,Atlanta Braves,ATL,New York Mets,NYM,33,3,8,3,3.0,2,11,35,0.242,0.286,0.424,0.71,154,107,-0.253,1.33,0.653,,-1.0,24,12,8.0,1,64,14,29,10,12,6,0,45,2,0,-0.249,-1.4,35,5,9,4,3.38,3,7,39,0.257,0.316,0.429,0.744,161,93,0.25,1.26,1.055,,1.4,27,10,9.0,2,54,11,28,20,9,6,0,43,0,0,0.253,1.0
ATL/ATL201504110,"Saturday, April 11, 2015",7:14 p.m. Local,Turner Field,36056,2:25,Night,Home,Atlanta Braves,ATL,New York Mets,NYM,28,3,3,2,1.0,4,5,34,0.107,0.242,0.143,0.385,115,75,-0.352,0.5,0.38,,-1.0,24,12,8.0,1,43,12,20,12,12,6,0,33,0,0,-0.15,-1.4,31,5,9,5,5.62,0,4,32,0.29,0.29,0.548,0.839,119,81,0.149,1.02,0.433,,1.4,27,11,9.0,0,48,10,23,17,11,6,0,61,4,1,0.351,1.0
ATL/ATL201504120,"Sunday, April 12, 2015",1:36 p.m. Local,Turner Field,28192,2:37,Day,Away,New York Mets,NYM,Atlanta Braves,ATL,32,4,9,4,4.0,6,8,40,0.281,0.385,0.406,0.791,102,81,0.202,1.49,0.863,,-0.0,27,10,9.0,1,45,5,31,12,14,7,0,58,1,0,0.297,1.0,34,3,7,3,3.0,0,8,34,0.206,0.206,0.382,0.588,131,79,-0.298,1.38,0.73,,-1.0,27,13,9.0,1,45,9,25,10,16,7,0,50,4,1,-0.202,0.0
ATL/ATL201504130,"Monday, April 13, 2015",8:02 p.m. Local,Turner Field,13417,3:02,Night,Home,Atlanta Braves,ATL,Miami Marlins,MIA,31,2,6,2,2.0,4,8,36,0.194,0.286,0.258,0.544,142,98,-0.388,0.98,0.495,,-2.0,24,9,8.0,0,61,14,23,14,10,5,0,44,2,2,-0.113,0.6,28,3,7,2,2.25,7,8,35,0.25,0.4,0.357,0.757,153,80,0.113,1.37,0.683,,-0.6,27,11,9.0,0,45,15,20,8,12,5,0,56,0,0,0.388,2.0
ATL/ATL201504140,"Tuesday, April 14, 2015",7:10 p.m. Local,Turner Field,15765,3:00,Night,Away,Miami Marlins,MIA,Atlanta Braves,ATL,34,8,11,8,8.0,6,8,44,0.324,0.419,0.412,0.83,147,105,0.334,0.7,0.594,,4.0,27,7,9.0,2,61,17,27,15,14,8,0,49,3,0,0.167,2.0,35,2,8,2,2.0,2,6,37,0.229,0.27,0.429,0.699,160,92,-0.167,0.54,0.324,,-2.0,27,9,9.0,0,53,11,28,11,18,9,0,30,5,0,-0.332,-4.0
ATL/ATL201504150,"Wednesday, April 15, 2015",12:10 p.m. Local,Turner Field,18342,2:25,Day,Away,Miami Marlins,MIA,Atlanta Braves,ATL,30,6,8,6,6.0,4,5,36,0.267,0.343,0.533,0.876,130,93,0.208,0.74,0.519,,2.0,27,10,9.0,2,58,10,25,15,12,4,0,66,0,0,0.293,2.0,30,2,3,2,2.0,2,7,32,0.1,0.156,0.3,0.456,143,85,-0.294,0.57,0.2,,-2.0,27,15,9.0,2,48,12,25,12,11,4,0,41,2,0,-0.208,-2.0
TOR/TOR201504170,"Friday, April 17, 2015",7:07 p.m. Local,Rogers Centre,21397,3:09,Night,Away,Atlanta Braves,ATL,Toronto Blue Jays,TOR,40,8,12,8,7.0,5,8,45,0.3,0.378,0.525,0.903,161,106,0.565,1.41,1.487,,3.5,27,11,9.0,5,60,18,28,16,16,10,0,35,0,0,-0.066,-2.5,36,7,11,7,7.0,3,7,41,0.306,0.375,0.75,1.125,164,98,0.065,1.27,1.146,,2.5,27,7,9.0,2,56,12,30,12,18,13,0,35,1,1,-0.565,-3.5
TOR/TOR201504180,"Saturday, April 18, 2015",1:09 p.m. Local,Rogers Centre,34743,2:41,Day,Home,Toronto Blue Jays,TOR,Atlanta Braves,ATL,37,5,9,5,4.5,4,10,42,0.243,0.31,0.486,0.796,123,99,0.175,1.25,0.961,,-0.0,27,15,9.0,2,48,17,34,11,17,8,0,42,1,0,-0.673,-1.5,35,6,13,6,6.0,3,0,38,0.371,0.421,0.657,1.078,151,73,0.672,1.09,1.491,,1.5,30,11,10.0,3,48,4,21,18,17,6,0,55,2,0,-0.172,0.0
TOR/TOR201504190,"Sunday, April 19, 2015",1:08 p.m. Local,Rogers Centre,44794,2:41,Day,Away,Atlanta Braves,ATL,Toronto Blue Jays,TOR,30,5,8,4,4.0,5,6,37,0.267,0.361,0.333,0.694,142,85,0.225,0.72,0.499,,0.5,27,7,9.0,0,41,17,28,8,18,9,0,57,0,0,0.274,2.5,30,2,5,2,2.0,4,11,35,0.167,0.286,0.2,0.486,157,92,-0.276,0.48,0.26,,-2.5,27,8,9.0,0,43,12,37,8,11,3,0,27,1,0,-0.226,-0.5
NYN/NYN201504210,"Tuesday, April 21, 2015",7:10 p.m. Local,Citi Field,21033,2:41,Night,Home,New York Mets,NYM,Atlanta Braves,ATL,31,1,5,1,1.0,5,7,37,0.161,0.297,0.258,0.555,149,87,-0.318,0.58,0.246,,-3.0,24,11,8.0,0,48,5,34,13,11,5,0,38,2,0,-0.182,-3.4,33,7,9,7,6.75,6,1,40,0.273,0.375,0.303,0.678,140,81,0.182,0.8,0.467,,3.4,27,10,9.0,1,53,5,23,18,15,5,0,63,3,0,0.319,3.0
NYN/NYN201504220,"Wednesday, April 22, 2015",7:41 p.m. Local,Citi Field,20971,2:34,Night,Home,New York Mets,NYM,Atlanta Braves,ATL,32,2,8,2,2.0,3,4,36,0.25,0.306,0.344,0.649,143,90,-0.335,1.28,0.562,,-2.0,24,9,8.0,1,49,11,30,14,15,8,0,65,3,0,-0.165,0.6,31,3,7,3,3.38,3,6,34,0.226,0.294,0.419,0.713,131,88,0.168,1.3,0.902,,-0.6,27,11,9.0,0,58,12,18,11,14,6,0,55,2,0,0.335,2.0
NYN/NYN201504230,"Thursday, April 23, 2015",1:10 p.m. Local,Citi Field,23980,3:18,Day,Home,New York Mets,NYM,Atlanta Braves,ATL,33,3,8,3,3.0,1,9,35,0.242,0.257,0.303,0.56,179,85,-0.168,1.11,0.55,,-1.0,24,9,8.0,0,45,9,32,7,18,9,0,41,5,1,-0.333,-2.4,28,6,6,6,6.75,8,12,37,0.214,0.389,0.25,0.639,132,104,0.332,1.18,0.862,,2.4,27,5,9.0,0,50,19,35,8,9,6,0,51,0,0,0.168,1.0
PHI/PHI201504240,"Friday, April 24, 2015",7:07 p.m. Local,Citizens Bank Park,21164,2:34,Night,Home,Philadelphia Phillies,PHI,Atlanta Braves,ATL,26,0,2,0,0.0,2,6,28,0.077,0.143,0.115,0.258,142,71,-0.652,1.86,0.235,,-4.0,25,10,8.1,0,40,10,21,8,12,5,0,58,6,0,0.152,2.6,32,1,8,1,0.0,2,2,37,0.25,0.294,0.25,0.544,117,93,-0.152,1.18,0.885,,-2.6,27,8,9.0,0,62,9,22,25,8,1,0,83,0,0,0.651,4.0
PHI/PHI201504250,"Saturday, April 25, 2015",7:06 p.m. Local,Citizens Bank Park,24748,2:27,Night,Away,Atlanta Braves,ATL,Philadelphia Phillies,PHI,34,5,9,5,5.0,4,5,38,0.265,0.342,0.412,0.754,106,85,0.329,0.97,0.947,,1.0,27,11,9.0,1,46,12,27,10,19,11,0,59,0,0,0.171,2.0,32,2,6,2,2.0,2,4,34,0.188,0.235,0.313,0.548,134,73,-0.171,0.99,0.482,,-2.0,27,9,9.0,1,43,6,24,14,14,9,0,58,3,3,-0.33,-1.0
PHI/PHI201504260,"Sunday, April 26, 2015",1:37 p.m. Local,Citizens Bank Park,28702,2:38,Day,Home,Philadelphia Phillies,PHI,Atlanta Braves,ATL,36,4,10,4,4.0,4,4,40,0.278,0.35,0.444,0.794,121,93,-0.236,0.97,0.769,,-0.0,24,13,8.0,1,60,8,25,13,19,7,0,45,0,0,-0.263,-1.4,27,5,6,4,4.5,4,3,34,0.222,0.323,0.407,0.73,142,69,0.263,1.45,0.799,,1.4,27,10,9.0,1,45,8,16,15,12,9,0,46,1,0,0.237,0.0
ATL/ATL201504270,"Monday, April 27, 2015",7:10 p.m. Local,Turner Field,16658,3:08,Night,Home,Atlanta Braves,ATL,Washington Nationals,WSN,30,4,5,3,4.0,5,6,39,0.167,0.297,0.3,0.597,158,90,-0.227,0.71,0.475,,-0.0,24,9,8.0,1,57,9,24,10,17,6,0,32,1,0,-0.271,-4.4,31,8,13,8,5.62,3,7,40,0.419,0.447,0.548,0.996,150,103,0.27,0.99,0.645,,4.4,27,9,9.0,0,64,10,33,12,17,13,0,57,3,1,0.229,0.0
ATL/ATL201504280,"Tuesday, April 28, 2015",7:11 p.m. Local,Turner Field,14833,3:26,Night,Away,Washington Nationals,WSN,Atlanta Braves,ATL,40,13,15,13,9.0,4,8,47,0.375,0.426,0.775,1.201,174,99,0.9,0.83,1.47,,9.0,27,15,9.0,0,51,21,27,13,21,12,0,12,2,0,-0.399,-8.0,41,12,17,10,7.0,7,3,51,0.415,0.49,0.512,1.002,148,95,0.4,0.82,0.883,,8.0,27,10,9.0,3,62,10,23,22,19,11,0,33,0,0,-0.899,-9.0
ATL/ATL201504290,"Wednesday, April 29, 2015",7:10 p.m. Local,Turner Field,12595,2:47,Night,Away,Washington Nationals,WSN,Atlanta Braves,ATL,42,13,15,12,13.0,5,11,47,0.357,0.426,0.476,0.902,120,117,0.606,0.79,1.008,,9.0,27,14,9.0,0,71,9,37,15,16,8,0,53,0,0,-0.103,0.0,32,4,8,3,3.0,1,10,33,0.25,0.273,0.281,0.554,192,79,0.105,0.76,0.574,,-0.0,27,8,9.0,1,49,12,21,10,12,9,0,42,0,0,-0.604,-9.0
ATL/ATL201504300,"Thursday, April 30, 2015",7:10 p.m. Local,Turner Field,15744,2:22,Night,Away,Cincinnati Reds,CIN,Atlanta Braves,ATL,36,5,9,5,4.0,4,11,40,0.25,0.325,0.667,0.992,122,98,0.069,0.7,0.864,,1.0,27,15,9.0,0,54,22,22,6,19,16,0,79,0,0,0.43,3.0,28,1,4,1,1.0,3,3,31,0.143,0.226,0.214,0.44,146,76,-0.43,1.01,0.106,,-3.0,27,7,9.0,4,44,7,25,14,11,7,0,61,0,0,-0.07,-1.0
ATL/ATL201505010,"Friday, May 1, 2015",7:35 p.m. Local,Turner Field,30153,2:36,Night,Home,Atlanta Braves,ATL,Cincinnati Reds,CIN,33,3,8,3,2.0,3,6,37,0.242,0.297,0.273,0.57,134,96,-0.324,1.06,0.62,,-1.0,24,10,8.0,1,64,9,23,8,20,8,0,43,0,0,-0.176,-0.4,28,4,5,4,4.5,6,7,35,0.179,0.324,0.321,0.645,141,77,0.177,1.32,0.768,,0.4,27,7,9.0,0,43,9,25,10,12,5,0,44,1,0,0.325,1.0
ATL/ATL201505020,"Saturday, May 2, 2015",7:10 p.m. Local,Turner Field,29515,2:34,Night,Away,Cincinnati Reds,CIN,Atlanta Braves,ATL,38,8,12,8,8.0,2,3,40,0.316,0.35,0.658,1.008,138,83,0.297,0.81,0.686,,4.0,27,12,9.0,1,60,5,18,13,22,10,0,53,3,0,0.203,0.0,32,4,7,4,4.0,3,10,36,0.219,0.286,0.344,0.629,131,80,-0.202,0.64,0.361,,-0.0,27,11,9.0,3,47,9,24,16,7,5,0,32,0,0,-0.297,-4.0
ATL/ATL201505030,"Sunday, May 3, 2015",1:38 p.m. Local,Turner Field,30073,2:31,Day,Home,Atlanta Braves,ATL,Cincinnati Reds,CIN,30,0,4,0,0.0,3,11,34,0.133,0.235,0.133,0.369,108,98,-0.242,0.4,0.116,,-4.0,24,10,8.0,2,56,18,24,8,11,4,0,35,0,0,-0.257,-1.4,31,5,9,5,5.62,1,2,33,0.29,0.313,0.581,0.893,146,73,0.256,0.48,0.434,,1.4,27,8,9.0,0,47,7,19,11,19,8,0,70,1,0,0.244,4.0
ATL/ATL201505040,"Monday, May 4, 2015",7:09 p.m. Local,Turner Field,17293,3:08,Night,Away,Philadelphia Phillies,PHI,Atlanta Braves,ATL,37,5,14,5,5.0,3,5,42,0.378,0.439,0.486,0.926,164,102,0.193,1.04,0.605,,1.0,27,12,9.0,0,69,8,26,16,17,11,0,59,0,0,0.306,2.0,34,2,8,2,2.0,4,5,38,0.235,0.316,0.294,0.61,163,101,-0.305,0.66,0.478,,-2.0,27,13,9.0,0,60,13,28,14,15,7,0,35,3,1,-0.195,-1.0
ATL/ATL201505050,"Tuesday, May 5, 2015",7:10 p.m. Local,Turner Field,14451,2:23,Night,Home,Atlanta Braves,ATL,Philadelphia Phillies,PHI,30,0,3,0,0.0,1,8,31,0.1,0.129,0.133,0.262,150,75,-0.225,0.28,0.066,,-4.0,24,12,8.0,2,42,14,19,11,11,3,0,30,3,1,-0.275,-5.4,33,9,12,8,9.0,5,5,40,0.364,0.462,0.545,1.007,99,84,0.275,0.38,0.413,,5.4,27,9,9.0,0,50,9,25,14,15,7,0,88,,,0.225,4.0
ATL/ATL201505060,"Wednesday, May 6, 2015",7:11 p.m. Local,Turner Field,17772,3:07,Night,Home,Atlanta Braves,ATL,Philadelphia Phillies,PHI,38,5,12,4,5.0,4,12,42,0.316,0.381,0.474,0.855,129,114,-0.157,0.66,0.673,,1.0,24,9,8.0,1,70,19,25,10,16,8,0,26,2,2,-0.346,-3.4,32,7,12,7,7.88,2,6,35,0.375,0.4,0.594,0.994,170,82,0.348,1.19,0.709,,3.4,27,8,9.0,1,52,11,19,9,18,10,0,42,4,2,0.155,-1.0
WAS/WAS201505080,"Friday, May 8, 2015",7:05 p.m. Local,Nationals Park,31288,2:21,Night,Home,Washington Nationals,WSN,Atlanta Braves,ATL,30,2,6,2,2.0,2,9,34,0.2,0.265,0.3,0.565,131,80,-0.222,0.86,0.422,,-2.3,24,10,8.0,5,38,14,28,12,10,9,0,53,1,1,-0.278,-5.2,34,9,11,9,10.12,2,8,36,0.324,0.361,0.765,1.126,127,84,0.277,0.9,0.825,,5.2,27,10,9.0,0,50,14,20,9,17,10,0,66,0,0,0.223,2.3
WAS/WAS201505090,"Saturday, May 9, 2015",4:07 p.m. Local,Nationals Park,39193,3:12,Day,Home,Washington Nationals,WSN,Atlanta Braves,ATL,36,6,9,6,6.0,1,4,38,0.25,0.289,0.361,0.651,147,98,0.051,0.91,0.749,,1.7,25,8,8.1,3,59,8,31,13,19,17,0,26,1,0,-0.552,-4.0,36,8,14,8,8.64,4,11,40,0.389,0.45,0.694,1.144,139,90,0.551,1.14,1.144,,4.0,27,9,9.0,0,49,18,23,9,16,10,0,53,4,3,-0.051,-1.7
WAS/WAS201505100,"Sunday, May 10, 2015",1:36 p.m. Local,Nationals Park,31938,2:51,Day,Home,Washington Nationals,WSN,Atlanta Braves,ATL,38,4,12,4,4.0,3,3,41,0.316,0.366,0.342,0.708,119,93,-0.103,1.55,0.895,,-0.3,24,10,8.0,0,62,8,23,15,20,13,0,52,1,0,-0.396,-1.2,30,5,11,5,5.62,2,7,33,0.367,0.406,0.467,0.873,147,76,0.394,1.37,1.198,,1.2,27,12,9.0,0,48,9,19,10,14,6,0,43,0,0,0.103,0.3
CIN/CIN201505110,"Monday, May 11, 2015",8:50 p.m. Local,Great American Ball Park,19881,2:54,Night,Away,Atlanta Braves,ATL,Cincinnati Reds,CIN,38,2,11,1,2.0,2,7,40,0.289,0.325,0.395,0.72,122,98,-0.09,1.58,1.168,,-2.2,27,10,9.0,0,57,10,31,19,12,11,0,73,0,0,0.589,3.2,30,1,4,1,1.0,2,9,34,0.133,0.206,0.133,0.339,155,75,-0.588,1.85,0.506,,-3.2,27,13,9.0,1,40,17,18,11,11,5,0,51,0,0,0.089,2.2
CIN/CIN201505120,"Tuesday, May 12, 2015",7:11 p.m. Local,Great American Ball Park,23780,2:46,Night,Home,Cincinnati Reds,CIN,Atlanta Braves,ATL,34,3,9,3,3.0,6,6,42,0.265,0.366,0.382,0.748,126,97,-0.224,1.41,0.824,,-1.2,25,5,8.1,1,52,11,34,10,20,9,0,55,1,0,-0.277,-0.5,30,4,8,4,3.24,4,9,36,0.267,0.343,0.433,0.776,164,79,0.276,1.47,1.054,,0.5,27,8,9.0,0,48,16,15,7,16,7,0,48,0,0,0.223,1.2
CIN/CIN201505130,"Wednesday, May 13, 2015",7:09 p.m. Local,Great American Ball Park,17747,2:06,Night,Home,Cincinnati Reds,CIN,Atlanta Braves,ATL,29,1,2,1,1.0,3,6,32,0.069,0.156,0.138,0.294,126,81,-0.26,0.31,0.125,,-3.2,24,10,8.0,2,46,11,24,5,18,8,0,37,0,0,-0.24,-1.3,28,5,7,5,5.62,4,6,33,0.25,0.333,0.571,0.905,114,84,0.24,0.58,0.409,,1.3,27,5,9.0,0,47,11,26,9,14,8,0,76,0,0,0.26,3.2
MIA/MIA201505150,"Friday, May 15, 2015",7:12 p.m. Local,Marlins Park,18334,3:10,Night,Away,Atlanta Braves,ATL,Miami Marlins,MIA,39,5,13,4,3.0,0,10,39,0.333,0.333,0.436,0.769,152,89,0.379,1.43,1.216,,1.0,27,13,9.0,2,55,8,26,16,13,11,0,49,3,0,0.122,1.0,38,3,12,3,2.0,2,7,41,0.316,0.35,0.5,0.85,136,93,-0.123,1.38,0.946,,-1.0,27,7,9.0,0,58,11,24,19,13,11,0,54,1,1,-0.378,-1.0
MIA/MIA201505160,"Saturday, May 16, 2015",1:08 p.m. Local,Marlins Park,18166,2:59,Day,Away,Atlanta Braves,ATL,Miami Marlins,MIA,38,5,13,5,5.0,0,6,38,0.342,0.342,0.447,0.789,148,99,0.231,1.18,0.587,,1.0,27,13,9.0,1,57,9,34,17,15,14,0,56,0,0,0.27,1.0,35,3,10,3,2.0,2,3,39,0.286,0.324,0.4,0.724,139,100,-0.271,0.61,0.527,,-1.0,27,15,9.0,1,54,10,36,19,15,6,0,24,2,0,-0.23,-1.0
MIA/MIA201505170,"Sunday, May 17, 2015",1:10 p.m. Local,Marlins Park,23075,2:15,Day,Away,Atlanta Braves,ATL,Miami Marlins,MIA,35,6,10,6,6.0,2,4,39,0.286,0.316,0.371,0.687,94,85,0.329,0.28,0.493,,2.0,27,12,9.0,0,53,12,20,18,15,6,0,86,,,0.171,4.0,28,0,2,0,0.0,1,4,29,0.071,0.103,0.071,0.175,130,70,-0.17,0.42,0.025,,-4.0,27,11,9.0,0,38,8,24,14,10,1,0,26,1,0,-0.33,-2.0
ATL/ATL201505190,"Tuesday, May 19, 2015",7:10 p.m. Local,Turner Field,20120,2:43,Night,Away,Tampa Bay Rays,TBR,Atlanta Braves,ATL,35,5,8,5,5.0,1,10,37,0.229,0.27,0.4,0.67,146,86,0.285,1.23,0.772,,1.0,27,6,9.0,0,48,16,22,12,13,5,0,54,1,0,0.216,1.0,31,3,4,3,3.0,3,9,36,0.129,0.25,0.194,0.444,123,94,-0.216,0.84,0.531,,-1.0,27,7,9.0,1,52,15,27,8,14,6,0,37,0,0,-0.285,-1.0
ATL/ATL201505200,"Wednesday, May 20, 2015",7:10 p.m. Local,Turner Field,24549,2:34,Night,Home,Atlanta Braves,ATL,Tampa Bay Rays,TBR,33,1,8,1,1.0,3,10,37,0.242,0.297,0.273,0.57,122,85,-0.573,1.1,0.531,,-3.0,24,11,8.0,0,50,13,22,14,10,7,0,56,0,0,0.073,1.6,29,2,5,2,2.25,3,5,32,0.172,0.25,0.276,0.526,132,84,-0.073,1.52,0.485,,-1.6,27,11,9.0,0,62,9,13,11,13,8,0,57,2,0,0.574,3.0
ATL/ATL201505210,"Thursday, May 21, 2015",7:12 p.m. Local,Turner Field,18239,2:49,Night,Home,Atlanta Braves,ATL,Milwaukee Brewers,MIL,27,1,2,1,1.0,2,10,30,0.074,0.133,0.074,0.207,146,72,-0.294,0.88,0.188,,-3.0,24,9,8.0,0,33,16,23,7,11,3,0,48,8,4,-0.205,-6.4,36,10,11,8,10.12,3,4,40,0.306,0.375,0.389,0.764,114,92,0.206,0.74,0.66,,6.4,27,6,9.0,0,62,15,15,14,18,8,0,76,0,0,0.294,3.0
ATL/ATL201505220,"Friday, May 22, 2015",7:35 p.m. Local,Turner Field,25774,2:52,Night,Away,Milwaukee Brewers,MIL,Atlanta Braves,ATL,36,11,12,10,11.0,8,9,45,0.333,0.455,0.556,1.01,126,107,0.345,0.38,0.53,,7.0,27,7,9.0,0,59,18,30,8,19,8,0,60,0,0,0.157,4.0,31,0,3,0,0.0,2,9,34,0.097,0.176,0.097,0.273,186,82,-0.157,0.39,0.08,,-4.0,27,10,9.0,1,34,16,32,13,9,6,0,27,3,3,-0.343,-7.0
ATL/ATL201505230,"Saturday, May 23, 2015",4:15 p.m. Local,Turner Field,33223,3:48,Day,Home,Atlanta Braves,ATL,Milwaukee Brewers,MIL,39,2,10,2,1.64,4,10,44,0.256,0.341,0.308,0.649,180,107,-0.618,1.59,0.908,,-2.9,32,15,10.2,0,69,14,24,14,15,9,0,49,0,0,0.118,1.5,41,3,11,3,2.53,4,12,46,0.268,0.348,0.39,0.738,168,111,-0.118,1.55,1.174,,-1.5,33,14,11.0,0,63,21,27,14,15,6,0,53,2,0,0.618,2.9
ATL/ATL201505240,"Sunday, May 24, 2015",1:35 p.m. Local,Turner Field,30612,2:47,Day,Home,Atlanta Braves,ATL,Milwaukee Brewers,MIL,29,1,3,1,1.0,2,11,33,0.103,0.182,0.103,0.285,143,84,-0.573,1.23,0.29,,-3.0,24,9,8.0,0,45,16,23,6,13,4,0,50,2,0,0.072,1.6,27,2,6,2,2.25,6,8,33,0.222,0.364,0.259,0.623,119,80,-0.071,1.33,0.602,,-1.6,27,4,9.0,0,41,15,26,9,10,7,0,75,1,0,0.573,3.0
LAN/LAN201505250,"Monday, May 25, 2015",5:11 p.m. Local,Dodger Stadium,44680,2:49,Night,Home,Los Angeles Dodgers,LAD,Atlanta Braves,ATL,34,3,9,3,3.0,2,4,36,0.265,0.306,0.294,0.6,164,81,-0.174,1.42,0.536,,-1.0,24,8,8.0,3,47,11,23,21,9,4,0,60,2,0,-0.326,-2.5,34,6,11,6,6.75,5,9,40,0.324,0.425,0.618,1.043,129,90,0.327,1.03,1.136,,2.5,27,16,9.0,0,51,9,30,11,14,8,0,56,2,1,0.174,1.0
LAN/LAN201505260,"Tuesday, May 26, 2015",7:10 p.m. Local,Dodger Stadium,40667,2:38,Night,Home,Los Angeles Dodgers,LAD,Atlanta Braves,ATL,33,0,5,0,0.0,1,11,34,0.152,0.176,0.182,0.358,119,88,-0.223,0.56,0.03,,-4.0,24,16,8.0,1,43,23,22,9,13,7,0,9,0,0,-0.279,-4.5,30,8,11,8,9.0,3,2,33,0.367,0.424,0.6,1.024,135,77,0.28,0.31,0.593,,4.5,27,7,9.0,0,49,8,20,13,15,12,0,79,0,0,0.221,4.0
LAN/LAN201505270,"Wednesday, May 27, 2015",7:10 p.m. Local,Dodger Stadium,37837,2:58,Night,Away,Atlanta Braves,ATL,Los Angeles Dodgers,LAD,31,3,5,2,3.0,5,12,36,0.161,0.278,0.29,0.568,130,89,0.067,1.44,0.867,,-1.0,27,10,9.0,1,45,19,25,10,9,3,0,63,0,0,0.433,2.0,34,2,9,2,2.0,2,8,36,0.265,0.306,0.353,0.658,149,87,-0.434,1.44,0.555,,-2.0,27,10,9.0,1,51,13,23,13,13,4,0,69,2,2,-0.066,1.0
SFN/SFN201505280,"Thursday, May 28, 2015",7:14 p.m. Local,AT&T Park,41040,2:31,Night,Home,San Francisco Giants,SFG,Atlanta Braves,ATL,31,0,4,0,0.0,1,9,32,0.129,0.156,0.129,0.285,123,75,-0.543,0.77,0.231,,-4.1,24,10,8.0,1,39,8,28,16,6,4,0,64,1,1,0.044,-3.3,35,7,12,6,7.88,1,2,36,0.343,0.361,0.6,0.961,120,79,-0.044,1.18,0.522,,3.3,27,14,9.0,0,53,7,19,13,20,13,0,75,2,0,0.543,4.1
SFN/SFN201505290,"Friday, May 29, 2015",7:15 p.m. Local,AT&T Park,41311,2:36,Night,Home,San Francisco Giants,SFG,Atlanta Braves,ATL,32,2,6,2,2.0,2,6,34,0.188,0.235,0.281,0.517,128,77,-0.484,0.74,0.32,,-2.1,24,10,8.0,1,40,13,24,19,7,2,0,63,3,0,-0.015,-0.3,32,4,7,4,4.5,3,8,36,0.219,0.306,0.344,0.649,119,81,0.015,1.15,0.506,,0.3,27,12,9.0,1,52,13,16,13,11,3,0,67,0,0,0.486,2.1
SFN/SFN201505300,"Saturday, May 30, 2015",7:05 p.m. Local,AT&T Park,42005,2:51,Night,Away,Atlanta Braves,ATL,San Francisco Giants,SFG,40,8,14,8,8.0,2,10,42,0.35,0.381,0.525,0.906,146,100,0.189,0.65,0.555,,3.9,27,12,9.0,0,57,18,25,13,17,11,0,68,2,0,0.312,4.1,34,0,8,0,0.0,4,5,38,0.235,0.316,0.235,0.551,150,88,-0.312,0.59,0.218,,-4.1,27,11,9.0,1,53,10,25,20,9,7,0,34,2,0,-0.19,-3.9
SFN/SFN201505310,"Sunday, May 31, 2015",1:05 p.m. Local,AT&T Park,41553,3:02,Day,Away,Atlanta Braves,ATL,San Francisco Giants,SFG,37,7,9,7,6.0,2,6,39,0.243,0.282,0.459,0.742,139,92,0.917,0.83,1.627,,2.9,27,11,9.0,3,54,15,23,17,14,10,0,49,1,1,-0.416,-0.9,33,5,7,5,5.0,5,3,39,0.212,0.316,0.545,0.861,142,75,0.417,1.54,0.92,,0.9,27,15,9.0,2,48,8,21,11,20,10,0,56,4,0,-0.916,-2.9
ARI/ARI201506010,"Monday, June 1, 2015",6:40 p.m. Local,Chase Field,18258,2:45,Night,Away,Atlanta Braves,ATL,Arizona Diamondbacks,ARI,38,8,13,8,7.0,3,7,44,0.342,0.419,0.5,0.919,123,110,0.285,0.58,0.578,,3.6,27,5,9.0,0,67,15,28,20,12,7,0,68,0,0,0.215,3.4,32,1,7,1,1.0,0,5,33,0.219,0.212,0.281,0.493,183,83,-0.216,0.53,0.185,,-3.4,27,10,9.0,1,53,7,23,7,21,15,0,29,0,0,-0.284,-3.6
ARI/ARI201506020,"Tuesday, June 2, 2015",6:40 p.m. Local,Chase Field,17101,3:18,Night,Home,Arizona Diamondbacks,ARI,Atlanta Braves,ATL,36,6,10,6,6.0,2,5,38,0.278,0.316,0.389,0.705,164,93,0.147,1.32,1.028,,1.6,24,12,8.0,1,52,9,32,18,13,10,0,31,4,0,-0.647,-3.1,32,7,9,7,7.88,10,4,43,0.281,0.452,0.406,0.859,154,93,0.646,1.42,1.377,,3.1,27,13,9.0,0,57,15,21,17,12,6,0,48,4,4,-0.147,-1.6
ARI/ARI201506030,"Wednesday, June 3, 2015",12:40 p.m. Local,Chase Field,17717,3:17,Day,Home,Arizona Diamondbacks,ARI,Atlanta Braves,ATL,38,8,13,8,8.0,2,12,42,0.342,0.39,0.632,1.022,160,110,0.136,1.0,0.742,,3.6,24,5,8.0,1,57,17,36,20,7,5,0,38,4,1,-0.637,-5.1,36,9,12,8,7.88,4,7,41,0.333,0.39,0.528,0.918,168,102,0.635,0.81,1.104,,5.1,27,12,9.0,3,63,12,27,13,17,12,0,27,0,0,-0.137,-3.6
ATL/ATL201506050,"Friday, June 5, 2015",7:35 p.m. Local,Turner Field,27508,3:28,Night,Away,Pittsburgh Pirates,PIT,Atlanta Braves,ATL,39,10,13,9,9.0,5,8,44,0.333,0.409,0.513,0.922,161,109,0.739,1.45,1.347,,6.0,27,12,9.0,0,66,12,31,14,17,12,0,37,2,0,-0.239,-4.0,40,8,14,7,5.0,5,6,45,0.35,0.422,0.4,0.822,177,104,0.238,1.04,1.28,,4.0,27,9,9.0,2,68,10,26,21,13,8,0,41,0,0,-0.739,-6.0
ATL/ATL201506060,"Saturday, June 6, 2015",7:15 p.m. Local,Turner Field,33268,2:44,Night,Home,Atlanta Braves,ATL,Pittsburgh Pirates,PIT,32,4,6,4,4.0,0,6,32,0.188,0.188,0.281,0.469,120,78,-0.046,0.91,0.702,,-0.0,24,12,8.0,2,48,14,18,16,10,5,0,45,1,0,-0.455,-1.4,31,5,9,5,5.62,2,5,35,0.29,0.324,0.484,0.807,117,76,0.455,1.26,0.918,,1.4,27,13,9.0,1,50,10,16,13,15,5,0,57,2,2,0.045,0.0
ATL/ATL201506070,"Sunday, June 7, 2015",1:36 p.m. Local,Turner Field,24146,2:50,Day,Away,Pittsburgh Pirates,PIT,Atlanta Braves,ATL,35,3,10,3,3.0,2,8,39,0.286,0.342,0.314,0.656,148,86,0.072,1.15,0.626,,-1.0,27,10,9.0,0,48,12,26,12,16,6,0,69,0,0,0.429,4.0,32,0,6,0,0.0,4,10,38,0.188,0.316,0.219,0.535,138,93,-0.43,0.95,0.43,,-4.0,27,9,9.0,0,57,14,22,10,12,5,0,45,0,0,-0.071,1.0
ATL/ATL201506080,"Monday, June 8, 2015",7:11 p.m. Local,Turner Field,21458,3:47,Night,Away,San Diego Padres,SDP,Atlanta Braves,ATL,40,5,9,5,3.27,2,10,44,0.225,0.256,0.4,0.656,182,120,0.259,0.94,1.212,,0.1,33,16,11.0,0,80,17,23,15,17,6,0,45,3,0,0.239,1.9,41,3,11,3,2.45,2,9,44,0.268,0.302,0.317,0.619,175,118,-0.239,1.4,0.543,,-1.9,33,15,11.0,0,69,22,27,23,10,5,0,68,1,1,-0.261,-0.1
ATL/ATL201506090,"Tuesday, June 9, 2015",8:00 p.m. Local,Turner Field,24049,3:15,Night,Home,Atlanta Braves,ATL,San Diego Padres,SDP,40,5,14,5,5.0,3,5,44,0.35,0.395,0.525,0.92,136,106,-0.138,1.3,1.058,,1.0,24,11,8.0,1,76,13,17,13,23,16,0,41,1,0,-0.363,-2.4,36,6,11,6,5.62,2,7,38,0.306,0.342,0.444,0.787,163,87,0.363,1.46,1.078,,2.4,27,11,9.0,1,52,17,18,15,14,12,0,26,3,0,0.139,-1.0
ATL/ATL201506100,"Wednesday, June 10, 2015",7:11 p.m. Local,Turner Field,21465,2:39,Night,Home,Atlanta Braves,ATL,San Diego Padres,SDP,31,1,5,1,0.0,2,6,34,0.161,0.235,0.226,0.461,146,73,-0.35,0.63,0.287,,-3.0,24,15,8.0,0,45,7,21,11,14,5,0,49,3,0,-0.151,-0.4,33,4,13,3,3.38,3,5,36,0.394,0.444,0.394,0.838,116,86,0.151,0.93,0.476,,0.4,27,10,9.0,0,47,11,28,15,13,9,0,70,0,0,0.35,3.0
ATL/ATL201506110,"Thursday, June 11, 2015",1:06 p.m. Local,Turner Field,25759,3:42,Day,Away,San Diego Padres,SDP,Atlanta Braves,ATL,38,6,7,5,4.09,7,12,47,0.184,0.326,0.184,0.51,164,110,0.183,1.45,1.671,,1.1,33,20,11.0,1,64,21,24,12,14,7,0,47,1,0,0.317,0.9,37,4,7,4,1.64,6,5,45,0.189,0.295,0.324,0.62,179,98,-0.318,2.11,0.832,,-0.9,33,11,11.0,0,56,15,29,20,14,5,0,59,12,3,-0.182,-1.1
NYN/NYN201506120,"Friday, June 12, 2015",7:11 p.m. Local,Citi Field,32554,3:09,Night,Home,New York Mets,NYM,Atlanta Braves,ATL,32,3,9,2,3.0,6,3,40,0.281,0.41,0.344,0.754,125,98,-0.251,0.77,1.173,,-1.0,24,8,8.0,2,68,4,26,14,16,9,0,45,1,1,-0.249,-1.4,29,5,7,5,4.5,4,7,34,0.241,0.353,0.517,0.87,163,80,0.25,1.95,0.646,,1.4,27,14,9.0,0,49,14,17,8,14,4,0,53,1,0,0.251,1.0
NYN/NYN201506130,"Saturday, June 13, 2015",4:11 p.m. Local,Citi Field,37734,3:39,Day,Away,Atlanta Braves,ATL,New York Mets,NYM,44,5,13,5,4.09,3,12,50,0.295,0.34,0.409,0.75,161,124,0.312,1.36,1.592,,0.1,33,13,11.0,0,72,23,29,17,18,11,0,47,2,1,0.186,1.9,43,3,11,2,2.45,2,8,45,0.256,0.289,0.349,0.638,180,105,-0.187,1.63,1.026,,-1.9,33,13,11.0,1,70,10,25,14,21,11,0,71,3,1,-0.312,-0.1
NYN/NYN201506140,"Sunday, June 14, 2015",1:12 p.m. Local,Citi Field,36340,2:59,Day,Home,New York Mets,NYM,Atlanta Braves,ATL,40,8,14,8,8.0,3,7,43,0.35,0.395,0.5,0.895,146,96,0.285,1.09,1.003,,4.0,24,9,8.0,4,62,14,20,14,19,10,0,25,1,1,-0.785,-6.4,36,10,14,9,10.12,4,9,40,0.389,0.45,0.778,1.228,144,94,0.783,0.98,1.387,,6.4,27,10,9.0,1,53,17,24,10,17,8,0,10,3,1,-0.286,-4.0
BOS/BOS201506150,"Monday, June 15, 2015",7:11 p.m. Local,Fenway Park,34439,2:54,Night,Away,Atlanta Braves,ATL,Boston Red Sox,BOS,34,4,9,3,4.0,1,7,36,0.265,0.306,0.265,0.57,138,85,0.081,1.02,0.48,,-0.7,27,12,9.0,1,51,8,26,10,17,8,0,62,1,0,0.419,2.7,34,2,10,2,1.0,2,5,36,0.294,0.333,0.441,0.775,127,91,-0.419,0.71,0.437,,-2.7,27,8,9.0,0,53,4,34,16,13,4,0,49,4,1,-0.081,0.7
BOS/BOS201506160,"Tuesday, June 16, 2015",4:05 p.m. Local,Fenway Park,35662,2:38,Day,Home,Boston Red Sox,BOS,Atlanta Braves,ATL,37,4,10,4,4.0,2,11,39,0.27,0.308,0.378,0.686,124,88,-0.203,0.7,0.382,,-0.7,24,12,8.0,1,49,18,21,10,16,8,0,25,1,0,-0.297,-4.8,37,9,18,8,10.12,1,3,38,0.486,0.5,0.865,1.365,150,81,0.297,0.85,0.733,,4.8,27,8,9.0,0,53,9,21,12,22,9,0,61,2,0,0.203,0.7
ATL/ATL201506170,"Wednesday, June 17, 2015",7:10 p.m. Local,Turner Field,28982,3:09,Night,Home,Atlanta Braves,ATL,Boston Red Sox,BOS,34,2,8,2,1.0,2,8,37,0.235,0.278,0.324,0.601,164,94,-0.18,1.4,0.674,,-2.0,24,10,8.0,0,51,12,31,16,11,3,0,49,7,2,-0.322,-1.4,33,5,10,5,5.62,6,6,40,0.303,0.41,0.364,0.774,129,94,0.323,1.29,1.144,,1.4,27,12,9.0,1,60,10,24,19,9,3,0,61,0,0,0.179,2.0
ATL/ATL201506180,"Thursday, June 18, 2015",7:55 p.m. Local,Turner Field,31783,3:04,Night,Away,Boston Red Sox,BOS,Atlanta Braves,ATL,35,5,9,4,2.0,3,8,38,0.257,0.316,0.371,0.687,126,100,0.176,1.03,0.606,,1.0,27,10,9.0,0,59,17,24,13,14,6,0,63,0,0,0.325,2.0,33,2,6,0,0.0,2,7,36,0.182,0.25,0.212,0.462,161,84,-0.325,0.78,0.437,,-2.0,27,10,9.0,0,47,12,25,13,13,5,0,48,1,0,-0.176,-1.0
ATL/ATL201506190,"Friday, June 19, 2015",7:35 p.m. Local,Turner Field,28853,2:29,Night,Home,Atlanta Braves,ATL,New York Mets,NYM,31,1,6,1,1.0,0,4,34,0.194,0.219,0.226,0.445,119,78,-0.389,1.36,0.411,,-3.0,24,10,8.0,0,48,13,17,12,17,7,0,64,7,2,-0.11,1.6,29,2,6,2,2.25,2,4,32,0.207,0.258,0.276,0.534,109,74,0.111,1.27,0.758,,-1.6,27,11,9.0,0,45,10,19,14,12,5,0,68,0,0,0.39,3.0
ATL/ATL201506200,"Saturday, June 20, 2015",7:11 p.m. Local,Turner Field,40733,3:11,Night,Home,Atlanta Braves,ATL,New York Mets,NYM,33,4,8,4,4.0,2,8,37,0.242,0.324,0.424,0.749,150,92,-0.014,1.05,0.758,,-0.0,24,6,8.0,0,45,13,34,9,16,4,0,37,3,1,-0.486,-2.4,30,6,10,6,5.62,4,7,36,0.333,0.389,0.433,0.822,140,87,0.487,1.11,0.87,,2.4,27,7,9.0,2,57,12,20,12,13,5,0,49,0,0,0.015,0.0
ATL/ATL201506210,"Sunday, June 21, 2015",5:08 p.m. Local,Turner Field,30268,2:26,Night,Home,Atlanta Braves,ATL,New York Mets,NYM,29,0,4,0,0.0,2,6,31,0.138,0.194,0.172,0.366,143,65,-0.689,1.05,0.439,,-4.0,24,8,8.0,0,38,12,15,10,13,4,0,62,1,0,0.189,2.6,30,1,6,1,1.12,3,7,33,0.2,0.273,0.267,0.539,103,87,-0.188,1.62,0.447,,-2.6,27,10,9.0,0,41,12,34,12,11,5,0,78,1,0,0.69,4.0
WAS/WAS201506230,"Tuesday, June 23, 2015",9:17 p.m. Local,Nationals Park,28344,2:52,Night,Home,Washington Nationals,WSN,Atlanta Braves,ATL,36,1,9,1,1.0,2,9,38,0.25,0.289,0.361,0.651,117,108,-0.419,0.64,0.399,,-3.3,24,15,8.0,0,67,16,25,14,13,6,0,46,0,0,-0.081,0.8,33,3,12,3,3.38,1,3,35,0.364,0.382,0.424,0.807,164,77,0.081,1.15,0.462,,-0.8,27,11,9.0,1,48,11,18,19,12,10,0,64,2,0,0.419,3.3
WAS/WAS201506240,"Wednesday, June 24, 2015",7:05 p.m. Local,Nationals Park,36141,3:10,Night,Home,Washington Nationals,WSN,Atlanta Braves,ATL,40,1,10,1,0.82,1,6,42,0.25,0.262,0.275,0.537,160,106,-0.6,1.83,0.868,,-4.2,32,15,10.2,0,65,10,32,18,17,13,0,71,5,1,0.101,2.8,35,2,6,2,1.69,6,7,43,0.171,0.286,0.229,0.514,147,99,-0.1,1.8,0.934,,-2.8,33,12,11.0,0,67,11,21,18,12,5,0,73,0,0,0.602,4.2
WAS/WAS201506250,"Thursday, June 25, 2015",4:05 p.m. Local,Nationals Park,37874,2:36,Day,Home,Washington Nationals,WSN,Atlanta Braves,ATL,31,0,6,0,0.0,1,6,34,0.194,0.242,0.226,0.468,131,93,-0.194,0.32,0.112,,-4.3,24,12,8.0,1,60,7,26,11,15,6,0,24,0,0,-0.306,-3.2,34,7,12,6,4.5,2,3,37,0.353,0.389,0.529,0.918,143,82,0.305,0.43,0.436,,3.2,27,10,9.0,0,54,12,16,16,16,10,0,72,0,0,0.195,4.3
PIT/PIT201506260,"Friday, June 26, 2015",7:08 p.m. Local,PNC Park,34220,3:10,Night,Home,Pittsburgh Pirates,PIT,Atlanta Braves,ATL,34,2,6,2,1.8,4,4,38,0.176,0.263,0.265,0.528,144,77,-0.466,1.62,0.621,,-2.6,28,12,9.1,0,43,11,23,18,12,6,0,48,2,2,-0.035,0.2,36,3,11,3,2.89,4,7,42,0.306,0.405,0.389,0.794,124,91,0.034,1.41,1.123,,-0.2,30,18,10.0,1,55,12,24,16,13,8,0,57,0,0,0.466,2.6
PIT/PIT201506270,"Saturday, June 27, 2015",4:20 p.m. Local,PNC Park,36417,3:02,Day,Home,Pittsburgh Pirates,PIT,Atlanta Braves,ATL,36,4,11,4,4.0,0,8,38,0.306,0.342,0.417,0.759,132,94,-0.093,0.38,0.41,,-0.1,24,9,8.0,0,56,12,26,14,14,4,0,34,0,0,-0.407,-4.3,36,8,13,7,9.0,1,7,39,0.361,0.395,0.417,0.811,136,96,0.406,0.72,0.561,,4.3,27,10,9.0,0,55,12,29,12,18,11,0,42,2,0,0.093,0.1
PIT/PIT201506280,"Sunday, June 28, 2015",1:37 p.m. Local,PNC Park,36082,2:46,Day,Away,Atlanta Braves,ATL,Pittsburgh Pirates,PIT,33,2,8,2,2.0,4,7,38,0.242,0.324,0.333,0.658,126,84,-0.104,1.46,0.553,,-2.1,27,10,9.0,0,47,15,22,19,8,5,0,76,1,0,0.604,3.1,31,1,6,1,1.0,1,10,34,0.194,0.242,0.258,0.5,141,84,-0.604,0.93,0.484,,-3.1,27,16,9.0,1,43,17,24,10,12,4,0,55,0,0,0.104,2.1
ATL/ATL201506300,"Tuesday, June 30, 2015",7:10 p.m. Local,Turner Field,23961,2:53,Night,Away,Washington Nationals,WSN,Atlanta Braves,ATL,37,6,11,4,5.0,4,15,42,0.297,0.366,0.459,0.825,139,103,0.308,0.39,0.522,,2.0,27,7,9.0,1,59,22,22,13,10,6,0,73,2,0,0.191,3.0,35,1,8,1,1.0,0,7,36,0.229,0.25,0.343,0.593,163,105,-0.193,0.36,0.11,,-3.0,27,9,9.0,1,67,11,27,9,19,9,0,40,0,0,-0.308,-2.0
ATL/ATL201507010,"Wednesday, July 1, 2015",9:19 p.m. Local,Turner Field,19393,2:39,Night,Home,Atlanta Braves,ATL,Washington Nationals,WSN,29,1,4,1,1.0,6,10,35,0.138,0.286,0.138,0.424,123,88,-0.328,0.55,0.334,,-3.0,24,9,8.0,2,53,14,21,11,8,3,0,44,0,0,-0.174,-0.4,31,4,7,4,4.5,2,6,33,0.226,0.273,0.419,0.692,143,80,0.175,0.86,0.452,,0.4,27,11,9.0,0,48,10,22,14,11,4,0,67,3,0,0.327,3.0
ATL/ATL201507020,"Thursday, July 2, 2015",7:11 p.m. Local,Turner Field,18585,2:33,Night,Home,Atlanta Braves,ATL,Washington Nationals,WSN,30,1,5,1,1.0,0,10,32,0.167,0.219,0.2,0.419,105,73,-0.449,1.15,0.476,,-3.0,25,8,8.1,0,42,16,15,11,9,6,0,74,,,-0.052,1.6,27,2,5,2,2.16,0,9,29,0.185,0.185,0.222,0.407,110,79,0.053,1.42,0.628,,-1.6,27,9,9.0,0,51,14,14,10,10,2,0,72,2,0,0.449,3.0
ATL/ATL201507030,"Friday, July 3, 2015",7:37 p.m. Local,Turner Field,33090,2:43,Night,Home,Atlanta Braves,ATL,Philadelphia Phillies,PHI,33,1,9,1,0.0,3,5,37,0.273,0.333,0.303,0.636,118,85,-0.543,0.94,0.501,,-3.0,24,7,8.0,2,45,19,21,12,17,8,0,62,2,0,0.041,1.6,30,2,7,2,2.25,2,6,32,0.233,0.281,0.467,0.748,134,73,-0.042,1.4,0.508,,-1.6,27,11,9.0,0,45,11,17,10,14,6,0,62,0,0,0.542,3.0
ATL/ATL201507040,"Saturday, July 4, 2015",7:15 p.m. Local,Turner Field,34401,3:04,Night,Home,Atlanta Braves,ATL,Philadelphia Phillies,PHI,35,5,11,5,5.0,3,7,39,0.314,0.368,0.543,0.911,167,86,-0.119,0.32,0.327,,1.0,24,11,8.0,1,51,13,22,12,17,6,0,3,1,0,-0.381,-5.4,34,9,10,9,10.12,5,5,40,0.294,0.385,0.471,0.855,130,108,0.382,0.59,0.47,,5.4,27,9,9.0,2,69,8,31,15,15,7,0,38,0,0,0.119,-1.0
ATL/ATL201507050,"Sunday, July 5, 2015",1:35 p.m. Local,Turner Field,18763,3:13,Day,Away,Philadelphia Phillies,PHI,Atlanta Braves,ATL,40,4,12,4,3.6,3,12,44,0.3,0.341,0.35,0.691,149,106,-0.166,1.37,0.981,,-0.5,30,11,10.0,0,59,23,24,15,14,7,0,71,0,0,0.667,4.5,35,0,7,0,0.0,1,10,37,0.2,0.243,0.229,0.472,165,92,-0.668,1.55,0.486,,-4.5,30,7,10.0,0,43,23,26,13,12,4,0,65,6,3,0.166,0.5
MIL/MIL201507060,"Monday, July 6, 2015",7:11 p.m. Local,Miller Park,25046,3:30,Night,Away,Atlanta Braves,ATL,Milwaukee Brewers,MIL,40,5,15,5,5.0,3,7,44,0.375,0.419,0.55,0.969,140,112,0.228,1.16,0.744,,0.8,27,12,9.0,1,71,16,25,18,16,11,0,48,2,0,0.271,1.2,33,3,8,3,3.0,2,6,35,0.242,0.286,0.424,0.71,173,93,-0.27,0.73,0.552,,-1.2,27,11,9.0,1,58,9,26,10,17,10,0,32,0,0,-0.23,-0.8
MIL/MIL201507070,"Tuesday, July 7, 2015",7:10 p.m. Local,Miller Park,33388,2:55,Night,Away,Atlanta Braves,ATL,Milwaukee Brewers,MIL,34,4,10,4,4.0,2,4,37,0.294,0.333,0.471,0.804,148,79,0.092,1.32,0.606,,-0.2,27,11,9.0,2,47,4,30,12,19,11,0,52,4,0,0.409,1.2,33,3,8,3,3.0,4,7,37,0.242,0.324,0.515,0.839,133,99,-0.408,0.78,0.631,,-1.2,27,9,9.0,1,61,17,21,10,16,11,0,42,1,1,-0.091,0.2
MIL/MIL201507080,"Wednesday, July 8, 2015",1:10 p.m. Local,Miller Park,33338,3:00,Day,Home,Milwaukee Brewers,MIL,Atlanta Braves,ATL,31,5,7,5,5.0,5,7,38,0.226,0.333,0.452,0.785,145,85,0.084,1.14,0.766,,0.8,24,5,8.0,3,49,11,25,14,12,4,0,66,1,0,-0.584,-2.3,29,6,5,6,6.75,4,10,33,0.172,0.273,0.483,0.755,140,81,0.585,1.03,1.185,,2.3,27,11,9.0,2,42,18,21,5,14,4,0,48,1,0,-0.084,-0.8
COL/COL201507090,"Thursday, July 9, 2015",6:42 p.m. Local,Coors Field,30334,3:13,Night,Home,Colorado Rockies,COL,Atlanta Braves,ATL,34,3,10,3,3.0,1,9,37,0.294,0.306,0.353,0.658,138,89,-0.297,0.66,0.566,,-1.9,24,10,8.0,1,51,16,22,14,13,12,0,50,0,0,-0.201,-0.6,37,5,16,5,5.62,2,7,40,0.432,0.45,0.676,1.126,131,99,0.204,1.21,0.641,,0.6,27,10,9.0,0,64,12,23,13,18,14,0,51,4,1,0.299,1.9
COL/COL201507100,"Friday, July 10, 2015",6:11 p.m. Local,Coors Field,48254,2:47,Night,Home,Colorado Rockies,COL,Atlanta Braves,ATL,32,3,8,3,3.0,2,5,35,0.25,0.314,0.344,0.658,140,71,-0.393,0.67,0.41,,-1.9,24,7,8.0,1,42,9,20,13,14,8,0,31,0,0,-0.107,-0.6,34,5,12,5,5.62,3,9,37,0.353,0.405,0.647,1.052,118,89,0.108,0.99,0.559,,0.6,27,12,9.0,1,51,17,21,9,16,8,0,57,3,0,0.393,1.9
COL/COL201507110,"Saturday, July 11, 2015",2:13 p.m. Local,Coors Field,40620,3:26,Day,Home,Colorado Rockies,COL,Atlanta Braves,ATL,33,2,6,2,2.0,5,8,38,0.182,0.289,0.394,0.683,146,87,-0.522,1.7,0.579,,-2.9,25,5,8.1,1,50,12,25,14,11,6,0,56,6,1,0.021,0.3,34,3,10,3,3.24,5,11,40,0.294,0.4,0.529,0.929,148,94,-0.024,1.65,1.094,,-0.3,27,14,9.0,2,57,17,20,7,16,9,0,61,4,0,0.522,2.9
COL/COL201507120,"Sunday, July 12, 2015",2:12 p.m. Local,Coors Field,37047,3:08,Day,Home,Colorado Rockies,COL,Atlanta Braves,ATL,34,3,8,3,3.0,7,10,41,0.235,0.366,0.294,0.66,149,91,0.001,0.8,0.72,,-1.9,24,7,8.0,2,47,16,28,13,11,8,0,25,2,2,-0.503,-6.6,39,11,17,11,12.38,2,9,42,0.436,0.463,0.667,1.13,148,99,0.503,1.11,0.94,,6.6,27,10,9.0,0,53,18,28,14,17,9,0,51,0,0,-0.004,1.9
ATL/ATL201507170,"Friday, July 17, 2015",7:38 p.m. Local,Turner Field,42532,3:04,Night,Home,Atlanta Braves,ATL,Chicago Cubs,CHC,31,2,7,2,2.0,3,7,34,0.226,0.294,0.258,0.552,146,83,-0.339,1.42,0.586,,-2.0,24,9,8.0,0,50,16,20,14,10,6,0,59,1,0,-0.162,-0.4,30,4,7,4,3.38,5,7,36,0.233,0.343,0.333,0.676,143,84,0.161,1.33,0.931,,0.4,27,13,9.0,0,41,16,26,10,13,11,0,48,2,0,0.339,2.0
ATL/ATL201507180,"Saturday, July 18, 2015",7:11 p.m. Local,Turner Field,45758,3:06,Night,Away,Chicago Cubs,CHC,Atlanta Braves,ATL,35,4,8,3,2.0,5,10,40,0.229,0.325,0.257,0.582,138,96,-0.01,1.05,0.469,,-0.0,27,9,9.0,0,54,20,22,7,18,6,0,80,2,0,0.511,4.0,29,0,2,0,0.0,2,9,32,0.069,0.156,0.069,0.225,158,80,-0.51,0.75,0.212,,-4.0,27,3,9.0,0,44,8,28,12,8,3,0,47,4,1,0.011,0.0
ATL/ATL201507190,"Sunday, July 19, 2015",5:11 p.m. Local,Turner Field,31690,3:18,Night,Away,Chicago Cubs,CHC,Atlanta Braves,ATL,36,4,9,4,2.0,6,11,42,0.25,0.357,0.361,0.718,151,101,0.107,0.86,0.537,,-0.0,27,11,9.0,0,60,19,22,8,17,7,0,78,1,1,0.392,3.0,32,1,5,1,1.0,4,12,36,0.156,0.25,0.281,0.531,157,100,-0.392,0.66,0.223,,-3.0,27,6,9.0,1,58,17,25,12,8,4,0,60,0,0,-0.109,0.0
ATL/ATL201507200,"Monday, July 20, 2015",7:10 p.m. Local,Turner Field,24072,3:01,Night,Home,Atlanta Braves,ATL,Los Angeles Dodgers,LAD,39,5,14,4,5.0,0,2,39,0.359,0.359,0.487,0.846,151,88,-0.03,0.66,0.89,,1.0,24,12,8.0,1,58,7,23,12,25,11,0,36,0,0,-0.47,-3.4,34,7,11,6,7.88,4,5,38,0.324,0.395,0.559,0.954,139,94,0.469,1.2,0.726,,3.4,27,8,9.0,1,58,12,24,15,14,8,0,42,2,0,0.031,-1.0
ATL/ATL201507210,"Tuesday, July 21, 2015",7:10 p.m. Local,Turner Field,33816,3:20,Night,Home,Atlanta Braves,ATL,Los Angeles Dodgers,LAD,31,3,6,3,3.0,4,4,36,0.194,0.286,0.419,0.705,158,79,-0.33,0.96,0.775,,-1.0,24,10,8.0,0,51,10,18,14,14,5,0,42,4,1,-0.17,-0.4,32,4,9,4,1.12,5,8,37,0.281,0.378,0.406,0.785,139,96,0.171,1.61,0.675,,0.4,27,13,9.0,2,60,9,27,11,13,6,0,49,0,0,0.331,1.0
ATL/ATL201507220,"Wednesday, July 22, 2015",12:12 p.m. Local,Turner Field,24112,2:49,Day,Away,Los Angeles Dodgers,LAD,Atlanta Braves,ATL,31,3,6,3,3.0,5,14,36,0.194,0.306,0.258,0.564,125,81,0.079,1.21,0.595,,-1.0,27,14,9.0,0,38,17,27,8,9,5,0,72,0,0,0.422,3.0,29,1,3,1,0.0,2,7,32,0.103,0.161,0.103,0.265,139,83,-0.423,0.82,0.283,,-3.0,27,7,9.0,0,44,9,30,14,9,5,0,61,1,0,-0.078,1.0
SLN/SLN201507240,"Friday, July 24, 2015",7:15 p.m. Local,Busch Stadium III,44778,2:55,Night,Home,St. Louis Cardinals,STL,Atlanta Braves,ATL,30,2,6,1,2.0,1,8,33,0.2,0.226,0.233,0.459,144,75,-0.355,0.59,0.312,,-2.2,24,14,8.0,1,41,7,27,13,11,4,0,39,5,0,-0.144,-0.3,31,4,9,4,4.5,5,6,36,0.29,0.389,0.419,0.808,109,88,0.144,0.98,0.559,,0.3,27,11,9.0,0,56,11,22,12,13,8,0,64,0,0,0.355,2.2
SLN/SLN201507250,"Saturday, July 25, 2015",6:15 p.m. Local,Busch Stadium III,45862,2:13,Night,Home,St. Louis Cardinals,STL,Atlanta Braves,ATL,30,0,7,0,0.0,1,6,31,0.233,0.258,0.233,0.491,109,66,-0.689,1.29,0.412,,-4.2,24,6,8.0,0,42,5,19,14,10,5,0,72,2,1,0.189,2.7,24,1,2,1,1.12,2,4,28,0.083,0.179,0.125,0.304,102,69,-0.188,1.54,0.408,,-2.7,27,12,9.0,0,43,10,16,9,12,1,0,75,0,0,0.689,4.2
SLN/SLN201507260,"Sunday, July 26, 2015",1:15 p.m. Local,Busch Stadium III,44780,3:02,Day,Away,Atlanta Braves,ATL,St. Louis Cardinals,STL,35,3,8,3,3.0,4,6,39,0.229,0.308,0.343,0.651,133,99,-0.014,1.82,0.628,,-1.2,27,10,9.0,0,57,17,25,16,13,3,0,55,0,0,0.513,2.2,34,2,8,2,2.0,4,4,38,0.235,0.316,0.324,0.639,155,88,-0.513,0.94,0.726,,-2.2,27,10,9.0,1,48,10,30,15,15,5,0,52,1,0,0.014,1.2
BAL/BAL201507270,"Monday, July 27, 2015",7:07 p.m. Local,Oriole Park at Camden Yards,26256,3:20,Night,Home,Baltimore Orioles,BAL,Atlanta Braves,ATL,41,1,9,1,0.82,1,8,42,0.22,0.238,0.341,0.58,164,108,-0.519,1.85,0.837,,-4.5,30,4,10.0,1,70,14,24,20,13,6,0,77,1,0,0.021,3.0,36,2,7,2,1.8,4,11,41,0.194,0.268,0.306,0.574,165,104,-0.019,1.52,1.202,,-3.0,33,15,11.0,1,67,14,23,10,16,4,0,71,2,0,0.521,4.5
BAL/BAL201507280,"Tuesday, July 28, 2015",7:07 p.m. Local,Oriole Park at Camden Yards,28592,2:53,Night,Home,Baltimore Orioles,BAL,Atlanta Braves,ATL,35,3,8,3,3.0,3,4,39,0.229,0.308,0.314,0.622,153,84,-0.102,0.57,0.339,,-1.5,24,5,8.0,2,47,9,28,19,12,5,0,32,2,0,-0.397,-3.0,34,7,9,7,6.75,4,8,39,0.265,0.359,0.471,0.83,135,96,0.397,0.64,0.691,,3.0,27,14,9.0,1,49,19,28,12,14,8,0,61,1,1,0.104,1.5
BAL/BAL201507290,"Wednesday, July 29, 2015",7:38 p.m. Local,Oriole Park at Camden Yards,29328,2:15,Night,Home,Baltimore Orioles,BAL,Atlanta Braves,ATL,30,0,4,0,0.0,0,2,30,0.133,0.133,0.167,0.3,125,72,-0.558,0.7,0.193,,-4.5,24,4,8.0,2,46,5,21,18,10,5,0,58,0,0,0.057,2.0,28,2,6,2,2.25,2,9,30,0.214,0.267,0.464,0.731,100,82,-0.056,1.04,0.355,,-2.0,27,19,9.0,0,52,15,17,2,17,8,0,78,1,0,0.557,4.5
PHI/PHI201507300,"Thursday, July 30, 2015",7:05 p.m. Local,Citizens Bank Park,21706,2:59,Night,Home,Philadelphia Phillies,PHI,Atlanta Braves,ATL,37,1,12,1,1.0,2,7,40,0.324,0.359,0.324,0.683,127,107,-0.299,0.95,0.647,,-3.0,24,14,8.0,1,63,21,23,12,19,11,0,37,1,0,-0.2,-0.4,33,4,12,4,4.5,1,6,35,0.364,0.382,0.455,0.837,157,90,0.2,1.38,0.702,,0.4,27,8,9.0,0,59,10,21,20,8,4,0,47,0,0,0.299,3.0
PHI/PHI201507310,"Friday, July 31, 2015",7:38 p.m. Local,Citizens Bank Park,29290,2:39,Night,Home,Philadelphia Phillies,PHI,Atlanta Braves,ATL,37,3,10,3,3.0,0,4,37,0.27,0.27,0.405,0.676,148,88,-0.174,0.33,0.122,,-1.0,24,10,8.0,1,60,7,21,20,13,8,0,8,2,2,-0.327,-5.4,34,9,11,9,10.12,5,4,41,0.324,0.415,0.441,0.856,121,94,0.328,0.39,0.426,,5.4,27,14,9.0,1,64,10,20,15,16,9,0,54,0,0,0.173,1.0
PHI/PHI201508010,"Saturday, August 1, 2015",7:07 p.m. Local,Citizens Bank Park,25523,2:52,Night,Home,Philadelphia Phillies,PHI,Atlanta Braves,ATL,33,2,6,2,2.0,0,6,33,0.182,0.182,0.303,0.485,157,95,-0.029,0.49,0.284,,-2.0,24,8,8.0,3,60,16,19,16,11,7,0,22,1,0,-0.472,-8.4,38,12,15,12,13.5,3,7,42,0.395,0.429,0.737,1.165,139,99,0.472,0.51,0.722,,8.4,27,15,9.0,1,63,11,25,12,20,14,0,52,0,0,0.029,2.0
PHI/PHI201508020,"Sunday, August 2, 2015",1:40 p.m. Local,Citizens Bank Park,24361,2:48,Day,Away,Atlanta Braves,ATL,Philadelphia Phillies,PHI,37,6,11,6,6.0,3,3,41,0.297,0.366,0.405,0.771,128,89,0.34,0.92,1.013,,2.0,27,10,9.0,0,57,12,20,12,22,12,0,60,0,0,0.159,2.0,35,2,10,2,2.0,0,9,37,0.286,0.306,0.343,0.648,140,87,-0.159,1.06,0.437,,-2.0,27,9,9.0,1,47,23,17,15,12,7,0,35,1,1,-0.34,-2.0
ATL/ATL201508030,"Monday, August 3, 2015",7:10 p.m. Local,Turner Field,23428,3:53,Night,Home,Atlanta Braves,ATL,San Francisco Giants,SFG,46,8,14,8,6.0,4,4,51,0.304,0.373,0.609,0.981,170,111,0.374,1.41,1.299,,2.6,33,18,11.0,4,76,13,23,11,31,13,0,31,1,1,-0.873,-4.1,49,9,17,9,6.55,2,4,52,0.347,0.385,0.633,1.017,182,116,0.873,1.03,2.001,,4.1,36,9,12.0,4,79,11,26,19,26,17,0,29,2,1,-0.373,-2.6
ATL/ATL201508040,"Tuesday, August 4, 2015",7:10 p.m. Local,Turner Field,18411,3:15,Night,Away,San Francisco Giants,SFG,Atlanta Braves,ATL,36,8,11,8,8.0,5,6,42,0.306,0.381,0.556,0.937,161,99,0.643,1.2,1.107,,4.0,27,11,9.0,0,61,13,25,14,17,10,0,65,3,1,-0.142,1.0,35,3,9,3,3.0,1,11,37,0.257,0.278,0.257,0.535,154,112,0.141,1.03,0.809,,-1.0,27,10,9.0,2,61,21,31,16,9,4,0,61,1,1,-0.642,-4.0
ATL/ATL201508050,"Wednesday, August 5, 2015",7:10 p.m. Local,Turner Field,17444,2:52,Night,Away,San Francisco Giants,SFG,Atlanta Braves,ATL,38,6,12,6,5.0,2,4,41,0.316,0.366,0.368,0.734,141,79,0.188,0.63,0.519,,2.0,27,10,9.0,0,46,11,22,17,17,7,0,69,1,0,0.312,3.0,34,1,7,1,1.0,1,11,35,0.206,0.229,0.265,0.493,132,96,-0.313,0.49,0.152,,-3.0,27,12,9.0,0,53,19,24,13,10,4,0,30,1,1,-0.187,-2.0
ATL/ATL201508060,"Thursday, August 6, 2015",7:09 p.m. Local,Turner Field,18548,3:18,Night,Home,Atlanta Braves,ATL,Miami Marlins,MIA,36,8,13,8,8.0,4,4,44,0.361,0.419,0.5,0.919,127,98,0.388,0.93,1.356,,4.0,24,10,8.0,1,67,12,19,15,20,10,0,23,0,0,-0.888,-5.4,32,9,12,9,10.12,2,1,39,0.375,0.417,0.625,1.042,164,83,0.888,1.79,1.322,,5.4,27,13,9.0,1,57,9,17,12,23,11,0,30,1,0,-0.387,-4.0
ATL/ATL201508070,"Friday, August 7, 2015",7:37 p.m. Local,Turner Field,22769,2:53,Night,Home,Atlanta Braves,ATL,Miami Marlins,MIA,32,3,8,3,3.0,2,5,36,0.25,0.294,0.313,0.607,131,87,0.103,1.26,0.954,,-1.0,24,8,8.0,0,56,11,20,15,14,5,0,56,3,3,-0.605,-2.4,33,6,8,6,4.5,2,8,35,0.242,0.286,0.242,0.528,135,91,0.604,1.27,1.037,,2.4,27,8,9.0,0,60,15,16,12,13,8,0,52,1,1,-0.104,1.0
ATL/ATL201508080,"Saturday, August 8, 2015",7:09 p.m. Local,Turner Field,42544,2:51,Night,Home,Atlanta Braves,ATL,Miami Marlins,MIA,32,2,6,2,2.0,5,4,38,0.188,0.316,0.25,0.566,146,79,-0.245,0.81,0.579,,-2.0,24,10,8.0,0,45,8,26,15,13,6,0,46,2,0,-0.257,-3.4,35,7,14,7,7.88,3,5,39,0.4,0.436,0.543,0.979,134,89,0.255,1.16,0.724,,3.4,27,12,9.0,0,61,11,17,19,12,9,0,50,2,0,0.244,2.0
ATL/ATL201508090,"Sunday, August 9, 2015",5:06 p.m. Local,Turner Field,24610,3:15,Night,Away,Miami Marlins,MIA,Atlanta Braves,ATL,35,4,10,4,4.0,5,7,42,0.286,0.375,0.371,0.746,122,106,0.08,1.31,0.478,,-0.0,27,10,9.0,1,64,17,25,20,10,3,0,70,0,0,0.421,3.0,30,1,3,1,1.0,3,5,33,0.1,0.182,0.233,0.415,172,71,-0.42,0.67,0.445,,-3.0,27,12,9.0,0,41,11,19,13,12,4,0,50,4,0,-0.079,0.0
TBA/TBA201508110,"Tuesday, August 11, 2015",7:11 p.m. Local,Tropicana Field,15506,2:02,Night,Home,Tampa Bay Rays,TBR,Atlanta Braves,ATL,31,0,6,0,0.0,0,5,31,0.194,0.194,0.226,0.419,92,62,-0.569,0.97,0.173,,-4.2,24,12,8.0,1,39,6,17,15,11,6,0,63,,,0.068,1.7,26,2,4,2,2.25,4,1,30,0.154,0.267,0.308,0.574,90,58,-0.068,1.07,0.609,,-1.7,27,13,9.0,0,40,4,14,13,12,4,0,71,1,0,0.569,4.2
TBA/TBA201508120,"Wednesday, August 12, 2015",7:10 p.m. Local,Tropicana Field,16337,3:12,Night,Home,Tampa Bay Rays,TBR,Atlanta Braves,ATL,33,6,9,5,6.0,3,10,37,0.273,0.324,0.455,0.779,157,101,0.284,1.42,0.813,,1.8,24,11,8.0,2,58,20,23,10,14,8,0,48,2,1,-0.784,-5.3,37,9,14,7,6.75,2,11,40,0.378,0.4,0.649,1.049,158,100,0.784,0.88,1.467,,5.3,27,11,9.0,1,59,19,22,10,17,10,0,35,2,2,-0.284,-1.8
ATL/ATL201508140,"Friday, August 14, 2015",7:37 p.m. Local,Turner Field,31917,2:59,Night,Home,Atlanta Braves,ATL,Arizona Diamondbacks,ARI,31,2,5,2,1.0,2,10,33,0.161,0.212,0.258,0.47,140,94,-0.45,0.75,0.322,,-2.0,24,16,8.0,0,54,15,25,6,15,7,0,35,2,0,-0.051,0.6,27,3,8,3,3.38,6,0,35,0.296,0.424,0.481,0.906,145,82,0.05,1.09,0.496,,-0.6,27,6,9.0,0,55,4,23,18,11,6,0,67,0,0,0.45,2.0
ATL/ATL201508150,"Saturday, August 15, 2015",7:10 p.m. Local,Turner Field,29624,3:00,Night,Away,Arizona Diamondbacks,ARI,Atlanta Braves,ATL,35,8,11,8,8.0,4,10,42,0.314,0.381,0.486,0.867,140,101,0.305,0.47,0.534,,4.0,27,12,9.0,1,57,18,26,11,16,12,0,73,4,1,0.196,0.0,35,4,7,4,4.0,3,11,38,0.2,0.263,0.371,0.635,152,86,-0.197,0.51,0.172,,-0.0,27,10,9.0,1,39,14,33,15,9,5,0,26,2,0,-0.304,-4.0
ATL/ATL201508160,"Sunday, August 16, 2015",1:36 p.m. Local,Turner Field,20840,3:13,Day,Home,Atlanta Braves,ATL,Arizona Diamondbacks,ARI,32,1,3,1,0.9,4,13,36,0.094,0.194,0.094,0.288,138,97,-0.53,1.4,0.583,,-3.5,27,15,9.0,1,60,13,24,9,10,1,0,58,1,0,0.03,2.0,33,2,9,2,2.0,5,4,38,0.273,0.368,0.455,0.823,148,81,-0.029,1.6,0.952,,-2.0,30,7,10.0,0,45,14,23,17,12,5,0,75,3,1,0.529,3.5
SDN/SDN201508170,"Monday, August 17, 2015",7:10 p.m. Local,Petco Park,23716,2:58,Night,Home,San Diego Padres,SDP,Atlanta Braves,ATL,32,3,7,3,3.0,2,9,35,0.219,0.265,0.313,0.577,132,91,-0.294,0.68,0.457,,-1.0,24,10,8.0,2,46,14,31,15,9,5,0,41,0,0,-0.206,-1.5,28,5,9,5,5.62,4,4,33,0.321,0.406,0.571,0.978,149,79,0.206,1.1,0.563,,1.5,27,12,9.0,1,48,10,21,12,13,6,0,54,1,0,0.294,1.0
SDN/SDN201508180,"Tuesday, August 18, 2015",7:11 p.m. Local,Petco Park,28395,3:14,Night,Home,San Diego Padres,SDP,Atlanta Braves,ATL,33,0,8,0,0.0,3,8,36,0.242,0.306,0.303,0.609,158,95,-0.324,0.53,0.375,,-4.0,24,11,8.0,3,50,19,26,16,9,5,0,47,4,1,-0.173,-5.5,33,9,13,9,10.12,6,2,40,0.394,0.475,0.818,1.293,151,93,0.174,0.85,0.505,,5.5,27,14,9.0,0,66,7,20,12,20,12,0,67,0,0,0.326,4.0
SDN/SDN201508190,"Wednesday, August 19, 2015",12:43 p.m. Local,Petco Park,20732,2:43,Day,Home,San Diego Padres,SDP,Atlanta Braves,ATL,32,2,8,2,2.0,4,10,36,0.25,0.333,0.281,0.615,135,82,-0.388,1.3,0.625,,-2.0,24,5,8.0,1,35,23,24,13,9,6,0,66,2,0,-0.114,0.5,31,3,8,3,3.38,2,9,34,0.258,0.324,0.452,0.775,137,90,0.114,1.34,0.8,,-0.5,27,12,9.0,0,47,15,28,7,15,7,0,58,0,0,0.386,2.0
CHN/CHN201508200,"Thursday, August 20, 2015",7:06 p.m. Local,Wrigley Field,34633,2:59,Night,Home,Chicago Cubs,CHC,Atlanta Braves,ATL,34,1,8,1,1.0,2,11,37,0.235,0.27,0.235,0.506,145,115,-0.212,0.53,0.171,,-3.1,24,8,8.0,2,64,20,31,18,6,4,0,24,1,0,-0.288,-3.4,33,7,9,7,7.88,3,10,36,0.273,0.333,0.545,0.879,160,94,0.288,0.46,0.531,,3.4,27,11,9.0,0,47,19,28,11,12,7,0,70,3,1,0.212,3.1
CHN/CHN201508210,"Friday, August 21, 2015",3:06 p.m. Local,Wrigley Field,39211,2:53,Day,Home,Chicago Cubs,CHC,Atlanta Braves,ATL,35,3,8,3,3.0,2,10,39,0.229,0.27,0.286,0.556,121,87,-0.142,1.19,0.713,,-1.1,24,9,8.0,1,50,16,21,15,12,9,0,49,4,1,-0.357,-1.4,32,5,8,4,3.38,4,9,36,0.25,0.333,0.438,0.771,144,83,0.359,1.26,1.158,,1.4,27,11,9.0,0,52,13,18,15,8,3,0,47,0,0,0.142,1.1
CHN/CHN201508220,"Saturday, August 22, 2015",3:05 p.m. Local,Wrigley Field,41196,2:42,Day,Home,Chicago Cubs,CHC,Atlanta Braves,ATL,39,7,11,7,7.0,0,7,39,0.282,0.282,0.538,0.821,132,91,0.265,1.02,1.132,,2.9,24,7,8.0,4,54,12,25,15,17,5,0,26,1,0,-0.766,-5.4,35,9,11,9,10.12,2,8,37,0.314,0.351,0.771,1.123,132,90,0.765,1.26,1.326,,5.4,27,10,9.0,2,50,16,24,10,17,8,0,38,3,2,-0.265,-2.9
CHN/CHN201508230,"Sunday, August 23, 2015",1:21 p.m. Local,Wrigley Field,39581,2:57,Day,Home,Chicago Cubs,CHC,Atlanta Braves,ATL,35,3,8,3,3.0,1,9,38,0.229,0.289,0.343,0.632,190,94,-0.136,0.19,0.09,,-1.1,24,9,8.0,5,55,19,20,13,13,10,0,17,2,0,-0.364,-5.4,36,9,11,9,10.12,6,9,44,0.306,0.432,0.722,1.154,142,119,0.363,0.29,0.465,,5.4,27,11,9.0,1,72,25,22,12,15,9,0,60,0,0,0.137,1.1
ATL/ATL201508240,"Monday, August 24, 2015",7:12 p.m. Local,Turner Field,13920,2:43,Night,Home,Atlanta Braves,ATL,Colorado Rockies,COL,32,3,6,3,3.0,1,6,33,0.188,0.212,0.375,0.587,127,86,-0.223,0.76,0.327,,-1.0,24,13,8.0,2,53,12,21,13,13,5,0,38,1,0,-0.276,-1.4,32,5,10,5,5.62,5,4,38,0.312,0.405,0.594,0.999,124,75,0.276,0.86,0.749,,1.4,27,13,9.0,2,49,11,15,17,12,6,0,62,3,1,0.224,1.0
ATL/ATL201508250,"Tuesday, August 25, 2015",7:10 p.m. Local,Turner Field,13863,3:08,Night,Away,Colorado Rockies,COL,Atlanta Braves,ATL,34,5,6,4,1.0,4,6,41,0.176,0.268,0.176,0.445,158,91,0.175,1.13,0.47,,1.0,27,12,9.0,0,56,11,24,15,15,7,0,55,3,0,0.324,3.0,32,1,7,1,1.0,6,8,38,0.219,0.342,0.25,0.592,147,90,-0.323,0.6,0.527,,-3.0,27,7,9.0,0,52,10,28,16,8,4,0,51,0,0,-0.177,-1.0
ATL/ATL201508260,"Wednesday, August 26, 2015",7:10 p.m. Local,Turner Field,18328,3:18,Night,Away,Colorado Rockies,COL,Atlanta Braves,ATL,37,6,11,6,6.0,4,8,41,0.297,0.366,0.541,0.906,182,88,0.373,1.2,1.238,,2.0,27,16,9.0,2,53,18,17,10,19,11,0,42,2,0,0.127,1.0,32,3,10,3,3.0,8,10,43,0.312,0.45,0.531,0.981,146,100,-0.128,1.17,0.642,,-1.0,27,9,9.0,1,54,17,29,16,9,5,0,45,2,0,-0.373,-2.0
ATL/ATL201508280,"Friday, August 28, 2015",7:35 p.m. Local,Turner Field,35546,3:19,Night,Away,New York Yankees,NYY,Atlanta Braves,ATL,40,15,16,15,15.0,8,6,50,0.4,0.5,0.75,1.25,147,116,0.527,0.34,0.632,,11.0,27,7,9.0,1,67,8,41,13,22,9,0,61,1,0,-0.025,0.0,33,4,7,4,4.0,3,9,37,0.212,0.27,0.333,0.604,199,100,0.025,0.35,0.221,,-0.0,27,12,9.0,3,62,9,29,11,14,4,0,12,3,3,-0.525,-11.0
ATL/ATL201508290,"Saturday, August 29, 2015",7:10 p.m. Local,Turner Field,49243,3:04,Night,Away,New York Yankees,NYY,Atlanta Braves,ATL,32,3,6,2,3.0,7,7,39,0.188,0.333,0.344,0.677,131,93,0.004,1.63,0.622,,-1.0,27,13,9.0,0,54,8,31,5,20,7,0,66,1,0,0.497,3.0,34,1,8,0,1.0,4,9,38,0.235,0.316,0.265,0.58,161,87,-0.497,0.92,0.54,,-3.0,27,5,9.0,0,41,18,28,15,10,7,0,56,1,0,-0.003,1.0
ATL/ATL201508300,"Sunday, August 30, 2015",1:38 p.m. Local,Turner Field,33093,3:46,Day,Away,New York Yankees,NYY,Atlanta Braves,ATL,46,20,21,20,20.0,9,7,57,0.457,0.544,0.717,1.261,175,118,0.471,0.53,0.749,,16.0,27,9,9.0,1,68,10,40,15,25,11,0,36,3,1,0.03,-2.0,39,6,12,6,6.0,6,10,45,0.308,0.4,0.436,0.836,202,103,-0.029,0.41,0.334,,2.0,27,6,9.0,3,68,14,21,13,16,8,0,14,8,5,-0.471,-16.0
ATL/ATL201508310,"Monday, August 31, 2015",7:10 p.m. Local,Turner Field,12916,2:54,Night,Away,Miami Marlins,MIA,Atlanta Braves,ATL,36,4,10,4,4.0,1,6,37,0.278,0.297,0.417,0.714,148,96,-0.038,1.18,0.532,,-0.0,27,12,9.0,0,62,13,21,13,17,2,0,65,1,0,0.538,4.0,27,0,3,0,0.0,5,6,32,0.111,0.25,0.111,0.361,144,92,-0.539,0.72,0.305,,-4.0,27,7,9.0,1,57,9,26,11,10,6,0,65,1,0,0.038,0.0
ATL/ATL201509010,"Tuesday, September 1, 2015",7:09 p.m. Local,Turner Field,16386,2:47,Night,Away,Miami Marlins,MIA,Atlanta Braves,ATL,38,7,11,7,7.0,3,9,41,0.289,0.341,0.421,0.763,121,96,0.206,0.72,0.45,,3.0,27,10,9.0,0,56,11,29,13,16,7,0,66,0,0,0.293,3.0,33,1,8,1,1.0,3,3,37,0.242,0.324,0.273,0.597,157,75,-0.295,0.57,0.375,,-3.0,27,9,9.0,1,54,2,19,12,18,9,0,33,3,2,-0.205,-3.0
ATL/ATL201509020,"Wednesday, September 2, 2015",12:10 p.m. Local,Turner Field,17949,3:05,Day,Away,Miami Marlins,MIA,Atlanta Braves,ATL,37,7,14,7,5.0,1,4,40,0.378,0.375,0.568,0.943,148,98,0.512,1.16,0.887,,3.0,27,12,9.0,0,66,9,23,21,14,10,0,48,0,0,-0.011,1.0,29,3,5,3,3.0,5,7,37,0.172,0.324,0.207,0.531,143,92,0.011,0.77,0.599,,-1.0,27,18,9.0,1,61,14,17,13,10,3,0,28,0,0,-0.511,-3.0
WAS/WAS201509030,"Thursday, September 3, 2015",7:05 p.m. Local,Nationals Park,28627,3:02,Night,Home,Washington Nationals,WSN,Atlanta Braves,ATL,27,1,2,1,1.0,6,11,33,0.074,0.242,0.074,0.316,190,83,-0.024,0.33,0.164,,-3.3,24,8,8.0,1,44,12,27,10,6,4,0,15,8,4,-0.477,-11.2,38,15,18,15,16.88,8,8,50,0.474,0.54,0.684,1.224,136,109,0.476,0.39,0.586,,11.2,27,11,9.0,0,57,17,35,11,22,15,0,65,0,0,0.023,3.3
WAS/WAS201509040,"Friday, September 4, 2015",7:05 p.m. Local,Nationals Park,23536,3:23,Night,Home,Washington Nationals,WSN,Atlanta Braves,ATL,38,2,9,2,1.8,3,3,42,0.237,0.31,0.316,0.625,176,92,-0.276,2.14,0.79,,-2.7,27,11,9.0,2,62,6,24,15,20,12,0,58,3,1,-0.225,-0.7,34,5,11,5,5.0,5,7,41,0.324,0.41,0.529,0.94,141,106,0.226,1.32,1.699,,0.7,30,10,10.0,0,61,17,28,15,14,11,0,47,3,0,0.276,2.7
WAS/WAS201509050,"Saturday, September 5, 2015",7:05 p.m. Local,Nationals Park,28646,3:07,Night,Home,Washington Nationals,WSN,Atlanta Braves,ATL,32,2,5,2,0.0,5,12,38,0.156,0.263,0.188,0.451,154,103,-0.211,0.37,0.107,,-2.3,24,10,8.0,1,61,19,23,9,12,6,0,24,2,0,-0.291,-4.2,33,8,10,6,7.88,3,8,37,0.303,0.361,0.545,0.907,163,97,0.292,0.4,0.494,,4.2,27,6,9.0,0,56,16,25,12,14,8,0,74,1,0,0.209,2.3
WAS/WAS201509060,"Sunday, September 6, 2015",1:35 p.m. Local,Nationals Park,29281,3:06,Day,Home,Washington Nationals,WSN,Atlanta Braves,ATL,33,4,7,4,4.0,4,8,38,0.212,0.289,0.273,0.562,164,90,-0.073,0.45,0.379,,-0.3,24,5,8.0,3,46,17,27,15,11,6,0,22,1,1,-0.426,-4.2,35,8,9,8,7.88,4,9,41,0.257,0.366,0.543,0.909,137,96,0.426,0.69,0.658,,4.2,27,13,9.0,0,56,17,23,9,17,11,0,34,3,2,0.073,0.3
PHI/PHI201509070,"Monday, September 7, 2015",7:08 p.m. Local,Citizens Bank Park,15125,2:32,Night,Away,Atlanta Braves,ATL,Philadelphia Phillies,PHI,37,7,12,7,7.0,3,7,41,0.324,0.375,0.595,0.97,121,83,0.298,0.87,0.686,,3.0,27,11,9.0,1,53,8,22,10,21,11,0,64,0,0,0.202,2.0,31,2,6,2,2.0,0,9,33,0.194,0.212,0.387,0.599,139,79,-0.202,0.61,0.329,,-2.0,27,5,9.0,2,43,18,18,11,12,8,0,34,0,0,-0.298,-3.0
PHI/PHI201509080,"Tuesday, September 8, 2015",7:08 p.m. Local,Citizens Bank Park,15610,2:30,Night,Home,Philadelphia Phillies,PHI,Atlanta Braves,ATL,33,0,7,0,0.0,3,10,36,0.212,0.278,0.212,0.49,115,80,-0.471,0.63,0.589,,-4.0,24,13,8.0,1,46,14,20,12,11,7,0,57,3,0,-0.03,-1.4,29,5,9,4,5.62,2,4,31,0.31,0.355,0.517,0.872,120,76,0.029,1.58,0.395,,1.4,27,10,9.0,0,52,10,15,16,8,5,1,71,2,0,0.471,4.0
PHI/PHI201509090,"Wednesday, September 9, 2015",7:06 p.m. Local,Citizens Bank Park,15241,2:52,Night,Away,Atlanta Braves,ATL,Philadelphia Phillies,PHI,38,8,18,7,8.0,6,4,49,0.474,0.543,0.658,1.201,129,95,0.32,0.58,0.872,,4.0,27,6,9.0,0,72,8,15,20,18,10,0,67,0,0,0.179,3.0,31,1,4,1,1.0,3,4,34,0.129,0.206,0.194,0.399,154,75,-0.177,0.83,0.199,,-3.0,27,16,9.0,1,47,12,16,10,17,5,0,21,4,0,-0.322,-4.0
ATL/ATL201509100,"Thursday, September 10, 2015",9:30 p.m. Local,Turner Field,22640,3:05,Night,Away,New York Mets,NYM,Atlanta Braves,ATL,35,7,10,7,7.0,6,6,42,0.286,0.405,0.371,0.776,131,110,0.222,0.87,0.64,,3.0,27,9,9.0,0,65,15,30,13,16,5,0,53,1,0,0.278,2.0,34,2,8,2,2.0,2,3,36,0.235,0.278,0.294,0.572,174,89,-0.28,0.66,0.332,,-2.0,27,8,9.0,0,61,6,22,12,19,8,0,49,2,1,-0.221,-3.0
ATL/ATL201509110,"Friday, September 11, 2015",7:35 p.m. Local,Turner Field,23216,3:10,Night,Away,New York Mets,NYM,Atlanta Braves,ATL,37,5,11,3,4.0,4,7,41,0.297,0.366,0.405,0.771,140,95,0.062,1.33,0.695,,1.0,27,10,9.0,1,58,16,21,16,14,5,0,51,0,0,0.437,3.0,36,1,9,1,1.0,2,9,38,0.25,0.289,0.361,0.651,156,93,-0.439,0.97,0.533,,-3.0,27,12,9.0,1,56,11,26,14,13,9,0,53,1,0,-0.062,-1.0
ATL/ATL201509120,"Saturday, September 12, 2015",7:10 p.m. Local,Turner Field,27380,2:57,Night,Away,New York Mets,NYM,Atlanta Braves,ATL,34,6,11,5,6.0,5,3,40,0.324,0.41,0.5,0.91,131,87,0.551,1.02,1.379,,2.0,27,16,9.0,1,57,3,27,16,16,7,0,76,0,0,-0.052,0.0,30,4,4,4,4.0,2,10,32,0.133,0.188,0.233,0.421,140,83,0.052,1.22,0.651,,-0.0,27,14,9.0,1,49,17,17,13,7,4,0,44,8,1,-0.553,-2.0
ATL/ATL201509130,"Sunday, September 13, 2015",1:35 p.m. Local,Turner Field,23786,3:38,Day,Away,New York Mets,NYM,Atlanta Braves,ATL,37,10,9,9,6.3,8,7,48,0.243,0.417,0.459,0.876,150,105,0.982,1.59,1.888,,5.5,30,15,10.0,0,57,13,35,12,18,6,0,48,4,3,-0.482,-2.5,42,7,13,6,5.4,2,5,48,0.31,0.362,0.31,0.671,184,103,0.484,1.33,1.522,,2.5,30,11,10.0,2,69,10,24,22,17,6,0,47,6,4,-0.981,-5.5
ATL/ATL201509150,"Tuesday, September 15, 2015",7:12 p.m. Local,Turner Field,16399,2:45,Night,Home,Atlanta Braves,ATL,Toronto Blue Jays,TOR,32,2,5,2,2.0,5,10,37,0.156,0.27,0.25,0.52,122,93,-0.365,1.52,0.555,,-2.0,25,14,8.1,0,48,20,25,8,14,5,0,50,0,0,-0.136,-0.1,31,3,10,2,2.16,2,5,34,0.323,0.364,0.387,0.751,156,79,0.135,1.36,0.974,,0.1,27,6,9.0,1,48,9,22,18,9,4,0,54,4,0,0.363,2.0
ATL/ATL201509160,"Wednesday, September 16, 2015",7:10 p.m. Local,Turner Field,15178,3:08,Night,Away,Toronto Blue Jays,TOR,Atlanta Braves,ATL,36,9,12,9,8.0,6,4,45,0.333,0.422,0.556,0.978,137,109,0.366,0.5,0.546,,5.0,27,8,9.0,0,67,12,30,19,15,6,0,67,1,0,0.133,3.0,32,1,7,1,1.0,4,12,37,0.219,0.297,0.281,0.579,175,94,-0.134,0.42,0.212,,-3.0,27,15,9.0,1,46,21,27,13,8,7,0,30,2,0,-0.366,-5.0
ATL/ATL201509170,"Thursday, September 17, 2015",7:10 p.m. Local,Turner Field,19367,2:36,Night,Away,Toronto Blue Jays,TOR,Atlanta Braves,ATL,36,5,10,5,5.0,4,4,40,0.278,0.35,0.556,0.906,108,93,0.195,0.58,0.612,,1.0,27,10,9.0,0,54,14,25,8,24,9,0,78,0,0,0.306,4.0,28,0,3,0,0.0,2,4,30,0.107,0.167,0.107,0.274,152,78,-0.306,0.61,0.1,,-4.0,27,9,9.0,3,56,9,13,10,14,1,0,39,0,0,-0.194,-1.0
ATL/ATL201509180,"Friday, September 18, 2015",7:36 p.m. Local,Turner Field,22525,2:58,Night,Home,Atlanta Braves,ATL,Philadelphia Phillies,PHI,34,1,7,1,1.0,5,11,40,0.206,0.308,0.294,0.602,90,117,-0.594,0.79,0.981,,-3.0,24,13,8.0,0,70,20,27,16,8,7,0,55,0,0,0.092,1.6,29,2,7,2,2.25,0,5,29,0.241,0.241,0.345,0.586,176,68,-0.092,2.31,0.408,,-1.6,27,11,9.0,1,47,9,12,10,14,8,0,58,7,0,0.593,3.0
ATL/ATL201509190,"Saturday, September 19, 2015",7:11 p.m. Local,Turner Field,24855,2:21,Night,Home,Atlanta Braves,ATL,Philadelphia Phillies,PHI,28,1,3,0,1.0,2,8,30,0.107,0.167,0.143,0.31,118,79,-0.414,1.53,0.325,,-3.0,24,8,8.0,0,37,14,28,11,9,4,0,70,1,0,-0.087,1.6,30,2,7,2,2.25,3,5,33,0.233,0.303,0.333,0.636,129,72,0.087,1.2,0.998,,-1.6,27,13,9.0,0,41,10,21,12,13,6,0,72,0,0,0.414,3.0
ATL/ATL201509200,"Sunday, September 20, 2015",1:38 p.m. Local,Turner Field,23723,2:33,Day,Home,Atlanta Braves,ATL,Philadelphia Phillies,PHI,32,1,6,1,1.0,1,8,33,0.188,0.212,0.188,0.4,128,77,-0.339,1.23,0.897,,-3.0,25,13,8.1,0,43,18,16,7,17,7,0,64,0,0,-0.162,1.2,30,2,8,2,2.16,5,6,35,0.267,0.371,0.3,0.671,112,74,0.16,1.95,0.764,,-1.2,27,6,9.0,0,44,11,19,15,9,7,0,76,2,1,0.338,3.0
NYN/NYN201509210,"Monday, September 21, 2015",7:11 p.m. Local,Citi Field,26362,2:51,Night,Home,New York Mets,NYM,Atlanta Braves,ATL,32,0,5,0,0.0,2,5,34,0.156,0.206,0.156,0.362,163,83,-0.412,0.65,0.242,,-4.0,24,7,8.0,1,43,14,26,19,8,4,0,49,2,0,-0.087,-0.4,31,4,10,3,4.5,6,7,37,0.323,0.432,0.516,0.949,125,94,0.087,0.88,0.47,,0.4,27,15,9.0,0,55,13,26,7,17,6,0,66,0,0,0.413,4.0
NYN/NYN201509220,"Tuesday, September 22, 2015",7:11 p.m. Local,Citi Field,26227,2:56,Night,Away,Atlanta Braves,ATL,New York Mets,NYM,34,6,9,6,6.0,2,7,37,0.265,0.306,0.529,0.835,137,90,0.274,1.12,0.705,,2.0,27,5,9.0,1,51,16,23,9,19,6,0,66,6,1,0.226,2.0,33,2,6,2,2.0,2,10,36,0.182,0.222,0.333,0.556,136,90,-0.225,0.74,0.502,,-2.0,27,6,9.0,2,52,13,25,6,18,6,0,43,0,0,-0.274,-2.0
NYN/NYN201509230,"Wednesday, September 23, 2015",7:10 p.m. Local,Citi Field,28931,2:45,Night,Away,Atlanta Braves,ATL,New York Mets,NYM,33,6,9,6,6.0,3,4,38,0.273,0.351,0.394,0.745,129,81,0.543,1.13,1.456,,2.0,27,10,9.0,1,44,7,30,16,14,6,0,51,2,1,-0.04,1.0,34,3,10,3,3.0,2,5,37,0.294,0.333,0.471,0.804,119,83,0.04,1.71,0.818,,-1.0,27,14,9.0,1,46,9,28,11,19,12,0,51,3,3,-0.541,-2.0
MIA/MIA201509250,"Friday, September 25, 2015",7:10 p.m. Local,Marlins Park,24626,3:19,Night,Home,Miami Marlins,MIA,Atlanta Braves,ATL,39,11,16,11,11.0,4,5,45,0.41,0.444,0.615,1.06,137,113,0.147,0.67,1.089,,7.0,24,17,8.0,1,71,15,27,15,21,12,0,9,4,3,-0.647,-8.4,39,12,20,11,13.5,2,2,41,0.513,0.537,0.795,1.331,179,85,0.649,1.36,0.963,,8.4,27,10,9.0,2,58,4,23,19,18,13,0,26,6,1,-0.147,-7.0
MIA/MIA201509260,"Saturday, September 26, 2015",7:12 p.m. Local,Marlins Park,24449,2:55,Night,Home,Miami Marlins,MIA,Atlanta Braves,ATL,30,2,5,2,2.0,6,2,37,0.167,0.306,0.167,0.472,146,84,-0.452,0.87,0.503,,-2.0,24,13,8.0,1,49,12,23,16,13,5,0,51,2,1,-0.048,-2.4,28,6,9,6,5.62,7,4,38,0.321,0.444,0.464,0.909,133,80,0.049,1.42,0.519,,2.4,27,11,9.0,0,46,11,23,11,16,7,0,66,5,0,0.453,2.0
MIA/MIA201509270,"Sunday, September 27, 2015",1:11 p.m. Local,Marlins Park,27702,2:50,Day,Home,Miami Marlins,MIA,Atlanta Braves,ATL,32,5,10,5,5.0,6,5,39,0.312,0.421,0.5,0.921,144,74,0.023,0.75,0.779,,1.0,24,12,8.0,3,46,12,16,18,10,7,0,31,2,1,-0.523,-5.4,37,9,11,9,7.88,1,5,39,0.297,0.316,0.622,0.937,127,101,0.522,1.11,0.923,,5.4,27,12,9.0,1,62,13,26,16,17,8,0,37,1,0,-0.023,-1.0
ATL/ATL201509290,"Tuesday, September 29, 2015",7:10 p.m. Local,Turner Field,15272,2:30,Night,Home,Atlanta Braves,ATL,Washington Nationals,WSN,31,1,7,1,1.0,3,5,34,0.226,0.294,0.355,0.649,119,79,-0.518,0.87,0.862,,-3.0,24,13,8.0,2,54,7,18,9,17,4,0,59,1,0,0.017,1.6,26,2,5,2,2.25,1,7,29,0.192,0.25,0.423,0.673,125,76,-0.019,1.82,0.509,,-1.6,27,11,9.0,1,44,10,22,12,8,3,0,65,1,0,0.518,3.0
ATL/ATL201509300,"Wednesday, September 30, 2015",7:10 p.m. Local,Turner Field,13860,2:12,Night,Home,Atlanta Braves,ATL,Washington Nationals,WSN,31,0,6,0,0.0,3,5,34,0.194,0.265,0.258,0.523,99,78,-0.515,0.56,0.366,,-4.0,24,16,8.0,0,44,8,26,16,10,5,0,52,0,0,0.015,1.6,29,2,6,2,2.25,1,1,32,0.207,0.258,0.241,0.499,123,63,-0.015,1.17,0.302,,-1.6,27,11,9.0,0,41,4,18,18,11,4,0,60,0,0,0.515,4.0
ATL/ATL201510010,"Thursday, October 1, 2015",7:10 p.m. Local,Turner Field,37790,2:47,Night,Away,Washington Nationals,WSN,Atlanta Braves,ATL,33,3,6,2,1.0,1,12,34,0.182,0.206,0.273,0.479,144,80,-0.059,1.32,0.406,,-1.0,27,11,9.0,0,44,12,24,17,4,2,0,66,0,0,0.558,4.0,33,0,7,0,0.0,2,9,35,0.212,0.257,0.212,0.469,132,90,-0.559,0.74,0.349,,-4.0,27,13,9.0,1,46,18,26,13,11,8,0,73,3,2,0.057,1.0
ATL/ATL201510020,"Friday, October 2, 2015",7:37 p.m. Local,Turner Field,24481,2:58,Night,Home,Atlanta Braves,ATL,St. Louis Cardinals,STL,31,0,5,0,0.0,4,9,35,0.161,0.257,0.29,0.547,150,94,-0.463,0.63,0.53,,-4.0,24,11,8.0,1,40,23,31,9,13,5,0,45,1,1,-0.037,-0.4,34,4,9,4,4.5,4,8,40,0.265,0.375,0.441,0.816,152,102,0.038,1.19,0.477,,0.4,27,6,9.0,0,61,17,24,14,12,4,0,67,1,0,0.463,4.0
ATL/ATL201510041,"Sunday, October 4, 2015",1:10 p.m. Local,Turner Field,,2:14,Day,Home,Atlanta Braves,ATL,St. Louis Cardinals,STL,30,0,3,0,0.0,4,8,35,0.1,0.229,0.1,0.329,112,76,-0.312,0.41,0.207,,-4.0,24,9,8.0,3,38,15,23,9,13,4,0,44,0,0,-0.189,-2.4,31,6,8,6,6.75,1,11,32,0.258,0.281,0.581,0.862,128,79,0.188,0.69,0.379,,2.4,27,9,9.0,0,47,12,20,10,10,4,0,80,2,0,0.312,4.0
ATL/ATL201510042,"Sunday, October 4, 2015",4:05 p.m. Local,Turner Field,31441,2:19,Day,Home,Atlanta Braves,ATL,St. Louis Cardinals,STL,29,0,4,0,0.0,1,4,30,0.138,0.167,0.172,0.339,130,76,-0.58,0.92,0.211,,-4.0,24,10,8.0,0,52,10,14,11,14,3,0,51,0,0,0.08,1.6,31,2,11,2,2.25,0,7,32,0.355,0.355,0.419,0.774,107,89,-0.079,1.1,0.491,,-1.6,27,9,9.0,0,61,15,13,14,11,6,0,78,2,0,0.58,4.0
