,date,time,venue,attendance,duration,time_of_day,winner,winning_name,winning_abbr,losing_name,losing_abbr,away_at_bats,away_runs,away_hits,away_rbi,away_earned_runs,away_bases_on_balls,away_strikeouts,away_plate_appearances,away_batting_average,away_on_base_percentage,away_slugging_percentage,away_on_base_plus,away_pitches,away_strikes,away_win_probability_for_offensive_player,away_average_leverage_index,away_win_probability_added,away_win_probability_subtracted,away_base_out_runs_added,away_putouts,away_assists,away_innings_pitched,away_home_runs,away_strikes_by_contact,away_strikes_swinging,away_strikes_looking,away_grounded_balls,away_fly_balls,away_line_drives,away_unknown_bat_type,away_game_score,away_inherited_runners,away_inherited_score,away_win_probability_by_pitcher,away_base_out_runs_saved,home_at_bats,home_runs,home_hits,home_rbi,home_earned_runs,home_bases_on_balls,home_strikeouts,home_plate_appearances,home_batting_average,home_on_base_percentage,home_slugging_percentage,home_on_base_plus,home_pitches,home_strikes,home_win_probability_for_offensive_player,home_average_leverage_index,home_win_probability_added,home_win_probability_subtracted,home_base_out_runs_added,home_putouts,home_assists,home_innings_pitched,home_home_runs,home_strikes_by_contact,home_strikes_swinging,home_strikes_looking,home_grounded_balls,home_fly_balls,home_line_drives,home_unknown_bat_type,home_game_score,home_inherited_runners,home_inherited_score,home_win_probability_by_pitcher,home_base_out_runs_saved
TBA/TBA201504060,"Monday, April 6, 2015",3:12 p.m. Local,Tropicana Field,31042,3:01,Day,Away,Baltimore Orioles,BAL,Tampa Bay Rays,TBR,34,6,8,6,5.0,2,11,37,0.235,0.297,0.559,0.856,141,102,0.171,0.8,0.542,,1.8,27,11,9.0,1,55,19,28,10,13,3,0,63,2,1,0.331,2.2,32,2,8,2,2.0,3,8,35,0.25,0.314,0.406,0.721,154,83,-0.329,0.6,0.286,,-2.2,27,9,9.0,3,50,12,21,9,15,3,0,47,2,1,-0.17,-1.8
TBA/TBA201504070,"Tuesday, April 7, 2015",7:10 p.m. Local,Tropicana Field,13906,3:22,Night,Away,Baltimore Orioles,BAL,Tampa Bay Rays,TBR,29,6,6,6,6.0,6,5,37,0.207,0.351,0.345,0.696,176,86,0.194,1.23,0.595,,1.8,27,7,9.0,2,50,12,24,14,11,3,0,45,2,0,0.307,-0.8,32,5,5,5,5.0,4,11,37,0.156,0.27,0.406,0.677,151,112,-0.307,0.69,0.589,,0.8,27,13,9.0,1,63,25,24,8,13,2,0,35,3,0,-0.193,-1.8
TBA/TBA201504080,"Wednesday, April 8, 2015",7:10 p.m. Local,Tropicana Field,13569,3:00,Night,Home,Tampa Bay Rays,TBR,Baltimore Orioles,BAL,29,0,3,0,0.0,1,13,31,0.103,0.161,0.138,0.299,151,99,-0.623,1.22,0.21,,-4.2,24,14,8.0,0,50,23,26,5,11,3,0,59,2,1,0.122,1.7,25,2,5,2,2.25,8,7,33,0.2,0.394,0.24,0.634,142,87,-0.123,1.23,0.568,,-1.7,27,5,9.0,0,50,16,21,12,6,2,0,77,0,0,0.622,4.2
BAL/BAL201504100,"Friday, April 10, 2015",3:11 p.m. Local,Oriole Park at Camden Yards,45936,2:45,Day,Away,Toronto Blue Jays,TOR,Baltimore Orioles,BAL,39,12,16,12,12.0,3,6,47,0.41,0.426,0.615,1.041,130,103,0.434,0.38,0.56,,7.5,27,13,9.0,2,63,14,26,15,22,10,0,47,0,0,0.069,-0.5,36,5,13,4,5.0,2,2,38,0.361,0.395,0.611,1.006,162,79,-0.067,0.36,0.226,,0.5,27,10,9.0,0,51,9,19,13,21,12,0,13,3,3,-0.432,-7.5
BAL/BAL201504110,"Saturday, April 11, 2015",7:07 p.m. Local,Oriole Park at Camden Yards,38897,2:34,Night,Home,Baltimore Orioles,BAL,Toronto Blue Jays,TOR,30,1,3,1,1.0,1,10,32,0.1,0.156,0.133,0.29,153,79,-0.258,0.48,0.063,,-3.5,24,11,8.0,3,34,14,31,16,4,3,0,33,2,0,-0.244,-3.0,32,7,9,6,7.88,6,8,39,0.281,0.41,0.563,0.973,119,92,0.244,0.45,0.505,,3.0,27,15,9.0,0,63,12,17,11,13,6,0,82,0,0,0.257,3.5
BAL/BAL201504120,"Sunday, April 12, 2015",1:39 p.m. Local,Oriole Park at Camden Yards,32522,3:17,Day,Away,Toronto Blue Jays,TOR,Baltimore Orioles,BAL,36,10,10,10,10.0,6,5,43,0.278,0.372,0.611,0.983,139,117,0.57,1.19,1.044,,5.5,27,9,9.0,2,66,20,31,4,28,12,0,25,0,0,-0.068,-2.5,35,7,8,7,7.0,2,9,39,0.229,0.308,0.4,0.708,190,88,0.069,0.81,0.922,,2.5,27,4,9.0,3,48,20,20,11,15,9,0,14,2,2,-0.57,-5.5
BAL/BAL201504130,"Monday, April 13, 2015",7:11 p.m. Local,Oriole Park at Camden Yards,21633,3:09,Night,Away,New York Yankees,NYY,Baltimore Orioles,BAL,32,6,7,6,6.0,2,7,36,0.219,0.286,0.5,0.786,150,96,0.398,1.96,1.134,,1.5,27,13,9.0,1,57,11,28,11,15,5,0,44,3,1,0.102,-0.5,35,5,11,5,5.0,2,13,38,0.314,0.368,0.486,0.854,145,94,-0.102,1.29,1.159,,0.5,27,9,9.0,3,41,26,27,12,10,6,0,59,0,0,-0.398,-1.5
BAL/BAL201504140,"Tuesday, April 14, 2015",7:07 p.m. Local,Oriole Park at Camden Yards,19283,2:29,Night,Home,Baltimore Orioles,BAL,New York Yankees,NYY,34,3,6,2,2.0,1,10,35,0.176,0.2,0.265,0.465,102,93,-0.41,0.67,0.401,,-1.5,24,11,8.0,1,50,21,22,12,12,8,0,53,0,0,-0.09,-0.0,29,4,7,4,4.5,1,9,32,0.241,0.25,0.414,0.664,134,71,0.089,1.15,0.472,,0.0,27,11,9.0,0,35,10,26,14,8,5,0,74,1,0,0.409,1.5
BAL/BAL201504150,"Wednesday, April 15, 2015",7:08 p.m. Local,Oriole Park at Camden Yards,23409,3:14,Night,Home,Baltimore Orioles,BAL,New York Yankees,NYY,33,5,8,4,5.0,4,12,38,0.242,0.316,0.455,0.77,146,101,-0.033,1.18,0.658,,0.5,24,7,8.0,2,53,15,33,7,15,4,0,49,3,3,-0.467,-3.0,37,7,15,7,7.88,4,11,42,0.405,0.463,0.649,1.112,164,88,0.467,0.98,1.122,,3.0,27,5,9.0,1,49,16,23,9,18,11,0,50,0,0,0.033,-0.5
BOS/BOS201504170,"Friday, April 17, 2015",7:11 p.m. Local,Fenway Park,34341,3:13,Night,Home,Boston Red Sox,BOS,Baltimore Orioles,BAL,32,2,5,1,2.0,2,8,34,0.156,0.206,0.281,0.487,137,103,-0.432,1.52,0.46,,-2.7,25,13,8.1,1,56,23,24,11,13,5,0,60,4,1,-0.069,1.1,26,3,4,3,3.24,7,5,35,0.154,0.353,0.269,0.622,165,73,0.069,1.3,0.967,,-1.1,27,12,9.0,1,38,8,27,15,7,0,0,54,2,0,0.431,2.7
BOS/BOS201504180,"Saturday, April 18, 2015",4:06 p.m. Local,Fenway Park,37655,3:24,Day,Away,Baltimore Orioles,BAL,Boston Red Sox,BOS,39,4,13,4,4.0,2,8,41,0.333,0.366,0.436,0.802,163,94,-0.039,1.42,0.671,,-0.7,27,13,9.0,0,59,16,19,17,14,6,0,55,2,0,0.538,3.7,32,1,7,1,1.0,3,10,35,0.219,0.286,0.25,0.536,145,100,-0.538,1.01,0.568,,-3.7,27,12,9.0,1,56,11,33,16,6,2,0,48,0,0,0.038,0.7
BOS/BOS201504190,"Sunday, April 19, 2015",1:38 p.m. Local,Fenway Park,37761,3:14,Day,Away,Baltimore Orioles,BAL,Boston Red Sox,BOS,39,8,15,8,8.0,3,9,44,0.385,0.432,0.615,1.047,150,94,0.441,0.81,0.942,,3.3,27,11,9.0,1,61,16,17,11,20,10,0,46,0,0,0.059,1.7,33,3,6,3,3.0,4,7,37,0.182,0.27,0.303,0.573,153,90,-0.06,0.92,0.485,,-1.7,27,8,9.0,2,45,12,33,16,10,5,0,14,1,0,-0.44,-3.3
BOS/BOS201504200,"Monday, April 20, 2015",11:04 a.m. Local,Fenway Park,36829,2:21,Day,Home,Boston Red Sox,BOS,Baltimore Orioles,BAL,24,1,4,1,1.29,3,7,27,0.167,0.259,0.333,0.593,128,67,-0.17,0.8,0.274,,-2.6,18,3,6.0,0,38,10,19,8,9,4,0,45,1,0,-0.325,-3.9,22,7,5,4,3.0,6,3,32,0.227,0.419,0.273,0.692,113,70,0.325,0.79,0.596,,3.9,21,6,7.0,0,39,5,26,9,12,4,0,60,1,0,0.169,2.6
TOR/TOR201504210,"Tuesday, April 21, 2015",7:07 p.m. Local,Rogers Centre,14184,2:53,Night,Home,Toronto Blue Jays,TOR,Baltimore Orioles,BAL,37,6,12,4,4.0,2,5,40,0.324,0.35,0.432,0.782,157,88,-0.077,0.31,0.161,,1.5,24,7,8.0,3,59,10,19,18,15,11,0,8,3,1,-0.422,-9.0,39,13,16,12,14.62,4,3,45,0.41,0.467,0.769,1.236,142,98,0.423,0.33,0.559,,9.0,27,14,9.0,0,56,11,31,9,28,19,0,45,1,1,0.077,-1.5
TOR/TOR201504220,"Wednesday, April 22, 2015",7:06 p.m. Local,Rogers Centre,15606,2:36,Night,Home,Toronto Blue Jays,TOR,Baltimore Orioles,BAL,28,2,5,2,2.0,8,6,36,0.179,0.361,0.321,0.683,137,73,-0.313,0.94,0.801,,-2.5,24,8,8.0,2,45,7,22,10,11,6,1,42,0,0,-0.188,0.0,32,4,9,4,4.5,3,9,35,0.281,0.343,0.5,0.843,136,85,0.189,1.52,0.796,,-0.0,27,10,9.0,1,42,12,31,12,11,4,0,53,2,0,0.312,2.5
TOR/TOR201504230,"Thursday, April 23, 2015",7:07 p.m. Local,Rogers Centre,18581,2:36,Night,Home,Toronto Blue Jays,TOR,Baltimore Orioles,BAL,35,6,8,6,6.0,0,9,36,0.229,0.25,0.429,0.679,146,79,-0.235,0.46,0.132,,1.5,24,7,8.0,1,45,14,20,15,11,5,0,23,2,1,-0.265,-3.0,29,7,7,7,7.88,8,7,38,0.241,0.405,0.517,0.923,122,84,0.264,0.47,0.456,,3.0,27,11,9.0,2,54,15,15,10,13,7,0,73,2,2,0.235,-1.5
BAL/BAL201504240,"Friday, April 24, 2015",7:08 p.m. Local,Oriole Park at Camden Yards,37359,3:29,Night,Away,Boston Red Sox,BOS,Baltimore Orioles,BAL,38,7,11,7,4.0,2,4,41,0.289,0.341,0.526,0.868,161,99,0.551,1.76,1.278,,2.5,27,6,9.0,2,62,8,29,10,24,12,0,49,4,1,-0.051,-0.5,33,5,10,5,5.0,4,10,39,0.303,0.368,0.515,0.884,146,94,0.05,1.07,1.061,,0.5,27,9,9.0,3,53,22,19,5,20,13,0,40,1,1,-0.551,-2.5
BAL/BAL201504250,"Saturday, April 25, 2015",7:08 p.m. Local,Oriole Park at Camden Yards,36757,2:57,Night,Home,Baltimore Orioles,BAL,Boston Red Sox,BOS,35,4,8,4,3.6,3,7,39,0.229,0.289,0.4,0.689,131,89,0.131,1.16,1.101,,-1.0,28,15,9.1,2,58,7,24,15,14,5,0,53,0,0,-0.631,-0.3,37,5,11,5,4.82,1,4,41,0.297,0.317,0.595,0.912,145,80,0.631,1.71,1.37,,0.3,30,11,10.0,2,50,11,19,18,17,10,0,70,2,0,-0.13,1.0
BAL/BAL201504260,"Sunday, April 26, 2015",1:36 p.m. Local,Oriole Park at Camden Yards,43802,3:13,Day,Home,Baltimore Orioles,BAL,Boston Red Sox,BOS,37,7,9,7,6.0,6,3,43,0.243,0.349,0.514,0.862,185,94,-0.17,0.34,0.085,,2.5,24,6,8.0,1,50,8,36,14,20,9,0,19,3,2,-0.331,-14.0,44,18,20,17,18.0,4,5,49,0.455,0.49,0.659,1.149,152,114,0.332,0.3,0.438,,14.0,27,10,9.0,3,82,15,17,14,26,21,0,47,0,0,0.169,-2.5
BAL/BAL201504290,"Wednesday, April 29, 2015",2:06 p.m. Local,Oriole Park at Camden Yards,,2:03,Day,Home,Baltimore Orioles,BAL,Chicago White Sox,CHW,30,2,4,1,0.0,1,9,31,0.133,0.161,0.133,0.295,112,79,-0.109,0.32,0.081,,-2.5,24,9,8.0,2,46,7,26,14,7,4,0,21,0,0,-0.391,-4.0,34,8,11,8,7.88,1,7,36,0.324,0.333,0.618,0.951,115,82,0.392,0.28,0.445,,4.0,27,12,9.0,0,55,10,17,9,19,12,0,72,0,0,0.11,2.5
TBA/TBA201505010,"Friday, May 1, 2015",7:08 p.m. Local,Tropicana Field,9945,2:19,Night,Away,Baltimore Orioles,BAL,Tampa Bay Rays,TBR,30,2,4,2,2.0,2,9,32,0.133,0.188,0.167,0.354,114,81,-0.086,0.98,0.332,,-2.2,27,8,9.0,0,51,11,19,8,13,5,0,67,0,0,0.587,4.2,31,0,4,0,0.0,0,13,31,0.129,0.129,0.129,0.258,120,80,-0.587,0.6,0.105,,-4.2,27,5,9.0,0,39,21,20,8,10,6,0,68,0,0,0.085,2.2
TBA/TBA201505020,"Saturday, May 2, 2015",7:06 p.m. Local,Tropicana Field,12789,2:33,Night,Home,Tampa Bay Rays,TBR,Baltimore Orioles,BAL,31,0,4,0,0.0,1,7,32,0.129,0.156,0.194,0.35,147,80,-0.34,0.53,0.154,,-4.2,24,13,8.0,1,51,11,18,8,16,6,0,45,0,0,-0.16,-0.3,30,4,7,4,4.5,4,6,34,0.233,0.324,0.367,0.69,122,93,0.158,0.67,0.432,,0.3,27,6,9.0,0,62,10,21,13,11,8,0,76,2,0,0.341,4.2
TBA/TBA201505030,"Sunday, May 3, 2015",1:37 p.m. Local,Tropicana Field,16652,2:44,Day,Home,Tampa Bay Rays,TBR,Baltimore Orioles,BAL,33,2,7,2,2.0,3,8,36,0.212,0.278,0.364,0.641,131,89,-0.218,1.45,0.546,,-2.2,24,6,8.0,0,55,16,18,11,14,3,0,66,8,3,-0.282,-0.3,33,4,9,4,4.5,2,8,35,0.273,0.314,0.303,0.617,129,87,0.281,1.1,1.029,,0.3,27,8,9.0,1,53,19,15,10,15,7,0,52,1,0,0.219,2.2
NYN/NYN201505050,"Tuesday, May 5, 2015",7:10 p.m. Local,Citi Field,20534,2:19,Night,Home,New York Mets,NYM,Baltimore Orioles,BAL,34,2,7,2,2.0,0,10,34,0.206,0.206,0.382,0.588,105,82,-0.405,0.74,0.322,,-2.0,24,10,8.0,0,45,11,26,8,16,8,0,54,0,0,-0.096,0.6,29,3,7,3,3.38,1,5,30,0.241,0.267,0.345,0.611,112,79,0.096,1.06,0.524,,-0.6,27,7,9.0,2,44,8,27,10,14,6,0,72,0,0,0.404,2.0
NYN/NYN201505060,"Wednesday, May 6, 2015",7:10 p.m. Local,Citi Field,21667,2:52,Night,Home,New York Mets,NYM,Baltimore Orioles,BAL,36,1,9,1,1.0,1,12,38,0.25,0.289,0.25,0.539,149,96,-0.29,0.62,0.377,,-3.0,24,7,8.0,2,56,22,18,17,7,5,0,37,0,0,-0.21,-1.4,30,5,7,5,5.62,3,7,34,0.233,0.294,0.433,0.727,139,91,0.21,0.88,0.472,,1.4,27,12,9.0,0,52,18,21,11,13,4,0,69,1,0,0.291,3.0
NYA/NYA201505070,"Thursday, May 7, 2015",7:08 p.m. Local,Yankee Stadium III,39816,2:51,Night,Home,New York Yankees,NYY,Baltimore Orioles,BAL,31,3,6,3,3.0,4,6,36,0.194,0.286,0.452,0.737,139,92,-0.372,0.96,0.77,,-1.4,24,9,8.0,1,59,14,19,12,14,8,0,33,2,0,-0.127,-0.1,32,4,11,4,4.5,3,6,36,0.344,0.389,0.531,0.92,152,84,0.127,1.64,0.707,,0.1,27,13,9.0,2,53,6,25,12,15,10,0,45,2,0,0.373,1.4
NYA/NYA201505080,"Friday, May 8, 2015",7:08 p.m. Local,Yankee Stadium III,38731,3:05,Night,Home,New York Yankees,NYY,Baltimore Orioles,BAL,35,4,10,4,4.0,4,5,40,0.286,0.375,0.314,0.689,142,94,-0.355,0.65,0.577,,-0.4,24,13,8.0,1,58,14,22,18,12,8,0,32,1,0,-0.145,-1.1,30,5,8,5,5.62,3,6,34,0.267,0.324,0.533,0.857,153,92,0.146,1.28,0.49,,1.1,27,17,9.0,0,59,13,20,13,12,5,0,41,5,2,0.356,0.4
NYA/NYA201505090,"Saturday, May 9, 2015",1:07 p.m. Local,Yankee Stadium III,41280,2:55,Day,Away,Baltimore Orioles,BAL,New York Yankees,NYY,35,6,9,6,6.0,2,9,39,0.257,0.333,0.629,0.962,151,88,0.233,0.69,0.551,,1.6,27,10,9.0,0,43,23,22,11,15,7,0,69,2,0,0.267,2.4,36,2,8,2,1.0,1,10,38,0.222,0.237,0.278,0.515,140,107,-0.267,0.47,0.253,,-2.4,27,10,9.0,3,61,15,31,14,13,4,0,40,1,0,-0.233,-1.6
NYA/NYA201505100,"Sunday, May 10, 2015",1:08 p.m. Local,Yankee Stadium III,39059,3:03,Day,Home,New York Yankees,NYY,Baltimore Orioles,BAL,35,2,8,2,2.0,0,18,35,0.229,0.229,0.4,0.629,165,103,-0.207,0.68,0.253,,-2.4,24,12,8.0,2,52,26,25,8,9,6,0,31,2,0,-0.292,-2.1,29,6,8,6,6.75,8,5,39,0.276,0.462,0.552,1.013,144,84,0.292,0.64,0.658,,2.1,27,6,9.0,1,49,15,20,10,14,6,0,77,1,0,0.208,2.4
BAL/BAL201505110,"Monday, May 11, 2015",7:08 p.m. Local,Oriole Park at Camden Yards,20468,2:43,Night,Home,Baltimore Orioles,BAL,Toronto Blue Jays,TOR,33,2,8,2,2.0,2,13,35,0.242,0.286,0.333,0.619,143,91,-0.287,0.49,0.34,,-2.5,24,7,8.0,3,44,13,34,10,10,7,0,47,3,1,-0.214,-1.0,31,5,8,5,5.62,2,9,35,0.258,0.314,0.548,0.863,132,92,0.213,0.8,0.485,,1.0,27,9,9.0,0,54,20,18,8,15,7,0,64,0,0,0.287,2.5
BAL/BAL201505120,"Tuesday, May 12, 2015",7:08 p.m. Local,Oriole Park at Camden Yards,17319,2:37,Night,Away,Toronto Blue Jays,TOR,Baltimore Orioles,BAL,40,10,13,7,6.0,2,9,44,0.325,0.386,0.575,0.961,111,109,0.376,0.77,1.043,,5.5,27,12,9.0,0,67,18,24,15,16,8,0,59,0,0,0.125,2.5,31,2,5,2,2.0,1,5,32,0.161,0.188,0.226,0.413,162,78,-0.124,1.03,0.384,,-2.5,27,11,9.0,3,51,8,19,13,13,7,0,39,2,2,-0.376,-5.5
BAL/BAL201505130,"Wednesday, May 13, 2015",7:07 p.m. Local,Oriole Park at Camden Yards,24654,2:39,Night,Home,Baltimore Orioles,BAL,Toronto Blue Jays,TOR,30,1,4,0,0.0,3,7,34,0.133,0.235,0.133,0.369,141,76,-0.22,0.39,0.204,,-3.5,24,11,8.0,1,42,12,22,9,14,5,0,32,2,0,-0.281,-2.0,32,6,9,6,6.75,5,2,40,0.281,0.41,0.531,0.942,116,79,0.281,0.57,0.451,,2.0,27,9,9.0,0,48,10,21,14,17,8,0,73,2,0,0.219,3.5
BAL/BAL201505150,"Friday, May 15, 2015",7:06 p.m. Local,Oriole Park at Camden Yards,35470,2:23,Night,Away,Los Angeles Angels of Anaheim,LAA,Baltimore Orioles,BAL,30,3,7,3,3.0,2,7,34,0.233,0.265,0.367,0.631,116,74,-0.031,1.23,0.358,,-1.5,27,7,9.0,1,50,6,18,14,11,7,0,70,0,0,0.531,3.5,32,1,5,1,1.0,1,6,33,0.156,0.182,0.25,0.432,110,78,-0.531,0.67,0.388,,-3.5,27,12,9.0,1,45,12,21,9,17,8,0,64,1,0,0.031,1.5
BAL/BAL201505160,"Saturday, May 16, 2015",8:02 p.m. Local,Oriole Park at Camden Yards,29102,2:28,Night,Away,Los Angeles Angels of Anaheim,LAA,Baltimore Orioles,BAL,39,6,13,5,6.0,0,7,39,0.333,0.333,0.487,0.821,106,85,0.131,0.82,0.934,,1.5,27,8,9.0,1,51,8,26,16,16,10,0,74,0,0,0.37,3.5,30,1,3,1,1.0,0,9,30,0.1,0.1,0.2,0.3,127,80,-0.368,1.21,0.2,,-3.5,27,7,9.0,2,47,9,24,11,10,2,0,59,0,0,-0.131,-1.5
BAL/BAL201505170,"Sunday, May 17, 2015",1:36 p.m. Local,Oriole Park at Camden Yards,41733,2:20,Day,Home,Baltimore Orioles,BAL,Los Angeles Angels of Anaheim,LAA,32,0,6,0,0.0,0,9,32,0.188,0.188,0.219,0.406,116,75,-0.61,0.93,0.285,,-4.5,24,7,8.0,0,44,12,19,11,12,4,0,67,1,1,0.111,1.0,30,3,7,2,3.38,1,7,31,0.233,0.258,0.267,0.525,108,78,-0.11,1.17,0.468,,-1.0,27,11,9.0,0,42,18,18,12,11,6,0,76,1,0,0.611,4.5
BAL/BAL201505190,"Tuesday, May 19, 2015",7:08 p.m. Local,Oriole Park at Camden Yards,19494,2:42,Night,Home,Baltimore Orioles,BAL,Seattle Mariners,SEA,33,4,6,4,4.0,3,9,37,0.182,0.27,0.364,0.634,141,88,0.029,0.98,0.543,,-0.5,24,8,8.0,1,48,13,27,4,20,8,0,30,3,1,-0.531,-5.0,35,9,13,7,7.88,5,6,40,0.371,0.45,0.514,0.964,129,87,0.53,0.73,1.177,,5.0,27,3,9.0,2,55,14,18,11,18,12,0,57,0,0,-0.03,0.5
BAL/BAL201505200,"Wednesday, May 20, 2015",7:07 p.m. Local,Oriole Park at Camden Yards,21710,2:38,Night,Away,Seattle Mariners,SEA,Baltimore Orioles,BAL,38,4,12,4,4.0,1,6,39,0.316,0.333,0.526,0.86,121,92,0.098,0.97,0.454,,-0.5,27,10,9.0,0,56,16,20,14,18,11,0,67,2,1,0.403,2.5,35,2,10,2,2.0,0,6,35,0.286,0.286,0.314,0.6,134,85,-0.401,0.52,0.309,,-2.5,27,8,9.0,1,50,17,18,9,20,9,0,49,3,0,-0.098,0.5
BAL/BAL201505210,"Thursday, May 21, 2015",12:47 p.m. Local,Oriole Park at Camden Yards,33085,3:30,Day,Home,Baltimore Orioles,BAL,Seattle Mariners,SEA,36,4,10,4,4.0,7,12,44,0.278,0.386,0.278,0.664,157,118,-0.246,1.21,1.291,,-0.5,24,8,8.0,1,61,28,29,11,14,3,0,33,3,0,-0.254,-1.0,31,5,6,5,5.62,5,10,36,0.194,0.306,0.29,0.596,196,98,0.253,2.13,0.829,,1.0,27,5,9.0,0,62,11,25,12,9,2,0,52,2,1,0.246,0.5
MIA/MIA201505220,"Friday, May 22, 2015",7:13 p.m. Local,Marlins Park,19977,3:22,Night,Away,Baltimore Orioles,BAL,Miami Marlins,MIA,36,8,11,7,6.0,7,6,45,0.306,0.419,0.361,0.78,156,103,0.548,1.1,1.17,,4.0,27,15,9.0,1,68,14,21,20,12,8,0,39,3,0,-0.05,-1.0,43,5,14,5,5.0,1,6,44,0.326,0.341,0.419,0.76,177,106,0.05,1.08,0.875,,1.0,27,13,9.0,0,65,16,25,20,17,9,0,33,7,5,-0.548,-4.0
MIA/MIA201505230,"Saturday, May 23, 2015",7:15 p.m. Local,Marlins Park,21356,3:51,Night,Home,Miami Marlins,MIA,Baltimore Orioles,BAL,45,0,9,0,0.0,3,15,49,0.2,0.25,0.244,0.494,177,128,-1.153,1.87,0.451,,-5.8,38,14,12.2,0,67,24,37,12,19,7,0,72,0,0,0.654,4.1,43,1,7,1,0.71,5,10,49,0.163,0.265,0.163,0.428,191,106,-0.65,1.54,0.85,,-4.1,39,12,13.0,0,64,18,26,16,17,9,0,61,0,0,1.153,5.8
MIA/MIA201505240,"Sunday, May 24, 2015",1:11 p.m. Local,Marlins Park,23834,3:00,Day,Home,Miami Marlins,MIA,Baltimore Orioles,BAL,31,2,6,2,2.0,5,4,37,0.194,0.297,0.258,0.555,153,92,-0.287,0.7,0.354,,-2.0,24,9,8.0,1,61,11,20,13,15,6,0,21,2,0,-0.214,-1.4,33,5,11,5,5.62,3,6,37,0.333,0.389,0.455,0.843,142,104,0.215,0.94,0.517,,1.4,27,10,9.0,0,67,14,23,17,11,8,0,62,6,0,0.286,2.0
BAL/BAL201505250,"Monday, May 25, 2015",1:37 p.m. Local,Oriole Park at Camden Yards,28909,2:20,Day,Home,Baltimore Orioles,BAL,Houston Astros,HOU,37,3,11,3,3.0,0,12,37,0.297,0.297,0.432,0.73,98,96,-0.277,0.99,0.757,,-1.5,24,13,8.0,2,57,19,20,11,14,5,0,56,,,-0.224,-0.0,27,4,6,4,4.5,1,3,28,0.222,0.25,0.444,0.694,141,62,0.224,1.39,0.777,,0.0,27,7,9.0,1,41,7,14,14,10,7,0,39,0,0,0.276,1.5
BAL/BAL201505260,"Tuesday, May 26, 2015",7:08 p.m. Local,Oriole Park at Camden Yards,21541,2:50,Night,Away,Houston Astros,HOU,Baltimore Orioles,BAL,33,4,8,4,4.0,6,5,39,0.242,0.359,0.364,0.723,124,86,0.144,1.3,0.997,,-0.5,27,12,9.0,0,59,12,15,12,16,12,0,59,0,0,0.358,3.5,29,1,5,1,1.0,3,5,33,0.172,0.242,0.207,0.449,139,78,-0.358,1.18,0.48,,-3.5,27,12,9.0,0,46,12,20,10,15,11,0,61,4,2,-0.143,0.5
BAL/BAL201505270,"Wednesday, May 27, 2015",5:46 p.m. Local,Oriole Park at Camden Yards,16401,2:26,Night,Home,Baltimore Orioles,BAL,Houston Astros,HOU,38,4,11,4,4.0,1,5,39,0.289,0.308,0.5,0.808,131,76,-0.138,0.79,0.925,,-0.5,24,8,8.0,3,48,11,17,14,19,10,0,43,0,0,-0.364,-1.0,33,5,10,4,5.62,0,9,34,0.303,0.324,0.606,0.93,109,81,0.364,1.4,0.808,,1.0,27,10,9.0,1,47,14,20,11,13,7,0,45,0,0,0.136,0.5
BAL/BAL201505281,"Thursday, May 28, 2015",1:08 p.m. Local,Oriole Park at Camden Yards,,2:51,Day,Away,Chicago White Sox,CHW,Baltimore Orioles,BAL,34,3,9,3,3.0,1,2,36,0.265,0.306,0.353,0.658,149,84,-0.062,1.03,0.615,,-1.5,27,4,9.0,1,55,9,24,15,17,9,0,83,0,0,0.562,2.5,33,2,6,2,2.0,0,16,33,0.182,0.182,0.273,0.455,137,108,-0.562,0.91,0.175,,-2.5,27,15,9.0,0,53,30,25,6,11,2,0,54,0,0,0.063,1.5
BAL/BAL201505282,"Thursday, May 28, 2015",4:42 p.m. Local,Oriole Park at Camden Yards,18441,2:48,Day,Home,Baltimore Orioles,BAL,Chicago White Sox,CHW,32,3,6,3,3.0,3,4,35,0.188,0.257,0.406,0.663,122,93,-0.172,0.96,0.606,,-1.5,24,9,8.0,0,61,6,26,11,17,5,0,33,0,0,-0.329,-2.0,34,6,13,6,5.62,4,5,39,0.382,0.447,0.529,0.977,147,78,0.33,1.06,0.902,,2.0,27,10,9.0,2,58,6,14,13,17,10,0,45,0,0,0.172,1.5
BAL/BAL201505290,"Friday, May 29, 2015",7:05 p.m. Local,Oriole Park at Camden Yards,45505,2:43,Night,Home,Baltimore Orioles,BAL,Tampa Bay Rays,TBR,32,1,5,1,1.0,0,8,35,0.156,0.229,0.25,0.479,135,82,-0.492,1.43,0.534,,-3.5,26,8,8.2,1,46,17,19,11,13,8,0,75,3,1,-0.009,2.0,31,2,6,2,2.08,2,9,33,0.194,0.242,0.29,0.533,125,81,0.009,1.43,0.861,,-2.0,27,7,9.0,1,41,16,25,9,13,10,0,78,0,0,0.491,3.5
BAL/BAL201505300,"Saturday, May 30, 2015",4:06 p.m. Local,Oriole Park at Camden Yards,38177,2:09,Day,Away,Tampa Bay Rays,TBR,Baltimore Orioles,BAL,32,3,8,3,3.0,2,6,35,0.25,0.286,0.5,0.786,102,83,0.046,0.76,0.386,,-1.5,27,13,9.0,0,57,8,19,12,15,10,0,77,0,0,0.455,4.5,29,0,3,0,0.0,1,8,30,0.103,0.133,0.103,0.237,127,72,-0.455,0.47,0.07,,-4.5,27,10,9.0,2,41,16,15,13,8,6,0,58,0,0,-0.045,1.5
BAL/BAL201505310,"Sunday, May 31, 2015",1:36 p.m. Local,Oriole Park at Camden Yards,36945,3:24,Day,Away,Tampa Bay Rays,TBR,Baltimore Orioles,BAL,39,9,15,8,8.0,4,14,45,0.385,0.444,0.692,1.137,158,102,0.431,0.84,0.983,,4.5,27,8,9.0,4,54,23,25,10,16,10,0,46,3,0,0.067,-0.5,37,5,10,5,5.0,4,7,42,0.27,0.357,0.622,0.979,157,104,-0.069,0.77,0.593,,0.5,27,8,9.0,2,65,19,20,12,18,8,0,28,1,0,-0.433,-4.5
HOU/HOU201506010,"Monday, June 1, 2015",7:14 p.m. Local,Minute Maid Park,17259,2:45,Night,Home,Houston Astros,HOU,Baltimore Orioles,BAL,32,2,7,2,2.0,2,8,34,0.219,0.265,0.313,0.577,129,87,-0.119,1.42,0.706,,-2.3,24,7,8.0,1,51,19,17,11,13,10,0,62,4,3,-0.381,-1.2,29,5,9,5,5.62,4,10,35,0.31,0.4,0.448,0.848,127,77,0.382,1.13,1.008,,1.2,27,15,9.0,0,39,21,17,9,11,7,0,47,2,0,0.12,2.2
HOU/HOU201506020,"Tuesday, June 2, 2015",7:11 p.m. Local,Minute Maid Park,18730,2:42,Night,Home,Houston Astros,HOU,Baltimore Orioles,BAL,32,4,7,4,4.0,2,9,34,0.219,0.265,0.281,0.546,138,90,-0.218,0.86,0.543,,-0.2,24,10,8.0,2,47,21,22,9,14,2,0,34,2,0,-0.281,-2.2,33,6,9,6,6.75,3,9,37,0.273,0.351,0.485,0.836,133,88,0.28,1.1,0.78,,2.2,27,8,9.0,0,55,16,17,13,11,2,0,53,0,0,0.219,0.2
HOU/HOU201506030,"Wednesday, June 3, 2015",7:12 p.m. Local,Minute Maid Park,20305,2:14,Night,Home,Houston Astros,HOU,Baltimore Orioles,BAL,31,1,4,1,1.0,0,11,31,0.129,0.129,0.226,0.355,118,73,-0.431,0.61,0.249,,-3.2,24,6,8.0,3,36,15,22,10,10,5,0,62,0,0,-0.07,0.8,27,3,4,3,3.38,0,10,27,0.148,0.148,0.481,0.63,107,83,0.069,0.94,0.426,,-0.8,27,9,9.0,0,51,21,11,6,11,3,0,86,,,0.43,3.2
HOU/HOU201506040,"Thursday, June 4, 2015",1:11 p.m. Local,Minute Maid Park,20219,2:59,Day,Away,Baltimore Orioles,BAL,Houston Astros,HOU,33,3,8,3,3.0,2,10,35,0.242,0.286,0.333,0.619,140,107,0.027,1.85,0.807,,-1.2,27,1,9.0,1,66,14,27,17,6,2,0,62,3,0,0.474,2.2,31,2,5,2,2.0,4,14,36,0.161,0.25,0.323,0.573,168,94,-0.473,1.13,0.83,,-2.2,27,10,9.0,1,48,23,23,4,14,5,0,58,0,0,-0.027,1.2
CLE/CLE201506050,"Friday, June 5, 2015",7:10 p.m. Local,Progressive Field,26070,2:48,Night,Away,Baltimore Orioles,BAL,Cleveland Indians,CLE,34,5,11,5,5.0,1,7,36,0.324,0.333,0.5,0.833,142,75,0.195,1.34,0.751,,0.3,27,12,9.0,0,42,15,18,8,20,10,0,53,0,0,0.307,2.7,33,2,7,2,2.0,4,6,37,0.212,0.297,0.242,0.54,115,89,-0.307,0.84,0.686,,-2.7,27,8,9.0,1,48,11,30,16,11,4,0,48,2,0,-0.193,-0.3
CLE/CLE201506060,"Saturday, June 6, 2015",4:11 p.m. Local,Progressive Field,24939,2:44,Day,Home,Cleveland Indians,CLE,Baltimore Orioles,BAL,29,1,6,1,1.0,2,12,32,0.207,0.258,0.345,0.603,158,86,-0.631,1.43,0.477,,-3.7,24,7,8.0,0,49,19,18,10,8,3,0,50,0,0,0.13,2.2,27,2,7,2,2.25,8,9,36,0.259,0.429,0.333,0.762,132,90,-0.13,1.48,0.858,,-2.2,27,10,9.0,1,38,23,29,7,12,6,0,70,1,0,0.631,3.7
CLE/CLE201506070,"Sunday, June 7, 2015",1:11 p.m. Local,Progressive Field,18151,3:33,Day,Away,Baltimore Orioles,BAL,Cleveland Indians,CLE,40,7,12,7,6.0,3,11,44,0.3,0.341,0.525,0.866,163,108,0.232,0.89,0.639,,2.3,27,6,9.0,0,59,28,21,14,16,9,0,60,5,1,0.269,1.7,36,3,9,3,3.0,3,12,40,0.25,0.325,0.361,0.686,167,103,-0.27,0.66,0.39,,-1.7,27,7,9.0,2,63,16,24,14,10,4,0,29,4,2,-0.232,-2.3
BAL/BAL201506090,"Tuesday, June 9, 2015",7:06 p.m. Local,Oriole Park at Camden Yards,28460,3:08,Night,Home,Baltimore Orioles,BAL,Boston Red Sox,BOS,31,0,5,0,0.0,4,6,36,0.161,0.278,0.226,0.504,133,105,-0.725,1.29,0.487,,-4.5,24,10,8.0,0,64,13,28,13,12,6,0,70,0,0,0.223,3.0,27,1,5,0,1.12,3,8,32,0.185,0.29,0.222,0.513,159,81,-0.221,1.64,0.554,,-3.0,27,12,9.0,0,54,11,16,10,10,2,0,54,3,0,0.723,4.5
BAL/BAL201506100,"Wednesday, June 10, 2015",7:09 p.m. Local,Oriole Park at Camden Yards,22201,2:36,Night,Home,Baltimore Orioles,BAL,Boston Red Sox,BOS,31,2,7,2,2.0,1,10,32,0.226,0.25,0.29,0.54,115,90,-0.25,0.66,0.349,,-2.5,24,8,8.0,0,51,17,22,9,12,7,0,33,1,0,-0.251,-1.0,31,5,10,5,5.62,2,9,34,0.323,0.353,0.387,0.74,132,81,0.25,0.91,0.541,,1.0,27,11,9.0,0,48,17,16,13,10,6,0,49,2,1,0.25,2.5
BAL/BAL201506110,"Thursday, June 11, 2015",7:06 p.m. Local,Oriole Park at Camden Yards,22840,2:39,Night,Home,Baltimore Orioles,BAL,Boston Red Sox,BOS,34,5,8,5,5.0,2,6,37,0.235,0.27,0.382,0.653,118,106,-0.238,0.74,0.747,,0.5,24,12,8.0,3,64,21,21,11,18,7,0,27,1,0,-0.262,-2.0,32,6,10,6,5.62,2,5,35,0.312,0.343,0.656,0.999,158,80,0.263,1.42,0.644,,2.0,27,9,9.0,1,44,9,27,13,15,6,0,43,2,1,0.236,-0.5
BAL/BAL201506120,"Friday, June 12, 2015",7:06 p.m. Local,Oriole Park at Camden Yards,33203,3:18,Night,Home,Baltimore Orioles,BAL,New York Yankees,NYY,36,3,9,3,3.0,3,11,40,0.25,0.325,0.333,0.658,142,105,-0.049,0.6,0.628,,-1.5,24,8,8.0,2,55,18,32,8,17,11,0,23,2,0,-0.451,-7.0,40,11,16,10,7.88,2,4,42,0.4,0.429,0.6,1.029,168,93,0.451,1.0,0.751,,7.0,27,7,9.0,1,60,14,19,16,20,10,0,47,1,0,0.048,1.5
BAL/BAL201506130,"Saturday, June 13, 2015",7:17 p.m. Local,Oriole Park at Camden Yards,38909,3:14,Night,Home,Baltimore Orioles,BAL,New York Yankees,NYY,37,4,11,4,4.0,2,9,39,0.297,0.333,0.514,0.847,154,94,0.096,0.85,0.795,,-0.5,24,10,8.0,3,48,20,26,12,16,9,0,38,0,0,-0.597,-5.0,39,9,15,9,10.12,0,4,39,0.385,0.385,0.744,1.128,143,95,0.596,0.98,1.044,,5.0,27,10,9.0,1,66,13,16,14,21,9,0,42,5,0,-0.096,0.5
BAL/BAL201506140,"Sunday, June 14, 2015",1:38 p.m. Local,Oriole Park at Camden Yards,36343,3:29,Day,Away,New York Yankees,NYY,Baltimore Orioles,BAL,36,5,10,5,5.0,4,7,42,0.278,0.357,0.361,0.718,158,105,0.238,1.46,1.061,,0.5,27,8,9.0,0,66,15,24,14,16,6,0,42,3,0,0.262,1.5,33,3,6,3,3.0,5,10,38,0.182,0.289,0.212,0.502,171,97,-0.264,1.32,0.706,,-1.5,27,8,9.0,0,51,18,28,11,12,4,0,29,3,3,-0.238,-0.5
BAL/BAL201506150,"Monday, June 15, 2015",7:32 p.m. Local,Oriole Park at Camden Yards,23730,2:09,Night,Home,Baltimore Orioles,BAL,Philadelphia Phillies,PHI,29,0,4,0,0.0,1,11,30,0.138,0.167,0.172,0.339,116,87,-0.425,0.76,0.111,,-4.5,24,8,8.0,1,46,11,30,13,5,3,0,46,0,0,-0.076,-0.0,28,4,5,4,4.5,3,5,31,0.179,0.258,0.321,0.579,124,70,0.075,0.71,0.559,,0.0,27,13,9.0,0,38,12,20,10,13,2,0,82,0,0,0.424,4.5
BAL/BAL201506160,"Tuesday, June 16, 2015",7:06 p.m. Local,Oriole Park at Camden Yards,26964,3:11,Night,Home,Baltimore Orioles,BAL,Philadelphia Phillies,PHI,32,3,6,3,3.0,3,5,35,0.188,0.257,0.313,0.57,211,86,-0.075,0.23,0.067,,-1.5,24,10,8.0,8,55,7,24,9,18,9,0,18,0,0,-0.425,-15.0,39,19,17,17,19.12,8,7,50,0.436,0.531,1.103,1.633,134,121,0.425,0.2,0.476,,15.0,27,8,9.0,1,78,14,28,12,21,12,0,52,0,0,0.075,1.5
PHI/PHI201506170,"Wednesday, June 17, 2015",7:07 p.m. Local,Citizens Bank Park,26162,2:34,Night,Away,Baltimore Orioles,BAL,Philadelphia Phillies,PHI,35,6,8,6,2.0,1,9,36,0.229,0.25,0.457,0.707,124,84,0.318,1.06,0.71,,2.0,27,6,9.0,1,46,18,20,12,14,10,0,52,1,0,0.182,0.0,35,4,9,3,3.0,1,9,36,0.257,0.278,0.429,0.706,128,78,-0.184,0.74,0.645,,-0.0,27,10,9.0,2,40,14,24,9,17,7,0,40,0,0,-0.317,-2.0
PHI/PHI201506180,"Thursday, June 18, 2015",1:07 p.m. Local,Citizens Bank Park,26220,2:32,Day,Home,Philadelphia Phillies,PHI,Baltimore Orioles,BAL,34,1,6,1,1.0,2,11,36,0.176,0.222,0.294,0.516,107,86,-0.525,1.19,0.459,,-3.0,24,9,8.0,1,46,17,23,11,12,2,0,54,0,0,0.026,1.6,26,2,5,2,2.25,2,4,29,0.192,0.25,0.308,0.558,131,74,-0.027,1.27,0.631,,-1.6,27,4,9.0,1,37,13,24,9,14,7,0,60,0,0,0.527,3.0
TOR/TOR201506190,"Friday, June 19, 2015",7:07 p.m. Local,Rogers Centre,32322,3:07,Night,Home,Toronto Blue Jays,TOR,Baltimore Orioles,BAL,33,4,6,4,4.0,5,8,40,0.182,0.325,0.182,0.507,132,107,-0.239,0.44,0.423,,-0.5,24,11,8.0,0,65,20,22,10,15,5,0,29,3,1,-0.261,-1.0,28,5,9,5,5.62,6,2,36,0.321,0.444,0.464,0.909,175,76,0.26,0.95,0.466,,1.0,27,9,9.0,0,46,10,20,14,13,2,0,73,4,2,0.24,0.5
TOR/TOR201506200,"Saturday, June 20, 2015",1:07 p.m. Local,Rogers Centre,46018,2:56,Day,Away,Baltimore Orioles,BAL,Toronto Blue Jays,TOR,35,5,10,5,5.0,1,8,38,0.286,0.316,0.371,0.687,165,86,0.166,1.61,1.118,,0.5,27,7,9.0,0,58,9,19,14,14,6,0,51,0,0,0.334,1.5,35,3,10,2,3.0,3,7,40,0.286,0.35,0.343,0.693,141,105,-0.333,1.69,0.866,,-1.5,27,11,9.0,0,58,19,28,13,16,4,0,61,2,2,-0.166,-0.5
TOR/TOR201506210,"Sunday, June 21, 2015",1:07 p.m. Local,Rogers Centre,46092,3:44,Day,Away,Baltimore Orioles,BAL,Toronto Blue Jays,TOR,42,13,16,13,13.0,5,9,47,0.381,0.447,0.619,1.066,165,126,0.737,1.22,1.627,,8.5,27,9,9.0,3,78,19,29,12,21,11,0,19,5,2,-0.239,-4.5,36,9,12,9,9.0,6,8,43,0.333,0.429,0.694,1.123,203,101,0.238,1.25,1.048,,4.5,27,8,9.0,2,65,13,23,10,19,10,0,11,4,2,-0.737,-8.5
BOS/BOS201506230,"Tuesday, June 23, 2015",7:12 p.m. Local,Fenway Park,36508,3:08,Night,Away,Baltimore Orioles,BAL,Boston Red Sox,BOS,33,6,11,6,6.0,3,5,38,0.333,0.378,0.545,0.924,170,102,0.272,1.03,0.628,,1.3,27,9,9.0,0,60,16,29,11,19,9,0,48,0,0,0.23,0.7,35,4,8,4,4.0,5,12,40,0.229,0.325,0.286,0.611,166,111,-0.229,0.65,0.537,,-0.7,27,12,9.0,1,64,15,32,9,14,6,0,25,3,2,-0.27,-1.3
BOS/BOS201506240,"Wednesday, June 24, 2015",7:10 p.m. Local,Fenway Park,37762,2:38,Night,Home,Boston Red Sox,BOS,Baltimore Orioles,BAL,33,1,8,1,1.0,1,11,34,0.242,0.265,0.303,0.568,127,90,-0.253,0.94,0.397,,-3.7,24,8,8.0,1,48,17,25,12,10,7,0,47,1,0,-0.247,-0.8,29,5,7,5,0.0,1,5,32,0.241,0.29,0.345,0.635,128,78,0.245,0.86,0.654,,0.8,27,10,9.0,0,41,12,25,15,10,4,0,63,0,0,0.253,3.7
BOS/BOS201506250,"Thursday, June 25, 2015",1:35 p.m. Local,Fenway Park,37706,3:06,Day,Away,Baltimore Orioles,BAL,Boston Red Sox,BOS,39,8,14,7,8.0,2,9,44,0.359,0.395,0.59,0.985,146,104,0.371,1.17,0.845,,3.3,27,7,9.0,1,61,17,26,8,24,13,0,39,1,0,0.127,-1.3,38,6,12,5,6.0,0,7,39,0.316,0.333,0.474,0.807,177,104,-0.125,0.72,0.74,,1.3,27,6,9.0,1,65,11,28,14,17,6,0,28,4,1,-0.373,-3.3
BAL/BAL201506260,"Friday, June 26, 2015",7:08 p.m. Local,Oriole Park at Camden Yards,31112,2:47,Night,Home,Baltimore Orioles,BAL,Cleveland Indians,CLE,36,3,10,3,3.0,3,9,39,0.278,0.333,0.528,0.861,127,96,-0.189,1.15,0.837,,-1.5,24,6,8.0,1,57,18,21,17,10,5,0,60,2,0,-0.312,-0.0,32,4,10,4,4.5,2,10,35,0.312,0.343,0.5,0.843,144,85,0.313,1.34,0.922,,0.0,27,13,9.0,3,49,15,21,6,17,10,0,53,0,0,0.187,1.5
BAL/BAL201506281,"Sunday, June 28, 2015",1:36 p.m. Local,Oriole Park at Camden Yards,45675,2:21,Day,Home,Baltimore Orioles,BAL,Cleveland Indians,CLE,31,0,4,0,0.0,2,8,33,0.129,0.182,0.129,0.311,116,82,-0.4,0.56,0.16,,-4.5,24,7,8.0,2,40,12,30,11,12,3,0,55,2,0,-0.101,-0.0,28,4,6,4,4.5,2,5,31,0.214,0.29,0.536,0.826,127,74,0.103,0.81,0.443,,0.0,27,8,9.0,0,47,13,14,6,17,7,0,81,1,0,0.399,4.5
BAL/BAL201506282,"Sunday, June 28, 2015",7:05 p.m. Local,Oriole Park at Camden Yards,40006,2:46,Night,Home,Baltimore Orioles,BAL,Cleveland Indians,CLE,34,0,8,0,0.0,0,7,34,0.235,0.235,0.294,0.529,155,93,-0.221,0.32,0.119,,-4.5,24,6,8.0,3,56,9,28,14,13,4,0,37,3,2,-0.28,-4.0,33,8,8,8,6.75,4,12,37,0.242,0.324,0.606,0.93,140,95,0.28,0.47,0.441,,4.0,27,9,9.0,0,52,17,26,9,12,4,0,75,0,0,0.22,4.5
BAL/BAL201506290,"Monday, June 29, 2015",7:08 p.m. Local,Oriole Park at Camden Yards,21565,3:11,Night,Away,Texas Rangers,TEX,Baltimore Orioles,BAL,40,8,14,8,8.0,2,8,42,0.35,0.381,0.725,1.106,165,100,0.263,0.86,0.565,,3.5,27,7,9.0,0,58,17,27,15,17,6,0,52,1,0,0.237,3.5,34,1,9,1,1.0,3,14,37,0.265,0.324,0.324,0.648,153,108,-0.237,0.43,0.358,,-3.5,27,10,9.0,4,58,17,33,5,15,8,0,37,0,0,-0.263,-3.5
BAL/BAL201506300,"Tuesday, June 30, 2015",7:06 p.m. Local,Oriole Park at Camden Yards,27370,2:44,Night,Away,Texas Rangers,TEX,Baltimore Orioles,BAL,35,8,12,7,8.0,4,4,39,0.343,0.41,0.714,1.125,135,93,0.489,0.93,1.124,,3.5,27,11,9.0,3,51,17,25,15,16,9,0,47,0,0,0.012,-1.5,35,6,7,6,4.0,1,6,36,0.2,0.222,0.457,0.679,149,89,-0.011,1.02,0.672,,1.5,27,13,9.0,4,58,10,21,14,15,7,0,21,1,0,-0.489,-3.5
BAL/BAL201507010,"Wednesday, July 1, 2015",7:06 p.m. Local,Oriole Park at Camden Yards,23019,2:18,Night,Home,Baltimore Orioles,BAL,Texas Rangers,TEX,30,2,4,2,2.0,1,5,32,0.133,0.161,0.333,0.495,119,70,-0.304,1.01,0.332,,-2.5,24,10,8.0,2,43,5,22,11,15,4,0,50,4,0,-0.197,-0.0,32,4,9,4,3.38,1,7,33,0.281,0.303,0.531,0.834,101,75,0.196,0.91,0.781,,0.0,27,8,9.0,2,44,9,22,13,12,8,0,67,0,0,0.304,2.5
BAL/BAL201507020,"Thursday, July 2, 2015",7:06 p.m. Local,Oriole Park at Camden Yards,31915,2:55,Night,Away,Texas Rangers,TEX,Baltimore Orioles,BAL,33,2,7,2,2.0,4,9,38,0.212,0.297,0.242,0.54,126,99,-0.138,1.22,0.785,,-2.5,27,10,9.0,0,52,20,27,13,12,6,0,67,1,0,0.638,4.5,28,0,3,0,0.0,3,4,31,0.107,0.194,0.107,0.301,159,67,-0.639,1.54,0.234,,-4.5,27,13,9.0,0,44,8,17,9,15,9,0,70,5,0,0.139,2.5
CHA/CHA201507030,"Friday, July 3, 2015",7:11 p.m. Local,U.S. Cellular Field,27384,2:23,Night,Home,Chicago White Sox,CHW,Baltimore Orioles,BAL,31,0,5,0,0.0,2,9,33,0.161,0.212,0.161,0.373,116,87,-0.72,0.88,0.498,,-4.2,24,13,8.0,1,47,20,20,9,13,4,0,63,0,0,0.22,2.7,29,1,7,1,1.12,2,5,31,0.241,0.29,0.379,0.67,126,80,-0.22,1.63,0.309,,-2.7,27,9,9.0,0,44,10,26,12,12,8,0,70,0,0,0.719,4.2
CHA/CHA201507040,"Saturday, July 4, 2015",1:10 p.m. Local,U.S. Cellular Field,22559,2:53,Day,Home,Chicago White Sox,CHW,Baltimore Orioles,BAL,30,2,4,2,2.0,2,10,32,0.133,0.188,0.233,0.421,153,78,-0.294,1.06,0.554,,-2.2,24,6,8.0,0,38,20,20,9,11,3,0,39,3,1,-0.208,0.7,33,3,11,3,3.38,2,8,37,0.333,0.361,0.485,0.846,121,105,0.207,1.27,0.903,,-0.7,27,6,9.0,1,70,19,16,14,13,8,0,76,1,1,0.293,2.2
CHA/CHA201507050,"Sunday, July 5, 2015",1:11 p.m. Local,U.S. Cellular Field,22519,3:13,Day,Away,Baltimore Orioles,BAL,Chicago White Sox,CHW,38,9,10,9,6.0,5,11,45,0.263,0.341,0.421,0.762,143,112,0.226,0.59,0.656,,4.8,27,7,9.0,0,64,23,25,15,14,9,0,62,0,0,0.274,3.2,30,1,5,1,1.0,2,8,33,0.167,0.242,0.233,0.476,164,81,-0.274,0.58,0.158,,-3.2,27,9,9.0,1,45,16,20,10,12,5,0,48,4,4,-0.226,-4.8
MIN/MIN201507060,"Monday, July 6, 2015",7:10 p.m. Local,Target Field,23213,2:49,Night,Home,Minnesota Twins,MIN,Baltimore Orioles,BAL,38,2,10,2,1.8,1,7,39,0.263,0.282,0.447,0.729,137,97,-0.55,1.29,0.841,,-2.9,28,10,9.1,3,69,14,14,10,21,5,0,63,0,0,0.049,0.6,33,4,6,4,3.86,4,6,37,0.182,0.27,0.455,0.725,141,88,-0.049,1.62,0.864,,-0.6,30,9,10.0,2,50,21,17,10,17,6,0,49,2,0,0.549,2.9
MIN/MIN201507070,"Tuesday, July 7, 2015",7:11 p.m. Local,Target Field,25091,2:48,Night,Home,Minnesota Twins,MIN,Baltimore Orioles,BAL,33,3,7,3,3.0,2,10,35,0.212,0.257,0.394,0.651,141,93,-0.187,0.34,0.228,,-1.4,24,13,8.0,1,47,22,24,11,12,7,0,20,4,3,-0.314,-4.1,32,8,11,7,7.88,4,7,38,0.344,0.421,0.5,0.921,150,82,0.314,0.51,0.454,,4.1,27,8,9.0,1,45,15,22,11,15,6,0,58,0,0,0.187,1.4
MIN/MIN201507080,"Wednesday, July 8, 2015",12:10 p.m. Local,Target Field,29289,2:59,Day,Home,Minnesota Twins,MIN,Baltimore Orioles,BAL,33,3,7,2,3.0,2,6,35,0.212,0.257,0.485,0.742,183,89,-0.294,1.2,0.422,,-1.4,24,6,8.0,2,55,10,24,10,17,6,0,55,0,0,-0.206,-1.1,33,5,11,5,5.62,6,9,39,0.333,0.436,0.636,1.072,132,109,0.205,1.02,1.134,,1.1,27,8,9.0,2,57,17,35,8,16,7,0,66,0,0,0.295,1.4
BAL/BAL201507100,"Friday, July 10, 2015",7:06 p.m. Local,Oriole Park at Camden Yards,46289,3:12,Night,Home,Baltimore Orioles,BAL,Washington Nationals,WSN,34,2,10,2,2.0,1,9,35,0.294,0.314,0.324,0.638,147,98,-0.279,1.7,0.618,,-2.5,26,10,8.2,2,64,16,18,17,8,6,0,58,2,1,-0.22,1.4,33,3,9,3,3.12,3,9,36,0.273,0.333,0.485,0.818,149,97,0.219,1.24,1.396,,-1.4,27,15,9.0,0,54,17,27,14,10,5,0,53,0,0,0.281,2.5
BAL/BAL201507110,"Saturday, July 11, 2015",7:16 p.m. Local,Oriole Park at Camden Yards,44495,3:05,Night,Away,Washington Nationals,WSN,Baltimore Orioles,BAL,34,7,11,6,7.0,3,7,38,0.324,0.378,0.588,0.967,159,82,0.442,1.23,0.954,,2.5,27,9,9.0,2,50,15,17,14,14,9,0,37,2,0,0.06,0.5,35,4,10,4,4.0,4,6,39,0.286,0.359,0.486,0.845,125,102,-0.06,0.97,0.84,,-0.5,27,15,9.0,2,59,14,29,11,18,6,0,27,0,0,-0.442,-2.5
BAL/BAL201507120,"Sunday, July 12, 2015",1:36 p.m. Local,Oriole Park at Camden Yards,46247,2:21,Day,Away,Washington Nationals,WSN,Baltimore Orioles,BAL,34,3,8,3,2.0,1,9,35,0.235,0.257,0.294,0.551,119,91,0.009,0.99,0.506,,-1.5,27,6,9.0,2,55,15,21,11,14,8,0,75,0,0,0.49,2.5,31,2,4,2,2.0,0,8,31,0.129,0.129,0.323,0.452,124,83,-0.492,0.79,0.208,,-2.5,27,10,9.0,0,53,16,14,7,16,6,0,63,0,0,-0.01,1.5
DET/DET201507170,"Friday, July 17, 2015",7:08 p.m. Local,Comerica Park,36378,2:55,Night,Home,Detroit Tigers,DET,Baltimore Orioles,BAL,37,3,10,3,3.0,4,6,41,0.27,0.341,0.324,0.666,127,103,-0.093,0.43,0.675,,-1.3,24,10,8.0,3,59,16,28,13,18,6,0,27,0,0,-0.406,-3.1,32,7,8,7,7.88,2,7,35,0.25,0.314,0.594,0.908,162,76,0.407,1.13,0.608,,3.1,27,7,9.0,0,42,13,21,13,12,4,0,49,2,1,0.093,1.3
DET/DET201507180,"Saturday, July 18, 2015",7:08 p.m. Local,Comerica Park,40033,2:57,Night,Away,Baltimore Orioles,BAL,Detroit Tigers,DET,37,3,10,3,3.0,1,13,38,0.27,0.289,0.432,0.722,119,103,-0.164,1.12,0.525,,-1.3,27,8,9.0,0,59,25,19,12,12,8,0,87,0,0,0.665,4.3,28,0,1,0,0.0,1,10,29,0.036,0.069,0.036,0.105,143,79,-0.665,0.87,0.083,,-4.3,27,12,9.0,1,36,24,19,8,10,2,0,72,0,0,0.165,1.3
DET/DET201507190,"Sunday, July 19, 2015",1:08 p.m. Local,Comerica Park,39978,3:30,Day,Away,Baltimore Orioles,BAL,Detroit Tigers,DET,37,9,14,9,9.0,4,8,41,0.378,0.439,0.595,1.034,168,104,0.405,0.59,0.663,,4.7,27,7,9.0,0,62,23,19,14,15,10,0,49,0,0,0.095,1.3,40,3,14,3,3.0,3,8,43,0.35,0.395,0.375,0.77,167,111,-0.095,0.53,0.361,,-1.3,27,14,9.0,2,69,16,26,16,16,6,0,20,1,0,-0.405,-4.7
NYA/NYA201507210,"Tuesday, July 21, 2015",7:09 p.m. Local,Yankee Stadium III,37993,2:48,Night,Home,New York Yankees,NYY,Baltimore Orioles,BAL,32,2,7,2,2.0,3,7,35,0.219,0.286,0.219,0.504,134,88,-0.429,0.93,0.559,,-2.4,24,6,8.0,0,54,12,22,16,9,4,0,44,0,0,-0.07,0.9,33,3,11,3,3.38,2,5,37,0.333,0.361,0.485,0.846,139,89,0.07,1.53,0.651,,-0.9,27,14,9.0,0,57,11,21,13,17,6,0,54,3,1,0.43,2.4
NYA/NYA201507220,"Wednesday, July 22, 2015",7:08 p.m. Local,Yankee Stadium III,43887,2:33,Night,Home,New York Yankees,NYY,Baltimore Orioles,BAL,29,3,4,3,3.0,3,7,33,0.138,0.219,0.379,0.598,123,82,-0.371,0.65,0.442,,-1.4,24,6,8.0,2,53,9,20,13,10,3,0,46,0,0,-0.13,-0.1,31,4,7,4,4.5,2,5,33,0.226,0.273,0.516,0.789,129,80,0.13,1.17,0.504,,0.1,27,11,9.0,2,51,14,15,10,16,6,0,58,0,0,0.369,1.4
NYA/NYA201507230,"Thursday, July 23, 2015",1:08 p.m. Local,Yankee Stadium III,46875,2:40,Day,Home,New York Yankees,NYY,Baltimore Orioles,BAL,32,3,5,3,3.0,0,8,32,0.156,0.156,0.5,0.656,146,87,-0.099,0.45,0.074,,-1.4,24,7,8.0,1,49,19,19,7,17,4,0,12,2,1,-0.401,-5.1,35,9,13,9,10.12,3,7,39,0.371,0.41,0.543,0.953,118,100,0.4,0.24,0.604,,5.1,27,8,9.0,3,63,10,27,11,18,9,0,64,0,0,0.099,1.4
TBA/TBA201507240,"Friday, July 24, 2015",7:10 p.m. Local,Tropicana Field,17838,2:55,Night,Home,Tampa Bay Rays,TBR,Baltimore Orioles,BAL,33,1,7,1,1.0,2,14,36,0.212,0.278,0.242,0.52,120,106,-0.337,1.79,0.472,,-3.2,24,9,8.0,0,53,27,26,9,10,5,0,70,1,1,-0.164,0.7,27,3,5,3,3.38,4,5,32,0.185,0.313,0.222,0.535,164,74,0.164,1.12,1.029,,-0.7,27,7,9.0,0,46,8,20,11,11,5,0,65,0,0,0.336,3.2
TBA/TBA201507250,"Saturday, July 25, 2015",6:11 p.m. Local,Tropicana Field,24327,2:21,Night,Away,Baltimore Orioles,BAL,Tampa Bay Rays,TBR,34,5,7,4,5.0,0,3,34,0.206,0.206,0.382,0.588,127,74,0.21,0.57,0.441,,0.8,27,8,9.0,1,48,11,15,10,21,7,0,70,0,0,0.289,3.2,32,1,5,1,1.0,0,6,32,0.156,0.156,0.313,0.469,108,80,-0.29,0.51,0.117,,-3.2,27,8,9.0,1,51,12,17,11,15,10,0,47,0,0,-0.21,-0.8
TBA/TBA201507260,"Sunday, July 26, 2015",1:10 p.m. Local,Tropicana Field,18613,2:43,Day,Away,Baltimore Orioles,BAL,Tampa Bay Rays,TBR,35,5,10,5,5.0,2,10,38,0.286,0.342,0.4,0.742,136,93,0.203,1.09,0.506,,0.8,27,10,9.0,2,52,22,19,10,15,9,0,50,2,0,0.297,2.2,32,2,8,2,2.0,4,7,37,0.25,0.351,0.5,0.851,144,90,-0.298,0.55,0.528,,-2.2,27,10,9.0,1,59,14,17,11,14,4,0,33,0,0,-0.202,-0.8
BAL/BAL201507270,"Monday, July 27, 2015",7:07 p.m. Local,Oriole Park at Camden Yards,26256,3:20,Night,Home,Baltimore Orioles,BAL,Atlanta Braves,ATL,41,1,9,1,0.82,1,8,42,0.22,0.238,0.341,0.58,164,108,-0.519,1.85,0.837,,-4.5,30,4,10.0,1,70,14,24,20,13,6,0,77,1,0,0.021,3.0,36,2,7,2,1.8,4,11,41,0.194,0.268,0.306,0.574,165,104,-0.019,1.52,1.202,,-3.0,33,15,11.0,1,67,14,23,10,16,4,0,71,2,0,0.521,4.5
BAL/BAL201507280,"Tuesday, July 28, 2015",7:07 p.m. Local,Oriole Park at Camden Yards,28592,2:53,Night,Home,Baltimore Orioles,BAL,Atlanta Braves,ATL,35,3,8,3,3.0,3,4,39,0.229,0.308,0.314,0.622,153,84,-0.102,0.57,0.339,,-1.5,24,5,8.0,2,47,9,28,19,12,5,0,32,2,0,-0.397,-3.0,34,7,9,7,6.75,4,8,39,0.265,0.359,0.471,0.83,135,96,0.397,0.64,0.691,,3.0,27,14,9.0,1,49,19,28,12,14,8,0,61,1,1,0.104,1.5
BAL/BAL201507290,"Wednesday, July 29, 2015",7:38 p.m. Local,Oriole Park at Camden Yards,29328,2:15,Night,Home,Baltimore Orioles,BAL,Atlanta Braves,ATL,30,0,4,0,0.0,0,2,30,0.133,0.133,0.167,0.3,125,72,-0.558,0.7,0.193,,-4.5,24,4,8.0,2,46,5,21,18,10,5,0,58,0,0,0.057,2.0,28,2,6,2,2.25,2,9,30,0.214,0.267,0.464,0.731,100,82,-0.056,1.04,0.355,,-2.0,27,19,9.0,0,52,15,17,2,17,8,0,78,1,0,0.557,4.5
BAL/BAL201507300,"Thursday, July 30, 2015",7:07 p.m. Local,Oriole Park at Camden Yards,30136,3:36,Night,Away,Detroit Tigers,DET,Baltimore Orioles,BAL,39,9,16,9,9.0,3,6,43,0.41,0.452,0.615,1.068,161,104,0.257,1.26,0.64,,4.5,27,13,9.0,2,68,10,26,14,20,14,0,47,8,4,0.244,-3.5,37,8,10,8,8.0,5,6,42,0.27,0.357,0.432,0.79,171,98,-0.244,0.6,0.647,,3.5,27,10,9.0,1,60,6,32,16,15,8,0,20,1,0,-0.255,-4.5
BAL/BAL201507310,"Friday, July 31, 2015",7:06 p.m. Local,Oriole Park at Camden Yards,36985,3:30,Night,Home,Baltimore Orioles,BAL,Detroit Tigers,DET,40,7,16,7,7.0,1,12,41,0.4,0.415,0.725,1.14,145,104,-0.016,1.06,0.808,,2.5,24,14,8.0,2,60,14,30,12,16,12,0,37,3,1,-0.485,-4.0,34,8,11,6,6.75,4,5,39,0.324,0.41,0.529,0.94,155,86,0.484,1.13,1.186,,4.0,27,12,9.0,3,53,15,18,17,12,7,0,22,2,0,0.015,-2.5
BAL/BAL201508010,"Saturday, August 1, 2015",7:07 p.m. Local,Oriole Park at Camden Yards,45968,2:36,Night,Home,Baltimore Orioles,BAL,Detroit Tigers,DET,32,2,6,2,2.0,0,8,32,0.188,0.188,0.344,0.531,125,86,-0.264,0.48,0.154,,-2.5,24,9,8.0,2,56,14,16,11,13,6,0,37,0,0,-0.235,-2.0,33,6,10,6,6.75,1,7,34,0.303,0.324,0.576,0.899,132,85,0.235,0.56,0.462,,2.0,27,12,9.0,1,53,8,24,11,15,8,0,67,0,0,0.264,2.5
BAL/BAL201508020,"Sunday, August 2, 2015",1:36 p.m. Local,Oriole Park at Camden Yards,33381,2:32,Day,Away,Detroit Tigers,DET,Baltimore Orioles,BAL,35,6,9,6,6.0,1,5,36,0.257,0.278,0.429,0.706,99,91,0.304,0.66,0.522,,1.5,27,12,9.0,1,63,12,16,15,15,9,0,70,1,0,0.196,3.5,29,1,4,1,1.0,1,5,30,0.138,0.167,0.241,0.408,148,61,-0.195,0.46,0.236,,-3.5,27,12,9.0,1,38,11,12,14,10,0,0,29,1,0,-0.304,-1.5
OAK/OAK201508030,"Monday, August 3, 2015",7:08 p.m. Local,O.co Coliseum,11476,2:47,Night,Away,Baltimore Orioles,BAL,Oakland Athletics,OAK,40,9,14,9,9.0,2,8,42,0.35,0.381,0.6,0.981,120,109,0.358,0.4,0.53,,4.8,27,13,9.0,0,63,20,26,17,15,9,0,60,1,0,0.143,2.2,32,2,6,2,2.0,2,6,34,0.188,0.235,0.25,0.485,176,74,-0.144,0.31,0.123,,-2.2,27,11,9.0,2,41,8,26,16,10,4,0,18,2,0,-0.357,-4.8
OAK/OAK201508040,"Tuesday, August 4, 2015",7:08 p.m. Local,O.co Coliseum,16328,2:51,Night,Home,Oakland Athletics,OAK,Baltimore Orioles,BAL,33,0,7,0,0.0,2,9,35,0.212,0.257,0.273,0.53,134,88,-0.384,0.76,0.224,,-4.3,24,8,8.0,1,45,21,22,12,12,8,0,48,1,1,-0.117,-1.2,29,5,7,5,5.62,5,8,35,0.241,0.371,0.517,0.889,139,84,0.117,0.82,0.623,,1.2,27,9,9.0,0,48,12,25,8,13,7,0,72,0,0,0.384,4.2
OAK/OAK201508050,"Wednesday, August 5, 2015",12:37 p.m. Local,O.co Coliseum,20176,3:33,Day,Away,Baltimore Orioles,BAL,Oakland Athletics,OAK,39,7,11,7,6.3,2,8,42,0.282,0.333,0.41,0.744,168,96,0.24,1.56,1.377,,2.3,30,13,10.0,0,54,15,27,16,15,10,0,47,3,0,0.26,1.7,35,3,8,3,2.7,5,11,41,0.229,0.317,0.371,0.689,151,106,-0.26,1.58,0.952,,-1.7,30,14,10.0,1,63,19,25,19,6,4,0,47,3,0,-0.24,-2.3
ANA/ANA201508070,"Friday, August 7, 2015",7:09 p.m. Local,Angel Stadium of Anaheim,42578,2:58,Night,Home,Los Angeles Angels of Anaheim,LAA,Baltimore Orioles,BAL,37,4,12,4,4.0,1,5,38,0.324,0.342,0.541,0.883,143,87,0.139,1.07,0.796,,-0.1,24,7,8.0,2,50,11,26,14,18,11,0,29,2,2,-0.641,-4.3,36,8,13,8,9.0,4,5,40,0.361,0.425,0.583,1.008,130,90,0.641,1.02,1.225,,4.3,27,10,9.0,2,58,8,24,12,19,11,0,34,3,0,-0.141,0.1
ANA/ANA201508080,"Saturday, August 8, 2015",6:09 p.m. Local,Angel Stadium of Anaheim,43041,2:55,Night,Away,Baltimore Orioles,BAL,Los Angeles Angels of Anaheim,LAA,34,5,11,5,5.0,2,9,38,0.324,0.342,0.618,0.96,132,88,0.089,0.94,0.488,,0.9,27,11,9.0,0,49,14,25,12,15,8,0,83,0,0,0.409,4.1,31,0,5,0,0.0,1,6,34,0.161,0.235,0.194,0.429,147,84,-0.41,0.69,0.258,,-4.1,27,16,9.0,2,49,10,25,12,13,9,0,52,1,1,-0.09,-0.9
ANA/ANA201508090,"Sunday, August 9, 2015",12:38 p.m. Local,Angel Stadium of Anaheim,37154,4:03,Day,Home,Los Angeles Angels of Anaheim,LAA,Baltimore Orioles,BAL,40,4,9,4,3.27,1,12,42,0.225,0.262,0.4,0.662,223,108,-0.383,1.61,0.828,,-1.0,32,8,10.2,2,54,27,27,17,11,7,0,38,2,1,-0.118,-0.7,44,5,12,5,4.22,6,13,50,0.273,0.36,0.5,0.86,164,141,0.117,1.44,1.497,,0.7,33,16,11.0,2,86,23,32,11,20,9,0,58,0,0,0.384,1.0
SEA/SEA201508100,"Monday, August 10, 2015",7:10 p.m. Local,Safeco Field,20839,2:36,Night,Away,Baltimore Orioles,BAL,Seattle Mariners,SEA,33,3,7,3,3.0,1,7,34,0.212,0.235,0.455,0.69,147,94,0.018,1.31,0.483,,-1.2,27,12,9.0,1,56,16,22,9,17,8,0,71,1,0,0.482,2.2,32,2,5,1,1.0,2,9,34,0.156,0.206,0.313,0.518,143,98,-0.483,0.7,0.494,,-2.2,27,9,9.0,2,55,22,21,12,11,0,0,54,0,0,-0.018,1.2
SEA/SEA201508110,"Tuesday, August 11, 2015",7:10 p.m. Local,Safeco Field,24863,3:29,Night,Home,Seattle Mariners,SEA,Baltimore Orioles,BAL,36,5,7,5,4.5,3,10,40,0.194,0.256,0.389,0.645,191,97,-0.024,0.99,0.794,,0.4,27,7,9.0,2,52,15,30,12,15,7,0,23,4,0,-0.478,-3.7,39,6,13,6,6.0,5,9,46,0.333,0.4,0.538,0.938,149,116,0.475,1.16,1.089,,3.7,30,9,10.0,2,66,22,28,16,16,10,0,59,0,0,0.022,-0.4
SEA/SEA201508120,"Wednesday, August 12, 2015",12:40 p.m. Local,Safeco Field,25661,2:29,Day,Home,Seattle Mariners,SEA,Baltimore Orioles,BAL,26,0,0,0,0.0,3,7,29,0.0,0.103,0.0,0.103,126,77,-0.402,0.66,0.099,,-4.2,24,5,8.0,0,44,19,14,11,8,3,0,59,0,0,-0.098,0.7,30,3,6,3,3.38,2,9,32,0.2,0.25,0.367,0.617,116,87,0.099,0.81,0.487,,-0.7,27,12,9.0,0,45,24,18,7,14,10,0,91,,,0.401,4.2
BAL/BAL201508140,"Friday, August 14, 2015",7:18 p.m. Local,Oriole Park at Camden Yards,36784,4:27,Night,Home,Baltimore Orioles,BAL,Oakland Athletics,OAK,53,6,17,6,4.15,4,15,58,0.321,0.368,0.491,0.859,201,142,-0.28,1.64,1.459,,-0.5,37,12,12.1,3,77,23,42,26,13,7,0,41,3,2,-0.222,-1.8,51,8,16,8,5.84,2,10,55,0.314,0.345,0.529,0.875,216,134,0.222,1.8,1.713,,1.8,39,17,13.0,1,77,26,31,17,25,9,0,37,0,0,0.28,0.5
BAL/BAL201508150,"Saturday, August 15, 2015",7:07 p.m. Local,Oriole Park at Camden Yards,44028,2:25,Night,Home,Baltimore Orioles,BAL,Oakland Athletics,OAK,31,3,7,3,3.0,3,8,34,0.226,0.294,0.484,0.778,117,79,-0.301,1.15,0.492,,-1.5,26,13,8.2,3,41,11,27,15,8,5,0,65,0,0,-0.199,0.4,29,4,6,4,4.15,1,6,31,0.207,0.258,0.517,0.775,128,73,0.2,1.02,1.014,,-0.4,27,16,9.0,2,43,15,15,12,11,3,0,55,0,0,0.3,1.5
BAL/BAL201508160,"Sunday, August 16, 2015",1:37 p.m. Local,Oriole Park at Camden Yards,28228,3:09,Day,Home,Baltimore Orioles,BAL,Oakland Athletics,OAK,36,2,9,2,2.0,1,10,37,0.25,0.27,0.417,0.687,169,113,-0.053,0.31,0.294,,-2.5,24,11,8.0,4,74,13,26,11,15,5,0,23,3,1,-0.448,-14.0,48,18,26,18,20.25,3,8,51,0.542,0.569,0.938,1.506,152,119,0.448,0.46,0.659,,14.0,27,7,9.0,1,78,17,24,15,25,16,0,55,0,0,0.053,2.5
BAL/BAL201508170,"Monday, August 17, 2015",7:07 p.m. Local,Oriole Park at Camden Yards,22766,2:35,Night,Home,Baltimore Orioles,BAL,Oakland Athletics,OAK,28,2,3,2,2.0,4,4,33,0.107,0.219,0.321,0.54,124,76,-0.324,0.78,0.375,,-2.5,24,10,8.0,1,49,7,19,11,13,5,0,48,2,0,-0.178,-0.0,34,4,7,4,1.12,2,7,36,0.206,0.25,0.324,0.574,123,88,0.178,0.93,0.648,,0.0,27,12,9.0,2,56,16,16,16,11,5,0,63,0,0,0.321,2.5
BAL/BAL201508180,"Tuesday, August 18, 2015",7:51 p.m. Local,Oriole Park at Camden Yards,34068,2:59,Night,Away,New York Mets,NYM,Baltimore Orioles,BAL,36,5,8,4,4.0,3,9,40,0.222,0.275,0.444,0.719,136,108,0.062,1.21,0.478,,0.5,27,13,9.0,1,66,18,24,12,16,9,0,70,3,2,0.438,1.5,33,3,6,3,1.0,4,7,37,0.182,0.27,0.303,0.573,168,89,-0.438,0.6,0.411,,-1.5,27,10,9.0,2,58,14,17,15,11,3,0,53,2,2,-0.062,-0.5
BAL/BAL201508190,"Wednesday, August 19, 2015",7:07 p.m. Local,Oriole Park at Camden Yards,36165,3:01,Night,Home,Baltimore Orioles,BAL,New York Mets,NYM,33,4,9,4,4.0,4,9,37,0.273,0.351,0.515,0.867,140,96,-0.032,1.54,0.865,,-0.5,24,4,8.0,3,60,13,23,10,14,8,0,43,1,0,-0.468,-1.0,33,5,10,5,5.62,2,9,35,0.303,0.343,0.667,1.01,157,92,0.469,1.17,1.485,,1.0,27,10,9.0,2,55,21,16,7,17,9,0,47,1,0,0.031,0.5
BAL/BAL201508200,"Thursday, August 20, 2015",9:36 p.m. Local,Oriole Park at Camden Yards,20109,2:51,Night,Away,Minnesota Twins,MIN,Baltimore Orioles,BAL,44,15,18,14,15.0,4,8,48,0.409,0.458,0.591,1.049,120,118,0.346,0.3,0.47,,10.5,27,11,9.0,0,72,12,34,18,18,12,0,59,3,0,0.156,2.5,35,2,10,2,2.0,2,9,37,0.286,0.324,0.314,0.639,183,85,-0.156,0.33,0.113,,-2.5,27,10,9.0,2,52,13,20,13,13,8,0,26,0,0,-0.345,-10.5
BAL/BAL201508210,"Friday, August 21, 2015",7:06 p.m. Local,Oriole Park at Camden Yards,32025,3:06,Night,Away,Minnesota Twins,MIN,Baltimore Orioles,BAL,37,4,11,4,4.0,3,9,42,0.297,0.357,0.351,0.708,128,117,0.272,1.13,1.127,,-0.5,27,13,9.0,1,72,17,28,13,16,5,0,49,1,0,0.228,1.5,31,3,5,3,3.0,1,8,32,0.161,0.188,0.258,0.446,175,84,-0.228,1.54,0.504,,-1.5,27,7,9.0,0,50,19,16,12,11,8,0,55,3,0,-0.272,0.5
BAL/BAL201508220,"Saturday, August 22, 2015",7:06 p.m. Local,Oriole Park at Camden Yards,35301,3:01,Night,Away,Minnesota Twins,MIN,Baltimore Orioles,BAL,32,3,7,3,3.0,4,8,38,0.219,0.306,0.313,0.618,139,95,0.052,1.48,0.782,,-1.5,27,13,9.0,0,51,13,31,10,16,7,0,47,3,0,0.449,2.5,31,2,7,2,2.0,4,6,38,0.226,0.306,0.29,0.596,149,81,-0.449,1.32,0.456,,-2.5,27,5,9.0,0,49,16,16,17,11,5,0,58,5,1,-0.051,1.5
BAL/BAL201508230,"Sunday, August 23, 2015",1:37 p.m. Local,Oriole Park at Camden Yards,35144,4:24,Day,Away,Minnesota Twins,MIN,Baltimore Orioles,BAL,46,4,7,3,2.25,0,16,46,0.152,0.152,0.261,0.413,214,126,-0.091,1.56,1.308,,-2.0,36,13,12.0,0,68,27,31,15,15,7,0,36,3,0,0.593,3.0,48,3,13,3,2.25,3,10,51,0.271,0.314,0.313,0.626,190,142,-0.592,1.63,0.94,,-3.0,36,9,12.0,1,103,24,15,20,18,11,0,71,0,0,0.092,2.0
KCA/KCA201508240,"Monday, August 24, 2015",7:11 p.m. Local,Kauffman Stadium,27797,2:18,Night,Home,Kansas City Royals,KCR,Baltimore Orioles,BAL,30,3,5,3,3.0,0,8,30,0.167,0.167,0.333,0.5,119,74,0.026,0.85,0.314,,-1.6,24,14,8.0,1,44,12,18,9,13,3,0,23,1,1,-0.527,-3.9,37,8,13,7,9.0,2,5,39,0.351,0.385,0.595,0.979,99,79,0.528,0.54,0.981,,3.9,27,11,9.0,1,42,8,29,20,12,6,0,56,0,0,-0.027,1.6
KCA/KCA201508250,"Tuesday, August 25, 2015",7:10 p.m. Local,Kauffman Stadium,29734,2:57,Night,Home,Kansas City Royals,KCR,Baltimore Orioles,BAL,34,2,7,2,2.0,2,9,37,0.206,0.27,0.235,0.506,147,91,-0.559,0.82,0.489,,-2.6,24,11,8.0,1,54,18,19,11,14,8,0,37,2,0,0.059,1.1,28,3,6,3,3.38,6,3,34,0.214,0.353,0.357,0.71,135,88,-0.058,1.43,0.463,,-1.1,27,8,9.0,0,55,8,25,14,11,6,0,54,3,0,0.56,2.6
KCA/KCA201508260,"Wednesday, August 26, 2015",7:10 p.m. Local,Kauffman Stadium,33003,2:47,Night,Away,Baltimore Orioles,BAL,Kansas City Royals,KCR,38,8,13,8,8.0,1,11,39,0.342,0.359,0.763,1.122,134,99,0.401,1.03,0.901,,3.4,27,14,9.0,1,60,23,16,8,19,12,0,45,2,1,0.099,-0.4,34,5,11,5,5.0,3,6,38,0.324,0.378,0.471,0.849,148,89,-0.098,0.66,0.625,,0.4,27,7,9.0,5,51,12,26,14,15,11,0,34,0,0,-0.402,-3.4
KCA/KCA201508270,"Thursday, August 27, 2015",2:45 p.m. Local,Kauffman Stadium,31155,2:46,Day,Home,Kansas City Royals,KCR,Baltimore Orioles,BAL,34,3,6,3,3.0,4,14,38,0.176,0.263,0.324,0.587,123,94,-0.363,0.69,0.32,,-1.6,24,17,8.0,1,38,23,33,9,11,3,0,38,0,0,-0.138,-0.9,34,5,12,5,5.62,1,1,36,0.353,0.361,0.618,0.979,147,81,0.137,0.91,0.556,,0.9,27,6,9.0,1,49,7,25,19,15,8,0,75,0,0,0.362,1.6
TEX/TEX201508280,"Friday, August 28, 2015",7:09 p.m. Local,Globe Life Park in Arlington,28337,2:23,Night,Home,Texas Rangers,TEX,Baltimore Orioles,BAL,29,1,3,1,1.0,4,12,33,0.103,0.212,0.138,0.35,114,83,-0.372,0.8,0.333,,-3.6,24,14,8.0,2,39,23,21,9,8,3,0,42,1,0,-0.131,0.1,31,4,9,4,4.5,1,3,32,0.29,0.313,0.548,0.861,129,74,0.131,1.08,0.631,,-0.1,27,10,9.0,0,44,7,23,17,11,7,0,80,0,0,0.369,3.6
TEX/TEX201508290,"Saturday, August 29, 2015",7:08 p.m. Local,Globe Life Park in Arlington,29768,2:33,Night,Home,Texas Rangers,TEX,Baltimore Orioles,BAL,35,3,9,3,3.0,1,7,37,0.257,0.27,0.371,0.642,117,87,-0.39,1.0,0.699,,-1.6,24,13,8.0,1,51,14,22,17,12,5,0,37,4,1,-0.11,0.1,33,4,12,4,4.5,3,4,36,0.364,0.417,0.636,1.053,125,75,0.11,1.73,0.747,,-0.1,27,12,9.0,1,44,6,25,13,16,6,0,51,3,0,0.39,1.6
TEX/TEX201508300,"Sunday, August 30, 2015",2:08 p.m. Local,Globe Life Park in Arlington,22256,2:41,Day,Home,Texas Rangers,TEX,Baltimore Orioles,BAL,30,0,3,0,0.0,0,11,31,0.1,0.129,0.133,0.262,152,79,-0.35,0.55,0.115,,-4.6,24,11,8.0,0,45,13,21,8,11,4,0,39,4,1,-0.151,-1.9,33,6,11,4,5.62,3,6,38,0.333,0.395,0.333,0.728,116,96,0.151,0.68,0.393,,1.9,27,6,9.0,0,62,13,22,15,13,8,0,92,,,0.349,4.6
BAL/BAL201508310,"Monday, August 31, 2015",7:07 p.m. Local,Oriole Park at Camden Yards,19841,3:03,Night,Away,Tampa Bay Rays,TBR,Baltimore Orioles,BAL,35,6,10,5,6.0,1,7,37,0.286,0.297,0.657,0.954,178,91,0.207,0.96,0.483,,1.5,27,9,9.0,0,55,14,22,11,18,8,0,67,0,0,0.295,1.5,36,3,8,3,3.0,5,10,41,0.222,0.317,0.25,0.567,129,111,-0.294,0.44,0.412,,-1.5,27,11,9.0,3,54,27,30,15,11,3,0,30,1,0,-0.206,-1.5
BAL/BAL201509010,"Tuesday, September 1, 2015",7:07 p.m. Local,Oriole Park at Camden Yards,22987,3:01,Night,Away,Tampa Bay Rays,TBR,Baltimore Orioles,BAL,41,11,15,11,11.0,4,8,47,0.366,0.426,0.537,0.962,129,122,0.296,0.48,0.619,,6.5,27,5,9.0,1,73,21,28,14,20,12,0,78,0,0,0.205,2.5,32,2,6,2,2.0,1,14,33,0.188,0.212,0.344,0.556,178,94,-0.204,0.59,0.169,,-2.5,27,7,9.0,1,49,22,23,4,14,4,0,23,4,2,-0.296,-6.5
BAL/BAL201509020,"Wednesday, September 2, 2015",7:07 p.m. Local,Oriole Park at Camden Yards,15963,3:36,Night,Home,Baltimore Orioles,BAL,Tampa Bay Rays,TBR,42,6,13,6,4.09,5,9,47,0.31,0.383,0.643,1.026,151,102,-0.08,1.5,1.033,,0.5,30,13,10.0,3,61,17,24,15,18,4,0,37,0,0,-0.419,-2.0,36,7,9,7,6.3,3,6,40,0.25,0.325,0.556,0.881,164,96,0.418,1.15,1.641,,2.0,33,14,11.0,3,64,14,18,13,17,8,0,26,5,0,0.081,-0.5
TOR/TOR201509040,"Friday, September 4, 2015",7:08 p.m. Local,Rogers Centre,46201,2:56,Night,Away,Baltimore Orioles,BAL,Toronto Blue Jays,TOR,40,10,13,10,10.0,1,5,44,0.325,0.364,0.725,1.089,159,83,0.39,0.97,0.766,,5.5,27,14,9.0,0,57,10,16,17,18,9,1,53,2,0,0.111,2.5,33,2,8,1,1.0,7,8,41,0.242,0.366,0.273,0.639,128,94,-0.111,0.6,0.486,,-2.5,27,9,9.0,4,46,13,35,17,9,5,0,27,2,1,-0.39,-5.5
TOR/TOR201509050,"Saturday, September 5, 2015",1:08 p.m. Local,Rogers Centre,46373,2:42,Day,Home,Toronto Blue Jays,TOR,Baltimore Orioles,BAL,29,1,4,1,1.0,4,9,33,0.138,0.242,0.172,0.415,130,85,-0.32,0.66,0.242,,-3.5,24,5,8.0,1,47,18,20,9,11,6,0,39,0,0,-0.18,-1.0,34,5,10,5,5.62,1,9,36,0.294,0.333,0.529,0.863,127,84,0.179,0.81,0.562,,1.0,27,10,9.0,0,42,22,20,7,18,13,0,71,0,0,0.32,3.5
TOR/TOR201509060,"Sunday, September 6, 2015",1:08 p.m. Local,Rogers Centre,46136,3:22,Day,Home,Toronto Blue Jays,TOR,Baltimore Orioles,BAL,32,4,6,4,4.0,5,5,37,0.188,0.297,0.438,0.735,158,90,-0.138,0.33,0.313,,-0.5,24,9,8.0,3,54,18,18,9,18,4,0,21,3,0,-0.36,-6.0,36,10,15,10,11.25,3,8,41,0.417,0.439,0.778,1.217,146,101,0.362,0.65,0.517,,6.0,27,6,9.0,2,57,17,27,16,14,9,0,55,0,0,0.138,0.5
NYA/NYA201509070,"Monday, September 7, 2015",1:09 p.m. Local,Yankee Stadium III,31039,3:10,Day,Home,New York Yankees,NYY,Baltimore Orioles,BAL,33,6,8,6,6.0,6,11,41,0.242,0.375,0.455,0.83,156,99,0.167,1.07,0.841,,1.6,24,5,8.0,3,50,22,27,8,15,5,0,35,2,2,-0.667,-4.1,37,8,12,8,7.88,2,8,39,0.324,0.359,0.595,0.954,161,99,0.666,1.04,1.243,,4.1,27,7,9.0,2,52,18,29,11,18,7,0,47,0,0,-0.167,-1.6
NYA/NYA201509080,"Tuesday, September 8, 2015",7:08 p.m. Local,Yankee Stadium III,30785,2:58,Night,Away,Baltimore Orioles,BAL,New York Yankees,NYY,34,2,9,2,2.0,1,11,35,0.265,0.286,0.471,0.756,160,77,-0.058,1.27,0.785,,-2.4,27,12,9.0,1,44,21,12,12,11,6,0,55,0,0,0.557,3.4,33,1,6,1,1.0,2,7,35,0.182,0.229,0.273,0.501,118,106,-0.557,1.15,0.361,,-3.4,27,9,9.0,2,63,14,29,15,11,3,0,75,0,0,0.057,2.4
NYA/NYA201509090,"Wednesday, September 9, 2015",7:08 p.m. Local,Yankee Stadium III,30038,3:01,Night,Away,Baltimore Orioles,BAL,New York Yankees,NYY,33,5,7,3,3.0,6,8,42,0.212,0.35,0.364,0.714,118,101,0.198,1.14,1.065,,0.6,27,8,9.0,1,62,12,27,13,14,6,0,65,0,0,0.303,1.4,31,3,4,3,3.0,0,9,32,0.129,0.156,0.258,0.414,162,82,-0.304,1.38,0.465,,-1.4,27,12,9.0,1,44,13,25,9,13,4,0,50,5,3,-0.198,-0.6
BAL/BAL201509110,"Friday, September 11, 2015",7:08 p.m. Local,Oriole Park at Camden Yards,45420,3:59,Night,Home,Baltimore Orioles,BAL,Kansas City Royals,KCR,37,8,10,8,7.0,4,5,43,0.27,0.349,0.595,0.943,207,99,0.345,1.58,0.757,,3.5,24,8,8.0,4,59,14,26,11,22,13,0,58,6,3,-0.845,-10.0,37,14,12,14,14.62,7,11,45,0.324,0.444,0.73,1.174,164,135,0.845,0.69,1.768,,10.0,27,9,9.0,3,89,22,24,10,16,11,0,43,5,1,-0.345,-3.5
BAL/BAL201509120,"Saturday, September 12, 2015",4:07 p.m. Local,Oriole Park at Camden Yards,35439,3:40,Day,Away,Kansas City Royals,KCR,Baltimore Orioles,BAL,40,14,14,14,14.0,5,5,45,0.35,0.422,0.575,0.997,183,114,0.65,0.92,1.102,,9.5,27,13,9.0,2,76,9,29,17,18,10,0,39,5,0,-0.15,-1.5,35,6,11,6,6.0,6,10,45,0.314,0.444,0.514,0.959,183,104,0.15,0.83,0.716,,1.5,27,11,9.0,2,59,25,20,14,12,9,0,45,4,4,-0.649,-9.5
BAL/BAL201509130,"Sunday, September 13, 2015",8:09 p.m. Local,Oriole Park at Camden Yards,22496,2:37,Night,Home,Baltimore Orioles,BAL,Kansas City Royals,KCR,33,2,7,2,2.0,0,5,33,0.212,0.212,0.333,0.545,142,90,-0.146,0.39,0.279,,-2.5,24,11,8.0,4,55,12,23,11,17,13,0,23,5,1,-0.356,-4.0,35,8,12,8,7.88,3,5,38,0.343,0.395,0.743,1.138,135,86,0.355,0.57,0.577,,4.0,27,10,9.0,0,55,13,18,11,19,9,0,59,0,0,0.146,2.5
BAL/BAL201509140,"Monday, September 14, 2015",7:08 p.m. Local,Oriole Park at Camden Yards,19666,2:56,Night,Home,Baltimore Orioles,BAL,Boston Red Sox,BOS,30,0,3,0,0.0,5,10,35,0.1,0.229,0.1,0.329,152,92,-0.609,0.92,0.442,,-4.5,24,6,8.0,0,44,25,23,12,8,3,0,60,2,1,0.11,2.0,33,2,9,2,2.25,3,13,36,0.273,0.333,0.333,0.667,147,101,-0.111,1.54,0.484,,-2.0,27,9,9.0,0,60,19,22,10,10,8,0,71,2,0,0.61,4.5
BAL/BAL201509150,"Tuesday, September 15, 2015",7:07 p.m. Local,Oriole Park at Camden Yards,21260,4:20,Night,Home,Baltimore Orioles,BAL,Boston Red Sox,BOS,47,5,12,5,3.46,4,15,53,0.255,0.321,0.383,0.704,173,138,-0.517,1.27,1.205,,-1.5,36,10,12.0,2,67,26,47,19,14,7,0,36,4,2,0.019,-1.0,44,6,9,5,3.75,3,12,48,0.205,0.25,0.341,0.591,218,111,-0.016,1.73,1.058,,1.0,39,14,13.0,1,60,23,28,11,22,12,0,40,0,0,0.518,1.5
BAL/BAL201509160,"Wednesday, September 16, 2015",7:07 p.m. Local,Oriole Park at Camden Yards,22642,2:51,Night,Away,Boston Red Sox,BOS,Baltimore Orioles,BAL,39,10,12,10,10.0,4,5,43,0.308,0.372,0.59,0.962,139,98,0.345,0.21,0.517,,5.5,27,13,9.0,0,62,12,24,13,21,8,0,71,1,0,0.154,3.5,35,1,8,1,0.0,1,4,36,0.229,0.25,0.229,0.479,155,90,-0.154,0.31,0.049,,-3.5,27,11,9.0,3,60,17,13,19,12,6,0,23,2,2,-0.346,-5.5
TBA/TBA201509170,"Thursday, September 17, 2015",7:10 p.m. Local,Tropicana Field,9617,2:56,Night,Away,Baltimore Orioles,BAL,Tampa Bay Rays,TBR,34,4,7,4,4.0,1,11,35,0.206,0.229,0.235,0.464,154,94,0.213,1.14,0.874,,-0.2,27,5,9.0,1,50,20,24,6,17,6,0,48,4,1,0.287,1.2,32,3,6,3,3.0,4,8,37,0.188,0.297,0.313,0.61,138,95,-0.288,1.39,0.518,,-1.2,27,4,9.0,0,57,13,25,8,16,6,0,82,0,0,-0.214,0.2
TBA/TBA201509180,"Friday, September 18, 2015",7:10 p.m. Local,Tropicana Field,10697,2:51,Night,Home,Tampa Bay Rays,TBR,Baltimore Orioles,BAL,30,6,5,6,6.0,4,9,35,0.167,0.286,0.467,0.752,147,96,0.003,0.89,0.465,,1.8,24,11,8.0,1,55,14,27,9,12,2,0,22,3,1,-0.501,-4.3,35,8,13,8,9.0,4,6,39,0.371,0.436,0.6,1.036,149,89,0.501,0.64,1.005,,4.3,27,12,9.0,3,56,13,20,13,16,8,0,44,0,0,-0.002,-1.8
TBA/TBA201509190,"Saturday, September 19, 2015",6:11 p.m. Local,Tropicana Field,17053,2:29,Night,Away,Baltimore Orioles,BAL,Tampa Bay Rays,TBR,35,2,10,2,2.0,0,5,35,0.286,0.286,0.343,0.629,122,86,-0.178,1.71,0.476,,-2.2,27,11,9.0,0,54,13,19,14,16,10,0,68,0,0,0.68,3.2,31,1,6,1,1.0,0,9,33,0.194,0.242,0.258,0.5,115,83,-0.679,1.0,0.542,,-3.2,27,12,9.0,0,52,16,15,12,10,4,0,55,0,0,0.179,2.2
TBA/TBA201509200,"Sunday, September 20, 2015",1:10 p.m. Local,Tropicana Field,17801,3:18,Day,Home,Tampa Bay Rays,TBR,Baltimore Orioles,BAL,37,6,9,5,4.0,4,5,41,0.243,0.317,0.432,0.75,171,95,0.466,1.97,1.334,,1.8,26,8,8.2,2,56,18,21,12,20,6,0,45,0,0,-0.964,-3.5,38,7,14,6,7.27,4,12,43,0.368,0.419,0.658,1.076,138,108,0.967,1.28,2.314,,3.5,27,10,9.0,1,57,32,19,11,16,8,0,38,3,0,-0.465,-1.8
WAS/WAS201509220,"Tuesday, September 22, 2015",7:05 p.m. Local,Nationals Park,27338,2:51,Night,Away,Baltimore Orioles,BAL,Washington Nationals,WSN,34,4,6,4,4.0,3,12,37,0.176,0.243,0.235,0.479,159,88,0.167,1.16,0.549,,-0.3,27,12,9.0,0,42,16,30,13,9,3,0,64,0,0,0.335,3.3,31,1,3,1,0.0,6,10,37,0.097,0.243,0.097,0.34,137,92,-0.333,0.67,0.549,,-3.3,27,8,9.0,0,43,11,38,12,9,3,0,40,1,0,-0.166,0.3
WAS/WAS201509230,"Wednesday, September 23, 2015",7:06 p.m. Local,Nationals Park,27991,3:03,Night,Away,Baltimore Orioles,BAL,Washington Nationals,WSN,35,4,8,4,4.0,3,13,39,0.229,0.308,0.486,0.793,138,102,0.161,1.36,0.916,,-0.3,27,8,9.0,0,56,16,30,9,13,7,0,50,0,0,0.339,1.3,31,3,6,3,3.0,3,9,35,0.194,0.257,0.258,0.515,151,87,-0.338,1.03,0.596,,-1.3,27,6,9.0,2,48,11,28,12,11,4,0,54,1,0,-0.161,0.3
WAS/WAS201509240,"Thursday, September 24, 2015",4:05 p.m. Local,Nationals Park,28456,3:05,Day,Away,Baltimore Orioles,BAL,Washington Nationals,WSN,33,5,7,5,5.0,6,2,39,0.212,0.333,0.424,0.758,152,93,0.435,1.74,0.984,,0.7,27,16,9.0,1,59,12,22,11,20,9,0,54,1,1,0.064,0.3,33,4,10,4,4.0,5,7,39,0.303,0.385,0.485,0.869,163,95,-0.063,0.97,1.19,,-0.3,27,10,9.0,2,59,9,27,16,11,5,0,44,1,0,-0.437,-0.7
BOS/BOS201509250,"Friday, September 25, 2015",7:11 p.m. Local,Fenway Park,32411,2:42,Night,Home,Boston Red Sox,BOS,Baltimore Orioles,BAL,29,0,2,0,0.0,1,10,30,0.069,0.1,0.069,0.169,148,81,-0.388,0.61,0.082,,-4.7,24,13,8.0,0,43,16,22,9,10,3,0,39,2,2,-0.111,-2.8,31,7,9,6,7.88,3,10,35,0.29,0.353,0.452,0.805,116,90,0.112,0.66,0.44,,2.8,27,7,9.0,0,45,17,28,14,8,6,0,92,,,0.389,4.7
BOS/BOS201509260,"Saturday, September 26, 2015",4:07 p.m. Local,Fenway Park,36316,2:56,Day,Home,Boston Red Sox,BOS,Baltimore Orioles,BAL,31,0,5,0,0.0,5,4,36,0.161,0.278,0.194,0.471,174,75,-0.463,0.71,0.208,,-4.7,24,7,8.0,0,45,10,20,13,14,2,0,56,5,2,-0.037,-3.8,35,8,8,4,2.25,5,10,40,0.229,0.325,0.343,0.668,135,112,0.037,0.83,0.556,,3.8,27,11,9.0,0,66,14,32,13,12,4,0,58,4,0,0.464,4.7
BOS/BOS201509270,"Sunday, September 27, 2015",1:36 p.m. Local,Fenway Park,33306,2:28,Day,Home,Boston Red Sox,BOS,Baltimore Orioles,BAL,33,0,5,0,0.0,1,8,34,0.152,0.176,0.182,0.358,119,86,-0.572,0.62,0.18,,-4.7,24,13,8.0,1,51,17,18,14,11,4,0,60,0,0,0.071,2.2,29,2,8,1,2.25,1,7,30,0.276,0.3,0.379,0.679,133,82,-0.071,0.98,0.299,,-2.2,27,8,9.0,0,50,9,23,12,10,3,0,77,1,0,0.571,4.7
BAL/BAL201509280,"Monday, September 28, 2015",7:08 p.m. Local,Oriole Park at Camden Yards,19093,2:36,Night,Away,Toronto Blue Jays,TOR,Baltimore Orioles,BAL,34,4,10,4,4.0,2,4,37,0.294,0.333,0.382,0.716,103,93,0.273,0.87,0.932,,-0.5,27,7,9.0,1,55,8,30,16,15,10,0,59,0,0,0.228,1.5,31,3,4,3,3.0,1,5,32,0.129,0.156,0.226,0.382,139,74,-0.23,1.5,0.35,,-1.5,27,13,9.0,1,43,13,18,7,19,6,0,62,1,1,-0.271,0.5
BAL/BAL201509301,"Wednesday, September 30, 2015",4:07 p.m. Local,Oriole Park at Camden Yards,,3:17,Day,Away,Toronto Blue Jays,TOR,Baltimore Orioles,BAL,45,15,18,11,10.0,10,5,55,0.4,0.509,0.689,1.198,125,119,0.292,0.53,0.574,,10.5,27,12,9.0,1,74,9,36,19,21,7,0,74,0,0,0.208,2.5,33,2,7,2,2.0,2,10,35,0.212,0.257,0.424,0.681,210,86,-0.207,0.42,0.148,,-2.5,27,9,9.0,3,52,8,26,16,7,2,0,39,5,3,-0.293,-10.5
BAL/BAL201509302,"Wednesday, September 30, 2015",8:03 p.m. Local,Oriole Park at Camden Yards,26330,2:23,Night,Home,Baltimore Orioles,BAL,Toronto Blue Jays,TOR,29,1,5,1,1.0,2,11,32,0.172,0.226,0.31,0.536,141,88,-0.448,0.63,0.231,,-3.5,24,9,8.0,4,53,18,17,13,6,2,0,66,3,3,-0.054,-4.0,35,8,11,8,9.0,1,5,36,0.314,0.333,0.743,1.076,119,92,0.053,0.85,0.468,,4.0,27,10,9.0,1,56,17,19,11,19,13,0,78,0,0,0.448,3.5
BAL/BAL201510010,"Thursday, October 1, 2015",12:10 p.m. Local,Oriole Park at Camden Yards,18257,3:12,Day,Home,Baltimore Orioles,BAL,Toronto Blue Jays,TOR,33,4,9,4,4.0,3,10,38,0.273,0.368,0.364,0.732,164,96,-0.253,0.52,0.582,,-0.5,24,7,8.0,2,47,15,34,14,9,6,0,33,5,0,-0.247,-2.0,32,6,8,6,6.75,8,5,42,0.25,0.429,0.5,0.929,157,90,0.248,1.03,0.548,,2.0,27,13,9.0,0,58,12,20,9,18,5,0,50,3,2,0.254,0.5
BAL/BAL201510031,"Saturday, October 3, 2015",12:06 p.m. Local,Oriole Park at Camden Yards,29227,3:15,Day,Home,Baltimore Orioles,BAL,New York Yankees,NYY,33,2,6,2,2.0,4,7,37,0.182,0.27,0.242,0.513,167,103,-0.32,0.48,0.262,,-2.5,24,13,8.0,1,57,12,34,11,15,5,0,34,2,2,-0.183,-5.0,38,9,15,7,10.12,6,5,45,0.395,0.489,0.553,1.042,158,101,0.182,0.71,0.486,,5.0,27,8,9.0,0,61,14,26,19,14,9,0,56,4,2,0.317,2.5
BAL/BAL201510032,"Saturday, October 3, 2015",7:06 p.m. Local,Oriole Park at Camden Yards,35198,2:31,Night,Home,Baltimore Orioles,BAL,New York Yankees,NYY,30,3,6,3,3.0,3,8,36,0.2,0.306,0.267,0.572,114,87,-0.355,1.09,0.776,,-1.5,24,13,8.0,2,52,11,24,14,9,3,0,61,0,0,-0.144,-0.0,30,4,7,3,4.5,1,9,32,0.233,0.281,0.5,0.781,146,79,0.142,1.66,0.775,,0.0,27,12,9.0,0,40,17,22,12,9,4,0,54,0,0,0.356,1.5
BAL/BAL201510040,"Sunday, October 4, 2015",3:06 p.m. Local,Oriole Park at Camden Yards,33224,3:39,Day,Home,Baltimore Orioles,BAL,New York Yankees,NYY,37,4,10,4,4.0,5,7,42,0.27,0.357,0.432,0.79,187,90,-0.177,0.56,0.408,,-0.5,24,3,8.0,2,50,9,31,11,19,6,0,38,4,2,-0.323,-5.0,35,9,12,9,10.12,6,8,41,0.343,0.439,0.629,1.068,152,110,0.323,0.84,0.624,,5.0,27,9,9.0,0,72,17,21,9,18,5,0,47,3,1,0.178,0.5
