,date,time,venue,attendance,duration,time_of_day,winner,winning_name,winning_abbr,losing_name,losing_abbr,away_at_bats,away_runs,away_hits,away_rbi,away_earned_runs,away_bases_on_balls,away_strikeouts,away_plate_appearances,away_batting_average,away_on_base_percentage,away_slugging_percentage,away_on_base_plus,away_pitches,away_strikes,away_win_probability_for_offensive_player,away_average_leverage_index,away_win_probability_added,away_win_probability_subtracted,away_base_out_runs_added,away_putouts,away_assists,away_innings_pitched,away_home_runs,away_strikes_by_contact,away_strikes_swinging,away_strikes_looking,away_grounded_balls,away_fly_balls,away_line_drives,away_unknown_bat_type,away_game_score,away_inherited_runners,away_inherited_score,away_win_probability_by_pitcher,away_base_out_runs_saved,home_at_bats,home_runs,home_hits,home_rbi,home_earned_runs,home_bases_on_balls,home_strikeouts,home_plate_appearances,home_batting_average,home_on_base_percentage,home_slugging_percentage,home_on_base_plus,home_pitches,home_strikes,home_win_probability_for_offensive_player,home_average_leverage_index,home_win_probability_added,home_win_probability_subtracted,home_base_out_runs_added,home_putouts,home_assists,home_innings_pitched,home_home_runs,home_strikes_by_contact,home_strikes_swinging,home_strikes_looking,home_grounded_balls,home_fly_balls,home_line_drives,home_unknown_bat_type,home_game_score,home_inherited_runners,home_inherited_score,home_win_probability_by_pitcher,home_base_out_runs_saved
CHN/CHN201504050,"Sunday, April 5, 2015",7:17 p.m. Local,Wrigley Field,35055,3:04,Night,Away,St. Louis Cardinals,STL,Chicago Cubs,CHC,36,3,10,3,3.0,4,11,40,0.278,0.35,0.361,0.711,156,103,0.064,1.03,0.599,,-1.1,27,8,9.0,0,64,23,16,11,14,7,0,68,0,0,0.439,4.1,32,0,5,0,0.0,2,12,34,0.156,0.206,0.25,0.456,158,92,-0.439,0.7,0.329,,-4.1,27,8,9.0,0,50,15,27,10,10,6,0,39,2,0,-0.062,1.1
CHN/CHN201504080,"Wednesday, April 8, 2015",1:22 p.m. Local,Wrigley Field,26814,2:23,Day,Home,Chicago Cubs,CHC,St. Louis Cardinals,STL,31,0,4,0,0.0,3,8,34,0.129,0.206,0.161,0.367,111,80,-0.561,0.98,0.241,,-4.1,24,4,8.0,0,52,6,22,9,14,5,0,70,1,1,0.06,1.6,24,2,2,2,1.12,1,11,28,0.083,0.148,0.167,0.315,126,68,-0.061,1.14,0.413,,-1.6,27,7,9.0,0,31,14,23,4,11,3,0,75,2,0,0.561,4.1
COL/COL201504100,"Friday, April 10, 2015",2:10 p.m. Local,Coors Field,49303,3:01,Day,Home,Colorado Rockies,COL,Chicago Cubs,CHC,30,1,5,1,1.0,4,7,37,0.167,0.297,0.167,0.464,150,76,-0.326,0.7,0.504,,-3.9,24,8,8.0,1,37,18,21,11,13,7,0,41,2,0,-0.172,-0.6,34,5,11,5,5.62,3,7,37,0.324,0.378,0.471,0.849,140,92,0.172,1.23,0.577,,0.6,27,12,9.0,0,56,13,23,9,18,10,0,51,2,0,0.329,3.9
COL/COL201504110,"Saturday, April 11, 2015",6:12 p.m. Local,Coors Field,43812,3:19,Night,Away,Chicago Cubs,CHC,Colorado Rockies,COL,36,9,12,9,8.0,5,8,44,0.333,0.432,0.722,1.154,146,101,0.44,0.72,0.846,,4.1,27,11,9.0,1,66,12,23,13,16,7,0,50,2,1,0.06,-0.1,38,5,12,5,5.0,2,10,40,0.316,0.35,0.474,0.824,164,97,-0.06,0.58,0.533,,0.1,27,9,9.0,3,56,15,26,13,15,8,0,17,2,2,-0.439,-4.1
COL/COL201504120,"Sunday, April 12, 2015",2:11 p.m. Local,Coors Field,41363,3:05,Day,Away,Chicago Cubs,CHC,Colorado Rockies,COL,33,6,7,6,4.0,4,8,38,0.212,0.289,0.364,0.653,142,89,0.505,1.17,1.465,,1.1,27,9,9.0,0,47,11,31,14,12,5,0,29,2,0,-0.007,-0.1,37,5,11,5,5.0,1,8,38,0.297,0.316,0.459,0.775,151,101,0.008,1.41,0.798,,0.1,27,11,9.0,1,62,10,29,12,17,9,0,54,0,0,-0.507,-1.1
CHN/CHN201504130,"Monday, April 13, 2015",7:05 p.m. Local,Wrigley Field,26390,3:02,Night,Home,Chicago Cubs,CHC,Cincinnati Reds,CIN,42,6,13,6,5.4,0,7,42,0.31,0.31,0.452,0.762,168,93,0.076,1.52,1.009,,1.4,28,15,9.1,3,60,13,20,12,23,14,0,50,3,1,-0.576,-4.0,36,7,10,7,6.75,5,4,42,0.278,0.366,0.556,0.921,145,107,0.575,1.16,1.444,,4.0,30,11,10.0,0,62,11,34,15,18,8,0,32,0,0,-0.077,-1.4
CHN/CHN201504140,"Tuesday, April 14, 2015",7:04 p.m. Local,Wrigley Field,27525,2:45,Night,Away,Cincinnati Reds,CIN,Chicago Cubs,CHC,33,3,7,3,3.0,2,8,35,0.212,0.257,0.273,0.53,146,92,0.05,1.69,0.398,,-1.1,27,9,9.0,1,52,12,28,12,13,5,0,76,0,0,0.449,2.1,31,2,5,2,2.0,5,9,36,0.161,0.278,0.258,0.536,141,87,-0.449,0.66,0.66,,-2.1,27,14,9.0,0,46,14,27,11,11,1,0,52,1,0,-0.051,1.1
CHN/CHN201504150,"Wednesday, April 15, 2015",7:05 p.m. Local,Wrigley Field,29205,2:39,Night,Home,Chicago Cubs,CHC,Cincinnati Reds,CIN,30,0,4,0,0.0,3,8,33,0.133,0.212,0.133,0.345,132,77,-0.224,0.42,0.086,,-4.1,24,9,8.0,1,46,9,22,11,11,2,0,33,0,0,-0.278,-1.4,32,5,11,5,4.5,4,6,39,0.344,0.421,0.5,0.921,125,81,0.278,0.42,0.472,,1.4,27,9,9.0,0,44,18,21,13,15,9,0,76,3,0,0.222,4.1
CHN/CHN201504170,"Friday, April 17, 2015",1:20 p.m. Local,Wrigley Field,32138,2:57,Day,Away,San Diego Padres,SDP,Chicago Cubs,CHC,34,5,8,5,5.0,2,7,36,0.235,0.278,0.412,0.69,145,93,0.324,1.51,0.986,,0.9,27,7,9.0,0,53,8,32,13,14,5,0,55,0,0,0.176,0.1,34,4,7,2,3.0,3,12,38,0.206,0.27,0.294,0.564,135,90,-0.176,0.98,0.856,,-0.1,27,11,9.0,2,43,22,25,13,10,6,0,47,4,2,-0.324,-0.9
CHN/CHN201504180,"Saturday, April 18, 2015",1:20 p.m. Local,Wrigley Field,33958,3:49,Day,Home,Chicago Cubs,CHC,San Diego Padres,SDP,43,6,10,6,4.91,1,13,44,0.233,0.25,0.349,0.599,219,121,-0.058,1.61,1.068,,1.0,31,6,10.1,2,72,21,28,16,14,8,0,51,2,1,-0.443,-3.5,43,7,12,6,6.1,8,12,51,0.279,0.392,0.442,0.834,177,126,0.445,1.35,1.611,,3.5,33,13,11.0,1,62,32,32,14,17,10,0,66,2,2,0.057,-1.0
CHN/CHN201504190,"Sunday, April 19, 2015",1:21 p.m. Local,Wrigley Field,29113,2:51,Day,Away,San Diego Padres,SDP,Chicago Cubs,CHC,36,5,10,5,5.0,2,5,38,0.278,0.316,0.444,0.76,144,97,0.23,1.1,0.828,,0.9,27,6,9.0,0,62,12,23,17,14,7,0,61,0,0,0.272,2.1,35,2,7,2,0.0,2,8,38,0.2,0.263,0.229,0.492,152,98,-0.271,0.99,0.485,,-2.1,27,13,9.0,2,59,16,23,14,13,2,0,46,2,1,-0.229,-0.9
PIT/PIT201504200,"Monday, April 20, 2015",7:33 p.m. Local,PNC Park,11777,3:13,Night,Away,Chicago Cubs,CHC,Pittsburgh Pirates,PIT,37,5,14,4,4.0,3,3,41,0.378,0.439,0.432,0.871,126,92,0.212,0.76,1.058,,0.9,27,15,9.0,1,52,11,29,18,16,9,0,72,0,0,0.289,2.1,33,2,5,2,2.0,0,10,33,0.152,0.152,0.303,0.455,141,86,-0.287,1.07,0.271,,-2.1,27,17,9.0,0,42,20,24,15,8,5,0,51,0,0,-0.211,-0.9
PIT/PIT201504210,"Tuesday, April 21, 2015",7:07 p.m. Local,PNC Park,13680,3:18,Night,Away,Chicago Cubs,CHC,Pittsburgh Pirates,PIT,40,9,12,8,8.0,4,14,45,0.3,0.378,0.525,0.903,159,101,1.063,1.54,1.932,,4.9,27,11,9.0,2,50,22,29,13,13,5,0,50,3,1,-0.563,-3.9,35,8,9,8,8.0,4,8,40,0.257,0.35,0.457,0.807,168,95,0.561,1.62,1.372,,3.9,27,8,9.0,2,54,14,27,15,12,5,0,56,0,0,-1.062,-4.9
PIT/PIT201504220,"Wednesday, April 22, 2015",7:07 p.m. Local,PNC Park,15101,3:04,Night,Home,Pittsburgh Pirates,PIT,Chicago Cubs,CHC,37,3,10,3,2.0,3,8,40,0.27,0.325,0.324,0.649,131,106,-0.347,0.65,0.804,,-1.1,24,7,8.0,1,63,18,25,16,13,7,0,46,1,0,-0.153,-0.3,31,4,7,4,3.38,0,9,34,0.226,0.235,0.387,0.622,168,81,0.154,1.63,0.449,,0.3,27,13,9.0,0,40,17,24,9,15,4,0,58,4,1,0.347,1.1
PIT/PIT201504230,"Thursday, April 23, 2015",12:37 p.m. Local,PNC Park,22224,3:06,Day,Home,Pittsburgh Pirates,PIT,Chicago Cubs,CHC,32,4,8,4,4.0,3,12,35,0.25,0.314,0.375,0.689,169,91,-0.153,1.24,0.69,,-0.1,24,10,8.0,1,41,21,30,10,10,5,0,48,4,2,-0.347,-1.3,34,5,10,5,4.5,2,7,36,0.294,0.333,0.5,0.833,141,107,0.347,1.15,1.009,,1.3,27,12,9.0,0,68,11,28,14,13,3,0,41,0,0,0.152,0.1
CIN/CIN201504240,"Friday, April 24, 2015",7:10 p.m. Local,Great American Ball Park,39891,3:48,Night,Away,Chicago Cubs,CHC,Cincinnati Reds,CIN,42,7,9,7,5.73,3,14,45,0.214,0.267,0.429,0.695,200,122,0.128,1.58,1.43,,1.9,33,9,11.0,0,54,27,41,6,22,9,0,59,2,0,0.371,2.1,38,3,8,3,2.45,4,16,44,0.211,0.279,0.289,0.569,194,120,-0.373,1.58,0.801,,-2.1,33,7,11.0,2,60,29,31,10,14,6,0,65,0,0,-0.129,-1.9
CIN/CIN201504260,"Sunday, April 26, 2015",1:11 p.m. Local,Great American Ball Park,38954,2:46,Day,Away,Chicago Cubs,CHC,Cincinnati Reds,CIN,33,5,6,5,1.0,3,10,36,0.182,0.25,0.333,0.583,153,92,0.189,1.0,0.536,,0.8,27,11,9.0,1,47,22,23,10,13,6,0,59,0,0,0.312,2.2,33,2,6,2,2.0,3,9,36,0.182,0.25,0.364,0.614,142,101,-0.313,0.67,0.326,,-2.2,27,8,9.0,1,60,15,26,13,11,7,0,48,0,0,-0.187,-0.8
CHN/CHN201504270,"Monday, April 27, 2015",7:05 p.m. Local,Wrigley Field,29159,2:20,Night,Home,Chicago Cubs,CHC,Pittsburgh Pirates,PIT,31,0,4,0,0.0,0,8,32,0.129,0.129,0.129,0.258,124,79,-0.319,0.53,0.104,,-4.1,24,13,8.0,0,41,10,28,13,11,4,0,40,0,0,-0.18,-0.4,32,4,11,4,4.5,2,5,34,0.344,0.382,0.406,0.789,120,79,0.181,0.63,0.493,,0.4,27,10,9.0,0,52,11,16,14,13,7,0,81,0,0,0.319,4.1
CHN/CHN201504280,"Tuesday, April 28, 2015",7:05 p.m. Local,Wrigley Field,29915,2:51,Night,Home,Chicago Cubs,CHC,Pittsburgh Pirates,PIT,32,2,5,2,2.0,0,11,32,0.156,0.156,0.281,0.438,159,79,-0.159,0.58,0.191,,-2.1,24,8,8.0,0,45,11,23,12,9,7,0,25,2,1,-0.341,-2.4,35,6,12,6,5.62,6,8,42,0.343,0.452,0.4,0.852,117,94,0.342,0.5,0.771,,2.4,27,10,9.0,1,58,14,22,12,15,10,0,68,0,0,0.159,2.1
CHN/CHN201504290,"Wednesday, April 29, 2015",7:05 p.m. Local,Wrigley Field,30634,3:04,Night,Away,Pittsburgh Pirates,PIT,Chicago Cubs,CHC,40,8,14,7,8.0,5,11,46,0.35,0.435,0.475,0.91,154,101,0.302,0.63,0.979,,3.9,27,9,9.0,0,48,20,33,14,15,9,0,71,0,0,0.197,3.1,31,1,7,1,0.0,1,14,33,0.226,0.273,0.226,0.499,175,102,-0.197,0.97,0.261,,-3.1,27,10,9.0,0,54,23,25,11,6,3,0,52,0,0,-0.304,-3.9
CHN/CHN201505010,"Friday, May 1, 2015",1:22 p.m. Local,Wrigley Field,31128,2:39,Day,Home,Chicago Cubs,CHC,Milwaukee Brewers,MIL,30,0,4,0,0.0,1,8,33,0.133,0.188,0.167,0.354,156,76,-0.712,0.86,0.244,,-4.1,24,8,8.0,1,38,9,29,11,12,4,0,56,0,0,0.212,2.6,29,1,9,1,1.12,3,9,33,0.31,0.394,0.448,0.842,118,91,-0.213,1.34,0.422,,-2.6,27,9,9.0,0,43,14,34,10,10,4,0,74,0,0,0.712,4.1
CHN/CHN201505020,"Saturday, May 2, 2015",1:20 p.m. Local,Wrigley Field,34878,3:05,Day,Away,Milwaukee Brewers,MIL,Chicago Cubs,CHC,34,6,9,5,5.0,3,11,39,0.265,0.324,0.441,0.766,153,108,0.264,0.67,0.497,,1.9,27,4,9.0,1,71,22,15,12,13,6,0,72,1,0,0.236,3.1,32,1,5,1,1.0,3,18,35,0.156,0.229,0.25,0.479,160,98,-0.236,0.42,0.219,,-3.1,27,10,9.0,1,47,22,29,5,9,6,0,42,2,0,-0.263,-1.9
CHN/CHN201505030,"Sunday, May 3, 2015",1:20 p.m. Local,Wrigley Field,33398,3:01,Day,Away,Milwaukee Brewers,MIL,Chicago Cubs,CHC,33,5,9,5,5.0,2,7,37,0.273,0.324,0.455,0.779,142,88,0.321,1.42,1.152,,0.9,27,8,9.0,0,57,13,19,9,18,7,0,56,1,0,0.178,1.1,35,3,8,2,2.0,2,10,38,0.229,0.263,0.314,0.577,133,97,-0.177,1.25,0.783,,-1.1,27,9,9.0,1,52,20,25,9,17,8,0,53,2,0,-0.322,-0.9
SLN/SLN201505040,"Monday, May 4, 2015",7:10 p.m. Local,Busch Stadium III,41981,3:39,Night,Home,St. Louis Cardinals,STL,Chicago Cubs,CHC,39,9,12,8,8.0,7,10,46,0.308,0.413,0.538,0.952,154,115,0.305,1.39,0.906,,4.8,24,11,8.0,1,61,17,37,14,15,9,0,34,6,4,-0.805,-6.3,33,10,11,10,11.25,4,6,40,0.333,0.41,0.485,0.895,193,98,0.805,0.87,1.356,,6.3,27,9,9.0,2,60,15,23,15,14,8,0,15,1,0,-0.304,-4.8
SLN/SLN201505050,"Tuesday, May 5, 2015",7:15 p.m. Local,Busch Stadium III,41613,3:13,Night,Home,St. Louis Cardinals,STL,Chicago Cubs,CHC,36,4,10,4,3.0,4,12,42,0.278,0.341,0.389,0.73,127,108,0.027,1.2,0.856,,-0.2,24,11,8.0,1,60,17,31,12,14,11,0,38,3,0,-0.526,-3.2,33,7,12,7,7.88,2,2,39,0.364,0.436,0.545,0.981,180,76,0.527,1.35,1.192,,3.3,27,10,9.0,0,53,5,18,15,17,10,0,42,5,2,-0.027,0.2
SLN/SLN201505060,"Wednesday, May 6, 2015",7:15 p.m. Local,Busch Stadium III,42207,2:56,Night,Away,Chicago Cubs,CHC,St. Louis Cardinals,STL,35,6,10,6,6.0,3,7,38,0.286,0.342,0.486,0.828,140,92,0.317,1.95,0.776,,1.8,27,12,9.0,1,52,15,25,11,17,7,0,57,0,0,0.183,-0.8,36,5,9,5,2.0,4,7,41,0.25,0.341,0.389,0.73,140,90,-0.181,0.8,1.248,,0.8,27,8,9.0,1,51,11,28,14,15,5,0,40,0,0,-0.316,-1.8
SLN/SLN201505070,"Thursday, May 7, 2015",12:45 p.m. Local,Busch Stadium III,44472,2:53,Day,Home,St. Louis Cardinals,STL,Chicago Cubs,CHC,33,1,6,1,1.0,2,12,35,0.182,0.229,0.242,0.471,143,93,-0.297,0.57,0.179,,-3.2,24,8,8.0,0,52,18,23,7,13,5,1,38,2,1,-0.202,-1.3,33,5,10,3,4.5,1,10,34,0.303,0.324,0.424,0.748,132,90,0.203,0.65,0.54,,1.3,27,3,9.0,0,51,15,24,13,10,6,0,74,4,0,0.298,3.2
MIL/MIL201505080,"Friday, May 8, 2015",7:11 p.m. Local,Miller Park,38283,3:03,Night,Away,Chicago Cubs,CHC,Milwaukee Brewers,MIL,37,7,10,7,6.0,2,15,39,0.27,0.308,0.649,0.956,150,103,0.286,1.25,0.628,,2.8,27,11,9.0,2,53,22,28,10,12,6,0,64,2,1,0.214,-1.8,35,6,10,6,6.0,7,10,42,0.286,0.405,0.514,0.919,153,91,-0.215,0.54,0.661,,1.8,27,7,9.0,4,49,15,27,13,12,8,0,61,0,0,-0.286,-2.8
MIL/MIL201505090,"Saturday, May 9, 2015",6:10 p.m. Local,Miller Park,39600,3:03,Night,Home,Milwaukee Brewers,MIL,Chicago Cubs,CHC,35,4,8,4,4.0,1,10,36,0.229,0.25,0.4,0.65,164,90,0.186,0.68,0.589,,-0.2,24,11,8.0,3,41,21,28,9,16,10,0,32,2,2,-0.686,-8.3,33,12,11,12,11.25,5,4,40,0.333,0.4,0.667,1.067,150,97,0.687,0.73,0.959,,8.3,27,7,9.0,1,62,7,28,14,17,7,0,43,0,0,-0.187,0.2
MIL/MIL201505100,"Sunday, May 10, 2015",1:12 p.m. Local,Miller Park,41467,3:26,Day,Home,Milwaukee Brewers,MIL,Chicago Cubs,CHC,37,2,6,2,1.64,3,16,40,0.162,0.225,0.27,0.495,165,100,-0.439,1.62,0.835,,-3.1,31,13,10.1,2,50,24,30,7,14,7,0,59,1,0,-0.063,0.6,38,3,9,3,2.61,5,5,43,0.237,0.326,0.421,0.747,161,98,0.063,1.48,1.085,,-0.6,33,7,11.0,1,62,11,25,13,20,9,0,73,1,1,0.438,3.1
CHN/CHN201505110,"Monday, May 11, 2015",7:08 p.m. Local,Wrigley Field,32980,2:56,Night,Home,Chicago Cubs,CHC,New York Mets,NYM,31,3,6,3,3.0,5,7,36,0.194,0.306,0.387,0.693,145,95,-0.368,0.63,0.648,,-1.1,24,9,8.0,2,50,11,34,13,11,5,0,42,2,0,-0.13,-0.4,28,4,6,4,4.5,6,8,36,0.214,0.371,0.429,0.8,156,88,0.13,1.3,0.487,,0.4,27,11,9.0,2,48,18,22,9,12,7,0,52,1,0,0.369,1.1
CHN/CHN201505120,"Tuesday, May 12, 2015",7:07 p.m. Local,Wrigley Field,31542,2:55,Night,Home,Chicago Cubs,CHC,New York Mets,NYM,28,1,5,1,1.0,2,12,31,0.179,0.226,0.179,0.404,170,80,-0.376,0.8,0.138,,-3.1,24,5,8.0,2,37,16,27,8,9,3,0,46,0,0,-0.124,-2.4,35,6,11,6,6.75,7,9,42,0.314,0.429,0.657,1.086,133,94,0.125,0.7,0.603,,2.4,27,9,9.0,0,61,13,20,8,18,7,0,80,0,0,0.376,3.1
CHN/CHN201505130,"Wednesday, May 13, 2015",7:11 p.m. Local,Wrigley Field,33709,2:37,Night,Home,Chicago Cubs,CHC,New York Mets,NYM,30,1,6,1,1.0,1,7,34,0.2,0.273,0.233,0.506,141,77,-0.372,1.81,0.518,,-3.1,25,12,8.1,0,40,13,24,9,15,8,0,78,3,1,-0.128,0.6,29,2,7,2,2.16,4,10,34,0.241,0.353,0.276,0.629,107,89,0.128,1.43,1.095,,-0.6,27,7,9.0,0,47,22,20,10,9,5,0,73,1,0,0.372,3.1
CHN/CHN201505140,"Thursday, May 14, 2015",1:20 p.m. Local,Wrigley Field,31496,2:49,Day,Home,Chicago Cubs,CHC,New York Mets,NYM,37,5,10,5,5.0,1,14,38,0.27,0.289,0.541,0.83,121,110,-0.144,1.32,0.799,,0.9,24,10,8.0,1,57,19,34,6,17,9,0,42,3,1,-0.354,-2.4,31,6,6,5,4.5,2,3,35,0.194,0.286,0.323,0.608,168,72,0.354,1.3,1.047,,2.4,27,3,9.0,3,56,4,12,11,17,6,0,33,3,2,0.146,-0.9
CHN/CHN201505150,"Friday, May 15, 2015",1:20 p.m. Local,Wrigley Field,33617,5:01,Day,Home,Chicago Cubs,CHC,Pittsburgh Pirates,PIT,50,10,15,10,7.5,8,11,58,0.3,0.397,0.56,0.957,263,146,-0.121,1.27,1.328,,4.5,34,11,11.1,2,82,24,40,14,25,7,0,30,2,0,-0.378,-7.1,47,11,15,11,7.94,9,10,61,0.319,0.443,0.468,0.911,233,145,0.379,1.5,1.457,,7.1,36,11,12.0,3,88,25,32,17,22,8,0,39,5,2,0.121,-4.5
CHN/CHN201505160,"Saturday, May 16, 2015",3:05 p.m. Local,Wrigley Field,38883,3:05,Day,Home,Chicago Cubs,CHC,Pittsburgh Pirates,PIT,36,1,11,1,1.0,1,8,38,0.306,0.324,0.444,0.769,149,92,-0.392,0.83,0.759,,-3.1,24,6,8.0,0,47,15,30,15,14,8,0,57,0,0,-0.108,-0.4,29,4,8,3,4.5,4,11,36,0.276,0.361,0.276,0.637,137,93,0.107,1.53,0.547,,0.4,27,10,9.0,1,48,13,32,8,12,6,0,61,4,0,0.391,3.1
CHN/CHN201505170,"Sunday, May 17, 2015",1:21 p.m. Local,Wrigley Field,36289,3:07,Day,Away,Pittsburgh Pirates,PIT,Chicago Cubs,CHC,32,3,8,3,3.0,3,9,36,0.25,0.314,0.344,0.658,143,91,-0.048,1.31,0.521,,-1.1,27,7,9.0,0,43,20,28,14,10,7,0,73,0,0,0.548,4.1,30,0,5,0,0.0,6,8,36,0.167,0.306,0.2,0.506,153,90,-0.547,0.89,0.457,,-4.1,27,14,9.0,0,49,12,29,5,17,8,0,69,0,0,0.047,1.1
SDN/SDN201505190,"Tuesday, May 19, 2015",7:11 p.m. Local,Petco Park,25917,2:47,Night,Home,San Diego Padres,SDP,Chicago Cubs,CHC,34,3,7,3,3.0,1,14,35,0.206,0.229,0.5,0.729,134,92,-0.227,1.53,0.406,,-1.0,24,9,8.0,0,48,29,15,8,12,2,0,75,2,2,-0.273,-0.5,31,4,5,4,1.12,0,10,31,0.161,0.161,0.226,0.387,142,96,0.272,0.86,0.983,,0.5,27,7,9.0,3,56,22,18,13,8,5,0,67,0,0,0.227,1.0
SDN/SDN201505200,"Wednesday, May 20, 2015",7:11 p.m. Local,Petco Park,25028,2:57,Night,Away,Chicago Cubs,CHC,San Diego Padres,SDP,29,3,5,3,3.0,5,10,36,0.172,0.306,0.276,0.581,147,90,0.018,2.02,0.572,,-1.0,27,10,9.0,1,37,24,29,13,7,2,0,56,4,0,0.482,2.0,30,2,6,2,2.0,4,15,37,0.2,0.314,0.333,0.648,146,94,-0.482,0.97,0.802,,-2.0,27,12,9.0,0,45,23,26,9,8,4,0,62,0,0,-0.018,1.0
SDN/SDN201505210,"Thursday, May 21, 2015",6:12 p.m. Local,Petco Park,30021,2:08,Night,Away,Chicago Cubs,CHC,San Diego Padres,SDP,34,3,7,3,3.0,2,8,36,0.206,0.25,0.441,0.691,108,92,0.041,0.89,0.383,,-1.0,27,11,9.0,0,57,11,24,14,12,6,0,84,,,0.459,4.0,30,0,5,0,0.0,0,7,30,0.167,0.167,0.167,0.333,139,71,-0.46,0.53,0.167,,-4.0,27,10,9.0,2,37,10,24,14,9,5,0,54,0,0,-0.04,1.0
ARI/ARI201505220,"Friday, May 22, 2015",6:40 p.m. Local,Chase Field,34498,4:27,Night,Home,Arizona Diamondbacks,ARI,Chicago Cubs,CHC,49,4,11,4,2.77,5,11,54,0.224,0.296,0.347,0.643,198,156,-0.406,1.67,1.364,,-2.3,37,17,12.1,2,91,27,38,17,21,12,0,61,1,0,-0.095,0.8,48,5,12,5,3.65,5,9,53,0.25,0.321,0.458,0.779,238,123,0.096,1.75,1.808,,-0.8,39,12,13.0,1,75,18,30,18,21,14,0,50,3,0,0.405,2.3
ARI/ARI201505230,"Saturday, May 23, 2015",7:10 p.m. Local,Chase Field,30502,3:14,Night,Away,Chicago Cubs,CHC,Arizona Diamondbacks,ARI,36,9,8,9,8.0,3,13,41,0.222,0.317,0.361,0.678,123,103,0.853,1.01,1.779,,4.6,27,13,9.0,1,49,40,14,15,8,4,0,45,0,0,-0.353,-1.6,34,6,7,6,3.0,2,8,36,0.206,0.25,0.353,0.603,160,82,0.354,1.67,0.932,,1.6,27,9,9.0,1,41,13,28,15,11,6,0,54,2,1,-0.853,-4.6
ARI/ARI201505240,"Sunday, May 24, 2015",1:10 p.m. Local,Chase Field,39660,2:31,Day,Home,Arizona Diamondbacks,ARI,Chicago Cubs,CHC,31,3,5,3,3.0,1,5,32,0.161,0.188,0.387,0.575,118,79,-0.41,0.76,0.417,,-1.4,24,9,8.0,1,45,12,22,15,11,7,0,59,0,0,-0.089,-0.1,29,4,6,4,4.5,1,10,31,0.207,0.226,0.379,0.605,124,79,0.09,1.17,0.513,,0.1,27,13,9.0,2,39,20,20,7,13,11,0,57,0,0,0.411,1.4
CHN/CHN201505250,"Monday, May 25, 2015",1:21 p.m. Local,Wrigley Field,38463,2:39,Day,Away,Washington Nationals,WSN,Chicago Cubs,CHC,30,2,5,2,2.0,3,8,35,0.167,0.242,0.4,0.642,122,84,-0.167,1.49,0.58,,-2.1,27,8,9.0,1,51,10,23,13,11,5,0,59,0,0,0.667,3.1,30,1,5,1,1.0,1,8,32,0.167,0.219,0.3,0.519,132,80,-0.669,1.17,0.408,,-3.1,27,10,9.0,2,47,9,24,9,13,5,0,60,0,0,0.166,2.1
CHN/CHN201505260,"Tuesday, May 26, 2015",6:20 p.m. Local,Wrigley Field,30440,2:33,Night,Home,Chicago Cubs,CHC,Washington Nationals,WSN,28,2,6,2,2.0,2,6,32,0.214,0.29,0.464,0.755,145,68,-0.149,1.25,0.827,,-2.1,26,12,8.2,2,36,10,26,15,8,5,0,63,0,0,-0.354,0.8,33,3,9,3,2.08,3,5,36,0.273,0.333,0.545,0.879,113,95,0.352,1.38,1.084,,-0.8,27,16,9.0,2,65,13,19,12,16,8,0,67,0,0,0.147,2.1
CHN/CHN201505270,"Wednesday, May 27, 2015",7:07 p.m. Local,Wrigley Field,34215,3:00,Night,Away,Washington Nationals,WSN,Chicago Cubs,CHC,37,3,9,2,2.0,3,13,40,0.243,0.3,0.459,0.759,140,91,-0.046,1.39,0.505,,-1.1,27,4,9.0,0,53,17,21,15,9,6,0,79,2,0,0.545,4.1,33,0,7,0,0.0,1,14,36,0.212,0.257,0.273,0.53,146,93,-0.547,0.79,0.42,,-4.1,27,9,9.0,2,41,24,28,6,14,5,0,65,1,0,0.045,1.1
CHN/CHN201505290,"Friday, May 29, 2015",3:06 p.m. Local,Wrigley Field,34273,3:09,Day,Away,Kansas City Royals,KCR,Chicago Cubs,CHC,37,8,11,6,5.0,3,8,40,0.297,0.35,0.595,0.945,150,96,0.586,1.07,1.043,,3.9,27,9,9.0,2,52,21,23,17,12,6,0,53,0,0,-0.085,0.1,35,4,8,4,4.0,2,15,37,0.229,0.27,0.457,0.727,148,101,0.084,0.74,0.812,,-0.1,27,17,9.0,3,48,30,23,9,11,7,0,50,4,2,-0.585,-3.9
CHN/CHN201505310,"Sunday, May 31, 2015",1:21 p.m. Local,Wrigley Field,37766,3:39,Day,Home,Chicago Cubs,CHC,Kansas City Royals,KCR,37,1,4,1,0.82,5,11,42,0.108,0.214,0.135,0.349,167,127,-0.682,1.85,0.454,,-4.0,31,13,10.1,0,71,21,35,12,14,5,0,70,2,1,0.183,1.5,36,2,7,2,1.74,5,10,41,0.194,0.293,0.278,0.57,192,101,-0.182,1.35,0.99,,-1.5,33,11,11.0,0,63,15,23,11,15,8,0,63,5,1,0.684,4.0
MIA/MIA201506010,"Monday, June 1, 2015",7:13 p.m. Local,Marlins Park,20964,2:45,Night,Away,Chicago Cubs,CHC,Miami Marlins,MIA,34,5,8,5,5.0,4,7,39,0.235,0.333,0.382,0.716,156,91,0.172,0.82,0.584,,1.0,27,8,9.0,0,53,20,18,14,13,8,0,71,2,0,0.327,3.0,33,1,6,0,1.0,1,13,34,0.182,0.206,0.212,0.418,149,105,-0.327,0.62,0.26,,-3.0,27,14,9.0,1,55,27,23,11,9,6,0,53,0,0,-0.173,-1.0
MIA/MIA201506020,"Tuesday, June 2, 2015",7:10 p.m. Local,Marlins Park,23789,2:33,Night,Home,Miami Marlins,MIA,Chicago Cubs,CHC,33,2,8,2,2.0,3,7,36,0.242,0.306,0.364,0.669,121,79,-0.177,1.12,0.562,,-2.0,24,10,8.0,1,42,17,20,15,11,6,0,47,0,0,-0.323,-1.4,32,5,8,5,5.62,2,7,34,0.25,0.294,0.406,0.7,135,78,0.322,1.04,0.911,,1.4,27,12,9.0,0,35,12,31,15,10,6,0,52,0,0,0.177,2.0
MIA/MIA201506030,"Wednesday, June 3, 2015",7:11 p.m. Local,Marlins Park,22962,2:56,Night,Home,Miami Marlins,MIA,Chicago Cubs,CHC,35,3,8,3,3.0,4,8,40,0.229,0.325,0.4,0.725,137,87,-0.185,0.44,0.23,,-1.0,24,9,8.0,2,44,17,26,11,16,5,0,28,2,1,-0.315,-3.4,36,7,14,7,7.88,2,6,38,0.389,0.421,0.639,1.06,145,87,0.318,0.53,0.519,,3.4,27,8,9.0,1,51,12,24,15,15,7,0,46,3,0,0.185,1.0
WAS/WAS201506040,"Thursday, June 4, 2015",8:56 p.m. Local,Nationals Park,35465,3:16,Night,Away,Chicago Cubs,CHC,Washington Nationals,WSN,30,2,6,1,2.0,4,10,34,0.2,0.294,0.2,0.494,147,90,-0.159,2.25,0.458,,-2.3,27,7,9.0,0,55,20,17,12,8,7,0,64,4,0,0.658,3.3,32,1,8,1,1.0,3,9,37,0.25,0.351,0.313,0.664,145,86,-0.659,0.95,0.828,,-3.3,27,15,9.0,0,53,12,23,9,14,8,0,58,2,0,0.157,2.3
WAS/WAS201506050,"Friday, June 5, 2015",7:05 p.m. Local,Nationals Park,36124,2:58,Night,Home,Washington Nationals,WSN,Chicago Cubs,CHC,35,5,9,5,5.0,0,11,35,0.257,0.257,0.543,0.8,139,100,-0.155,0.58,0.398,,0.7,24,7,8.0,1,55,11,34,10,14,5,0,22,3,0,-0.345,-3.2,34,7,12,7,7.88,3,6,38,0.353,0.395,0.588,0.983,144,85,0.344,0.75,0.625,,3.2,27,7,9.0,3,53,9,23,13,15,7,1,47,0,0,0.157,-0.7
WAS/WAS201506060,"Saturday, June 6, 2015",12:06 p.m. Local,Nationals Park,38214,2:52,Day,Away,Chicago Cubs,CHC,Washington Nationals,WSN,33,4,7,4,4.0,2,8,35,0.212,0.257,0.242,0.5,123,100,0.087,1.23,0.631,,-0.3,27,6,9.0,2,59,20,21,14,11,3,0,69,1,0,0.415,2.3,31,2,5,2,2.0,3,9,34,0.161,0.235,0.387,0.622,159,84,-0.416,0.94,0.476,,-2.3,27,9,9.0,0,46,14,24,6,16,6,0,47,0,0,-0.085,0.3
WAS/WAS201506070,"Sunday, June 7, 2015",4:05 p.m. Local,Nationals Park,40939,3:12,Day,Away,Chicago Cubs,CHC,Washington Nationals,WSN,39,6,14,5,6.0,5,5,44,0.359,0.432,0.513,0.945,151,114,0.406,1.0,1.015,,1.7,27,3,9.0,1,76,11,27,9,25,13,0,49,1,0,0.097,1.3,36,3,8,3,2.0,0,7,36,0.222,0.222,0.306,0.528,172,101,-0.095,1.1,0.538,,-1.3,27,10,9.0,0,62,16,23,7,22,11,0,32,0,0,-0.403,-1.7
DET/DET201506090,"Tuesday, June 9, 2015",7:08 p.m. Local,Comerica Park,33301,2:53,Night,Home,Detroit Tigers,DET,Chicago Cubs,CHC,34,0,8,0,0.0,2,9,36,0.235,0.278,0.235,0.513,152,83,-0.297,0.52,0.1,,-4.3,24,10,8.0,0,49,12,22,12,13,7,0,28,3,1,-0.204,-2.1,35,6,13,6,6.75,2,10,37,0.371,0.405,0.543,0.948,135,97,0.204,0.49,0.445,,2.1,27,9,9.0,0,55,23,19,14,11,7,0,72,3,0,0.297,4.3
DET/DET201506100,"Wednesday, June 10, 2015",7:08 p.m. Local,Comerica Park,33397,3:18,Night,Away,Chicago Cubs,CHC,Detroit Tigers,DET,41,12,16,11,11.0,5,10,47,0.39,0.468,0.61,1.078,137,118,0.398,0.49,0.724,,7.7,27,14,9.0,1,75,18,25,8,23,17,0,51,0,0,0.104,1.3,34,3,10,3,3.0,1,11,35,0.294,0.314,0.441,0.755,186,87,-0.104,0.55,0.26,,-1.3,27,7,9.0,2,48,19,20,13,10,6,0,27,5,5,-0.396,-7.7
CHN/CHN201506110,"Thursday, June 11, 2015",7:06 p.m. Local,Wrigley Field,35031,2:58,Night,Home,Chicago Cubs,CHC,Cincinnati Reds,CIN,33,3,6,3,3.0,2,6,35,0.182,0.229,0.364,0.592,166,100,-0.136,0.65,0.475,,-1.1,24,8,8.0,2,57,10,33,12,15,5,0,34,3,1,-0.365,-2.4,33,6,8,5,5.62,5,10,39,0.242,0.359,0.515,0.874,150,95,0.364,0.93,0.696,,2.4,27,8,9.0,1,51,15,29,11,12,7,0,41,0,0,0.136,1.1
CHN/CHN201506120,"Friday, June 12, 2015",3:05 p.m. Local,Wrigley Field,40016,3:21,Day,Away,Cincinnati Reds,CIN,Chicago Cubs,CHC,40,5,9,5,1.8,4,12,45,0.225,0.311,0.375,0.686,162,126,0.194,1.65,1.114,,0.4,30,10,10.0,1,67,20,39,12,16,7,0,56,0,0,0.306,0.6,36,4,8,4,3.6,3,11,41,0.222,0.3,0.361,0.661,199,107,-0.304,1.21,0.825,,-0.6,30,8,10.0,1,60,22,25,11,15,5,0,42,0,0,-0.194,-0.4
CHN/CHN201506130,"Saturday, June 13, 2015",6:15 p.m. Local,Wrigley Field,40693,2:39,Night,Home,Chicago Cubs,CHC,Cincinnati Reds,CIN,35,3,9,3,3.0,1,11,37,0.257,0.297,0.457,0.754,106,92,-0.241,1.27,0.711,,-1.1,24,14,8.0,1,49,11,32,11,13,7,0,46,0,0,-0.261,-1.3,30,4,11,4,4.5,0,2,33,0.367,0.406,0.6,1.006,140,68,0.261,1.47,1.146,,1.3,27,11,9.0,2,45,8,15,16,13,10,0,62,1,0,0.24,1.1
CHN/CHN201506140,"Sunday, June 14, 2015",7:09 p.m. Local,Wrigley Field,33201,3:54,Night,Home,Chicago Cubs,CHC,Cincinnati Reds,CIN,39,1,7,1,0.82,4,7,43,0.179,0.256,0.282,0.538,169,106,-0.684,1.54,0.886,,-4.0,31,9,10.1,0,59,12,35,11,21,10,0,60,3,1,0.184,2.5,37,2,8,2,1.74,2,10,41,0.216,0.25,0.324,0.574,172,116,-0.182,1.89,0.845,,-2.5,33,9,11.0,0,70,14,32,13,16,8,0,67,3,0,0.683,4.0
CHN/CHN201506160,"Tuesday, June 16, 2015",7:07 p.m. Local,Wrigley Field,35914,3:08,Night,Away,Cleveland Indians,CLE,Chicago Cubs,CHC,35,6,9,6,6.0,8,7,43,0.257,0.395,0.4,0.795,134,112,0.213,0.73,0.508,,1.9,27,9,9.0,0,68,9,35,10,18,9,0,73,0,0,0.287,4.1,30,0,4,0,0.0,3,9,34,0.133,0.235,0.133,0.369,187,81,-0.287,0.45,0.197,,-4.1,27,9,9.0,1,41,17,23,10,11,4,0,45,2,0,-0.214,-1.9
CLE/CLE201506170,"Wednesday, June 17, 2015",7:10 p.m. Local,Progressive Field,15572,3:06,Night,Away,Chicago Cubs,CHC,Cleveland Indians,CLE,43,17,18,16,10.0,5,6,49,0.419,0.49,0.791,1.28,126,121,0.414,0.19,0.569,,12.3,27,12,9.0,0,72,19,30,15,22,10,0,73,0,0,0.085,4.7,29,0,4,0,0.0,2,6,31,0.138,0.194,0.138,0.331,202,82,-0.084,0.23,0.035,,-4.7,27,11,9.0,4,49,7,26,14,9,5,0,19,5,4,-0.415,-12.3
CLE/CLE201506180,"Thursday, June 18, 2015",7:35 p.m. Local,Progressive Field,15891,3:01,Night,Home,Cleveland Indians,CLE,Chicago Cubs,CHC,34,3,7,2,2.0,2,13,37,0.206,0.27,0.294,0.564,143,99,-0.394,1.08,0.715,,-1.7,24,5,8.0,0,54,15,30,10,11,4,0,50,5,1,-0.106,0.2,30,4,8,3,3.38,3,11,34,0.267,0.324,0.333,0.657,153,88,0.108,1.59,0.725,,-0.2,27,6,9.0,1,48,16,24,9,11,5,0,45,7,0,0.392,1.7
MIN/MIN201506190,"Friday, June 19, 2015",7:11 p.m. Local,Target Field,36817,2:18,Night,Home,Minnesota Twins,MIN,Chicago Cubs,CHC,30,2,4,2,2.0,0,4,30,0.133,0.133,0.333,0.467,123,71,-0.224,0.59,0.127,,-2.4,24,16,8.0,0,46,5,20,9,17,6,0,19,1,0,-0.275,-3.1,34,7,12,5,6.75,2,3,36,0.353,0.389,0.588,0.977,105,75,0.275,0.53,0.587,,3.1,27,9,9.0,2,52,7,16,15,16,8,0,78,0,0,0.224,2.4
MIN/MIN201506200,"Saturday, June 20, 2015",1:11 p.m. Local,Target Field,40066,3:17,Day,Away,Chicago Cubs,CHC,Minnesota Twins,MIN,40,4,11,4,1.8,3,11,44,0.275,0.341,0.325,0.666,156,112,-0.101,1.25,1.195,,-0.9,30,13,10.0,1,63,23,26,12,17,9,0,67,1,0,0.6,3.9,32,1,7,1,0.9,5,8,37,0.219,0.324,0.313,0.637,157,102,-0.602,1.71,0.509,,-3.9,30,7,10.0,0,58,18,27,12,12,5,0,59,2,0,0.102,0.9
MIN/MIN201506210,"Sunday, June 21, 2015",1:11 p.m. Local,Target Field,40273,2:59,Day,Away,Chicago Cubs,CHC,Minnesota Twins,MIN,37,8,12,8,8.0,5,10,44,0.324,0.395,0.514,0.909,122,109,0.059,0.76,0.537,,3.6,27,11,9.0,0,69,20,20,13,16,8,0,86,,,0.442,4.4,31,0,4,0,0.0,0,7,31,0.129,0.129,0.161,0.29,179,86,-0.443,0.79,0.122,,-4.4,27,8,9.0,2,52,8,26,11,13,6,0,50,2,2,-0.059,-3.6
CHN/CHN201506220,"Monday, June 22, 2015",7:05 p.m. Local,Wrigley Field,35147,2:40,Night,Home,Chicago Cubs,CHC,Los Angeles Dodgers,LAD,28,2,5,2,2.0,4,8,32,0.179,0.281,0.393,0.674,120,81,-0.413,0.7,0.355,,-2.1,24,6,8.0,3,50,17,17,10,10,7,0,64,0,0,-0.087,-0.4,29,4,5,4,4.5,2,10,31,0.172,0.226,0.483,0.709,131,78,0.086,1.03,0.498,,0.4,27,12,9.0,2,44,22,12,6,13,3,0,49,2,0,0.414,2.1
CHN/CHN201506230,"Tuesday, June 23, 2015",7:07 p.m. Local,Wrigley Field,36799,3:10,Night,Home,Chicago Cubs,CHC,Los Angeles Dodgers,LAD,32,0,3,0,0.0,3,8,36,0.094,0.171,0.188,0.359,162,82,-0.783,1.58,0.278,,-4.6,29,5,9.2,0,46,15,21,12,13,4,0,69,3,1,0.284,3.1,33,1,5,1,0.93,3,8,37,0.152,0.216,0.182,0.398,132,98,-0.283,1.5,0.707,,-3.1,30,12,10.0,0,62,14,22,6,20,8,0,79,2,0,0.783,4.6
CHN/CHN201506240,"Wednesday, June 24, 2015",7:11 p.m. Local,Wrigley Field,36653,3:12,Night,Away,Los Angeles Dodgers,LAD,Chicago Cubs,CHC,33,5,7,5,5.0,1,10,34,0.212,0.235,0.455,0.69,150,87,0.206,0.96,0.5,,0.9,27,12,9.0,0,47,13,27,12,11,8,0,48,2,0,0.296,2.1,33,2,9,1,2.0,4,8,37,0.273,0.351,0.303,0.654,141,88,-0.296,0.5,0.427,,-2.1,27,10,9.0,2,48,13,27,15,10,6,0,45,1,1,-0.205,-0.9
CHN/CHN201506250,"Thursday, June 25, 2015",1:22 p.m. Local,Wrigley Field,41498,2:57,Day,Away,Los Angeles Dodgers,LAD,Chicago Cubs,CHC,31,4,6,4,4.0,6,9,37,0.194,0.324,0.355,0.679,135,85,0.212,0.75,0.486,,-0.1,27,9,9.0,0,48,13,25,10,12,6,0,55,0,0,0.289,4.1,32,0,8,0,0.0,3,8,35,0.25,0.314,0.344,0.658,144,89,-0.288,0.51,0.276,,-4.1,27,12,9.0,0,52,16,21,8,16,5,0,39,2,0,-0.21,0.1
SLN/SLN201506260,"Friday, June 26, 2015",7:16 p.m. Local,Busch Stadium III,45558,3:25,Night,Home,St. Louis Cardinals,STL,Chicago Cubs,CHC,38,2,12,2,1.8,3,8,44,0.316,0.372,0.368,0.741,146,110,-0.374,1.52,0.785,,-2.7,27,10,9.0,1,72,20,18,13,19,8,0,72,4,0,-0.126,-0.6,34,3,6,2,2.0,4,9,39,0.176,0.282,0.382,0.664,165,91,0.126,1.55,1.113,,0.6,30,7,10.0,0,51,16,24,15,10,2,0,55,0,0,0.374,2.7
SLN/SLN201506270,"Saturday, June 27, 2015",6:17 p.m. Local,Busch Stadium III,46407,3:03,Night,Home,St. Louis Cardinals,STL,Chicago Cubs,CHC,31,1,7,1,1.0,4,8,35,0.226,0.314,0.29,0.605,160,88,-0.133,0.79,0.456,,-3.2,24,10,8.0,0,47,22,19,14,9,6,0,28,3,2,-0.367,-4.3,34,8,13,8,9.0,6,4,41,0.382,0.475,0.5,0.975,144,95,0.366,0.72,0.869,,4.2,27,14,9.0,0,66,9,20,17,14,10,0,59,0,0,0.133,3.2
SLN/SLN201506280,"Sunday, June 28, 2015",7:54 p.m. Local,Busch Stadium III,45384,2:28,Night,Home,St. Louis Cardinals,STL,Chicago Cubs,CHC,33,1,6,1,1.0,3,9,37,0.182,0.243,0.273,0.516,123,84,-0.305,0.62,0.465,,-3.2,24,4,8.0,0,50,19,15,11,14,6,0,40,1,1,-0.197,-0.3,31,4,8,4,4.5,1,12,32,0.258,0.281,0.452,0.733,131,84,0.196,1.07,0.557,,0.3,27,7,9.0,0,44,14,26,4,15,12,0,67,0,0,0.303,3.2
NYN/NYN201506300,"Tuesday, June 30, 2015",7:11 p.m. Local,Citi Field,27084,2:22,Night,Away,Chicago Cubs,CHC,New York Mets,NYM,30,1,4,1,1.0,5,8,35,0.133,0.257,0.167,0.424,128,85,-0.271,1.2,0.437,,-3.0,27,7,9.0,0,50,13,22,8,14,5,0,71,0,0,0.772,4.0,30,0,3,0,0.0,1,9,31,0.1,0.129,0.133,0.262,138,76,-0.771,1.15,0.099,,-4.0,27,10,9.0,0,36,9,31,8,13,5,0,66,0,0,0.272,3.0
NYN/NYN201507010,"Wednesday, July 1, 2015",7:10 p.m. Local,Citi Field,23906,3:40,Night,Away,Chicago Cubs,CHC,New York Mets,NYM,39,2,9,2,1.64,5,9,44,0.231,0.318,0.308,0.626,169,105,-0.36,1.6,1.215,,-2.9,33,10,11.0,0,58,19,28,16,14,5,0,73,1,0,0.859,4.9,40,0,7,0,0.0,2,13,43,0.175,0.233,0.25,0.483,165,114,-0.86,1.84,0.67,,-4.9,33,15,11.0,0,63,21,30,11,16,7,0,78,2,1,0.359,2.9
NYN/NYN201507020,"Thursday, July 2, 2015",1:10 p.m. Local,Citi Field,27207,2:41,Day,Away,Chicago Cubs,CHC,New York Mets,NYM,34,6,8,6,5.0,5,5,40,0.235,0.333,0.412,0.745,105,104,0.202,0.9,0.662,,2.0,27,11,9.0,0,66,11,27,12,18,4,0,75,0,0,0.298,3.0,30,1,5,1,1.0,0,8,31,0.167,0.194,0.267,0.46,173,73,-0.299,0.78,0.365,,-3.0,27,8,9.0,2,38,17,18,11,11,8,0,40,0,0,-0.202,-2.0
CHN/CHN201507030,"Friday, July 3, 2015",1:20 p.m. Local,Wrigley Field,41212,2:50,Day,Away,Miami Marlins,MIA,Chicago Cubs,CHC,31,2,5,2,2.0,4,10,36,0.161,0.257,0.355,0.612,132,93,-0.169,1.72,0.463,,-2.1,27,11,9.0,0,54,12,27,8,14,2,0,61,0,0,0.668,3.1,33,1,6,1,1.0,2,7,36,0.182,0.25,0.212,0.462,151,82,-0.667,0.97,0.526,,-3.1,27,5,9.0,2,48,12,22,16,10,1,0,65,3,0,0.168,2.1
CHN/CHN201507040,"Saturday, July 4, 2015",6:15 p.m. Local,Wrigley Field,37898,2:40,Night,Home,Chicago Cubs,CHC,Miami Marlins,MIA,39,2,10,2,2.0,2,7,41,0.256,0.293,0.333,0.626,126,91,-0.143,0.43,0.216,,-2.1,24,8,8.0,2,57,12,22,18,14,9,0,18,0,0,-0.356,-3.4,28,7,4,7,7.88,3,5,32,0.143,0.25,0.393,0.643,132,75,0.358,0.47,0.48,,3.4,27,13,9.0,0,51,4,20,10,13,5,0,52,2,0,0.143,2.1
CHN/CHN201507050,"Sunday, July 5, 2015",1:21 p.m. Local,Wrigley Field,37764,2:18,Day,Home,Chicago Cubs,CHC,Miami Marlins,MIA,30,0,5,0,0.0,1,8,31,0.167,0.194,0.167,0.36,110,75,-0.631,0.79,0.321,,-4.1,24,8,8.0,0,36,9,31,14,8,3,0,76,0,0,0.13,1.6,27,2,3,1,2.25,3,9,31,0.111,0.226,0.148,0.374,111,67,-0.13,1.43,0.362,,-1.6,27,13,9.0,0,33,15,19,10,8,2,0,73,1,0,0.63,4.1
CHN/CHN201507060,"Monday, July 6, 2015",7:08 p.m. Local,Wrigley Field,37609,2:43,Night,Away,St. Louis Cardinals,STL,Chicago Cubs,CHC,32,6,6,6,4.0,3,10,37,0.188,0.243,0.219,0.462,121,88,-0.001,1.21,0.474,,1.9,27,9,9.0,0,48,21,19,11,13,8,0,68,0,0,0.501,4.1,31,0,6,0,0.0,1,5,32,0.194,0.219,0.226,0.445,139,86,-0.5,0.84,0.368,,-4.1,27,7,9.0,0,57,11,18,12,14,5,0,75,0,0,0.0,-1.9
CHN/CHN201507071,"Tuesday, July 7, 2015",12:20 p.m. Local,Wrigley Field,34368,3:10,Day,Home,Chicago Cubs,CHC,St. Louis Cardinals,STL,33,4,9,4,4.0,2,7,35,0.273,0.314,0.394,0.708,168,81,-0.332,0.84,0.453,,-0.1,24,9,8.0,1,48,13,20,11,15,9,0,41,2,1,-0.169,-3.4,36,7,12,7,6.75,8,7,45,0.333,0.455,0.444,0.899,133,106,0.168,1.06,0.695,,3.4,27,12,9.0,1,62,20,24,14,16,12,0,54,2,0,0.332,0.1
CHN/CHN201507072,"Tuesday, July 7, 2015",7:04 p.m. Local,Wrigley Field,35703,3:02,Night,Home,Chicago Cubs,CHC,St. Louis Cardinals,STL,36,3,9,3,3.0,3,9,39,0.25,0.308,0.25,0.558,146,89,-0.121,1.23,0.861,,-1.1,24,9,8.0,0,52,10,27,18,9,4,0,60,3,2,-0.378,-1.4,29,5,6,5,4.5,3,5,35,0.207,0.286,0.31,0.596,147,83,0.379,1.54,0.947,,1.4,27,12,9.0,0,48,11,24,11,15,5,0,55,3,2,0.121,1.1
CHN/CHN201507080,"Wednesday, July 8, 2015",7:08 p.m. Local,Wrigley Field,37993,3:11,Night,Away,St. Louis Cardinals,STL,Chicago Cubs,CHC,35,6,8,6,6.0,5,10,40,0.229,0.325,0.429,0.754,163,111,0.614,1.5,1.276,,1.9,27,9,9.0,0,69,14,28,11,14,8,0,43,0,0,-0.113,-0.9,35,5,9,5,5.0,2,10,37,0.257,0.297,0.371,0.669,167,106,0.112,1.04,1.112,,0.9,27,9,9.0,1,69,22,15,13,12,4,0,54,0,0,-0.612,-1.9
CHN/CHN201507100,"Friday, July 10, 2015",3:05 p.m. Local,Wrigley Field,41580,2:40,Day,Away,Chicago White Sox,CHW,Chicago Cubs,CHC,27,1,5,1,1.0,0,5,33,0.185,0.233,0.185,0.419,152,78,-0.243,1.59,0.424,,-3.1,27,10,9.0,0,41,14,23,15,11,7,0,68,0,0,0.745,4.1,25,0,3,0,0.0,7,12,32,0.12,0.313,0.12,0.433,113,87,-0.746,1.25,0.412,,-4.1,27,13,9.0,0,43,16,28,5,8,7,0,71,0,0,0.245,3.1
CHN/CHN201507110,"Saturday, July 11, 2015",3:06 p.m. Local,Wrigley Field,41596,2:45,Day,Away,Chicago White Sox,CHW,Chicago Cubs,CHC,35,5,9,5,4.0,1,9,36,0.257,0.278,0.4,0.678,144,82,0.119,0.97,0.42,,0.9,27,8,9.0,0,45,14,23,14,12,6,0,70,1,0,0.381,3.1,33,1,6,1,1.0,2,11,35,0.182,0.229,0.212,0.441,141,95,-0.381,0.47,0.303,,-3.1,27,11,9.0,0,49,25,21,10,12,6,0,53,0,0,-0.119,-0.9
CHN/CHN201507120,"Sunday, July 12, 2015",1:22 p.m. Local,Wrigley Field,41688,2:18,Day,Home,Chicago Cubs,CHC,Chicago White Sox,CHW,28,1,2,1,1.0,0,9,29,0.071,0.071,0.107,0.179,107,74,-0.432,0.56,0.088,,-3.1,24,6,8.0,1,40,13,21,12,8,3,0,59,1,0,-0.067,0.6,29,3,8,3,3.38,0,10,32,0.276,0.323,0.448,0.771,106,79,0.066,0.84,0.369,,-0.6,27,12,9.0,0,37,19,23,8,12,7,0,88,,,0.433,3.1
ATL/ATL201507170,"Friday, July 17, 2015",7:38 p.m. Local,Turner Field,42532,3:04,Night,Home,Atlanta Braves,ATL,Chicago Cubs,CHC,31,2,7,2,2.0,3,7,34,0.226,0.294,0.258,0.552,146,83,-0.339,1.42,0.586,,-2.0,24,9,8.0,0,50,16,20,14,10,6,0,59,1,0,-0.162,-0.4,30,4,7,4,3.38,5,7,36,0.233,0.343,0.333,0.676,143,84,0.161,1.33,0.931,,0.4,27,13,9.0,0,41,16,26,10,13,11,0,48,2,0,0.339,2.0
ATL/ATL201507180,"Saturday, July 18, 2015",7:11 p.m. Local,Turner Field,45758,3:06,Night,Away,Chicago Cubs,CHC,Atlanta Braves,ATL,35,4,8,3,2.0,5,10,40,0.229,0.325,0.257,0.582,138,96,-0.01,1.05,0.469,,-0.0,27,9,9.0,0,54,20,22,7,18,6,0,80,2,0,0.511,4.0,29,0,2,0,0.0,2,9,32,0.069,0.156,0.069,0.225,158,80,-0.51,0.75,0.212,,-4.0,27,3,9.0,0,44,8,28,12,8,3,0,47,4,1,0.011,0.0
ATL/ATL201507190,"Sunday, July 19, 2015",5:11 p.m. Local,Turner Field,31690,3:18,Night,Away,Chicago Cubs,CHC,Atlanta Braves,ATL,36,4,9,4,2.0,6,11,42,0.25,0.357,0.361,0.718,151,101,0.107,0.86,0.537,,-0.0,27,11,9.0,0,60,19,22,8,17,7,0,78,1,1,0.392,3.0,32,1,5,1,1.0,4,12,36,0.156,0.25,0.281,0.531,157,100,-0.392,0.66,0.223,,-3.0,27,6,9.0,1,58,17,25,12,8,4,0,60,0,0,-0.109,0.0
CIN/CIN201507200,"Monday, July 20, 2015",7:10 p.m. Local,Great American Ball Park,34900,3:09,Night,Home,Cincinnati Reds,CIN,Chicago Cubs,CHC,33,4,8,4,4.0,6,8,40,0.242,0.35,0.333,0.683,137,96,-0.149,0.98,0.981,,-0.2,24,13,8.0,3,57,19,20,9,17,8,0,49,2,0,-0.349,-1.3,30,5,8,4,5.62,3,3,33,0.267,0.333,0.667,1.0,171,81,0.349,1.75,1.078,,1.3,27,5,9.0,0,57,9,15,13,14,8,0,39,0,0,0.151,0.2
CIN/CIN201507210,"Tuesday, July 21, 2015",7:11 p.m. Local,Great American Ball Park,36845,4:51,Night,Away,Chicago Cubs,CHC,Cincinnati Reds,CIN,52,5,12,5,3.46,6,18,58,0.231,0.31,0.462,0.772,209,144,0.017,1.44,1.832,,-1.0,39,13,13.0,0,79,35,30,12,22,15,0,52,2,2,0.483,2.0,50,4,13,4,2.08,3,7,54,0.26,0.296,0.26,0.556,246,132,-0.483,1.77,0.911,,-2.0,39,10,13.0,3,81,19,32,21,23,13,0,53,2,0,-0.015,1.0
CIN/CIN201507221,"Wednesday, July 22, 2015",12:36 p.m. Local,Great American Ball Park,35093,2:42,Day,Home,Cincinnati Reds,CIN,Chicago Cubs,CHC,31,1,5,1,1.0,2,7,33,0.161,0.212,0.194,0.406,156,88,-0.2,0.36,0.178,,-3.2,24,4,8.0,1,54,12,22,10,14,8,0,45,0,0,-0.299,-5.3,37,9,13,9,10.12,4,11,41,0.351,0.415,0.514,0.928,137,99,0.3,0.5,0.458,,5.3,27,5,9.0,0,53,15,31,7,19,15,0,76,0,0,0.2,3.2
CIN/CIN201507222,"Wednesday, July 22, 2015",6:10 p.m. Local,Great American Ball Park,39183,3:39,Night,Away,Chicago Cubs,CHC,Cincinnati Reds,CIN,38,6,12,6,6.0,4,9,43,0.316,0.395,0.447,0.843,180,97,0.198,1.63,1.411,,1.8,27,10,9.0,0,53,19,25,13,16,9,0,26,1,0,0.301,-0.8,38,5,13,5,3.0,6,11,44,0.342,0.432,0.395,0.827,164,107,-0.302,1.81,0.983,,0.8,27,10,9.0,0,62,24,21,14,13,7,0,27,2,0,-0.198,-1.8
CHN/CHN201507240,"Friday, July 24, 2015",3:05 p.m. Local,Wrigley Field,41230,3:13,Day,Away,Philadelphia Phillies,PHI,Chicago Cubs,CHC,39,5,12,5,4.5,0,8,41,0.308,0.325,0.513,0.838,163,93,0.357,1.29,1.56,,0.4,30,16,10.0,2,53,13,28,16,16,6,0,51,0,0,0.141,1.6,39,3,9,3,2.7,3,7,43,0.231,0.302,0.385,0.687,140,109,-0.142,1.73,0.745,,-1.6,30,12,10.0,1,65,23,21,20,12,6,0,61,1,1,-0.359,-0.4
CHN/CHN201507250,"Saturday, July 25, 2015",3:05 p.m. Local,Wrigley Field,41683,2:38,Day,Away,Philadelphia Phillies,PHI,Chicago Cubs,CHC,37,5,11,3,5.0,4,8,42,0.297,0.366,0.568,0.933,129,89,0.146,0.64,0.507,,0.9,27,6,9.0,0,49,22,18,13,17,10,0,98,,,0.353,4.1,27,0,0,0,0.0,2,13,29,0.0,0.069,0.0,0.069,142,83,-0.353,0.56,0.066,,-4.1,27,11,9.0,1,33,26,24,6,8,4,0,53,0,0,-0.147,-0.9
CHN/CHN201507260,"Sunday, July 26, 2015",1:21 p.m. Local,Wrigley Field,41123,3:01,Day,Away,Philadelphia Phillies,PHI,Chicago Cubs,CHC,43,11,17,11,11.0,3,8,46,0.395,0.435,0.744,1.179,124,121,0.487,0.4,0.716,,6.9,27,10,9.0,3,75,20,26,16,19,12,0,57,0,0,0.013,-0.9,30,5,6,5,5.0,3,8,34,0.2,0.265,0.5,0.765,191,82,-0.014,0.4,0.26,,0.9,27,13,9.0,2,45,18,20,11,12,3,0,23,1,0,-0.487,-6.9
CHN/CHN201507270,"Monday, July 27, 2015",7:06 p.m. Local,Wrigley Field,35070,3:35,Night,Home,Chicago Cubs,CHC,Colorado Rockies,COL,39,8,13,8,8.0,3,6,42,0.333,0.381,0.59,0.971,134,124,0.815,1.08,1.511,,3.9,26,8,8.2,1,80,14,30,18,15,8,0,27,1,0,-1.315,-5.0,35,9,11,8,8.31,3,5,39,0.314,0.368,0.429,0.797,190,80,1.315,1.28,1.774,,5.0,27,16,9.0,3,44,12,24,13,18,6,0,38,3,2,-0.814,-3.9
CHN/CHN201507280,"Tuesday, July 28, 2015",7:06 p.m. Local,Wrigley Field,36747,3:11,Night,Away,Colorado Rockies,COL,Chicago Cubs,CHC,37,7,10,7,7.0,4,11,41,0.27,0.341,0.459,0.801,145,95,0.311,0.93,0.535,,2.9,27,11,9.0,1,49,17,29,10,16,11,0,56,2,0,0.19,2.1,32,2,7,2,2.0,4,7,36,0.219,0.306,0.375,0.681,149,88,-0.189,0.46,0.459,,-2.1,27,7,9.0,0,48,16,24,13,12,8,0,28,1,0,-0.309,-2.9
CHN/CHN201507290,"Wednesday, July 29, 2015",1:22 p.m. Local,Wrigley Field,38874,2:37,Day,Home,Chicago Cubs,CHC,Colorado Rockies,COL,29,2,5,2,2.0,2,16,32,0.172,0.219,0.276,0.495,130,86,-0.471,0.78,0.444,,-2.1,24,13,8.0,2,35,23,28,9,5,2,0,46,0,0,-0.028,0.6,24,3,6,3,3.38,5,6,32,0.25,0.379,0.5,0.879,132,72,0.028,1.33,0.497,,-0.6,27,8,9.0,1,43,12,17,13,8,2,0,77,0,0,0.472,2.1
MIL/MIL201507300,"Thursday, July 30, 2015",7:10 p.m. Local,Miller Park,36306,3:07,Night,Away,Chicago Cubs,CHC,Milwaukee Brewers,MIL,34,5,9,5,5.0,3,10,39,0.265,0.316,0.382,0.698,127,100,0.314,0.88,1.131,,0.8,27,12,9.0,0,53,15,32,12,14,10,0,57,0,0,0.187,2.2,32,2,6,2,2.0,3,8,35,0.188,0.257,0.219,0.476,150,83,-0.186,1.2,0.372,,-2.2,27,10,9.0,1,48,17,18,15,9,6,0,78,2,2,-0.313,-0.8
MIL/MIL201507310,"Friday, July 31, 2015",7:11 p.m. Local,Miller Park,35669,3:18,Night,Away,Chicago Cubs,CHC,Milwaukee Brewers,MIL,36,4,9,4,3.0,2,11,39,0.25,0.289,0.389,0.678,151,103,0.122,1.16,0.709,,-0.2,27,10,9.0,1,59,17,27,10,16,7,0,55,2,0,0.379,3.2,33,1,7,1,1.0,3,8,36,0.212,0.278,0.333,0.611,158,97,-0.38,1.0,0.505,,-3.2,27,7,9.0,1,58,17,22,11,14,8,0,50,1,0,-0.122,0.2
MIL/MIL201508010,"Saturday, August 1, 2015",6:10 p.m. Local,Miller Park,41720,2:55,Night,Away,Chicago Cubs,CHC,Milwaukee Brewers,MIL,31,4,5,4,4.0,5,8,37,0.161,0.297,0.355,0.652,126,97,0.127,1.06,0.537,,-0.2,27,15,9.0,0,54,16,27,11,12,3,0,69,3,1,0.373,2.2,30,2,5,2,2.0,2,8,34,0.167,0.242,0.2,0.442,151,89,-0.373,0.63,0.364,,-2.2,27,9,9.0,2,50,14,25,14,9,5,0,53,0,0,-0.128,0.2
MIL/MIL201508020,"Sunday, August 2, 2015",1:10 p.m. Local,Miller Park,38536,3:12,Day,Away,Chicago Cubs,CHC,Milwaukee Brewers,MIL,35,4,9,4,4.0,2,9,38,0.257,0.316,0.371,0.687,155,99,0.154,1.31,0.639,,-0.2,27,15,9.0,0,65,13,21,10,16,10,0,61,0,0,0.345,1.2,36,3,8,3,2.0,0,6,36,0.222,0.222,0.278,0.5,161,106,-0.344,0.8,0.478,,-1.2,27,10,9.0,1,69,12,25,18,12,10,0,31,2,0,-0.155,0.2
PIT/PIT201508040,"Tuesday, August 4, 2015",7:09 p.m. Local,PNC Park,34993,3:15,Night,Away,Chicago Cubs,CHC,Pittsburgh Pirates,PIT,41,5,15,5,5.0,5,14,47,0.366,0.447,0.488,0.935,126,120,0.213,0.58,0.649,,0.9,27,13,9.0,0,63,26,31,14,13,8,0,75,0,0,0.286,4.1,28,0,4,0,0.0,3,7,31,0.143,0.226,0.179,0.404,188,78,-0.285,0.61,0.125,,-4.1,27,10,9.0,0,40,15,23,11,10,5,0,33,4,1,-0.213,-0.9
PIT/PIT201508050,"Wednesday, August 5, 2015",7:08 p.m. Local,PNC Park,35759,3:05,Night,Home,Pittsburgh Pirates,PIT,Chicago Cubs,CHC,32,5,8,5,5.0,3,9,37,0.25,0.306,0.5,0.806,151,88,-0.028,0.81,0.753,,0.9,24,7,8.0,2,53,12,23,13,12,5,0,40,3,1,-0.472,-3.3,34,7,12,7,6.75,3,5,38,0.353,0.395,0.588,0.983,133,94,0.472,1.19,0.815,,3.3,27,11,9.0,2,61,10,23,10,20,8,0,48,3,0,0.029,-0.9
CHN/CHN201508060,"Thursday, August 6, 2015",7:06 p.m. Local,Wrigley Field,41242,3:22,Night,Home,Chicago Cubs,CHC,San Francisco Giants,SFG,32,4,5,4,4.0,3,7,35,0.156,0.229,0.375,0.604,156,91,-0.332,0.69,0.437,,-0.1,24,8,8.0,1,63,9,19,9,16,10,0,31,2,0,-0.17,-1.4,32,5,8,5,5.62,4,6,37,0.25,0.351,0.344,0.695,156,88,0.17,1.05,0.523,,1.4,27,8,9.0,2,53,13,22,11,15,7,0,50,2,0,0.331,0.1
CHN/CHN201508070,"Friday, August 7, 2015",3:04 p.m. Local,Wrigley Field,41311,3:13,Day,Home,Chicago Cubs,CHC,San Francisco Giants,SFG,32,3,8,3,3.0,3,5,35,0.25,0.314,0.406,0.721,153,81,-0.195,0.68,0.427,,-1.1,24,3,8.0,1,47,10,24,15,12,5,0,43,4,4,-0.305,-3.4,36,7,12,7,7.88,2,12,38,0.333,0.368,0.528,0.896,137,104,0.306,0.81,0.679,,3.4,27,14,9.0,1,53,20,31,8,16,11,0,58,1,0,0.194,1.1
CHN/CHN201508080,"Saturday, August 8, 2015",3:04 p.m. Local,Wrigley Field,41305,3:14,Day,Home,Chicago Cubs,CHC,San Francisco Giants,SFG,36,6,9,6,6.0,3,8,39,0.25,0.308,0.389,0.697,161,93,-0.1,1.02,0.616,,1.9,24,11,8.0,1,51,10,32,11,17,8,0,27,3,3,-0.403,-4.4,31,8,11,7,9.0,6,4,39,0.355,0.487,0.581,1.068,142,98,0.401,0.93,0.924,,4.4,27,9,9.0,1,58,16,24,11,16,10,0,49,4,1,0.098,-1.9
CHN/CHN201508090,"Sunday, August 9, 2015",1:21 p.m. Local,Wrigley Field,39939,3:13,Day,Home,Chicago Cubs,CHC,San Francisco Giants,SFG,34,0,7,0,0.0,2,9,38,0.206,0.289,0.294,0.584,132,101,-0.519,0.65,0.703,,-4.1,24,3,8.0,0,61,15,25,12,13,7,0,55,0,0,0.019,1.6,27,2,4,2,2.25,2,9,30,0.148,0.2,0.222,0.422,155,91,-0.019,1.79,0.302,,-1.6,27,8,9.0,0,62,8,21,3,16,3,0,75,1,0,0.519,4.1
CHN/CHN201508110,"Tuesday, August 11, 2015",7:05 p.m. Local,Wrigley Field,37109,3:10,Night,Home,Chicago Cubs,CHC,Milwaukee Brewers,MIL,34,3,7,3,3.0,1,10,35,0.206,0.229,0.353,0.582,186,90,-0.209,0.54,0.245,,-1.1,24,9,8.0,0,46,18,26,10,14,8,0,36,3,0,-0.292,-2.4,30,6,7,5,4.5,7,8,41,0.233,0.415,0.3,0.715,132,104,0.293,0.63,0.525,,2.4,27,5,9.0,1,49,28,27,9,14,6,0,51,1,0,0.208,1.1
CHN/CHN201508120,"Wednesday, August 12, 2015",7:05 p.m. Local,Wrigley Field,36438,2:55,Night,Home,Chicago Cubs,CHC,Milwaukee Brewers,MIL,35,2,6,1,0.9,1,12,37,0.171,0.194,0.286,0.48,128,85,-0.348,0.99,1.066,,-2.6,27,9,9.0,2,44,20,21,10,14,8,0,65,1,0,-0.154,1.1,30,3,4,3,3.0,3,8,34,0.133,0.212,0.333,0.545,118,86,0.151,1.85,0.798,,-1.1,30,8,10.0,1,44,18,24,9,14,5,0,61,1,0,0.347,2.6
CHN/CHN201508130,"Thursday, August 13, 2015",1:21 p.m. Local,Wrigley Field,40799,3:09,Day,Home,Chicago Cubs,CHC,Milwaukee Brewers,MIL,36,2,9,2,2.0,2,14,38,0.25,0.289,0.333,0.623,171,96,-0.192,0.64,0.441,,-2.1,24,5,8.0,5,55,20,21,10,12,6,0,38,1,1,-0.307,-5.4,34,9,11,9,10.12,5,8,39,0.324,0.41,0.824,1.234,141,104,0.308,0.9,0.709,,5.4,27,9,9.0,0,54,19,31,8,18,8,0,58,1,0,0.193,2.1
CHA/CHA201508140,"Friday, August 14, 2015",3:10 p.m. Local,U.S. Cellular Field,36386,3:20,Day,Away,Chicago Cubs,CHC,Chicago White Sox,CHW,35,6,10,6,6.0,2,9,38,0.286,0.316,0.657,0.973,174,98,0.342,1.66,0.869,,1.8,27,14,9.0,1,53,22,23,12,15,11,0,24,2,0,0.159,-0.8,35,5,10,5,5.0,5,11,41,0.286,0.375,0.429,0.804,150,109,-0.159,0.83,1.0,,0.8,27,10,9.0,3,59,20,30,18,7,5,0,33,0,0,-0.342,-1.8
CHA/CHA201508150,"Saturday, August 15, 2015",6:10 p.m. Local,U.S. Cellular Field,39579,3:35,Night,Away,Chicago Cubs,CHC,Chicago White Sox,CHW,37,6,12,5,6.0,3,9,41,0.324,0.375,0.432,0.807,141,110,0.31,1.06,0.814,,1.8,27,15,9.0,0,60,18,34,11,18,10,0,57,1,1,0.188,1.2,34,3,6,3,2.0,3,8,38,0.176,0.263,0.294,0.557,190,89,-0.19,0.87,0.565,,-1.2,27,8,9.0,0,47,14,28,19,7,5,0,49,4,3,-0.311,-1.8
CHA/CHA201508160,"Sunday, August 16, 2015",1:10 p.m. Local,U.S. Cellular Field,39475,2:46,Day,Home,Chicago White Sox,CHW,Chicago Cubs,CHC,31,1,3,1,1.0,2,18,34,0.097,0.176,0.194,0.37,146,93,-0.424,0.53,0.232,,-3.2,24,7,8.0,3,34,30,29,6,7,2,0,42,1,0,-0.076,0.7,32,3,8,3,3.38,3,9,35,0.25,0.314,0.594,0.908,146,95,0.076,0.95,0.439,,-0.7,27,4,9.0,1,58,5,32,8,15,7,0,88,0,0,0.424,3.2
CHN/CHN201508180,"Tuesday, August 18, 2015",7:08 p.m. Local,Wrigley Field,39684,3:36,Night,Away,Detroit Tigers,DET,Chicago Cubs,CHC,43,10,19,10,10.0,3,13,48,0.442,0.458,0.744,1.203,147,119,0.751,1.13,1.155,,5.9,27,9,9.0,2,74,25,20,10,22,14,0,44,2,0,-0.252,-3.9,36,8,11,7,7.0,5,9,41,0.306,0.39,0.583,0.974,174,97,0.25,0.83,1.119,,3.9,27,5,9.0,3,49,22,26,14,13,5,0,26,1,1,-0.752,-5.9
CHN/CHN201508190,"Wednesday, August 19, 2015",7:08 p.m. Local,Wrigley Field,40310,3:48,Night,Away,Detroit Tigers,DET,Chicago Cubs,CHC,46,15,21,15,15.0,3,11,52,0.457,0.49,0.957,1.447,175,113,0.456,0.64,0.695,,10.9,27,12,9.0,3,69,19,25,11,26,21,0,48,5,1,0.043,-3.9,37,8,11,7,8.0,4,7,42,0.297,0.357,0.73,1.087,179,111,-0.043,0.38,0.492,,3.9,27,9,9.0,5,57,25,29,13,18,7,0,17,2,0,-0.457,-10.9
CHN/CHN201508200,"Thursday, August 20, 2015",7:06 p.m. Local,Wrigley Field,34633,2:59,Night,Home,Chicago Cubs,CHC,Atlanta Braves,ATL,34,1,8,1,1.0,2,11,37,0.235,0.27,0.235,0.506,145,115,-0.212,0.53,0.171,,-3.1,24,8,8.0,2,64,20,31,18,6,4,0,24,1,0,-0.288,-3.4,33,7,9,7,7.88,3,10,36,0.273,0.333,0.545,0.879,160,94,0.288,0.46,0.531,,3.4,27,11,9.0,0,47,19,28,11,12,7,0,70,3,1,0.212,3.1
CHN/CHN201508210,"Friday, August 21, 2015",3:06 p.m. Local,Wrigley Field,39211,2:53,Day,Home,Chicago Cubs,CHC,Atlanta Braves,ATL,35,3,8,3,3.0,2,10,39,0.229,0.27,0.286,0.556,121,87,-0.142,1.19,0.713,,-1.1,24,9,8.0,1,50,16,21,15,12,9,0,49,4,1,-0.357,-1.4,32,5,8,4,3.38,4,9,36,0.25,0.333,0.438,0.771,144,83,0.359,1.26,1.158,,1.4,27,11,9.0,0,52,13,18,15,8,3,0,47,0,0,0.142,1.1
CHN/CHN201508220,"Saturday, August 22, 2015",3:05 p.m. Local,Wrigley Field,41196,2:42,Day,Home,Chicago Cubs,CHC,Atlanta Braves,ATL,39,7,11,7,7.0,0,7,39,0.282,0.282,0.538,0.821,132,91,0.265,1.02,1.132,,2.9,24,7,8.0,4,54,12,25,15,17,5,0,26,1,0,-0.766,-5.4,35,9,11,9,10.12,2,8,37,0.314,0.351,0.771,1.123,132,90,0.765,1.26,1.326,,5.4,27,10,9.0,2,50,16,24,10,17,8,0,38,3,2,-0.265,-2.9
CHN/CHN201508230,"Sunday, August 23, 2015",1:21 p.m. Local,Wrigley Field,39581,2:57,Day,Home,Chicago Cubs,CHC,Atlanta Braves,ATL,35,3,8,3,3.0,1,9,38,0.229,0.289,0.343,0.632,190,94,-0.136,0.19,0.09,,-1.1,24,9,8.0,5,55,19,20,13,13,10,0,17,2,0,-0.364,-5.4,36,9,11,9,10.12,6,9,44,0.306,0.432,0.722,1.154,142,119,0.363,0.29,0.465,,5.4,27,11,9.0,1,72,25,22,12,15,9,0,60,0,0,0.137,1.1
CHN/CHN201508240,"Monday, August 24, 2015",1:06 p.m. Local,Wrigley Field,36283,2:38,Day,Home,Chicago Cubs,CHC,Cleveland Indians,CLE,28,1,6,1,1.0,1,6,32,0.214,0.29,0.214,0.505,140,65,-0.319,1.03,0.908,,-3.1,26,7,8.2,1,35,11,19,16,7,4,0,78,2,0,-0.179,2.0,29,2,5,2,2.08,0,14,32,0.172,0.2,0.379,0.579,103,99,0.177,2.15,0.826,,-2.0,27,16,9.0,0,50,22,27,7,10,3,0,73,2,0,0.321,3.1
SFN/SFN201508250,"Tuesday, August 25, 2015",7:15 p.m. Local,AT&T Park,41595,3:08,Night,Away,Chicago Cubs,CHC,San Francisco Giants,SFG,35,8,10,7,7.0,4,5,39,0.286,0.359,0.6,0.959,175,87,0.312,0.36,0.597,,3.9,27,8,9.0,0,55,6,26,17,13,9,0,69,5,3,0.188,-0.9,37,5,9,5,4.0,3,11,40,0.243,0.3,0.27,0.57,140,103,-0.188,0.47,0.113,,0.9,27,14,9.0,3,57,19,27,10,16,11,0,28,0,0,-0.311,-3.9
SFN/SFN201508260,"Wednesday, August 26, 2015",7:15 p.m. Local,AT&T Park,41640,2:39,Night,Home,San Francisco Giants,SFG,Chicago Cubs,CHC,31,2,6,2,2.0,3,7,34,0.194,0.265,0.29,0.555,119,90,-0.334,0.98,0.607,,-2.1,24,9,8.0,1,53,19,18,14,10,6,0,49,0,0,-0.165,-0.3,30,4,6,4,4.5,3,9,33,0.2,0.273,0.433,0.706,122,78,0.165,1.4,0.68,,0.3,27,13,9.0,0,45,10,23,11,10,6,0,53,4,0,0.335,2.1
SFN/SFN201508270,"Thursday, August 27, 2015",12:46 p.m. Local,AT&T Park,41847,2:36,Day,Home,San Francisco Giants,SFG,Chicago Cubs,CHC,30,1,3,1,1.0,2,16,32,0.1,0.156,0.133,0.29,131,93,-0.168,0.48,0.204,,-3.1,24,6,8.0,2,46,25,22,10,4,2,0,42,0,0,-0.332,-5.3,31,9,10,9,10.12,5,4,36,0.323,0.417,0.645,1.062,144,74,0.333,0.61,0.577,,5.3,27,7,9.0,0,51,8,15,6,21,9,0,74,0,0,0.167,3.1
LAN/LAN201508280,"Friday, August 28, 2015",7:10 p.m. Local,Dodger Stadium,44874,2:28,Night,Home,Los Angeles Dodgers,LAD,Chicago Cubs,CHC,30,1,3,1,1.0,1,15,31,0.1,0.129,0.233,0.362,131,87,-0.305,0.85,0.187,,-3.0,24,11,8.0,0,48,22,17,7,8,5,0,49,2,1,-0.194,-0.5,29,4,6,2,4.5,4,5,34,0.207,0.324,0.31,0.634,117,81,0.193,0.7,0.644,,0.5,27,7,9.0,1,45,13,23,14,10,6,0,85,0,0,0.305,3.0
LAN/LAN201508290,"Saturday, August 29, 2015",6:11 p.m. Local,Dodger Stadium,51697,3:23,Night,Home,Los Angeles Dodgers,LAD,Chicago Cubs,CHC,30,2,6,1,2.0,5,11,38,0.2,0.342,0.233,0.575,137,100,-0.13,1.12,0.724,,-2.0,24,8,8.0,0,48,19,33,12,8,5,0,43,1,1,-0.368,-1.5,34,5,11,5,5.62,1,7,37,0.324,0.343,0.382,0.725,166,90,0.367,1.22,0.918,,1.5,27,8,9.0,0,56,10,23,14,14,8,0,50,4,0,0.132,2.0
LAN/LAN201508300,"Sunday, August 30, 2015",5:09 p.m. Local,Dodger Stadium,46679,2:42,Night,Away,Chicago Cubs,CHC,Los Angeles Dodgers,LAD,39,2,13,2,2.0,2,10,41,0.333,0.366,0.462,0.827,116,91,-0.065,0.92,0.441,,-2.0,27,8,9.0,0,43,18,30,16,13,7,0,98,,,0.565,4.0,27,0,0,0,0.0,1,12,29,0.0,0.036,0.0,0.036,139,80,-0.568,0.64,0.049,,-4.0,27,9,9.0,1,43,19,18,8,8,4,0,54,0,0,0.066,2.0
CHN/CHN201508310,"Monday, August 31, 2015",7:09 p.m. Local,Wrigley Field,34017,3:22,Night,Away,Cincinnati Reds,CIN,Chicago Cubs,CHC,39,13,11,11,7.0,7,7,47,0.282,0.404,0.462,0.866,147,110,0.73,1.18,1.309,,8.9,27,10,9.0,2,71,14,25,14,18,9,0,36,4,1,-0.231,-1.9,34,6,9,6,6.0,2,11,37,0.265,0.324,0.559,0.883,189,92,0.231,1.01,0.982,,1.9,27,9,9.0,2,46,17,29,11,12,9,0,46,3,3,-0.733,-8.9
CHN/CHN201509010,"Tuesday, September 1, 2015",7:05 p.m. Local,Wrigley Field,33756,3:03,Night,Home,Chicago Cubs,CHC,Cincinnati Reds,CIN,33,4,7,4,4.0,1,11,34,0.212,0.235,0.485,0.72,163,90,0.008,1.3,0.742,,-0.1,24,5,8.0,1,48,16,26,7,15,6,0,54,4,1,-0.509,-1.4,33,5,9,5,5.62,3,8,36,0.273,0.333,0.424,0.758,141,106,0.508,1.06,1.223,,1.4,27,8,9.0,2,61,27,18,7,18,6,0,54,1,0,-0.008,0.1
CHN/CHN201509020,"Wednesday, September 2, 2015",1:20 p.m. Local,Wrigley Field,31165,3:10,Day,Away,Cincinnati Reds,CIN,Chicago Cubs,CHC,39,7,12,7,4.0,1,6,41,0.308,0.325,0.564,0.889,165,90,0.645,1.28,1.174,,2.9,27,10,9.0,3,53,12,25,15,19,11,0,70,0,0,-0.146,0.1,31,4,6,4,4.0,5,13,37,0.194,0.306,0.516,0.822,144,103,0.144,1.05,1.081,,-0.1,27,12,9.0,2,63,22,18,12,7,3,0,41,2,1,-0.646,-2.9
CHN/CHN201509040,"Friday, September 4, 2015",1:22 p.m. Local,Wrigley Field,36132,3:40,Day,Home,Chicago Cubs,CHC,Arizona Diamondbacks,ARI,38,5,10,5,4.0,4,6,42,0.263,0.333,0.474,0.807,181,115,-0.093,0.43,0.256,,0.9,24,5,8.0,4,71,18,26,16,16,7,0,26,2,1,-0.407,-10.4,35,14,12,14,6.75,8,9,44,0.343,0.455,0.714,1.169,180,105,0.406,0.47,0.538,,10.4,27,12,9.0,1,57,20,28,8,19,4,0,50,0,0,0.094,-0.9
CHN/CHN201509050,"Saturday, September 5, 2015",1:20 p.m. Local,Wrigley Field,40690,2:34,Day,Home,Chicago Cubs,CHC,Arizona Diamondbacks,ARI,31,0,6,0,0.0,0,7,31,0.194,0.194,0.226,0.419,138,83,-0.535,0.89,0.209,,-4.1,24,6,8.0,1,47,16,20,15,9,5,0,56,0,0,0.035,1.6,27,2,4,2,2.25,4,11,32,0.148,0.281,0.259,0.541,126,82,-0.034,0.99,0.446,,-1.6,27,14,9.0,0,37,22,23,7,9,4,0,81,0,0,0.535,4.1
CHN/CHN201509060,"Sunday, September 6, 2015",1:20 p.m. Local,Wrigley Field,41183,3:01,Day,Home,Chicago Cubs,CHC,Arizona Diamondbacks,ARI,31,4,6,4,4.0,5,11,36,0.194,0.306,0.452,0.757,137,88,-0.212,1.0,0.427,,-0.1,24,7,8.0,3,38,18,32,9,11,9,0,49,5,3,-0.289,-2.4,33,6,9,6,6.75,3,9,36,0.273,0.333,0.606,0.939,136,86,0.286,0.77,0.725,,2.4,27,10,9.0,2,50,13,23,10,14,7,0,59,1,1,0.212,0.1
SLN/SLN201509070,"Monday, September 7, 2015",1:15 p.m. Local,Busch Stadium III,45986,2:47,Day,Away,Chicago Cubs,CHC,St. Louis Cardinals,STL,37,9,12,9,8.0,4,9,42,0.324,0.381,0.541,0.921,133,97,0.386,0.27,0.576,,4.8,27,9,9.0,0,57,21,19,7,22,11,0,66,0,0,0.117,4.2,31,0,7,0,0.0,3,8,34,0.226,0.294,0.29,0.584,150,81,-0.117,0.33,0.078,,-4.2,27,6,9.0,2,46,14,21,9,14,5,0,19,1,1,-0.383,-4.8
SLN/SLN201509080,"Tuesday, September 8, 2015",7:15 p.m. Local,Busch Stadium III,42206,3:07,Night,Away,Chicago Cubs,CHC,St. Louis Cardinals,STL,38,8,11,8,8.0,4,7,42,0.289,0.357,0.605,0.962,150,108,0.344,0.65,0.512,,3.8,27,11,9.0,1,67,23,18,15,16,7,0,54,7,3,0.157,-0.8,33,5,8,5,5.0,5,12,39,0.242,0.359,0.455,0.814,167,95,-0.157,0.27,0.318,,0.8,27,11,9.0,2,44,17,34,13,8,5,0,25,0,0,-0.344,-3.8
SLN/SLN201509090,"Wednesday, September 9, 2015",12:45 p.m. Local,Busch Stadium III,43557,2:47,Day,Home,St. Louis Cardinals,STL,Chicago Cubs,CHC,38,3,11,3,3.0,1,14,39,0.289,0.308,0.342,0.65,130,98,-0.132,1.31,0.524,,-1.2,24,7,8.0,0,49,23,26,12,12,7,0,75,4,3,-0.368,-0.3,29,4,5,4,4.5,3,8,32,0.172,0.25,0.276,0.526,147,78,0.367,0.88,1.003,,0.3,27,7,9.0,0,43,11,24,10,11,3,0,42,0,0,0.133,1.2
PHI/PHI201509111,"Friday, September 11, 2015",5:06 p.m. Local,Citizens Bank Park,,2:54,Night,Away,Chicago Cubs,CHC,Philadelphia Phillies,PHI,38,5,10,5,5.0,2,13,40,0.263,0.3,0.421,0.721,125,115,0.254,0.76,0.778,,1.0,27,12,9.0,1,69,22,24,11,14,10,0,71,0,0,0.246,3.0,34,1,7,1,1.0,2,9,36,0.206,0.25,0.294,0.544,163,79,-0.246,0.83,0.284,,-3.0,27,8,9.0,1,44,16,19,16,9,7,0,41,2,2,-0.254,-1.0
PHI/PHI201509112,"Friday, September 11, 2015",8:35 p.m. Local,Citizens Bank Park,22538,2:56,Night,Away,Chicago Cubs,CHC,Philadelphia Phillies,PHI,40,7,12,7,7.0,3,6,43,0.3,0.349,0.6,0.949,130,88,0.339,0.65,0.632,,3.0,27,11,9.0,0,58,17,13,10,24,7,0,57,3,0,0.161,1.0,31,3,5,3,3.0,2,9,34,0.161,0.235,0.258,0.493,144,87,-0.161,0.46,0.253,,-1.0,27,4,9.0,3,50,20,17,12,10,6,0,28,2,1,-0.339,-3.0
PHI/PHI201509120,"Saturday, September 12, 2015",7:55 p.m. Local,Citizens Bank Park,20813,3:12,Night,Home,Philadelphia Phillies,PHI,Chicago Cubs,CHC,32,5,6,5,5.0,5,11,39,0.188,0.308,0.344,0.651,148,89,0.031,1.41,0.988,,1.0,26,8,8.2,1,45,18,26,11,11,4,0,58,4,3,-0.53,-3.0,32,7,6,7,2.08,4,12,36,0.188,0.278,0.375,0.653,142,98,0.53,1.4,1.271,,3.0,27,7,9.0,1,51,22,25,8,12,4,0,72,2,1,-0.03,-1.0
PHI/PHI201509130,"Sunday, September 13, 2015",1:36 p.m. Local,Citizens Bank Park,23450,3:04,Day,Home,Philadelphia Phillies,PHI,Chicago Cubs,CHC,37,4,8,3,3.0,2,7,40,0.216,0.275,0.405,0.68,143,103,-0.05,1.01,0.792,,-0.0,24,14,8.0,1,61,14,28,12,18,12,0,30,0,0,-0.449,-3.4,32,7,12,6,7.88,4,9,38,0.375,0.432,0.625,1.057,170,88,0.452,1.25,1.013,,3.4,27,7,9.0,1,46,17,25,12,13,8,0,47,0,0,0.052,0.0
PIT/PIT201509151,"Tuesday, September 15, 2015",1:38 p.m. Local,PNC Park,31488,2:51,Day,Home,Pittsburgh Pirates,PIT,Chicago Cubs,CHC,32,4,6,2,3.0,1,11,35,0.188,0.229,0.219,0.447,138,92,-0.109,0.96,0.712,,-0.1,24,6,8.0,0,40,23,29,7,15,5,0,37,1,0,-0.393,-1.3,29,5,6,5,4.5,4,11,35,0.207,0.314,0.241,0.556,139,81,0.392,1.34,0.829,,1.3,27,8,9.0,0,37,13,31,9,10,7,0,55,2,2,0.109,0.1
PIT/PIT201509152,"Tuesday, September 15, 2015",7:08 p.m. Local,PNC Park,25914,2:44,Night,Away,Chicago Cubs,CHC,Pittsburgh Pirates,PIT,35,2,8,2,2.0,2,13,38,0.229,0.27,0.343,0.613,111,95,-0.137,1.38,0.562,,-2.1,27,15,9.0,0,53,26,16,10,13,8,0,81,,,0.637,3.1,30,1,5,0,1.0,1,9,32,0.167,0.219,0.167,0.385,139,70,-0.637,0.94,0.376,,-3.1,27,6,9.0,0,39,12,20,11,10,5,0,51,2,0,0.138,2.1
PIT/PIT201509160,"Wednesday, September 16, 2015",7:11 p.m. Local,PNC Park,31945,4:17,Night,Away,Chicago Cubs,CHC,Pittsburgh Pirates,PIT,46,3,13,3,2.25,3,15,51,0.283,0.32,0.37,0.69,173,121,-0.18,1.84,1.277,,-2.5,36,23,12.0,0,69,23,29,16,17,10,0,68,0,0,0.681,3.5,40,2,8,1,0.75,1,7,41,0.2,0.22,0.2,0.42,192,116,-0.683,1.61,0.843,,-3.5,36,9,12.0,0,69,14,33,22,11,7,0,50,2,1,0.181,2.5
PIT/PIT201509170,"Thursday, September 17, 2015",12:38 p.m. Local,PNC Park,28228,3:05,Day,Away,Chicago Cubs,CHC,Pittsburgh Pirates,PIT,44,9,17,8,7.0,4,7,48,0.386,0.438,0.614,1.051,136,104,0.676,0.7,1.126,,4.9,27,15,9.0,3,60,13,31,18,19,11,0,36,1,1,-0.176,-1.9,36,6,11,6,6.0,0,11,37,0.306,0.324,0.611,0.935,165,92,0.177,0.74,0.629,,1.9,27,11,9.0,1,50,13,29,13,12,8,0,25,2,1,-0.675,-4.9
CHN/CHN201509180,"Friday, September 18, 2015",1:20 p.m. Local,Wrigley Field,40846,3:26,Day,Home,Chicago Cubs,CHC,St. Louis Cardinals,STL,32,3,5,3,1.0,3,9,36,0.156,0.25,0.281,0.531,203,81,-0.031,0.77,0.521,,-1.1,24,10,8.0,2,36,16,29,9,14,5,0,36,6,1,-0.468,-4.4,33,8,10,8,9.0,11,8,46,0.303,0.5,0.545,1.045,131,106,0.469,0.97,0.914,,4.4,27,9,9.0,0,70,17,19,12,13,6,0,51,5,1,0.032,1.1
CHN/CHN201509190,"Saturday, September 19, 2015",12:05 p.m. Local,Wrigley Field,40994,3:11,Day,Home,Chicago Cubs,CHC,St. Louis Cardinals,STL,34,4,8,4,4.0,3,8,42,0.235,0.333,0.353,0.686,154,95,-0.277,0.55,0.664,,-0.1,24,6,8.0,2,53,18,24,15,13,6,0,42,0,0,-0.222,-1.4,31,5,9,5,5.62,5,11,37,0.29,0.389,0.516,0.905,152,98,0.22,1.29,0.548,,1.4,27,9,9.0,1,63,14,21,10,11,6,0,51,6,2,0.279,0.1
CHN/CHN201509200,"Sunday, September 20, 2015",1:23 p.m. Local,Wrigley Field,40962,3:26,Day,Away,St. Louis Cardinals,STL,Chicago Cubs,CHC,31,4,6,4,4.0,3,11,34,0.194,0.265,0.419,0.684,150,98,0.078,1.81,0.513,,-0.1,27,9,9.0,0,62,14,25,11,9,2,0,61,9,1,0.419,1.1,31,3,6,3,3.0,6,8,38,0.194,0.342,0.194,0.536,159,87,-0.423,0.62,1.051,,-1.1,27,12,9.0,2,47,16,24,15,8,3,0,48,0,0,-0.08,0.1
CHN/CHN201509210,"Monday, September 21, 2015",7:06 p.m. Local,Wrigley Field,34373,3:08,Night,Home,Chicago Cubs,CHC,Milwaukee Brewers,MIL,36,5,8,4,4.0,1,10,37,0.222,0.243,0.417,0.66,151,97,0.082,0.91,0.84,,0.9,24,9,8.0,1,57,16,24,7,19,9,0,22,2,0,-0.584,-5.4,35,9,13,9,10.12,6,4,43,0.371,0.465,0.6,1.065,151,87,0.584,0.99,1.096,,5.4,27,7,9.0,2,57,12,18,12,20,12,0,48,1,0,-0.083,-0.9
CHN/CHN201509220,"Tuesday, September 22, 2015",7:06 p.m. Local,Wrigley Field,36270,2:22,Night,Home,Chicago Cubs,CHC,Milwaukee Brewers,MIL,30,0,3,0,0.0,1,11,31,0.1,0.129,0.133,0.262,119,85,-0.393,0.54,0.127,,-4.1,24,9,8.0,1,48,22,15,14,5,3,0,49,0,0,-0.106,-0.4,30,4,7,4,4.5,3,8,33,0.233,0.303,0.4,0.703,123,76,0.107,0.74,0.45,,0.4,27,10,9.0,0,46,12,18,9,13,6,0,91,,,0.394,4.1
CHN/CHN201509230,"Wednesday, September 23, 2015",7:05 p.m. Local,Wrigley Field,37559,2:38,Night,Away,Milwaukee Brewers,MIL,Chicago Cubs,CHC,32,4,6,4,4.0,4,10,37,0.188,0.27,0.219,0.489,132,84,0.034,1.04,0.474,,-0.1,27,15,9.0,1,47,15,22,13,10,6,0,71,0,0,0.467,3.1,30,1,4,1,1.0,1,6,31,0.133,0.161,0.233,0.395,129,88,-0.466,0.74,0.256,,-3.1,27,9,9.0,0,53,13,22,15,9,4,0,60,5,2,-0.033,0.1
CHN/CHN201509250,"Friday, September 25, 2015",1:22 p.m. Local,Wrigley Field,40432,3:01,Day,Away,Pittsburgh Pirates,PIT,Chicago Cubs,CHC,33,3,7,3,3.0,0,11,34,0.212,0.212,0.273,0.485,141,98,0.031,1.7,0.584,,-1.1,27,7,9.0,0,56,21,21,10,13,8,0,71,0,0,0.468,2.1,33,2,7,2,2.0,3,12,36,0.212,0.278,0.303,0.581,139,90,-0.465,1.02,0.795,,-2.1,27,6,9.0,0,52,19,19,9,12,4,0,65,0,0,-0.032,1.1
CHN/CHN201509260,"Saturday, September 26, 2015",12:06 p.m. Local,Wrigley Field,41150,2:58,Day,Away,Pittsburgh Pirates,PIT,Chicago Cubs,CHC,38,4,10,4,4.0,2,8,40,0.263,0.3,0.421,0.721,126,105,0.108,0.81,0.578,,-0.1,27,6,9.0,0,58,15,32,19,11,4,0,77,2,0,0.392,4.1,31,0,4,0,0.0,3,9,34,0.129,0.206,0.161,0.367,160,82,-0.392,0.7,0.194,,-4.1,27,14,9.0,1,44,23,15,8,14,6,0,38,5,0,-0.108,0.1
CHN/CHN201509270,"Sunday, September 27, 2015",7:08 p.m. Local,Wrigley Field,40617,2:52,Night,Home,Chicago Cubs,CHC,Pittsburgh Pirates,PIT,27,0,1,0,0.0,1,11,29,0.037,0.103,0.037,0.14,135,72,-0.416,0.76,0.125,,-4.1,24,8,8.0,1,32,17,23,7,9,3,0,53,6,2,-0.085,-0.4,32,4,9,4,4.5,3,6,36,0.281,0.361,0.406,0.767,112,85,0.085,0.8,0.524,,0.4,27,7,9.0,0,47,22,16,13,13,7,0,84,0,0,0.416,4.1
CHN/CHN201509280,"Monday, September 28, 2015",7:05 p.m. Local,Wrigley Field,40552,2:49,Night,Home,Chicago Cubs,CHC,Kansas City Royals,KCR,35,0,4,0,0.0,3,14,38,0.114,0.184,0.143,0.327,134,98,-0.913,1.35,0.256,,-5.0,30,9,10.0,1,41,22,35,11,10,4,0,78,0,0,0.411,3.6,33,1,4,1,0.9,1,10,34,0.121,0.147,0.212,0.359,154,84,-0.413,1.28,0.591,,-3.6,33,10,11.0,0,50,14,20,13,10,3,0,75,0,0,0.911,5.0
CIN/CIN201509290,"Tuesday, September 29, 2015",9:41 p.m. Local,Great American Ball Park,18168,2:48,Night,Away,Chicago Cubs,CHC,Cincinnati Reds,CIN,33,4,8,4,4.0,7,12,44,0.242,0.395,0.273,0.668,121,98,0.218,0.52,0.478,,-0.2,27,6,9.0,0,48,22,28,7,16,8,0,78,2,0,0.284,3.2,30,1,3,1,0.0,1,7,31,0.1,0.129,0.133,0.262,169,82,-0.285,0.49,0.1,,-3.2,27,4,9.0,0,47,8,27,6,17,8,0,41,0,0,-0.216,0.2
CIN/CIN201509300,"Wednesday, September 30, 2015",7:11 p.m. Local,Great American Ball Park,21397,3:00,Night,Away,Chicago Cubs,CHC,Cincinnati Reds,CIN,42,10,16,10,10.0,4,14,46,0.381,0.435,0.595,1.03,132,114,0.29,0.54,0.715,,5.8,27,6,9.0,0,61,26,27,14,14,9,0,81,0,0,0.21,1.2,28,3,4,3,3.0,1,10,32,0.143,0.156,0.214,0.371,178,90,-0.21,0.55,0.156,,-1.2,27,6,9.0,1,43,17,30,9,12,3,0,37,3,0,-0.29,-5.8
CIN/CIN201510010,"Thursday, October 1, 2015",12:36 p.m. Local,Great American Ball Park,26352,2:55,Day,Away,Chicago Cubs,CHC,Cincinnati Reds,CIN,34,5,8,5,5.0,3,12,37,0.235,0.297,0.382,0.68,150,91,0.193,1.2,0.495,,0.8,27,15,9.0,0,48,17,26,8,14,6,0,62,4,2,0.307,1.2,39,3,12,3,0.0,0,10,39,0.308,0.308,0.41,0.718,146,100,-0.307,0.52,0.658,,-1.2,27,6,9.0,1,59,18,23,15,14,11,0,37,2,1,-0.194,-0.8
MIL/MIL201510020,"Friday, October 2, 2015",7:11 p.m. Local,Miller Park,30044,3:01,Night,Away,Chicago Cubs,CHC,Milwaukee Brewers,MIL,36,6,10,6,5.0,4,9,41,0.278,0.366,0.5,0.866,117,103,0.211,0.53,0.65,,1.8,27,12,9.0,1,62,22,19,12,15,8,0,75,0,0,0.29,3.2,32,1,4,1,1.0,1,10,33,0.125,0.152,0.219,0.37,170,78,-0.291,0.64,0.109,,-3.2,27,11,9.0,1,39,17,22,15,7,3,0,43,3,2,-0.211,-1.8
MIL/MIL201510030,"Saturday, October 3, 2015",6:10 p.m. Local,Miller Park,35291,2:49,Night,Away,Chicago Cubs,CHC,Milwaukee Brewers,MIL,33,1,8,1,1.0,5,9,40,0.242,0.342,0.333,0.675,118,89,-0.309,1.56,0.609,,-3.2,27,11,9.0,0,47,16,25,13,12,7,0,78,0,0,0.808,4.2,28,0,2,0,0.0,1,11,29,0.071,0.103,0.071,0.175,150,82,-0.807,1.2,0.328,,-4.2,27,9,9.0,0,36,12,34,12,5,4,0,55,0,0,0.307,3.2
MIL/MIL201510040,"Sunday, October 4, 2015",2:10 p.m. Local,Miller Park,32959,2:44,Day,Away,Chicago Cubs,CHC,Milwaukee Brewers,MIL,32,3,7,2,3.0,4,9,37,0.219,0.324,0.219,0.543,110,103,0.019,1.12,0.466,,-1.2,27,12,9.0,0,63,18,22,13,10,6,0,64,0,0,0.482,3.2,28,1,3,1,1.0,2,6,31,0.107,0.167,0.179,0.345,159,71,-0.484,0.72,0.298,,-3.2,27,8,9.0,0,43,8,20,10,13,4,0,43,0,0,-0.019,1.2
