,date,time,venue,attendance,duration,time_of_day,winner,winning_name,winning_abbr,losing_name,losing_abbr,away_at_bats,away_runs,away_hits,away_rbi,away_earned_runs,away_bases_on_balls,away_strikeouts,away_plate_appearances,away_batting_average,away_on_base_percentage,away_slugging_percentage,away_on_base_plus,away_pitches,away_strikes,away_win_probability_for_offensive_player,away_average_leverage_index,away_win_probability_added,away_win_probability_subtracted,away_base_out_runs_added,away_putouts,away_assists,away_innings_pitched,away_home_runs,away_strikes_by_contact,away_strikes_swinging,away_strikes_looking,away_grounded_balls,away_fly_balls,away_line_drives,away_unknown_bat_type,away_game_score,away_inherited_runners,away_inherited_score,away_win_probability_by_pitcher,away_base_out_runs_saved,home_at_bats,home_runs,home_hits,home_rbi,home_earned_runs,home_bases_on_balls,home_strikeouts,home_plate_appearances,home_batting_average,home_on_base_percentage,home_slugging_percentage,home_on_base_plus,home_pitches,home_strikes,home_win_probability_for_offensive_player,home_average_leverage_index,home_win_probability_added,home_win_probability_subtracted,home_base_out_runs_added,home_putouts,home_assists,home_innings_pitched,home_home_runs,home_strikes_by_contact,home_strikes_swinging,home_strikes_looking,home_grounded_balls,home_fly_balls,home_line_drives,home_unknown_bat_type,home_game_score,home_inherited_runners,home_inherited_score,home_win_probability_by_pitcher,home_base_out_runs_saved
KCA/KCA201504060,"Monday, April 6, 2015",3:14 p.m. Local,Kauffman Stadium,40085,2:50,Day,Home,Kansas City Royals,KCR,Chicago White Sox,CHW,28,1,5,1,1.0,2,3,31,0.179,0.258,0.321,0.579,142,76,-0.285,0.51,0.19,,-3.6,24,7,8.0,2,49,11,16,14,11,5,0,38,3,3,-0.216,-5.9,34,10,13,9,11.25,5,3,42,0.382,0.488,0.647,1.135,115,86,0.217,0.63,0.521,,5.9,27,16,9.0,1,55,9,22,12,20,7,0,61,0,0,0.284,3.6
KCA/KCA201504080,"Wednesday, April 8, 2015",7:10 p.m. Local,Kauffman Stadium,23385,3:11,Night,Home,Kansas City Royals,KCR,Chicago White Sox,CHW,34,5,10,5,5.0,0,10,35,0.294,0.286,0.471,0.756,152,93,-0.01,1.51,0.824,,0.4,24,10,8.0,2,61,12,20,11,14,9,0,32,0,0,-0.491,-2.9,37,7,14,7,7.88,2,5,41,0.378,0.439,0.568,1.007,121,102,0.493,1.2,1.483,,2.9,27,9,9.0,1,63,12,27,13,19,11,0,36,2,1,0.01,-0.4
KCA/KCA201504090,"Thursday, April 9, 2015",1:11 p.m. Local,Kauffman Stadium,20236,2:37,Day,Home,Kansas City Royals,KCR,Chicago White Sox,CHW,30,1,4,1,1.0,1,7,32,0.133,0.188,0.2,0.388,114,66,-0.448,0.75,0.153,,-3.6,24,10,8.0,1,34,11,21,9,14,4,0,39,0,0,-0.052,0.1,31,4,8,4,4.5,2,2,35,0.258,0.303,0.516,0.819,105,79,0.054,0.8,0.539,,-0.1,27,11,9.0,0,51,8,20,11,20,7,0,74,0,0,0.448,3.6
ANA/ANA201504100,"Friday, April 10, 2015",7:12 p.m. Local,Angel Stadium of Anaheim,44489,3:16,Night,Away,Kansas City Royals,KCR,Los Angeles Angels of Anaheim,LAA,35,4,9,4,4.0,2,6,41,0.257,0.35,0.371,0.721,150,105,0.081,1.42,0.681,,-0.1,27,10,9.0,1,63,14,28,12,18,10,0,56,0,0,0.421,2.1,33,2,7,2,2.0,2,9,35,0.212,0.257,0.364,0.621,158,94,-0.421,0.95,0.593,,-2.1,27,8,9.0,1,51,16,27,12,12,5,0,47,4,0,-0.08,0.1
ANA/ANA201504110,"Saturday, April 11, 2015",6:06 p.m. Local,Angel Stadium of Anaheim,44154,2:41,Night,Away,Kansas City Royals,KCR,Los Angeles Angels of Anaheim,LAA,36,6,12,6,6.0,4,8,42,0.333,0.429,0.528,0.956,113,88,0.279,0.88,0.885,,1.9,27,11,9.0,1,46,15,29,9,19,9,0,50,0,0,0.22,0.1,32,4,6,4,4.0,1,3,33,0.188,0.212,0.313,0.525,148,76,-0.221,0.77,0.387,,-0.1,27,10,9.0,2,42,8,26,12,17,10,0,26,4,1,-0.28,-1.9
ANA/ANA201504120,"Sunday, April 12, 2015",12:38 p.m. Local,Angel Stadium of Anaheim,37060,2:56,Day,Away,Kansas City Royals,KCR,Los Angeles Angels of Anaheim,LAA,41,9,14,9,8.0,1,9,44,0.341,0.364,0.585,0.949,129,97,0.397,0.42,0.647,,4.9,27,9,9.0,1,62,15,20,10,23,11,0,58,1,0,0.102,2.1,30,2,5,1,2.0,3,9,33,0.167,0.242,0.3,0.542,151,77,-0.102,0.52,0.203,,-2.1,27,6,9.0,1,36,14,27,9,12,6,0,28,1,0,-0.397,-4.9
MIN/MIN201504130,"Monday, April 13, 2015",3:16 p.m. Local,Target Field,40123,2:50,Day,Away,Kansas City Royals,KCR,Minnesota Twins,MIN,38,12,13,10,10.0,4,5,46,0.342,0.413,0.5,0.913,125,95,0.331,0.87,0.731,,7.6,27,9,9.0,1,60,14,21,15,20,14,0,51,0,0,0.17,1.4,31,3,7,3,3.0,1,7,33,0.226,0.242,0.387,0.63,152,88,-0.17,0.69,0.395,,-1.4,27,12,9.0,1,48,14,26,8,17,10,0,35,10,5,-0.33,-7.6
MIN/MIN201504150,"Wednesday, April 15, 2015",7:10 p.m. Local,Target Field,21362,2:25,Night,Home,Minnesota Twins,MIN,Kansas City Royals,KCR,34,1,9,1,1.0,0,5,35,0.265,0.286,0.265,0.55,109,86,-0.424,0.68,0.462,,-3.4,24,9,8.0,1,52,14,20,14,15,10,0,63,1,0,-0.078,0.9,28,3,5,3,3.38,1,7,30,0.179,0.2,0.286,0.486,134,80,0.077,1.27,0.425,,-0.9,27,13,9.0,0,40,15,25,10,12,4,0,55,2,0,0.424,3.4
MIN/MIN201504160,"Thursday, April 16, 2015",12:11 p.m. Local,Target Field,17449,3:01,Day,Home,Minnesota Twins,MIN,Kansas City Royals,KCR,37,5,10,5,5.0,4,3,42,0.27,0.341,0.432,0.774,138,91,-0.145,0.84,0.64,,0.6,24,7,8.0,2,57,12,22,15,20,7,0,21,3,0,-0.356,-4.1,37,8,14,7,7.88,2,2,40,0.378,0.4,0.595,0.995,152,94,0.356,1.04,0.833,,4.1,27,12,9.0,1,63,13,18,13,23,10,0,42,4,0,0.145,-0.6
KCA/KCA201504170,"Friday, April 17, 2015",7:10 p.m. Local,Kauffman Stadium,39228,2:33,Night,Home,Kansas City Royals,KCR,Oakland Athletics,OAK,33,4,8,4,4.0,2,4,36,0.242,0.286,0.576,0.861,136,71,-0.086,1.22,0.805,,-0.6,24,12,8.0,0,40,5,26,11,19,7,0,38,0,0,-0.415,-1.9,36,6,15,6,6.75,1,5,38,0.417,0.421,0.5,0.921,111,92,0.414,1.3,1.104,,1.9,27,11,9.0,3,57,8,27,19,13,5,0,44,0,0,0.086,0.6
KCA/KCA201504180,"Saturday, April 18, 2015",6:11 p.m. Local,Kauffman Stadium,33151,2:34,Night,Away,Oakland Athletics,OAK,Kansas City Royals,KCR,34,5,8,5,5.0,2,6,37,0.235,0.297,0.353,0.65,122,83,0.224,0.56,0.503,,0.4,27,14,9.0,0,47,7,29,14,14,6,0,61,0,0,0.278,4.6,32,0,7,0,0.0,2,6,34,0.219,0.265,0.281,0.546,134,76,-0.278,0.48,0.208,,-4.6,27,12,9.0,1,47,11,18,13,13,7,0,32,1,0,-0.221,-0.4
KCA/KCA201504190,"Sunday, April 19, 2015",1:13 p.m. Local,Kauffman Stadium,36755,3:08,Day,Home,Kansas City Royals,KCR,Oakland Athletics,OAK,31,2,7,2,2.0,6,8,37,0.226,0.351,0.258,0.609,124,87,-0.251,1.58,0.441,,-2.6,24,13,8.0,0,50,13,24,13,10,5,0,62,1,1,-0.25,0.1,31,4,8,4,4.5,2,5,34,0.258,0.324,0.355,0.678,151,84,0.252,1.0,0.996,,-0.1,27,14,9.0,0,54,11,19,15,11,7,0,51,0,0,0.25,2.6
KCA/KCA201504200,"Monday, April 20, 2015",7:09 p.m. Local,Kauffman Stadium,20393,2:43,Night,Home,Kansas City Royals,KCR,Minnesota Twins,MIN,31,1,5,0,1.0,2,7,33,0.161,0.212,0.161,0.373,136,81,-0.334,0.85,0.285,,-3.6,24,15,8.0,0,47,13,21,17,7,4,0,41,4,4,-0.167,-2.9,29,7,8,5,6.75,4,1,35,0.276,0.353,0.483,0.836,125,86,0.166,0.87,0.571,,2.9,27,12,9.0,0,60,6,20,16,14,2,0,67,0,0,0.334,3.6
KCA/KCA201504210,"Tuesday, April 21, 2015",7:10 p.m. Local,Kauffman Stadium,20990,2:55,Night,Home,Kansas City Royals,KCR,Minnesota Twins,MIN,36,5,10,5,5.0,1,6,37,0.278,0.297,0.333,0.631,141,89,0.094,1.47,1.003,,0.4,24,8,8.0,2,47,15,27,14,16,7,0,40,3,2,-0.594,-1.9,33,6,10,6,6.75,5,1,39,0.303,0.395,0.515,0.91,145,82,0.594,1.4,1.412,,1.9,27,8,9.0,0,64,1,17,11,22,8,0,36,2,2,-0.093,-0.4
KCA/KCA201504220,"Wednesday, April 22, 2015",7:11 p.m. Local,Kauffman Stadium,24721,2:47,Night,Away,Minnesota Twins,MIN,Kansas City Royals,KCR,35,3,10,3,3.0,6,8,42,0.286,0.405,0.343,0.748,122,88,0.049,1.07,0.53,,-1.6,27,10,9.0,0,50,15,24,9,18,10,0,69,0,0,0.451,4.6,31,0,6,0,0.0,2,5,35,0.194,0.286,0.258,0.544,155,80,-0.449,0.69,0.353,,-4.6,27,9,9.0,0,47,11,22,12,14,4,0,40,0,0,-0.05,1.6
CHA/CHA201504230,"Thursday, April 23, 2015",7:10 p.m. Local,U.S. Cellular Field,14218,4:07,Night,Away,Kansas City Royals,KCR,Chicago White Sox,CHW,47,3,13,3,2.08,2,7,50,0.277,0.32,0.319,0.639,189,129,-0.469,1.91,1.098,,-3.1,39,17,13.0,0,76,20,34,24,16,13,0,66,0,0,0.97,4.1,46,2,7,2,1.38,4,14,51,0.152,0.235,0.196,0.431,187,124,-0.968,1.58,0.966,,-4.1,39,22,13.0,0,67,32,27,19,13,7,0,52,0,0,0.47,3.1
CHA/CHA201504240,"Friday, April 24, 2015",7:10 p.m. Local,U.S. Cellular Field,20350,3:19,Night,Home,Chicago White Sox,CHW,Kansas City Royals,KCR,32,2,8,2,2.0,1,9,33,0.25,0.273,0.313,0.585,164,86,-0.31,1.72,0.458,,-2.2,26,7,8.2,0,49,15,22,12,11,4,0,56,3,0,-0.191,0.8,33,3,8,3,2.08,5,7,40,0.242,0.333,0.303,0.636,130,98,0.191,1.24,1.162,,-0.8,27,14,9.0,0,62,13,23,14,14,6,0,59,0,0,0.31,2.2
CHA/CHA201504260,"Sunday, April 26, 2015",2:06 p.m. Local,U.S. Cellular Field,23317,2:48,Day,Home,Chicago White Sox,CHW,Kansas City Royals,KCR,34,3,8,3,3.0,1,13,36,0.235,0.278,0.412,0.69,119,105,-0.102,1.34,0.587,,-1.2,24,12,8.0,0,58,18,29,9,12,5,0,51,2,1,-0.397,-1.3,31,5,6,5,1.12,2,7,33,0.194,0.242,0.194,0.436,145,83,0.397,0.98,0.996,,1.3,27,11,9.0,1,41,16,26,12,12,8,0,57,1,0,0.102,1.2
CLE/CLE201504270,"Monday, April 27, 2015",6:10 p.m. Local,Progressive Field,9668,3:22,Night,Away,Kansas City Royals,KCR,Cleveland Indians,CLE,39,6,13,4,4.0,2,9,42,0.333,0.381,0.41,0.791,157,97,0.309,0.9,0.946,,1.3,27,4,9.0,1,53,21,23,16,14,12,0,49,0,0,0.189,2.7,30,2,4,2,2.0,5,7,35,0.133,0.257,0.3,0.557,154,89,-0.19,0.93,0.464,,-2.7,27,14,9.0,0,48,13,28,7,16,6,0,36,4,2,-0.311,-1.3
CLE/CLE201504280,"Tuesday, April 28, 2015",6:12 p.m. Local,Progressive Field,10698,3:13,Night,Away,Kansas City Royals,KCR,Cleveland Indians,CLE,41,11,18,11,11.0,4,3,45,0.439,0.489,0.683,1.172,151,90,0.789,0.99,1.428,,6.3,27,6,9.0,1,62,8,21,15,23,10,0,39,2,2,-0.29,-0.3,34,5,9,5,5.0,4,5,39,0.265,0.359,0.382,0.741,155,90,0.288,1.01,0.862,,0.3,27,16,9.0,2,53,10,28,11,18,6,0,46,3,3,-0.79,-6.3
CLE/CLE201504290,"Wednesday, April 29, 2015",6:11 p.m. Local,Progressive Field,10284,2:41,Night,Home,Cleveland Indians,CLE,Kansas City Royals,KCR,36,5,9,5,4.0,0,11,37,0.25,0.27,0.361,0.631,136,93,0.009,0.98,0.716,,0.3,24,10,8.0,2,56,16,21,10,15,9,0,33,2,1,-0.508,-2.8,32,7,8,7,7.88,5,3,37,0.25,0.351,0.531,0.883,138,78,0.508,1.05,1.002,,2.8,27,6,9.0,1,47,8,23,14,15,7,0,51,0,0,-0.008,-0.3
KCA/KCA201504300,"Thursday, April 30, 2015",7:10 p.m. Local,Kauffman Stadium,28405,3:02,Night,Home,Kansas City Royals,KCR,Detroit Tigers,DET,32,1,7,1,1.0,3,10,35,0.219,0.286,0.281,0.567,145,82,-0.258,0.48,0.137,,-3.6,24,7,8.0,1,44,14,24,8,14,8,0,25,1,1,-0.243,-3.9,38,8,14,8,9.0,2,10,40,0.368,0.4,0.526,0.926,129,95,0.245,0.5,0.541,,3.9,27,9,9.0,0,57,17,21,11,17,9,0,64,1,0,0.257,3.6
KCA/KCA201505010,"Friday, May 1, 2015",7:10 p.m. Local,Kauffman Stadium,38186,2:47,Night,Home,Kansas City Royals,KCR,Detroit Tigers,DET,31,1,4,1,1.0,5,12,36,0.129,0.25,0.161,0.411,110,92,-0.308,0.4,0.375,,-3.6,24,11,8.0,0,49,25,18,8,11,2,0,43,0,0,-0.192,0.1,33,4,10,4,4.5,2,2,35,0.303,0.343,0.394,0.737,151,77,0.192,1.08,0.429,,-0.1,27,9,9.0,0,46,8,23,20,11,5,0,73,0,0,0.309,3.6
KCA/KCA201505020,"Saturday, May 2, 2015",6:09 p.m. Local,Kauffman Stadium,38692,2:55,Night,Away,Detroit Tigers,DET,Kansas City Royals,KCR,33,2,7,1,2.0,3,4,36,0.212,0.278,0.242,0.52,106,88,-0.131,1.23,0.409,,-2.6,27,9,9.0,1,53,7,28,14,15,6,0,76,,,0.631,3.6,31,1,5,1,1.0,0,3,31,0.161,0.161,0.258,0.419,138,73,-0.632,0.88,0.262,,-3.6,27,10,9.0,0,45,12,18,12,16,7,0,55,0,0,0.131,2.6
KCA/KCA201505030,"Sunday, May 3, 2015",1:11 p.m. Local,Kauffman Stadium,38326,2:38,Day,Away,Detroit Tigers,DET,Kansas City Royals,KCR,35,6,11,5,6.0,1,5,36,0.314,0.333,0.457,0.79,132,79,0.218,0.64,0.569,,1.4,27,9,9.0,0,44,12,23,13,17,10,0,61,1,1,0.281,0.6,32,4,6,4,4.0,1,5,34,0.188,0.206,0.25,0.456,117,94,-0.28,0.63,0.196,,-0.6,27,13,9.0,1,63,10,21,12,16,8,0,27,0,0,-0.22,-1.4
KCA/KCA201505050,"Tuesday, May 5, 2015",7:10 p.m. Local,Kauffman Stadium,29099,2:26,Night,Home,Kansas City Royals,KCR,Cleveland Indians,CLE,31,3,4,3,3.0,2,8,33,0.129,0.182,0.355,0.537,134,79,-0.304,0.75,0.463,,-1.6,24,9,8.0,1,42,11,26,7,16,5,0,60,1,0,-0.194,-0.9,29,5,6,5,5.62,1,9,32,0.207,0.258,0.448,0.706,129,82,0.194,1.08,0.583,,0.9,27,7,9.0,2,48,16,18,13,8,3,0,63,0,0,0.306,1.6
KCA/KCA201505060,"Wednesday, May 6, 2015",7:10 p.m. Local,Kauffman Stadium,23316,3:04,Night,Away,Cleveland Indians,CLE,Kansas City Royals,KCR,36,10,13,9,10.0,4,5,44,0.361,0.442,0.556,0.997,122,109,0.39,0.57,0.657,,5.4,27,11,9.0,1,68,11,30,13,20,11,0,59,0,0,0.11,1.6,32,3,5,3,3.0,2,9,34,0.156,0.206,0.375,0.581,174,81,-0.111,0.56,0.28,,-1.6,27,11,9.0,1,45,13,23,11,12,4,0,25,5,0,-0.389,-5.4
KCA/KCA201505070,"Thursday, May 7, 2015",3:27 p.m. Local,Kauffman Stadium,38271,3:13,Day,Home,Kansas City Royals,KCR,Cleveland Indians,CLE,31,4,4,4,4.0,6,8,37,0.129,0.27,0.29,0.561,155,88,-0.146,0.75,0.483,,-0.6,24,7,8.0,1,48,16,24,15,8,3,0,40,7,2,-0.352,-2.9,36,7,12,6,7.88,4,8,42,0.333,0.415,0.444,0.859,149,98,0.353,1.05,0.743,,2.9,27,10,9.0,1,54,17,27,14,15,7,0,40,0,0,0.148,0.6
DET/DET201505080,"Friday, May 8, 2015",7:09 p.m. Local,Comerica Park,39434,3:18,Night,Home,Detroit Tigers,DET,Kansas City Royals,KCR,39,5,14,4,4.0,0,1,39,0.359,0.359,0.487,0.846,142,89,-0.035,1.6,0.943,,0.7,24,8,8.0,0,62,6,21,14,24,14,0,41,2,1,-0.464,-2.5,33,6,11,5,4.5,5,7,38,0.333,0.421,0.394,0.815,127,84,0.465,1.33,1.344,,2.5,27,11,9.0,1,53,15,17,12,14,8,0,30,2,0,0.036,-0.7
DET/DET201505090,"Saturday, May 9, 2015",1:08 p.m. Local,Comerica Park,41456,2:40,Day,Away,Kansas City Royals,KCR,Detroit Tigers,DET,38,6,13,6,5.0,3,5,43,0.342,0.405,0.579,0.984,112,98,0.316,0.63,0.597,,1.7,27,8,9.0,0,60,10,28,14,20,11,0,56,1,0,0.184,2.3,35,2,9,2,2.0,1,3,37,0.257,0.27,0.4,0.67,149,78,-0.185,0.52,0.25,,-2.3,27,12,9.0,1,50,5,23,10,23,7,0,31,0,0,-0.317,-1.7
DET/DET201505100,"Sunday, May 10, 2015",8:09 p.m. Local,Comerica Park,29852,3:23,Night,Away,Kansas City Royals,KCR,Detroit Tigers,DET,33,2,5,2,1.8,2,3,37,0.152,0.216,0.273,0.489,170,81,-0.246,2.3,0.708,,-2.8,30,12,10.0,0,56,7,18,17,14,6,0,67,0,0,0.748,3.8,35,1,5,1,0.0,6,5,41,0.143,0.268,0.171,0.44,127,103,-0.748,1.48,1.038,,-3.8,30,17,10.0,0,67,14,22,16,14,5,0,73,0,0,0.248,2.8
TEX/TEX201505110,"Monday, May 11, 2015",7:07 p.m. Local,Globe Life Park in Arlington,21206,2:53,Night,Home,Texas Rangers,TEX,Kansas City Royals,KCR,30,2,5,2,2.0,3,7,34,0.167,0.265,0.233,0.498,171,91,-0.187,0.5,0.154,,-2.6,24,4,8.0,3,54,13,24,10,13,5,0,25,0,0,-0.314,-3.9,34,8,9,7,9.0,8,10,42,0.265,0.405,0.588,0.993,132,100,0.314,0.53,0.571,,3.9,27,8,9.0,0,61,7,32,9,15,7,0,70,0,0,0.187,2.6
TEX/TEX201505120,"Tuesday, May 12, 2015",7:07 p.m. Local,Globe Life Park in Arlington,23659,3:34,Night,Away,Kansas City Royals,KCR,Texas Rangers,TEX,41,7,12,7,5.4,2,6,45,0.293,0.333,0.659,0.992,150,104,0.822,1.9,1.863,,1.9,30,15,10.0,1,55,16,33,12,24,9,0,39,1,1,-0.321,-0.9,37,6,14,6,5.4,3,6,43,0.378,0.405,0.486,0.891,164,92,0.32,1.48,1.677,,0.9,30,7,10.0,3,53,14,27,17,17,13,0,50,0,0,-0.821,-1.9
TEX/TEX201505130,"Wednesday, May 13, 2015",7:08 p.m. Local,Globe Life Park in Arlington,26258,2:15,Night,Home,Texas Rangers,TEX,Kansas City Royals,KCR,31,2,6,2,2.0,1,3,32,0.194,0.219,0.258,0.477,119,65,-0.265,0.54,0.205,,-2.6,24,13,8.0,2,42,5,19,16,12,5,0,41,0,0,-0.235,-0.9,32,5,11,5,5.62,2,7,34,0.344,0.382,0.625,1.007,106,75,0.235,0.64,0.566,,0.9,27,14,9.0,0,42,11,22,14,11,8,0,58,0,0,0.265,2.6
TEX/TEX201505140,"Thursday, May 14, 2015",1:08 p.m. Local,Globe Life Park in Arlington,33818,3:11,Day,Away,Kansas City Royals,KCR,Texas Rangers,TEX,38,6,14,6,6.0,1,5,42,0.368,0.4,0.526,0.926,156,116,0.298,1.18,0.74,,1.4,27,13,9.0,0,80,13,23,14,21,13,0,48,2,1,0.201,1.6,31,3,7,3,3.0,3,3,38,0.226,0.324,0.226,0.55,171,94,-0.201,0.87,0.606,,-1.6,27,13,9.0,1,53,9,32,17,13,8,0,39,1,1,-0.299,-1.4
KCA/KCA201505150,"Friday, May 15, 2015",7:11 p.m. Local,Kauffman Stadium,34584,3:12,Night,Home,Kansas City Royals,KCR,New York Yankees,NYY,31,1,5,1,1.0,2,3,34,0.161,0.206,0.29,0.496,171,80,-0.267,0.6,0.363,,-3.6,24,11,8.0,0,49,12,19,10,19,7,0,29,6,2,-0.231,-7.9,42,12,17,12,13.5,3,2,46,0.405,0.435,0.619,1.054,125,114,0.232,0.89,0.605,,7.9,27,7,9.0,0,80,17,17,19,22,13,0,57,1,0,0.268,3.6
KCA/KCA201505160,"Saturday, May 16, 2015",6:10 p.m. Local,Kauffman Stadium,31871,2:52,Night,Away,New York Yankees,NYY,Kansas City Royals,KCR,36,5,9,5,5.0,4,5,42,0.25,0.317,0.472,0.789,112,101,0.171,1.09,0.706,,0.4,27,9,9.0,0,64,7,30,13,20,8,0,66,0,0,0.329,3.6,33,1,6,1,1.0,0,6,34,0.182,0.176,0.212,0.389,163,83,-0.33,0.87,0.34,,-3.6,27,12,9.0,2,47,10,26,16,12,5,0,42,0,0,-0.17,-0.4
KCA/KCA201505170,"Sunday, May 17, 2015",1:12 p.m. Local,Kauffman Stadium,31251,3:03,Day,Home,Kansas City Royals,KCR,New York Yankees,NYY,33,0,6,0,0.0,2,7,36,0.182,0.25,0.242,0.492,138,91,-0.304,0.5,0.099,,-4.6,24,4,8.0,1,47,13,31,11,15,4,0,37,2,1,-0.196,-1.9,30,6,7,6,4.5,4,8,35,0.233,0.314,0.4,0.714,143,86,0.197,0.51,0.463,,1.9,27,5,9.0,0,46,23,17,10,13,3,0,76,0,0,0.304,4.6
KCA/KCA201505190,"Tuesday, May 19, 2015",7:10 p.m. Local,Kauffman Stadium,29769,2:12,Night,Home,Kansas City Royals,KCR,Cincinnati Reds,CIN,29,0,4,0,0.0,1,9,31,0.138,0.167,0.138,0.305,111,71,-0.503,0.87,0.198,,-4.6,24,10,8.0,0,41,11,19,15,6,3,0,50,0,0,0.003,1.1,31,3,9,3,3.38,1,4,33,0.29,0.313,0.387,0.7,115,79,-0.002,1.0,0.489,,-1.1,27,13,9.0,0,55,10,14,12,16,11,0,75,0,0,0.502,4.6
KCA/KCA201505200,"Wednesday, May 20, 2015",7:10 p.m. Local,Kauffman Stadium,30450,2:44,Night,Home,Kansas City Royals,KCR,Cincinnati Reds,CIN,36,1,9,1,1.0,2,7,38,0.25,0.289,0.306,0.595,136,89,-0.301,0.47,0.267,,-3.6,24,9,8.0,0,57,14,18,7,22,8,0,38,1,0,-0.197,-2.9,31,7,10,6,7.88,1,2,35,0.323,0.343,0.387,0.73,139,83,0.2,0.76,0.382,,2.9,27,3,9.0,0,55,5,23,13,18,14,0,63,0,0,0.303,3.6
KCA/KCA201505220,"Friday, May 22, 2015",7:11 p.m. Local,Kauffman Stadium,37379,2:53,Night,Home,Kansas City Royals,KCR,St. Louis Cardinals,STL,34,0,8,0,0.0,5,4,40,0.235,0.35,0.265,0.615,120,96,-0.242,0.43,0.285,,-4.6,24,7,8.0,2,63,10,23,12,18,4,0,35,0,0,-0.26,-0.9,34,5,11,5,5.62,1,6,35,0.324,0.343,0.529,0.872,170,80,0.26,0.64,0.464,,0.9,27,9,9.0,0,49,11,20,9,19,6,0,60,0,0,0.24,4.6
KCA/KCA201505230,"Saturday, May 23, 2015",6:15 p.m. Local,Kauffman Stadium,38676,1:40,Night,Home,Kansas City Royals,KCR,St. Louis Cardinals,STL,21,2,4,2,3.0,3,1,25,0.19,0.32,0.238,0.558,68,53,-0.146,1.04,0.484,,-1.0,15,5,5.0,1,34,5,14,9,11,3,0,43,,,-0.096,-0.5,21,3,6,3,5.4,2,2,23,0.286,0.348,0.524,0.872,84,42,0.096,1.31,0.463,,0.5,18,8,6.0,0,26,4,12,7,12,3,0,54,,,0.146,1.0
KCA/KCA201505240,"Sunday, May 24, 2015",1:12 p.m. Local,Kauffman Stadium,36342,2:40,Day,Away,St. Louis Cardinals,STL,Kansas City Royals,KCR,36,6,10,6,6.0,3,10,39,0.278,0.333,0.444,0.778,116,123,0.199,1.0,0.57,,1.4,27,10,9.0,0,75,18,30,13,13,5,0,67,0,0,0.302,3.6,32,1,6,1,0.0,2,6,34,0.188,0.235,0.188,0.423,176,74,-0.303,0.53,0.375,,-3.6,27,13,9.0,1,47,10,17,11,15,8,0,56,0,0,-0.198,-1.4
NYA/NYA201505250,"Monday, May 25, 2015",1:09 p.m. Local,Yankee Stadium III,36031,3:12,Day,Home,New York Yankees,NYY,Kansas City Royals,KCR,33,1,8,1,1.0,3,6,37,0.242,0.324,0.273,0.597,192,90,-0.062,0.16,0.038,,-3.4,24,11,8.0,5,53,14,24,12,15,8,0,-11,1,0,-0.439,-10.1,37,14,14,14,15.75,7,7,45,0.378,0.489,0.838,1.327,129,109,0.438,0.16,0.452,,10.1,27,12,9.0,0,70,11,28,18,12,7,0,60,1,0,0.061,3.4
NYA/NYA201505260,"Tuesday, May 26, 2015",7:09 p.m. Local,Yankee Stadium III,33414,2:31,Night,Home,New York Yankees,NYY,Kansas City Royals,KCR,32,1,4,1,1.0,0,9,32,0.125,0.125,0.219,0.344,143,90,-0.326,0.46,0.093,,-3.4,24,4,8.0,1,52,20,18,10,13,5,0,51,0,0,-0.174,-1.1,31,5,7,5,4.5,3,8,35,0.226,0.286,0.355,0.641,128,91,0.174,0.57,0.426,,1.1,27,7,9.0,1,51,16,24,7,17,7,0,70,0,0,0.325,3.4
NYA/NYA201505270,"Wednesday, May 27, 2015",1:09 p.m. Local,Yankee Stadium III,32734,2:42,Day,Home,New York Yankees,NYY,Kansas City Royals,KCR,35,2,8,1,1.0,2,11,37,0.229,0.27,0.343,0.613,136,97,-0.308,0.59,0.422,,-2.4,24,5,8.0,2,51,15,31,10,14,8,0,47,0,0,-0.192,-0.1,33,4,9,4,4.5,3,9,36,0.273,0.333,0.515,0.848,145,78,0.192,0.96,0.522,,0.1,27,8,9.0,1,44,13,21,8,16,7,0,65,1,0,0.308,2.4
CHN/CHN201505290,"Friday, May 29, 2015",3:06 p.m. Local,Wrigley Field,34273,3:09,Day,Away,Kansas City Royals,KCR,Chicago Cubs,CHC,37,8,11,6,5.0,3,8,40,0.297,0.35,0.595,0.945,150,96,0.586,1.07,1.043,,3.9,27,9,9.0,2,52,21,23,17,12,6,0,53,0,0,-0.085,0.1,35,4,8,4,4.0,2,15,37,0.229,0.27,0.457,0.727,148,101,0.084,0.74,0.812,,-0.1,27,17,9.0,3,48,30,23,9,11,7,0,50,4,2,-0.585,-3.9
CHN/CHN201505310,"Sunday, May 31, 2015",1:21 p.m. Local,Wrigley Field,37766,3:39,Day,Home,Chicago Cubs,CHC,Kansas City Royals,KCR,37,1,4,1,0.82,5,11,42,0.108,0.214,0.135,0.349,167,127,-0.682,1.85,0.454,,-4.0,31,13,10.1,0,71,21,35,12,14,5,0,70,2,1,0.183,1.5,36,2,7,2,1.74,5,10,41,0.194,0.293,0.278,0.57,192,101,-0.182,1.35,0.99,,-1.5,33,11,11.0,0,63,15,23,11,15,8,0,63,5,1,0.684,4.0
KCA/KCA201506020,"Tuesday, June 2, 2015",7:10 p.m. Local,Kauffman Stadium,30361,3:16,Night,Away,Cleveland Indians,CLE,Kansas City Royals,KCR,33,2,6,2,2.0,3,4,36,0.182,0.25,0.333,0.583,134,109,-0.165,1.35,0.668,,-2.6,27,9,9.0,0,65,11,33,9,20,5,0,69,0,0,0.666,3.6,32,1,5,1,1.0,2,12,34,0.156,0.206,0.188,0.393,175,95,-0.664,1.3,0.328,,-3.6,27,5,9.0,1,59,16,20,10,10,3,0,61,1,0,0.166,2.6
KCA/KCA201506030,"Wednesday, June 3, 2015",7:10 p.m. Local,Kauffman Stadium,29899,2:33,Night,Home,Kansas City Royals,KCR,Cleveland Indians,CLE,35,2,10,2,2.0,0,4,35,0.286,0.286,0.343,0.629,110,82,-0.333,0.74,0.605,,-2.6,24,8,8.0,0,49,12,21,13,18,6,0,56,,,-0.166,0.1,31,4,9,4,4.5,1,9,32,0.29,0.313,0.419,0.732,127,78,0.166,1.24,0.496,,-0.1,27,9,9.0,0,44,18,16,8,14,5,0,51,0,0,0.334,2.6
KCA/KCA201506040,"Thursday, June 4, 2015",7:10 p.m. Local,Kauffman Stadium,29552,2:38,Night,Away,Cleveland Indians,CLE,Kansas City Royals,KCR,33,6,10,6,6.75,3,6,37,0.303,0.361,0.485,0.846,120,93,0.292,0.91,0.671,,1.9,22,5,7.1,1,57,13,23,16,12,4,0,59,3,0,0.182,1.8,26,2,4,2,2.45,5,6,31,0.154,0.29,0.269,0.56,145,73,-0.182,0.72,0.378,,-1.8,24,8,8.0,1,44,11,18,6,14,3,0,29,0,0,-0.292,-1.9
KCA/KCA201506050,"Friday, June 5, 2015",7:12 p.m. Local,Kauffman Stadium,38159,2:40,Night,Away,Texas Rangers,TEX,Kansas City Royals,KCR,34,4,7,4,4.0,3,10,38,0.206,0.27,0.353,0.623,116,87,0.074,0.71,0.53,,-0.6,27,12,9.0,0,45,18,24,15,10,5,0,81,,,0.426,4.6,28,0,3,0,0.0,2,2,30,0.107,0.167,0.107,0.274,140,74,-0.427,0.75,0.086,,-4.6,27,11,9.0,1,48,9,17,13,13,4,0,43,1,0,-0.074,0.6
KCA/KCA201506060,"Saturday, June 6, 2015",1:10 p.m. Local,Kauffman Stadium,37924,2:50,Day,Away,Texas Rangers,TEX,Kansas City Royals,KCR,34,4,11,4,4.0,4,9,41,0.324,0.4,0.382,0.782,135,99,0.152,0.86,0.475,,-0.6,27,14,9.0,1,54,19,26,12,15,5,0,65,2,0,0.348,2.6,37,2,9,2,2.0,0,5,37,0.243,0.243,0.378,0.622,170,91,-0.348,0.58,0.321,,-2.6,27,9,9.0,0,52,11,28,16,16,6,0,32,1,0,-0.154,0.6
KCA/KCA201506070,"Sunday, June 7, 2015",1:12 p.m. Local,Kauffman Stadium,38202,2:31,Day,Home,Kansas City Royals,KCR,Texas Rangers,TEX,32,3,6,3,3.0,2,7,34,0.188,0.235,0.25,0.485,113,94,-0.283,0.94,0.52,,-1.6,24,4,8.0,1,60,16,18,9,16,7,0,53,0,0,-0.218,0.1,31,4,9,4,4.5,1,6,35,0.29,0.314,0.516,0.83,136,74,0.218,1.27,0.759,,-0.1,27,8,9.0,0,44,10,20,7,20,8,0,62,2,2,0.283,1.6
MIN/MIN201506080,"Monday, June 8, 2015",7:11 p.m. Local,Target Field,22796,2:36,Night,Away,Kansas City Royals,KCR,Minnesota Twins,MIN,34,3,8,3,3.0,2,5,36,0.235,0.278,0.353,0.631,117,86,0.008,1.31,0.453,,-1.4,27,13,9.0,1,57,7,22,14,15,6,0,64,0,0,0.489,3.4,32,1,8,1,1.0,1,6,34,0.25,0.294,0.375,0.669,128,81,-0.489,0.66,0.524,,-3.4,27,11,9.0,1,43,13,25,12,14,7,0,55,3,1,-0.01,1.4
MIN/MIN201506090,"Tuesday, June 9, 2015",7:11 p.m. Local,Target Field,22497,2:50,Night,Away,Kansas City Royals,KCR,Minnesota Twins,MIN,34,2,9,2,2.0,4,6,38,0.265,0.342,0.382,0.724,118,91,-0.224,1.33,0.581,,-2.4,27,10,9.0,0,49,13,29,12,16,7,0,70,2,0,0.722,4.4,27,0,1,0,0.0,4,5,31,0.037,0.161,0.111,0.272,156,72,-0.723,0.95,0.278,,-4.4,27,10,9.0,1,41,10,21,7,15,3,0,56,2,0,0.223,2.4
MIN/MIN201506100,"Wednesday, June 10, 2015",7:10 p.m. Local,Target Field,28434,2:56,Night,Away,Kansas City Royals,KCR,Minnesota Twins,MIN,36,7,8,6,4.0,2,7,38,0.222,0.263,0.306,0.569,146,104,0.305,0.73,0.556,,2.6,27,11,9.0,1,66,9,29,15,14,7,0,64,0,0,0.194,2.4,33,2,7,2,2.0,3,8,36,0.212,0.278,0.303,0.581,161,92,-0.195,0.47,0.323,,-2.4,27,10,9.0,1,51,11,30,14,11,4,0,48,0,0,-0.306,-2.6
SLN/SLN201506120,"Friday, June 12, 2015",7:15 p.m. Local,Busch Stadium III,45909,2:38,Night,Home,St. Louis Cardinals,STL,Kansas City Royals,KCR,32,0,5,0,0.0,0,6,32,0.156,0.156,0.156,0.313,140,84,-0.473,0.52,0.131,,-4.2,24,9,8.0,0,54,9,21,17,9,3,0,44,3,0,-0.028,-0.2,31,4,8,4,4.5,4,7,36,0.258,0.333,0.419,0.753,114,84,0.028,0.83,0.358,,0.3,27,13,9.0,0,51,14,19,13,12,8,0,80,0,0,0.472,4.2
SLN/SLN201506130,"Saturday, June 13, 2015",3:12 p.m. Local,Busch Stadium III,45981,2:46,Day,Home,St. Louis Cardinals,STL,Kansas City Royals,KCR,33,2,5,2,2.0,2,10,36,0.152,0.2,0.364,0.564,139,99,-0.462,1.04,0.627,,-2.2,24,8,8.0,1,53,15,31,13,11,4,0,38,0,0,-0.04,0.7,32,3,10,3,3.38,2,7,35,0.312,0.353,0.469,0.822,139,91,0.038,1.52,0.637,,-0.7,27,6,9.0,2,59,11,21,14,12,7,0,58,2,0,0.461,2.2
MIL/MIL201506150,"Monday, June 15, 2015",7:10 p.m. Local,Miller Park,23007,3:19,Night,Away,Kansas City Royals,KCR,Milwaukee Brewers,MIL,37,8,13,7,8.0,3,3,42,0.351,0.405,0.486,0.891,152,96,0.332,0.93,0.559,,3.8,27,8,9.0,0,57,16,23,14,21,11,0,47,2,0,0.168,-0.8,36,5,11,5,5.0,4,7,41,0.306,0.39,0.417,0.807,169,96,-0.169,0.44,0.588,,0.8,27,10,9.0,1,55,18,23,11,18,10,0,37,0,0,-0.331,-3.8
MIL/MIL201506160,"Tuesday, June 16, 2015",7:11 p.m. Local,Miller Park,27740,2:51,Night,Away,Kansas City Royals,KCR,Milwaukee Brewers,MIL,43,7,17,7,7.0,0,3,43,0.395,0.395,0.605,1.0,125,98,0.242,0.51,0.525,,2.8,27,10,9.0,1,68,5,25,18,22,13,0,70,0,0,0.26,2.2,34,2,9,2,2.0,0,4,35,0.265,0.265,0.382,0.647,147,87,-0.26,0.45,0.101,,-2.2,27,13,9.0,2,51,12,24,11,20,12,0,27,1,0,-0.241,-2.8
KCA/KCA201506170,"Wednesday, June 17, 2015",7:09 p.m. Local,Kauffman Stadium,33420,3:05,Night,Home,Kansas City Royals,KCR,Milwaukee Brewers,MIL,32,2,6,2,2.0,1,6,33,0.188,0.212,0.344,0.556,150,90,-0.203,0.71,0.252,,-2.6,24,8,8.0,0,56,11,23,18,8,3,0,26,1,0,-0.296,-5.9,33,10,12,10,11.25,5,3,40,0.364,0.425,0.515,0.94,134,101,0.297,0.63,0.608,,5.9,27,14,9.0,0,69,10,22,13,19,8,0,57,0,0,0.202,2.6
KCA/KCA201506180,"Thursday, June 18, 2015",7:11 p.m. Local,Kauffman Stadium,36318,2:38,Night,Home,Kansas City Royals,KCR,Milwaukee Brewers,MIL,35,2,8,2,2.0,1,7,37,0.229,0.243,0.257,0.5,124,74,-0.52,0.72,0.753,,-2.6,24,9,8.0,0,45,8,21,13,16,11,0,31,0,0,0.021,1.1,32,3,13,3,3.38,2,4,35,0.406,0.429,0.469,0.897,109,74,-0.021,1.83,0.459,,-1.1,27,8,9.0,0,41,10,25,12,17,12,0,54,0,0,0.52,2.6
KCA/KCA201506190,"Friday, June 19, 2015",7:10 p.m. Local,Kauffman Stadium,38190,2:57,Night,Away,Boston Red Sox,BOS,Kansas City Royals,KCR,38,7,16,7,7.0,3,2,41,0.421,0.463,0.579,1.042,162,91,0.319,0.38,0.541,,2.4,27,15,9.0,1,58,4,29,18,18,8,0,61,2,0,0.183,1.6,36,3,10,3,3.0,2,6,39,0.278,0.333,0.472,0.806,136,95,-0.185,0.37,0.148,,-1.6,27,15,9.0,1,55,11,29,15,15,8,0,21,1,0,-0.317,-2.4
KCA/KCA201506200,"Saturday, June 20, 2015",6:11 p.m. Local,Kauffman Stadium,39115,3:09,Night,Home,Kansas City Royals,KCR,Boston Red Sox,BOS,36,4,10,4,4.0,3,5,40,0.278,0.333,0.472,0.806,127,102,0.004,1.05,0.669,,-0.6,24,14,8.0,2,58,17,27,17,15,7,0,27,1,1,-0.504,-2.9,31,7,11,6,7.88,3,3,37,0.355,0.432,0.581,1.013,150,69,0.505,0.96,1.098,,2.9,27,14,9.0,1,44,7,19,12,17,4,0,34,2,0,-0.003,0.6
KCA/KCA201506210,"Sunday, June 21, 2015",1:13 p.m. Local,Kauffman Stadium,37975,2:58,Day,Away,Boston Red Sox,BOS,Kansas City Royals,KCR,42,13,16,13,13.0,4,5,46,0.381,0.435,0.881,1.316,147,105,0.264,0.63,0.555,,8.4,27,9,9.0,0,71,12,22,7,30,13,0,61,0,0,0.238,2.6,35,2,9,2,2.0,4,5,39,0.257,0.333,0.314,0.648,169,92,-0.238,0.39,0.231,,-2.6,27,7,9.0,3,60,17,15,13,17,10,0,21,2,0,-0.263,-8.4
SEA/SEA201506220,"Monday, June 22, 2015",7:10 p.m. Local,Safeco Field,23588,2:34,Night,Away,Kansas City Royals,KCR,Seattle Mariners,SEA,33,4,10,4,4.0,2,6,35,0.303,0.343,0.364,0.706,126,91,0.133,0.83,0.606,,-0.2,27,6,9.0,1,55,17,19,10,17,9,0,71,1,0,0.367,3.2,29,1,2,1,1.0,1,13,30,0.069,0.1,0.207,0.307,140,82,-0.367,0.68,0.225,,-3.2,27,10,9.0,0,33,20,29,5,11,4,0,44,1,0,-0.133,0.2
SEA/SEA201506230,"Tuesday, June 23, 2015",7:10 p.m. Local,Safeco Field,17460,2:23,Night,Home,Seattle Mariners,SEA,Kansas City Royals,KCR,32,0,5,0,0.0,0,10,33,0.156,0.182,0.156,0.338,150,77,-0.275,0.71,0.267,,-4.2,24,7,8.0,2,43,13,21,13,9,4,0,26,0,0,-0.226,-3.3,34,7,10,7,7.88,5,6,39,0.294,0.385,0.529,0.914,105,90,0.224,0.75,0.6,,3.3,27,10,9.0,0,53,9,28,8,20,13,0,87,,,0.275,4.2
SEA/SEA201506240,"Wednesday, June 24, 2015",7:10 p.m. Local,Safeco Field,23392,2:47,Night,Away,Kansas City Royals,KCR,Seattle Mariners,SEA,37,8,13,8,8.0,1,4,39,0.351,0.385,0.541,0.925,144,89,0.321,0.54,0.538,,3.8,27,8,9.0,0,53,11,25,12,21,13,0,46,2,1,0.179,2.2,35,2,9,1,1.0,0,6,36,0.257,0.25,0.257,0.507,132,98,-0.178,0.43,0.187,,-2.2,27,10,9.0,1,57,12,29,9,21,10,0,24,1,1,-0.32,-3.8
OAK/OAK201506260,"Friday, June 26, 2015",7:08 p.m. Local,O.co Coliseum,27365,2:51,Night,Away,Kansas City Royals,KCR,Oakland Athletics,OAK,36,5,11,4,3.0,4,7,40,0.306,0.375,0.5,0.875,142,93,0.218,0.7,0.581,,0.8,27,10,9.0,0,50,19,24,15,14,7,0,69,1,0,0.282,2.2,31,2,4,2,2.0,1,5,33,0.129,0.182,0.194,0.375,147,89,-0.281,0.56,0.205,,-2.2,27,12,9.0,2,45,10,34,13,13,7,0,42,2,0,-0.219,-0.8
OAK/OAK201506270,"Saturday, June 27, 2015",1:07 p.m. Local,O.co Coliseum,28619,2:49,Day,Away,Kansas City Royals,KCR,Oakland Athletics,OAK,34,3,8,3,3.0,2,7,37,0.235,0.27,0.294,0.564,142,87,-0.005,1.59,0.732,,-1.2,27,13,9.0,0,51,12,24,14,14,6,0,61,0,0,0.506,2.2,30,2,4,0,1.0,4,7,34,0.133,0.235,0.233,0.469,129,90,-0.506,1.21,0.736,,-2.2,27,7,9.0,0,47,12,31,12,11,5,0,56,2,0,0.006,1.2
OAK/OAK201506280,"Sunday, June 28, 2015",1:07 p.m. Local,O.co Coliseum,22477,2:58,Day,Away,Kansas City Royals,KCR,Oakland Athletics,OAK,36,5,8,5,5.0,2,7,39,0.222,0.256,0.333,0.59,156,98,0.245,1.27,0.815,,0.7,27,8,9.0,0,58,14,26,10,20,7,0,56,0,0,0.257,1.2,36,3,11,3,3.0,1,10,39,0.306,0.308,0.389,0.697,166,97,-0.256,1.12,0.681,,-1.2,27,4,9.0,1,56,11,30,10,18,13,0,47,2,0,-0.243,-0.8
HOU/HOU201506290,"Monday, June 29, 2015",7:12 p.m. Local,Minute Maid Park,20419,2:57,Night,Home,Houston Astros,HOU,Kansas City Royals,KCR,31,1,5,1,1.0,4,6,35,0.161,0.257,0.29,0.547,171,81,-0.22,0.51,0.162,,-3.2,24,6,8.0,2,47,9,25,11,14,9,0,26,2,0,-0.28,-2.2,29,6,7,6,6.75,7,8,37,0.241,0.378,0.483,0.861,132,103,0.279,0.55,0.454,,2.2,27,10,9.0,1,61,18,24,8,14,4,0,69,1,0,0.22,3.2
HOU/HOU201506300,"Tuesday, June 30, 2015",7:11 p.m. Local,Minute Maid Park,24642,2:14,Night,Home,Houston Astros,HOU,Kansas City Royals,KCR,34,0,8,0,0.0,0,8,34,0.235,0.235,0.324,0.559,111,83,-0.34,0.5,0.158,,-4.2,24,9,8.0,1,53,9,21,17,9,5,0,50,0,0,-0.161,-0.2,29,4,6,3,4.5,2,6,31,0.207,0.258,0.414,0.672,122,77,0.16,0.65,0.447,,0.2,27,12,9.0,0,44,13,20,10,13,3,0,75,0,0,0.339,4.2
HOU/HOU201507010,"Wednesday, July 1, 2015",7:11 p.m. Local,Minute Maid Park,25848,3:21,Night,Home,Houston Astros,HOU,Kansas City Royals,KCR,33,5,7,5,5.0,1,8,35,0.212,0.257,0.424,0.681,147,85,0.031,1.24,0.821,,0.8,24,9,8.0,2,51,14,20,9,16,5,0,38,3,0,-0.53,-2.2,34,6,10,6,6.75,2,12,38,0.294,0.368,0.5,0.868,128,100,0.53,1.17,1.105,,2.2,27,10,9.0,1,51,22,27,11,11,5,0,53,1,1,-0.03,-0.8
KCA/KCA201507020,"Thursday, July 2, 2015",7:10 p.m. Local,Kauffman Stadium,37196,2:54,Night,Away,Minnesota Twins,MIN,Kansas City Royals,KCR,32,2,10,2,2.0,1,6,36,0.312,0.333,0.531,0.865,125,94,-0.222,1.65,0.605,,-2.6,27,12,9.0,0,62,14,18,16,13,5,0,77,0,0,0.722,4.6,30,0,4,0,0.0,4,8,34,0.133,0.235,0.133,0.369,147,78,-0.721,1.08,0.376,,-4.6,27,17,9.0,0,36,14,28,16,6,2,0,53,2,0,0.222,2.6
KCA/KCA201507030,"Friday, July 3, 2015",7:11 p.m. Local,Kauffman Stadium,38868,3:14,Night,Home,Kansas City Royals,KCR,Minnesota Twins,MIN,35,2,5,2,1.8,1,7,37,0.143,0.162,0.2,0.362,153,104,-0.454,2.07,0.397,,-3.1,28,12,9.1,0,65,9,30,8,21,8,0,61,3,0,-0.045,1.5,36,3,10,3,2.89,3,6,41,0.278,0.333,0.333,0.667,148,92,0.047,1.14,1.456,,-1.5,30,7,10.0,0,59,10,23,14,18,9,0,63,1,0,0.454,3.1
KCA/KCA201507040,"Saturday, July 4, 2015",6:16 p.m. Local,Kauffman Stadium,37917,3:25,Night,Away,Minnesota Twins,MIN,Kansas City Royals,KCR,37,5,13,5,5.0,1,9,39,0.351,0.359,0.568,0.927,141,93,0.173,1.37,0.621,,0.4,27,14,9.0,0,56,15,22,14,15,8,0,36,3,1,0.327,1.6,34,3,9,3,3.0,4,6,38,0.265,0.342,0.294,0.636,139,90,-0.324,0.74,0.607,,-1.6,27,12,9.0,1,55,9,26,16,12,7,0,37,2,1,-0.174,-0.4
KCA/KCA201507050,"Sunday, July 5, 2015",1:14 p.m. Local,Kauffman Stadium,29427,2:20,Day,Home,Kansas City Royals,KCR,Minnesota Twins,MIN,30,2,7,2,2.0,3,2,34,0.233,0.303,0.433,0.736,101,70,-0.441,1.3,0.573,,-2.6,24,7,8.0,1,49,7,15,12,17,8,0,73,1,1,-0.058,0.4,26,3,4,3,3.38,4,8,31,0.154,0.267,0.308,0.574,109,61,0.056,1.42,0.731,,-0.4,27,14,9.0,1,33,12,16,10,9,1,0,53,1,0,0.443,2.6
KCA/KCA201507071,"Tuesday, July 7, 2015",1:10 p.m. Local,Kauffman Stadium,22386,3:10,Day,Home,Kansas City Royals,KCR,Tampa Bay Rays,TBR,36,5,9,4,5.0,3,10,40,0.25,0.3,0.528,0.828,145,92,0.11,1.63,1.402,,0.4,25,13,8.1,2,49,17,26,6,21,8,0,28,3,1,-0.608,-4.7,37,9,15,9,9.72,4,1,43,0.405,0.488,0.595,1.083,140,87,0.608,1.87,1.575,,4.7,27,3,9.0,2,58,8,21,15,21,8,0,50,1,0,-0.11,-0.4
KCA/KCA201507072,"Tuesday, July 7, 2015",7:10 p.m. Local,Kauffman Stadium,28119,3:10,Night,Home,Kansas City Royals,KCR,Tampa Bay Rays,TBR,31,1,5,1,1.0,4,7,35,0.161,0.257,0.323,0.58,143,90,-0.27,0.98,0.342,,-3.6,24,8,8.0,0,49,13,28,12,12,4,0,54,3,1,-0.23,-2.9,35,7,11,7,7.88,4,7,40,0.314,0.4,0.371,0.771,147,88,0.231,0.83,0.802,,2.9,27,11,9.0,1,52,15,21,16,12,4,0,55,1,0,0.27,3.6
KCA/KCA201507080,"Wednesday, July 8, 2015",7:10 p.m. Local,Kauffman Stadium,28204,2:52,Night,Home,Kansas City Royals,KCR,Tampa Bay Rays,TBR,38,7,14,7,6.0,4,5,42,0.368,0.429,0.553,0.981,126,95,0.056,0.8,0.872,,2.4,24,8,8.0,2,58,11,26,13,20,13,0,16,0,0,-0.557,-4.9,36,9,13,9,10.12,2,7,38,0.361,0.395,0.583,0.978,146,83,0.556,1.13,1.03,,4.9,27,12,9.0,2,44,17,22,9,20,11,0,41,4,3,-0.057,-2.4
KCA/KCA201507090,"Thursday, July 9, 2015",1:10 p.m. Local,Kauffman Stadium,32308,2:57,Day,Home,Kansas City Royals,KCR,Tampa Bay Rays,TBR,31,3,6,3,3.0,5,6,38,0.194,0.289,0.258,0.548,149,95,-0.063,0.45,0.411,,-1.6,24,9,8.0,2,54,13,28,12,15,4,0,31,0,0,-0.437,-3.9,35,8,13,8,9.0,0,6,37,0.371,0.378,0.657,1.036,154,100,0.437,0.82,0.613,,3.9,27,11,9.0,0,61,10,29,14,16,5,0,48,0,0,0.064,1.6
KCA/KCA201507100,"Friday, July 10, 2015",9:17 p.m. Local,Kauffman Stadium,31558,2:55,Night,Home,Kansas City Royals,KCR,Toronto Blue Jays,TOR,31,0,6,0,0.0,3,5,35,0.194,0.286,0.258,0.544,131,89,-0.527,0.73,0.357,,-4.6,24,4,8.0,1,50,14,25,11,15,5,0,49,1,0,0.024,1.1,35,3,11,3,3.38,1,3,36,0.314,0.333,0.457,0.79,147,83,-0.026,1.16,0.432,,-1.1,27,10,9.0,0,57,8,18,6,26,11,0,61,0,0,0.525,4.6
KCA/KCA201507110,"Saturday, July 11, 2015",1:12 p.m. Local,Kauffman Stadium,30790,2:42,Day,Away,Toronto Blue Jays,TOR,Kansas City Royals,KCR,38,6,11,6,6.0,5,7,43,0.289,0.372,0.474,0.846,110,111,0.114,1.15,0.842,,1.4,27,14,9.0,0,59,22,32,19,12,4,0,61,0,0,0.387,2.6,30,2,5,2,2.0,0,4,33,0.167,0.194,0.233,0.427,167,80,-0.388,1.02,0.309,,-2.6,27,13,9.0,2,49,8,23,17,11,7,0,52,3,1,-0.112,-1.4
KCA/KCA201507120,"Sunday, July 12, 2015",1:12 p.m. Local,Kauffman Stadium,31962,3:23,Day,Home,Kansas City Royals,KCR,Toronto Blue Jays,TOR,38,10,12,10,2.0,4,5,42,0.316,0.381,0.474,0.855,133,104,0.475,0.77,1.528,,5.4,24,13,8.0,2,60,14,30,18,15,6,0,25,1,1,-0.974,-6.9,37,11,15,10,9.0,0,3,39,0.405,0.421,0.622,1.043,175,86,0.976,1.27,1.194,,6.9,27,13,9.0,0,53,10,23,18,17,9,0,47,3,2,-0.475,-5.4
CHA/CHA201507171,"Friday, July 17, 2015",1:11 p.m. Local,U.S. Cellular Field,25807,2:44,Day,Away,Kansas City Royals,KCR,Chicago White Sox,CHW,31,4,7,3,4.0,4,4,35,0.226,0.314,0.484,0.798,137,84,0.196,1.35,0.762,,-0.2,27,13,9.0,2,51,14,19,11,16,8,0,53,0,0,0.303,2.2,31,2,7,2,2.0,5,6,36,0.226,0.333,0.452,0.785,134,83,-0.305,0.86,0.787,,-2.2,27,13,9.0,2,47,10,26,13,12,3,0,47,0,0,-0.198,0.2
CHA/CHA201507172,"Friday, July 17, 2015",7:11 p.m. Local,U.S. Cellular Field,25701,3:08,Night,Home,Chicago White Sox,CHW,Kansas City Royals,KCR,30,0,4,0,0.0,4,7,34,0.133,0.235,0.133,0.369,135,88,-0.563,0.82,0.333,,-4.2,24,15,8.0,0,48,10,30,9,14,5,0,50,1,0,0.063,1.7,30,2,9,1,2.25,3,5,34,0.3,0.364,0.4,0.764,132,84,-0.061,1.26,0.471,,-1.7,27,11,9.0,0,54,10,20,18,8,6,0,64,2,0,0.563,4.2
CHA/CHA201507180,"Saturday, July 18, 2015",1:33 p.m. Local,U.S. Cellular Field,33559,4:56,Day,Away,Kansas City Royals,KCR,Chicago White Sox,CHW,52,7,17,7,4.85,6,8,61,0.327,0.41,0.481,0.891,220,143,0.429,1.77,1.781,,0.9,39,14,13.0,1,88,20,35,22,23,15,0,39,0,0,0.073,0.1,51,6,14,6,4.15,4,12,57,0.275,0.333,0.392,0.725,235,137,-0.071,1.31,1.737,,-0.1,39,16,13.0,1,79,23,35,19,21,15,0,35,5,2,-0.428,-0.9
CHA/CHA201507190,"Sunday, July 19, 2015",1:10 p.m. Local,U.S. Cellular Field,32175,2:45,Day,Away,Kansas City Royals,KCR,Chicago White Sox,CHW,36,4,13,4,4.0,1,7,37,0.361,0.378,0.556,0.934,125,94,0.061,1.1,0.625,,-0.2,27,17,9.0,1,55,13,26,13,16,8,0,69,0,0,0.439,3.2,30,1,6,1,1.0,1,6,32,0.2,0.226,0.333,0.559,133,83,-0.44,0.76,0.346,,-3.2,27,11,9.0,2,51,11,21,17,8,6,0,40,2,0,-0.061,0.2
KCA/KCA201507200,"Monday, July 20, 2015",7:10 p.m. Local,Kauffman Stadium,38169,3:31,Night,Away,Pittsburgh Pirates,PIT,Kansas City Royals,KCR,44,10,17,9,10.0,1,13,45,0.386,0.4,0.614,1.014,140,114,0.577,1.11,1.043,,5.4,27,15,9.0,2,70,22,22,17,14,10,0,27,1,1,-0.076,-2.4,37,7,14,6,7.0,2,4,42,0.378,0.452,0.649,1.101,170,92,0.076,0.75,0.942,,2.4,27,11,9.0,1,60,7,25,20,13,9,0,24,3,3,-0.576,-5.4
KCA/KCA201507210,"Tuesday, July 21, 2015",7:10 p.m. Local,Kauffman Stadium,38163,3:02,Night,Home,Kansas City Royals,KCR,Pittsburgh Pirates,PIT,34,1,8,1,1.0,3,12,37,0.235,0.297,0.294,0.591,120,96,-0.586,1.04,0.487,,-3.6,24,11,8.0,0,55,19,22,13,9,7,0,64,1,1,0.086,1.1,29,3,6,3,2.25,0,6,30,0.207,0.233,0.276,0.509,150,71,-0.087,1.44,0.536,,-1.1,27,12,9.0,0,39,14,18,11,12,8,0,53,4,0,0.587,3.6
KCA/KCA201507220,"Wednesday, July 22, 2015",7:10 p.m. Local,Kauffman Stadium,39105,2:39,Night,Home,Kansas City Royals,KCR,Pittsburgh Pirates,PIT,33,1,8,1,1.0,1,10,35,0.242,0.257,0.273,0.53,119,82,-0.354,1.02,0.353,,-3.6,24,13,8.0,2,40,18,24,13,11,8,0,43,0,0,-0.145,-0.9,32,5,9,5,5.62,1,7,35,0.281,0.343,0.594,0.937,112,78,0.145,1.02,0.761,,0.9,27,11,9.0,0,40,12,26,13,12,10,0,66,2,0,0.354,3.6
SLN/SLN201507230,"Thursday, July 23, 2015",6:15 p.m. Local,Busch Stadium III,46003,2:56,Night,Home,St. Louis Cardinals,STL,Kansas City Royals,KCR,35,3,10,3,3.0,3,6,38,0.286,0.342,0.4,0.742,143,96,-0.309,0.68,1.098,,-1.2,24,6,8.0,2,60,8,28,19,10,8,0,33,0,0,-0.191,-0.2,30,4,7,4,4.5,4,4,34,0.233,0.324,0.467,0.79,149,80,0.192,1.82,0.612,,0.3,27,15,9.0,0,44,10,26,8,18,7,0,60,1,0,0.309,1.2
KCA/KCA201507240,"Friday, July 24, 2015",7:11 p.m. Local,Kauffman Stadium,36965,2:38,Night,Away,Houston Astros,HOU,Kansas City Royals,KCR,36,4,11,4,4.0,2,5,38,0.306,0.342,0.444,0.787,120,83,0.146,0.8,0.532,,-0.6,27,6,9.0,0,55,12,16,12,19,11,0,73,2,0,0.355,4.6,30,0,4,0,0.0,2,5,32,0.133,0.188,0.133,0.321,132,79,-0.356,0.64,0.188,,-4.6,27,10,9.0,1,43,14,22,8,17,6,0,40,0,0,-0.145,0.6
KCA/KCA201507250,"Saturday, July 25, 2015",6:12 p.m. Local,Kauffman Stadium,38393,3:03,Night,Home,Kansas City Royals,KCR,Houston Astros,HOU,32,1,5,1,0.9,1,6,34,0.156,0.176,0.188,0.364,131,97,-0.618,1.9,0.41,,-4.1,29,12,9.2,0,62,16,19,9,18,8,0,68,2,0,0.116,2.8,34,2,7,2,1.86,2,3,37,0.206,0.243,0.294,0.537,142,88,-0.117,1.35,0.997,,-2.8,30,7,10.0,0,63,5,20,16,16,7,0,64,0,0,0.618,4.1
KCA/KCA201507260,"Sunday, July 26, 2015",1:12 p.m. Local,Kauffman Stadium,33638,2:38,Day,Home,Kansas City Royals,KCR,Houston Astros,HOU,33,1,6,1,1.0,0,5,34,0.182,0.206,0.303,0.509,127,75,-0.231,0.51,0.229,,-3.6,24,10,8.0,1,49,12,14,10,18,6,0,39,0,0,-0.269,-0.9,33,5,11,5,5.62,0,8,33,0.333,0.333,0.455,0.788,115,82,0.27,0.66,0.522,,0.9,27,9,9.0,0,58,9,15,14,11,7,0,66,0,0,0.232,3.6
CLE/CLE201507270,"Monday, July 27, 2015",7:10 p.m. Local,Progressive Field,13611,2:59,Night,Away,Kansas City Royals,KCR,Cleveland Indians,CLE,37,9,11,9,9.0,3,3,42,0.297,0.357,0.568,0.925,146,86,0.33,0.79,0.515,,4.3,27,8,9.0,2,59,11,16,18,17,9,0,47,2,2,0.17,0.7,34,4,9,4,4.0,5,6,39,0.265,0.359,0.441,0.8,130,94,-0.17,0.37,0.428,,-0.7,27,13,9.0,2,57,12,25,7,21,8,0,25,3,1,-0.33,-4.3
CLE/CLE201507280,"Tuesday, July 28, 2015",7:11 p.m. Local,Progressive Field,18064,2:40,Night,Away,Kansas City Royals,KCR,Cleveland Indians,CLE,30,2,5,2,2.0,1,6,32,0.167,0.219,0.4,0.619,136,78,-0.122,1.47,0.859,,-2.7,27,11,9.0,0,51,10,17,10,14,11,0,52,2,0,0.623,3.7,32,1,8,0,1.0,4,7,36,0.25,0.333,0.281,0.615,112,82,-0.623,1.25,0.603,,-3.7,27,11,9.0,1,48,11,23,10,15,8,0,74,,,0.123,2.7
CLE/CLE201507290,"Wednesday, July 29, 2015",12:10 p.m. Local,Progressive Field,19767,2:55,Day,Home,Cleveland Indians,CLE,Kansas City Royals,KCR,32,1,5,1,1.0,1,6,33,0.156,0.182,0.219,0.401,166,77,-0.345,0.6,0.154,,-3.7,24,9,8.0,4,50,9,18,15,11,5,0,20,0,0,-0.154,-7.8,41,12,18,12,12.38,2,7,47,0.439,0.489,0.805,1.294,112,111,0.154,0.64,0.567,,7.8,27,11,9.0,0,75,12,24,9,26,12,0,78,,,0.345,3.7
TOR/TOR201507300,"Thursday, July 30, 2015",7:09 p.m. Local,Rogers Centre,30057,2:33,Night,Home,Toronto Blue Jays,TOR,Kansas City Royals,KCR,32,2,5,2,2.0,0,6,33,0.156,0.182,0.188,0.369,136,86,-0.225,0.61,0.262,,-2.5,24,7,8.0,3,60,10,16,10,16,9,0,40,0,0,-0.276,-1.0,28,5,7,5,5.62,6,6,36,0.25,0.389,0.607,0.996,129,82,0.277,0.7,0.622,,1.0,27,5,9.0,0,45,9,28,6,17,5,0,58,1,0,0.224,2.5
TOR/TOR201507310,"Friday, July 31, 2015",7:08 p.m. Local,Rogers Centre,29389,3:23,Night,Home,Toronto Blue Jays,TOR,Kansas City Royals,KCR,39,6,10,5,3.27,1,4,41,0.256,0.268,0.308,0.576,178,95,-0.156,1.86,0.72,,0.5,31,15,10.1,0,62,13,23,20,16,6,0,51,2,1,-0.344,-2.0,43,7,15,5,6.1,3,9,47,0.349,0.391,0.419,0.81,136,110,0.344,1.08,1.694,,2.0,33,15,11.0,0,59,16,35,15,20,11,0,39,2,2,0.158,-0.5
TOR/TOR201508010,"Saturday, August 1, 2015",1:08 p.m. Local,Rogers Centre,37932,2:30,Day,Away,Kansas City Royals,KCR,Toronto Blue Jays,TOR,34,7,9,7,6.0,0,4,37,0.265,0.297,0.5,0.797,140,83,0.471,1.48,1.166,,2.5,27,17,9.0,3,55,7,21,12,19,3,0,45,0,0,0.029,-1.5,35,6,8,6,6.0,3,2,38,0.229,0.289,0.486,0.775,128,90,-0.03,1.08,0.937,,1.5,27,10,9.0,2,57,10,23,17,16,8,0,56,0,0,-0.47,-2.5
TOR/TOR201508020,"Sunday, August 2, 2015",1:08 p.m. Local,Rogers Centre,45736,3:02,Day,Home,Toronto Blue Jays,TOR,Kansas City Royals,KCR,30,2,4,2,2.0,2,7,33,0.133,0.212,0.233,0.445,157,86,-0.38,0.82,0.267,,-2.5,24,7,8.0,1,58,9,19,8,15,7,0,57,3,1,-0.12,-1.0,28,5,7,5,5.62,6,7,38,0.25,0.405,0.393,0.798,131,95,0.12,0.91,0.606,,1.0,27,5,9.0,1,51,14,30,10,13,5,0,77,1,1,0.381,2.5
DET/DET201508040,"Tuesday, August 4, 2015",7:09 p.m. Local,Comerica Park,35039,2:41,Night,Away,Kansas City Royals,KCR,Detroit Tigers,DET,37,5,12,5,5.0,0,5,39,0.324,0.316,0.459,0.775,124,90,0.183,0.91,0.523,,0.7,27,11,9.0,0,57,13,20,12,22,6,0,61,0,0,0.318,3.3,30,1,5,1,1.0,4,2,34,0.167,0.265,0.233,0.498,132,79,-0.318,0.58,0.363,,-3.3,27,5,9.0,1,49,12,18,9,19,8,0,42,0,0,-0.182,-0.7
DET/DET201508050,"Wednesday, August 5, 2015",7:08 p.m. Local,Comerica Park,34628,2:38,Night,Home,Detroit Tigers,DET,Kansas City Royals,KCR,35,1,9,1,1.0,0,4,35,0.257,0.257,0.343,0.6,114,91,-0.601,0.87,0.537,,-3.3,24,11,8.0,0,61,11,19,8,23,5,0,59,0,0,0.1,1.9,28,2,5,2,2.25,2,2,31,0.179,0.233,0.357,0.59,136,77,-0.1,1.51,0.392,,-1.9,27,5,9.0,0,53,4,20,13,14,6,0,61,0,0,0.6,3.3
DET/DET201508060,"Thursday, August 6, 2015",1:08 p.m. Local,Comerica Park,38919,3:26,Day,Home,Detroit Tigers,DET,Kansas City Royals,KCR,34,6,8,6,6.0,8,8,42,0.235,0.381,0.353,0.734,168,99,0.084,1.24,1.17,,1.7,24,12,8.0,3,53,22,24,8,18,12,0,27,2,0,-0.584,-4.1,35,8,12,8,9.0,4,8,39,0.343,0.41,0.629,1.039,163,106,0.587,1.59,1.385,,4.1,27,8,9.0,1,66,18,22,14,13,8,0,48,1,1,-0.083,-1.7
KCA/KCA201508070,"Friday, August 7, 2015",7:09 p.m. Local,Kauffman Stadium,36211,3:00,Night,Home,Kansas City Royals,KCR,Chicago White Sox,CHW,33,2,7,2,2.0,3,6,36,0.212,0.278,0.394,0.672,129,96,-0.417,0.82,0.765,,-2.6,24,7,8.0,0,56,17,23,8,19,5,0,53,0,0,-0.084,1.1,29,3,6,3,3.38,4,8,33,0.207,0.303,0.345,0.648,144,81,0.084,1.54,0.57,,-1.1,27,6,9.0,1,50,12,19,8,13,4,0,66,2,0,0.417,2.6
KCA/KCA201508080,"Saturday, August 8, 2015",6:10 p.m. Local,Kauffman Stadium,39302,2:45,Night,Home,Kansas City Royals,KCR,Chicago White Sox,CHW,35,6,11,5,6.0,3,4,39,0.314,0.368,0.543,0.911,122,83,-0.203,0.93,0.747,,1.4,24,15,8.0,0,56,7,23,18,14,6,0,23,2,1,-0.298,-2.9,31,7,8,7,7.88,2,1,35,0.258,0.314,0.387,0.701,132,80,0.299,1.3,0.663,,2.9,27,16,9.0,2,52,7,21,18,13,5,0,25,2,2,0.202,-1.4
KCA/KCA201508090,"Sunday, August 9, 2015",1:13 p.m. Local,Kauffman Stadium,35785,3:01,Day,Home,Kansas City Royals,KCR,Chicago White Sox,CHW,32,4,6,4,4.0,2,8,35,0.188,0.257,0.219,0.476,134,94,-0.178,1.09,0.883,,-0.6,24,11,8.0,1,58,12,24,10,14,5,0,44,2,0,-0.323,-0.9,32,5,10,5,5.62,4,4,37,0.312,0.389,0.5,0.889,147,87,0.323,1.49,0.917,,0.9,27,10,9.0,0,57,10,20,15,14,6,0,41,2,0,0.178,0.6
KCA/KCA201508100,"Monday, August 10, 2015",7:10 p.m. Local,Kauffman Stadium,36672,2:43,Night,Home,Kansas City Royals,KCR,Detroit Tigers,DET,31,0,4,0,0.0,0,8,31,0.129,0.129,0.161,0.29,146,86,-0.361,0.47,0.098,,-4.6,24,10,8.0,0,51,14,21,7,16,5,0,43,3,1,-0.137,0.1,33,4,12,4,4.5,2,7,35,0.364,0.4,0.455,0.855,116,92,0.138,0.65,0.42,,-0.1,27,4,9.0,0,57,10,25,11,15,5,0,87,,,0.362,4.6
KCA/KCA201508110,"Tuesday, August 11, 2015",7:11 p.m. Local,Kauffman Stadium,34068,3:01,Night,Home,Kansas City Royals,KCR,Detroit Tigers,DET,29,1,4,1,1.0,7,11,37,0.138,0.297,0.207,0.504,152,87,-0.364,0.4,0.384,,-3.6,24,11,8.0,3,42,22,23,9,10,4,0,37,0,0,-0.135,-1.9,33,6,9,6,5.62,2,8,35,0.273,0.314,0.606,0.92,139,91,0.136,1.03,0.414,,1.9,27,10,9.0,0,44,18,29,12,13,6,0,70,2,0,0.364,3.6
KCA/KCA201508120,"Wednesday, August 12, 2015",7:10 p.m. Local,Kauffman Stadium,30732,3:09,Night,Away,Detroit Tigers,DET,Kansas City Royals,KCR,38,7,12,7,6.0,2,7,41,0.316,0.341,0.395,0.736,141,90,0.546,0.99,1.219,,2.4,27,11,9.0,0,54,14,22,20,12,6,0,46,1,0,-0.046,0.6,31,4,6,3,3.0,4,3,37,0.194,0.297,0.355,0.652,130,80,0.047,1.22,0.684,,-0.6,27,12,9.0,0,42,11,27,12,17,6,0,42,2,2,-0.547,-2.4
KCA/KCA201508130,"Thursday, August 13, 2015",7:10 p.m. Local,Kauffman Stadium,32098,3:45,Night,Away,Los Angeles Angels of Anaheim,LAA,Kansas City Royals,KCR,36,7,9,7,6.0,5,6,42,0.25,0.341,0.361,0.703,164,109,0.552,1.22,1.293,,2.4,27,7,9.0,1,63,11,35,12,19,9,0,46,1,0,-0.051,-1.4,38,6,12,6,6.0,4,6,43,0.316,0.372,0.474,0.846,183,101,0.052,1.3,0.921,,1.4,27,8,9.0,0,56,14,31,13,20,11,0,63,2,0,-0.551,-2.4
KCA/KCA201508140,"Friday, August 14, 2015",7:09 p.m. Local,Kauffman Stadium,36926,3:00,Night,Home,Kansas City Royals,KCR,Los Angeles Angels of Anaheim,LAA,33,1,7,1,1.0,2,6,38,0.212,0.316,0.333,0.649,138,92,-0.381,1.0,0.479,,-3.6,24,7,8.0,1,49,11,32,11,16,5,0,55,3,1,-0.12,0.1,31,4,6,3,3.38,4,3,37,0.194,0.324,0.323,0.647,142,79,0.121,1.12,0.716,,-0.1,27,12,9.0,0,39,9,31,12,16,2,0,60,0,0,0.381,3.6
KCA/KCA201508150,"Saturday, August 15, 2015",6:10 p.m. Local,Kauffman Stadium,39251,2:55,Night,Home,Kansas City Royals,KCR,Los Angeles Angels of Anaheim,LAA,35,4,11,3,2.0,0,6,36,0.314,0.333,0.543,0.876,153,89,-0.065,0.46,0.257,,-0.6,24,10,8.0,1,52,8,29,9,20,9,0,14,3,0,-0.434,-4.9,37,9,14,9,10.12,5,5,43,0.378,0.452,0.649,1.101,131,92,0.436,0.42,0.604,,4.9,27,8,9.0,2,57,10,25,17,16,11,0,66,0,0,0.065,0.6
KCA/KCA201508160,"Sunday, August 16, 2015",7:08 p.m. Local,Kauffman Stadium,36845,3:12,Night,Home,Kansas City Royals,KCR,Los Angeles Angels of Anaheim,LAA,36,3,6,2,2.7,1,8,37,0.167,0.189,0.417,0.606,151,97,-0.133,1.93,0.714,,-2.1,29,9,9.2,0,53,16,28,13,15,3,0,65,0,0,-0.367,0.6,33,4,5,4,3.72,7,6,41,0.152,0.293,0.182,0.475,148,86,0.368,1.08,1.286,,-0.6,30,14,10.0,2,46,7,33,12,16,5,0,65,0,0,0.134,2.1
CIN/CIN201508180,"Tuesday, August 18, 2015",7:10 p.m. Local,Great American Ball Park,28719,4:39,Night,Away,Kansas City Royals,KCR,Cincinnati Reds,CIN,46,3,12,2,1.38,3,8,51,0.261,0.32,0.348,0.668,220,136,-0.324,1.27,1.477,,-3.0,39,8,13.0,1,80,20,37,23,16,10,0,64,0,0,0.825,5.0,43,1,5,1,0.69,6,16,49,0.116,0.224,0.186,0.411,219,138,-0.826,1.71,0.449,,-5.0,39,26,13.0,1,80,23,35,13,14,6,0,73,2,0,0.325,3.0
CIN/CIN201508190,"Wednesday, August 19, 2015",8:47 p.m. Local,Great American Ball Park,18078,3:38,Night,Away,Kansas City Royals,KCR,Cincinnati Reds,CIN,37,4,11,4,4.0,4,7,41,0.297,0.366,0.351,0.717,180,110,0.02,1.96,0.66,,-0.2,27,6,9.0,2,71,15,24,19,11,7,0,38,3,0,0.482,1.2,34,3,9,3,3.0,5,10,39,0.265,0.359,0.471,0.83,178,111,-0.481,1.02,1.062,,-1.2,27,11,9.0,0,64,24,23,7,17,7,0,26,2,0,-0.018,0.2
BOS/BOS201508200,"Thursday, August 20, 2015",7:10 p.m. Local,Fenway Park,35458,2:49,Night,Home,Boston Red Sox,BOS,Kansas City Royals,KCR,33,1,6,1,1.0,1,8,34,0.182,0.206,0.273,0.479,146,97,-0.362,0.79,0.27,,-3.7,24,10,8.0,0,56,16,25,14,11,7,0,38,0,0,-0.139,0.2,33,4,10,4,4.5,2,5,35,0.303,0.343,0.394,0.737,142,97,0.14,0.88,0.512,,-0.2,27,12,9.0,1,58,9,30,14,14,10,0,68,3,0,0.361,3.7
BOS/BOS201508210,"Friday, August 21, 2015",7:10 p.m. Local,Fenway Park,35203,2:31,Night,Home,Boston Red Sox,BOS,Kansas City Royals,KCR,30,2,4,1,1.0,1,5,31,0.133,0.161,0.267,0.428,131,74,-0.187,0.51,0.24,,-2.7,24,10,8.0,1,44,12,18,9,16,5,0,23,0,0,-0.315,-2.8,38,7,14,5,6.75,0,6,38,0.368,0.368,0.632,1.0,120,89,0.315,0.63,0.619,,2.8,27,9,9.0,1,52,13,24,13,19,11,0,71,0,0,0.186,2.7
BOS/BOS201508220,"Saturday, August 22, 2015",7:10 p.m. Local,Fenway Park,37135,3:29,Night,Away,Kansas City Royals,KCR,Boston Red Sox,BOS,38,6,12,6,5.0,2,3,41,0.316,0.366,0.421,0.787,181,110,0.16,0.96,0.54,,1.3,27,10,9.0,1,76,8,26,16,19,12,0,61,2,1,0.339,1.7,36,3,9,3,3.0,4,8,41,0.25,0.341,0.389,0.73,169,114,-0.339,0.57,0.438,,-1.7,27,11,9.0,1,66,20,28,10,18,9,0,33,0,0,-0.161,-1.3
BOS/BOS201508230,"Sunday, August 23, 2015",1:35 p.m. Local,Fenway Park,36151,3:40,Day,Away,Kansas City Royals,KCR,Boston Red Sox,BOS,37,8,14,7,6.0,1,2,42,0.378,0.4,0.622,1.022,139,113,0.819,1.13,1.661,,3.3,27,11,9.0,0,79,12,22,22,16,6,0,39,1,1,-0.319,-1.3,33,6,10,5,5.0,1,7,38,0.303,0.333,0.424,0.758,169,95,0.321,1.75,1.002,,1.3,27,16,9.0,1,56,9,30,11,18,7,0,47,2,0,-0.82,-3.3
KCA/KCA201508240,"Monday, August 24, 2015",7:11 p.m. Local,Kauffman Stadium,27797,2:18,Night,Home,Kansas City Royals,KCR,Baltimore Orioles,BAL,30,3,5,3,3.0,0,8,30,0.167,0.167,0.333,0.5,119,74,0.026,0.85,0.314,,-1.6,24,14,8.0,1,44,12,18,9,13,3,0,23,1,1,-0.527,-3.9,37,8,13,7,9.0,2,5,39,0.351,0.385,0.595,0.979,99,79,0.528,0.54,0.981,,3.9,27,11,9.0,1,42,8,29,20,12,6,0,56,0,0,-0.027,1.6
KCA/KCA201508250,"Tuesday, August 25, 2015",7:10 p.m. Local,Kauffman Stadium,29734,2:57,Night,Home,Kansas City Royals,KCR,Baltimore Orioles,BAL,34,2,7,2,2.0,2,9,37,0.206,0.27,0.235,0.506,147,91,-0.559,0.82,0.489,,-2.6,24,11,8.0,1,54,18,19,11,14,8,0,37,2,0,0.059,1.1,28,3,6,3,3.38,6,3,34,0.214,0.353,0.357,0.71,135,88,-0.058,1.43,0.463,,-1.1,27,8,9.0,0,55,8,25,14,11,6,0,54,3,0,0.56,2.6
KCA/KCA201508260,"Wednesday, August 26, 2015",7:10 p.m. Local,Kauffman Stadium,33003,2:47,Night,Away,Baltimore Orioles,BAL,Kansas City Royals,KCR,38,8,13,8,8.0,1,11,39,0.342,0.359,0.763,1.122,134,99,0.401,1.03,0.901,,3.4,27,14,9.0,1,60,23,16,8,19,12,0,45,2,1,0.099,-0.4,34,5,11,5,5.0,3,6,38,0.324,0.378,0.471,0.849,148,89,-0.098,0.66,0.625,,0.4,27,7,9.0,5,51,12,26,14,15,11,0,34,0,0,-0.402,-3.4
KCA/KCA201508270,"Thursday, August 27, 2015",2:45 p.m. Local,Kauffman Stadium,31155,2:46,Day,Home,Kansas City Royals,KCR,Baltimore Orioles,BAL,34,3,6,3,3.0,4,14,38,0.176,0.263,0.324,0.587,123,94,-0.363,0.69,0.32,,-1.6,24,17,8.0,1,38,23,33,9,11,3,0,38,0,0,-0.138,-0.9,34,5,12,5,5.62,1,1,36,0.353,0.361,0.618,0.979,147,81,0.137,0.91,0.556,,0.9,27,6,9.0,1,49,7,25,19,15,8,0,75,0,0,0.362,1.6
TBA/TBA201508280,"Friday, August 28, 2015",7:11 p.m. Local,Tropicana Field,13622,3:01,Night,Away,Kansas City Royals,KCR,Tampa Bay Rays,TBR,33,3,7,3,2.0,4,8,37,0.212,0.297,0.333,0.631,130,102,-0.076,1.48,0.615,,-1.2,27,8,9.0,0,57,17,28,12,13,3,0,59,1,0,0.577,2.2,33,2,7,1,1.0,2,8,36,0.212,0.278,0.242,0.52,152,86,-0.575,0.97,0.549,,-2.2,27,7,9.0,1,47,16,23,8,17,8,0,42,1,0,0.076,1.2
TBA/TBA201508290,"Saturday, August 29, 2015",6:10 p.m. Local,Tropicana Field,24372,3:20,Night,Away,Kansas City Royals,KCR,Tampa Bay Rays,TBR,41,6,11,6,5.0,3,8,44,0.268,0.318,0.341,0.66,119,118,0.363,1.22,1.084,,1.8,27,7,9.0,1,75,16,27,14,19,11,0,51,1,0,0.136,1.2,31,3,5,3,3.0,3,11,36,0.161,0.278,0.29,0.568,189,76,-0.136,1.12,0.676,,-1.2,27,6,9.0,0,41,15,20,12,8,5,0,37,4,0,-0.364,-1.8
TBA/TBA201508300,"Sunday, August 30, 2015",1:10 p.m. Local,Tropicana Field,18634,2:57,Day,Home,Tampa Bay Rays,TBR,Kansas City Royals,KCR,33,2,7,2,2.0,2,7,35,0.212,0.257,0.212,0.469,139,90,-0.463,0.99,0.79,,-2.2,24,6,8.0,2,53,15,22,13,13,4,0,49,0,0,-0.037,0.7,32,3,9,3,3.38,2,9,34,0.281,0.324,0.469,0.792,137,99,0.037,1.64,0.657,,-0.7,27,9,9.0,0,54,21,24,8,15,5,0,51,0,0,0.463,2.2
KCA/KCA201509010,"Tuesday, September 1, 2015",7:11 p.m. Local,Kauffman Stadium,30665,3:12,Night,Away,Detroit Tigers,DET,Kansas City Royals,KCR,37,6,11,6,6.0,1,3,39,0.297,0.333,0.432,0.766,145,96,0.183,1.75,0.63,,1.4,27,11,9.0,1,67,11,18,13,21,8,0,51,4,1,0.317,-0.4,36,5,10,5,3.0,2,7,39,0.278,0.308,0.389,0.697,153,90,-0.319,0.72,0.939,,0.4,27,11,9.0,1,57,7,26,16,14,4,0,40,0,0,-0.183,-1.4
KCA/KCA201509020,"Wednesday, September 2, 2015",7:11 p.m. Local,Kauffman Stadium,26789,2:47,Night,Home,Kansas City Royals,KCR,Detroit Tigers,DET,31,1,5,1,1.0,1,12,33,0.161,0.212,0.258,0.47,136,83,-0.186,0.34,0.116,,-3.6,24,12,8.0,4,41,16,26,13,6,4,0,12,3,2,-0.315,-7.9,35,12,14,12,13.5,5,6,41,0.4,0.488,0.914,1.402,125,79,0.316,0.37,0.483,,7.9,27,13,9.0,0,50,7,22,13,16,9,0,73,0,0,0.185,3.6
KCA/KCA201509030,"Thursday, September 3, 2015",7:10 p.m. Local,Kauffman Stadium,29409,3:58,Night,Home,Kansas City Royals,KCR,Detroit Tigers,DET,41,7,14,7,7.0,3,10,44,0.341,0.386,0.537,0.923,178,115,0.248,0.9,1.089,,2.4,24,15,8.0,2,68,18,29,13,18,8,0,13,4,3,-0.75,-10.9,41,15,20,15,16.88,5,3,47,0.488,0.532,0.683,1.215,174,107,0.75,1.07,1.182,,10.9,27,7,9.0,1,65,9,33,20,19,13,0,21,0,0,-0.25,-2.4
KCA/KCA201509040,"Friday, September 4, 2015",7:10 p.m. Local,Kauffman Stadium,36953,2:40,Night,Away,Chicago White Sox,CHW,Kansas City Royals,KCR,42,12,17,12,12.0,1,6,44,0.405,0.432,0.667,1.098,121,106,0.306,0.36,0.563,,7.4,27,11,9.0,0,72,10,24,23,13,4,0,73,,,0.194,3.6,31,1,7,1,1.0,1,5,33,0.226,0.242,0.258,0.5,151,82,-0.194,0.41,0.072,,-3.6,27,15,9.0,3,47,9,26,15,12,6,0,21,1,0,-0.307,-7.4
KCA/KCA201509050,"Saturday, September 5, 2015",6:10 p.m. Local,Kauffman Stadium,37827,2:52,Night,Away,Chicago White Sox,CHW,Kansas City Royals,KCR,36,6,11,6,6.0,3,9,39,0.306,0.359,0.5,0.859,132,90,0.134,1.03,0.513,,1.4,27,16,9.0,0,50,12,28,13,14,4,0,68,3,1,0.368,3.6,36,1,10,1,1.0,0,6,36,0.278,0.278,0.417,0.694,141,80,-0.37,0.56,0.471,,-3.6,27,10,9.0,2,46,10,24,19,11,6,0,52,0,0,-0.133,-1.4
KCA/KCA201509060,"Sunday, September 6, 2015",1:12 p.m. Local,Kauffman Stadium,38902,3:01,Day,Away,Chicago White Sox,CHW,Kansas City Royals,KCR,36,7,12,7,7.0,4,7,42,0.333,0.381,0.472,0.853,132,117,0.314,1.07,0.702,,2.4,27,7,9.0,3,75,18,24,14,17,7,0,53,2,2,0.185,-0.4,33,5,7,5,5.0,0,6,35,0.212,0.229,0.515,0.744,179,89,-0.187,0.69,0.505,,0.4,27,7,9.0,1,53,11,25,9,19,7,0,27,0,0,-0.314,-2.4
KCA/KCA201509070,"Monday, September 7, 2015",7:11 p.m. Local,Kauffman Stadium,36825,3:02,Night,Away,Minnesota Twins,MIN,Kansas City Royals,KCR,36,6,10,5,6.0,7,11,44,0.278,0.386,0.417,0.803,131,104,0.215,0.76,0.849,,1.4,27,18,9.0,0,56,21,27,15,11,6,0,60,0,0,0.284,2.6,32,2,9,2,2.0,1,6,34,0.281,0.294,0.313,0.607,171,87,-0.283,0.92,0.25,,-2.6,27,12,9.0,1,46,11,30,19,8,4,0,39,2,1,-0.215,-1.4
KCA/KCA201509080,"Tuesday, September 8, 2015",7:10 p.m. Local,Kauffman Stadium,31834,2:29,Night,Home,Kansas City Royals,KCR,Minnesota Twins,MIN,31,2,6,2,2.0,0,4,32,0.194,0.219,0.226,0.445,101,80,-0.392,0.55,0.329,,-2.6,24,10,8.0,0,46,8,26,15,12,4,0,56,,,-0.108,0.1,29,4,6,4,4.5,2,4,31,0.207,0.258,0.31,0.568,118,70,0.107,0.95,0.376,,-0.1,27,13,9.0,0,45,10,15,15,10,3,0,60,0,0,0.393,2.6
KCA/KCA201509090,"Wednesday, September 9, 2015",7:10 p.m. Local,Kauffman Stadium,32286,4:03,Night,Away,Minnesota Twins,MIN,Kansas City Royals,KCR,42,3,9,3,2.25,5,6,47,0.214,0.298,0.357,0.655,185,106,-0.265,2.0,1.041,,-3.1,36,11,12.0,1,67,14,25,21,15,5,0,54,4,0,0.766,4.1,41,2,8,2,1.5,2,6,46,0.195,0.261,0.317,0.578,179,113,-0.765,1.32,1.141,,-4.1,36,17,12.0,2,72,12,29,14,22,9,0,58,0,0,0.267,3.1
BAL/BAL201509110,"Friday, September 11, 2015",7:08 p.m. Local,Oriole Park at Camden Yards,45420,3:59,Night,Home,Baltimore Orioles,BAL,Kansas City Royals,KCR,37,8,10,8,7.0,4,5,43,0.27,0.349,0.595,0.943,207,99,0.345,1.58,0.757,,3.5,24,8,8.0,4,59,14,26,11,22,13,0,58,6,3,-0.845,-10.0,37,14,12,14,14.62,7,11,45,0.324,0.444,0.73,1.174,164,135,0.845,0.69,1.768,,10.0,27,9,9.0,3,89,22,24,10,16,11,0,43,5,1,-0.345,-3.5
BAL/BAL201509120,"Saturday, September 12, 2015",4:07 p.m. Local,Oriole Park at Camden Yards,35439,3:40,Day,Away,Kansas City Royals,KCR,Baltimore Orioles,BAL,40,14,14,14,14.0,5,5,45,0.35,0.422,0.575,0.997,183,114,0.65,0.92,1.102,,9.5,27,13,9.0,2,76,9,29,17,18,10,0,39,5,0,-0.15,-1.5,35,6,11,6,6.0,6,10,45,0.314,0.444,0.514,0.959,183,104,0.15,0.83,0.716,,1.5,27,11,9.0,2,59,25,20,14,12,9,0,45,4,4,-0.649,-9.5
BAL/BAL201509130,"Sunday, September 13, 2015",8:09 p.m. Local,Oriole Park at Camden Yards,22496,2:37,Night,Home,Baltimore Orioles,BAL,Kansas City Royals,KCR,33,2,7,2,2.0,0,5,33,0.212,0.212,0.333,0.545,142,90,-0.146,0.39,0.279,,-2.5,24,11,8.0,4,55,12,23,11,17,13,0,23,5,1,-0.356,-4.0,35,8,12,8,7.88,3,5,38,0.343,0.395,0.743,1.138,135,86,0.355,0.57,0.577,,4.0,27,10,9.0,0,55,13,18,11,19,9,0,59,0,0,0.146,2.5
CLE/CLE201509140,"Monday, September 14, 2015",7:10 p.m. Local,Progressive Field,10356,3:21,Night,Home,Cleveland Indians,CLE,Kansas City Royals,KCR,36,3,10,2,1.0,3,13,39,0.278,0.333,0.361,0.694,162,96,-0.157,0.75,0.514,,-1.7,24,7,8.0,2,47,24,25,13,10,4,0,38,0,0,-0.343,-3.8,34,8,12,8,9.0,5,7,40,0.353,0.425,0.706,1.131,146,100,0.342,0.94,0.753,,3.8,27,9,9.0,1,59,18,24,7,21,12,0,65,3,2,0.157,1.7
CLE/CLE201509150,"Tuesday, September 15, 2015",7:10 p.m. Local,Progressive Field,10516,2:34,Night,Away,Kansas City Royals,KCR,Cleveland Indians,CLE,30,2,4,2,2.0,0,6,31,0.133,0.161,0.267,0.428,135,75,-0.148,1.69,0.288,,-2.7,27,10,9.0,0,48,9,18,14,10,3,0,62,2,0,0.646,4.7,33,0,6,0,0.0,3,4,36,0.182,0.25,0.212,0.462,110,79,-0.646,0.63,0.551,,-4.7,27,13,9.0,1,48,12,19,16,13,4,0,77,,,0.147,2.7
CLE/CLE201509160,"Wednesday, September 16, 2015",7:10 p.m. Local,Progressive Field,11103,2:47,Night,Home,Cleveland Indians,CLE,Kansas City Royals,KCR,32,1,5,1,1.0,3,11,35,0.156,0.229,0.313,0.541,158,85,-0.261,0.4,0.169,,-3.7,24,7,8.0,1,50,16,19,8,13,5,0,30,2,0,-0.238,-0.8,31,5,9,5,5.62,5,9,37,0.29,0.389,0.419,0.808,132,98,0.237,0.58,0.438,,0.8,27,8,9.0,1,50,18,30,15,8,2,0,69,0,0,0.263,3.7
CLE/CLE201509170,"Thursday, September 17, 2015",7:10 p.m. Local,Progressive Field,13125,3:20,Night,Away,Kansas City Royals,KCR,Cleveland Indians,CLE,39,8,13,8,7.0,2,10,43,0.333,0.366,0.538,0.904,148,91,0.372,1.21,0.839,,3.3,27,6,9.0,0,56,16,19,14,17,12,0,43,3,1,0.13,0.7,39,4,11,3,2.0,2,7,43,0.282,0.326,0.308,0.633,148,96,-0.127,0.75,0.689,,-0.7,27,8,9.0,1,66,10,20,15,18,11,0,47,4,2,-0.371,-3.3
DET/DET201509180,"Friday, September 18, 2015",7:31 p.m. Local,Comerica Park,32926,4:09,Night,Home,Detroit Tigers,DET,Kansas City Royals,KCR,41,4,8,4,3.0,2,8,45,0.195,0.25,0.293,0.543,201,101,-0.067,1.99,1.12,,-1.8,35,9,11.2,0,66,12,24,16,18,7,0,56,1,1,-0.432,0.0,44,5,13,5,3.09,6,9,52,0.295,0.365,0.341,0.706,159,118,0.434,1.59,1.939,,-0.0,36,14,12.0,1,71,26,21,12,25,13,0,72,1,1,0.067,1.8
DET/DET201509190,"Saturday, September 19, 2015",7:09 p.m. Local,Comerica Park,36007,4:06,Night,Home,Detroit Tigers,DET,Kansas City Royals,KCR,40,5,9,4,4.09,4,10,44,0.225,0.295,0.475,0.77,182,113,0.005,1.79,1.358,,-0.3,30,10,10.0,2,73,8,32,11,19,8,0,48,0,0,-0.503,-1.2,37,6,11,6,5.4,7,10,47,0.297,0.426,0.541,0.966,185,103,0.504,1.54,2.074,,1.2,33,12,11.0,3,59,20,24,10,17,11,1,63,3,1,-0.003,0.3
DET/DET201509200,"Sunday, September 20, 2015",1:08 p.m. Local,Comerica Park,32788,3:23,Day,Away,Kansas City Royals,KCR,Detroit Tigers,DET,41,10,19,9,10.0,5,7,48,0.463,0.511,0.902,1.413,159,112,0.458,0.7,0.758,,5.7,27,8,9.0,0,73,17,22,11,25,13,0,50,0,0,0.041,1.3,35,3,7,3,0.0,3,8,38,0.2,0.263,0.2,0.463,182,102,-0.043,0.47,0.411,,-1.3,27,13,9.0,4,60,22,20,13,14,3,0,5,1,1,-0.459,-5.7
KCA/KCA201509220,"Tuesday, September 22, 2015",7:10 p.m. Local,Kauffman Stadium,29081,2:50,Night,Away,Seattle Mariners,SEA,Kansas City Royals,KCR,38,11,13,11,10.0,5,6,44,0.342,0.432,0.816,1.248,132,104,0.387,0.24,0.487,,6.4,27,6,9.0,0,67,6,31,14,18,10,0,80,0,0,0.113,2.6,35,2,7,1,1.0,1,12,37,0.2,0.243,0.229,0.472,170,89,-0.115,0.21,0.091,,-2.6,27,15,9.0,5,43,16,30,10,13,5,0,7,0,0,-0.387,-6.4
KCA/KCA201509230,"Wednesday, September 23, 2015",7:10 p.m. Local,Kauffman Stadium,28756,3:44,Night,Home,Kansas City Royals,KCR,Seattle Mariners,SEA,38,3,8,3,2.7,2,7,40,0.211,0.25,0.263,0.513,182,103,-0.164,2.47,0.558,,-2.1,28,8,9.1,0,63,16,24,17,14,8,0,58,3,2,-0.335,0.1,36,4,12,4,3.86,7,9,48,0.333,0.447,0.444,0.891,176,106,0.336,1.04,1.774,,-0.1,30,14,10.0,0,58,18,30,13,17,7,0,51,0,0,0.166,2.1
KCA/KCA201509240,"Thursday, September 24, 2015",7:11 p.m. Local,Kauffman Stadium,32244,3:23,Night,Home,Kansas City Royals,KCR,Seattle Mariners,SEA,34,4,8,4,4.0,4,7,38,0.235,0.316,0.412,0.728,182,85,-0.078,0.88,0.642,,-0.6,24,13,8.0,2,45,12,28,12,15,10,0,37,6,1,-0.423,-5.9,38,10,15,9,7.88,5,9,44,0.395,0.477,0.711,1.188,138,109,0.423,1.0,1.005,,5.9,27,6,9.0,1,65,16,28,12,17,10,0,54,0,0,0.079,0.6
KCA/KCA201509250,"Friday, September 25, 2015",7:10 p.m. Local,Kauffman Stadium,37049,2:43,Night,Away,Cleveland Indians,CLE,Kansas City Royals,KCR,35,6,8,6,6.0,6,8,41,0.229,0.341,0.514,0.856,113,96,0.154,0.61,0.413,,1.4,27,11,9.0,0,61,13,22,12,15,5,0,98,,,0.346,4.6,27,0,1,0,0.0,2,15,29,0.037,0.103,0.037,0.14,169,78,-0.346,0.36,0.085,,-4.6,27,7,9.0,3,40,25,13,10,2,1,0,57,2,0,-0.154,-1.4
KCA/KCA201509260,"Saturday, September 26, 2015",6:10 p.m. Local,Kauffman Stadium,38167,3:03,Night,Away,Cleveland Indians,CLE,Kansas City Royals,KCR,36,9,12,8,8.0,2,10,40,0.333,0.359,0.611,0.97,114,102,0.552,0.82,0.931,,4.4,27,10,9.0,1,56,17,31,12,16,9,0,27,1,0,-0.05,-0.4,33,5,7,5,5.0,1,3,36,0.212,0.278,0.424,0.702,172,80,0.051,0.68,0.591,,0.4,27,10,9.0,1,51,6,23,12,18,8,0,22,4,3,-0.551,-4.4
KCA/KCA201509270,"Sunday, September 27, 2015",1:12 p.m. Local,Kauffman Stadium,36339,2:53,Day,Home,Kansas City Royals,KCR,Cleveland Indians,CLE,28,0,2,0,0.0,2,6,30,0.071,0.133,0.107,0.24,141,79,-0.489,0.68,0.206,,-4.6,24,11,8.0,0,45,13,21,5,17,4,0,48,0,0,-0.011,1.1,32,3,9,3,3.38,1,6,33,0.281,0.303,0.313,0.616,123,90,0.012,0.97,0.385,,-1.1,27,7,9.0,0,54,15,21,15,11,5,0,68,0,0,0.49,4.6
CHN/CHN201509280,"Monday, September 28, 2015",7:05 p.m. Local,Wrigley Field,40552,2:49,Night,Home,Chicago Cubs,CHC,Kansas City Royals,KCR,35,0,4,0,0.0,3,14,38,0.114,0.184,0.143,0.327,134,98,-0.913,1.35,0.256,,-5.0,30,9,10.0,1,41,22,35,11,10,4,0,78,0,0,0.411,3.6,33,1,4,1,0.9,1,10,34,0.121,0.147,0.212,0.359,154,84,-0.413,1.28,0.591,,-3.6,33,10,11.0,0,50,14,20,13,10,3,0,75,0,0,0.911,5.0
CHA/CHA201509290,"Tuesday, September 29, 2015",7:10 p.m. Local,U.S. Cellular Field,13024,2:48,Night,Home,Chicago White Sox,CHW,Kansas City Royals,KCR,35,2,9,2,2.0,1,4,36,0.257,0.278,0.429,0.706,155,98,-0.428,0.8,0.48,,-2.2,24,14,8.0,1,64,12,22,9,22,11,0,44,0,0,-0.071,-0.3,32,4,10,4,4.5,3,5,35,0.312,0.371,0.438,0.809,142,98,0.072,1.21,0.617,,0.3,27,7,9.0,2,58,14,26,15,12,8,0,56,1,0,0.428,2.2
CHA/CHA201509300,"Wednesday, September 30, 2015",7:11 p.m. Local,U.S. Cellular Field,12818,3:13,Night,Away,Kansas City Royals,KCR,Chicago White Sox,CHW,39,5,7,5,4.5,2,10,41,0.179,0.22,0.41,0.63,176,98,0.312,1.55,1.149,,0.3,30,11,10.0,1,53,17,28,15,14,8,0,54,0,0,0.188,1.7,42,3,13,3,2.7,2,7,44,0.31,0.341,0.405,0.746,137,113,-0.188,1.09,0.961,,-1.7,30,8,10.0,3,68,16,29,15,20,12,0,71,0,0,-0.312,-0.3
CHA/CHA201510010,"Thursday, October 1, 2015",7:11 p.m. Local,U.S. Cellular Field,12825,3:21,Night,Away,Kansas City Royals,KCR,Chicago White Sox,CHW,37,6,13,6,6.0,4,5,42,0.351,0.405,0.459,0.864,159,81,0.277,1.27,0.732,,1.8,27,10,9.0,0,52,6,23,16,17,11,0,59,3,0,0.222,0.2,33,4,8,3,3.0,4,6,37,0.242,0.324,0.273,0.597,145,92,-0.222,0.75,0.641,,-0.2,27,11,9.0,0,55,16,26,13,14,6,0,20,2,0,-0.277,-1.8
MIN/MIN201510020,"Friday, October 2, 2015",7:10 p.m. Local,Target Field,31534,2:55,Night,Away,Kansas City Royals,KCR,Minnesota Twins,MIN,34,3,7,2,3.0,5,4,40,0.206,0.308,0.324,0.631,127,97,0.004,1.17,0.8,,-1.4,27,11,9.0,0,62,10,25,12,19,5,0,64,1,0,0.496,3.4,31,1,6,1,1.0,2,7,33,0.194,0.242,0.194,0.436,161,83,-0.495,1.18,0.386,,-3.4,27,9,9.0,0,47,12,24,15,9,3,0,61,3,1,-0.004,1.4
MIN/MIN201510030,"Saturday, October 3, 2015",12:06 p.m. Local,Target Field,30181,3:01,Day,Away,Kansas City Royals,KCR,Minnesota Twins,MIN,36,5,9,3,2.0,3,7,40,0.25,0.308,0.417,0.724,128,96,0.233,1.16,0.884,,0.6,27,7,9.0,0,55,11,30,12,18,7,0,73,3,0,0.266,3.4,32,1,6,1,1.0,4,16,36,0.188,0.278,0.219,0.497,157,85,-0.268,0.93,0.505,,-3.4,27,10,9.0,0,36,22,27,6,10,2,0,59,2,1,-0.234,-0.6
MIN/MIN201510040,"Sunday, October 4, 2015",2:12 p.m. Local,Target Field,24108,3:11,Day,Away,Kansas City Royals,KCR,Minnesota Twins,MIN,36,6,10,6,6.0,7,5,44,0.278,0.386,0.417,0.803,174,98,0.264,0.84,0.534,,1.6,27,12,9.0,0,64,16,18,17,15,7,0,51,0,0,0.237,3.4,34,1,7,1,1.0,6,7,40,0.206,0.325,0.206,0.531,166,104,-0.237,0.44,0.39,,-3.4,27,13,9.0,1,61,10,33,13,14,3,0,29,3,0,-0.263,-1.6
