,date,time,venue,attendance,duration,time_of_day,winner,winning_name,winning_abbr,losing_name,losing_abbr,away_at_bats,away_runs,away_hits,away_rbi,away_earned_runs,away_bases_on_balls,away_strikeouts,away_plate_appearances,away_batting_average,away_on_base_percentage,away_slugging_percentage,away_on_base_plus,away_pitches,away_strikes,away_win_probability_for_offensive_player,away_average_leverage_index,away_win_probability_added,away_win_probability_subtracted,away_base_out_runs_added,away_putouts,away_assists,away_innings_pitched,away_home_runs,away_strikes_by_contact,away_strikes_swinging,away_strikes_looking,away_grounded_balls,away_fly_balls,away_line_drives,away_unknown_bat_type,away_game_score,away_inherited_runners,away_inherited_score,away_win_probability_by_pitcher,away_base_out_runs_saved,home_at_bats,home_runs,home_hits,home_rbi,home_earned_runs,home_bases_on_balls,home_strikeouts,home_plate_appearances,home_batting_average,home_on_base_percentage,home_slugging_percentage,home_on_base_plus,home_pitches,home_strikes,home_win_probability_for_offensive_player,home_average_leverage_index,home_win_probability_added,home_win_probability_subtracted,home_base_out_runs_added,home_putouts,home_assists,home_innings_pitched,home_home_runs,home_strikes_by_contact,home_strikes_swinging,home_strikes_looking,home_grounded_balls,home_fly_balls,home_line_drives,home_unknown_bat_type,home_game_score,home_inherited_runners,home_inherited_score,home_win_probability_by_pitcher,home_base_out_runs_saved
LAN/LAN201504060,"Monday, April 6, 2015",1:12 p.m. Local,Dodger Stadium,53518,3:04,Day,Home,Los Angeles Dodgers,LAD,San Diego Padres,SDP,31,3,7,3,3.0,2,12,35,0.226,0.314,0.355,0.669,148,94,-0.034,1.52,0.714,,-1.0,24,9,8.0,2,44,20,30,8,11,5,0,58,3,0,-0.467,-2.5,33,6,9,6,5.62,5,10,39,0.273,0.385,0.636,1.021,134,93,0.466,1.05,1.404,,2.5,27,10,9.0,0,50,22,21,10,13,5,0,55,0,0,0.034,1.0
LAN/LAN201504070,"Tuesday, April 7, 2015",7:40 p.m. Local,Dodger Stadium,40356,3:31,Night,Away,San Diego Padres,SDP,Los Angeles Dodgers,LAD,40,7,11,6,4.0,2,7,43,0.275,0.31,0.35,0.66,134,115,0.67,1.21,1.341,,3.0,27,11,9.0,1,73,23,19,17,17,6,0,53,0,0,-0.17,1.0,32,3,7,3,3.0,4,9,36,0.219,0.306,0.438,0.743,175,79,0.17,1.28,0.919,,-1.0,27,9,9.0,0,38,21,20,11,12,8,0,67,6,3,-0.67,-3.0
LAN/LAN201504080,"Wednesday, April 8, 2015",7:09 p.m. Local,Dodger Stadium,52204,3:16,Night,Home,Los Angeles Dodgers,LAD,San Diego Padres,SDP,38,4,11,4,4.0,1,13,39,0.289,0.308,0.526,0.834,151,99,-0.038,0.68,0.563,,0.0,24,7,8.0,3,48,19,32,14,11,5,0,32,2,1,-0.463,-3.5,35,7,12,7,6.75,3,9,38,0.343,0.395,0.686,1.08,142,94,0.462,0.77,0.754,,3.5,27,10,9.0,2,58,15,21,11,15,8,0,41,2,0,0.037,-0.0
ARI/ARI201504100,"Friday, April 10, 2015",6:40 p.m. Local,Chase Field,27404,3:01,Night,Home,Arizona Diamondbacks,ARI,Los Angeles Dodgers,LAD,35,3,8,3,2.7,3,8,39,0.229,0.289,0.343,0.632,148,97,-0.465,1.33,0.696,,-1.9,28,10,9.1,1,62,12,23,18,10,5,0,53,0,0,-0.034,-0.0,35,4,7,4,3.86,3,10,38,0.2,0.263,0.286,0.549,161,101,0.035,1.52,0.84,,0.0,30,16,10.0,1,55,16,30,14,11,2,0,48,0,0,0.465,1.9
ARI/ARI201504110,"Saturday, April 11, 2015",5:10 p.m. Local,Chase Field,37636,2:36,Night,Home,Arizona Diamondbacks,ARI,Los Angeles Dodgers,LAD,28,0,2,0,0.0,4,9,32,0.071,0.188,0.107,0.295,118,91,-0.31,0.72,0.182,,-4.4,24,11,8.0,1,51,16,24,13,6,4,0,33,0,0,-0.191,-2.1,32,6,10,6,5.62,3,7,35,0.312,0.371,0.406,0.778,151,76,0.19,0.62,0.542,,2.1,27,14,9.0,0,41,12,23,15,10,6,0,72,0,0,0.309,4.4
ARI/ARI201504120,"Sunday, April 12, 2015",1:10 p.m. Local,Chase Field,29678,3:27,Day,Away,Los Angeles Dodgers,LAD,Arizona Diamondbacks,ARI,40,7,16,7,7.0,4,4,47,0.4,0.457,0.75,1.207,159,100,0.159,0.7,0.613,,2.6,27,10,9.0,0,61,11,29,19,19,13,0,74,2,1,0.339,0.4,36,4,10,4,4.0,1,11,38,0.278,0.297,0.361,0.658,159,110,-0.34,0.62,0.21,,-0.4,27,15,9.0,3,59,16,35,13,13,12,0,37,0,0,-0.162,-2.6
LAN/LAN201504130,"Monday, April 13, 2015",7:09 p.m. Local,Dodger Stadium,42202,3:04,Night,Home,Los Angeles Dodgers,LAD,Seattle Mariners,SEA,35,5,6,5,4.5,1,15,36,0.171,0.194,0.514,0.709,155,99,-0.186,1.59,0.546,,0.6,29,11,9.2,1,49,22,28,6,14,6,0,45,4,1,-0.314,-2.3,37,6,9,6,5.59,4,7,42,0.243,0.31,0.405,0.715,142,94,0.312,0.94,1.342,,2.3,30,7,10.0,4,55,17,22,14,17,11,0,55,1,0,0.186,-0.6
LAN/LAN201504140,"Tuesday, April 14, 2015",7:10 p.m. Local,Dodger Stadium,43115,3:40,Night,Home,Los Angeles Dodgers,LAD,Seattle Mariners,SEA,36,5,10,5,5.0,4,12,42,0.278,0.366,0.472,0.838,152,110,0.196,1.94,0.706,,1.0,25,11,8.1,2,61,21,28,16,9,4,0,41,2,0,-0.697,-2.9,36,6,12,6,6.48,4,6,40,0.333,0.4,0.556,0.956,170,97,0.696,0.84,2.004,,2.9,27,12,9.0,2,59,13,27,15,15,8,0,33,2,0,-0.196,-1.0
LAN/LAN201504150,"Wednesday, April 15, 2015",7:15 p.m. Local,Dodger Stadium,51287,2:53,Night,Home,Los Angeles Dodgers,LAD,Seattle Mariners,SEA,34,2,9,2,2.0,2,7,36,0.265,0.306,0.382,0.688,133,87,-0.23,0.44,0.344,,-2.0,24,8,8.0,0,46,17,24,15,12,8,0,29,0,0,-0.27,-1.5,31,5,9,5,5.62,7,7,39,0.29,0.436,0.355,0.791,132,78,0.27,0.8,0.499,,1.5,27,10,9.0,1,44,17,17,10,14,8,0,47,3,1,0.23,2.0
LAN/LAN201504170,"Friday, April 17, 2015",7:11 p.m. Local,Dodger Stadium,48950,3:18,Night,Home,Los Angeles Dodgers,LAD,Colorado Rockies,COL,34,3,7,3,1.0,1,16,35,0.206,0.229,0.412,0.64,154,101,-0.067,0.54,0.471,,-1.0,24,7,8.0,1,51,20,30,7,11,7,0,28,2,0,-0.433,-3.5,32,7,10,6,7.88,5,9,38,0.312,0.395,0.531,0.926,148,90,0.433,0.83,0.691,,3.5,27,4,9.0,2,59,13,18,8,16,8,0,63,0,0,0.067,1.0
LAN/LAN201504180,"Saturday, April 18, 2015",6:11 p.m. Local,Dodger Stadium,45912,2:55,Night,Home,Los Angeles Dodgers,LAD,Colorado Rockies,COL,31,3,5,3,3.0,2,5,34,0.161,0.235,0.323,0.558,131,81,-0.155,0.87,0.481,,-1.0,24,8,8.0,0,49,8,24,12,14,7,0,46,0,0,-0.348,-2.5,31,6,9,6,6.75,5,8,37,0.29,0.389,0.419,0.808,134,79,0.349,0.92,0.682,,2.5,27,11,9.0,1,49,16,14,9,15,11,0,54,0,0,0.153,1.0
LAN/LAN201504190,"Sunday, April 19, 2015",1:09 p.m. Local,Dodger Stadium,44666,2:55,Day,Home,Los Angeles Dodgers,LAD,Colorado Rockies,COL,29,0,4,0,0.0,3,9,32,0.138,0.219,0.138,0.357,152,96,-0.318,0.44,0.28,,-4.0,24,6,8.0,3,59,17,20,9,11,4,0,50,1,1,-0.182,-3.5,36,7,14,7,5.62,2,6,39,0.389,0.421,0.833,1.254,137,96,0.182,0.74,0.45,,3.5,27,10,9.0,0,57,12,27,7,24,13,0,70,0,0,0.318,4.0
SFN/SFN201504210,"Tuesday, April 21, 2015",7:15 p.m. Local,AT&T Park,41386,3:09,Night,Home,San Francisco Giants,SFG,Los Angeles Dodgers,LAD,30,2,7,1,2.0,6,6,36,0.233,0.361,0.3,0.661,155,70,-0.32,0.61,0.41,,-2.1,24,10,8.0,1,40,8,22,14,10,4,0,29,3,0,-0.18,-2.3,35,6,13,5,6.75,2,6,37,0.371,0.405,0.543,0.948,134,93,0.181,0.95,0.574,,2.3,27,13,9.0,0,52,11,30,17,12,8,0,60,6,1,0.32,2.1
SFN/SFN201504220,"Wednesday, April 22, 2015",7:15 p.m. Local,AT&T Park,42259,3:16,Night,Home,San Francisco Giants,SFG,Los Angeles Dodgers,LAD,35,2,7,2,2.0,3,10,38,0.2,0.263,0.286,0.549,138,97,-0.307,1.32,0.589,,-2.1,26,5,8.2,0,49,16,32,8,17,7,0,66,4,1,-0.194,0.7,28,3,5,3,3.12,3,11,34,0.179,0.273,0.179,0.451,146,88,0.195,1.26,0.705,,-0.7,27,8,9.0,1,52,12,24,6,13,6,0,57,0,0,0.306,2.1
SFN/SFN201504230,"Thursday, April 23, 2015",12:45 p.m. Local,AT&T Park,41240,3:23,Day,Home,San Francisco Giants,SFG,Los Angeles Dodgers,LAD,34,2,6,2,1.8,2,7,39,0.176,0.263,0.353,0.616,153,88,-0.276,2.13,0.464,,-2.6,28,11,9.1,0,53,9,26,15,13,8,0,58,3,0,-0.226,0.7,37,3,10,3,2.89,5,9,42,0.27,0.357,0.324,0.681,138,84,0.227,1.21,1.756,,-0.7,30,14,10.0,2,44,12,28,15,13,6,0,62,1,0,0.275,2.6
SDN/SDN201504240,"Friday, April 24, 2015",7:12 p.m. Local,Petco Park,43055,3:04,Night,Away,Los Angeles Dodgers,LAD,San Diego Padres,SDP,32,3,8,3,3.0,2,6,36,0.25,0.306,0.375,0.681,133,92,-0.058,1.34,0.464,,-1.0,27,11,9.0,0,53,16,23,15,12,1,0,73,2,0,0.559,4.0,32,0,6,0,0.0,3,9,35,0.188,0.257,0.219,0.476,144,88,-0.559,0.74,0.386,,-4.0,27,12,9.0,1,44,19,25,14,9,4,0,62,1,0,0.058,1.0
SDN/SDN201504250,"Saturday, April 25, 2015",5:41 p.m. Local,Petco Park,44454,3:36,Night,Away,Los Angeles Dodgers,LAD,San Diego Padres,SDP,38,11,13,11,11.0,5,4,45,0.342,0.432,0.763,1.195,164,114,0.613,0.64,0.862,,7.0,27,7,9.0,3,72,14,28,17,18,12,0,34,0,0,-0.112,-4.0,35,8,8,7,8.0,3,10,38,0.229,0.289,0.571,0.861,196,106,0.111,0.48,0.535,,4.0,27,10,9.0,4,63,12,31,8,17,8,0,16,2,0,-0.612,-7.0
SDN/SDN201504260,"Sunday, April 26, 2015",1:11 p.m. Local,Petco Park,43256,2:30,Day,Home,San Diego Padres,SDP,Los Angeles Dodgers,LAD,29,1,5,1,1.0,1,6,31,0.172,0.2,0.276,0.476,118,87,-0.451,0.69,0.301,,-3.0,24,9,8.0,2,52,15,20,9,15,8,0,61,0,0,-0.049,0.5,28,3,5,3,3.38,2,8,30,0.179,0.233,0.464,0.698,132,84,0.048,1.1,0.424,,-0.5,27,10,9.0,1,51,13,20,8,12,4,0,66,0,0,0.451,3.0
LAN/LAN201504270,"Monday, April 27, 2015",7:10 p.m. Local,Dodger Stadium,46704,2:58,Night,Home,Los Angeles Dodgers,LAD,San Francisco Giants,SFG,33,3,7,3,3.0,4,7,37,0.212,0.297,0.273,0.57,136,88,-0.193,0.75,0.503,,-1.0,24,15,8.0,2,50,9,29,15,11,5,0,29,1,0,-0.307,-4.5,33,8,11,7,9.0,5,2,39,0.333,0.421,0.606,1.027,143,89,0.306,1.04,0.806,,4.5,27,12,9.0,0,57,11,21,18,14,8,0,43,2,1,0.195,1.0
LAN/LAN201504280,"Tuesday, April 28, 2015",7:10 p.m. Local,Dodger Stadium,50161,2:50,Night,Away,San Francisco Giants,SFG,Los Angeles Dodgers,LAD,36,2,10,2,2.0,2,8,38,0.278,0.316,0.389,0.705,120,88,-0.165,1.56,0.45,,-2.0,27,11,9.0,0,50,18,20,16,12,4,0,76,0,0,0.664,3.0,32,1,5,1,1.0,1,10,33,0.156,0.182,0.188,0.369,129,80,-0.665,0.89,0.392,,-3.0,27,15,9.0,1,43,14,23,11,11,4,0,63,5,0,0.163,2.0
LAN/LAN201504290,"Wednesday, April 29, 2015",7:10 p.m. Local,Dodger Stadium,53285,2:54,Night,Home,Los Angeles Dodgers,LAD,San Francisco Giants,SFG,35,3,7,3,3.0,2,10,37,0.2,0.243,0.371,0.615,119,97,-0.065,0.3,0.341,,-1.0,24,11,8.0,4,58,16,23,10,15,9,0,26,0,0,-0.435,-3.5,28,7,8,7,7.88,3,4,33,0.286,0.333,0.821,1.155,154,71,0.436,0.62,0.555,,3.5,27,7,9.0,1,45,7,19,8,18,10,0,50,0,0,0.065,1.0
LAN/LAN201505010,"Friday, May 1, 2015",7:11 p.m. Local,Dodger Stadium,50164,2:47,Night,Home,Los Angeles Dodgers,LAD,Arizona Diamondbacks,ARI,32,0,5,0,0.0,1,5,33,0.156,0.182,0.188,0.369,157,80,-0.185,0.38,0.145,,-4.0,24,3,8.0,3,47,10,23,13,14,8,0,44,0,0,-0.315,-4.5,30,8,6,8,9.0,6,12,36,0.2,0.333,0.5,0.833,113,96,0.317,0.48,0.473,,4.5,27,10,9.0,0,50,19,27,4,14,4,0,62,2,0,0.183,4.0
LAN/LAN201505020,"Saturday, May 2, 2015",6:10 p.m. Local,Dodger Stadium,43617,3:14,Night,Home,Los Angeles Dodgers,LAD,Arizona Diamondbacks,ARI,34,4,9,4,4.0,2,5,36,0.265,0.306,0.5,0.806,142,95,-0.038,1.1,0.629,,0.0,24,9,8.0,2,59,9,27,10,19,10,0,49,1,0,-0.464,-2.5,35,6,12,6,6.75,2,9,37,0.343,0.378,0.6,0.978,143,89,0.464,0.97,1.174,,2.5,27,8,9.0,2,49,19,21,11,15,10,0,33,0,0,0.035,-0.0
LAN/LAN201505030,"Sunday, May 3, 2015",1:10 p.m. Local,Dodger Stadium,48136,4:02,Day,Home,Los Angeles Dodgers,LAD,Arizona Diamondbacks,ARI,43,0,9,0,0.0,1,13,44,0.209,0.227,0.233,0.46,191,114,-1.146,1.46,0.508,,-5.7,36,14,12.0,1,66,19,31,21,9,4,0,74,2,0,0.645,4.3,41,1,6,1,0.75,2,15,44,0.146,0.205,0.268,0.473,177,124,-0.646,1.64,0.705,,-4.3,39,19,13.0,0,68,25,31,16,10,6,0,66,2,0,1.145,5.7
MIL/MIL201505040,"Monday, May 4, 2015",6:20 p.m. Local,Miller Park,23374,2:51,Night,Home,Milwaukee Brewers,MIL,Los Angeles Dodgers,LAD,32,3,6,3,3.0,5,11,39,0.188,0.308,0.313,0.62,105,106,-0.113,1.2,0.435,,-1.2,24,15,8.0,1,59,19,28,8,14,8,0,64,1,1,-0.387,-0.3,31,4,7,4,4.5,0,8,31,0.226,0.226,0.516,0.742,177,69,0.388,0.8,1.075,,0.3,27,8,9.0,1,39,16,14,14,9,4,0,48,0,0,0.114,1.2
MIL/MIL201505050,"Tuesday, May 5, 2015",7:11 p.m. Local,Miller Park,23356,3:12,Night,Away,Los Angeles Dodgers,LAD,Milwaukee Brewers,MIL,36,8,9,8,8.0,6,9,42,0.25,0.357,0.556,0.913,119,114,0.303,0.54,0.895,,3.8,27,8,9.0,0,73,19,22,12,15,11,0,78,1,0,0.195,2.2,30,2,3,1,1.0,3,8,33,0.1,0.182,0.133,0.315,184,74,-0.197,0.85,0.196,,-2.2,27,11,9.0,3,40,13,21,7,15,8,0,54,3,1,-0.305,-3.8
MIL/MIL201505060,"Wednesday, May 6, 2015",7:10 p.m. Local,Miller Park,22708,2:47,Night,Home,Milwaukee Brewers,MIL,Los Angeles Dodgers,LAD,33,3,8,2,2.0,0,8,34,0.242,0.242,0.455,0.697,144,81,-0.161,0.32,0.243,,-1.2,24,9,8.0,2,49,10,22,14,12,6,0,26,4,1,-0.337,-2.3,31,6,7,6,6.75,7,8,38,0.226,0.368,0.452,0.82,117,79,0.337,0.56,0.474,,2.3,27,12,9.0,2,45,14,20,9,14,6,0,64,0,0,0.162,1.2
MIL/MIL201505070,"Thursday, May 7, 2015",12:40 p.m. Local,Miller Park,28505,3:16,Day,Away,Los Angeles Dodgers,LAD,Milwaukee Brewers,MIL,38,14,13,14,14.0,10,11,49,0.342,0.49,0.658,1.148,129,105,0.538,0.74,1.022,,9.8,27,9,9.0,1,54,29,22,11,16,8,0,48,0,0,-0.037,0.2,34,4,8,4,4.0,3,9,38,0.235,0.289,0.353,0.642,196,83,0.037,0.76,0.526,,-0.2,27,7,9.0,3,46,16,21,14,12,6,0,40,3,3,-0.537,-9.8
COL/COL201505080,"Friday, May 8, 2015",7:45 p.m. Local,Coors Field,32974,1:41,Night,Away,Los Angeles Dodgers,LAD,Colorado Rockies,COL,17,2,5,2,3.38,4,3,23,0.294,0.435,0.353,0.788,62,44,0.057,1.16,0.402,,0.3,15,11,5.0,0,26,4,16,8,7,3,0,53,,,0.195,1.7,18,1,6,0,0.0,1,1,20,0.333,0.4,0.389,0.789,88,40,-0.197,0.96,0.331,,-1.7,16,8,5.1,0,25,2,13,13,4,1,0,49,,,-0.058,-0.3
COL/COL201505100,"Sunday, May 10, 2015",2:11 p.m. Local,Coors Field,30710,3:36,Day,Away,Los Angeles Dodgers,LAD,Colorado Rockies,COL,32,9,9,9,9.0,10,9,44,0.281,0.442,0.469,0.911,152,106,0.548,1.35,1.282,,4.1,27,12,9.0,0,58,17,31,13,12,7,0,34,3,0,-0.048,-0.1,34,5,9,5,5.0,4,9,39,0.265,0.342,0.294,0.636,181,87,0.047,1.28,0.795,,0.1,27,11,9.0,1,38,20,31,18,8,6,0,30,1,0,-0.546,-4.1
LAN/LAN201505110,"Monday, May 11, 2015",7:11 p.m. Local,Dodger Stadium,44941,3:02,Night,Home,Los Angeles Dodgers,LAD,Miami Marlins,MIA,33,3,9,3,3.0,4,8,37,0.273,0.351,0.455,0.806,155,90,0.342,1.36,1.315,,-1.0,25,13,8.1,1,52,16,23,10,15,12,0,63,0,0,-0.841,-1.3,29,5,7,5,4.32,5,6,35,0.241,0.353,0.414,0.767,141,92,0.842,1.39,1.455,,1.3,27,11,9.0,2,60,13,20,11,13,9,0,64,3,0,-0.342,1.0
LAN/LAN201505120,"Tuesday, May 12, 2015",7:10 p.m. Local,Dodger Stadium,49628,3:03,Night,Home,Los Angeles Dodgers,LAD,Miami Marlins,MIA,29,1,5,1,1.0,4,5,34,0.172,0.273,0.276,0.549,155,84,-0.162,0.78,0.304,,-3.0,24,4,8.0,2,52,13,19,18,7,4,0,21,4,2,-0.339,-7.5,44,11,21,11,12.38,1,8,47,0.477,0.489,0.682,1.171,133,103,0.337,0.63,0.836,,7.5,27,15,9.0,1,71,14,18,15,22,13,0,56,2,0,0.16,3.0
LAN/LAN201505130,"Wednesday, May 13, 2015",4:50 p.m. Local,Dodger Stadium,38316,3:24,Day,Away,Miami Marlins,MIA,Los Angeles Dodgers,LAD,38,5,12,5,5.0,2,8,41,0.316,0.366,0.368,0.734,125,104,0.38,1.17,1.059,,1.0,27,9,9.0,2,58,17,29,18,12,7,0,43,1,0,0.121,-0.0,31,4,6,3,4.0,3,6,34,0.194,0.265,0.484,0.749,164,77,-0.122,1.4,0.674,,0.0,27,13,9.0,0,47,13,17,7,18,8,0,52,8,3,-0.379,-1.0
LAN/LAN201505140,"Thursday, May 14, 2015",7:09 p.m. Local,Dodger Stadium,42650,3:11,Night,Away,Colorado Rockies,COL,Los Angeles Dodgers,LAD,37,5,9,5,5.0,2,14,39,0.243,0.282,0.405,0.687,160,100,0.496,0.83,1.399,,1.0,27,11,9.0,0,46,29,25,14,9,6,0,36,0,0,0.004,-0.0,35,4,9,4,4.0,6,5,41,0.257,0.366,0.4,0.766,146,94,-0.003,1.39,0.61,,0.0,27,7,9.0,2,64,16,14,15,15,7,0,57,2,1,-0.495,-1.0
LAN/LAN201505150,"Friday, May 15, 2015",7:10 p.m. Local,Dodger Stadium,46662,3:34,Night,Home,Los Angeles Dodgers,LAD,Colorado Rockies,COL,36,4,8,4,4.0,4,18,40,0.222,0.3,0.25,0.55,156,106,-0.251,0.56,0.558,,0.0,24,14,8.0,1,47,28,31,9,9,8,0,29,2,0,-0.249,-2.5,33,6,12,5,5.62,5,6,40,0.364,0.462,0.515,0.977,159,97,0.249,1.09,0.562,,2.5,27,5,9.0,0,64,11,22,18,10,9,0,61,5,2,0.252,-0.0
LAN/LAN201505160,"Saturday, May 16, 2015",6:10 p.m. Local,Dodger Stadium,48378,2:54,Night,Away,Colorado Rockies,COL,Los Angeles Dodgers,LAD,37,7,9,6,7.0,1,11,39,0.243,0.282,0.514,0.796,121,97,0.07,0.73,0.443,,3.0,27,15,9.0,0,49,23,25,10,16,9,0,77,1,0,0.43,3.0,30,1,3,1,1.0,1,7,33,0.1,0.182,0.167,0.348,152,79,-0.43,0.52,0.15,,-3.0,27,10,9.0,3,44,15,20,16,7,3,0,65,0,0,-0.071,-3.0
LAN/LAN201505170,"Sunday, May 17, 2015",1:10 p.m. Local,Dodger Stadium,44990,2:40,Day,Home,Los Angeles Dodgers,LAD,Colorado Rockies,COL,29,0,3,0,0.0,2,11,32,0.103,0.188,0.103,0.291,117,84,-0.698,0.87,0.282,,-4.0,24,9,8.0,0,37,19,28,9,9,3,0,63,0,0,0.198,2.5,26,1,3,1,1.12,6,2,32,0.115,0.281,0.115,0.397,125,69,-0.199,1.34,0.312,,-2.5,27,7,9.0,0,42,9,18,12,12,3,0,70,0,0,0.698,4.0
SFN/SFN201505190,"Tuesday, May 19, 2015",7:15 p.m. Local,AT&T Park,41392,2:59,Night,Home,San Francisco Giants,SFG,Los Angeles Dodgers,LAD,33,0,7,0,0.0,5,3,38,0.212,0.316,0.242,0.558,127,87,-0.627,0.86,0.42,,-4.1,24,17,8.0,0,50,16,23,15,15,10,0,55,0,0,0.129,1.7,32,2,8,1,1.12,3,3,35,0.25,0.314,0.281,0.596,146,81,-0.13,1.47,0.438,,-1.7,27,15,9.0,0,53,11,17,18,11,7,0,63,5,0,0.63,4.1
SFN/SFN201505200,"Wednesday, May 20, 2015",7:15 p.m. Local,AT&T Park,41920,2:36,Night,Home,San Francisco Giants,SFG,Los Angeles Dodgers,LAD,33,0,6,0,0.0,2,5,35,0.182,0.229,0.242,0.471,131,95,-0.467,0.96,0.242,,-4.1,24,11,8.0,1,60,15,20,10,18,8,0,51,1,1,-0.032,-0.3,32,4,8,4,4.5,3,9,35,0.25,0.314,0.375,0.689,140,82,0.033,0.91,0.554,,0.3,27,8,9.0,0,44,10,28,16,7,2,0,73,2,0,0.469,4.1
SFN/SFN201505210,"Thursday, May 21, 2015",12:45 p.m. Local,AT&T Park,41840,2:54,Day,Home,San Francisco Giants,SFG,Los Angeles Dodgers,LAD,34,0,9,0,0.0,3,8,37,0.265,0.324,0.324,0.648,110,96,-0.475,0.59,0.379,,-4.1,24,12,8.0,1,57,19,20,13,13,8,0,53,4,2,-0.024,-0.3,31,4,9,4,4.5,2,7,34,0.29,0.353,0.419,0.772,150,74,0.025,1.14,0.396,,0.3,27,12,9.0,0,41,15,18,12,12,8,0,63,1,0,0.475,4.1
LAN/LAN201505220,"Friday, May 22, 2015",7:10 p.m. Local,Dodger Stadium,48514,2:39,Night,Home,Los Angeles Dodgers,LAD,San Diego Padres,SDP,33,1,6,1,1.0,1,7,34,0.182,0.206,0.242,0.448,133,79,-0.462,0.97,0.453,,-3.0,24,8,8.0,1,52,10,17,12,14,6,0,62,0,0,-0.038,1.5,29,2,6,2,1.12,1,4,30,0.207,0.233,0.345,0.578,118,90,0.039,1.32,0.648,,-1.5,27,8,9.0,0,63,11,16,9,16,5,0,67,2,0,0.461,3.0
LAN/LAN201505230,"Saturday, May 23, 2015",7:09 p.m. Local,Dodger Stadium,53479,2:11,Night,Home,Los Angeles Dodgers,LAD,San Diego Padres,SDP,27,0,1,0,0.0,0,9,27,0.037,0.037,0.037,0.074,134,65,-0.547,0.73,0.037,,-4.0,24,5,8.0,1,30,11,24,11,7,3,0,58,0,0,0.046,1.5,30,2,6,2,2.25,0,9,30,0.2,0.2,0.333,0.533,99,92,-0.047,0.86,0.369,,-1.5,27,11,9.0,0,48,20,24,5,16,8,0,88,0,0,0.546,4.0
LAN/LAN201505240,"Sunday, May 24, 2015",1:09 p.m. Local,Dodger Stadium,50182,2:47,Day,Away,San Diego Padres,SDP,Los Angeles Dodgers,LAD,44,11,20,11,11.0,3,5,48,0.455,0.479,0.682,1.161,114,111,0.447,0.11,0.507,,7.0,27,10,9.0,1,66,19,26,18,22,15,0,61,0,0,0.052,1.0,32,3,7,2,3.0,1,10,33,0.219,0.242,0.313,0.555,158,78,-0.053,0.25,0.032,,-1.0,27,12,9.0,2,43,18,17,9,13,6,0,-4,2,1,-0.448,-7.0
LAN/LAN201505250,"Monday, May 25, 2015",5:11 p.m. Local,Dodger Stadium,44680,2:49,Night,Home,Los Angeles Dodgers,LAD,Atlanta Braves,ATL,34,3,9,3,3.0,2,4,36,0.265,0.306,0.294,0.6,164,81,-0.174,1.42,0.536,,-1.0,24,8,8.0,3,47,11,23,21,9,4,0,60,2,0,-0.326,-2.5,34,6,11,6,6.75,5,9,40,0.324,0.425,0.618,1.043,129,90,0.327,1.03,1.136,,2.5,27,16,9.0,0,51,9,30,11,14,8,0,56,2,1,0.174,1.0
LAN/LAN201505260,"Tuesday, May 26, 2015",7:10 p.m. Local,Dodger Stadium,40667,2:38,Night,Home,Los Angeles Dodgers,LAD,Atlanta Braves,ATL,33,0,5,0,0.0,1,11,34,0.152,0.176,0.182,0.358,119,88,-0.223,0.56,0.03,,-4.0,24,16,8.0,1,43,23,22,9,13,7,0,9,0,0,-0.279,-4.5,30,8,11,8,9.0,3,2,33,0.367,0.424,0.6,1.024,135,77,0.28,0.31,0.593,,4.5,27,7,9.0,0,49,8,20,13,15,12,0,79,0,0,0.221,4.0
LAN/LAN201505270,"Wednesday, May 27, 2015",7:10 p.m. Local,Dodger Stadium,37837,2:58,Night,Away,Atlanta Braves,ATL,Los Angeles Dodgers,LAD,31,3,5,2,3.0,5,12,36,0.161,0.278,0.29,0.568,130,89,0.067,1.44,0.867,,-1.0,27,10,9.0,1,45,19,25,10,9,3,0,63,0,0,0.433,2.0,34,2,9,2,2.0,2,8,36,0.265,0.306,0.353,0.658,149,87,-0.434,1.44,0.555,,-2.0,27,10,9.0,1,51,13,23,13,13,4,0,69,2,2,-0.066,1.0
SLN/SLN201505290,"Friday, May 29, 2015",7:15 p.m. Local,Busch Stadium III,44223,2:58,Night,Home,St. Louis Cardinals,STL,Los Angeles Dodgers,LAD,32,0,6,0,0.0,1,11,33,0.188,0.212,0.219,0.431,146,88,-0.463,0.69,0.287,,-4.2,24,12,8.0,0,48,11,29,8,13,6,0,50,2,1,-0.037,0.8,33,3,10,2,2.25,5,4,38,0.303,0.395,0.455,0.849,129,85,0.035,1.1,0.483,,-0.7,27,7,9.0,0,56,7,22,13,16,10,0,75,0,0,0.464,4.2
SLN/SLN201505300,"Saturday, May 30, 2015",8:35 p.m. Local,Busch Stadium III,44754,2:53,Night,Away,Los Angeles Dodgers,LAD,St. Louis Cardinals,STL,35,5,9,5,5.0,3,11,39,0.257,0.333,0.371,0.705,130,108,0.247,0.82,0.798,,0.8,27,10,9.0,0,68,19,21,10,14,5,0,66,0,0,0.254,3.2,30,1,6,1,0.0,2,8,32,0.2,0.25,0.2,0.45,165,80,-0.253,0.94,0.263,,-3.2,27,4,9.0,1,38,17,25,12,10,5,0,51,2,0,-0.246,-0.8
SLN/SLN201505310,"Sunday, May 31, 2015",1:16 p.m. Local,Busch Stadium III,45285,2:33,Day,Home,St. Louis Cardinals,STL,Los Angeles Dodgers,LAD,29,1,2,1,1.0,5,12,34,0.069,0.206,0.172,0.378,135,98,-0.456,0.59,0.287,,-3.2,24,15,8.0,1,52,19,27,11,6,2,0,56,2,1,-0.046,0.8,27,3,8,3,3.38,5,6,32,0.296,0.406,0.407,0.814,147,82,0.046,1.05,0.409,,-0.7,27,10,9.0,1,48,7,27,13,8,4,0,80,0,0,0.455,3.2
COL/COL201506010,"Monday, June 1, 2015",6:41 p.m. Local,Coors Field,25564,3:08,Night,Away,Los Angeles Dodgers,LAD,Colorado Rockies,COL,44,11,18,11,10.0,5,6,49,0.409,0.469,0.795,1.265,123,110,0.414,0.54,0.925,,6.1,27,11,9.0,1,62,16,32,14,24,14,0,65,0,0,0.086,0.9,35,4,9,4,4.0,1,10,36,0.257,0.278,0.343,0.621,175,81,-0.087,0.64,0.302,,-0.9,27,10,9.0,4,42,19,20,12,13,8,0,25,4,2,-0.414,-6.1
COL/COL201506021,"Tuesday, June 2, 2015",1:12 p.m. Local,Coors Field,28148,3:01,Day,Home,Colorado Rockies,COL,Los Angeles Dodgers,LAD,31,3,5,3,3.0,4,9,35,0.161,0.257,0.29,0.547,139,95,-0.157,0.86,0.511,,-1.9,24,11,8.0,2,44,23,28,11,11,6,0,47,0,0,-0.342,-1.6,36,6,12,6,6.75,2,3,38,0.333,0.368,0.583,0.952,143,92,0.343,1.08,0.859,,1.6,27,11,9.0,1,61,10,21,14,19,13,0,54,0,0,0.158,1.9
COL/COL201506022,"Tuesday, June 2, 2015",6:41 p.m. Local,Coors Field,24972,3:24,Night,Away,Los Angeles Dodgers,LAD,Colorado Rockies,COL,39,9,13,9,9.0,3,7,42,0.333,0.381,0.692,1.073,143,104,0.819,1.48,1.69,,4.1,27,13,9.0,1,61,19,24,16,16,9,0,33,2,0,-0.318,-3.1,38,8,15,8,8.0,2,5,42,0.395,0.415,0.553,0.967,157,92,0.319,1.31,1.378,,3.1,27,10,9.0,4,64,9,19,17,18,10,0,47,0,0,-0.818,-4.1
COL/COL201506030,"Wednesday, June 3, 2015",8:20 p.m. Local,Coors Field,24575,3:44,Night,Home,Colorado Rockies,COL,Los Angeles Dodgers,LAD,36,6,11,5,5.0,5,7,42,0.306,0.405,0.472,0.877,164,97,0.381,1.52,1.302,,1.1,25,10,8.1,1,59,16,22,18,11,6,0,39,8,3,-0.881,-3.0,34,7,10,6,7.56,6,6,41,0.294,0.39,0.441,0.831,170,96,0.882,1.31,1.567,,3.0,27,11,9.0,1,52,15,29,15,14,6,0,58,5,2,-0.38,-1.1
LAN/LAN201506040,"Thursday, June 4, 2015",7:11 p.m. Local,Dodger Stadium,45058,2:56,Night,Away,St. Louis Cardinals,STL,Los Angeles Dodgers,LAD,36,7,12,7,5.0,5,7,43,0.333,0.405,0.417,0.821,141,95,0.241,0.64,0.594,,3.0,27,9,9.0,0,61,13,21,20,11,11,0,64,0,0,0.257,3.0,34,1,9,1,1.0,0,7,36,0.265,0.257,0.324,0.581,149,98,-0.259,0.58,0.188,,-3.0,27,18,9.0,0,51,19,28,11,18,10,0,38,2,0,-0.243,-3.0
LAN/LAN201506050,"Friday, June 5, 2015",7:10 p.m. Local,Dodger Stadium,44649,2:22,Night,Away,St. Louis Cardinals,STL,Los Angeles Dodgers,LAD,29,2,5,2,2.0,3,5,34,0.172,0.242,0.172,0.415,132,66,0.012,1.23,0.632,,-2.0,27,7,9.0,0,42,10,14,16,10,4,0,74,0,0,0.489,3.0,30,1,4,1,1.0,4,14,34,0.133,0.235,0.133,0.369,101,82,-0.487,1.35,0.369,,-3.0,27,12,9.0,0,42,11,29,7,9,6,0,65,1,0,-0.012,2.0
LAN/LAN201506060,"Saturday, June 6, 2015",7:10 p.m. Local,Dodger Stadium,47655,2:22,Night,Home,Los Angeles Dodgers,LAD,St. Louis Cardinals,STL,27,0,1,0,0.0,2,12,30,0.037,0.133,0.037,0.17,99,84,-0.551,0.85,0.114,,-4.0,24,14,8.0,0,43,18,23,9,6,1,0,63,1,0,0.051,1.5,27,2,7,2,2.25,0,6,28,0.259,0.259,0.333,0.593,117,70,-0.051,0.97,0.448,,-1.5,27,9,9.0,0,42,8,20,12,10,7,0,89,0,0,0.55,4.0
LAN/LAN201506070,"Sunday, June 7, 2015",5:08 p.m. Local,Dodger Stadium,41500,3:25,Night,Away,St. Louis Cardinals,STL,Los Angeles Dodgers,LAD,34,4,9,4,4.0,2,9,37,0.265,0.306,0.5,0.806,168,88,0.309,0.91,1.024,,0.0,27,6,9.0,0,49,19,20,11,15,7,0,51,0,0,0.192,2.0,33,2,7,2,2.0,2,10,35,0.212,0.257,0.242,0.5,136,102,-0.193,1.19,0.41,,-2.0,27,9,9.0,1,66,16,20,9,14,4,0,65,3,1,-0.308,-0.0
LAN/LAN201506080,"Monday, June 8, 2015",7:09 p.m. Local,Dodger Stadium,42167,2:42,Night,Home,Los Angeles Dodgers,LAD,Arizona Diamondbacks,ARI,31,3,5,3,3.0,2,10,33,0.161,0.212,0.194,0.406,135,85,-0.226,0.48,0.108,,-1.0,24,10,8.0,2,35,19,31,13,8,6,0,14,0,0,-0.274,-5.5,34,9,10,9,10.12,1,5,35,0.294,0.314,0.5,0.814,129,78,0.275,0.42,0.461,,5.5,27,13,9.0,0,45,11,22,15,14,5,0,69,0,0,0.225,1.0
LAN/LAN201506090,"Tuesday, June 9, 2015",7:10 p.m. Local,Dodger Stadium,37738,2:32,Night,Home,Los Angeles Dodgers,LAD,Arizona Diamondbacks,ARI,32,1,9,0,1.0,1,6,35,0.281,0.303,0.313,0.616,126,74,-0.376,1.36,0.382,,-3.0,24,6,8.0,1,41,17,16,17,11,5,0,58,1,1,-0.125,0.5,30,3,7,3,3.38,5,4,36,0.233,0.361,0.367,0.728,111,76,0.125,1.1,0.879,,-0.5,27,10,9.0,0,54,7,15,7,19,12,0,56,2,0,0.375,3.0
LAN/LAN201506100,"Wednesday, June 10, 2015",7:10 p.m. Local,Dodger Stadium,47174,3:35,Night,Home,Los Angeles Dodgers,LAD,Arizona Diamondbacks,ARI,36,6,11,6,6.0,2,5,41,0.306,0.35,0.583,0.933,156,98,0.219,1.0,1.221,,2.0,25,6,8.1,2,59,12,27,16,17,10,0,31,2,0,-0.719,-3.9,32,7,9,7,7.56,5,8,40,0.281,0.368,0.531,0.9,149,95,0.719,1.47,1.145,,3.9,27,9,9.0,3,55,16,24,12,15,6,0,37,4,0,-0.219,-2.0
SDN/SDN201506120,"Friday, June 12, 2015",7:12 p.m. Local,Petco Park,39037,3:28,Night,Away,Los Angeles Dodgers,LAD,San Diego Padres,SDP,33,4,11,4,4.0,4,6,39,0.333,0.421,0.364,0.785,168,94,0.424,1.3,1.141,,0.0,27,6,9.0,2,57,8,29,17,11,6,0,70,1,0,0.077,1.0,35,3,7,3,1.0,3,16,38,0.2,0.263,0.4,0.663,155,107,-0.076,1.16,0.885,,-1.0,27,15,9.0,0,54,30,23,9,10,3,0,55,3,1,-0.424,-0.0
SDN/SDN201506130,"Saturday, June 13, 2015",7:11 p.m. Local,Petco Park,43525,2:30,Night,Home,San Diego Padres,SDP,Los Angeles Dodgers,LAD,29,1,5,1,1.0,1,6,31,0.172,0.226,0.276,0.502,100,79,-0.545,1.3,0.367,,-3.0,24,12,8.0,1,47,14,18,11,12,4,0,64,,,0.045,1.5,30,2,8,2,2.25,1,7,31,0.267,0.29,0.4,0.69,124,70,-0.045,1.2,0.729,,-1.5,27,10,9.0,1,31,17,22,14,9,4,0,68,0,0,0.544,3.0
SDN/SDN201506140,"Sunday, June 14, 2015",1:11 p.m. Local,Petco Park,40056,4:16,Day,Away,Los Angeles Dodgers,LAD,San Diego Padres,SDP,41,4,10,4,3.0,7,12,49,0.244,0.354,0.439,0.793,181,112,-0.082,1.52,1.539,,-1.3,36,11,12.0,0,63,24,25,14,16,8,0,48,5,0,0.579,3.3,45,2,11,2,1.5,4,15,50,0.244,0.306,0.244,0.551,182,112,-0.58,1.79,0.683,,-3.3,36,15,12.0,1,55,17,40,16,15,8,0,66,3,0,0.08,1.3
TEX/TEX201506150,"Monday, June 15, 2015",7:09 p.m. Local,Globe Life Park in Arlington,32248,2:44,Night,Home,Texas Rangers,TEX,Los Angeles Dodgers,LAD,30,1,7,1,1.0,4,6,34,0.233,0.324,0.367,0.69,109,87,-0.431,0.96,0.451,,-3.6,24,9,8.0,0,56,13,18,13,11,5,0,43,2,2,-0.071,0.1,28,4,6,4,4.5,3,5,32,0.214,0.29,0.214,0.505,142,61,0.069,1.11,0.543,,-0.1,27,14,9.0,1,36,13,12,15,9,3,0,70,0,0,0.431,3.6
TEX/TEX201506160,"Tuesday, June 16, 2015",7:09 p.m. Local,Globe Life Park in Arlington,31897,2:22,Night,Home,Texas Rangers,TEX,Los Angeles Dodgers,LAD,34,2,7,2,2.0,2,2,36,0.206,0.25,0.294,0.544,117,76,-0.219,0.86,0.597,,-2.6,24,12,8.0,1,54,4,18,17,15,4,0,59,0,0,-0.282,1.1,31,3,9,3,3.38,3,4,34,0.29,0.353,0.419,0.772,120,76,0.281,1.16,0.748,,-1.1,27,13,9.0,1,52,5,19,18,9,4,0,65,0,0,0.219,2.6
LAN/LAN201506170,"Wednesday, June 17, 2015",7:10 p.m. Local,Dodger Stadium,42906,3:18,Night,Away,Texas Rangers,TEX,Los Angeles Dodgers,LAD,33,5,8,5,4.0,1,14,35,0.242,0.286,0.455,0.74,154,94,0.189,1.46,0.609,,1.0,27,10,9.0,1,47,25,24,9,10,3,0,37,3,0,0.31,1.0,34,3,9,3,3.0,5,5,40,0.265,0.359,0.471,0.83,151,97,-0.309,0.65,0.785,,-1.0,27,10,9.0,2,51,15,31,11,19,9,0,57,1,0,-0.189,-1.0
LAN/LAN201506180,"Thursday, June 18, 2015",7:10 p.m. Local,Dodger Stadium,46977,2:55,Night,Home,Los Angeles Dodgers,LAD,Texas Rangers,TEX,30,0,4,0,0.0,0,13,31,0.133,0.161,0.133,0.295,137,81,-0.644,1.58,0.186,,-4.0,26,4,8.2,0,36,21,24,12,5,3,0,66,2,0,0.144,2.9,29,1,5,0,1.04,4,6,34,0.172,0.273,0.241,0.514,123,82,-0.144,1.26,0.914,,-2.9,27,10,9.0,0,48,13,25,8,16,10,0,77,0,0,0.644,4.0
LAN/LAN201506190,"Friday, June 19, 2015",7:10 p.m. Local,Dodger Stadium,52503,3:24,Night,Away,San Francisco Giants,SFG,Los Angeles Dodgers,LAD,37,9,12,9,9.0,6,11,43,0.324,0.419,0.459,0.878,124,106,0.465,0.84,1.064,,5.0,27,10,9.0,1,58,15,33,13,13,7,0,44,3,0,0.034,-1.0,34,5,9,5,5.0,2,4,37,0.265,0.324,0.441,0.766,180,80,-0.034,0.94,0.55,,1.0,27,6,9.0,1,46,14,20,10,20,11,0,35,4,2,-0.466,-5.0
LAN/LAN201506200,"Saturday, June 20, 2015",4:15 p.m. Local,Dodger Stadium,53123,2:56,Day,Away,San Francisco Giants,SFG,Los Angeles Dodgers,LAD,32,6,8,6,6.0,2,5,38,0.25,0.316,0.5,0.816,127,95,0.355,0.82,0.681,,2.0,27,14,9.0,2,54,13,28,12,17,7,0,54,1,0,0.145,2.0,33,2,7,2,2.0,2,6,35,0.212,0.257,0.455,0.712,144,82,-0.146,0.61,0.47,,-2.0,27,13,9.0,2,42,15,25,17,10,3,0,35,1,0,-0.355,-2.0
LAN/LAN201506210,"Sunday, June 21, 2015",5:08 p.m. Local,Dodger Stadium,53509,3:06,Night,Home,Los Angeles Dodgers,LAD,San Francisco Giants,SFG,31,2,8,2,2.0,3,5,34,0.258,0.324,0.387,0.711,151,85,-0.114,0.37,0.191,,-2.0,24,7,8.0,4,58,8,19,19,7,4,0,21,1,0,-0.388,-6.5,38,10,16,9,11.25,3,5,43,0.421,0.463,0.816,1.279,142,97,0.387,0.41,0.513,,6.5,27,17,9.0,0,63,11,23,10,25,13,0,57,0,0,0.113,2.0
CHN/CHN201506220,"Monday, June 22, 2015",7:05 p.m. Local,Wrigley Field,35147,2:40,Night,Home,Chicago Cubs,CHC,Los Angeles Dodgers,LAD,28,2,5,2,2.0,4,8,32,0.179,0.281,0.393,0.674,120,81,-0.413,0.7,0.355,,-2.1,24,6,8.0,3,50,17,17,10,10,7,0,64,0,0,-0.087,-0.4,29,4,5,4,4.5,2,10,31,0.172,0.226,0.483,0.709,131,78,0.086,1.03,0.498,,0.4,27,12,9.0,2,44,22,12,6,13,3,0,49,2,0,0.414,2.1
CHN/CHN201506230,"Tuesday, June 23, 2015",7:07 p.m. Local,Wrigley Field,36799,3:10,Night,Home,Chicago Cubs,CHC,Los Angeles Dodgers,LAD,32,0,3,0,0.0,3,8,36,0.094,0.171,0.188,0.359,162,82,-0.783,1.58,0.278,,-4.6,29,5,9.2,0,46,15,21,12,13,4,0,69,3,1,0.284,3.1,33,1,5,1,0.93,3,8,37,0.152,0.216,0.182,0.398,132,98,-0.283,1.5,0.707,,-3.1,30,12,10.0,0,62,14,22,6,20,8,0,79,2,0,0.783,4.6
CHN/CHN201506240,"Wednesday, June 24, 2015",7:11 p.m. Local,Wrigley Field,36653,3:12,Night,Away,Los Angeles Dodgers,LAD,Chicago Cubs,CHC,33,5,7,5,5.0,1,10,34,0.212,0.235,0.455,0.69,150,87,0.206,0.96,0.5,,0.9,27,12,9.0,0,47,13,27,12,11,8,0,48,2,0,0.296,2.1,33,2,9,1,2.0,4,8,37,0.273,0.351,0.303,0.654,141,88,-0.296,0.5,0.427,,-2.1,27,10,9.0,2,48,13,27,15,10,6,0,45,1,1,-0.205,-0.9
CHN/CHN201506250,"Thursday, June 25, 2015",1:22 p.m. Local,Wrigley Field,41498,2:57,Day,Away,Los Angeles Dodgers,LAD,Chicago Cubs,CHC,31,4,6,4,4.0,6,9,37,0.194,0.324,0.355,0.679,135,85,0.212,0.75,0.486,,-0.1,27,9,9.0,0,48,13,25,10,12,6,0,55,0,0,0.289,4.1,32,0,8,0,0.0,3,8,35,0.25,0.314,0.344,0.658,144,89,-0.288,0.51,0.276,,-4.1,27,12,9.0,0,52,16,21,8,16,5,0,39,2,0,-0.21,0.1
MIA/MIA201506260,"Friday, June 26, 2015",7:12 p.m. Local,Marlins Park,21957,2:38,Night,Away,Los Angeles Dodgers,LAD,Miami Marlins,MIA,38,7,13,7,7.0,4,6,43,0.342,0.419,0.447,0.866,144,93,0.359,0.72,0.637,,3.0,27,12,9.0,0,56,12,25,16,16,9,0,72,0,0,0.142,3.0,31,1,6,1,1.0,1,16,32,0.194,0.219,0.194,0.412,147,94,-0.143,0.55,0.262,,-3.0,27,15,9.0,1,45,22,29,14,1,0,0,31,0,0,-0.359,-3.0
MIA/MIA201506270,"Saturday, June 27, 2015",4:11 p.m. Local,Marlins Park,24770,2:26,Day,Home,Miami Marlins,MIA,Los Angeles Dodgers,LAD,32,2,6,2,2.0,0,9,32,0.188,0.188,0.281,0.469,122,72,-0.478,0.84,0.432,,-2.0,24,10,8.0,0,41,11,20,15,8,4,0,64,1,0,-0.021,0.6,30,3,8,0,1.12,0,12,31,0.267,0.267,0.333,0.6,104,83,0.02,1.37,0.548,,-0.6,27,11,9.0,1,44,24,17,12,7,7,0,62,0,0,0.48,2.0
MIA/MIA201506280,"Sunday, June 28, 2015",1:11 p.m. Local,Marlins Park,25147,2:54,Day,Away,Los Angeles Dodgers,LAD,Miami Marlins,MIA,32,2,7,2,2.0,8,9,41,0.219,0.375,0.25,0.625,117,96,-0.092,1.16,0.537,,-2.0,27,10,9.0,0,53,19,24,14,10,3,0,76,0,0,0.592,4.0,31,0,5,0,0.0,1,8,32,0.161,0.188,0.226,0.413,159,77,-0.592,1.03,0.246,,-4.0,27,11,9.0,0,38,15,24,13,10,6,0,55,3,0,0.092,2.0
ARI/ARI201506290,"Monday, June 29, 2015",6:40 p.m. Local,Chase Field,24215,3:49,Night,Home,Arizona Diamondbacks,ARI,Los Angeles Dodgers,LAD,36,6,10,5,6.0,7,8,44,0.278,0.409,0.556,0.965,155,92,0.319,1.16,0.945,,1.6,24,8,8.0,2,55,15,22,14,14,8,0,60,6,4,-0.818,-6.1,34,10,12,9,9.0,5,8,41,0.353,0.436,0.618,1.054,163,94,0.819,1.0,1.449,,6.1,27,12,9.0,3,49,16,29,16,12,7,0,34,2,0,-0.319,-1.6
ARI/ARI201506300,"Tuesday, June 30, 2015",6:40 p.m. Local,Chase Field,22404,4:09,Night,Away,Los Angeles Dodgers,LAD,Arizona Diamondbacks,ARI,41,6,11,6,5.4,3,13,44,0.268,0.318,0.488,0.806,175,113,0.207,1.24,1.233,,1.1,30,15,10.0,1,62,29,22,13,15,9,0,39,0,0,0.293,0.9,34,4,10,4,3.6,5,6,40,0.294,0.375,0.412,0.787,185,107,-0.292,1.34,0.708,,-0.9,30,9,10.0,2,64,16,27,14,15,8,0,55,4,0,-0.206,-1.1
ARI/ARI201507010,"Wednesday, July 1, 2015",6:40 p.m. Local,Chase Field,20277,2:58,Night,Away,Los Angeles Dodgers,LAD,Arizona Diamondbacks,ARI,33,4,9,4,4.0,4,9,39,0.273,0.359,0.424,0.783,127,102,0.14,1.03,0.459,,-0.4,27,11,9.0,2,64,12,28,9,16,9,0,64,1,0,0.36,1.4,33,3,10,3,3.0,2,10,37,0.303,0.351,0.515,0.867,164,86,-0.36,0.5,0.437,,-1.4,27,7,9.0,0,46,12,28,12,12,8,0,46,0,0,-0.14,0.4
LAN/LAN201507030,"Friday, July 3, 2015",7:10 p.m. Local,Dodger Stadium,52570,3:00,Night,Away,New York Mets,NYM,Los Angeles Dodgers,LAD,33,2,6,2,2.0,2,10,36,0.182,0.222,0.242,0.465,152,97,-0.066,1.35,0.67,,-2.0,27,7,9.0,1,51,23,23,11,13,5,0,68,0,0,0.565,3.0,31,1,3,1,1.0,2,10,33,0.097,0.152,0.226,0.377,141,98,-0.565,1.24,0.348,,-3.0,27,8,9.0,0,58,16,24,8,13,6,0,68,0,0,0.064,2.0
LAN/LAN201507040,"Saturday, July 4, 2015",4:15 p.m. Local,Dodger Stadium,51252,3:25,Day,Home,Los Angeles Dodgers,LAD,New York Mets,NYM,35,3,9,3,3.0,0,6,37,0.257,0.27,0.314,0.585,149,85,-0.394,0.88,0.512,,-1.0,24,11,8.0,1,60,12,15,8,22,11,0,40,2,0,-0.104,-0.5,33,4,10,4,4.5,6,6,39,0.303,0.41,0.455,0.865,137,89,0.104,1.28,0.57,,0.5,27,5,9.0,0,51,12,26,16,11,5,0,73,4,2,0.397,1.0
LAN/LAN201507050,"Sunday, July 5, 2015",1:10 p.m. Local,Dodger Stadium,40027,2:54,Day,Away,New York Mets,NYM,Los Angeles Dodgers,LAD,42,8,15,8,8.0,4,9,47,0.357,0.426,0.476,0.902,142,108,0.238,0.65,0.653,,4.0,27,7,9.0,0,69,13,26,16,17,10,0,74,0,0,0.262,4.0,30,0,3,0,0.0,2,11,33,0.1,0.182,0.1,0.282,168,96,-0.262,0.68,0.174,,-4.0,27,9,9.0,0,51,22,23,8,11,2,0,35,0,0,-0.238,-4.0
LAN/LAN201507060,"Monday, July 6, 2015",7:10 p.m. Local,Dodger Stadium,45180,4:13,Night,Home,Los Angeles Dodgers,LAD,Philadelphia Phillies,PHI,36,7,11,7,7.0,6,12,45,0.306,0.422,0.583,1.006,182,109,0.477,1.18,1.348,,3.0,24,11,8.0,2,55,24,30,9,16,10,0,27,2,1,-0.976,-6.5,36,10,15,10,10.12,3,4,42,0.417,0.45,0.778,1.228,186,113,0.976,1.44,1.592,,6.5,27,6,9.0,3,75,14,23,14,20,13,0,42,3,0,-0.476,-3.0
LAN/LAN201507070,"Tuesday, July 7, 2015",7:10 p.m. Local,Dodger Stadium,46614,2:45,Night,Away,Philadelphia Phillies,PHI,Los Angeles Dodgers,LAD,38,7,10,7,6.0,4,8,42,0.263,0.333,0.368,0.702,123,110,0.293,0.65,0.531,,3.0,27,13,9.0,1,64,17,29,16,14,8,0,54,0,0,0.211,2.0,31,2,6,2,2.0,1,7,35,0.194,0.286,0.29,0.576,163,80,-0.211,0.56,0.254,,-2.0,27,13,9.0,1,43,12,25,13,11,8,0,44,0,0,-0.289,-3.0
LAN/LAN201507080,"Wednesday, July 8, 2015",7:10 p.m. Local,Dodger Stadium,45135,2:41,Night,Home,Los Angeles Dodgers,LAD,Philadelphia Phillies,PHI,35,0,8,0,0.0,0,13,36,0.229,0.25,0.286,0.536,155,92,-0.226,0.53,0.203,,-4.0,24,8,8.0,2,45,18,29,12,10,6,0,30,0,0,-0.273,-1.5,33,5,9,5,5.62,2,7,37,0.273,0.333,0.515,0.848,123,92,0.272,0.61,0.543,,1.5,27,9,9.0,0,54,17,21,11,16,10,0,84,,,0.227,4.0
LAN/LAN201507090,"Thursday, July 9, 2015",7:10 p.m. Local,Dodger Stadium,41290,2:14,Night,Home,Los Angeles Dodgers,LAD,Philadelphia Phillies,PHI,29,0,2,0,0.0,0,9,29,0.069,0.069,0.069,0.138,123,74,-0.365,0.49,0.039,,-4.0,24,5,8.0,2,36,18,20,14,6,2,0,44,3,1,-0.136,-2.5,31,6,7,6,6.75,4,5,36,0.226,0.333,0.484,0.817,111,80,0.136,0.59,0.428,,2.5,27,12,9.0,0,47,12,21,8,18,9,0,88,0,0,0.364,4.0
LAN/LAN201507100,"Friday, July 10, 2015",7:10 p.m. Local,Dodger Stadium,44200,2:35,Night,Home,Los Angeles Dodgers,LAD,Milwaukee Brewers,MIL,33,2,7,1,2.0,1,9,34,0.212,0.235,0.212,0.447,110,83,-0.289,1.28,0.453,,-2.0,24,10,8.0,0,41,18,24,16,8,5,0,65,0,0,-0.213,0.5,29,3,5,3,0.0,3,9,33,0.172,0.273,0.207,0.48,122,72,0.214,1.15,0.937,,-0.5,27,12,9.0,0,36,18,18,11,9,4,0,61,0,0,0.287,2.0
LAN/LAN201507110,"Saturday, July 11, 2015",7:10 p.m. Local,Dodger Stadium,49081,2:56,Night,Away,Milwaukee Brewers,MIL,Los Angeles Dodgers,LAD,36,7,12,7,7.0,5,6,42,0.333,0.415,0.583,0.998,100,98,0.207,0.63,0.606,,3.0,27,13,9.0,0,67,9,22,10,21,10,0,82,,,0.292,3.0,26,1,3,1,1.0,2,7,29,0.115,0.172,0.154,0.326,157,62,-0.293,0.65,0.179,,-3.0,27,9,9.0,1,35,10,17,13,7,3,0,39,2,2,-0.209,-3.0
LAN/LAN201507120,"Sunday, July 12, 2015",1:10 p.m. Local,Dodger Stadium,43229,2:42,Day,Home,Los Angeles Dodgers,LAD,Milwaukee Brewers,MIL,34,3,8,3,3.0,0,6,34,0.235,0.235,0.412,0.647,163,74,-0.15,1.24,0.479,,-1.0,24,6,8.0,2,40,13,21,13,15,7,0,57,3,1,-0.352,-0.5,33,4,9,4,4.5,1,10,34,0.273,0.294,0.545,0.84,109,111,0.35,0.99,1.064,,0.5,27,10,9.0,2,67,23,21,9,14,9,0,52,0,0,0.148,1.0
WAS/WAS201507170,"Friday, July 17, 2015",7:06 p.m. Local,Nationals Park,40709,2:51,Night,Home,Washington Nationals,WSN,Los Angeles Dodgers,LAD,34,3,6,3,3.0,2,10,37,0.176,0.243,0.353,0.596,140,88,-0.151,1.35,0.759,,-1.3,24,7,8.0,2,49,17,22,5,19,14,0,54,5,0,-0.348,-1.2,32,5,7,5,5.62,5,5,37,0.219,0.324,0.5,0.824,126,88,0.348,1.35,1.092,,1.2,27,4,9.0,2,57,11,20,10,17,5,0,50,0,0,0.15,1.3
WAS/WAS201507180,"Saturday, July 18, 2015",4:05 p.m. Local,Nationals Park,41426,2:43,Day,Away,Los Angeles Dodgers,LAD,Washington Nationals,WSN,37,4,13,4,4.0,4,6,43,0.351,0.419,0.378,0.797,119,97,0.134,0.66,0.576,,-0.3,27,7,9.0,1,58,15,26,16,16,8,0,90,0,0,0.366,2.3,32,2,5,2,2.0,0,17,32,0.156,0.156,0.25,0.406,154,89,-0.367,0.7,0.107,,-2.3,27,11,9.0,0,38,35,16,11,4,3,0,32,0,0,-0.133,0.3
WAS/WAS201507190,"Sunday, July 19, 2015",1:35 p.m. Local,Nationals Park,40293,3:14,Day,Away,Los Angeles Dodgers,LAD,Washington Nationals,WSN,40,5,15,4,5.0,3,13,45,0.375,0.419,0.4,0.819,130,131,-0.123,1.04,0.671,,0.7,27,11,9.0,0,71,30,30,14,15,10,0,86,0,0,0.624,4.3,30,0,5,0,0.0,1,11,31,0.167,0.194,0.167,0.36,187,83,-0.624,1.12,0.131,,-4.3,27,5,9.0,0,44,19,20,12,7,4,0,61,5,0,0.124,-0.7
ATL/ATL201507200,"Monday, July 20, 2015",7:10 p.m. Local,Turner Field,24072,3:01,Night,Home,Atlanta Braves,ATL,Los Angeles Dodgers,LAD,39,5,14,4,5.0,0,2,39,0.359,0.359,0.487,0.846,151,88,-0.03,0.66,0.89,,1.0,24,12,8.0,1,58,7,23,12,25,11,0,36,0,0,-0.47,-3.4,34,7,11,6,7.88,4,5,38,0.324,0.395,0.559,0.954,139,94,0.469,1.2,0.726,,3.4,27,8,9.0,1,58,12,24,15,14,8,0,42,2,0,0.031,-1.0
ATL/ATL201507210,"Tuesday, July 21, 2015",7:10 p.m. Local,Turner Field,33816,3:20,Night,Home,Atlanta Braves,ATL,Los Angeles Dodgers,LAD,31,3,6,3,3.0,4,4,36,0.194,0.286,0.419,0.705,158,79,-0.33,0.96,0.775,,-1.0,24,10,8.0,0,51,10,18,14,14,5,0,42,4,1,-0.17,-0.4,32,4,9,4,1.12,5,8,37,0.281,0.378,0.406,0.785,139,96,0.171,1.61,0.675,,0.4,27,13,9.0,2,60,9,27,11,13,6,0,49,0,0,0.331,1.0
ATL/ATL201507220,"Wednesday, July 22, 2015",12:12 p.m. Local,Turner Field,24112,2:49,Day,Away,Los Angeles Dodgers,LAD,Atlanta Braves,ATL,31,3,6,3,3.0,5,14,36,0.194,0.306,0.258,0.564,125,81,0.079,1.21,0.595,,-1.0,27,14,9.0,0,38,17,27,8,9,5,0,72,0,0,0.422,3.0,29,1,3,1,0.0,2,7,32,0.103,0.161,0.103,0.265,139,83,-0.423,0.82,0.283,,-3.0,27,7,9.0,0,44,9,30,14,9,5,0,61,1,0,-0.078,1.0
NYN/NYN201507230,"Thursday, July 23, 2015",7:10 p.m. Local,Citi Field,34222,2:27,Night,Away,Los Angeles Dodgers,LAD,New York Mets,NYM,31,3,8,3,3.0,1,6,34,0.258,0.294,0.355,0.649,104,75,-0.142,1.39,0.396,,-1.0,27,13,9.0,0,46,8,21,12,14,5,0,92,,,0.643,4.0,29,0,3,0,0.0,0,11,29,0.103,0.103,0.103,0.207,112,79,-0.641,0.79,0.253,,-4.0,27,11,9.0,1,41,14,24,12,6,2,0,72,3,2,0.143,1.0
NYN/NYN201507240,"Friday, July 24, 2015",7:10 p.m. Local,Citi Field,36066,2:40,Night,Away,Los Angeles Dodgers,LAD,New York Mets,NYM,37,7,12,6,7.0,1,6,39,0.324,0.359,0.676,1.035,143,89,0.334,0.41,0.543,,3.0,27,11,9.0,0,45,19,25,15,16,4,0,62,2,0,0.166,2.0,31,2,6,2,2.0,1,7,32,0.194,0.219,0.226,0.445,132,90,-0.165,0.41,0.116,,-2.0,27,13,9.0,3,54,10,26,13,11,3,0,19,0,0,-0.335,-3.0
NYN/NYN201507250,"Saturday, July 25, 2015",7:11 p.m. Local,Citi Field,39744,3:12,Night,Home,New York Mets,NYM,Los Angeles Dodgers,LAD,33,2,7,2,2.0,1,8,34,0.212,0.235,0.424,0.66,204,90,-0.123,0.31,0.056,,-2.0,24,9,8.0,4,49,20,21,11,14,6,0,16,6,3,-0.377,-11.4,44,15,21,14,16.88,5,8,50,0.477,0.54,0.864,1.404,130,121,0.375,0.23,0.523,,11.4,27,10,9.0,2,74,14,33,16,20,16,0,60,0,0,0.124,2.0
NYN/NYN201507260,"Sunday, July 26, 2015",1:10 p.m. Local,Citi Field,36093,3:27,Day,Home,New York Mets,NYM,Los Angeles Dodgers,LAD,34,2,5,2,1.8,3,10,38,0.147,0.216,0.206,0.422,156,102,-0.303,1.32,0.783,,-2.5,28,13,9.1,0,64,20,18,14,11,4,0,61,3,1,-0.196,0.6,32,3,6,3,2.89,5,7,40,0.188,0.333,0.219,0.552,160,95,0.198,1.53,1.02,,-0.6,30,10,10.0,0,60,14,21,13,13,6,0,81,1,0,0.304,2.5
LAN/LAN201507280,"Tuesday, July 28, 2015",7:10 p.m. Local,Dodger Stadium,50182,2:22,Night,Away,Oakland Athletics,OAK,Los Angeles Dodgers,LAD,32,2,6,2,2.0,1,5,33,0.188,0.212,0.313,0.525,110,80,-0.105,1.12,0.375,,-2.0,27,11,9.0,0,51,8,21,15,12,6,0,89,,,0.606,4.0,29,0,3,0,0.0,1,9,30,0.103,0.133,0.138,0.271,117,81,-0.606,0.83,0.163,,-4.0,27,15,9.0,1,41,17,23,11,9,5,0,60,0,0,0.106,2.0
LAN/LAN201507290,"Wednesday, July 29, 2015",7:11 p.m. Local,Dodger Stadium,51788,3:24,Night,Home,Los Angeles Dodgers,LAD,Oakland Athletics,OAK,38,7,13,7,6.0,4,7,43,0.342,0.405,0.5,0.905,152,106,0.433,0.98,1.353,,3.0,24,7,8.0,1,56,16,34,15,17,6,0,48,4,4,-0.934,-6.5,35,10,12,10,11.25,4,9,39,0.343,0.41,0.6,1.01,160,95,0.936,1.42,1.405,,6.5,27,11,9.0,1,54,14,27,10,16,9,0,43,2,1,-0.433,-3.0
LAN/LAN201507310,"Friday, July 31, 2015",7:11 p.m. Local,Dodger Stadium,53380,2:43,Night,Home,Los Angeles Dodgers,LAD,Los Angeles Angels of Anaheim,LAA,32,3,6,3,3.0,1,9,34,0.188,0.235,0.344,0.579,116,87,-0.221,0.65,0.397,,-1.0,24,9,8.0,2,54,11,22,10,13,8,0,31,1,0,-0.278,-1.5,33,5,10,5,5.62,2,7,36,0.303,0.361,0.545,0.907,134,82,0.279,0.88,0.634,,1.5,27,9,9.0,1,48,10,24,10,16,9,0,71,0,0,0.222,1.0
LAN/LAN201508010,"Saturday, August 1, 2015",1:05 p.m. Local,Dodger Stadium,52979,2:46,Day,Home,Los Angeles Dodgers,LAD,Los Angeles Angels of Anaheim,LAA,30,1,4,1,1.0,2,9,32,0.133,0.188,0.133,0.321,135,94,-0.442,0.91,0.274,,-3.0,24,7,8.0,1,51,12,31,10,11,2,0,53,1,1,-0.058,0.5,30,3,7,3,3.38,3,6,34,0.233,0.294,0.333,0.627,139,88,0.058,1.08,0.572,,-0.5,27,7,9.0,0,50,17,21,10,15,5,0,84,0,0,0.442,3.0
LAN/LAN201508020,"Sunday, August 2, 2015",1:11 p.m. Local,Dodger Stadium,52116,3:19,Day,Home,Los Angeles Dodgers,LAD,Los Angeles Angels of Anaheim,LAA,38,3,8,3,2.7,1,5,39,0.211,0.231,0.342,0.573,158,91,-0.031,0.98,1.086,,-1.4,28,10,9.1,3,58,7,26,17,16,10,0,48,0,0,-0.469,-0.8,36,5,9,5,4.82,3,10,40,0.25,0.325,0.528,0.853,141,96,0.468,1.59,1.171,,0.8,30,12,10.0,1,50,19,27,12,14,4,0,60,1,1,0.031,1.4
PHI/PHI201508040,"Tuesday, August 4, 2015",7:07 p.m. Local,Citizens Bank Park,28733,3:31,Night,Home,Philadelphia Phillies,PHI,Los Angeles Dodgers,LAD,37,2,11,2,2.0,5,12,42,0.297,0.381,0.351,0.732,141,108,-0.293,1.22,0.87,,-2.0,24,9,8.0,1,55,19,34,12,12,9,1,47,3,3,-0.207,-2.4,34,6,10,6,6.75,3,10,37,0.294,0.351,0.441,0.793,181,93,0.208,1.38,0.83,,2.4,27,7,9.0,0,49,21,23,12,12,8,0,52,2,0,0.293,2.0
PHI/PHI201508050,"Wednesday, August 5, 2015",7:07 p.m. Local,Citizens Bank Park,26197,3:12,Night,Away,Los Angeles Dodgers,LAD,Philadelphia Phillies,PHI,34,4,10,4,4.0,9,5,43,0.294,0.442,0.382,0.824,152,114,0.148,1.05,0.573,,-0.0,27,11,9.0,1,68,20,26,12,17,9,0,63,0,0,0.352,1.0,34,3,6,3,3.0,2,12,36,0.176,0.222,0.294,0.516,192,95,-0.353,0.67,0.435,,-1.0,27,8,9.0,1,48,19,28,15,7,6,0,33,0,0,-0.148,0.0
PHI/PHI201508060,"Thursday, August 6, 2015",1:07 p.m. Local,Citizens Bank Park,27839,3:28,Day,Away,Los Angeles Dodgers,LAD,Philadelphia Phillies,PHI,40,10,15,10,10.0,2,9,43,0.375,0.395,0.625,1.02,163,111,0.743,1.05,1.13,,6.0,27,7,9.0,1,69,14,28,11,21,15,0,44,2,2,-0.242,-4.0,39,8,12,8,7.0,2,10,41,0.308,0.341,0.436,0.777,173,107,0.243,0.71,0.924,,4.0,27,7,9.0,2,54,21,32,12,17,9,0,15,0,0,-0.742,-6.0
PIT/PIT201508070,"Friday, August 7, 2015",7:09 p.m. Local,PNC Park,39404,3:42,Night,Home,Pittsburgh Pirates,PIT,Los Angeles Dodgers,LAD,34,4,6,4,2.7,5,9,41,0.176,0.3,0.265,0.565,161,108,-0.164,1.89,1.031,,-0.6,27,14,9.0,1,69,12,26,9,16,8,0,41,4,1,-0.334,-2.7,38,5,14,5,5.0,5,8,44,0.368,0.455,0.474,0.928,171,101,0.334,1.67,1.593,,2.7,30,5,10.0,0,59,16,26,19,11,9,0,54,0,0,0.165,0.6
PIT/PIT201508080,"Saturday, August 8, 2015",4:08 p.m. Local,PNC Park,38981,3:42,Day,Home,Pittsburgh Pirates,PIT,Los Angeles Dodgers,LAD,38,5,13,5,5.0,4,8,43,0.342,0.419,0.447,0.866,145,101,-0.072,0.81,1.13,,0.9,24,15,8.0,2,59,14,28,16,14,9,0,23,0,0,-0.429,-2.3,31,6,9,6,6.75,2,4,34,0.29,0.353,0.516,0.869,167,97,0.429,1.58,0.849,,2.3,27,13,9.0,1,66,12,19,15,12,7,0,31,0,0,0.072,-0.9
PIT/PIT201508090,"Sunday, August 9, 2015",8:09 p.m. Local,PNC Park,37094,3:39,Night,Home,Pittsburgh Pirates,PIT,Los Angeles Dodgers,LAD,38,6,14,6,6.0,4,10,42,0.368,0.429,0.5,0.929,175,92,0.222,1.38,0.587,,1.9,24,9,8.0,3,50,18,24,15,13,8,0,47,2,2,-0.721,-9.3,38,13,16,13,14.62,5,10,48,0.421,0.5,0.789,1.289,141,107,0.722,0.7,1.459,,9.3,27,11,9.0,1,58,19,30,14,16,11,0,30,0,0,-0.221,-1.9
LAN/LAN201508100,"Monday, August 10, 2015",7:10 p.m. Local,Dodger Stadium,45722,2:45,Night,Away,Washington Nationals,WSN,Los Angeles Dodgers,LAD,37,8,13,8,8.0,3,10,41,0.351,0.4,0.595,0.995,143,96,0.22,0.57,0.539,,4.0,27,12,9.0,1,50,25,21,15,13,11,0,73,0,0,0.279,1.0,35,3,8,3,0.0,2,9,38,0.229,0.27,0.429,0.699,157,93,-0.28,0.45,0.184,,-1.0,27,14,9.0,2,49,14,30,13,14,7,0,17,3,1,-0.22,-4.0
LAN/LAN201508110,"Tuesday, August 11, 2015",7:10 p.m. Local,Dodger Stadium,49384,2:58,Night,Home,Los Angeles Dodgers,LAD,Washington Nationals,WSN,34,0,7,0,0.0,1,8,35,0.206,0.229,0.206,0.434,133,100,-0.302,0.75,0.203,,-4.0,24,6,8.0,1,59,19,22,10,16,8,0,29,1,0,-0.197,-1.5,29,5,6,5,5.62,6,4,35,0.207,0.343,0.448,0.791,150,78,0.196,0.78,0.61,,1.5,27,6,9.0,0,43,16,19,6,19,6,0,65,0,0,0.304,4.0
LAN/LAN201508120,"Wednesday, August 12, 2015",7:10 p.m. Local,Dodger Stadium,44911,2:20,Night,Home,Los Angeles Dodgers,LAD,Washington Nationals,WSN,30,0,3,0,0.0,0,10,30,0.1,0.1,0.133,0.233,121,78,-0.582,0.65,0.172,,-4.0,24,10,8.0,0,37,21,20,12,8,4,0,77,0,0,0.08,0.5,27,3,4,1,3.38,2,10,30,0.148,0.233,0.222,0.456,109,89,-0.083,1.14,0.334,,-0.5,27,12,9.0,0,47,18,24,7,10,7,0,84,0,0,0.58,4.0
LAN/LAN201508130,"Thursday, August 13, 2015",7:11 p.m. Local,Dodger Stadium,47216,3:32,Night,Away,Cincinnati Reds,CIN,Los Angeles Dodgers,LAD,39,10,15,10,9.0,2,9,43,0.385,0.405,0.667,1.071,159,114,0.396,0.6,0.675,,6.0,27,5,9.0,1,71,18,25,23,9,7,0,49,0,0,0.103,1.0,35,3,11,3,2.0,3,4,40,0.314,0.35,0.429,0.779,171,93,-0.104,0.54,0.381,,-1.0,27,13,9.0,2,53,10,30,11,22,13,0,38,7,3,-0.398,-6.0
LAN/LAN201508140,"Friday, August 14, 2015",7:10 p.m. Local,Dodger Stadium,43407,2:39,Night,Home,Los Angeles Dodgers,LAD,Cincinnati Reds,CIN,30,3,5,3,3.0,3,6,33,0.167,0.242,0.3,0.542,144,72,-0.276,0.85,0.439,,-1.0,24,8,8.0,1,36,10,26,13,11,7,0,41,0,0,-0.224,-1.5,31,5,11,5,5.62,4,9,36,0.355,0.417,0.516,0.933,110,90,0.223,1.02,0.743,,1.5,27,13,9.0,1,50,19,21,12,11,9,0,51,0,0,0.277,1.0
LAN/LAN201508150,"Saturday, August 15, 2015",6:10 p.m. Local,Dodger Stadium,46807,2:48,Night,Home,Los Angeles Dodgers,LAD,Cincinnati Reds,CIN,33,3,7,3,3.0,2,5,35,0.212,0.257,0.333,0.59,149,86,0.078,0.62,0.406,,-1.0,24,13,8.0,4,51,11,24,20,8,4,0,14,2,1,-0.579,-4.5,31,8,12,8,9.0,5,2,38,0.387,0.472,0.774,1.246,133,83,0.577,0.53,0.859,,4.5,27,17,9.0,1,61,6,16,13,18,14,0,49,0,0,-0.078,1.0
LAN/LAN201508160,"Sunday, August 16, 2015",1:10 p.m. Local,Dodger Stadium,47388,2:41,Day,Home,Los Angeles Dodgers,LAD,Cincinnati Reds,CIN,31,1,6,1,1.0,2,10,34,0.194,0.235,0.29,0.526,113,94,-0.527,1.0,0.468,,-3.0,24,5,8.0,2,50,27,17,8,14,10,0,56,0,0,0.026,1.5,28,2,7,2,2.25,2,10,31,0.25,0.3,0.464,0.764,146,72,-0.025,1.5,0.576,,-1.5,27,7,9.0,0,39,16,18,4,15,6,0,68,1,0,0.526,3.0
OAK/OAK201508180,"Tuesday, August 18, 2015",7:07 p.m. Local,O.co Coliseum,35067,3:45,Night,Home,Oakland Athletics,OAK,Los Angeles Dodgers,LAD,36,4,7,4,2.7,9,9,45,0.194,0.356,0.278,0.633,158,104,-0.129,1.71,1.225,,-0.7,27,10,9.0,0,58,16,30,10,17,5,0,68,3,1,-0.369,-1.4,39,5,12,5,5.0,2,9,42,0.308,0.341,0.41,0.752,179,108,0.37,1.73,1.278,,1.4,30,7,10.0,1,70,16,22,16,15,11,0,70,0,0,0.132,0.7
OAK/OAK201508190,"Wednesday, August 19, 2015",12:37 p.m. Local,O.co Coliseum,26122,2:34,Day,Home,Oakland Athletics,OAK,Los Angeles Dodgers,LAD,29,2,2,2,2.0,2,6,31,0.069,0.129,0.207,0.336,118,78,-0.301,1.01,0.342,,-2.3,24,11,8.0,0,44,11,23,10,13,4,0,45,6,2,-0.201,-1.2,28,5,8,4,5.62,4,2,33,0.286,0.364,0.357,0.721,130,71,0.202,0.94,0.705,,1.2,27,8,9.0,1,46,5,20,15,12,8,0,74,0,0,0.3,2.2
HOU/HOU201508210,"Friday, August 21, 2015",7:11 p.m. Local,Minute Maid Park,33833,2:31,Night,Home,Houston Astros,HOU,Los Angeles Dodgers,LAD,27,0,0,0,0.0,3,10,30,0.0,0.1,0.0,0.1,118,88,-0.436,0.57,0.091,,-4.2,24,11,8.0,2,52,13,23,8,9,1,0,51,0,0,-0.063,0.8,30,3,7,3,3.38,0,8,30,0.233,0.233,0.5,0.733,134,78,0.064,0.79,0.462,,-0.8,27,6,9.0,0,42,12,24,12,10,4,0,94,,,0.437,4.2
HOU/HOU201508220,"Saturday, August 22, 2015",6:25 p.m. Local,Minute Maid Park,39999,2:28,Night,Home,Houston Astros,HOU,Los Angeles Dodgers,LAD,33,1,7,1,1.0,1,12,34,0.212,0.235,0.273,0.508,107,91,-0.424,0.51,0.389,,-3.2,24,8,8.0,2,51,21,19,8,13,8,0,64,0,0,-0.075,0.8,27,3,3,3,3.38,0,6,27,0.111,0.111,0.407,0.519,131,69,0.076,1.27,0.366,,-0.8,27,6,9.0,0,35,16,19,10,11,4,0,63,0,0,0.425,3.2
HOU/HOU201508230,"Sunday, August 23, 2015",1:12 p.m. Local,Minute Maid Park,28665,3:16,Day,Home,Houston Astros,HOU,Los Angeles Dodgers,LAD,35,2,10,1,1.8,1,12,38,0.286,0.297,0.343,0.64,141,87,-0.302,1.99,0.533,,-2.7,28,10,9.1,1,46,19,22,8,17,10,0,74,0,0,-0.199,1.5,36,3,10,3,2.89,0,12,36,0.278,0.278,0.444,0.722,133,89,0.199,1.15,1.555,,-1.5,30,8,10.0,0,49,25,18,10,14,5,0,61,2,0,0.301,2.7
CIN/CIN201508250,"Tuesday, August 25, 2015",7:10 p.m. Local,Great American Ball Park,22783,3:04,Night,Away,Los Angeles Dodgers,LAD,Cincinnati Reds,CIN,33,5,7,5,5.0,3,7,38,0.212,0.297,0.485,0.782,149,103,0.188,0.84,0.533,,0.8,27,15,9.0,0,62,12,29,10,17,6,0,58,5,1,0.312,3.2,31,1,7,1,1.0,5,6,36,0.226,0.333,0.323,0.656,163,86,-0.312,0.56,0.374,,-3.2,27,8,9.0,2,49,18,19,15,10,6,0,48,0,0,-0.186,-0.8
CIN/CIN201508260,"Wednesday, August 26, 2015",7:10 p.m. Local,Great American Ball Park,17712,3:16,Night,Away,Los Angeles Dodgers,LAD,Cincinnati Reds,CIN,37,7,10,7,7.0,3,6,41,0.27,0.341,0.568,0.909,146,103,0.3,0.86,0.672,,2.8,27,13,9.0,0,61,16,26,13,18,9,0,61,6,1,0.201,0.2,35,4,8,4,1.0,3,9,38,0.229,0.289,0.257,0.547,170,95,-0.202,0.63,0.409,,-0.2,27,8,9.0,3,53,15,27,19,7,5,0,22,0,0,-0.3,-2.8
CIN/CIN201508270,"Thursday, August 27, 2015",12:36 p.m. Local,Great American Ball Park,25529,2:54,Day,Away,Los Angeles Dodgers,LAD,Cincinnati Reds,CIN,30,1,8,0,1.0,4,8,36,0.267,0.389,0.267,0.656,136,91,-0.308,1.59,0.556,,-3.2,27,7,9.0,0,51,14,26,13,9,5,0,76,0,0,0.807,4.2,31,0,4,0,0.0,3,10,34,0.129,0.206,0.129,0.335,150,84,-0.81,1.2,0.36,,-4.2,27,13,9.0,0,46,16,22,8,13,7,0,66,0,0,0.307,3.2
LAN/LAN201508280,"Friday, August 28, 2015",7:10 p.m. Local,Dodger Stadium,44874,2:28,Night,Home,Los Angeles Dodgers,LAD,Chicago Cubs,CHC,30,1,3,1,1.0,1,15,31,0.1,0.129,0.233,0.362,131,87,-0.305,0.85,0.187,,-3.0,24,11,8.0,0,48,22,17,7,8,5,0,49,2,1,-0.194,-0.5,29,4,6,2,4.5,4,5,34,0.207,0.324,0.31,0.634,117,81,0.193,0.7,0.644,,0.5,27,7,9.0,1,45,13,23,14,10,6,0,85,0,0,0.305,3.0
LAN/LAN201508290,"Saturday, August 29, 2015",6:11 p.m. Local,Dodger Stadium,51697,3:23,Night,Home,Los Angeles Dodgers,LAD,Chicago Cubs,CHC,30,2,6,1,2.0,5,11,38,0.2,0.342,0.233,0.575,137,100,-0.13,1.12,0.724,,-2.0,24,8,8.0,0,48,19,33,12,8,5,0,43,1,1,-0.368,-1.5,34,5,11,5,5.62,1,7,37,0.324,0.343,0.382,0.725,166,90,0.367,1.22,0.918,,1.5,27,8,9.0,0,56,10,23,14,14,8,0,50,4,0,0.132,2.0
LAN/LAN201508300,"Sunday, August 30, 2015",5:09 p.m. Local,Dodger Stadium,46679,2:42,Night,Away,Chicago Cubs,CHC,Los Angeles Dodgers,LAD,39,2,13,2,2.0,2,10,41,0.333,0.366,0.462,0.827,116,91,-0.065,0.92,0.441,,-2.0,27,8,9.0,0,43,18,30,16,13,7,0,98,,,0.565,4.0,27,0,0,0,0.0,1,12,29,0.0,0.036,0.0,0.036,139,80,-0.568,0.64,0.049,,-4.0,27,9,9.0,1,43,19,18,8,8,4,0,54,0,0,0.066,2.0
LAN/LAN201508310,"Monday, August 31, 2015",7:10 p.m. Local,Dodger Stadium,40851,5:29,Night,Home,Los Angeles Dodgers,LAD,San Francisco Giants,SFG,54,4,13,4,2.57,3,10,59,0.241,0.305,0.278,0.583,221,147,-0.555,2.03,1.441,,-2.2,39,11,13.0,2,102,22,23,25,19,10,0,45,6,1,0.05,-1.1,50,5,12,5,3.46,6,9,57,0.24,0.321,0.4,0.721,231,132,-0.05,1.97,1.812,,1.1,42,18,14.0,0,80,16,36,18,24,8,0,43,0,0,0.551,2.2
LAN/LAN201509010,"Tuesday, September 1, 2015",7:10 p.m. Local,Dodger Stadium,48060,2:47,Night,Home,Los Angeles Dodgers,LAD,San Francisco Giants,SFG,32,1,5,1,1.0,1,5,33,0.156,0.182,0.156,0.338,122,86,-0.585,0.83,0.493,,-3.0,24,9,8.0,1,58,13,15,10,17,7,0,60,1,0,0.085,1.5,33,2,9,2,2.25,1,9,34,0.273,0.294,0.394,0.688,129,81,-0.087,1.61,0.428,,-1.5,27,8,9.0,0,48,15,18,10,14,11,0,68,2,0,0.585,3.0
LAN/LAN201509020,"Wednesday, September 2, 2015",7:10 p.m. Local,Dodger Stadium,41648,2:31,Night,Home,Los Angeles Dodgers,LAD,San Francisco Giants,SFG,31,1,6,1,1.0,1,15,32,0.194,0.219,0.194,0.412,89,93,-0.519,0.84,0.436,,-3.0,24,10,8.0,1,43,32,20,8,8,4,0,62,0,0,0.02,1.5,28,2,6,2,2.25,0,5,29,0.214,0.241,0.357,0.599,132,61,-0.02,1.42,0.507,,-1.5,27,8,9.0,0,34,13,14,11,12,6,0,85,,,0.52,3.0
SDN/SDN201509030,"Thursday, September 3, 2015",7:10 p.m. Local,Petco Park,33505,3:22,Night,Home,San Diego Padres,SDP,Los Angeles Dodgers,LAD,36,7,9,6,6.0,4,8,40,0.25,0.325,0.333,0.658,138,91,0.495,0.94,0.975,,3.0,24,11,8.0,2,43,15,33,14,14,8,0,33,0,0,-0.994,-6.5,36,10,15,10,11.25,1,7,38,0.417,0.432,0.778,1.21,144,92,0.994,0.95,1.443,,6.5,27,10,9.0,0,58,14,22,13,17,11,0,55,3,3,-0.495,-3.0
SDN/SDN201509040,"Friday, September 4, 2015",7:11 p.m. Local,Petco Park,33025,3:33,Night,Away,Los Angeles Dodgers,LAD,San Diego Padres,SDP,37,8,10,8,8.0,9,10,46,0.27,0.413,0.73,1.143,142,114,0.558,0.67,1.103,,4.0,27,7,9.0,3,66,17,31,14,13,9,0,55,0,0,-0.058,-0.0,31,4,4,4,4.0,2,12,33,0.129,0.182,0.419,0.601,196,89,0.056,0.85,0.482,,0.0,27,10,9.0,5,42,13,34,5,14,4,0,47,1,1,-0.557,-4.0
SDN/SDN201509050,"Saturday, September 5, 2015",5:40 p.m. Local,Petco Park,43536,3:04,Night,Away,Los Angeles Dodgers,LAD,San Diego Padres,SDP,35,2,8,2,2.0,5,8,41,0.229,0.341,0.343,0.684,120,90,-0.123,1.35,0.652,,-2.0,27,12,9.0,0,48,16,26,14,13,7,0,71,0,0,0.623,4.0,28,0,3,0,0.0,4,6,34,0.107,0.242,0.107,0.35,157,70,-0.623,1.15,0.289,,-4.0,27,8,9.0,0,34,13,23,11,12,5,0,59,0,0,0.123,2.0
SDN/SDN201509060,"Sunday, September 6, 2015",1:10 p.m. Local,Petco Park,37685,3:32,Day,Away,Los Angeles Dodgers,LAD,San Diego Padres,SDP,32,5,7,2,2.0,7,10,42,0.219,0.381,0.25,0.631,142,109,0.21,1.04,0.909,,1.0,27,13,9.0,1,61,18,31,9,14,8,0,57,2,0,0.289,3.0,32,1,6,1,1.0,4,8,36,0.188,0.278,0.313,0.59,182,95,-0.288,1.23,0.419,,-3.0,27,6,9.0,0,55,16,24,14,10,6,0,55,2,2,-0.21,-1.0
ANA/ANA201509070,"Monday, September 7, 2015",6:07 p.m. Local,Angel Stadium of Anaheim,44488,3:52,Night,Away,Los Angeles Dodgers,LAD,Los Angeles Angels of Anaheim,LAA,41,7,16,7,7.0,5,13,49,0.39,0.458,0.512,0.971,153,110,0.522,1.59,1.35,,2.9,27,10,9.0,2,63,16,31,10,20,17,0,51,7,2,-0.026,-0.9,38,5,11,4,5.0,2,11,40,0.289,0.325,0.474,0.799,185,103,0.025,1.33,1.085,,0.9,27,7,9.0,0,53,18,32,14,13,9,0,39,12,3,-0.525,-2.9
ANA/ANA201509080,"Tuesday, September 8, 2015",7:07 p.m. Local,Angel Stadium of Anaheim,41086,3:12,Night,Away,Los Angeles Dodgers,LAD,Los Angeles Angels of Anaheim,LAA,34,6,7,5,5.0,5,9,41,0.206,0.317,0.353,0.67,146,90,0.26,0.97,0.653,,1.9,27,10,9.0,1,59,13,18,11,15,8,0,69,1,1,0.242,0.1,33,4,6,3,3.0,4,9,37,0.182,0.27,0.333,0.604,148,87,-0.241,0.66,0.452,,-0.1,27,8,9.0,1,50,15,22,14,10,3,0,38,3,2,-0.259,-1.9
ANA/ANA201509090,"Wednesday, September 9, 2015",7:08 p.m. Local,Angel Stadium of Anaheim,42799,2:50,Night,Home,Los Angeles Angels of Anaheim,LAA,Los Angeles Dodgers,LAD,28,2,4,2,2.0,3,12,33,0.143,0.25,0.321,0.571,127,78,-0.327,0.94,0.759,,-2.1,24,9,8.0,0,38,16,24,9,8,4,0,47,1,1,-0.175,0.7,29,3,7,3,3.38,1,4,32,0.241,0.281,0.414,0.695,122,82,0.175,1.6,0.697,,-0.7,27,9,9.0,1,48,5,29,11,15,10,0,71,1,0,0.325,2.1
ARI/ARI201509110,"Friday, September 11, 2015",6:40 p.m. Local,Chase Field,35615,3:23,Night,Home,Arizona Diamondbacks,ARI,Los Angeles Dodgers,LAD,31,4,4,4,0.0,6,6,38,0.129,0.289,0.226,0.515,171,95,-0.089,0.21,0.059,,-0.4,24,9,8.0,3,52,14,29,11,14,5,0,11,2,2,-0.411,-8.1,42,12,17,12,7.88,1,7,43,0.405,0.419,0.738,1.157,157,109,0.412,0.16,0.504,,8.1,27,8,9.0,1,63,15,31,16,19,10,0,62,0,0,0.088,0.4
ARI/ARI201509120,"Saturday, September 12, 2015",5:10 p.m. Local,Chase Field,42517,3:52,Night,Away,Los Angeles Dodgers,LAD,Arizona Diamondbacks,ARI,42,9,16,9,9.0,4,11,47,0.381,0.435,0.738,1.173,163,118,0.362,0.74,0.634,,4.6,27,8,9.0,1,67,17,34,13,19,11,0,32,4,0,0.137,-0.6,34,5,10,5,5.0,6,7,42,0.294,0.381,0.5,0.881,188,104,-0.137,0.45,0.427,,0.6,27,10,9.0,4,48,15,41,12,17,11,0,15,1,1,-0.363,-4.6
ARI/ARI201509130,"Sunday, September 13, 2015",1:10 p.m. Local,Chase Field,36501,2:56,Day,Away,Los Angeles Dodgers,LAD,Arizona Diamondbacks,ARI,38,4,12,4,4.0,4,8,43,0.316,0.381,0.447,0.828,126,97,0.044,1.04,0.457,,-0.4,27,13,9.0,1,57,15,25,13,18,9,0,82,0,0,0.455,1.4,30,3,5,3,3.0,3,11,33,0.167,0.242,0.3,0.542,154,82,-0.456,0.69,0.275,,-1.4,27,7,9.0,1,46,19,17,15,4,4,0,52,2,1,-0.045,0.4
LAN/LAN201509140,"Monday, September 14, 2015",7:10 p.m. Local,Dodger Stadium,43731,3:02,Night,Home,Los Angeles Dodgers,LAD,Colorado Rockies,COL,31,1,5,1,1.0,2,8,33,0.161,0.212,0.194,0.406,140,94,-0.456,1.03,0.392,,-3.0,24,3,8.0,1,49,23,22,12,11,7,0,50,3,0,-0.043,-0.5,30,4,9,4,4.5,3,12,36,0.3,0.371,0.467,0.838,135,84,0.043,1.28,0.606,,0.5,27,11,9.0,0,39,17,28,3,17,11,0,70,1,0,0.457,3.0
LAN/LAN201509150,"Tuesday, September 15, 2015",7:10 p.m. Local,Dodger Stadium,45311,5:23,Night,Away,Colorado Rockies,COL,Los Angeles Dodgers,LAD,59,5,12,4,2.25,1,18,60,0.203,0.217,0.288,0.505,246,150,-0.104,2.34,1.61,,-2.1,48,19,16.0,0,90,31,29,21,20,10,0,51,8,2,0.602,3.1,54,4,12,4,2.25,8,9,63,0.222,0.317,0.259,0.577,207,151,-0.602,1.6,1.926,,-3.1,48,16,16.0,1,91,26,34,18,28,16,0,55,3,0,0.102,2.1
LAN/LAN201509160,"Wednesday, September 16, 2015",7:10 p.m. Local,Dodger Stadium,45906,2:08,Night,Home,Los Angeles Dodgers,LAD,Colorado Rockies,COL,29,0,2,0,0.0,0,7,29,0.069,0.069,0.069,0.138,103,62,-0.546,0.68,0.035,,-4.0,24,10,8.0,1,40,8,14,14,8,4,0,66,,,0.045,1.5,30,2,6,2,2.25,1,5,31,0.2,0.226,0.433,0.659,92,67,-0.045,0.84,0.376,,-1.5,27,12,9.0,0,37,10,20,17,8,4,0,85,0,0,0.545,4.0
LAN/LAN201509180,"Friday, September 18, 2015",7:10 p.m. Local,Dodger Stadium,49529,2:48,Night,Home,Los Angeles Dodgers,LAD,Pittsburgh Pirates,PIT,33,2,6,2,2.0,2,4,35,0.182,0.229,0.303,0.532,131,84,-0.231,0.6,0.233,,-2.0,24,18,8.0,1,53,11,20,16,13,2,0,41,1,1,-0.269,-2.5,29,6,9,5,5.62,4,6,35,0.31,0.412,0.483,0.895,124,74,0.27,0.67,0.573,,2.5,27,13,9.0,1,49,8,19,14,10,6,0,62,4,1,0.231,2.0
LAN/LAN201509190,"Saturday, September 19, 2015",6:10 p.m. Local,Dodger Stadium,49441,2:47,Night,Away,Pittsburgh Pirates,PIT,Los Angeles Dodgers,LAD,32,3,8,3,3.0,4,8,36,0.25,0.333,0.344,0.677,125,84,0.104,1.54,0.835,,-1.0,27,13,9.0,0,51,17,17,14,10,6,0,66,0,0,0.395,2.0,30,2,5,2,2.0,2,9,32,0.167,0.219,0.233,0.452,129,79,-0.397,1.27,0.629,,-2.0,27,14,9.0,0,42,14,23,16,5,3,0,57,1,1,-0.106,1.0
LAN/LAN201509200,"Sunday, September 20, 2015",1:12 p.m. Local,Dodger Stadium,47483,3:03,Day,Away,Pittsburgh Pirates,PIT,Los Angeles Dodgers,LAD,36,4,12,3,3.0,4,6,40,0.333,0.4,0.528,0.928,136,96,0.132,1.18,0.787,,0.0,27,7,9.0,1,60,16,20,17,13,8,0,62,0,0,0.369,1.0,32,3,6,3,3.0,0,10,32,0.188,0.188,0.375,0.563,144,87,-0.37,0.93,0.461,,-1.0,27,17,9.0,2,47,20,20,9,13,7,0,40,2,1,-0.132,-0.0
LAN/LAN201509210,"Monday, September 21, 2015",7:10 p.m. Local,Dodger Stadium,38791,3:23,Night,Away,Arizona Diamondbacks,ARI,Los Angeles Dodgers,LAD,43,8,17,8,8.0,4,3,49,0.395,0.438,0.721,1.158,155,94,0.413,0.87,0.878,,4.0,27,9,9.0,2,61,8,25,20,22,14,0,47,4,0,0.084,-0.0,34,4,8,4,4.0,5,6,40,0.235,0.35,0.471,0.821,146,100,-0.083,0.72,0.553,,0.0,27,15,9.0,3,61,13,26,11,17,8,0,24,3,2,-0.415,-4.0
LAN/LAN201509220,"Tuesday, September 22, 2015",7:10 p.m. Local,Dodger Stadium,41419,2:55,Night,Away,Arizona Diamondbacks,ARI,Los Angeles Dodgers,LAD,35,8,11,7,8.0,1,11,37,0.314,0.333,0.6,0.933,137,95,0.044,1.1,0.381,,4.0,27,10,9.0,0,49,21,25,15,10,7,0,71,0,0,0.455,4.0,29,0,3,0,0.0,4,8,34,0.103,0.212,0.103,0.316,143,90,-0.456,0.52,0.272,,-4.0,27,14,9.0,3,58,14,18,13,9,5,0,65,4,2,-0.045,-4.0
LAN/LAN201509230,"Wednesday, September 23, 2015",7:10 p.m. Local,Dodger Stadium,46364,2:32,Night,Home,Los Angeles Dodgers,LAD,Arizona Diamondbacks,ARI,31,1,5,1,1.0,0,6,31,0.161,0.161,0.258,0.419,121,77,-0.433,0.98,0.27,,-3.0,24,3,8.0,2,42,13,22,10,15,6,0,74,1,1,-0.067,-0.5,27,4,4,4,4.5,3,13,31,0.148,0.233,0.407,0.641,105,76,0.067,1.02,0.574,,0.5,27,8,9.0,1,39,19,18,5,10,2,0,58,0,0,0.433,3.0
LAN/LAN201509240,"Thursday, September 24, 2015",12:10 p.m. Local,Dodger Stadium,38234,3:21,Day,Home,Los Angeles Dodgers,LAD,Arizona Diamondbacks,ARI,34,3,7,3,3.0,2,14,36,0.206,0.25,0.324,0.574,152,107,-0.007,1.07,0.524,,-1.0,24,9,8.0,1,62,25,20,3,17,9,0,37,4,2,-0.492,-2.5,33,6,9,6,6.75,6,6,40,0.273,0.4,0.424,0.824,156,88,0.493,0.86,1.045,,2.5,27,4,9.0,1,57,17,14,9,18,12,0,51,0,0,0.009,1.0
COL/COL201509250,"Friday, September 25, 2015",6:11 p.m. Local,Coors Field,38485,3:12,Night,Home,Colorado Rockies,COL,Los Angeles Dodgers,LAD,34,4,9,3,4.0,5,6,39,0.265,0.359,0.353,0.712,135,106,-0.19,0.68,0.377,,-0.9,24,8,8.0,3,62,20,24,19,9,6,0,25,0,0,-0.312,-2.6,34,7,9,6,4.5,3,9,37,0.265,0.324,0.618,0.942,171,97,0.311,0.72,0.651,,2.6,27,12,9.0,0,54,20,23,13,12,8,0,55,4,2,0.188,0.9
COL/COL201509260,"Saturday, September 26, 2015",6:11 p.m. Local,Coors Field,40322,2:59,Night,Home,Colorado Rockies,COL,Los Angeles Dodgers,LAD,33,6,9,6,6.0,3,5,36,0.273,0.333,0.515,0.848,126,81,-0.107,1.2,0.802,,1.1,24,14,8.0,2,49,16,16,8,20,13,0,18,3,0,-0.394,-3.6,37,8,16,8,9.0,1,6,39,0.432,0.447,0.73,1.177,130,83,0.395,1.23,1.076,,3.6,27,8,9.0,1,53,13,17,19,13,9,0,28,1,1,0.107,-1.1
COL/COL201509270,"Sunday, September 27, 2015",2:11 p.m. Local,Coors Field,32870,3:21,Day,Home,Colorado Rockies,COL,Los Angeles Dodgers,LAD,41,5,14,4,4.0,3,6,44,0.341,0.386,0.439,0.825,134,104,0.046,0.83,0.67,,0.1,24,14,8.0,1,66,11,27,20,15,10,0,13,5,5,-0.546,-7.6,36,12,15,12,13.5,4,5,43,0.417,0.463,0.556,1.019,162,90,0.545,1.0,0.942,,7.6,27,14,9.0,0,61,12,17,20,14,9,0,38,2,0,-0.044,-0.1
SFN/SFN201509280,"Monday, September 28, 2015",7:15 p.m. Local,AT&T Park,41341,3:59,Night,Home,San Francisco Giants,SFG,Los Angeles Dodgers,LAD,42,2,9,2,1.5,2,6,46,0.214,0.25,0.238,0.488,163,103,-0.628,1.58,0.883,,-3.5,35,17,11.2,0,64,12,27,18,20,8,0,65,4,1,0.129,2.2,37,3,9,3,2.31,5,10,45,0.243,0.326,0.297,0.623,147,105,-0.129,1.95,1.099,,-2.2,36,13,12.0,0,58,20,27,18,12,10,0,70,6,1,0.628,3.5
SFN/SFN201509290,"Tuesday, September 29, 2015",7:15 p.m. Local,AT&T Park,41862,2:43,Night,Away,Los Angeles Dodgers,LAD,San Francisco Giants,SFG,39,8,11,8,7.0,1,8,42,0.282,0.31,0.564,0.874,104,114,0.158,0.63,0.477,,3.9,27,7,9.0,0,73,17,24,19,13,3,0,97,,,0.343,4.1,28,0,1,0,0.0,1,13,29,0.036,0.069,0.036,0.105,168,73,-0.344,0.5,0.054,,-4.1,27,10,9.0,3,40,17,16,4,11,5,0,50,2,2,-0.157,-3.9
SFN/SFN201509300,"Wednesday, September 30, 2015",7:15 p.m. Local,AT&T Park,41112,2:35,Night,Home,San Francisco Giants,SFG,Los Angeles Dodgers,LAD,27,0,2,0,0.0,3,1,30,0.074,0.167,0.074,0.241,145,69,-0.343,0.41,0.112,,-4.1,24,11,8.0,2,46,3,20,17,9,1,0,45,3,0,-0.158,-1.3,29,5,8,5,5.62,4,10,33,0.276,0.364,0.517,0.881,104,84,0.158,0.71,0.432,,1.3,27,17,9.0,0,46,22,18,10,9,8,0,81,,,0.341,4.1
SFN/SFN201510010,"Thursday, October 1, 2015",12:45 p.m. Local,AT&T Park,41027,2:33,Day,Away,Los Angeles Dodgers,LAD,San Francisco Giants,SFG,32,3,6,3,3.0,4,10,37,0.188,0.27,0.281,0.552,102,93,0.051,1.16,0.452,,-1.1,27,15,9.0,0,48,18,27,8,15,6,0,66,1,1,0.449,2.1,32,2,5,2,2.0,0,3,32,0.156,0.156,0.188,0.344,153,74,-0.451,0.67,0.316,,-2.1,27,8,9.0,0,47,10,17,21,8,3,0,38,2,2,-0.05,1.1
LAN/LAN201510020,"Friday, October 2, 2015",7:10 p.m. Local,Dodger Stadium,45564,2:32,Night,Home,Los Angeles Dodgers,LAD,San Diego Padres,SDP,30,2,6,2,2.0,1,6,33,0.2,0.219,0.267,0.485,132,81,-0.214,0.54,0.129,,-2.0,24,6,8.0,0,50,15,16,17,9,6,0,30,1,0,-0.286,-2.5,31,6,8,6,3.38,3,8,34,0.258,0.324,0.29,0.614,120,79,0.287,0.54,0.51,,2.5,27,16,9.0,0,48,10,21,10,13,9,0,62,0,0,0.215,2.0
LAN/LAN201510030,"Saturday, October 3, 2015",6:10 p.m. Local,Dodger Stadium,52352,2:10,Night,Home,Los Angeles Dodgers,LAD,San Diego Padres,SDP,30,1,5,1,1.0,1,9,34,0.167,0.219,0.267,0.485,96,86,-0.585,0.67,0.486,,-3.0,24,11,8.0,1,49,15,22,14,9,2,0,63,0,0,0.085,1.5,26,2,5,1,2.25,0,5,27,0.192,0.222,0.308,0.53,120,70,-0.085,1.69,0.307,,-1.5,27,9,9.0,1,41,12,17,11,10,3,0,77,0,0,0.585,3.0
LAN/LAN201510040,"Sunday, October 4, 2015",12:10 p.m. Local,Dodger Stadium,42863,3:02,Day,Home,Los Angeles Dodgers,LAD,San Diego Padres,SDP,34,3,7,3,3.0,2,14,36,0.206,0.25,0.324,0.574,153,95,-0.332,0.6,0.292,,-1.0,24,6,8.0,3,52,24,19,10,10,5,0,44,1,0,-0.169,-2.5,32,6,9,6,6.75,7,14,39,0.281,0.41,0.563,0.973,142,98,0.172,0.89,0.606,,2.5,27,6,9.0,1,49,27,22,7,11,7,0,64,3,2,0.331,1.0
