,date,time,venue,attendance,duration,time_of_day,winner,winning_name,winning_abbr,losing_name,losing_abbr,away_at_bats,away_runs,away_hits,away_rbi,away_earned_runs,away_bases_on_balls,away_strikeouts,away_plate_appearances,away_batting_average,away_on_base_percentage,away_slugging_percentage,away_on_base_plus,away_pitches,away_strikes,away_win_probability_for_offensive_player,away_average_leverage_index,away_win_probability_added,away_win_probability_subtracted,away_base_out_runs_added,away_putouts,away_assists,away_innings_pitched,away_home_runs,away_strikes_by_contact,away_strikes_swinging,away_strikes_looking,away_grounded_balls,away_fly_balls,away_line_drives,away_unknown_bat_type,away_game_score,away_inherited_runners,away_inherited_score,away_win_probability_by_pitcher,away_base_out_runs_saved,home_at_bats,home_runs,home_hits,home_rbi,home_earned_runs,home_bases_on_balls,home_strikeouts,home_plate_appearances,home_batting_average,home_on_base_percentage,home_slugging_percentage,home_on_base_plus,home_pitches,home_strikes,home_win_probability_for_offensive_player,home_average_leverage_index,home_win_probability_added,home_win_probability_subtracted,home_base_out_runs_added,home_putouts,home_assists,home_innings_pitched,home_home_runs,home_strikes_by_contact,home_strikes_swinging,home_strikes_looking,home_grounded_balls,home_fly_balls,home_line_drives,home_unknown_bat_type,home_game_score,home_inherited_runners,home_inherited_score,home_win_probability_by_pitcher,home_base_out_runs_saved
MIL/MIL201504060,"Monday, April 6, 2015",1:20 p.m. Local,Miller Park,46032,3:00,Day,Away,Colorado Rockies,COL,Milwaukee Brewers,MIL,42,10,16,10,9.0,1,6,44,0.381,0.395,0.667,1.062,122,106,0.404,0.34,0.552,,5.8,27,8,9.0,0,72,11,23,17,20,18,0,69,0,0,0.096,4.2,33,0,8,0,0.0,0,9,34,0.242,0.265,0.242,0.507,162,89,-0.098,0.26,0.161,,-4.2,27,12,9.0,2,51,15,23,8,16,10,0,9,1,1,-0.404,-5.8
MIL/MIL201504070,"Tuesday, April 7, 2015",7:10 p.m. Local,Miller Park,30222,2:48,Night,Away,Colorado Rockies,COL,Milwaukee Brewers,MIL,38,5,12,5,5.0,2,6,41,0.316,0.341,0.474,0.815,114,106,0.219,0.81,0.684,,0.8,27,13,9.0,0,74,10,22,13,20,15,0,55,0,0,0.282,2.2,31,2,6,1,2.0,1,7,33,0.194,0.242,0.29,0.533,148,77,-0.282,0.73,0.3,,-2.2,27,10,9.0,0,43,12,22,13,11,6,0,36,0,0,-0.219,-0.8
MIL/MIL201504080,"Wednesday, April 8, 2015",7:10 p.m. Local,Miller Park,28720,3:15,Night,Away,Colorado Rockies,COL,Milwaukee Brewers,MIL,38,5,10,5,4.5,0,7,38,0.263,0.263,0.605,0.868,158,89,0.536,1.53,1.32,,0.4,30,16,10.0,1,55,17,17,12,19,14,0,54,1,0,-0.035,0.6,36,4,8,4,3.6,5,8,41,0.222,0.317,0.333,0.65,134,99,0.035,1.07,1.088,,-0.6,30,10,10.0,3,58,16,25,19,9,4,0,57,0,0,-0.536,-0.4
MIL/MIL201504100,"Friday, April 10, 2015",7:11 p.m. Local,Miller Park,27373,3:13,Night,Away,Pittsburgh Pirates,PIT,Milwaukee Brewers,MIL,33,6,10,6,6.0,2,12,41,0.303,0.359,0.606,0.965,136,98,0.279,0.85,0.531,,1.8,27,12,9.0,0,52,23,23,12,13,5,0,51,3,0,0.22,2.2,35,2,9,2,2.0,2,6,38,0.257,0.316,0.429,0.744,154,93,-0.22,0.52,0.403,,-2.2,27,7,9.0,2,58,9,28,16,13,8,0,40,0,0,-0.279,-1.8
MIL/MIL201504110,"Saturday, April 11, 2015",6:10 p.m. Local,Miller Park,41108,2:26,Night,Home,Milwaukee Brewers,MIL,Pittsburgh Pirates,PIT,26,0,2,0,0.0,2,11,29,0.077,0.172,0.077,0.249,111,75,-0.24,0.41,0.107,,-4.2,24,9,8.0,1,39,17,19,10,5,1,0,37,1,0,-0.259,-2.3,30,6,7,6,6.75,2,6,33,0.233,0.281,0.5,0.781,115,73,0.258,0.48,0.396,,2.3,27,10,9.0,0,43,6,24,11,14,7,0,80,0,0,0.241,4.2
MIL/MIL201504120,"Sunday, April 12, 2015",1:11 p.m. Local,Miller Park,39017,3:00,Day,Away,Pittsburgh Pirates,PIT,Milwaukee Brewers,MIL,39,10,13,10,4.0,0,9,41,0.333,0.35,0.513,0.863,148,98,0.291,0.98,0.78,,5.8,27,10,9.0,1,56,17,25,15,16,12,0,55,0,0,0.209,2.2,31,2,5,2,2.0,4,9,35,0.161,0.257,0.323,0.58,142,97,-0.206,0.77,0.482,,-2.2,27,11,9.0,2,56,15,27,9,13,6,0,46,4,0,-0.292,-5.8
SLN/SLN201504130,"Monday, April 13, 2015",3:20 p.m. Local,Busch Stadium III,47875,3:01,Day,Away,Milwaukee Brewers,MIL,St. Louis Cardinals,STL,33,5,8,4,3.0,1,6,36,0.242,0.265,0.333,0.598,141,86,0.191,1.8,0.695,,0.8,27,14,9.0,0,57,11,18,17,12,7,0,50,1,0,0.308,0.2,37,4,9,3,2.0,6,6,43,0.243,0.349,0.297,0.646,127,86,-0.308,1.02,0.959,,-0.2,27,13,9.0,0,56,11,19,21,10,7,0,48,0,0,-0.191,-0.8
SLN/SLN201504150,"Wednesday, April 15, 2015",7:15 p.m. Local,Busch Stadium III,40826,2:50,Night,Home,St. Louis Cardinals,STL,Milwaukee Brewers,MIL,37,2,10,2,2.0,2,6,40,0.27,0.308,0.324,0.632,103,106,-0.307,0.68,0.503,,-2.2,24,7,8.0,0,70,13,23,15,17,8,0,31,0,0,-0.193,-0.3,34,4,10,4,4.5,1,4,35,0.294,0.314,0.353,0.667,162,66,0.194,1.06,0.548,,0.3,27,9,9.0,0,45,8,13,14,16,8,0,54,3,0,0.307,2.2
SLN/SLN201504160,"Thursday, April 16, 2015",12:45 p.m. Local,Busch Stadium III,40079,2:54,Day,Home,St. Louis Cardinals,STL,Milwaukee Brewers,MIL,34,0,6,0,0.0,1,10,35,0.176,0.2,0.176,0.376,144,97,-0.465,0.79,0.213,,-4.2,24,5,8.0,0,50,22,25,10,14,6,0,50,2,1,-0.036,-0.2,33,4,11,4,4.5,2,5,35,0.333,0.371,0.485,0.856,137,92,0.035,0.98,0.529,,0.2,27,8,9.0,0,58,11,23,6,22,10,0,74,0,0,0.465,4.2
PIT/PIT201504170,"Friday, April 17, 2015",7:07 p.m. Local,PNC Park,25664,2:57,Night,Home,Pittsburgh Pirates,PIT,Milwaukee Brewers,MIL,34,3,8,3,3.0,4,9,38,0.235,0.316,0.324,0.639,134,89,-0.31,1.08,0.443,,-1.1,24,13,8.0,1,55,11,23,12,13,9,0,50,1,0,-0.189,-2.3,32,6,11,6,5.62,2,7,36,0.344,0.4,0.5,0.9,135,87,0.19,1.08,0.781,,2.3,27,9,9.0,0,48,14,25,18,8,8,0,54,1,0,0.311,1.1
PIT/PIT201504180,"Saturday, April 18, 2015",7:07 p.m. Local,PNC Park,33961,2:30,Night,Home,Pittsburgh Pirates,PIT,Milwaukee Brewers,MIL,30,2,5,2,2.0,0,8,32,0.167,0.188,0.167,0.354,139,82,-0.193,0.52,0.192,,-2.1,24,8,8.0,1,43,13,26,14,9,4,0,37,0,0,-0.307,-2.3,31,6,7,6,6.75,4,6,36,0.226,0.333,0.355,0.688,117,86,0.307,0.56,0.523,,2.3,27,12,9.0,0,51,12,23,16,9,5,0,76,0,0,0.193,2.1
PIT/PIT201504190,"Sunday, April 19, 2015",1:37 p.m. Local,PNC Park,28129,2:39,Day,Home,Pittsburgh Pirates,PIT,Milwaukee Brewers,MIL,32,2,5,1,1.0,1,9,33,0.156,0.182,0.156,0.338,130,92,-0.254,0.89,0.381,,-2.1,24,12,8.0,1,52,17,23,15,8,4,0,38,0,0,-0.247,-1.3,30,5,7,4,5.62,4,4,35,0.233,0.343,0.367,0.71,133,76,0.247,1.01,0.718,,1.3,27,14,9.0,0,48,7,21,13,13,5,0,63,0,0,0.253,2.1
MIL/MIL201504200,"Monday, April 20, 2015",6:21 p.m. Local,Miller Park,26660,2:23,Night,Away,Cincinnati Reds,CIN,Milwaukee Brewers,MIL,33,6,9,6,6.0,5,6,39,0.273,0.359,0.515,0.874,107,74,0.178,0.61,0.64,,1.8,27,11,9.0,1,46,12,16,15,13,8,0,82,0,0,0.324,3.2,31,1,3,1,1.0,1,7,32,0.097,0.125,0.226,0.351,131,79,-0.325,0.83,0.129,,-3.2,27,14,9.0,2,47,10,22,12,12,6,0,39,0,0,-0.176,-1.8
MIL/MIL201504210,"Tuesday, April 21, 2015",7:11 p.m. Local,Miller Park,27293,3:22,Night,Away,Cincinnati Reds,CIN,Milwaukee Brewers,MIL,41,16,13,16,11.0,6,8,49,0.317,0.408,0.683,1.091,159,109,0.791,0.56,1.135,,11.8,27,6,9.0,2,71,17,21,15,19,7,0,37,3,3,-0.291,-5.8,38,10,12,10,10.0,3,15,42,0.316,0.357,0.526,0.883,185,102,0.291,0.67,0.654,,5.8,27,9,9.0,5,55,20,27,9,15,9,0,27,2,2,-0.791,-11.8
MIL/MIL201504220,"Wednesday, April 22, 2015",7:10 p.m. Local,Miller Park,30452,2:28,Night,Away,Cincinnati Reds,CIN,Milwaukee Brewers,MIL,28,2,4,1,2.0,3,6,31,0.143,0.226,0.143,0.369,139,68,-0.11,1.44,0.806,,-2.2,27,6,9.0,0,40,11,17,8,14,4,0,74,0,0,0.611,3.2,31,1,5,1,1.0,2,10,34,0.161,0.212,0.194,0.406,110,97,-0.612,1.39,0.402,,-3.2,27,10,9.0,0,56,19,22,10,12,5,0,75,0,0,0.111,2.2
MIL/MIL201504230,"Thursday, April 23, 2015",12:40 p.m. Local,Miller Park,27795,2:28,Day,Home,Milwaukee Brewers,MIL,Cincinnati Reds,CIN,29,2,4,2,2.0,1,8,30,0.138,0.167,0.276,0.443,121,84,-0.307,1.07,0.432,,-2.2,24,11,8.0,2,46,12,29,6,15,6,0,49,2,0,-0.194,-0.3,31,4,10,3,3.38,2,7,34,0.323,0.364,0.548,0.912,123,72,0.194,1.08,0.819,,0.3,27,8,9.0,1,42,9,21,12,13,7,0,66,0,0,0.306,2.2
MIL/MIL201504240,"Friday, April 24, 2015",7:10 p.m. Local,Miller Park,26286,2:42,Night,Away,St. Louis Cardinals,STL,Milwaukee Brewers,MIL,35,3,8,3,3.0,3,9,38,0.229,0.289,0.429,0.718,121,92,0.04,1.16,0.436,,-1.2,27,11,9.0,0,52,19,21,15,11,5,0,75,0,0,0.46,4.2,30,0,5,0,0.0,2,10,32,0.167,0.219,0.2,0.419,140,83,-0.46,0.71,0.391,,-4.2,27,13,9.0,2,41,20,22,9,11,5,0,50,0,0,-0.04,1.2
MIL/MIL201504250,"Saturday, April 25, 2015",6:12 p.m. Local,Miller Park,35919,3:01,Night,Away,St. Louis Cardinals,STL,Milwaukee Brewers,MIL,35,5,9,4,5.0,3,7,38,0.257,0.316,0.514,0.83,124,90,0.105,1.26,0.561,,0.8,27,10,9.0,0,44,14,32,15,13,9,0,60,6,3,0.396,1.2,33,3,9,3,3.0,3,8,37,0.273,0.351,0.364,0.715,145,88,-0.394,0.66,0.557,,-1.2,27,14,9.0,1,55,9,24,13,12,7,0,52,2,2,-0.106,-0.8
MIL/MIL201504260,"Sunday, April 26, 2015",1:10 p.m. Local,Miller Park,32758,3:03,Day,Home,Milwaukee Brewers,MIL,St. Louis Cardinals,STL,40,3,13,3,2.0,4,7,44,0.325,0.386,0.425,0.811,134,106,-0.159,0.66,0.638,,-1.2,24,7,8.0,1,56,20,30,16,17,11,0,28,0,0,-0.34,-2.3,34,6,10,6,6.75,1,7,35,0.294,0.314,0.559,0.873,157,88,0.339,1.09,0.681,,2.3,27,10,9.0,1,55,11,22,7,20,9,0,42,0,0,0.161,1.2
CIN/CIN201504270,"Monday, April 27, 2015",7:11 p.m. Local,Great American Ball Park,17167,3:02,Night,Home,Cincinnati Reds,CIN,Milwaukee Brewers,MIL,34,6,11,6,6.0,3,6,39,0.324,0.395,0.412,0.807,176,93,-0.109,0.36,0.259,,1.8,24,10,8.0,1,53,15,25,17,12,7,0,13,4,3,-0.391,-5.3,30,9,9,7,10.12,9,5,42,0.3,0.463,0.533,0.997,147,100,0.39,0.45,0.562,,5.3,27,13,9.0,0,63,13,24,13,14,8,0,61,3,3,0.11,-1.8
CIN/CIN201504280,"Tuesday, April 28, 2015",7:10 p.m. Local,Great American Ball Park,19238,2:11,Night,Home,Cincinnati Reds,CIN,Milwaukee Brewers,MIL,30,2,3,2,2.0,0,8,31,0.1,0.129,0.3,0.429,136,65,-0.372,0.47,0.22,,-2.2,24,3,8.0,3,36,15,14,8,14,5,0,51,0,0,-0.129,-0.3,30,4,7,4,4.5,3,6,33,0.233,0.303,0.533,0.836,98,84,0.128,0.9,0.436,,0.3,27,7,9.0,2,48,12,24,4,20,9,0,74,0,0,0.372,2.2
CIN/CIN201504290,"Wednesday, April 29, 2015",12:36 p.m. Local,Great American Ball Park,23012,2:58,Day,Away,Milwaukee Brewers,MIL,Cincinnati Reds,CIN,38,8,12,8,8.0,3,11,44,0.316,0.381,0.658,1.039,129,118,0.251,0.87,0.946,,3.8,27,9,9.0,3,66,30,22,11,18,14,0,58,1,0,0.252,1.2,32,3,7,3,3.0,2,6,34,0.219,0.265,0.5,0.765,184,80,-0.252,1.0,0.376,,-1.2,27,6,9.0,4,46,10,24,11,15,7,0,43,0,0,-0.249,-3.8
CHN/CHN201505010,"Friday, May 1, 2015",1:22 p.m. Local,Wrigley Field,31128,2:39,Day,Home,Chicago Cubs,CHC,Milwaukee Brewers,MIL,30,0,4,0,0.0,1,8,33,0.133,0.188,0.167,0.354,156,76,-0.712,0.86,0.244,,-4.1,24,8,8.0,1,38,9,29,11,12,4,0,56,0,0,0.212,2.6,29,1,9,1,1.12,3,9,33,0.31,0.394,0.448,0.842,118,91,-0.213,1.34,0.422,,-2.6,27,9,9.0,0,43,14,34,10,10,4,0,74,0,0,0.712,4.1
CHN/CHN201505020,"Saturday, May 2, 2015",1:20 p.m. Local,Wrigley Field,34878,3:05,Day,Away,Milwaukee Brewers,MIL,Chicago Cubs,CHC,34,6,9,5,5.0,3,11,39,0.265,0.324,0.441,0.766,153,108,0.264,0.67,0.497,,1.9,27,4,9.0,1,71,22,15,12,13,6,0,72,1,0,0.236,3.1,32,1,5,1,1.0,3,18,35,0.156,0.229,0.25,0.479,160,98,-0.236,0.42,0.219,,-3.1,27,10,9.0,1,47,22,29,5,9,6,0,42,2,0,-0.263,-1.9
CHN/CHN201505030,"Sunday, May 3, 2015",1:20 p.m. Local,Wrigley Field,33398,3:01,Day,Away,Milwaukee Brewers,MIL,Chicago Cubs,CHC,33,5,9,5,5.0,2,7,37,0.273,0.324,0.455,0.779,142,88,0.321,1.42,1.152,,0.9,27,8,9.0,0,57,13,19,9,18,7,0,56,1,0,0.178,1.1,35,3,8,2,2.0,2,10,38,0.229,0.263,0.314,0.577,133,97,-0.177,1.25,0.783,,-1.1,27,9,9.0,1,52,20,25,9,17,8,0,53,2,0,-0.322,-0.9
MIL/MIL201505040,"Monday, May 4, 2015",6:20 p.m. Local,Miller Park,23374,2:51,Night,Home,Milwaukee Brewers,MIL,Los Angeles Dodgers,LAD,32,3,6,3,3.0,5,11,39,0.188,0.308,0.313,0.62,105,106,-0.113,1.2,0.435,,-1.2,24,15,8.0,1,59,19,28,8,14,8,0,64,1,1,-0.387,-0.3,31,4,7,4,4.5,0,8,31,0.226,0.226,0.516,0.742,177,69,0.388,0.8,1.075,,0.3,27,8,9.0,1,39,16,14,14,9,4,0,48,0,0,0.114,1.2
MIL/MIL201505050,"Tuesday, May 5, 2015",7:11 p.m. Local,Miller Park,23356,3:12,Night,Away,Los Angeles Dodgers,LAD,Milwaukee Brewers,MIL,36,8,9,8,8.0,6,9,42,0.25,0.357,0.556,0.913,119,114,0.303,0.54,0.895,,3.8,27,8,9.0,0,73,19,22,12,15,11,0,78,1,0,0.195,2.2,30,2,3,1,1.0,3,8,33,0.1,0.182,0.133,0.315,184,74,-0.197,0.85,0.196,,-2.2,27,11,9.0,3,40,13,21,7,15,8,0,54,3,1,-0.305,-3.8
MIL/MIL201505060,"Wednesday, May 6, 2015",7:10 p.m. Local,Miller Park,22708,2:47,Night,Home,Milwaukee Brewers,MIL,Los Angeles Dodgers,LAD,33,3,8,2,2.0,0,8,34,0.242,0.242,0.455,0.697,144,81,-0.161,0.32,0.243,,-1.2,24,9,8.0,2,49,10,22,14,12,6,0,26,4,1,-0.337,-2.3,31,6,7,6,6.75,7,8,38,0.226,0.368,0.452,0.82,117,79,0.337,0.56,0.474,,2.3,27,12,9.0,2,45,14,20,9,14,6,0,64,0,0,0.162,1.2
MIL/MIL201505070,"Thursday, May 7, 2015",12:40 p.m. Local,Miller Park,28505,3:16,Day,Away,Los Angeles Dodgers,LAD,Milwaukee Brewers,MIL,38,14,13,14,14.0,10,11,49,0.342,0.49,0.658,1.148,129,105,0.538,0.74,1.022,,9.8,27,9,9.0,1,54,29,22,11,16,8,0,48,0,0,-0.037,0.2,34,4,8,4,4.0,3,9,38,0.235,0.289,0.353,0.642,196,83,0.037,0.76,0.526,,-0.2,27,7,9.0,3,46,16,21,14,12,6,0,40,3,3,-0.537,-9.8
MIL/MIL201505080,"Friday, May 8, 2015",7:11 p.m. Local,Miller Park,38283,3:03,Night,Away,Chicago Cubs,CHC,Milwaukee Brewers,MIL,37,7,10,7,6.0,2,15,39,0.27,0.308,0.649,0.956,150,103,0.286,1.25,0.628,,2.8,27,11,9.0,2,53,22,28,10,12,6,0,64,2,1,0.214,-1.8,35,6,10,6,6.0,7,10,42,0.286,0.405,0.514,0.919,153,91,-0.215,0.54,0.661,,1.8,27,7,9.0,4,49,15,27,13,12,8,0,61,0,0,-0.286,-2.8
MIL/MIL201505090,"Saturday, May 9, 2015",6:10 p.m. Local,Miller Park,39600,3:03,Night,Home,Milwaukee Brewers,MIL,Chicago Cubs,CHC,35,4,8,4,4.0,1,10,36,0.229,0.25,0.4,0.65,164,90,0.186,0.68,0.589,,-0.2,24,11,8.0,3,41,21,28,9,16,10,0,32,2,2,-0.686,-8.3,33,12,11,12,11.25,5,4,40,0.333,0.4,0.667,1.067,150,97,0.687,0.73,0.959,,8.3,27,7,9.0,1,62,7,28,14,17,7,0,43,0,0,-0.187,0.2
MIL/MIL201505100,"Sunday, May 10, 2015",1:12 p.m. Local,Miller Park,41467,3:26,Day,Home,Milwaukee Brewers,MIL,Chicago Cubs,CHC,37,2,6,2,1.64,3,16,40,0.162,0.225,0.27,0.495,165,100,-0.439,1.62,0.835,,-3.1,31,13,10.1,2,50,24,30,7,14,7,0,59,1,0,-0.063,0.6,38,3,9,3,2.61,5,5,43,0.237,0.326,0.421,0.747,161,98,0.063,1.48,1.085,,-0.6,33,7,11.0,1,62,11,25,13,20,9,0,73,1,1,0.438,3.1
MIL/MIL201505110,"Monday, May 11, 2015",6:20 p.m. Local,Miller Park,29886,3:09,Night,Home,Milwaukee Brewers,MIL,Chicago White Sox,CHW,40,7,14,7,4.0,1,7,41,0.35,0.366,0.475,0.841,118,107,0.197,0.47,0.933,,2.8,24,7,8.0,3,61,13,33,21,12,10,0,37,0,0,-0.699,-6.3,34,10,10,9,9.0,2,9,37,0.294,0.333,0.706,1.039,154,87,0.7,1.13,0.86,,6.3,27,15,9.0,1,56,13,18,12,14,7,0,55,2,2,-0.199,-2.8
MIL/MIL201505120,"Tuesday, May 12, 2015",7:10 p.m. Local,Miller Park,26935,2:45,Night,Away,Chicago White Sox,CHW,Milwaukee Brewers,MIL,35,4,9,4,4.0,3,7,40,0.257,0.308,0.314,0.622,123,92,0.158,1.02,0.953,,-0.2,27,8,9.0,1,55,11,25,15,14,7,0,78,0,0,0.342,2.2,30,2,3,2,2.0,1,13,31,0.1,0.129,0.267,0.396,140,87,-0.343,1.46,0.358,,-2.2,27,9,9.0,0,45,25,18,6,11,2,0,61,4,1,-0.157,0.2
MIL/MIL201505130,"Wednesday, May 13, 2015",7:10 p.m. Local,Miller Park,29679,3:07,Night,Away,Chicago White Sox,CHW,Milwaukee Brewers,MIL,32,4,9,4,4.0,4,5,38,0.281,0.351,0.5,0.851,150,99,0.145,1.02,0.399,,-0.2,27,10,9.0,1,65,12,22,17,12,6,0,74,1,1,0.356,2.2,32,2,7,2,2.0,2,12,34,0.219,0.265,0.406,0.671,146,103,-0.355,0.47,0.395,,-2.2,27,15,9.0,2,61,16,26,13,7,2,0,43,2,0,-0.145,0.2
NYN/NYN201505150,"Friday, May 15, 2015",7:10 p.m. Local,Citi Field,27554,2:18,Night,Away,Milwaukee Brewers,MIL,New York Mets,NYM,36,7,10,7,6.0,0,5,36,0.278,0.278,0.639,0.917,126,87,0.314,0.33,0.502,,3.0,27,6,9.0,0,55,9,23,18,13,6,0,85,0,0,0.187,4.0,30,0,3,0,0.0,1,9,32,0.1,0.129,0.133,0.262,111,90,-0.187,0.37,0.045,,-4.0,27,17,9.0,3,48,13,29,10,12,3,0,33,0,0,-0.314,-3.0
NYN/NYN201505160,"Saturday, May 16, 2015",7:10 p.m. Local,Citi Field,30208,2:56,Night,Home,New York Mets,NYM,Milwaukee Brewers,MIL,31,1,7,1,1.0,1,10,33,0.226,0.242,0.226,0.468,162,94,-0.212,0.5,0.103,,-3.0,24,10,8.0,3,56,14,24,10,12,7,0,-1,2,2,-0.29,-10.4,39,14,16,14,15.75,3,9,42,0.41,0.452,0.744,1.196,144,105,0.291,0.42,0.529,,10.4,27,7,9.0,0,63,13,29,13,17,9,0,63,0,0,0.211,3.0
NYN/NYN201505170,"Sunday, May 17, 2015",1:11 p.m. Local,Citi Field,32422,2:49,Day,Home,New York Mets,NYM,Milwaukee Brewers,MIL,30,1,4,1,1.0,2,7,34,0.133,0.212,0.167,0.379,134,98,-0.278,0.58,0.204,,-3.0,24,12,8.0,1,63,15,20,10,14,7,0,31,1,0,-0.224,-1.4,33,5,9,5,5.62,4,7,37,0.273,0.351,0.455,0.806,143,81,0.224,0.72,0.514,,1.4,27,7,9.0,0,38,19,24,15,11,7,0,66,1,0,0.277,3.0
DET/DET201505180,"Monday, May 18, 2015",7:08 p.m. Local,Comerica Park,26016,3:13,Night,Away,Milwaukee Brewers,MIL,Detroit Tigers,DET,35,3,8,3,3.0,2,4,37,0.229,0.27,0.429,0.699,152,89,-0.057,1.71,0.681,,-1.3,27,14,9.0,0,60,15,14,19,12,6,0,51,2,0,0.556,2.3,33,2,9,2,2.0,2,8,35,0.273,0.314,0.394,0.708,132,106,-0.555,1.12,0.834,,-2.3,27,15,9.0,2,73,13,20,16,9,4,0,50,2,0,0.057,1.3
DET/DET201505190,"Tuesday, May 19, 2015",7:08 p.m. Local,Comerica Park,26994,2:34,Night,Away,Milwaukee Brewers,MIL,Detroit Tigers,DET,38,8,13,8,8.0,2,8,40,0.342,0.375,0.711,1.086,117,87,0.423,0.51,0.65,,3.7,27,15,9.0,0,44,16,27,12,18,7,0,73,0,0,0.076,3.3,30,1,3,1,1.0,4,6,35,0.1,0.229,0.1,0.329,136,72,-0.076,0.41,0.23,,-3.3,27,8,9.0,3,35,13,24,15,9,2,0,19,1,0,-0.423,-3.7
DET/DET201505200,"Wednesday, May 20, 2015",7:08 p.m. Local,Comerica Park,27716,3:05,Night,Home,Detroit Tigers,DET,Milwaukee Brewers,MIL,31,2,6,2,2.0,3,7,35,0.194,0.286,0.355,0.641,140,100,-0.254,1.21,0.711,,-2.3,24,13,8.0,0,67,10,23,10,14,8,0,52,1,0,-0.247,-1.1,32,5,10,4,5.62,4,7,36,0.312,0.389,0.438,0.826,145,93,0.247,1.18,0.848,,1.1,27,10,9.0,1,53,20,20,12,13,9,0,63,2,1,0.254,2.3
ATL/ATL201505210,"Thursday, May 21, 2015",7:12 p.m. Local,Turner Field,18239,2:49,Night,Home,Atlanta Braves,ATL,Milwaukee Brewers,MIL,27,1,2,1,1.0,2,10,30,0.074,0.133,0.074,0.207,146,72,-0.294,0.88,0.188,,-3.0,24,9,8.0,0,33,16,23,7,11,3,0,48,8,4,-0.205,-6.4,36,10,11,8,10.12,3,4,40,0.306,0.375,0.389,0.764,114,92,0.206,0.74,0.66,,6.4,27,6,9.0,0,62,15,15,14,18,8,0,76,0,0,0.294,3.0
ATL/ATL201505220,"Friday, May 22, 2015",7:35 p.m. Local,Turner Field,25774,2:52,Night,Away,Milwaukee Brewers,MIL,Atlanta Braves,ATL,36,11,12,10,11.0,8,9,45,0.333,0.455,0.556,1.01,126,107,0.345,0.38,0.53,,7.0,27,7,9.0,0,59,18,30,8,19,8,0,60,0,0,0.157,4.0,31,0,3,0,0.0,2,9,34,0.097,0.176,0.097,0.273,186,82,-0.157,0.39,0.08,,-4.0,27,10,9.0,1,34,16,32,13,9,6,0,27,3,3,-0.343,-7.0
ATL/ATL201505230,"Saturday, May 23, 2015",4:15 p.m. Local,Turner Field,33223,3:48,Day,Home,Atlanta Braves,ATL,Milwaukee Brewers,MIL,39,2,10,2,1.64,4,10,44,0.256,0.341,0.308,0.649,180,107,-0.618,1.59,0.908,,-2.9,32,15,10.2,0,69,14,24,14,15,9,0,49,0,0,0.118,1.5,41,3,11,3,2.53,4,12,46,0.268,0.348,0.39,0.738,168,111,-0.118,1.55,1.174,,-1.5,33,14,11.0,0,63,21,27,14,15,6,0,53,2,0,0.618,2.9
ATL/ATL201505240,"Sunday, May 24, 2015",1:35 p.m. Local,Turner Field,30612,2:47,Day,Home,Atlanta Braves,ATL,Milwaukee Brewers,MIL,29,1,3,1,1.0,2,11,33,0.103,0.182,0.103,0.285,143,84,-0.573,1.23,0.29,,-3.0,24,9,8.0,0,45,16,23,6,13,4,0,50,2,0,0.072,1.6,27,2,6,2,2.25,6,8,33,0.222,0.364,0.259,0.623,119,80,-0.071,1.33,0.602,,-1.6,27,4,9.0,0,41,15,26,9,10,7,0,75,1,0,0.573,3.0
MIL/MIL201505250,"Monday, May 25, 2015",1:11 p.m. Local,Miller Park,41969,3:15,Day,Away,San Francisco Giants,SFG,Milwaukee Brewers,MIL,38,8,13,7,8.0,5,12,43,0.342,0.419,0.447,0.866,149,95,0.612,0.7,1.114,,3.8,27,11,9.0,3,49,17,29,12,14,9,0,42,1,0,-0.113,0.2,32,4,5,4,4.0,4,7,36,0.156,0.25,0.469,0.719,152,88,0.113,0.95,0.58,,-0.2,27,8,9.0,1,47,14,27,13,12,4,0,40,6,4,-0.612,-3.8
MIL/MIL201505260,"Tuesday, May 26, 2015",7:11 p.m. Local,Miller Park,35492,3:07,Night,Away,San Francisco Giants,SFG,Milwaukee Brewers,MIL,35,6,10,6,6.0,3,10,39,0.286,0.342,0.629,0.971,146,106,0.274,0.95,0.626,,1.8,27,6,9.0,1,56,18,32,11,15,7,0,53,1,0,0.227,1.2,34,3,8,3,3.0,2,7,37,0.235,0.27,0.353,0.623,164,95,-0.227,0.51,0.447,,-1.2,27,10,9.0,3,60,15,20,8,20,11,0,35,1,0,-0.273,-1.8
MIL/MIL201505270,"Wednesday, May 27, 2015",12:41 p.m. Local,Miller Park,35208,3:00,Day,Away,San Francisco Giants,SFG,Milwaukee Brewers,MIL,35,3,9,3,3.0,0,11,37,0.257,0.27,0.4,0.67,150,87,-0.039,1.23,0.606,,-1.2,27,7,9.0,0,51,14,22,10,15,6,0,61,0,0,0.54,3.2,32,1,6,1,1.0,0,10,32,0.188,0.188,0.313,0.5,135,100,-0.541,1.06,0.413,,-3.2,27,8,9.0,1,55,19,26,10,12,4,0,49,0,0,0.04,1.2
MIL/MIL201505290,"Friday, May 29, 2015",7:11 p.m. Local,Miller Park,34276,3:23,Night,Away,Arizona Diamondbacks,ARI,Milwaukee Brewers,MIL,38,7,11,7,7.0,3,12,43,0.289,0.372,0.711,1.083,151,114,0.412,1.44,1.326,,2.8,27,10,9.0,2,57,30,27,9,17,11,0,41,5,0,0.089,-0.8,38,5,11,5,5.0,3,6,41,0.289,0.341,0.526,0.868,180,102,-0.089,1.21,0.978,,0.8,27,11,9.0,4,65,18,19,16,16,9,0,50,2,0,-0.411,-2.8
MIL/MIL201505300,"Saturday, May 30, 2015",3:10 p.m. Local,Miller Park,39552,2:58,Day,Away,Arizona Diamondbacks,ARI,Milwaukee Brewers,MIL,41,7,13,6,7.0,1,6,42,0.317,0.333,0.512,0.846,144,92,0.46,0.62,0.754,,2.8,27,11,9.0,0,52,6,34,13,22,11,0,56,0,0,0.042,1.2,33,3,8,3,3.0,1,5,36,0.242,0.257,0.273,0.53,135,97,-0.042,0.58,0.334,,-1.2,27,6,9.0,2,64,12,21,15,15,9,0,12,0,0,-0.459,-2.8
MIL/MIL201505310,"Sunday, May 31, 2015",1:11 p.m. Local,Miller Park,32460,5:49,Day,Home,Milwaukee Brewers,MIL,Arizona Diamondbacks,ARI,61,6,16,5,3.18,9,14,74,0.262,0.352,0.426,0.778,275,152,-0.872,1.79,1.592,,-1.9,49,18,16.1,1,95,21,36,29,22,13,0,26,4,2,0.372,0.6,65,7,16,6,3.86,5,13,71,0.246,0.31,0.385,0.694,253,186,-0.373,1.86,1.946,,-0.6,51,24,17.0,2,116,25,45,30,22,6,0,24,1,0,0.871,1.9
SLN/SLN201506010,"Monday, June 1, 2015",7:11 p.m. Local,Busch Stadium III,40689,3:05,Night,Away,Milwaukee Brewers,MIL,St. Louis Cardinals,STL,33,1,6,1,1.0,0,4,33,0.182,0.182,0.182,0.364,145,74,-0.316,2.26,0.257,,-3.2,27,4,9.0,0,50,8,16,22,7,3,0,68,1,0,0.814,4.2,34,0,8,0,0.0,3,11,37,0.235,0.297,0.235,0.533,109,89,-0.814,0.88,0.777,,-4.2,27,18,9.0,0,46,19,24,7,16,9,0,71,0,0,0.314,3.2
SLN/SLN201506020,"Tuesday, June 2, 2015",7:15 p.m. Local,Busch Stadium III,42835,2:27,Night,Home,St. Louis Cardinals,STL,Milwaukee Brewers,MIL,31,0,7,0,0.0,1,5,33,0.226,0.25,0.226,0.476,99,93,-0.723,0.79,0.604,,-4.2,24,12,8.0,0,60,12,22,14,13,5,0,69,0,0,0.223,2.7,24,1,4,1,1.12,2,7,26,0.167,0.231,0.208,0.439,136,64,-0.221,1.76,0.243,,-2.8,27,11,9.0,0,39,8,17,11,6,2,0,73,1,0,0.724,4.2
SLN/SLN201506030,"Wednesday, June 3, 2015",12:46 p.m. Local,Busch Stadium III,41567,2:40,Day,Home,St. Louis Cardinals,STL,Milwaukee Brewers,MIL,40,4,14,4,3.0,1,5,41,0.35,0.366,0.475,0.841,125,83,-0.139,0.43,0.328,,-0.2,24,8,8.0,0,54,9,20,14,21,9,0,30,0,0,-0.359,-3.2,32,7,10,7,6.75,2,7,36,0.312,0.333,0.344,0.677,116,86,0.361,0.6,0.442,,3.2,27,9,9.0,1,52,17,17,15,12,8,0,49,2,1,0.139,0.2
MIN/MIN201506050,"Friday, June 5, 2015",7:10 p.m. Local,Target Field,29398,2:48,Night,Away,Milwaukee Brewers,MIL,Minnesota Twins,MIN,38,10,12,10,10.0,1,11,41,0.316,0.35,0.605,0.955,143,97,0.519,1.13,0.951,,5.6,27,11,9.0,1,49,23,25,18,10,5,0,40,0,0,-0.019,-0.6,37,5,10,5,5.0,1,7,38,0.27,0.289,0.351,0.641,142,92,0.018,0.71,0.779,,0.6,27,12,9.0,3,53,8,31,16,14,7,0,54,5,4,-0.519,-5.6
MIN/MIN201506060,"Saturday, June 6, 2015",1:11 p.m. Local,Target Field,38707,3:22,Day,Away,Milwaukee Brewers,MIL,Minnesota Twins,MIN,33,4,10,4,3.0,4,7,38,0.303,0.378,0.424,0.803,138,95,0.146,1.66,0.789,,-0.4,27,11,9.0,1,60,10,25,15,12,8,0,64,0,0,0.356,2.4,31,2,7,2,2.0,1,5,34,0.226,0.25,0.387,0.637,149,99,-0.358,0.99,0.837,,-2.4,27,13,9.0,1,68,5,26,11,17,7,0,49,3,2,-0.144,0.4
MIN/MIN201506070,"Sunday, June 7, 2015",1:11 p.m. Local,Target Field,31911,2:53,Day,Home,Minnesota Twins,MIN,Milwaukee Brewers,MIL,32,0,8,0,0.0,2,8,34,0.25,0.294,0.281,0.575,145,79,-0.542,0.73,0.338,,-4.4,24,9,8.0,0,45,9,25,13,11,5,0,41,5,0,0.04,1.9,32,2,9,2,2.25,4,5,36,0.281,0.361,0.375,0.736,118,92,-0.041,1.17,0.47,,-1.9,27,11,9.0,0,59,13,20,16,11,7,0,72,0,0,0.541,4.4
PIT/PIT201506080,"Monday, June 8, 2015",7:08 p.m. Local,PNC Park,18016,3:07,Night,Away,Milwaukee Brewers,MIL,Pittsburgh Pirates,PIT,34,2,8,2,2.0,1,9,35,0.235,0.257,0.294,0.551,146,102,-0.131,1.78,0.519,,-2.1,27,11,9.0,0,59,20,23,14,11,6,0,68,0,0,0.632,4.1,30,0,5,0,0.0,5,12,36,0.167,0.286,0.2,0.486,144,87,-0.631,1.02,0.611,,-4.1,27,15,9.0,0,52,15,20,12,7,3,0,68,2,0,0.132,2.1
PIT/PIT201506090,"Tuesday, June 9, 2015",7:06 p.m. Local,PNC Park,20672,2:25,Night,Away,Milwaukee Brewers,MIL,Pittsburgh Pirates,PIT,33,4,6,4,4.0,1,6,34,0.182,0.206,0.364,0.57,117,75,0.081,1.07,0.545,,-0.1,27,10,9.0,1,38,16,21,20,7,1,0,71,0,0,0.42,3.1,31,1,4,1,1.0,1,6,33,0.129,0.182,0.29,0.472,111,79,-0.419,0.85,0.308,,-3.1,27,17,9.0,2,49,9,21,13,12,4,0,65,0,0,-0.08,0.1
PIT/PIT201506100,"Wednesday, June 10, 2015",7:06 p.m. Local,PNC Park,26269,2:22,Night,Home,Pittsburgh Pirates,PIT,Milwaukee Brewers,MIL,28,0,3,0,0.0,3,6,31,0.107,0.194,0.107,0.301,116,74,-0.523,0.68,0.277,,-4.1,24,15,8.0,1,41,12,21,14,8,4,0,46,2,0,0.022,1.7,29,2,11,2,2.25,2,4,33,0.379,0.419,0.517,0.937,111,77,-0.023,1.16,0.4,,-1.7,27,14,9.0,0,46,16,15,16,11,6,0,75,2,0,0.521,4.1
MIL/MIL201506110,"Thursday, June 11, 2015",7:11 p.m. Local,Miller Park,26371,2:54,Night,Home,Milwaukee Brewers,MIL,Washington Nationals,WSN,35,5,8,1,1.0,2,9,37,0.229,0.27,0.343,0.613,130,92,-0.072,1.4,0.82,,0.8,24,9,8.0,1,52,16,25,16,10,5,0,39,2,0,-0.428,-2.3,35,6,10,6,6.75,2,6,37,0.286,0.324,0.457,0.781,130,83,0.428,1.27,1.177,,2.3,27,12,9.0,1,51,15,17,13,16,9,0,53,0,0,0.071,-0.8
MIL/MIL201506120,"Friday, June 12, 2015",7:10 p.m. Local,Miller Park,31815,2:59,Night,Home,Milwaukee Brewers,MIL,Washington Nationals,WSN,32,4,6,4,4.0,4,11,36,0.188,0.278,0.438,0.715,163,82,-0.062,0.65,0.351,,-0.2,24,10,8.0,0,48,14,20,6,15,9,0,21,1,1,-0.441,-4.3,38,8,16,8,9.0,1,8,39,0.421,0.436,0.579,1.015,132,108,0.441,0.6,0.809,,4.3,27,7,9.0,2,69,15,24,12,18,14,0,60,0,0,0.059,0.2
MIL/MIL201506130,"Saturday, June 13, 2015",3:10 p.m. Local,Miller Park,36800,2:52,Day,Away,Washington Nationals,WSN,Milwaukee Brewers,MIL,38,7,11,7,7.0,2,7,43,0.289,0.372,0.474,0.846,122,88,0.424,0.76,0.818,,2.8,27,11,9.0,0,51,13,24,17,14,11,0,67,0,0,0.077,2.2,35,2,8,2,2.0,1,8,36,0.229,0.25,0.286,0.536,141,87,-0.079,0.63,0.43,,-2.2,27,13,9.0,2,55,10,22,15,12,7,0,20,2,1,-0.423,-2.8
MIL/MIL201506140,"Sunday, June 14, 2015",1:11 p.m. Local,Miller Park,34964,2:59,Day,Away,Washington Nationals,WSN,Milwaukee Brewers,MIL,35,4,10,4,4.0,2,9,39,0.286,0.333,0.314,0.648,119,111,0.083,0.68,0.564,,-0.2,27,5,9.0,0,61,17,34,15,12,6,0,100,,,0.417,4.2,28,0,1,0,0.0,1,16,29,0.036,0.069,0.036,0.105,169,86,-0.418,0.87,0.046,,-4.2,27,10,9.0,0,39,27,20,6,6,0,0,48,0,0,-0.083,0.2
MIL/MIL201506150,"Monday, June 15, 2015",7:10 p.m. Local,Miller Park,23007,3:19,Night,Away,Kansas City Royals,KCR,Milwaukee Brewers,MIL,37,8,13,7,8.0,3,3,42,0.351,0.405,0.486,0.891,152,96,0.332,0.93,0.559,,3.8,27,8,9.0,0,57,16,23,14,21,11,0,47,2,0,0.168,-0.8,36,5,11,5,5.0,4,7,41,0.306,0.39,0.417,0.807,169,96,-0.169,0.44,0.588,,0.8,27,10,9.0,1,55,18,23,11,18,10,0,37,0,0,-0.331,-3.8
MIL/MIL201506160,"Tuesday, June 16, 2015",7:11 p.m. Local,Miller Park,27740,2:51,Night,Away,Kansas City Royals,KCR,Milwaukee Brewers,MIL,43,7,17,7,7.0,0,3,43,0.395,0.395,0.605,1.0,125,98,0.242,0.51,0.525,,2.8,27,10,9.0,1,68,5,25,18,22,13,0,70,0,0,0.26,2.2,34,2,9,2,2.0,0,4,35,0.265,0.265,0.382,0.647,147,87,-0.26,0.45,0.101,,-2.2,27,13,9.0,2,51,12,24,11,20,12,0,27,1,0,-0.241,-2.8
KCA/KCA201506170,"Wednesday, June 17, 2015",7:09 p.m. Local,Kauffman Stadium,33420,3:05,Night,Home,Kansas City Royals,KCR,Milwaukee Brewers,MIL,32,2,6,2,2.0,1,6,33,0.188,0.212,0.344,0.556,150,90,-0.203,0.71,0.252,,-2.6,24,8,8.0,0,56,11,23,18,8,3,0,26,1,0,-0.296,-5.9,33,10,12,10,11.25,5,3,40,0.364,0.425,0.515,0.94,134,101,0.297,0.63,0.608,,5.9,27,14,9.0,0,69,10,22,13,19,8,0,57,0,0,0.202,2.6
KCA/KCA201506180,"Thursday, June 18, 2015",7:11 p.m. Local,Kauffman Stadium,36318,2:38,Night,Home,Kansas City Royals,KCR,Milwaukee Brewers,MIL,35,2,8,2,2.0,1,7,37,0.229,0.243,0.257,0.5,124,74,-0.52,0.72,0.753,,-2.6,24,9,8.0,0,45,8,21,13,16,11,0,31,0,0,0.021,1.1,32,3,13,3,3.38,2,4,35,0.406,0.429,0.469,0.897,109,74,-0.021,1.83,0.459,,-1.1,27,8,9.0,0,41,10,25,12,17,12,0,54,0,0,0.52,2.6
COL/COL201506190,"Friday, June 19, 2015",6:42 p.m. Local,Coors Field,35841,3:16,Night,Away,Milwaukee Brewers,MIL,Colorado Rockies,COL,38,9,16,9,9.0,4,6,44,0.421,0.477,0.711,1.188,142,100,0.399,0.76,0.697,,4.1,27,15,9.0,0,63,16,21,17,16,9,0,43,0,0,0.102,-0.1,37,5,11,5,5.0,1,6,38,0.297,0.316,0.541,0.856,158,97,-0.102,0.49,0.521,,0.1,27,15,9.0,2,67,7,23,18,13,10,0,22,2,1,-0.398,-4.1
COL/COL201506200,"Saturday, June 20, 2015",2:11 p.m. Local,Coors Field,35180,2:27,Day,Home,Colorado Rockies,COL,Milwaukee Brewers,MIL,30,1,6,1,1.0,2,7,33,0.2,0.25,0.333,0.583,115,82,-0.401,0.62,0.346,,-3.9,24,7,8.0,1,49,13,20,17,7,4,0,56,0,0,-0.1,-0.6,29,5,7,5,5.62,2,8,33,0.241,0.281,0.379,0.661,117,78,0.1,0.99,0.429,,0.6,27,16,9.0,1,40,17,21,9,14,10,0,62,2,0,0.401,3.9
COL/COL201506210,"Sunday, June 21, 2015",2:12 p.m. Local,Coors Field,41487,3:09,Day,Home,Colorado Rockies,COL,Milwaukee Brewers,MIL,35,4,11,4,4.0,1,5,36,0.314,0.333,0.486,0.819,144,90,-0.054,0.61,0.376,,-0.9,24,16,8.0,1,54,16,20,14,16,9,0,12,5,2,-0.446,-5.6,35,10,15,10,7.88,3,5,39,0.429,0.474,0.571,1.045,129,93,0.447,0.62,0.729,,5.6,27,17,9.0,0,72,8,15,17,14,10,0,48,3,0,0.054,0.9
MIL/MIL201506230,"Tuesday, June 23, 2015",7:10 p.m. Local,Miller Park,25055,2:53,Night,Home,Milwaukee Brewers,MIL,New York Mets,NYM,30,2,4,2,2.0,2,12,34,0.133,0.206,0.233,0.439,136,90,-0.403,1.4,0.385,,-2.2,24,11,8.0,0,46,19,25,12,7,4,0,48,3,1,-0.098,0.7,30,3,9,2,3.38,5,6,38,0.3,0.405,0.367,0.772,149,80,0.097,1.18,0.913,,-0.7,27,10,9.0,1,44,8,28,13,13,8,0,61,1,0,0.402,2.2
MIL/MIL201506240,"Wednesday, June 24, 2015",7:10 p.m. Local,Miller Park,22017,2:13,Night,Home,Milwaukee Brewers,MIL,New York Mets,NYM,29,1,3,1,1.0,1,6,30,0.103,0.133,0.241,0.375,106,80,-0.335,0.7,0.179,,-3.2,24,7,8.0,1,47,10,23,13,10,8,0,38,0,0,-0.166,-0.3,33,4,10,4,4.5,2,4,35,0.303,0.343,0.485,0.828,116,75,0.166,0.72,0.573,,0.3,27,16,9.0,1,47,8,20,10,19,9,0,78,0,0,0.335,3.2
MIL/MIL201506250,"Thursday, June 25, 2015",1:10 p.m. Local,Miller Park,33354,2:46,Day,Away,New York Mets,NYM,Milwaukee Brewers,MIL,34,2,10,2,2.0,2,10,37,0.294,0.351,0.324,0.675,112,99,-0.098,1.09,0.666,,-2.2,27,10,9.0,0,45,18,36,9,15,10,0,81,0,0,0.599,4.2,30,0,4,0,0.0,0,8,30,0.133,0.133,0.167,0.3,158,85,-0.599,1.15,0.181,,-4.2,27,11,9.0,0,53,14,18,11,11,5,0,62,3,1,0.099,2.2
MIL/MIL201506260,"Friday, June 26, 2015",7:10 p.m. Local,Miller Park,33296,2:49,Night,Home,Milwaukee Brewers,MIL,Minnesota Twins,MIN,34,4,7,4,4.0,1,4,35,0.206,0.229,0.382,0.611,157,86,0.019,0.29,0.146,,-0.2,24,7,8.0,3,57,7,22,13,17,5,0,17,2,0,-0.518,-6.3,36,10,12,9,10.12,3,6,40,0.333,0.385,0.639,1.024,133,94,0.52,0.2,0.589,,6.3,27,8,9.0,2,59,11,24,11,20,7,0,45,0,0,-0.018,0.2
MIL/MIL201506270,"Saturday, June 27, 2015",1:11 p.m. Local,Miller Park,39977,2:47,Day,Away,Minnesota Twins,MIN,Milwaukee Brewers,MIL,31,5,7,5,5.0,4,4,35,0.226,0.314,0.548,0.863,128,91,0.219,1.16,0.664,,0.8,27,14,9.0,0,54,11,26,13,14,2,0,56,2,0,0.28,2.2,34,2,7,2,2.0,1,4,35,0.206,0.229,0.235,0.464,132,82,-0.281,0.69,0.503,,-2.2,27,13,9.0,3,55,8,19,18,12,9,0,45,0,0,-0.219,-0.8
MIL/MIL201506280,"Sunday, June 28, 2015",1:11 p.m. Local,Miller Park,38958,3:02,Day,Home,Milwaukee Brewers,MIL,Minnesota Twins,MIN,31,3,7,3,3.0,5,7,37,0.226,0.324,0.323,0.647,142,96,-0.307,1.07,0.55,,-1.2,24,7,8.0,2,58,11,27,10,15,7,0,72,0,0,-0.195,-1.3,31,5,8,5,5.62,4,8,36,0.258,0.343,0.516,0.859,146,89,0.193,1.3,0.866,,1.3,27,9,9.0,1,51,16,22,11,13,9,0,66,0,0,0.306,1.2
PHI/PHI201506290,"Monday, June 29, 2015",7:06 p.m. Local,Citizens Bank Park,18423,3:22,Night,Away,Milwaukee Brewers,MIL,Philadelphia Phillies,PHI,39,7,16,7,7.0,2,5,43,0.41,0.429,0.538,0.967,142,99,0.5,0.9,1.129,,3.0,27,19,9.0,0,67,13,19,16,20,12,0,40,1,0,0.001,0.0,34,4,9,2,4.0,2,7,36,0.265,0.306,0.382,0.688,136,94,-0.001,1.12,0.625,,-0.0,27,12,9.0,0,53,19,22,16,11,11,0,21,3,1,-0.5,-3.0
PHI/PHI201506300,"Tuesday, June 30, 2015",8:24 p.m. Local,Citizens Bank Park,20564,3:26,Night,Away,Milwaukee Brewers,MIL,Philadelphia Phillies,PHI,36,4,10,4,4.0,3,9,40,0.278,0.333,0.361,0.694,160,108,0.251,2.15,1.047,,-0.0,27,15,9.0,1,69,21,18,15,13,10,0,54,4,0,0.252,1.0,34,3,8,2,2.0,4,8,41,0.235,0.35,0.324,0.674,168,95,-0.252,1.4,1.297,,-1.0,27,10,9.0,0,57,16,22,20,7,4,0,65,3,0,-0.249,0.0
PHI/PHI201507010,"Wednesday, July 1, 2015",7:06 p.m. Local,Citizens Bank Park,27069,2:58,Night,Away,Milwaukee Brewers,MIL,Philadelphia Phillies,PHI,43,9,17,9,9.0,1,6,44,0.395,0.409,0.605,1.014,128,104,0.362,0.53,0.605,,5.0,27,4,9.0,0,69,14,21,16,21,12,0,41,1,0,0.138,-1.0,37,5,10,5,5.0,3,6,40,0.27,0.325,0.432,0.757,147,83,-0.14,0.45,0.284,,1.0,27,7,9.0,1,44,13,26,9,22,11,0,7,1,0,-0.362,-5.0
PHI/PHI201507020,"Thursday, July 2, 2015",6:35 p.m. Local,Citizens Bank Park,30485,3:57,Night,Away,Milwaukee Brewers,MIL,Philadelphia Phillies,PHI,44,8,16,8,5.73,4,6,50,0.364,0.408,0.409,0.817,186,115,0.44,1.85,1.263,,3.1,33,12,11.0,1,79,15,21,24,16,8,0,38,1,1,0.061,-2.1,48,7,16,7,5.73,3,8,51,0.333,0.373,0.438,0.81,172,119,-0.059,1.24,1.468,,2.1,33,17,11.0,0,73,21,25,21,19,12,0,19,0,0,-0.44,-3.1
CIN/CIN201507030,"Friday, July 3, 2015",7:10 p.m. Local,Great American Ball Park,40760,3:34,Night,Away,Milwaukee Brewers,MIL,Cincinnati Reds,CIN,40,12,16,12,12.0,6,4,47,0.4,0.468,0.675,1.143,152,113,0.268,0.44,0.504,,7.8,27,10,9.0,0,81,12,20,17,20,17,0,71,0,0,0.232,3.2,31,1,6,1,1.0,3,2,34,0.194,0.265,0.226,0.491,185,95,-0.232,0.37,0.094,,-3.2,27,14,9.0,3,66,11,18,11,18,9,0,41,1,0,-0.268,-7.8
CIN/CIN201507040,"Saturday, July 4, 2015",7:16 p.m. Local,Great American Ball Park,38663,3:46,Night,Away,Milwaukee Brewers,MIL,Cincinnati Reds,CIN,35,7,11,6,7.0,8,6,47,0.314,0.489,0.4,0.889,136,94,0.361,0.69,0.938,,2.8,27,10,9.0,2,54,10,30,11,18,11,0,45,3,0,0.141,1.2,39,3,11,3,3.0,1,5,40,0.282,0.3,0.513,0.813,166,88,-0.139,0.93,0.365,,-1.2,27,10,9.0,1,57,9,22,18,16,9,0,32,6,3,-0.359,-2.8
CIN/CIN201507050,"Sunday, July 5, 2015",1:10 p.m. Local,Great American Ball Park,28881,2:41,Day,Away,Milwaukee Brewers,MIL,Cincinnati Reds,CIN,35,6,13,6,6.0,3,5,40,0.371,0.421,0.6,1.021,120,84,0.168,0.66,0.607,,1.8,27,13,9.0,0,53,6,25,15,17,14,0,72,0,0,0.332,3.2,30,1,4,1,1.0,3,5,33,0.133,0.212,0.2,0.412,127,74,-0.333,0.67,0.212,,-3.2,27,12,9.0,2,46,13,15,10,15,10,0,45,0,0,-0.168,-1.8
MIL/MIL201507060,"Monday, July 6, 2015",7:11 p.m. Local,Miller Park,25046,3:30,Night,Away,Atlanta Braves,ATL,Milwaukee Brewers,MIL,40,5,15,5,5.0,3,7,44,0.375,0.419,0.55,0.969,140,112,0.228,1.16,0.744,,0.8,27,12,9.0,1,71,16,25,18,16,11,0,48,2,0,0.271,1.2,33,3,8,3,3.0,2,6,35,0.242,0.286,0.424,0.71,173,93,-0.27,0.73,0.552,,-1.2,27,11,9.0,1,58,9,26,10,17,10,0,32,0,0,-0.23,-0.8
MIL/MIL201507070,"Tuesday, July 7, 2015",7:10 p.m. Local,Miller Park,33388,2:55,Night,Away,Atlanta Braves,ATL,Milwaukee Brewers,MIL,34,4,10,4,4.0,2,4,37,0.294,0.333,0.471,0.804,148,79,0.092,1.32,0.606,,-0.2,27,11,9.0,2,47,4,30,12,19,11,0,52,4,0,0.409,1.2,33,3,8,3,3.0,4,7,37,0.242,0.324,0.515,0.839,133,99,-0.408,0.78,0.631,,-1.2,27,9,9.0,1,61,17,21,10,16,11,0,42,1,1,-0.091,0.2
MIL/MIL201507080,"Wednesday, July 8, 2015",1:10 p.m. Local,Miller Park,33338,3:00,Day,Home,Milwaukee Brewers,MIL,Atlanta Braves,ATL,31,5,7,5,5.0,5,7,38,0.226,0.333,0.452,0.785,145,85,0.084,1.14,0.766,,0.8,24,5,8.0,3,49,11,25,14,12,4,0,66,1,0,-0.584,-2.3,29,6,5,6,6.75,4,10,33,0.172,0.273,0.483,0.755,140,81,0.585,1.03,1.185,,2.3,27,11,9.0,2,42,18,21,5,14,4,0,48,1,0,-0.084,-0.8
LAN/LAN201507100,"Friday, July 10, 2015",7:10 p.m. Local,Dodger Stadium,44200,2:35,Night,Home,Los Angeles Dodgers,LAD,Milwaukee Brewers,MIL,33,2,7,1,2.0,1,9,34,0.212,0.235,0.212,0.447,110,83,-0.289,1.28,0.453,,-2.0,24,10,8.0,0,41,18,24,16,8,5,0,65,0,0,-0.213,0.5,29,3,5,3,0.0,3,9,33,0.172,0.273,0.207,0.48,122,72,0.214,1.15,0.937,,-0.5,27,12,9.0,0,36,18,18,11,9,4,0,61,0,0,0.287,2.0
LAN/LAN201507110,"Saturday, July 11, 2015",7:10 p.m. Local,Dodger Stadium,49081,2:56,Night,Away,Milwaukee Brewers,MIL,Los Angeles Dodgers,LAD,36,7,12,7,7.0,5,6,42,0.333,0.415,0.583,0.998,100,98,0.207,0.63,0.606,,3.0,27,13,9.0,0,67,9,22,10,21,10,0,82,,,0.292,3.0,26,1,3,1,1.0,2,7,29,0.115,0.172,0.154,0.326,157,62,-0.293,0.65,0.179,,-3.0,27,9,9.0,1,35,10,17,13,7,3,0,39,2,2,-0.209,-3.0
LAN/LAN201507120,"Sunday, July 12, 2015",1:10 p.m. Local,Dodger Stadium,43229,2:42,Day,Home,Los Angeles Dodgers,LAD,Milwaukee Brewers,MIL,34,3,8,3,3.0,0,6,34,0.235,0.235,0.412,0.647,163,74,-0.15,1.24,0.479,,-1.0,24,6,8.0,2,40,13,21,13,15,7,0,57,3,1,-0.352,-0.5,33,4,9,4,4.5,1,10,34,0.273,0.294,0.545,0.84,109,111,0.35,0.99,1.064,,0.5,27,10,9.0,2,67,23,21,9,14,9,0,52,0,0,0.148,1.0
MIL/MIL201507170,"Friday, July 17, 2015",7:10 p.m. Local,Miller Park,32363,2:51,Night,Home,Milwaukee Brewers,MIL,Pittsburgh Pirates,PIT,30,1,3,1,1.0,1,10,33,0.1,0.182,0.2,0.382,133,79,-0.38,0.64,0.428,,-3.2,24,15,8.0,0,40,18,21,8,12,5,0,45,2,1,-0.119,-0.3,28,4,6,2,4.5,6,4,39,0.214,0.405,0.321,0.727,114,77,0.12,1.19,0.464,,0.3,27,7,9.0,1,52,9,16,16,10,5,0,73,0,0,0.38,3.2
MIL/MIL201507180,"Saturday, July 18, 2015",6:11 p.m. Local,Miller Park,33104,3:24,Night,Home,Milwaukee Brewers,MIL,Pittsburgh Pirates,PIT,34,5,7,2,4.0,4,10,39,0.206,0.308,0.265,0.572,161,92,0.002,0.77,0.66,,0.8,24,12,8.0,3,43,21,28,11,13,7,0,33,0,0,-0.502,-4.3,36,8,13,8,7.88,5,6,42,0.361,0.452,0.639,1.091,141,101,0.502,0.94,0.975,,4.3,27,8,9.0,0,67,13,21,17,13,5,0,52,1,1,-0.001,-0.8
MIL/MIL201507190,"Sunday, July 19, 2015",1:11 p.m. Local,Miller Park,33835,2:56,Day,Home,Milwaukee Brewers,MIL,Pittsburgh Pirates,PIT,31,1,6,1,1.0,4,9,35,0.194,0.286,0.323,0.608,112,91,-0.334,1.24,0.516,,-3.2,24,11,8.0,0,47,14,30,10,12,5,0,51,2,1,-0.167,-2.3,32,6,11,5,3.38,2,3,35,0.344,0.371,0.406,0.778,140,72,0.167,1.08,0.866,,2.3,27,10,9.0,0,48,9,15,15,15,7,0,65,1,0,0.333,3.2
MIL/MIL201507210,"Tuesday, July 21, 2015",7:11 p.m. Local,Miller Park,34379,2:58,Night,Home,Milwaukee Brewers,MIL,Cleveland Indians,CLE,32,1,9,1,1.0,3,10,35,0.281,0.343,0.375,0.718,141,80,-0.267,0.37,0.456,,-3.2,24,11,8.0,1,42,12,26,10,12,8,0,61,7,3,-0.234,-4.3,33,8,9,7,5.62,4,8,38,0.273,0.368,0.485,0.853,136,94,0.233,0.99,0.437,,4.3,27,9,9.0,0,60,13,21,16,9,3,0,62,1,0,0.267,3.2
MIL/MIL201507220,"Wednesday, July 22, 2015",1:10 p.m. Local,Miller Park,32588,3:27,Day,Away,Cleveland Indians,CLE,Milwaukee Brewers,MIL,37,7,14,7,7.0,6,5,43,0.378,0.465,0.622,1.087,159,102,0.36,1.39,1.166,,2.8,27,10,9.0,1,66,6,30,14,18,11,0,23,2,0,0.142,-0.8,41,5,17,5,5.0,1,8,42,0.415,0.429,0.561,0.99,171,111,-0.141,1.04,1.012,,0.8,27,11,9.0,2,68,20,23,13,20,16,0,27,2,0,-0.358,-2.8
ARI/ARI201507230,"Thursday, July 23, 2015",6:41 p.m. Local,Chase Field,18011,3:12,Night,Home,Arizona Diamondbacks,ARI,Milwaukee Brewers,MIL,32,3,7,3,3.0,0,10,33,0.219,0.242,0.375,0.617,154,103,-0.292,0.51,0.242,,-1.4,24,4,8.0,1,66,20,17,12,10,5,0,41,0,0,-0.211,-4.1,36,8,13,7,7.88,4,16,41,0.361,0.415,0.583,0.998,143,102,0.21,0.56,0.539,,4.1,27,13,9.0,1,53,21,28,7,14,11,0,71,0,0,0.29,1.4
ARI/ARI201507240,"Friday, July 24, 2015",6:40 p.m. Local,Chase Field,29956,2:56,Night,Away,Milwaukee Brewers,MIL,Arizona Diamondbacks,ARI,32,2,6,1,2.0,3,12,37,0.188,0.278,0.313,0.59,130,87,-0.199,1.55,0.41,,-2.4,27,13,9.0,0,46,20,21,13,8,5,0,69,1,0,0.699,3.4,31,1,8,1,1.0,3,7,35,0.258,0.314,0.355,0.669,124,85,-0.698,0.84,0.623,,-3.4,27,11,9.0,1,48,12,25,14,11,7,0,74,2,0,0.198,2.4
ARI/ARI201507250,"Saturday, July 25, 2015",5:10 p.m. Local,Chase Field,34957,2:55,Night,Home,Arizona Diamondbacks,ARI,Milwaukee Brewers,MIL,33,0,6,0,0.0,3,7,37,0.182,0.25,0.182,0.432,132,84,-0.539,0.64,0.461,,-4.4,24,9,8.0,0,53,16,15,21,6,5,0,59,0,0,0.041,1.9,26,2,4,2,2.25,4,8,31,0.154,0.29,0.231,0.521,131,75,-0.04,1.27,0.4,,-1.9,27,15,9.0,0,36,9,30,8,10,6,0,78,0,0,0.54,4.4
ARI/ARI201507260,"Sunday, July 26, 2015",1:12 p.m. Local,Chase Field,24216,3:20,Day,Home,Arizona Diamondbacks,ARI,Milwaukee Brewers,MIL,31,0,4,0,0.0,4,11,36,0.129,0.25,0.129,0.379,149,83,-0.479,0.91,0.366,,-4.4,24,9,8.0,0,47,20,16,12,8,5,0,45,1,0,-0.022,0.9,33,3,9,3,3.38,4,9,37,0.273,0.351,0.455,0.806,131,91,0.021,1.19,0.704,,-0.9,27,11,9.0,0,55,11,25,12,12,7,0,67,0,0,0.478,4.4
SFN/SFN201507270,"Monday, July 27, 2015",7:15 p.m. Local,AT&T Park,41988,2:37,Night,Home,San Francisco Giants,SFG,Milwaukee Brewers,MIL,30,2,7,2,2.0,3,8,33,0.233,0.303,0.3,0.603,120,80,-0.35,0.79,0.489,,-2.1,24,8,8.0,1,41,19,20,11,11,6,0,45,1,0,-0.148,-0.3,29,4,6,4,4.5,3,2,33,0.207,0.273,0.379,0.652,121,69,0.148,1.18,0.573,,0.3,27,13,9.0,0,43,6,20,11,17,5,0,60,0,0,0.351,2.1
SFN/SFN201507280,"Tuesday, July 28, 2015",7:15 p.m. Local,AT&T Park,42743,2:38,Night,Away,Milwaukee Brewers,MIL,San Francisco Giants,SFG,34,5,9,5,5.0,0,6,36,0.265,0.25,0.471,0.721,124,92,0.203,0.83,0.446,,0.9,27,11,9.0,0,62,11,19,10,20,12,0,55,3,2,0.298,2.1,31,2,7,2,2.0,2,6,34,0.226,0.265,0.258,0.523,128,84,-0.298,0.51,0.293,,-2.1,27,6,9.0,0,53,10,21,16,10,5,0,43,0,0,-0.201,-0.9
SFN/SFN201507290,"Wednesday, July 29, 2015",12:46 p.m. Local,AT&T Park,42352,3:02,Day,Home,San Francisco Giants,SFG,Milwaukee Brewers,MIL,31,0,6,0,0.0,1,5,33,0.194,0.219,0.194,0.412,151,91,-0.442,0.79,0.301,,-4.1,24,5,8.0,0,60,14,17,14,13,6,0,60,2,2,-0.057,-1.3,29,5,8,5,5.62,3,8,34,0.276,0.324,0.345,0.668,135,95,0.057,1.04,0.545,,1.3,27,13,9.0,0,57,20,18,10,13,5,0,67,0,0,0.442,4.1
MIL/MIL201507300,"Thursday, July 30, 2015",7:10 p.m. Local,Miller Park,36306,3:07,Night,Away,Chicago Cubs,CHC,Milwaukee Brewers,MIL,34,5,9,5,5.0,3,10,39,0.265,0.316,0.382,0.698,127,100,0.314,0.88,1.131,,0.8,27,12,9.0,0,53,15,32,12,14,10,0,57,0,0,0.187,2.2,32,2,6,2,2.0,3,8,35,0.188,0.257,0.219,0.476,150,83,-0.186,1.2,0.372,,-2.2,27,10,9.0,1,48,17,18,15,9,6,0,78,2,2,-0.313,-0.8
MIL/MIL201507310,"Friday, July 31, 2015",7:11 p.m. Local,Miller Park,35669,3:18,Night,Away,Chicago Cubs,CHC,Milwaukee Brewers,MIL,36,4,9,4,3.0,2,11,39,0.25,0.289,0.389,0.678,151,103,0.122,1.16,0.709,,-0.2,27,10,9.0,1,59,17,27,10,16,7,0,55,2,0,0.379,3.2,33,1,7,1,1.0,3,8,36,0.212,0.278,0.333,0.611,158,97,-0.38,1.0,0.505,,-3.2,27,7,9.0,1,58,17,22,11,14,8,0,50,1,0,-0.122,0.2
MIL/MIL201508010,"Saturday, August 1, 2015",6:10 p.m. Local,Miller Park,41720,2:55,Night,Away,Chicago Cubs,CHC,Milwaukee Brewers,MIL,31,4,5,4,4.0,5,8,37,0.161,0.297,0.355,0.652,126,97,0.127,1.06,0.537,,-0.2,27,15,9.0,0,54,16,27,11,12,3,0,69,3,1,0.373,2.2,30,2,5,2,2.0,2,8,34,0.167,0.242,0.2,0.442,151,89,-0.373,0.63,0.364,,-2.2,27,9,9.0,2,50,14,25,14,9,5,0,53,0,0,-0.128,0.2
MIL/MIL201508020,"Sunday, August 2, 2015",1:10 p.m. Local,Miller Park,38536,3:12,Day,Away,Chicago Cubs,CHC,Milwaukee Brewers,MIL,35,4,9,4,4.0,2,9,38,0.257,0.316,0.371,0.687,155,99,0.154,1.31,0.639,,-0.2,27,15,9.0,0,65,13,21,10,16,10,0,61,0,0,0.345,1.2,36,3,8,3,2.0,0,6,36,0.222,0.222,0.278,0.5,161,106,-0.344,0.8,0.478,,-1.2,27,10,9.0,1,69,12,25,18,12,10,0,31,2,0,-0.155,0.2
MIL/MIL201508030,"Monday, August 3, 2015",7:10 p.m. Local,Miller Park,20888,3:06,Night,Away,San Diego Padres,SDP,Milwaukee Brewers,MIL,39,13,13,13,13.0,6,8,46,0.333,0.413,0.667,1.08,163,96,0.517,0.57,0.744,,8.8,27,13,9.0,1,58,15,23,9,23,12,0,51,0,0,-0.018,-0.8,35,5,9,4,4.0,4,8,39,0.257,0.333,0.4,0.733,158,105,0.017,0.49,0.386,,0.8,27,8,9.0,3,64,12,29,16,11,10,0,19,1,0,-0.518,-8.8
MIL/MIL201508040,"Tuesday, August 4, 2015",7:10 p.m. Local,Miller Park,23616,3:09,Night,Home,Milwaukee Brewers,MIL,San Diego Padres,SDP,33,1,6,1,0.0,1,7,35,0.182,0.2,0.212,0.412,139,94,-0.38,1.05,0.397,,-3.2,24,8,8.0,0,61,9,24,13,14,7,0,49,3,2,-0.119,-0.3,32,4,11,4,4.5,5,7,38,0.344,0.421,0.469,0.89,148,83,0.118,1.1,0.704,,0.3,27,9,9.0,0,50,14,19,14,12,5,0,69,3,0,0.382,3.2
MIL/MIL201508050,"Wednesday, August 5, 2015",7:10 p.m. Local,Miller Park,22975,2:57,Night,Home,Milwaukee Brewers,MIL,San Diego Padres,SDP,36,5,11,5,5.0,0,12,37,0.306,0.297,0.472,0.77,150,104,-0.212,0.42,0.383,,0.8,24,6,8.0,1,52,19,33,12,13,10,0,54,0,0,-0.286,-4.3,35,8,11,8,7.88,1,7,36,0.314,0.333,0.514,0.848,148,101,0.285,0.8,0.507,,4.3,27,9,9.0,1,60,13,28,10,18,10,0,65,2,0,0.215,-0.8
MIL/MIL201508060,"Thursday, August 6, 2015",1:11 p.m. Local,Miller Park,28789,2:52,Day,Home,Milwaukee Brewers,MIL,San Diego Padres,SDP,28,1,2,1,1.0,3,5,31,0.071,0.161,0.179,0.34,160,83,-0.21,0.43,0.147,,-3.2,24,11,8.0,2,50,11,22,15,8,2,0,19,0,0,-0.293,-6.3,35,10,14,10,11.25,4,5,42,0.4,0.462,0.6,1.062,129,100,0.293,0.5,0.497,,6.3,27,12,9.0,1,59,15,26,19,14,8,0,72,0,0,0.207,3.2
MIL/MIL201508070,"Friday, August 7, 2015",7:10 p.m. Local,Miller Park,28869,2:50,Night,Away,St. Louis Cardinals,STL,Milwaukee Brewers,MIL,36,6,10,6,6.0,2,6,38,0.278,0.316,0.5,0.816,145,90,0.247,0.72,0.633,,1.8,27,9,9.0,0,50,12,28,10,20,12,0,63,0,0,0.253,4.2,31,0,6,0,0.0,4,10,36,0.194,0.286,0.194,0.479,148,93,-0.253,0.64,0.267,,-4.2,27,8,9.0,1,55,17,21,11,11,6,0,29,0,0,-0.247,-1.8
MIL/MIL201508080,"Saturday, August 8, 2015",6:11 p.m. Local,Miller Park,34327,2:45,Night,Away,St. Louis Cardinals,STL,Milwaukee Brewers,MIL,32,3,5,3,3.0,2,5,34,0.156,0.206,0.281,0.487,132,85,0.02,1.06,0.336,,-1.2,27,12,9.0,0,48,10,27,11,16,11,0,74,0,0,0.48,4.2,27,0,2,0,0.0,5,10,32,0.074,0.219,0.074,0.293,138,87,-0.479,0.52,0.257,,-4.2,27,10,9.0,1,53,15,19,11,6,5,0,56,0,0,-0.02,1.2
MIL/MIL201508090,"Sunday, August 9, 2015",1:10 p.m. Local,Miller Park,34993,2:31,Day,Home,Milwaukee Brewers,MIL,St. Louis Cardinals,STL,34,4,8,4,4.0,0,10,35,0.235,0.235,0.353,0.588,100,83,0.064,1.09,0.843,,-0.2,24,12,8.0,3,48,15,20,15,10,4,0,53,2,1,-0.566,-1.3,26,5,7,5,5.62,4,3,31,0.269,0.367,0.615,0.982,118,64,0.567,1.19,1.158,,1.3,27,11,9.0,1,42,5,17,11,13,7,0,53,0,0,-0.066,0.2
CHN/CHN201508110,"Tuesday, August 11, 2015",7:05 p.m. Local,Wrigley Field,37109,3:10,Night,Home,Chicago Cubs,CHC,Milwaukee Brewers,MIL,34,3,7,3,3.0,1,10,35,0.206,0.229,0.353,0.582,186,90,-0.209,0.54,0.245,,-1.1,24,9,8.0,0,46,18,26,10,14,8,0,36,3,0,-0.292,-2.4,30,6,7,5,4.5,7,8,41,0.233,0.415,0.3,0.715,132,104,0.293,0.63,0.525,,2.4,27,5,9.0,1,49,28,27,9,14,6,0,51,1,0,0.208,1.1
CHN/CHN201508120,"Wednesday, August 12, 2015",7:05 p.m. Local,Wrigley Field,36438,2:55,Night,Home,Chicago Cubs,CHC,Milwaukee Brewers,MIL,35,2,6,1,0.9,1,12,37,0.171,0.194,0.286,0.48,128,85,-0.348,0.99,1.066,,-2.6,27,9,9.0,2,44,20,21,10,14,8,0,65,1,0,-0.154,1.1,30,3,4,3,3.0,3,8,34,0.133,0.212,0.333,0.545,118,86,0.151,1.85,0.798,,-1.1,30,8,10.0,1,44,18,24,9,14,5,0,61,1,0,0.347,2.6
CHN/CHN201508130,"Thursday, August 13, 2015",1:21 p.m. Local,Wrigley Field,40799,3:09,Day,Home,Chicago Cubs,CHC,Milwaukee Brewers,MIL,36,2,9,2,2.0,2,14,38,0.25,0.289,0.333,0.623,171,96,-0.192,0.64,0.441,,-2.1,24,5,8.0,5,55,20,21,10,12,6,0,38,1,1,-0.307,-5.4,34,9,11,9,10.12,5,8,39,0.324,0.41,0.824,1.234,141,104,0.308,0.9,0.709,,5.4,27,9,9.0,0,54,19,31,8,18,8,0,58,1,0,0.193,2.1
MIL/MIL201508140,"Friday, August 14, 2015",7:11 p.m. Local,Miller Park,34735,2:30,Night,Home,Milwaukee Brewers,MIL,Philadelphia Phillies,PHI,35,1,9,1,1.0,3,5,38,0.257,0.316,0.314,0.63,107,74,-0.394,0.42,0.417,,-3.2,24,8,8.0,1,43,10,21,13,17,9,0,55,0,0,-0.106,0.7,27,3,4,3,3.38,0,3,28,0.148,0.143,0.333,0.476,125,69,0.107,1.09,0.325,,-0.7,27,12,9.0,0,45,10,14,9,16,5,0,66,0,0,0.394,3.2
MIL/MIL201508150,"Saturday, August 15, 2015",6:10 p.m. Local,Miller Park,39204,2:58,Night,Home,Milwaukee Brewers,MIL,Philadelphia Phillies,PHI,33,2,7,2,2.0,2,11,38,0.212,0.297,0.394,0.691,116,84,-0.328,1.14,0.563,,-2.2,24,11,8.0,0,39,17,28,12,11,7,0,60,1,0,-0.174,-0.3,34,4,10,3,3.38,1,7,35,0.294,0.314,0.353,0.667,132,85,0.174,1.32,0.886,,0.3,27,11,9.0,1,54,17,14,17,10,8,0,60,2,0,0.327,2.2
MIL/MIL201508160,"Sunday, August 16, 2015",1:10 p.m. Local,Miller Park,33920,3:07,Day,Home,Milwaukee Brewers,MIL,Philadelphia Phillies,PHI,34,1,7,1,1.0,3,11,37,0.206,0.27,0.294,0.564,135,96,-0.306,0.52,0.204,,-3.2,24,12,8.0,1,43,24,29,11,12,10,0,27,5,0,-0.193,-2.3,33,6,8,6,6.75,3,6,36,0.242,0.306,0.424,0.73,140,84,0.194,0.75,0.466,,2.3,27,9,9.0,1,50,15,19,13,14,8,0,74,4,0,0.306,3.2
MIL/MIL201508170,"Monday, August 17, 2015",7:11 p.m. Local,Miller Park,21910,2:51,Night,Away,Miami Marlins,MIA,Milwaukee Brewers,MIL,37,6,12,6,6.0,1,5,40,0.324,0.333,0.459,0.793,138,91,0.294,0.89,0.64,,1.8,27,12,9.0,0,58,7,26,18,16,9,0,55,1,0,0.207,2.2,33,2,7,2,2.0,4,5,38,0.212,0.297,0.303,0.6,138,90,-0.205,0.6,0.438,,-2.2,27,10,9.0,1,60,14,16,15,14,10,0,33,0,0,-0.294,-1.8
MIL/MIL201508180,"Tuesday, August 18, 2015",7:10 p.m. Local,Miller Park,31937,3:38,Night,Away,Miami Marlins,MIA,Milwaukee Brewers,MIL,40,9,13,7,6.0,3,8,45,0.325,0.4,0.425,0.825,173,112,0.44,0.65,0.654,,4.8,27,8,9.0,0,65,11,36,17,15,12,0,33,4,1,0.06,-1.8,38,6,11,5,4.0,4,12,43,0.289,0.372,0.395,0.767,179,117,-0.059,0.45,0.454,,1.8,27,13,9.0,0,65,25,27,10,16,10,0,21,4,0,-0.442,-4.8
MIL/MIL201508190,"Wednesday, August 19, 2015",1:11 p.m. Local,Miller Park,30453,3:11,Day,Home,Milwaukee Brewers,MIL,Miami Marlins,MIA,36,7,11,7,7.0,5,6,42,0.306,0.39,0.583,0.974,140,92,0.11,0.99,0.862,,2.8,24,4,8.0,3,51,16,25,22,9,4,0,17,5,0,-0.61,-4.3,36,8,12,8,9.0,6,8,43,0.333,0.442,0.611,1.053,158,87,0.611,1.11,1.167,,4.3,27,18,9.0,2,49,15,23,9,19,8,0,24,2,0,-0.11,-2.8
WAS/WAS201508210,"Friday, August 21, 2015",7:04 p.m. Local,Nationals Park,29916,3:24,Night,Away,Milwaukee Brewers,MIL,Washington Nationals,WSN,36,10,14,9,7.0,3,7,44,0.389,0.405,0.556,0.96,157,118,0.369,0.62,0.726,,5.7,27,9,9.0,2,79,14,24,17,16,12,0,52,2,0,0.132,1.3,32,3,6,3,3.0,4,10,36,0.188,0.278,0.375,0.653,174,100,-0.133,0.69,0.306,,-1.3,27,11,9.0,1,55,18,27,9,13,6,0,36,3,3,-0.368,-5.7
WAS/WAS201508220,"Saturday, August 22, 2015",7:06 p.m. Local,Nationals Park,33171,2:44,Night,Home,Washington Nationals,WSN,Milwaukee Brewers,MIL,33,1,7,1,1.0,1,6,34,0.212,0.235,0.333,0.569,143,74,-0.257,0.45,0.147,,-3.3,24,9,8.0,2,52,10,12,16,11,6,0,30,0,0,-0.241,-2.2,33,6,11,6,6.75,3,10,36,0.333,0.389,0.576,0.965,107,95,0.242,0.55,0.534,,2.2,27,11,9.0,1,54,16,25,8,15,12,0,65,0,0,0.26,3.3
WAS/WAS201508230,"Sunday, August 23, 2015",1:36 p.m. Local,Nationals Park,28039,3:03,Day,Home,Washington Nationals,WSN,Milwaukee Brewers,MIL,36,5,10,5,5.0,1,11,38,0.278,0.316,0.556,0.871,148,115,0.021,0.77,0.441,,0.7,24,9,8.0,2,70,17,28,9,16,8,0,21,1,1,-0.52,-5.2,30,9,9,9,10.12,8,12,39,0.3,0.447,0.667,1.114,164,83,0.519,0.66,0.855,,5.2,27,6,9.0,3,43,14,26,9,10,7,0,43,1,0,-0.021,-0.7
CLE/CLE201508250,"Tuesday, August 25, 2015",7:10 p.m. Local,Progressive Field,11687,2:54,Night,Home,Cleveland Indians,CLE,Milwaukee Brewers,MIL,34,6,7,6,6.0,0,10,34,0.206,0.206,0.588,0.794,156,91,-0.047,0.64,0.29,,1.3,24,12,8.0,2,55,15,21,10,14,7,0,33,2,0,-0.453,-6.8,36,11,13,11,10.12,4,7,41,0.361,0.425,0.694,1.119,127,89,0.453,0.47,0.845,,6.8,27,10,9.0,4,52,9,28,15,15,9,0,53,0,0,0.047,-1.3
CLE/CLE201508260,"Wednesday, August 26, 2015",7:10 p.m. Local,Progressive Field,13052,3:39,Night,Home,Cleveland Indians,CLE,Milwaukee Brewers,MIL,33,2,7,2,2.0,3,11,37,0.212,0.27,0.364,0.634,169,107,-0.239,0.68,0.494,,-2.7,24,9,8.0,1,61,22,24,6,17,7,0,28,2,1,-0.261,-1.8,33,6,11,4,6.75,8,8,41,0.333,0.463,0.485,0.948,167,100,0.26,1.03,0.656,,1.8,27,4,9.0,1,52,16,32,14,11,7,0,53,4,1,0.24,2.7
MIL/MIL201508280,"Friday, August 28, 2015",7:11 p.m. Local,Miller Park,27632,2:51,Night,Home,Milwaukee Brewers,MIL,Cincinnati Reds,CIN,29,0,5,0,0.0,4,7,33,0.172,0.273,0.172,0.445,128,79,-0.428,0.5,0.284,,-4.2,24,7,8.0,1,37,16,26,8,14,8,0,65,1,0,-0.072,-1.3,30,5,6,5,5.62,4,11,34,0.2,0.294,0.367,0.661,137,87,0.071,0.95,0.368,,1.3,27,9,9.0,0,41,24,22,9,10,7,0,68,0,0,0.429,4.2
MIL/MIL201508290,"Saturday, August 29, 2015",6:13 p.m. Local,Miller Park,34365,3:59,Night,Away,Cincinnati Reds,CIN,Milwaukee Brewers,MIL,42,12,17,11,11.0,3,4,45,0.405,0.444,0.667,1.111,195,102,1.064,1.17,1.726,,7.8,27,5,9.0,0,65,12,27,23,15,8,0,26,3,3,-0.563,-4.8,38,9,13,8,8.0,4,9,44,0.342,0.386,0.5,0.886,163,122,0.562,1.06,1.238,,4.8,27,16,9.0,3,71,18,33,11,20,13,0,12,2,0,-1.063,-7.8
MIL/MIL201508300,"Sunday, August 30, 2015",1:11 p.m. Local,Miller Park,33293,2:38,Day,Home,Milwaukee Brewers,MIL,Cincinnati Reds,CIN,33,1,8,1,1.0,1,6,34,0.242,0.265,0.333,0.598,123,78,-0.485,0.71,0.412,,-3.2,24,12,8.0,1,50,5,23,17,10,6,0,62,1,1,-0.016,-0.3,28,4,9,4,4.5,1,9,33,0.321,0.355,0.679,1.033,129,82,0.016,1.21,0.464,,0.3,27,15,9.0,0,43,16,23,11,11,8,0,65,2,0,0.483,3.2
MIL/MIL201509010,"Tuesday, September 1, 2015",7:10 p.m. Local,Miller Park,18468,2:55,Night,Home,Milwaukee Brewers,MIL,Pittsburgh Pirates,PIT,34,4,8,4,4.0,0,10,34,0.235,0.235,0.588,0.824,164,92,-0.184,0.36,0.164,,-0.2,24,11,8.0,0,54,13,25,8,16,8,0,27,1,0,-0.315,-3.3,31,7,10,7,7.88,3,5,35,0.323,0.4,0.452,0.852,126,100,0.316,0.47,0.478,,3.3,27,7,9.0,3,64,10,27,11,15,9,0,71,1,0,0.185,0.2
MIL/MIL201509020,"Wednesday, September 2, 2015",7:10 p.m. Local,Miller Park,24521,3:07,Night,Home,Milwaukee Brewers,MIL,Pittsburgh Pirates,PIT,32,4,6,4,4.0,3,4,35,0.188,0.257,0.344,0.601,166,83,0.022,0.61,0.647,,-0.2,24,13,8.0,1,44,17,22,12,16,10,0,25,3,0,-0.521,-5.3,39,9,15,9,10.12,2,5,41,0.385,0.415,0.538,0.953,134,110,0.521,1.01,0.832,,5.3,27,14,9.0,1,70,20,20,22,12,7,0,39,2,1,-0.021,0.2
MIL/MIL201509030,"Thursday, September 3, 2015",6:21 p.m. Local,Miller Park,22424,3:12,Night,Home,Milwaukee Brewers,MIL,Pittsburgh Pirates,PIT,35,3,8,3,3.0,3,5,39,0.229,0.308,0.371,0.679,123,97,-0.278,0.98,0.709,,-1.2,24,10,8.0,1,63,8,26,15,15,7,0,36,1,0,-0.222,-1.3,30,5,10,5,5.62,5,9,36,0.333,0.417,0.633,1.05,152,80,0.222,1.58,0.803,,1.3,27,11,9.0,0,35,21,24,12,10,7,0,63,2,0,0.277,1.2
CIN/CIN201509051,"Saturday, September 5, 2015",1:10 p.m. Local,Great American Ball Park,28632,3:27,Day,Away,Milwaukee Brewers,MIL,Cincinnati Reds,CIN,38,8,14,8,8.0,4,6,44,0.368,0.432,0.579,1.011,163,100,0.616,1.4,1.325,,3.8,27,8,9.0,0,61,11,28,13,20,9,0,30,2,0,-0.117,-1.8,37,6,12,4,5.0,4,7,42,0.324,0.381,0.351,0.732,158,101,0.116,1.16,0.987,,1.8,27,12,9.0,1,58,14,29,12,19,11,0,29,1,1,-0.617,-3.8
CIN/CIN201509052,"Saturday, September 5, 2015",6:11 p.m. Local,Great American Ball Park,29842,3:11,Night,Away,Milwaukee Brewers,MIL,Cincinnati Reds,CIN,37,7,11,7,7.0,3,6,40,0.297,0.35,0.459,0.809,155,93,0.203,1.13,0.654,,2.8,27,10,9.0,1,56,15,22,15,16,9,0,51,1,0,0.297,1.2,33,3,7,3,3.0,2,4,37,0.212,0.297,0.424,0.722,151,92,-0.296,0.79,0.548,,-1.2,27,10,9.0,2,55,8,29,10,19,14,0,37,0,0,-0.203,-2.8
CIN/CIN201509060,"Sunday, September 6, 2015",1:11 p.m. Local,Great American Ball Park,28027,3:02,Day,Home,Cincinnati Reds,CIN,Milwaukee Brewers,MIL,34,3,9,3,3.0,1,6,36,0.265,0.286,0.382,0.668,149,85,-0.28,0.47,0.377,,-1.2,24,13,8.0,2,51,10,24,11,18,9,0,30,0,0,-0.22,-2.3,36,6,12,5,5.62,4,5,41,0.333,0.415,0.5,0.915,128,96,0.22,0.93,0.51,,2.3,27,12,9.0,1,65,9,22,19,12,9,0,45,2,0,0.28,1.2
MIA/MIA201509070,"Monday, September 7, 2015",1:11 p.m. Local,Marlins Park,16804,3:01,Day,Away,Milwaukee Brewers,MIL,Miami Marlins,MIA,41,9,15,9,9.0,5,5,47,0.366,0.426,0.61,1.035,130,110,0.286,0.47,0.694,,5.0,27,13,9.0,0,69,13,28,12,25,9,0,69,0,0,0.215,3.0,32,1,6,1,1.0,0,6,32,0.188,0.188,0.188,0.375,177,86,-0.214,0.6,0.11,,-3.0,27,6,9.0,1,48,9,29,15,11,6,0,25,3,1,-0.286,-5.0
MIA/MIA201509080,"Tuesday, September 8, 2015",7:11 p.m. Local,Marlins Park,14958,3:37,Night,Home,Miami Marlins,MIA,Milwaukee Brewers,MIL,39,4,13,4,4.0,5,16,44,0.333,0.409,0.41,0.819,150,121,-0.11,0.69,0.916,,-0.0,24,13,8.0,2,68,26,27,12,11,3,0,24,1,1,-0.389,-2.4,30,6,9,6,6.75,5,5,37,0.3,0.4,0.567,0.967,195,89,0.39,1.41,0.769,,2.4,27,3,9.0,1,56,10,23,16,11,6,0,43,7,0,0.11,0.0
MIA/MIA201509090,"Wednesday, September 9, 2015",7:11 p.m. Local,Marlins Park,15316,2:43,Night,Home,Miami Marlins,MIA,Milwaukee Brewers,MIL,28,2,4,1,2.0,2,10,31,0.143,0.226,0.179,0.404,152,76,-0.242,1.13,0.367,,-2.0,24,12,8.0,0,40,13,23,9,9,3,0,53,1,1,-0.257,-1.4,27,5,6,5,5.62,6,7,34,0.222,0.364,0.37,0.734,116,92,0.257,0.89,0.913,,1.4,27,11,9.0,0,51,14,27,14,7,3,0,74,0,0,0.243,2.0
PIT/PIT201509100,"Thursday, September 10, 2015",7:10 p.m. Local,PNC Park,21964,4:44,Night,Away,Milwaukee Brewers,MIL,Pittsburgh Pirates,PIT,49,6,12,6,4.15,6,14,56,0.245,0.327,0.367,0.695,212,121,0.381,1.89,1.843,,0.0,39,20,13.0,2,66,26,29,20,16,12,0,53,5,1,0.118,2.0,43,4,10,4,2.77,7,10,53,0.233,0.346,0.372,0.718,199,131,-0.119,1.62,1.717,,-2.0,39,19,13.0,1,74,24,33,16,19,8,0,50,2,0,-0.381,-0.0
PIT/PIT201509110,"Friday, September 11, 2015",7:08 p.m. Local,PNC Park,28346,3:12,Night,Home,Pittsburgh Pirates,PIT,Milwaukee Brewers,MIL,32,3,7,3,3.0,3,6,35,0.219,0.286,0.344,0.629,148,89,-0.189,1.09,0.562,,-1.1,24,10,8.0,0,50,14,27,15,11,8,0,42,2,1,-0.311,-2.3,31,6,9,6,6.75,3,6,38,0.29,0.378,0.323,0.701,142,91,0.311,0.99,0.878,,2.3,27,15,9.0,1,56,10,25,16,11,6,0,58,2,1,0.191,1.1
PIT/PIT201509120,"Saturday, September 12, 2015",7:08 p.m. Local,PNC Park,35749,2:55,Night,Home,Pittsburgh Pirates,PIT,Milwaukee Brewers,MIL,31,2,6,2,2.0,3,8,35,0.194,0.257,0.323,0.58,153,83,-0.195,0.49,0.078,,-2.1,24,11,8.0,1,45,13,25,13,11,9,0,23,1,0,-0.304,-6.3,33,10,11,9,11.25,8,6,42,0.333,0.463,0.515,0.979,126,86,0.303,0.37,0.509,,6.3,27,12,9.0,0,43,12,31,14,14,10,0,68,3,1,0.195,2.1
PIT/PIT201509130,"Sunday, September 13, 2015",1:56 p.m. Local,PNC Park,34740,3:47,Day,Home,Pittsburgh Pirates,PIT,Milwaukee Brewers,MIL,42,6,14,5,4.09,3,12,47,0.333,0.378,0.452,0.83,173,106,-0.197,1.75,0.983,,0.9,31,10,10.1,1,56,24,26,16,16,12,0,52,0,0,-0.304,-3.1,41,7,10,7,5.23,3,11,46,0.244,0.304,0.366,0.67,169,109,0.304,1.21,1.377,,3.1,33,13,11.0,1,59,14,36,13,18,8,0,27,1,0,0.197,-0.9
MIL/MIL201509150,"Tuesday, September 15, 2015",7:10 p.m. Local,Miller Park,30349,3:14,Night,Away,St. Louis Cardinals,STL,Milwaukee Brewers,MIL,36,3,7,3,1.8,5,9,41,0.194,0.293,0.361,0.654,147,106,-0.075,1.5,1.121,,-1.6,30,11,10.0,1,61,18,27,13,14,12,0,77,0,0,0.573,3.6,32,1,5,1,0.9,4,13,37,0.156,0.25,0.25,0.5,179,100,-0.573,1.56,0.491,,-3.6,30,11,10.0,1,53,24,23,12,8,6,0,57,1,0,0.074,1.6
MIL/MIL201509160,"Wednesday, September 16, 2015",7:11 p.m. Local,Miller Park,19827,3:05,Night,Away,St. Louis Cardinals,STL,Milwaukee Brewers,MIL,36,5,8,5,5.0,6,8,42,0.222,0.333,0.583,0.917,129,108,0.041,1.36,0.772,,0.8,27,14,9.0,1,70,13,25,13,15,8,0,44,1,0,0.457,0.2,35,4,8,4,4.0,1,8,36,0.229,0.25,0.371,0.621,180,85,-0.458,0.86,0.526,,-0.2,27,8,9.0,3,54,14,17,18,9,6,0,30,0,0,-0.043,-0.8
MIL/MIL201509170,"Thursday, September 17, 2015",7:10 p.m. Local,Miller Park,23734,2:51,Night,Away,St. Louis Cardinals,STL,Milwaukee Brewers,MIL,38,6,13,5,5.0,0,11,40,0.342,0.333,0.553,0.886,118,93,0.296,0.48,0.485,,1.8,27,10,9.0,1,49,20,24,19,10,8,0,73,0,0,0.205,1.2,32,3,8,3,3.0,2,10,35,0.25,0.294,0.344,0.638,137,78,-0.206,0.38,0.153,,-1.2,27,12,9.0,1,41,13,24,12,11,7,0,31,1,1,-0.296,-1.8
MIL/MIL201509180,"Friday, September 18, 2015",7:10 p.m. Local,Miller Park,37158,3:20,Night,Away,Cincinnati Reds,CIN,Milwaukee Brewers,MIL,34,5,9,5,5.0,8,9,43,0.265,0.405,0.529,0.934,149,105,0.229,1.69,0.765,,0.8,27,12,9.0,2,60,14,31,14,12,9,0,59,3,0,0.272,1.2,32,3,7,3,3.0,5,10,38,0.219,0.324,0.469,0.793,175,97,-0.271,0.8,0.898,,-1.2,27,11,9.0,2,63,14,20,14,9,4,0,50,2,1,-0.228,-0.8
MIL/MIL201509190,"Saturday, September 19, 2015",6:10 p.m. Local,Miller Park,30387,3:39,Night,Away,Cincinnati Reds,CIN,Milwaukee Brewers,MIL,40,9,13,9,8.0,3,11,44,0.325,0.372,0.575,0.947,159,113,0.891,1.16,1.693,,4.8,27,11,9.0,2,65,17,31,11,19,8,0,35,2,1,-0.391,-2.8,37,7,12,7,7.0,3,10,40,0.324,0.375,0.541,0.916,177,106,0.39,1.66,1.159,,2.8,27,7,9.0,2,56,24,26,16,11,7,0,32,1,1,-0.891,-4.8
MIL/MIL201509200,"Sunday, September 20, 2015",1:11 p.m. Local,Miller Park,29479,3:08,Day,Home,Milwaukee Brewers,MIL,Cincinnati Reds,CIN,34,4,7,4,4.0,3,8,37,0.206,0.27,0.471,0.741,155,87,-0.009,0.83,0.574,,-0.2,24,12,8.0,0,53,16,18,11,15,3,0,32,1,0,-0.491,-4.3,38,8,13,6,6.75,6,6,45,0.342,0.444,0.395,0.839,141,92,0.493,0.89,0.984,,4.3,27,10,9.0,3,50,18,24,23,9,4,0,53,0,0,0.008,0.2
CHN/CHN201509210,"Monday, September 21, 2015",7:06 p.m. Local,Wrigley Field,34373,3:08,Night,Home,Chicago Cubs,CHC,Milwaukee Brewers,MIL,36,5,8,4,4.0,1,10,37,0.222,0.243,0.417,0.66,151,97,0.082,0.91,0.84,,0.9,24,9,8.0,1,57,16,24,7,19,9,0,22,2,0,-0.584,-5.4,35,9,13,9,10.12,6,4,43,0.371,0.465,0.6,1.065,151,87,0.584,0.99,1.096,,5.4,27,7,9.0,2,57,12,18,12,20,12,0,48,1,0,-0.083,-0.9
CHN/CHN201509220,"Tuesday, September 22, 2015",7:06 p.m. Local,Wrigley Field,36270,2:22,Night,Home,Chicago Cubs,CHC,Milwaukee Brewers,MIL,30,0,3,0,0.0,1,11,31,0.1,0.129,0.133,0.262,119,85,-0.393,0.54,0.127,,-4.1,24,9,8.0,1,48,22,15,14,5,3,0,49,0,0,-0.106,-0.4,30,4,7,4,4.5,3,8,33,0.233,0.303,0.4,0.703,123,76,0.107,0.74,0.45,,0.4,27,10,9.0,0,46,12,18,9,13,6,0,91,,,0.394,4.1
CHN/CHN201509230,"Wednesday, September 23, 2015",7:05 p.m. Local,Wrigley Field,37559,2:38,Night,Away,Milwaukee Brewers,MIL,Chicago Cubs,CHC,32,4,6,4,4.0,4,10,37,0.188,0.27,0.219,0.489,132,84,0.034,1.04,0.474,,-0.1,27,15,9.0,1,47,15,22,13,10,6,0,71,0,0,0.467,3.1,30,1,4,1,1.0,1,6,31,0.133,0.161,0.233,0.395,129,88,-0.466,0.74,0.256,,-3.1,27,9,9.0,0,53,13,22,15,9,4,0,60,5,2,-0.033,0.1
SLN/SLN201509240,"Thursday, September 24, 2015",6:15 p.m. Local,Busch Stadium III,43243,3:03,Night,Home,St. Louis Cardinals,STL,Milwaukee Brewers,MIL,35,3,9,3,3.0,3,6,38,0.257,0.316,0.286,0.602,142,103,-0.025,0.73,0.449,,-1.2,24,12,8.0,2,68,11,24,19,10,8,0,33,0,0,-0.478,-3.3,33,7,12,7,7.88,3,9,37,0.364,0.432,0.576,1.008,157,91,0.48,0.74,0.805,,3.2,27,14,9.0,0,49,15,27,16,8,3,0,41,1,0,0.023,1.2
SLN/SLN201509250,"Friday, September 25, 2015",7:16 p.m. Local,Busch Stadium III,45057,3:19,Night,Away,Milwaukee Brewers,MIL,St. Louis Cardinals,STL,34,4,9,2,3.0,1,9,35,0.265,0.286,0.471,0.756,143,85,0.236,1.65,1.101,,-0.2,27,8,9.0,0,51,12,22,10,15,6,0,47,1,0,0.264,1.2,31,3,9,3,3.0,2,13,37,0.29,0.324,0.355,0.678,125,93,-0.266,1.21,0.818,,-1.2,27,5,9.0,1,49,24,20,11,11,7,0,49,3,1,-0.236,0.2
SLN/SLN201509260,"Saturday, September 26, 2015",6:17 p.m. Local,Busch Stadium III,45561,2:35,Night,Home,St. Louis Cardinals,STL,Milwaukee Brewers,MIL,33,1,7,1,1.0,0,10,33,0.212,0.212,0.273,0.485,145,80,-0.204,0.37,0.117,,-3.2,24,12,8.0,0,37,22,21,13,10,6,0,26,0,0,-0.295,-1.3,30,5,8,5,5.62,5,5,35,0.267,0.371,0.4,0.771,110,84,0.296,0.44,0.434,,1.3,27,11,9.0,0,53,10,21,15,10,6,0,72,0,0,0.204,3.2
SLN/SLN201509270,"Sunday, September 27, 2015",1:16 p.m. Local,Busch Stadium III,45021,3:10,Day,Away,Milwaukee Brewers,MIL,St. Louis Cardinals,STL,34,8,9,8,8.0,5,8,42,0.265,0.375,0.529,0.904,159,84,0.554,0.99,1.307,,3.8,27,11,9.0,2,55,9,20,13,15,6,0,56,2,0,-0.056,0.2,36,4,10,3,3.0,4,6,40,0.278,0.35,0.556,0.906,138,96,0.054,1.45,0.831,,-0.2,27,10,9.0,3,59,15,22,13,17,4,0,68,0,0,-0.557,-3.8
SDN/SDN201509290,"Tuesday, September 29, 2015",7:11 p.m. Local,Petco Park,36047,2:56,Night,Away,Milwaukee Brewers,MIL,San Diego Padres,SDP,32,4,7,4,4.0,4,12,36,0.219,0.306,0.344,0.649,137,93,0.168,1.36,0.727,,0.0,27,13,9.0,0,47,16,30,12,8,3,0,44,0,0,0.332,1.0,34,3,9,3,3.0,2,10,36,0.265,0.306,0.353,0.658,143,85,-0.332,0.95,0.673,,-1.0,27,10,9.0,1,47,16,24,13,11,9,0,48,1,0,-0.169,-0.0
SDN/SDN201509300,"Wednesday, September 30, 2015",7:10 p.m. Local,Petco Park,30514,3:00,Night,Away,Milwaukee Brewers,MIL,San Diego Padres,SDP,38,5,13,5,5.0,2,11,40,0.342,0.375,0.421,0.796,140,107,0.182,0.7,0.737,,1.0,27,14,9.0,0,68,19,20,17,10,6,0,71,0,0,0.318,4.0,29,0,6,0,0.0,5,9,34,0.207,0.324,0.241,0.565,150,86,-0.318,0.88,0.235,,-4.0,27,10,9.0,0,45,21,20,13,7,5,0,34,2,2,-0.182,-1.0
SDN/SDN201510010,"Thursday, October 1, 2015",3:40 p.m. Local,Petco Park,22129,3:05,Day,Home,San Diego Padres,SDP,Milwaukee Brewers,MIL,33,1,7,1,1.0,0,16,33,0.212,0.212,0.303,0.515,154,91,-0.414,0.86,0.341,,-3.0,24,10,8.0,1,43,23,25,7,10,6,0,37,1,1,-0.087,0.5,25,3,6,3,3.38,7,5,33,0.24,0.406,0.36,0.766,144,90,0.086,1.11,0.529,,-0.5,27,6,9.0,1,57,10,24,7,14,9,0,69,0,0,0.414,3.0
MIL/MIL201510020,"Friday, October 2, 2015",7:11 p.m. Local,Miller Park,30044,3:01,Night,Away,Chicago Cubs,CHC,Milwaukee Brewers,MIL,36,6,10,6,5.0,4,9,41,0.278,0.366,0.5,0.866,117,103,0.211,0.53,0.65,,1.8,27,12,9.0,1,62,22,19,12,15,8,0,75,0,0,0.29,3.2,32,1,4,1,1.0,1,10,33,0.125,0.152,0.219,0.37,170,78,-0.291,0.64,0.109,,-3.2,27,11,9.0,1,39,17,22,15,7,3,0,43,3,2,-0.211,-1.8
MIL/MIL201510030,"Saturday, October 3, 2015",6:10 p.m. Local,Miller Park,35291,2:49,Night,Away,Chicago Cubs,CHC,Milwaukee Brewers,MIL,33,1,8,1,1.0,5,9,40,0.242,0.342,0.333,0.675,118,89,-0.309,1.56,0.609,,-3.2,27,11,9.0,0,47,16,25,13,12,7,0,78,0,0,0.808,4.2,28,0,2,0,0.0,1,11,29,0.071,0.103,0.071,0.175,150,82,-0.807,1.2,0.328,,-4.2,27,9,9.0,0,36,12,34,12,5,4,0,55,0,0,0.307,3.2
MIL/MIL201510040,"Sunday, October 4, 2015",2:10 p.m. Local,Miller Park,32959,2:44,Day,Away,Chicago Cubs,CHC,Milwaukee Brewers,MIL,32,3,7,2,3.0,4,9,37,0.219,0.324,0.219,0.543,110,103,0.019,1.12,0.466,,-1.2,27,12,9.0,0,63,18,22,13,10,6,0,64,0,0,0.482,3.2,28,1,3,1,1.0,2,6,31,0.107,0.167,0.179,0.345,159,71,-0.484,0.72,0.298,,-3.2,27,8,9.0,0,43,8,20,10,13,4,0,43,0,0,-0.019,1.2
