,date,time,venue,attendance,duration,time_of_day,winner,winning_name,winning_abbr,losing_name,losing_abbr,away_at_bats,away_runs,away_hits,away_rbi,away_earned_runs,away_bases_on_balls,away_strikeouts,away_plate_appearances,away_batting_average,away_on_base_percentage,away_slugging_percentage,away_on_base_plus,away_pitches,away_strikes,away_win_probability_for_offensive_player,away_average_leverage_index,away_win_probability_added,away_win_probability_subtracted,away_base_out_runs_added,away_putouts,away_assists,away_innings_pitched,away_home_runs,away_strikes_by_contact,away_strikes_swinging,away_strikes_looking,away_grounded_balls,away_fly_balls,away_line_drives,away_unknown_bat_type,away_game_score,away_inherited_runners,away_inherited_score,away_win_probability_by_pitcher,away_base_out_runs_saved,home_at_bats,home_runs,home_hits,home_rbi,home_earned_runs,home_bases_on_balls,home_strikeouts,home_plate_appearances,home_batting_average,home_on_base_percentage,home_slugging_percentage,home_on_base_plus,home_pitches,home_strikes,home_win_probability_for_offensive_player,home_average_leverage_index,home_win_probability_added,home_win_probability_subtracted,home_base_out_runs_added,home_putouts,home_assists,home_innings_pitched,home_home_runs,home_strikes_by_contact,home_strikes_swinging,home_strikes_looking,home_grounded_balls,home_fly_balls,home_line_drives,home_unknown_bat_type,home_game_score,home_inherited_runners,home_inherited_score,home_win_probability_by_pitcher,home_base_out_runs_saved
OAK/OAK201504060,"Monday, April 6, 2015",7:09 p.m. Local,O.co Coliseum,36067,2:45,Night,Home,Oakland Athletics,OAK,Texas Rangers,TEX,28,0,1,0,0.0,1,5,30,0.036,0.1,0.036,0.136,174,76,-0.29,0.43,0.029,,-4.2,24,6,8.0,2,39,8,29,11,12,5,0,38,1,0,-0.21,-4.2,37,8,11,7,9.0,4,9,41,0.297,0.366,0.595,0.96,113,102,0.21,0.45,0.476,,4.2,27,8,9.0,0,45,14,43,9,19,11,0,82,0,0,0.289,4.2
OAK/OAK201504070,"Tuesday, April 7, 2015",7:08 p.m. Local,O.co Coliseum,15025,2:30,Night,Away,Texas Rangers,TEX,Oakland Athletics,OAK,34,3,8,2,3.0,0,6,37,0.235,0.297,0.265,0.562,135,85,0.009,1.44,0.527,,-1.2,27,9,9.0,0,45,21,19,16,12,8,0,64,0,0,0.492,3.2,30,1,5,1,1.0,3,7,33,0.167,0.242,0.233,0.476,125,84,-0.49,0.78,0.542,,-3.2,27,11,9.0,0,39,11,34,12,11,3,0,49,1,0,-0.009,1.2
OAK/OAK201504080,"Wednesday, April 8, 2015",7:07 p.m. Local,O.co Coliseum,19479,2:55,Night,Home,Oakland Athletics,OAK,Texas Rangers,TEX,30,0,3,0,0.0,2,13,33,0.1,0.156,0.133,0.29,158,85,-0.191,0.37,0.044,,-4.2,24,11,8.0,0,40,16,29,7,11,4,0,17,3,1,-0.309,-6.2,39,10,15,9,7.88,3,4,43,0.385,0.442,0.513,0.955,128,104,0.309,0.33,0.493,,6.2,27,4,9.0,0,63,12,29,16,19,10,0,83,0,0,0.191,4.2
OAK/OAK201504090,"Thursday, April 9, 2015",12:37 p.m. Local,O.co Coliseum,16045,2:32,Day,Away,Texas Rangers,TEX,Oakland Athletics,OAK,38,10,12,9,9.0,2,5,43,0.316,0.372,0.658,1.03,131,97,0.366,0.22,0.524,,5.8,27,8,9.0,0,63,13,21,13,21,7,0,72,0,0,0.133,3.2,31,1,6,1,1.0,3,6,34,0.194,0.265,0.226,0.491,143,85,-0.134,0.38,0.057,,-3.2,27,12,9.0,4,46,8,31,8,17,5,0,16,0,0,-0.366,-5.8
OAK/OAK201504100,"Friday, April 10, 2015",7:08 p.m. Local,O.co Coliseum,30114,2:44,Night,Home,Oakland Athletics,OAK,Seattle Mariners,SEA,29,0,3,0,0.0,2,7,31,0.103,0.161,0.103,0.265,164,77,-0.137,0.26,0.013,,-4.2,24,11,8.0,1,51,11,15,7,15,5,0,7,3,3,-0.364,-8.2,40,12,16,12,13.5,4,6,44,0.4,0.455,0.6,1.055,124,100,0.365,0.19,0.476,,8.2,27,8,9.0,0,57,12,31,17,17,13,0,79,0,0,0.136,4.2
OAK/OAK201504110,"Saturday, April 11, 2015",1:07 p.m. Local,O.co Coliseum,24355,3:39,Day,Away,Seattle Mariners,SEA,Oakland Athletics,OAK,42,5,10,5,1.64,3,7,46,0.238,0.289,0.405,0.694,162,110,0.42,2.21,1.442,,-0.2,33,15,11.0,0,69,14,27,17,19,9,0,52,3,1,0.079,1.2,42,4,12,4,3.27,3,6,47,0.286,0.333,0.357,0.69,174,101,-0.082,1.53,1.337,,-1.2,33,15,11.0,2,54,14,33,18,20,10,0,63,4,2,-0.421,0.2
OAK/OAK201504120,"Sunday, April 12, 2015",1:07 p.m. Local,O.co Coliseum,32282,3:11,Day,Away,Seattle Mariners,SEA,Oakland Athletics,OAK,37,8,7,6,4.5,3,6,41,0.189,0.244,0.378,0.622,156,98,0.772,1.53,1.41,,3.3,30,17,10.0,0,63,13,22,12,21,8,0,38,1,0,-0.272,-2.3,41,7,14,5,6.3,4,5,45,0.341,0.4,0.488,0.888,147,101,0.272,1.04,1.512,,2.3,30,10,10.0,2,56,8,37,23,13,6,0,53,2,0,-0.772,-3.3
HOU/HOU201504130,"Monday, April 13, 2015",7:11 p.m. Local,Minute Maid Park,19279,2:51,Night,Away,Oakland Athletics,OAK,Houston Astros,HOU,37,8,12,8,7.0,2,4,39,0.324,0.359,0.622,0.981,138,103,0.379,0.42,0.518,,3.8,27,10,9.0,1,62,8,33,17,16,10,0,67,0,0,0.121,3.2,31,1,5,1,1.0,4,11,35,0.161,0.257,0.29,0.547,156,83,-0.121,0.33,0.212,,-3.2,27,13,9.0,3,42,15,26,10,10,4,0,16,0,0,-0.379,-3.8
HOU/HOU201504140,"Tuesday, April 14, 2015",7:10 p.m. Local,Minute Maid Park,18935,2:58,Night,Away,Oakland Athletics,OAK,Houston Astros,HOU,31,4,7,4,4.0,2,7,36,0.226,0.306,0.323,0.628,145,91,0.036,1.13,0.478,,-0.2,27,13,9.0,0,45,14,32,11,14,7,0,59,4,0,0.464,4.2,33,0,8,0,0.0,4,7,38,0.242,0.342,0.242,0.585,143,93,-0.467,0.75,0.443,,-4.2,27,11,9.0,0,54,19,20,15,11,6,0,46,1,1,-0.035,0.2
HOU/HOU201504150,"Wednesday, April 15, 2015",7:12 p.m. Local,Minute Maid Park,19777,2:42,Night,Home,Houston Astros,HOU,Oakland Athletics,OAK,35,1,8,1,1.0,0,13,35,0.229,0.229,0.314,0.543,128,99,-0.282,0.46,0.298,,-3.2,24,6,8.0,3,50,16,33,12,10,4,0,43,1,0,-0.217,-2.2,30,6,8,6,6.75,2,11,32,0.267,0.313,0.7,1.013,140,80,0.215,0.88,0.481,,2.2,27,7,9.0,0,42,11,27,6,13,6,0,64,1,0,0.283,3.2
KCA/KCA201504170,"Friday, April 17, 2015",7:10 p.m. Local,Kauffman Stadium,39228,2:33,Night,Home,Kansas City Royals,KCR,Oakland Athletics,OAK,33,4,8,4,4.0,2,4,36,0.242,0.286,0.576,0.861,136,71,-0.086,1.22,0.805,,-0.6,24,12,8.0,0,40,5,26,11,19,7,0,38,0,0,-0.415,-1.9,36,6,15,6,6.75,1,5,38,0.417,0.421,0.5,0.921,111,92,0.414,1.3,1.104,,1.9,27,11,9.0,3,57,8,27,19,13,5,0,44,0,0,0.086,0.6
KCA/KCA201504180,"Saturday, April 18, 2015",6:11 p.m. Local,Kauffman Stadium,33151,2:34,Night,Away,Oakland Athletics,OAK,Kansas City Royals,KCR,34,5,8,5,5.0,2,6,37,0.235,0.297,0.353,0.65,122,83,0.224,0.56,0.503,,0.4,27,14,9.0,0,47,7,29,14,14,6,0,61,0,0,0.278,4.6,32,0,7,0,0.0,2,6,34,0.219,0.265,0.281,0.546,134,76,-0.278,0.48,0.208,,-4.6,27,12,9.0,1,47,11,18,13,13,7,0,32,1,0,-0.221,-0.4
KCA/KCA201504190,"Sunday, April 19, 2015",1:13 p.m. Local,Kauffman Stadium,36755,3:08,Day,Home,Kansas City Royals,KCR,Oakland Athletics,OAK,31,2,7,2,2.0,6,8,37,0.226,0.351,0.258,0.609,124,87,-0.251,1.58,0.441,,-2.6,24,13,8.0,0,50,13,24,13,10,5,0,62,1,1,-0.25,0.1,31,4,8,4,4.5,2,5,34,0.258,0.324,0.355,0.678,151,84,0.252,1.0,0.996,,-0.1,27,14,9.0,0,54,11,19,15,11,7,0,51,0,0,0.25,2.6
ANA/ANA201504200,"Monday, April 20, 2015",7:08 p.m. Local,Angel Stadium of Anaheim,35228,2:57,Night,Away,Oakland Athletics,OAK,Los Angeles Angels of Anaheim,LAA,32,6,8,6,6.0,4,6,38,0.25,0.316,0.531,0.847,143,85,0.307,1.27,0.769,,1.9,27,12,9.0,0,49,10,26,10,18,9,0,40,2,0,0.192,1.1,32,3,5,3,2.0,5,7,37,0.156,0.27,0.188,0.458,139,88,-0.192,0.89,0.69,,-1.1,27,7,9.0,2,52,11,25,11,14,7,0,24,0,0,-0.307,-1.9
ANA/ANA201504210,"Tuesday, April 21, 2015",7:09 p.m. Local,Angel Stadium of Anaheim,32137,3:15,Night,Home,Los Angeles Angels of Anaheim,LAA,Oakland Athletics,OAK,32,1,5,1,1.0,4,10,36,0.156,0.25,0.25,0.5,177,94,-0.205,0.42,0.164,,-3.1,24,9,8.0,2,53,9,32,7,15,7,0,38,3,3,-0.296,-10.3,39,14,15,11,13.5,4,9,44,0.385,0.432,0.615,1.047,146,109,0.296,0.52,0.562,,10.3,27,5,9.0,1,66,13,30,10,21,12,0,67,0,0,0.204,3.1
ANA/ANA201504220,"Wednesday, April 22, 2015",7:07 p.m. Local,Angel Stadium of Anaheim,30034,2:58,Night,Away,Oakland Athletics,OAK,Los Angeles Angels of Anaheim,LAA,41,9,18,8,9.0,2,5,45,0.439,0.455,0.537,0.991,124,105,0.253,0.77,1.023,,4.9,27,5,9.0,0,55,10,40,17,21,13,0,74,0,0,0.246,2.1,31,2,4,2,2.0,3,10,34,0.129,0.206,0.194,0.399,158,80,-0.245,1.08,0.245,,-2.1,27,12,9.0,1,45,17,18,7,14,7,0,55,4,3,-0.255,-4.9
ANA/ANA201504230,"Thursday, April 23, 2015",4:07 p.m. Local,Angel Stadium of Anaheim,24304,2:20,Day,Home,Los Angeles Angels of Anaheim,LAA,Oakland Athletics,OAK,35,0,8,0,0.0,2,8,37,0.229,0.27,0.257,0.527,108,95,-0.523,0.58,0.43,,-4.1,24,5,8.0,1,44,15,36,13,14,5,0,65,0,0,0.022,1.7,25,2,1,2,1.12,3,4,29,0.04,0.143,0.16,0.303,145,65,-0.022,1.27,0.271,,-1.7,27,9,9.0,0,36,8,21,7,15,7,0,66,1,0,0.522,4.1
OAK/OAK201504240,"Friday, April 24, 2015",7:08 p.m. Local,O.co Coliseum,18205,3:36,Night,Away,Houston Astros,HOU,Oakland Athletics,OAK,41,5,11,5,4.09,7,10,49,0.268,0.375,0.317,0.692,161,114,0.209,1.79,1.393,,-0.2,33,15,11.0,1,72,18,26,12,20,9,0,85,3,0,0.289,1.2,38,4,8,4,3.27,3,5,42,0.211,0.268,0.316,0.584,187,100,-0.29,1.68,1.078,,-1.2,33,15,11.0,0,63,7,30,18,16,6,0,71,2,1,-0.21,0.2
OAK/OAK201504250,"Saturday, April 25, 2015",1:07 p.m. Local,O.co Coliseum,24342,2:55,Day,Away,Houston Astros,HOU,Oakland Athletics,OAK,38,9,11,8,7.0,4,4,44,0.289,0.386,0.526,0.913,152,81,0.307,0.36,0.577,,4.8,27,10,9.0,0,52,7,22,7,27,16,0,56,1,0,0.194,1.2,33,3,6,3,3.0,4,9,37,0.182,0.27,0.242,0.513,142,93,-0.194,0.39,0.087,,-1.2,27,8,9.0,2,49,10,34,12,12,5,0,22,2,1,-0.307,-4.8
OAK/OAK201504260,"Sunday, April 26, 2015",1:07 p.m. Local,O.co Coliseum,22080,3:11,Day,Away,Houston Astros,HOU,Oakland Athletics,OAK,38,7,10,7,5.0,4,9,42,0.263,0.333,0.395,0.728,139,107,0.682,1.24,1.893,,2.8,27,10,9.0,0,56,28,23,11,18,7,0,34,1,0,-0.181,-1.8,32,6,7,6,6.0,3,6,37,0.219,0.278,0.344,0.622,167,90,0.181,1.91,0.94,,1.8,27,8,9.0,1,54,9,27,11,17,8,0,40,2,0,-0.682,-2.8
OAK/OAK201504280,"Tuesday, April 28, 2015",7:08 p.m. Local,O.co Coliseum,17674,2:06,Night,Home,Oakland Athletics,OAK,Los Angeles Angels of Anaheim,LAA,30,2,6,2,2.0,1,9,31,0.2,0.226,0.2,0.426,116,82,-0.118,0.53,0.29,,-2.2,24,7,8.0,2,46,13,23,9,12,6,0,42,0,0,-0.383,-2.2,31,6,7,6,6.75,1,1,33,0.226,0.273,0.419,0.692,117,76,0.384,0.7,0.618,,2.2,27,10,9.0,0,42,5,29,12,18,11,0,67,0,0,0.116,2.2
OAK/OAK201504290,"Wednesday, April 29, 2015",7:07 p.m. Local,O.co Coliseum,16212,3:01,Night,Away,Los Angeles Angels of Anaheim,LAA,Oakland Athletics,OAK,33,6,8,6,6.0,3,11,37,0.242,0.324,0.364,0.688,131,94,0.446,1.3,0.943,,1.8,27,9,9.0,0,51,21,22,11,11,9,0,47,2,1,0.053,1.2,35,3,8,3,3.0,1,7,36,0.229,0.25,0.343,0.593,153,85,-0.052,0.94,0.839,,-1.2,27,9,9.0,1,44,15,26,11,17,8,0,52,5,2,-0.448,-1.8
OAK/OAK201504300,"Thursday, April 30, 2015",12:37 p.m. Local,O.co Coliseum,19534,3:23,Day,Away,Los Angeles Angels of Anaheim,LAA,Oakland Athletics,OAK,36,6,12,6,6.0,4,5,42,0.333,0.4,0.417,0.817,161,94,0.196,1.8,0.593,,1.8,27,11,9.0,1,61,9,27,17,16,9,0,62,3,3,0.303,-0.8,34,5,9,5,4.0,5,5,39,0.265,0.359,0.353,0.712,154,95,-0.303,0.75,0.886,,0.8,27,11,9.0,0,47,16,32,14,15,6,0,39,1,0,-0.196,-1.8
TEX/TEX201505010,"Friday, May 1, 2015",7:07 p.m. Local,Globe Life Park in Arlington,29700,3:11,Night,Away,Oakland Athletics,OAK,Texas Rangers,TEX,34,7,8,7,7.0,4,9,38,0.235,0.316,0.353,0.669,140,106,0.435,0.71,0.972,,2.4,27,7,9.0,2,63,14,30,12,13,8,0,53,1,1,0.064,-0.4,34,5,9,5,5.0,2,8,39,0.265,0.308,0.588,0.896,173,93,-0.066,0.94,0.43,,0.4,27,9,9.0,1,56,12,25,10,18,14,0,74,4,4,-0.436,-2.4
TEX/TEX201505020,"Saturday, May 2, 2015",7:08 p.m. Local,Globe Life Park in Arlington,32207,3:45,Night,Home,Texas Rangers,TEX,Oakland Athletics,OAK,40,7,12,6,1.8,1,5,44,0.3,0.341,0.45,0.791,157,113,0.09,1.24,1.487,,1.9,27,7,9.0,2,70,11,32,21,15,11,0,43,7,4,-0.592,-5.2,40,8,14,8,8.0,5,8,45,0.35,0.422,0.575,0.997,169,90,0.593,1.86,1.417,,5.2,30,18,10.0,1,49,14,27,14,18,9,0,46,5,4,-0.09,-1.9
TEX/TEX201505030,"Sunday, May 3, 2015",2:07 p.m. Local,Globe Life Park in Arlington,36006,3:21,Day,Away,Oakland Athletics,OAK,Texas Rangers,TEX,36,7,10,6,6.0,6,2,42,0.278,0.381,0.556,0.937,160,95,0.098,1.01,0.704,,2.4,27,9,9.0,0,56,0,39,15,19,12,0,73,5,1,0.403,3.6,31,1,4,1,1.0,9,13,42,0.129,0.333,0.161,0.495,173,96,-0.403,0.83,0.429,,-3.6,27,12,9.0,3,45,21,30,8,11,4,0,43,3,2,-0.097,-2.4
MIN/MIN201505040,"Monday, May 4, 2015",7:10 p.m. Local,Target Field,20605,3:10,Night,Home,Minnesota Twins,MIN,Oakland Athletics,OAK,40,7,13,7,7.0,2,5,42,0.325,0.357,0.55,0.907,161,94,0.1,1.13,0.95,,2.6,24,8,8.0,1,67,7,20,14,21,7,0,28,2,2,-0.6,-4.1,36,8,13,8,9.0,2,8,38,0.361,0.395,0.583,0.978,143,102,0.6,1.12,1.3,,4.1,27,10,9.0,2,65,15,22,10,18,9,0,34,1,1,-0.099,-2.6
MIN/MIN201505050,"Tuesday, May 5, 2015",7:11 p.m. Local,Target Field,18135,2:43,Night,Away,Oakland Athletics,OAK,Minnesota Twins,MIN,35,2,9,2,2.0,2,7,37,0.257,0.297,0.257,0.554,117,93,-0.149,1.73,0.456,,-2.4,27,6,9.0,0,54,13,26,13,15,6,0,74,4,1,0.649,3.4,32,1,5,1,0.0,1,9,33,0.156,0.182,0.156,0.338,145,75,-0.649,0.88,0.549,,-3.4,27,9,9.0,0,38,13,24,10,13,6,0,52,3,1,0.148,2.4
MIN/MIN201505060,"Wednesday, May 6, 2015",7:10 p.m. Local,Target Field,18866,2:56,Night,Home,Minnesota Twins,MIN,Oakland Athletics,OAK,32,0,6,0,0.0,2,5,34,0.188,0.235,0.25,0.485,158,90,-0.259,0.38,0.201,,-4.4,24,8,8.0,3,52,6,32,15,12,6,0,36,1,0,-0.242,-9.1,35,13,12,13,14.62,4,6,41,0.343,0.415,0.714,1.129,139,105,0.241,0.61,0.45,,9.1,27,13,9.0,0,67,15,23,10,20,12,0,63,0,0,0.258,4.4
MIN/MIN201505070,"Thursday, May 7, 2015",12:11 p.m. Local,Target Field,22379,2:57,Day,Home,Minnesota Twins,MIN,Oakland Athletics,OAK,33,5,8,5,5.0,2,6,37,0.242,0.27,0.424,0.695,142,94,-0.141,1.21,0.683,,0.6,24,8,8.0,0,52,13,29,11,18,5,0,34,2,2,-0.359,-2.1,28,6,5,5,4.5,6,6,35,0.179,0.314,0.214,0.529,149,89,0.36,1.26,0.887,,2.1,27,8,9.0,1,53,11,25,10,13,5,0,39,1,0,0.141,-0.6
SEA/SEA201505080,"Friday, May 8, 2015",7:17 p.m. Local,Safeco Field,25187,3:34,Night,Home,Seattle Mariners,SEA,Oakland Athletics,OAK,40,3,6,3,2.45,3,14,44,0.15,0.227,0.25,0.477,178,117,-0.412,1.58,0.842,,-2.1,30,7,10.0,1,62,21,34,16,10,3,0,63,1,1,-0.088,0.6,39,4,10,4,3.6,3,15,42,0.256,0.31,0.41,0.72,180,116,0.089,1.53,1.261,,-0.6,33,9,11.0,1,61,29,26,12,12,6,0,49,2,0,0.412,2.1
SEA/SEA201505090,"Saturday, May 9, 2015",6:10 p.m. Local,Safeco Field,37441,3:36,Night,Home,Seattle Mariners,SEA,Oakland Athletics,OAK,39,2,10,2,2.0,2,13,41,0.256,0.293,0.333,0.626,178,103,-0.202,0.42,0.364,,-2.2,24,9,8.0,0,52,17,34,11,15,10,0,33,8,2,-0.297,-3.3,35,7,10,3,5.62,6,6,43,0.286,0.419,0.343,0.761,162,107,0.297,0.77,0.543,,3.3,27,5,9.0,1,60,16,31,14,15,10,0,61,2,0,0.204,2.2
SEA/SEA201505100,"Sunday, May 10, 2015",1:10 p.m. Local,Safeco Field,42831,2:36,Day,Home,Seattle Mariners,SEA,Oakland Athletics,OAK,33,3,6,3,3.0,1,7,34,0.182,0.206,0.455,0.66,136,85,-0.31,0.82,0.352,,-1.2,24,6,8.0,0,46,10,29,10,16,7,0,53,1,0,-0.191,-0.3,29,4,5,4,4.5,4,7,34,0.172,0.265,0.276,0.541,129,83,0.192,0.92,0.649,,0.3,27,7,9.0,3,46,13,24,11,12,8,0,64,0,0,0.309,1.2
OAK/OAK201505110,"Monday, May 11, 2015",7:07 p.m. Local,O.co Coliseum,19743,3:57,Night,Away,Boston Red Sox,BOS,Oakland Athletics,OAK,39,5,10,5,4.09,7,5,47,0.256,0.37,0.385,0.754,179,118,0.221,1.55,1.492,,-0.2,33,8,11.0,0,72,20,26,11,24,16,0,39,2,0,0.278,1.2,44,4,13,3,3.27,3,7,48,0.295,0.333,0.386,0.72,192,120,-0.277,1.59,1.037,,-1.2,33,10,11.0,1,78,15,27,10,28,16,0,55,1,0,-0.222,0.2
OAK/OAK201505120,"Tuesday, May 12, 2015",7:07 p.m. Local,O.co Coliseum,24605,2:32,Night,Home,Oakland Athletics,OAK,Boston Red Sox,BOS,30,2,4,2,2.0,0,5,30,0.133,0.133,0.167,0.3,167,78,-0.144,0.27,0.015,,-2.2,24,14,8.0,3,43,10,25,9,15,9,1,21,1,1,-0.357,-5.2,36,9,12,9,10.12,4,5,40,0.333,0.4,0.667,1.067,123,102,0.357,0.22,0.458,,5.2,27,11,9.0,0,55,11,36,20,11,5,0,64,0,0,0.143,2.2
OAK/OAK201505130,"Wednesday, May 13, 2015",12:38 p.m. Local,O.co Coliseum,22389,2:33,Day,Away,Boston Red Sox,BOS,Oakland Athletics,OAK,33,2,6,1,1.0,1,11,35,0.182,0.229,0.182,0.41,123,92,-0.155,1.58,0.367,,-2.2,27,10,9.0,0,42,17,33,13,9,4,0,61,0,0,0.656,4.2,31,0,5,0,0.0,5,4,36,0.161,0.278,0.258,0.536,141,78,-0.656,0.82,0.58,,-4.2,27,11,9.0,0,36,10,32,14,13,5,0,76,2,0,0.157,2.2
OAK/OAK201505150,"Friday, May 15, 2015",7:07 p.m. Local,O.co Coliseum,21464,3:34,Night,Away,Chicago White Sox,CHW,Oakland Athletics,OAK,35,7,9,7,2.0,2,9,39,0.257,0.333,0.343,0.676,183,90,0.463,1.5,1.074,,2.8,27,13,9.0,1,53,12,25,14,12,11,0,31,3,1,0.037,-1.8,38,6,12,6,6.0,8,7,46,0.316,0.435,0.5,0.935,147,107,-0.038,1.09,1.119,,1.8,27,12,9.0,0,55,14,38,14,17,13,0,54,7,5,-0.463,-2.8
OAK/OAK201505160,"Saturday, May 16, 2015",6:08 p.m. Local,O.co Coliseum,28445,3:06,Night,Away,Chicago White Sox,CHW,Oakland Athletics,OAK,37,4,13,4,4.0,2,5,40,0.351,0.4,0.405,0.805,149,101,0.113,1.39,1.045,,-0.2,27,5,9.0,1,59,14,28,17,15,10,0,66,3,0,0.387,1.2,33,3,7,2,3.0,3,6,36,0.212,0.278,0.333,0.611,155,96,-0.386,1.25,0.657,,-1.2,27,15,9.0,0,53,12,31,11,16,6,0,49,1,0,-0.112,0.2
OAK/OAK201505170,"Sunday, May 17, 2015",1:07 p.m. Local,O.co Coliseum,33195,2:56,Day,Away,Chicago White Sox,CHW,Oakland Athletics,OAK,38,7,10,6,5.0,3,10,42,0.263,0.317,0.395,0.712,134,113,0.351,1.17,0.919,,2.8,27,9,9.0,1,61,18,34,22,7,6,0,56,0,0,0.148,1.2,33,3,8,3,3.0,3,6,36,0.242,0.306,0.333,0.639,168,88,-0.148,1.07,0.67,,-1.2,27,13,9.0,1,57,11,20,12,15,6,0,36,3,0,-0.352,-2.8
HOU/HOU201505180,"Monday, May 18, 2015",7:12 p.m. Local,Minute Maid Park,21724,3:15,Night,Away,Oakland Athletics,OAK,Houston Astros,HOU,32,2,6,2,2.0,5,9,37,0.188,0.297,0.281,0.579,136,103,-0.184,1.63,0.647,,-2.2,27,12,9.0,0,56,9,38,16,7,3,0,52,2,0,0.683,3.2,25,1,2,1,1.0,6,8,35,0.08,0.273,0.08,0.353,174,84,-0.684,1.22,0.492,,-3.2,27,11,9.0,0,33,29,22,14,6,1,0,56,4,1,0.182,2.2
HOU/HOU201505190,"Tuesday, May 19, 2015",7:10 p.m. Local,Minute Maid Park,17575,3:21,Night,Home,Houston Astros,HOU,Oakland Athletics,OAK,33,4,10,3,4.0,4,6,37,0.303,0.378,0.485,0.863,155,97,-0.357,0.82,0.598,,-0.2,24,8,8.0,3,52,11,34,12,15,11,0,42,1,1,-0.143,-2.2,33,6,11,6,6.75,4,6,37,0.333,0.405,0.636,1.042,154,95,0.143,1.15,0.679,,2.2,27,17,9.0,1,53,19,23,14,13,2,0,51,1,0,0.356,0.2
HOU/HOU201505200,"Wednesday, May 20, 2015",1:11 p.m. Local,Minute Maid Park,21066,3:02,Day,Home,Houston Astros,HOU,Oakland Athletics,OAK,35,1,7,0,0.0,3,7,38,0.2,0.263,0.229,0.492,149,99,-0.327,0.66,0.601,,-3.2,24,10,8.0,1,55,14,30,19,9,6,0,54,1,0,-0.174,-2.2,33,6,10,6,6.75,3,9,37,0.303,0.351,0.485,0.836,153,95,0.174,1.38,0.572,,2.2,27,15,9.0,0,56,17,22,14,11,5,0,65,1,0,0.327,3.2
TBA/TBA201505210,"Thursday, May 21, 2015",7:12 p.m. Local,Tropicana Field,10605,2:58,Night,Home,Tampa Bay Rays,TBR,Oakland Athletics,OAK,32,0,6,0,0.0,2,9,34,0.188,0.235,0.25,0.485,140,101,-0.516,0.7,0.282,,-4.2,24,5,8.0,1,64,10,27,10,13,4,0,55,1,1,0.017,0.7,32,3,7,3,3.38,1,8,33,0.219,0.242,0.344,0.586,152,90,-0.016,1.06,0.421,,-0.7,27,5,9.0,0,60,9,21,7,17,8,0,61,0,0,0.516,4.2
TBA/TBA201505220,"Friday, May 22, 2015",7:10 p.m. Local,Tropicana Field,12329,3:05,Night,Home,Tampa Bay Rays,TBR,Oakland Athletics,OAK,36,2,9,2,2.0,4,12,41,0.25,0.317,0.333,0.65,144,99,-0.297,1.0,0.675,,-2.2,24,12,8.0,3,48,16,35,10,15,7,0,44,2,0,-0.204,-1.3,33,5,12,5,4.5,3,5,37,0.364,0.417,0.727,1.144,158,89,0.205,1.26,0.842,,1.3,27,5,9.0,1,58,14,17,15,14,5,0,56,5,0,0.298,2.2
TBA/TBA201505230,"Saturday, May 23, 2015",4:10 p.m. Local,Tropicana Field,15207,2:55,Day,Away,Oakland Athletics,OAK,Tampa Bay Rays,TBR,35,5,10,4,4.0,7,6,42,0.286,0.405,0.286,0.69,132,109,0.144,0.79,0.788,,0.8,27,9,9.0,0,59,11,39,12,17,10,0,70,1,0,0.356,4.2,32,0,6,0,0.0,3,9,36,0.188,0.278,0.219,0.497,182,84,-0.356,1.0,0.235,,-4.2,27,10,9.0,0,42,14,28,12,11,5,0,48,2,2,-0.145,-0.8
TBA/TBA201505240,"Sunday, May 24, 2015",1:10 p.m. Local,Tropicana Field,15692,2:53,Day,Away,Oakland Athletics,OAK,Tampa Bay Rays,TBR,32,7,8,7,7.0,6,7,41,0.25,0.366,0.563,0.928,147,100,0.187,0.77,0.528,,2.8,27,13,9.0,0,52,15,33,10,17,7,0,63,3,2,0.313,2.2,36,2,10,2,2.0,1,8,37,0.278,0.297,0.306,0.603,150,102,-0.314,0.57,0.239,,-2.2,27,7,9.0,3,58,24,20,14,14,7,0,41,0,0,-0.188,-2.8
OAK/OAK201505250,"Monday, May 25, 2015",1:09 p.m. Local,O.co Coliseum,25380,2:40,Day,Home,Oakland Athletics,OAK,Detroit Tigers,DET,32,0,4,0,0.0,1,5,33,0.125,0.152,0.125,0.277,120,76,-0.408,0.99,0.245,,-4.2,24,8,8.0,0,47,8,21,16,11,5,0,41,2,0,-0.093,-0.2,33,4,9,4,4.5,1,6,35,0.273,0.286,0.394,0.68,112,80,0.092,0.82,0.674,,0.2,27,14,9.0,0,53,4,23,10,18,9,0,83,,,0.407,4.2
OAK/OAK201505260,"Tuesday, May 26, 2015",7:07 p.m. Local,O.co Coliseum,22758,2:58,Night,Away,Detroit Tigers,DET,Oakland Athletics,OAK,28,1,6,1,0.0,4,4,33,0.214,0.303,0.214,0.517,137,75,-0.317,1.77,0.314,,-3.3,27,10,9.0,0,45,14,16,10,15,5,0,69,1,0,0.817,4.2,35,0,7,0,0.0,1,3,37,0.2,0.243,0.257,0.5,130,95,-0.818,0.9,0.547,,-4.2,27,10,9.0,0,62,11,22,11,21,9,0,72,0,0,0.318,3.2
OAK/OAK201505270,"Wednesday, May 27, 2015",12:37 p.m. Local,O.co Coliseum,20387,3:06,Day,Away,Detroit Tigers,DET,Oakland Athletics,OAK,34,3,9,3,3.0,5,12,39,0.265,0.359,0.382,0.741,141,110,0.012,1.99,0.698,,-1.2,27,13,9.0,0,65,20,25,10,12,9,0,59,2,1,0.487,2.2,29,2,6,2,2.0,5,5,35,0.207,0.314,0.379,0.694,173,86,-0.486,1.0,0.877,,-2.3,27,10,9.0,1,50,11,28,12,13,5,0,60,0,0,-0.014,1.2
OAK/OAK201505280,"Thursday, May 28, 2015",7:07 p.m. Local,O.co Coliseum,21795,2:50,Night,Home,Oakland Athletics,OAK,New York Yankees,NYY,34,4,8,4,4.0,3,6,38,0.235,0.289,0.353,0.642,128,88,-0.153,1.39,0.521,,-0.2,24,6,8.0,2,50,12,26,14,15,9,0,39,4,2,-0.345,-1.2,32,5,9,5,5.62,2,5,35,0.281,0.314,0.5,0.814,145,87,0.346,1.0,1.046,,1.2,27,7,9.0,1,47,12,28,11,17,6,0,45,2,0,0.155,0.2
OAK/OAK201505290,"Friday, May 29, 2015",7:07 p.m. Local,O.co Coliseum,23540,2:49,Night,Home,Oakland Athletics,OAK,New York Yankees,NYY,32,2,6,2,2.0,2,6,34,0.188,0.235,0.313,0.548,149,79,-0.302,0.65,0.247,,-2.2,24,8,8.0,1,43,13,23,17,9,3,0,44,0,0,-0.199,-2.2,35,6,10,6,5.62,3,8,38,0.286,0.342,0.486,0.828,119,97,0.198,0.81,0.516,,2.2,27,14,9.0,1,56,15,26,14,13,5,0,69,2,0,0.3,2.2
OAK/OAK201505300,"Saturday, May 30, 2015",7:08 p.m. Local,O.co Coliseum,25223,3:06,Night,Away,New York Yankees,NYY,Oakland Athletics,OAK,37,5,10,5,4.0,1,6,38,0.27,0.289,0.351,0.641,158,93,0.267,1.37,0.836,,0.8,27,7,9.0,0,59,8,26,18,13,9,0,32,1,0,0.234,1.2,37,3,12,3,3.0,0,10,38,0.324,0.316,0.324,0.64,144,107,-0.235,0.97,0.607,,-1.2,27,13,9.0,1,59,15,33,15,13,7,0,47,1,0,-0.266,-0.8
OAK/OAK201505310,"Sunday, May 31, 2015",1:07 p.m. Local,O.co Coliseum,25457,2:21,Day,Home,Oakland Athletics,OAK,New York Yankees,NYY,33,0,8,0,0.0,1,7,34,0.242,0.265,0.242,0.507,108,82,-0.516,0.99,0.36,,-4.2,24,7,8.0,1,44,9,29,10,16,11,0,60,3,1,0.015,0.8,29,3,8,3,3.38,1,4,31,0.276,0.29,0.379,0.67,128,70,-0.015,1.25,0.537,,-0.8,27,9,9.0,0,41,7,22,12,14,6,0,74,0,0,0.516,4.2
DET/DET201506020,"Tuesday, June 2, 2015",7:08 p.m. Local,Comerica Park,28362,2:50,Night,Away,Oakland Athletics,OAK,Detroit Tigers,DET,34,5,7,5,5.0,5,9,39,0.206,0.308,0.294,0.602,133,89,0.349,1.08,0.936,,0.7,27,15,9.0,0,58,13,18,12,13,5,0,43,0,0,0.152,1.3,34,3,8,2,3.0,2,5,37,0.235,0.278,0.265,0.542,150,84,-0.153,1.1,0.544,,-1.3,27,6,9.0,1,52,9,23,17,13,6,0,50,3,3,-0.348,-0.7
DET/DET201506030,"Wednesday, June 3, 2015",7:08 p.m. Local,Comerica Park,30718,2:39,Night,Away,Oakland Athletics,OAK,Detroit Tigers,DET,32,6,7,6,6.0,5,1,40,0.219,0.35,0.469,0.819,128,76,0.21,0.55,0.48,,1.7,27,13,9.0,0,48,5,23,13,19,4,0,84,0,0,0.289,3.3,32,1,4,1,1.0,1,8,33,0.125,0.152,0.156,0.308,136,88,-0.289,0.47,0.119,,-3.3,27,10,9.0,1,50,14,24,16,8,4,0,48,3,1,-0.212,-1.7
DET/DET201506040,"Thursday, June 4, 2015",1:08 p.m. Local,Comerica Park,37411,3:06,Day,Away,Oakland Athletics,OAK,Detroit Tigers,DET,36,7,10,6,5.0,4,6,40,0.278,0.35,0.389,0.739,144,95,0.298,0.45,0.576,,2.7,27,11,9.0,1,51,14,30,11,19,9,0,67,0,0,0.203,-0.7,35,5,9,5,5.0,1,6,36,0.257,0.278,0.371,0.649,152,93,-0.204,0.44,0.141,,0.7,27,8,9.0,0,61,14,18,14,15,7,0,27,1,0,-0.295,-2.7
BOS/BOS201506050,"Friday, June 5, 2015",7:11 p.m. Local,Fenway Park,34910,2:31,Night,Home,Boston Red Sox,BOS,Oakland Athletics,OAK,33,2,8,2,2.0,1,8,35,0.242,0.286,0.364,0.649,120,89,-0.39,0.66,0.521,,-2.7,24,9,8.0,0,54,15,20,15,10,3,0,35,2,0,-0.111,0.2,32,4,11,2,3.38,1,7,34,0.344,0.353,0.438,0.79,122,80,0.11,1.22,0.462,,-0.2,27,14,9.0,1,41,12,27,14,12,6,0,63,1,0,0.39,2.7
BOS/BOS201506060,"Saturday, June 6, 2015",4:06 p.m. Local,Fenway Park,36713,3:10,Day,Home,Boston Red Sox,BOS,Oakland Athletics,OAK,32,2,5,2,2.0,4,10,36,0.156,0.25,0.344,0.594,162,91,-0.349,0.55,0.433,,-2.7,24,8,8.0,1,46,9,36,10,12,8,0,35,2,0,-0.15,0.2,33,4,11,4,4.5,6,8,39,0.333,0.436,0.515,0.951,154,102,0.151,1.04,0.554,,-0.2,27,8,9.0,1,60,13,29,14,11,9,0,64,3,0,0.349,2.7
BOS/BOS201506070,"Sunday, June 7, 2015",1:35 p.m. Local,Fenway Park,36913,3:11,Day,Home,Boston Red Sox,BOS,Oakland Athletics,OAK,37,4,11,3,4.0,3,8,40,0.297,0.35,0.432,0.782,133,101,0.117,1.34,0.474,,-0.7,24,9,8.0,1,64,13,24,10,19,5,0,65,4,2,-0.617,-2.8,34,7,13,7,7.88,2,7,37,0.382,0.405,0.559,0.964,159,90,0.615,0.63,1.333,,2.8,27,5,9.0,0,52,12,26,15,13,6,0,30,2,0,-0.116,0.7
OAK/OAK201506090,"Tuesday, June 9, 2015",7:07 p.m. Local,O.co Coliseum,14617,3:00,Night,Away,Texas Rangers,TEX,Oakland Athletics,OAK,36,2,10,2,2.0,1,9,37,0.278,0.297,0.417,0.714,164,85,-0.127,1.78,0.513,,-2.2,27,10,9.0,0,41,15,29,16,11,3,0,70,3,0,0.629,3.2,32,1,5,1,1.0,4,6,37,0.156,0.27,0.219,0.489,134,98,-0.629,0.83,0.757,,-3.2,27,11,9.0,1,53,9,36,11,15,10,0,53,1,0,0.13,2.2
OAK/OAK201506100,"Wednesday, June 10, 2015",7:07 p.m. Local,O.co Coliseum,14290,3:05,Night,Home,Oakland Athletics,OAK,Texas Rangers,TEX,32,4,8,4,4.0,4,6,40,0.25,0.375,0.281,0.656,150,83,0.004,1.65,0.736,,-0.2,25,12,8.1,0,46,12,25,10,17,8,0,68,1,1,-0.504,-1.6,36,5,10,4,5.4,2,10,38,0.278,0.316,0.306,0.621,142,98,0.507,1.17,1.28,,1.6,27,9,9.0,0,51,11,36,18,8,5,0,29,2,0,-0.004,0.2
OAK/OAK201506110,"Thursday, June 11, 2015",12:37 p.m. Local,O.co Coliseum,14489,2:35,Day,Home,Oakland Athletics,OAK,Texas Rangers,TEX,27,0,1,0,0.0,2,6,29,0.037,0.103,0.037,0.14,134,82,-0.572,0.91,0.134,,-4.2,24,7,8.0,2,48,15,19,4,17,8,0,58,3,3,0.071,-3.2,32,7,11,7,7.88,6,4,40,0.344,0.45,0.563,1.013,114,77,-0.072,1.05,0.609,,3.2,27,5,9.0,0,45,11,21,10,19,14,0,84,0,0,0.572,4.2
ANA/ANA201506120,"Friday, June 12, 2015",7:07 p.m. Local,Angel Stadium of Anaheim,42113,2:55,Night,Home,Los Angeles Angels of Anaheim,LAA,Oakland Athletics,OAK,37,4,10,4,4.0,2,9,39,0.27,0.308,0.541,0.848,118,107,0.132,1.27,1.08,,-0.1,24,11,8.0,2,62,18,27,10,18,4,0,52,1,0,-0.632,-1.3,30,5,9,5,5.62,3,3,33,0.3,0.364,0.567,0.93,169,73,0.632,1.36,1.36,,1.3,27,5,9.0,3,40,8,25,10,17,6,0,52,1,0,-0.133,0.1
ANA/ANA201506130,"Saturday, June 13, 2015",7:09 p.m. Local,Angel Stadium of Anaheim,43548,2:27,Night,Home,Los Angeles Angels of Anaheim,LAA,Oakland Athletics,OAK,28,0,2,0,0.0,4,10,32,0.071,0.188,0.107,0.295,111,82,-0.717,0.74,0.34,,-4.1,24,13,8.0,1,40,15,27,11,7,4,0,69,,,0.217,2.7,30,1,8,1,1.12,0,7,30,0.267,0.267,0.367,0.633,134,75,-0.215,1.5,0.285,,-2.7,27,13,9.0,0,43,10,22,13,10,6,0,78,0,0,0.716,4.1
ANA/ANA201506140,"Sunday, June 14, 2015",12:38 p.m. Local,Angel Stadium of Anaheim,35143,3:16,Day,Away,Oakland Athletics,OAK,Los Angeles Angels of Anaheim,LAA,42,8,12,6,6.0,1,9,44,0.286,0.318,0.381,0.699,130,104,0.295,0.68,0.756,,3.9,27,8,9.0,0,57,13,34,14,19,7,0,76,1,0,0.208,3.1,34,1,5,1,0.0,1,10,36,0.147,0.194,0.147,0.342,163,82,-0.209,0.71,0.24,,-3.1,27,6,9.0,0,44,12,26,11,13,4,0,48,6,3,-0.292,-3.9
SDN/SDN201506150,"Monday, June 15, 2015",7:12 p.m. Local,Petco Park,30018,3:18,Night,Away,Oakland Athletics,OAK,San Diego Padres,SDP,40,9,13,9,9.0,7,10,47,0.325,0.426,0.425,0.851,141,110,0.247,0.8,0.666,,5.0,27,9,9.0,0,57,16,37,18,12,7,0,66,2,0,0.254,3.0,32,1,5,1,1.0,3,7,37,0.156,0.25,0.188,0.438,184,85,-0.251,0.72,0.306,,-3.0,27,8,9.0,1,53,11,21,13,13,7,0,38,0,0,-0.247,-5.0
SDN/SDN201506160,"Tuesday, June 16, 2015",12:41 p.m. Local,Petco Park,28482,2:57,Day,Away,Oakland Athletics,OAK,San Diego Padres,SDP,33,6,8,6,6.0,6,5,39,0.242,0.359,0.455,0.814,131,93,0.71,1.32,1.405,,2.0,27,15,9.0,2,52,6,35,12,16,8,0,52,2,1,-0.208,-1.0,34,5,9,3,4.0,1,12,35,0.265,0.286,0.441,0.727,151,90,0.208,1.19,1.142,,1.0,27,10,9.0,1,49,17,25,12,10,9,0,37,1,0,-0.708,-2.0
OAK/OAK201506170,"Wednesday, June 17, 2015",7:07 p.m. Local,O.co Coliseum,20625,2:49,Night,Home,Oakland Athletics,OAK,San Diego Padres,SDP,32,2,5,2,2.0,1,13,33,0.156,0.182,0.344,0.526,161,86,-0.181,0.29,0.073,,-2.2,24,11,8.0,1,40,19,27,9,10,7,0,33,4,1,-0.32,-12.2,40,16,20,16,18.0,3,4,46,0.5,0.522,0.725,1.247,129,104,0.321,0.35,0.515,,12.2,27,8,9.0,2,58,7,39,14,24,15,0,77,0,0,0.181,2.2
OAK/OAK201506180,"Thursday, June 18, 2015",12:37 p.m. Local,O.co Coliseum,16643,2:39,Day,Away,San Diego Padres,SDP,Oakland Athletics,OAK,33,3,7,3,3.0,2,8,36,0.212,0.25,0.485,0.735,130,89,-0.009,1.16,0.543,,-1.2,27,7,9.0,1,57,14,18,7,19,7,0,63,0,0,0.509,3.2,31,1,5,1,1.0,1,7,32,0.161,0.188,0.355,0.542,138,87,-0.51,0.77,0.338,,-3.2,27,6,9.0,2,48,8,31,10,14,9,0,64,1,0,0.008,1.2
OAK/OAK201506190,"Friday, June 19, 2015",6:38 p.m. Local,O.co Coliseum,25528,3:38,Night,Away,Los Angeles Angels of Anaheim,LAA,Oakland Athletics,OAK,38,12,12,12,9.0,6,6,46,0.316,0.391,0.526,0.918,149,113,0.74,0.6,1.247,,7.8,27,11,9.0,2,64,21,28,20,14,9,0,27,2,0,-0.242,-2.8,37,7,11,7,7.0,3,6,40,0.297,0.35,0.514,0.864,189,97,0.24,0.96,0.618,,2.8,27,13,9.0,1,54,11,32,14,17,8,0,39,9,5,-0.741,-7.8
OAK/OAK201506200,"Saturday, June 20, 2015",1:07 p.m. Local,O.co Coliseum,26471,2:59,Day,Home,Oakland Athletics,OAK,Los Angeles Angels of Anaheim,LAA,31,1,5,1,1.0,4,4,35,0.161,0.257,0.161,0.418,138,89,-0.3,0.78,0.445,,-3.2,24,6,8.0,0,57,13,19,15,12,5,0,44,4,1,-0.2,-0.2,35,4,11,4,4.5,3,6,38,0.314,0.368,0.457,0.826,137,89,0.201,1.09,0.684,,0.2,27,13,9.0,0,59,8,22,8,21,11,0,67,1,0,0.3,3.2
OAK/OAK201506210,"Sunday, June 21, 2015",1:07 p.m. Local,O.co Coliseum,29137,2:58,Day,Home,Oakland Athletics,OAK,Los Angeles Angels of Anaheim,LAA,34,2,8,2,2.0,3,9,37,0.235,0.297,0.324,0.621,130,101,-0.496,0.77,0.512,,-2.2,24,6,8.0,0,56,13,32,11,14,5,0,45,0,0,-0.005,0.8,31,3,8,3,3.38,2,3,33,0.258,0.303,0.323,0.626,146,82,0.006,1.35,0.48,,-0.8,27,9,9.0,1,52,9,21,11,17,10,0,65,1,1,0.495,2.2
TEX/TEX201506230,"Tuesday, June 23, 2015",7:09 p.m. Local,Globe Life Park in Arlington,35889,3:17,Night,Away,Oakland Athletics,OAK,Texas Rangers,TEX,37,8,11,8,8.0,2,5,40,0.297,0.35,0.541,0.891,171,95,0.584,1.36,1.182,,3.4,27,16,9.0,1,61,10,24,16,16,11,0,32,3,1,-0.083,-1.4,37,6,11,5,5.0,4,7,42,0.297,0.357,0.514,0.871,152,111,0.084,1.0,1.101,,1.4,27,14,9.0,2,65,15,31,20,11,8,0,29,1,1,-0.584,-3.4
TEX/TEX201506240,"Wednesday, June 24, 2015",7:07 p.m. Local,Globe Life Park in Arlington,34216,2:46,Night,Away,Oakland Athletics,OAK,Texas Rangers,TEX,41,8,14,8,8.0,5,9,46,0.341,0.413,0.561,0.974,121,109,0.412,0.26,0.506,,3.4,27,12,9.0,0,61,15,33,17,15,11,0,55,2,0,0.087,2.6,34,2,9,2,2.0,2,7,36,0.265,0.306,0.353,0.658,170,84,-0.089,0.29,0.103,,-2.6,27,11,9.0,2,50,16,18,12,15,11,0,9,0,0,-0.412,-3.4
TEX/TEX201506250,"Thursday, June 25, 2015",1:09 p.m. Local,Globe Life Park in Arlington,29251,2:57,Day,Away,Oakland Athletics,OAK,Texas Rangers,TEX,35,6,10,6,6.0,4,4,40,0.286,0.35,0.286,0.636,132,106,0.404,1.0,1.139,,1.4,27,8,9.0,1,63,11,32,16,16,10,0,48,1,0,0.097,1.6,37,3,10,3,3.0,1,8,38,0.27,0.289,0.432,0.722,168,89,-0.099,1.48,0.646,,-1.6,27,12,9.0,0,52,15,22,13,16,9,0,50,4,2,-0.404,-1.4
OAK/OAK201506260,"Friday, June 26, 2015",7:08 p.m. Local,O.co Coliseum,27365,2:51,Night,Away,Kansas City Royals,KCR,Oakland Athletics,OAK,36,5,11,4,3.0,4,7,40,0.306,0.375,0.5,0.875,142,93,0.218,0.7,0.581,,0.8,27,10,9.0,0,50,19,24,15,14,7,0,69,1,0,0.282,2.2,31,2,4,2,2.0,1,5,33,0.129,0.182,0.194,0.375,147,89,-0.281,0.56,0.205,,-2.2,27,12,9.0,2,45,10,34,13,13,7,0,42,2,0,-0.219,-0.8
OAK/OAK201506270,"Saturday, June 27, 2015",1:07 p.m. Local,O.co Coliseum,28619,2:49,Day,Away,Kansas City Royals,KCR,Oakland Athletics,OAK,34,3,8,3,3.0,2,7,37,0.235,0.27,0.294,0.564,142,87,-0.005,1.59,0.732,,-1.2,27,13,9.0,0,51,12,24,14,14,6,0,61,0,0,0.506,2.2,30,2,4,0,1.0,4,7,34,0.133,0.235,0.233,0.469,129,90,-0.506,1.21,0.736,,-2.2,27,7,9.0,0,47,12,31,12,11,5,0,56,2,0,0.006,1.2
OAK/OAK201506280,"Sunday, June 28, 2015",1:07 p.m. Local,O.co Coliseum,22477,2:58,Day,Away,Kansas City Royals,KCR,Oakland Athletics,OAK,36,5,8,5,5.0,2,7,39,0.222,0.256,0.333,0.59,156,98,0.245,1.27,0.815,,0.7,27,8,9.0,0,58,14,26,10,20,7,0,56,0,0,0.257,1.2,36,3,11,3,3.0,1,10,39,0.306,0.308,0.389,0.697,166,97,-0.256,1.12,0.681,,-1.2,27,4,9.0,1,56,11,30,10,18,13,0,47,2,0,-0.243,-0.8
OAK/OAK201506290,"Monday, June 29, 2015",7:08 p.m. Local,O.co Coliseum,12125,2:40,Night,Home,Oakland Athletics,OAK,Colorado Rockies,COL,33,1,7,1,1.0,4,6,37,0.212,0.297,0.303,0.6,130,99,-0.206,0.22,0.131,,-3.2,24,11,8.0,3,58,15,26,11,16,8,0,41,0,0,-0.293,-3.2,34,7,11,7,7.88,2,3,36,0.324,0.361,0.706,1.067,153,81,0.294,0.41,0.421,,3.2,27,10,9.0,1,48,9,24,15,16,4,0,67,1,0,0.206,3.2
OAK/OAK201506300,"Tuesday, June 30, 2015",7:08 p.m. Local,O.co Coliseum,19206,2:56,Night,Away,Colorado Rockies,COL,Oakland Athletics,OAK,33,2,7,1,2.0,0,10,33,0.212,0.212,0.212,0.424,134,102,-0.134,1.66,0.529,,-2.2,27,16,9.0,0,64,21,19,9,14,9,0,69,0,0,0.634,3.2,31,1,6,1,1.0,4,6,35,0.194,0.286,0.258,0.544,145,81,-0.633,1.09,0.558,,-3.2,27,8,9.0,0,43,9,29,13,12,7,0,56,0,0,0.134,2.2
OAK/OAK201507010,"Wednesday, July 1, 2015",12:37 p.m. Local,O.co Coliseum,17655,3:14,Day,Home,Oakland Athletics,OAK,Colorado Rockies,COL,32,1,5,1,1.0,4,10,36,0.156,0.25,0.25,0.5,139,94,-0.372,0.87,0.473,,-3.2,24,10,8.0,0,56,16,22,11,11,5,0,43,4,1,-0.129,-0.2,31,4,8,4,3.38,5,5,37,0.258,0.351,0.452,0.803,145,81,0.128,1.06,0.601,,0.2,27,9,9.0,0,50,10,21,12,15,9,0,64,1,0,0.371,3.2
OAK/OAK201507020,"Thursday, July 2, 2015",7:07 p.m. Local,O.co Coliseum,13062,2:17,Night,Home,Oakland Athletics,OAK,Seattle Mariners,SEA,28,0,2,0,0.0,0,8,29,0.071,0.103,0.107,0.211,140,76,-0.381,0.39,0.078,,-4.2,24,13,8.0,1,45,12,19,13,7,1,0,60,0,0,-0.12,-0.2,30,4,6,4,4.5,2,7,32,0.2,0.25,0.433,0.683,113,90,0.119,0.65,0.34,,0.2,27,13,9.0,0,51,12,27,15,8,5,0,85,0,0,0.38,4.2
OAK/OAK201507030,"Friday, July 3, 2015",6:07 p.m. Local,O.co Coliseum,35067,2:52,Night,Away,Seattle Mariners,SEA,Oakland Athletics,OAK,40,9,13,9,8.0,0,6,40,0.325,0.325,0.7,1.025,148,93,0.377,0.87,1.077,,4.8,27,13,9.0,0,49,10,34,18,16,8,0,49,0,0,0.124,-0.8,37,5,11,5,5.0,0,8,37,0.297,0.297,0.351,0.649,140,95,-0.125,0.9,0.458,,0.7,27,13,9.0,4,57,7,31,19,10,5,0,43,2,1,-0.376,-4.8
OAK/OAK201507040,"Saturday, July 4, 2015",1:07 p.m. Local,O.co Coliseum,18915,2:36,Day,Home,Oakland Athletics,OAK,Seattle Mariners,SEA,31,0,6,0,0.0,2,3,33,0.194,0.242,0.226,0.468,107,93,-0.594,1.09,0.375,,-4.2,24,11,8.0,0,62,9,22,17,11,5,0,53,0,0,0.094,1.8,31,2,10,2,2.25,2,7,35,0.323,0.353,0.355,0.708,145,69,-0.094,1.4,0.557,,-1.8,27,13,9.0,0,39,10,22,16,10,5,0,67,0,0,0.594,4.2
OAK/OAK201507050,"Sunday, July 5, 2015",1:07 p.m. Local,O.co Coliseum,22163,2:47,Day,Away,Seattle Mariners,SEA,Oakland Athletics,OAK,31,2,5,2,2.0,1,7,33,0.161,0.212,0.194,0.406,133,90,-0.129,1.55,0.48,,-2.2,27,12,9.0,1,54,10,26,8,16,4,0,54,2,0,0.63,3.2,32,1,8,1,1.0,2,5,34,0.25,0.294,0.375,0.669,143,94,-0.628,0.95,0.546,,-3.2,27,7,9.0,0,57,8,29,14,13,6,0,53,1,0,0.129,2.2
NYA/NYA201507070,"Tuesday, July 7, 2015",7:09 p.m. Local,Yankee Stadium III,32337,3:16,Night,Away,Oakland Athletics,OAK,New York Yankees,NYY,36,4,8,4,3.6,1,11,37,0.222,0.243,0.389,0.632,156,103,0.003,1.71,0.989,,-0.9,30,10,10.0,0,54,20,29,12,13,7,0,55,1,0,0.498,1.9,35,3,6,3,2.7,5,7,40,0.171,0.275,0.171,0.446,147,91,-0.497,1.27,0.87,,-1.9,30,11,10.0,2,50,10,31,15,13,6,0,51,0,0,-0.001,0.9
NYA/NYA201507080,"Wednesday, July 8, 2015",7:08 p.m. Local,Yankee Stadium III,41626,3:09,Night,Home,New York Yankees,NYY,Oakland Athletics,OAK,36,4,9,4,4.0,3,5,39,0.25,0.308,0.361,0.669,144,108,-0.302,0.91,0.697,,-0.4,24,10,8.0,3,66,12,30,14,17,7,0,56,3,0,-0.198,-1.1,31,5,9,5,4.5,4,8,36,0.29,0.361,0.613,0.974,157,91,0.199,1.29,0.667,,1.1,27,10,9.0,1,51,16,24,11,13,8,0,45,1,0,0.302,0.4
NYA/NYA201507090,"Thursday, July 9, 2015",1:10 p.m. Local,Yankee Stadium III,40084,2:55,Day,Home,New York Yankees,NYY,Oakland Athletics,OAK,30,2,3,2,1.0,1,7,32,0.1,0.129,0.167,0.296,145,93,-0.266,0.87,0.34,,-2.4,24,4,8.0,1,56,14,22,12,11,4,0,37,0,0,-0.234,-2.1,33,6,8,4,4.5,5,7,38,0.242,0.342,0.394,0.736,138,84,0.234,0.85,0.746,,2.1,27,11,9.0,0,49,7,28,13,13,4,0,74,1,0,0.267,2.4
CLE/CLE201507100,"Friday, July 10, 2015",7:12 p.m. Local,Progressive Field,28539,2:57,Night,Home,Cleveland Indians,CLE,Oakland Athletics,OAK,30,1,5,1,0.0,1,8,33,0.167,0.212,0.233,0.445,157,77,-0.31,1.24,0.242,,-3.7,24,5,8.0,0,45,20,14,9,14,9,0,42,3,3,-0.19,-0.8,33,5,8,5,5.62,6,11,39,0.242,0.359,0.303,0.662,115,98,0.19,0.89,0.88,,0.8,27,11,9.0,0,52,11,35,10,12,10,0,79,2,0,0.31,3.7
CLE/CLE201507110,"Saturday, July 11, 2015",6:35 p.m. Local,Progressive Field,28733,3:08,Night,Away,Oakland Athletics,OAK,Cleveland Indians,CLE,34,5,10,4,4.0,2,9,37,0.294,0.324,0.412,0.736,145,93,0.295,1.59,1.006,,0.3,27,11,9.0,1,52,14,30,14,12,10,0,53,2,1,0.203,0.7,33,4,8,4,4.0,2,5,37,0.242,0.306,0.455,0.76,145,84,-0.205,1.28,0.895,,-0.7,27,10,9.0,0,54,7,23,11,18,10,0,63,4,3,-0.296,-0.3
CLE/CLE201507120,"Sunday, July 12, 2015",1:11 p.m. Local,Progressive Field,20611,2:25,Day,Away,Oakland Athletics,OAK,Cleveland Indians,CLE,30,2,5,2,2.0,2,6,32,0.167,0.219,0.267,0.485,107,81,-0.134,1.07,0.375,,-2.7,27,15,9.0,0,49,6,26,11,13,3,0,88,,,0.635,4.7,28,0,2,0,0.0,1,6,29,0.071,0.103,0.071,0.175,125,71,-0.634,0.68,0.111,,-4.7,27,11,9.0,1,44,8,19,16,6,1,0,70,0,0,0.135,2.7
OAK/OAK201507170,"Friday, July 17, 2015",7:08 p.m. Local,O.co Coliseum,23462,2:42,Night,Away,Minnesota Twins,MIN,Oakland Athletics,OAK,35,5,8,5,5.0,3,9,38,0.229,0.289,0.4,0.689,125,101,0.142,0.75,0.522,,0.8,27,7,9.0,0,63,13,28,13,13,5,0,69,2,0,0.358,4.2,33,0,5,0,0.0,1,2,34,0.152,0.176,0.152,0.328,149,83,-0.358,0.64,0.152,,-4.2,27,10,9.0,2,57,4,22,13,18,9,0,43,0,0,-0.142,-0.8
OAK/OAK201507180,"Saturday, July 18, 2015",6:07 p.m. Local,O.co Coliseum,30778,3:00,Night,Home,Oakland Athletics,OAK,Minnesota Twins,MIN,32,2,6,2,1.8,1,7,35,0.188,0.229,0.25,0.479,153,97,-0.028,1.44,0.994,,-2.7,27,8,9.0,1,56,18,23,12,14,2,0,62,1,0,-0.474,0.9,35,3,10,3,3.0,3,5,38,0.286,0.342,0.4,0.742,145,99,0.475,1.64,1.359,,-0.9,30,11,10.0,0,62,8,29,13,17,6,0,73,1,1,0.027,2.7
OAK/OAK201507190,"Sunday, July 19, 2015",1:07 p.m. Local,O.co Coliseum,20286,2:49,Day,Home,Oakland Athletics,OAK,Minnesota Twins,MIN,34,1,7,1,1.0,1,14,36,0.206,0.25,0.324,0.574,148,93,-0.167,0.2,0.036,,-3.2,24,5,8.0,5,52,22,19,9,11,7,0,28,1,1,-0.334,-10.2,39,14,12,14,13.5,0,6,42,0.308,0.357,0.744,1.101,141,105,0.335,0.25,0.462,,10.2,27,8,9.0,0,66,13,26,11,22,16,0,74,0,0,0.166,3.2
OAK/OAK201507210,"Tuesday, July 21, 2015",7:07 p.m. Local,O.co Coliseum,19364,2:38,Night,Away,Toronto Blue Jays,TOR,Oakland Athletics,OAK,36,7,10,7,7.0,5,7,41,0.278,0.366,0.611,0.977,123,102,0.202,0.85,0.505,,2.8,27,9,9.0,0,49,17,36,17,12,7,0,60,0,0,0.297,3.2,34,1,8,1,1.0,1,4,35,0.235,0.257,0.294,0.551,165,84,-0.298,0.45,0.318,,-3.2,27,14,9.0,3,58,2,24,15,15,6,0,33,2,0,-0.201,-2.8
OAK/OAK201507220,"Wednesday, July 22, 2015",7:09 p.m. Local,O.co Coliseum,18827,3:49,Night,Home,Oakland Athletics,OAK,Toronto Blue Jays,TOR,39,3,12,3,2.7,5,6,44,0.308,0.386,0.41,0.797,185,105,-0.206,1.38,1.418,,-1.7,29,12,9.2,0,66,18,21,17,16,10,0,39,5,0,-0.294,0.5,38,4,11,4,2.79,4,7,43,0.289,0.349,0.342,0.691,164,118,0.294,2.02,1.262,,-0.5,30,19,10.0,1,75,15,28,17,15,11,0,52,0,0,0.206,1.7
OAK/OAK201507230,"Thursday, July 23, 2015",12:37 p.m. Local,O.co Coliseum,19045,2:34,Day,Away,Toronto Blue Jays,TOR,Oakland Athletics,OAK,34,5,8,5,5.0,1,8,36,0.235,0.25,0.5,0.75,106,89,0.272,1.02,0.635,,0.8,27,12,9.0,0,52,12,25,14,13,4,0,70,1,0,0.228,2.2,31,2,5,2,2.0,1,6,33,0.161,0.212,0.226,0.438,130,75,-0.227,0.65,0.424,,-2.2,27,12,9.0,2,44,12,19,14,11,5,0,46,0,0,-0.272,-0.8
SFN/SFN201507240,"Friday, July 24, 2015",7:16 p.m. Local,AT&T Park,42128,3:25,Night,Home,San Francisco Giants,SFG,Oakland Athletics,OAK,33,3,8,3,3.0,0,5,34,0.242,0.242,0.364,0.606,174,93,-0.18,0.45,0.233,,-1.1,24,8,8.0,0,57,7,29,17,12,6,0,26,4,1,-0.322,-5.3,38,9,17,8,9.0,2,7,43,0.447,0.452,0.526,0.979,143,119,0.321,0.61,0.532,,5.3,27,14,9.0,1,80,20,19,15,19,12,0,52,3,1,0.18,1.1
SFN/SFN201507250,"Saturday, July 25, 2015",1:05 p.m. Local,AT&T Park,42162,2:41,Day,Home,San Francisco Giants,SFG,Oakland Athletics,OAK,33,1,6,1,1.0,4,9,37,0.182,0.27,0.303,0.573,133,80,-0.573,0.85,0.522,,-3.1,24,9,8.0,1,45,12,23,8,16,7,0,58,0,0,0.071,1.7,28,2,6,2,2.25,1,6,29,0.214,0.241,0.357,0.599,131,83,-0.069,1.5,0.441,,-1.7,27,6,9.0,0,51,10,22,10,12,6,0,68,0,0,0.571,3.1
SFN/SFN201507260,"Sunday, July 26, 2015",1:05 p.m. Local,AT&T Park,42034,3:04,Day,Home,San Francisco Giants,SFG,Oakland Athletics,OAK,34,3,8,2,3.0,1,5,35,0.235,0.257,0.294,0.551,142,96,-0.421,0.78,0.74,,-1.1,24,10,8.0,1,64,7,26,11,18,11,0,24,2,0,-0.078,-0.3,34,4,12,4,4.5,2,4,37,0.353,0.389,0.5,0.889,144,88,0.078,1.61,0.536,,0.3,27,11,9.0,0,58,9,21,17,14,10,0,42,1,0,0.421,1.1
LAN/LAN201507280,"Tuesday, July 28, 2015",7:10 p.m. Local,Dodger Stadium,50182,2:22,Night,Away,Oakland Athletics,OAK,Los Angeles Dodgers,LAD,32,2,6,2,2.0,1,5,33,0.188,0.212,0.313,0.525,110,80,-0.105,1.12,0.375,,-2.0,27,11,9.0,0,51,8,21,15,12,6,0,89,,,0.606,4.0,29,0,3,0,0.0,1,9,30,0.103,0.133,0.138,0.271,117,81,-0.606,0.83,0.163,,-4.0,27,15,9.0,1,41,17,23,11,9,5,0,60,0,0,0.106,2.0
LAN/LAN201507290,"Wednesday, July 29, 2015",7:11 p.m. Local,Dodger Stadium,51788,3:24,Night,Home,Los Angeles Dodgers,LAD,Oakland Athletics,OAK,38,7,13,7,6.0,4,7,43,0.342,0.405,0.5,0.905,152,106,0.433,0.98,1.353,,3.0,24,7,8.0,1,56,16,34,15,17,6,0,48,4,4,-0.934,-6.5,35,10,12,10,11.25,4,9,39,0.343,0.41,0.6,1.01,160,95,0.936,1.42,1.405,,6.5,27,11,9.0,1,54,14,27,10,16,9,0,43,2,1,-0.433,-3.0
OAK/OAK201507300,"Thursday, July 30, 2015",7:08 p.m. Local,O.co Coliseum,13173,2:15,Night,Away,Cleveland Indians,CLE,Oakland Athletics,OAK,30,3,7,2,3.0,1,7,31,0.233,0.258,0.367,0.625,103,82,-0.01,1.0,0.42,,-1.2,27,15,9.0,0,56,10,16,12,11,8,0,85,,,0.508,3.2,29,1,2,1,1.0,1,7,30,0.069,0.1,0.103,0.203,122,72,-0.508,0.62,0.186,,-3.2,27,15,9.0,1,38,14,20,16,6,3,0,58,1,0,0.007,1.2
OAK/OAK201507310,"Friday, July 31, 2015",6:37 p.m. Local,O.co Coliseum,28152,2:34,Night,Away,Cleveland Indians,CLE,Oakland Athletics,OAK,34,2,8,1,1.0,3,9,37,0.235,0.297,0.294,0.591,127,93,-0.034,1.14,1.026,,-2.2,27,11,9.0,0,45,16,32,11,14,7,0,81,0,0,0.535,3.2,29,1,1,0,0.0,1,4,30,0.034,0.067,0.034,0.101,141,86,-0.534,1.61,0.201,,-3.2,27,7,9.0,0,56,8,22,13,12,5,0,66,6,0,0.034,2.2
OAK/OAK201508010,"Saturday, August 1, 2015",6:08 p.m. Local,O.co Coliseum,19046,2:24,Night,Home,Oakland Athletics,OAK,Cleveland Indians,CLE,33,1,5,1,1.0,0,8,33,0.152,0.152,0.242,0.394,121,84,-0.314,0.76,0.302,,-3.2,24,12,8.0,1,55,9,20,11,14,5,0,50,1,0,-0.186,-1.2,30,5,8,4,4.5,2,4,32,0.267,0.313,0.433,0.746,120,78,0.187,0.89,0.603,,1.2,27,6,9.0,1,54,6,18,15,11,8,0,69,1,0,0.314,3.2
OAK/OAK201508020,"Sunday, August 2, 2015",1:08 p.m. Local,O.co Coliseum,21498,3:14,Day,Home,Oakland Athletics,OAK,Cleveland Indians,CLE,32,1,6,1,0.9,5,11,38,0.188,0.289,0.188,0.477,158,90,-0.656,1.47,0.48,,-3.7,29,5,9.2,0,51,16,23,12,10,4,0,64,1,0,0.156,2.4,35,2,7,2,1.86,4,9,39,0.2,0.282,0.229,0.511,142,94,-0.153,1.62,0.89,,-2.4,30,11,10.0,0,50,15,29,10,16,11,0,68,0,0,0.655,3.7
OAK/OAK201508030,"Monday, August 3, 2015",7:08 p.m. Local,O.co Coliseum,11476,2:47,Night,Away,Baltimore Orioles,BAL,Oakland Athletics,OAK,40,9,14,9,9.0,2,8,42,0.35,0.381,0.6,0.981,120,109,0.358,0.4,0.53,,4.8,27,13,9.0,0,63,20,26,17,15,9,0,60,1,0,0.143,2.2,32,2,6,2,2.0,2,6,34,0.188,0.235,0.25,0.485,176,74,-0.144,0.31,0.123,,-2.2,27,11,9.0,2,41,8,26,16,10,4,0,18,2,0,-0.357,-4.8
OAK/OAK201508040,"Tuesday, August 4, 2015",7:08 p.m. Local,O.co Coliseum,16328,2:51,Night,Home,Oakland Athletics,OAK,Baltimore Orioles,BAL,33,0,7,0,0.0,2,9,35,0.212,0.257,0.273,0.53,134,88,-0.384,0.76,0.224,,-4.3,24,8,8.0,1,45,21,22,12,12,8,0,48,1,1,-0.117,-1.2,29,5,7,5,5.62,5,8,35,0.241,0.371,0.517,0.889,139,84,0.117,0.82,0.623,,1.2,27,9,9.0,0,48,12,25,8,13,7,0,72,0,0,0.384,4.2
OAK/OAK201508050,"Wednesday, August 5, 2015",12:37 p.m. Local,O.co Coliseum,20176,3:33,Day,Away,Baltimore Orioles,BAL,Oakland Athletics,OAK,39,7,11,7,6.3,2,8,42,0.282,0.333,0.41,0.744,168,96,0.24,1.56,1.377,,2.3,30,13,10.0,0,54,15,27,16,15,10,0,47,3,0,0.26,1.7,35,3,8,3,2.7,5,11,41,0.229,0.317,0.371,0.689,151,106,-0.26,1.58,0.952,,-1.7,30,14,10.0,1,63,19,25,19,6,4,0,47,3,0,-0.24,-2.3
OAK/OAK201508060,"Thursday, August 6, 2015",7:08 p.m. Local,O.co Coliseum,16172,3:37,Night,Away,Houston Astros,HOU,Oakland Athletics,OAK,37,5,9,4,3.6,2,10,41,0.243,0.275,0.351,0.626,168,102,0.563,1.94,1.541,,0.3,30,12,10.0,2,62,20,20,7,22,10,0,55,0,0,-0.063,0.7,37,4,7,4,1.8,4,5,41,0.189,0.268,0.378,0.647,162,95,0.064,1.43,1.317,,-0.7,30,8,10.0,1,56,8,31,15,17,9,0,71,1,0,-0.565,-0.3
OAK/OAK201508070,"Friday, August 7, 2015",7:08 p.m. Local,O.co Coliseum,18908,2:20,Night,Home,Oakland Athletics,OAK,Houston Astros,HOU,31,1,5,1,1.0,0,5,31,0.161,0.161,0.258,0.419,113,74,-0.428,0.93,0.223,,-3.2,24,13,8.0,1,53,8,13,10,16,6,0,48,1,0,-0.072,0.8,31,3,10,3,3.38,2,3,35,0.323,0.371,0.452,0.823,107,71,0.073,0.92,0.568,,-0.8,27,10,9.0,1,42,9,20,18,11,6,0,78,,,0.428,3.2
OAK/OAK201508080,"Saturday, August 8, 2015",1:07 p.m. Local,O.co Coliseum,25091,2:51,Day,Home,Oakland Athletics,OAK,Houston Astros,HOU,32,1,6,1,1.0,5,5,37,0.188,0.297,0.313,0.61,148,80,-0.608,0.73,0.608,,-3.2,24,3,8.0,0,44,11,25,10,17,7,0,59,0,0,0.109,1.8,29,2,5,2,2.25,3,10,32,0.172,0.25,0.276,0.526,133,96,-0.109,1.65,0.332,,-1.8,27,8,9.0,1,56,16,24,3,16,8,0,61,1,0,0.609,3.2
OAK/OAK201508090,"Sunday, August 9, 2015",1:09 p.m. Local,O.co Coliseum,20278,3:35,Day,Home,Oakland Athletics,OAK,Houston Astros,HOU,32,4,6,4,4.0,4,12,36,0.188,0.278,0.344,0.622,148,99,0.371,2.02,1.202,,-0.3,26,12,8.2,1,57,21,21,6,14,7,0,63,6,1,-0.871,-1.5,36,5,12,5,5.19,4,6,40,0.333,0.4,0.472,0.872,161,86,0.871,1.3,1.923,,1.5,27,6,9.0,1,56,12,21,19,11,6,0,72,1,0,-0.37,0.2
TOR/TOR201508110,"Tuesday, August 11, 2015",7:07 p.m. Local,Rogers Centre,39381,2:35,Night,Home,Toronto Blue Jays,TOR,Oakland Athletics,OAK,31,2,6,2,2.0,2,9,34,0.194,0.242,0.258,0.5,142,78,-0.336,0.55,0.433,,-2.5,24,9,8.0,1,43,13,22,10,13,6,0,45,1,0,-0.162,0.0,32,4,6,3,2.25,1,9,33,0.188,0.212,0.375,0.587,109,89,0.163,1.05,0.445,,-0.0,27,10,9.0,0,49,10,30,12,11,6,0,65,1,1,0.338,2.5
TOR/TOR201508120,"Wednesday, August 12, 2015",7:08 p.m. Local,Rogers Centre,44597,2:39,Night,Home,Toronto Blue Jays,TOR,Oakland Athletics,OAK,33,3,9,3,3.0,2,8,35,0.273,0.314,0.455,0.769,153,90,0.042,0.42,0.241,,-1.5,24,8,8.0,2,48,15,27,10,15,9,0,11,2,2,-0.544,-6.0,34,10,11,10,11.25,3,2,38,0.324,0.395,0.588,0.983,135,86,0.543,0.34,0.667,,6.0,27,9,9.0,1,51,8,27,11,21,7,0,50,0,0,-0.043,1.5
TOR/TOR201508130,"Thursday, August 13, 2015",12:37 p.m. Local,Rogers Centre,46902,2:25,Day,Home,Toronto Blue Jays,TOR,Oakland Athletics,OAK,33,2,8,2,2.0,2,3,35,0.242,0.286,0.333,0.619,124,78,-0.311,0.46,0.433,,-2.5,24,8,8.0,1,56,2,20,11,19,11,0,53,0,0,-0.189,0.0,29,4,6,4,4.5,0,11,29,0.207,0.207,0.31,0.517,120,82,0.187,0.91,0.383,,-0.0,27,13,9.0,0,45,10,27,10,8,3,0,55,1,1,0.312,2.5
BAL/BAL201508140,"Friday, August 14, 2015",7:18 p.m. Local,Oriole Park at Camden Yards,36784,4:27,Night,Home,Baltimore Orioles,BAL,Oakland Athletics,OAK,53,6,17,6,4.15,4,15,58,0.321,0.368,0.491,0.859,201,142,-0.28,1.64,1.459,,-0.5,37,12,12.1,3,77,23,42,26,13,7,0,41,3,2,-0.222,-1.8,51,8,16,8,5.84,2,10,55,0.314,0.345,0.529,0.875,216,134,0.222,1.8,1.713,,1.8,39,17,13.0,1,77,26,31,17,25,9,0,37,0,0,0.28,0.5
BAL/BAL201508150,"Saturday, August 15, 2015",7:07 p.m. Local,Oriole Park at Camden Yards,44028,2:25,Night,Home,Baltimore Orioles,BAL,Oakland Athletics,OAK,31,3,7,3,3.0,3,8,34,0.226,0.294,0.484,0.778,117,79,-0.301,1.15,0.492,,-1.5,26,13,8.2,3,41,11,27,15,8,5,0,65,0,0,-0.199,0.4,29,4,6,4,4.15,1,6,31,0.207,0.258,0.517,0.775,128,73,0.2,1.02,1.014,,-0.4,27,16,9.0,2,43,15,15,12,11,3,0,55,0,0,0.3,1.5
BAL/BAL201508160,"Sunday, August 16, 2015",1:37 p.m. Local,Oriole Park at Camden Yards,28228,3:09,Day,Home,Baltimore Orioles,BAL,Oakland Athletics,OAK,36,2,9,2,2.0,1,10,37,0.25,0.27,0.417,0.687,169,113,-0.053,0.31,0.294,,-2.5,24,11,8.0,4,74,13,26,11,15,5,0,23,3,1,-0.448,-14.0,48,18,26,18,20.25,3,8,51,0.542,0.569,0.938,1.506,152,119,0.448,0.46,0.659,,14.0,27,7,9.0,1,78,17,24,15,25,16,0,55,0,0,0.053,2.5
BAL/BAL201508170,"Monday, August 17, 2015",7:07 p.m. Local,Oriole Park at Camden Yards,22766,2:35,Night,Home,Baltimore Orioles,BAL,Oakland Athletics,OAK,28,2,3,2,2.0,4,4,33,0.107,0.219,0.321,0.54,124,76,-0.324,0.78,0.375,,-2.5,24,10,8.0,1,49,7,19,11,13,5,0,48,2,0,-0.178,-0.0,34,4,7,4,1.12,2,7,36,0.206,0.25,0.324,0.574,123,88,0.178,0.93,0.648,,0.0,27,12,9.0,2,56,16,16,16,11,5,0,63,0,0,0.321,2.5
OAK/OAK201508180,"Tuesday, August 18, 2015",7:07 p.m. Local,O.co Coliseum,35067,3:45,Night,Home,Oakland Athletics,OAK,Los Angeles Dodgers,LAD,36,4,7,4,2.7,9,9,45,0.194,0.356,0.278,0.633,158,104,-0.129,1.71,1.225,,-0.7,27,10,9.0,0,58,16,30,10,17,5,0,68,3,1,-0.369,-1.4,39,5,12,5,5.0,2,9,42,0.308,0.341,0.41,0.752,179,108,0.37,1.73,1.278,,1.4,30,7,10.0,1,70,16,22,16,15,11,0,70,0,0,0.132,0.7
OAK/OAK201508190,"Wednesday, August 19, 2015",12:37 p.m. Local,O.co Coliseum,26122,2:34,Day,Home,Oakland Athletics,OAK,Los Angeles Dodgers,LAD,29,2,2,2,2.0,2,6,31,0.069,0.129,0.207,0.336,118,78,-0.301,1.01,0.342,,-2.3,24,11,8.0,0,44,11,23,10,13,4,0,45,6,2,-0.201,-1.2,28,5,8,4,5.62,4,2,33,0.286,0.364,0.357,0.721,130,71,0.202,0.94,0.705,,1.2,27,8,9.0,1,46,5,20,15,12,8,0,74,0,0,0.3,2.2
OAK/OAK201508210,"Friday, August 21, 2015",7:08 p.m. Local,O.co Coliseum,20671,2:52,Night,Away,Tampa Bay Rays,TBR,Oakland Athletics,OAK,32,2,7,2,2.0,2,5,36,0.219,0.306,0.375,0.681,156,77,-0.209,2.14,0.558,,-2.2,27,4,9.0,0,46,9,22,16,11,4,0,59,3,0,0.709,3.2,37,1,9,1,1.0,0,6,37,0.243,0.243,0.243,0.486,123,108,-0.709,1.08,0.806,,-3.2,27,16,9.0,1,71,15,22,7,24,9,0,59,3,0,0.209,2.2
OAK/OAK201508220,"Saturday, August 22, 2015",6:07 p.m. Local,O.co Coliseum,35067,2:37,Night,Away,Tampa Bay Rays,TBR,Oakland Athletics,OAK,32,5,7,5,5.0,3,6,35,0.219,0.286,0.594,0.879,116,84,0.508,1.16,1.26,,0.8,27,10,9.0,2,55,11,18,18,8,7,0,47,0,0,-0.007,0.2,33,4,8,4,4.0,2,6,36,0.242,0.286,0.545,0.831,132,82,0.006,1.24,0.785,,-0.2,27,15,9.0,3,47,14,20,11,16,9,0,62,2,2,-0.507,-0.8
OAK/OAK201508230,"Sunday, August 23, 2015",1:08 p.m. Local,O.co Coliseum,19425,2:58,Day,Home,Oakland Athletics,OAK,Tampa Bay Rays,TBR,31,2,7,2,2.0,4,5,36,0.226,0.306,0.258,0.564,143,91,-0.009,0.94,0.593,,-2.2,24,12,8.0,0,67,8,16,11,16,8,0,61,3,3,-0.491,-4.2,34,8,11,8,9.0,2,6,36,0.324,0.361,0.5,0.861,144,99,0.491,1.06,0.933,,4.2,27,10,9.0,0,62,13,24,15,13,5,0,68,2,1,0.008,2.2
SEA/SEA201508240,"Monday, August 24, 2015",7:10 p.m. Local,Safeco Field,17970,3:09,Night,Away,Oakland Athletics,OAK,Seattle Mariners,SEA,41,11,15,11,10.0,2,7,43,0.366,0.395,0.634,1.029,137,108,0.544,0.87,0.9,,6.8,27,10,9.0,2,69,15,24,11,23,15,0,52,0,0,-0.043,-0.8,34,5,9,5,5.0,0,10,35,0.265,0.286,0.471,0.756,154,93,0.044,0.57,0.557,,0.8,27,6,9.0,2,57,15,22,10,14,8,0,25,0,0,-0.544,-6.8
SEA/SEA201508250,"Tuesday, August 25, 2015",7:11 p.m. Local,Safeco Field,17498,3:05,Night,Home,Seattle Mariners,SEA,Oakland Athletics,OAK,37,5,12,5,5.0,6,7,44,0.324,0.409,0.486,0.896,124,92,-0.156,1.09,0.784,,0.8,24,10,8.0,2,51,10,31,14,17,5,0,25,2,0,-0.343,-2.3,34,6,11,6,6.75,4,7,39,0.324,0.395,0.676,1.071,153,79,0.344,1.25,0.927,,2.3,27,8,9.0,1,46,12,21,12,16,5,0,19,3,1,0.157,-0.8
SEA/SEA201508260,"Wednesday, August 26, 2015",12:41 p.m. Local,Safeco Field,23338,3:00,Day,Home,Seattle Mariners,SEA,Oakland Athletics,OAK,31,2,4,2,2.0,2,8,34,0.129,0.206,0.323,0.528,178,83,-0.172,0.61,0.224,,-2.2,24,12,8.0,2,43,12,28,11,12,3,0,30,3,0,-0.328,-4.3,36,8,12,8,9.0,5,3,42,0.333,0.429,0.556,0.984,126,105,0.328,0.55,0.64,,4.3,27,8,9.0,2,70,10,25,16,17,8,0,74,0,0,0.172,2.2
ARI/ARI201508280,"Friday, August 28, 2015",6:40 p.m. Local,Chase Field,30059,2:56,Night,Home,Arizona Diamondbacks,ARI,Oakland Athletics,OAK,34,4,8,4,4.0,1,5,35,0.235,0.257,0.412,0.669,127,98,-0.153,1.12,0.428,,-0.4,24,13,8.0,1,63,4,31,17,12,8,0,54,1,1,-0.348,-2.1,31,6,8,6,4.5,2,7,35,0.258,0.294,0.484,0.778,146,80,0.348,0.81,0.891,,2.1,27,15,9.0,1,43,14,23,17,9,4,0,56,0,0,0.152,0.4
ARI/ARI201508290,"Saturday, August 29, 2015",5:11 p.m. Local,Chase Field,35990,2:40,Night,Away,Oakland Athletics,OAK,Arizona Diamondbacks,ARI,34,3,8,3,3.0,3,6,37,0.235,0.297,0.382,0.68,110,82,0.009,1.57,0.673,,-1.4,27,13,9.0,0,43,13,26,16,12,5,0,51,0,0,0.491,2.4,32,2,8,1,2.0,2,8,35,0.25,0.294,0.281,0.575,130,76,-0.491,1.14,0.599,,-2.4,27,11,9.0,1,38,14,24,16,9,6,0,63,2,0,-0.01,1.4
ARI/ARI201508300,"Sunday, August 30, 2015",1:10 p.m. Local,Chase Field,29576,4:03,Day,Away,Oakland Athletics,OAK,Arizona Diamondbacks,ARI,50,7,18,6,4.09,3,9,54,0.36,0.407,0.48,0.887,189,117,0.379,1.62,1.822,,1.6,33,8,11.0,1,70,17,30,21,20,11,0,48,0,0,0.121,1.4,45,4,12,4,1.64,2,12,48,0.267,0.292,0.333,0.625,190,127,-0.121,1.74,1.129,,-1.4,33,15,11.0,1,74,18,35,11,23,13,0,48,3,1,-0.379,-1.6
OAK/OAK201508310,"Monday, August 31, 2015",7:08 p.m. Local,O.co Coliseum,12054,3:34,Night,Home,Oakland Athletics,OAK,Los Angeles Angels of Anaheim,LAA,34,5,10,4,5.0,5,7,40,0.294,0.375,0.294,0.669,168,95,0.011,0.77,0.576,,0.8,24,5,8.0,1,44,19,32,14,14,9,0,31,4,1,-0.511,-7.2,32,11,9,11,11.25,6,12,39,0.281,0.385,0.531,0.916,160,104,0.51,0.85,0.876,,7.2,27,11,9.0,0,58,18,28,8,13,8,0,43,2,1,-0.011,-0.8
OAK/OAK201509010,"Tuesday, September 1, 2015",7:08 p.m. Local,O.co Coliseum,14178,3:04,Night,Away,Los Angeles Angels of Anaheim,LAA,Oakland Athletics,OAK,34,6,10,5,6.0,2,3,38,0.294,0.342,0.412,0.754,136,99,0.328,0.56,0.571,,1.8,27,7,9.0,1,66,7,26,16,16,12,0,66,0,0,0.171,2.2,34,2,7,1,2.0,2,7,36,0.206,0.25,0.294,0.544,157,87,-0.172,0.62,0.229,,-2.2,27,13,9.0,1,47,10,30,12,15,7,0,26,2,1,-0.33,-1.8
OAK/OAK201509020,"Wednesday, September 2, 2015",12:38 p.m. Local,O.co Coliseum,13392,2:53,Day,Away,Los Angeles Angels of Anaheim,LAA,Oakland Athletics,OAK,41,9,13,8,9.0,1,5,42,0.317,0.333,0.439,0.772,120,91,0.405,0.74,0.655,,4.8,27,5,9.0,2,55,15,21,18,18,12,0,57,0,0,0.096,0.2,37,4,10,4,4.0,0,8,37,0.27,0.27,0.541,0.811,149,82,-0.097,0.49,0.469,,-0.2,27,12,9.0,1,46,12,24,7,22,9,0,28,3,1,-0.404,-4.8
OAK/OAK201509040,"Friday, September 4, 2015",7:07 p.m. Local,O.co Coliseum,16382,3:38,Night,Away,Seattle Mariners,SEA,Oakland Athletics,OAK,37,11,13,11,11.0,3,10,41,0.351,0.39,0.622,1.012,150,113,0.65,1.26,1.149,,6.8,27,13,9.0,1,72,13,28,9,19,13,0,23,4,2,-0.148,-3.8,39,8,15,8,7.0,4,6,43,0.385,0.442,0.564,1.006,177,95,0.149,0.91,1.114,,3.8,27,9,9.0,2,52,10,33,17,16,13,0,21,3,3,-0.651,-6.8
OAK/OAK201509050,"Saturday, September 5, 2015",6:07 p.m. Local,O.co Coliseum,27387,2:57,Night,Away,Seattle Mariners,SEA,Oakland Athletics,OAK,36,8,14,8,8.0,7,5,44,0.389,0.488,0.694,1.183,114,91,0.366,0.51,0.642,,3.8,27,15,9.0,1,55,13,23,14,18,8,0,67,0,0,0.135,1.2,32,3,7,3,3.0,0,9,32,0.219,0.219,0.344,0.563,170,81,-0.134,0.5,0.206,,-1.2,27,14,9.0,2,44,12,25,16,7,2,0,21,1,0,-0.366,-3.8
OAK/OAK201509060,"Sunday, September 6, 2015",1:07 p.m. Local,O.co Coliseum,19534,3:00,Day,Away,Seattle Mariners,SEA,Oakland Athletics,OAK,30,3,7,2,3.0,3,4,34,0.233,0.294,0.267,0.561,126,83,0.015,1.71,0.531,,-1.2,27,10,9.0,1,58,8,17,10,17,8,0,61,4,0,0.486,2.2,36,2,9,2,2.0,2,4,38,0.25,0.289,0.333,0.623,135,78,-0.486,0.97,0.726,,-2.2,27,9,9.0,0,48,10,20,16,16,10,0,48,0,0,-0.013,1.2
OAK/OAK201509070,"Monday, September 7, 2015",1:07 p.m. Local,O.co Coliseum,22214,3:53,Day,Home,Oakland Athletics,OAK,Houston Astros,HOU,35,9,11,9,6.0,2,5,40,0.314,0.342,0.657,0.999,185,91,-0.075,0.95,0.657,,4.8,24,7,8.0,2,56,11,24,10,23,11,0,42,8,3,-0.424,-6.2,33,10,10,10,11.25,9,7,42,0.303,0.452,0.576,1.028,136,112,0.424,1.05,1.026,,6.2,27,11,9.0,3,79,18,16,9,17,11,0,42,1,1,0.077,-4.8
OAK/OAK201509080,"Tuesday, September 8, 2015",7:08 p.m. Local,O.co Coliseum,11364,2:33,Night,Home,Oakland Athletics,OAK,Houston Astros,HOU,32,0,5,0,0.0,2,5,34,0.156,0.206,0.188,0.393,121,77,-0.37,0.57,0.252,,-4.2,24,7,8.0,2,46,9,22,8,19,10,0,43,0,0,-0.13,-0.2,31,4,8,4,4.5,2,7,33,0.258,0.303,0.452,0.755,124,83,0.13,0.93,0.43,,0.2,27,8,9.0,0,47,16,20,8,16,9,0,69,0,0,0.369,4.2
OAK/OAK201509090,"Wednesday, September 9, 2015",7:07 p.m. Local,O.co Coliseum,13387,3:38,Night,Away,Houston Astros,HOU,Oakland Athletics,OAK,40,11,13,11,10.0,3,6,46,0.325,0.391,0.75,1.141,158,113,0.374,0.75,0.722,,6.8,27,6,9.0,2,72,16,25,12,23,8,0,39,1,1,0.128,-0.8,36,5,9,5,5.0,2,11,38,0.25,0.289,0.417,0.706,182,100,-0.126,0.49,0.393,,0.8,27,6,9.0,4,57,15,28,11,14,4,0,27,2,1,-0.372,-6.8
TEX/TEX201509110,"Friday, September 11, 2015",7:08 p.m. Local,Globe Life Park in Arlington,28133,2:20,Night,Home,Texas Rangers,TEX,Oakland Athletics,OAK,29,0,2,0,0.0,0,4,29,0.069,0.069,0.103,0.172,124,65,-0.365,0.49,0.049,,-4.6,24,12,8.0,0,36,5,24,8,17,10,0,53,1,1,-0.135,0.1,32,4,8,4,4.5,2,6,35,0.25,0.294,0.344,0.638,97,84,0.135,0.59,0.402,,-0.1,27,6,9.0,0,50,10,24,17,10,5,0,87,,,0.365,4.6
TEX/TEX201509120,"Saturday, September 12, 2015",7:08 p.m. Local,Globe Life Park in Arlington,30487,3:26,Night,Away,Oakland Athletics,OAK,Texas Rangers,TEX,37,5,10,5,5.0,3,8,40,0.27,0.325,0.459,0.784,165,105,0.258,0.75,0.758,,0.4,27,8,9.0,1,65,18,22,13,16,11,0,58,2,0,0.241,1.6,36,3,9,3,3.0,4,9,41,0.25,0.341,0.5,0.841,169,102,-0.242,0.8,0.356,,-1.6,27,11,9.0,2,50,13,39,12,15,9,0,30,2,0,-0.259,-0.4
TEX/TEX201509130,"Sunday, September 13, 2015",2:09 p.m. Local,Globe Life Park in Arlington,26131,3:52,Day,Home,Texas Rangers,TEX,Oakland Athletics,OAK,34,4,6,4,2.0,6,9,41,0.176,0.317,0.353,0.67,168,122,-0.266,0.33,0.266,,-0.6,24,4,8.0,4,70,16,36,12,13,4,0,24,8,2,-0.235,-7.9,37,12,12,12,13.5,8,6,45,0.324,0.444,0.676,1.12,192,92,0.236,0.58,0.45,,7.9,27,8,9.0,1,55,12,25,10,21,11,0,55,5,1,0.265,0.6
CHA/CHA201509140,"Monday, September 14, 2015",7:10 p.m. Local,U.S. Cellular Field,12221,5:09,Night,Home,Chicago White Sox,CHW,Oakland Athletics,OAK,48,7,6,6,3.21,7,16,56,0.125,0.236,0.333,0.57,273,139,-0.348,1.73,1.188,,0.5,41,15,13.2,2,59,31,48,13,19,6,0,15,2,0,-0.153,-1.9,55,8,16,8,5.27,10,19,67,0.291,0.409,0.436,0.845,222,169,0.153,1.57,1.769,,1.9,42,11,14.0,3,98,32,39,16,21,15,0,62,4,0,0.348,-0.5
CHA/CHA201509150,"Tuesday, September 15, 2015",7:10 p.m. Local,U.S. Cellular Field,12446,3:31,Night,Away,Oakland Athletics,OAK,Chicago White Sox,CHW,46,17,19,16,15.0,7,8,55,0.413,0.509,0.696,1.205,146,138,0.498,0.42,0.703,,12.8,27,10,9.0,2,85,18,35,17,21,12,0,32,1,0,0.0,-1.8,36,6,12,6,6.0,4,10,41,0.333,0.415,0.5,0.915,230,93,0.001,0.35,0.31,,1.8,27,10,9.0,2,55,14,24,10,16,11,0,-3,3,2,-0.5,-12.8
CHA/CHA201509160,"Wednesday, September 16, 2015",7:10 p.m. Local,U.S. Cellular Field,13005,2:56,Night,Home,Chicago White Sox,CHW,Oakland Athletics,OAK,33,4,8,4,4.0,4,6,39,0.242,0.333,0.455,0.788,133,105,-0.123,0.37,0.191,,-0.2,24,10,8.0,3,72,9,24,11,17,7,0,22,3,2,-0.379,-5.3,32,9,8,9,10.12,6,3,38,0.25,0.368,0.656,1.025,166,73,0.378,0.47,0.545,,5.3,27,6,9.0,2,55,7,11,12,17,8,0,48,0,0,0.122,0.2
CHA/CHA201509170,"Thursday, September 17, 2015",1:10 p.m. Local,U.S. Cellular Field,12406,2:46,Day,Away,Oakland Athletics,OAK,Chicago White Sox,CHW,32,4,7,4,4.0,2,7,34,0.219,0.265,0.375,0.64,148,81,0.341,1.01,1.175,,-0.2,27,9,9.0,1,46,13,24,8,17,11,0,50,0,0,0.16,2.2,34,2,8,2,2.0,3,7,37,0.235,0.297,0.324,0.621,129,93,-0.161,1.35,0.558,,-2.2,27,9,9.0,1,58,12,23,10,17,9,0,70,0,0,-0.34,0.2
HOU/HOU201509180,"Friday, September 18, 2015",7:11 p.m. Local,Minute Maid Park,27567,3:13,Night,Away,Oakland Athletics,OAK,Houston Astros,HOU,37,4,10,4,4.0,1,10,38,0.27,0.289,0.514,0.803,137,102,0.174,1.08,0.968,,-0.2,27,2,9.0,1,48,22,32,6,21,14,0,53,0,0,0.325,1.2,30,3,5,3,3.0,2,8,34,0.167,0.212,0.267,0.479,159,85,-0.326,1.21,0.389,,-1.2,27,7,9.0,3,47,19,19,6,18,8,0,59,2,0,-0.174,0.2
HOU/HOU201509190,"Saturday, September 19, 2015",6:11 p.m. Local,Minute Maid Park,27044,3:44,Night,Home,Houston Astros,HOU,Oakland Athletics,OAK,35,6,10,6,6.0,4,10,40,0.286,0.375,0.571,0.946,151,104,0.285,1.13,0.953,,1.8,24,14,8.0,2,49,24,31,9,16,3,0,30,3,1,-0.784,-6.2,33,10,15,9,11.25,5,4,40,0.455,0.5,0.788,1.288,163,89,0.785,1.0,1.457,,6.2,27,10,9.0,2,56,17,16,11,20,8,0,38,2,0,-0.285,-1.8
HOU/HOU201509200,"Sunday, September 20, 2015",1:11 p.m. Local,Minute Maid Park,22453,2:37,Day,Home,Houston Astros,HOU,Oakland Athletics,OAK,30,1,4,1,1.0,2,9,32,0.133,0.188,0.2,0.388,127,82,-0.373,0.86,0.257,,-3.2,24,10,8.0,3,50,14,18,10,11,4,0,54,0,0,-0.127,-1.2,31,5,9,5,5.62,3,5,35,0.29,0.353,0.581,0.934,127,77,0.127,0.98,0.635,,1.2,27,10,9.0,0,49,8,20,14,13,8,0,76,0,0,0.372,3.2
OAK/OAK201509220,"Tuesday, September 22, 2015",7:07 p.m. Local,O.co Coliseum,16524,3:38,Night,Away,Texas Rangers,TEX,Oakland Athletics,OAK,33,8,12,8,7.0,4,6,44,0.364,0.39,0.576,0.966,153,112,0.572,1.06,1.082,,3.8,27,12,9.0,0,67,17,28,16,18,8,0,32,1,1,-0.07,-1.8,37,6,9,5,5.0,4,6,41,0.243,0.317,0.378,0.695,179,90,0.072,1.06,0.841,,1.8,27,6,9.0,1,54,12,24,16,15,7,0,33,1,1,-0.571,-3.8
OAK/OAK201509230,"Wednesday, September 23, 2015",7:08 p.m. Local,O.co Coliseum,16445,2:52,Night,Away,Texas Rangers,TEX,Oakland Athletics,OAK,36,10,11,10,10.0,4,5,40,0.306,0.375,0.639,1.014,141,93,0.389,0.69,0.68,,5.8,27,7,9.0,2,51,17,25,14,17,9,0,55,0,0,0.111,1.2,32,3,6,3,3.0,3,5,36,0.188,0.257,0.438,0.695,157,87,-0.111,0.52,0.308,,-1.2,27,13,9.0,3,45,13,29,9,19,8,0,22,0,0,-0.389,-5.8
OAK/OAK201509240,"Thursday, September 24, 2015",12:38 p.m. Local,O.co Coliseum,14452,3:20,Day,Away,Texas Rangers,TEX,Oakland Athletics,OAK,39,8,13,8,8.0,6,6,46,0.333,0.422,0.462,0.884,131,116,0.267,0.73,0.608,,3.8,27,13,9.0,0,75,14,27,17,17,11,0,61,0,0,0.231,3.2,31,1,7,0,0.0,3,6,34,0.226,0.294,0.29,0.584,193,84,-0.231,0.65,0.38,,-3.2,27,11,9.0,1,55,8,21,14,11,6,0,37,3,2,-0.269,-3.8
OAK/OAK201509250,"Friday, September 25, 2015",7:08 p.m. Local,O.co Coliseum,36067,2:49,Night,Home,Oakland Athletics,OAK,San Francisco Giants,SFG,35,4,10,4,4.0,3,9,38,0.286,0.342,0.486,0.828,125,99,-0.255,0.89,0.848,,-0.2,24,7,8.0,2,62,12,25,12,14,8,0,45,1,0,-0.245,-1.2,33,5,9,5,5.62,2,4,35,0.273,0.314,0.576,0.89,146,82,0.244,1.6,0.685,,1.2,27,12,9.0,2,53,3,26,12,17,7,0,59,1,1,0.255,0.2
OAK/OAK201509260,"Saturday, September 26, 2015",1:06 p.m. Local,O.co Coliseum,36067,3:32,Day,Away,San Francisco Giants,SFG,Oakland Athletics,OAK,44,14,19,14,14.0,4,4,49,0.432,0.469,0.773,1.242,151,107,1.176,1.05,1.729,,9.8,27,9,9.0,1,63,10,34,18,23,14,0,39,7,0,-0.676,-5.8,38,10,11,10,9.0,6,4,46,0.289,0.413,0.474,0.887,160,84,0.676,1.14,1.364,,5.8,27,11,9.0,3,47,15,22,13,21,8,0,27,4,2,-1.174,-9.8
OAK/OAK201509270,"Sunday, September 27, 2015",1:07 p.m. Local,O.co Coliseum,36067,3:11,Day,Away,San Francisco Giants,SFG,Oakland Athletics,OAK,36,5,11,5,3.0,2,3,41,0.306,0.317,0.306,0.623,147,87,0.131,1.4,0.565,,0.8,27,14,9.0,0,55,11,21,18,18,9,0,40,3,1,0.369,0.2,33,4,8,4,4.0,3,7,37,0.242,0.324,0.364,0.688,135,90,-0.369,0.89,0.691,,-0.3,27,9,9.0,0,60,5,25,14,12,3,0,27,6,2,-0.132,-0.8
ANA/ANA201509280,"Monday, September 28, 2015",7:06 p.m. Local,Angel Stadium of Anaheim,31858,3:23,Night,Home,Los Angeles Angels of Anaheim,LAA,Oakland Athletics,OAK,31,4,7,3,3.0,3,8,38,0.226,0.324,0.355,0.679,138,95,-0.038,1.34,0.818,,-0.1,24,12,8.0,1,53,14,29,13,12,5,0,46,3,1,-0.463,-3.2,28,5,7,5,4.5,5,5,35,0.25,0.353,0.429,0.782,152,88,0.463,1.64,1.065,,3.2,27,15,9.0,1,56,13,19,12,13,7,0,51,5,1,0.037,0.1
ANA/ANA201509290,"Tuesday, September 29, 2015",7:07 p.m. Local,Angel Stadium of Anaheim,33470,2:53,Night,Home,Los Angeles Angels of Anaheim,LAA,Oakland Athletics,OAK,33,1,6,1,1.0,1,14,34,0.182,0.206,0.303,0.509,154,88,-0.22,0.37,0.06,,-3.1,24,10,8.0,0,38,21,29,11,8,4,0,24,1,0,-0.283,-4.3,37,8,14,8,9.0,3,4,40,0.378,0.425,0.541,0.966,136,92,0.282,0.35,0.488,,4.3,27,8,9.0,1,54,14,24,16,17,9,0,74,1,0,0.218,3.1
ANA/ANA201509300,"Wednesday, September 30, 2015",4:07 p.m. Local,Angel Stadium of Anaheim,34033,3:39,Day,Away,Oakland Athletics,OAK,Los Angeles Angels of Anaheim,LAA,35,8,6,7,1.0,7,10,42,0.171,0.31,0.257,0.567,163,102,0.758,1.64,1.52,,3.9,27,17,9.0,5,55,23,25,13,12,6,0,44,3,1,-0.26,-2.9,37,7,13,7,7.0,6,3,43,0.351,0.442,0.784,1.226,182,98,0.259,1.43,1.49,,2.9,27,10,9.0,0,57,10,31,19,15,8,0,65,6,3,-0.762,-3.9
SEA/SEA201510020,"Friday, October 2, 2015",7:10 p.m. Local,Safeco Field,26130,2:45,Night,Away,Oakland Athletics,OAK,Seattle Mariners,SEA,37,4,11,3,3.0,0,10,37,0.297,0.297,0.432,0.73,127,92,0.195,1.39,0.874,,-0.2,27,15,9.0,1,53,15,24,11,16,11,0,56,0,0,0.304,2.2,31,2,7,2,2.0,2,4,35,0.226,0.294,0.355,0.649,133,77,-0.304,1.09,0.673,,-2.2,27,8,9.0,1,49,12,16,16,12,2,0,61,0,0,-0.196,0.2
SEA/SEA201510030,"Saturday, October 3, 2015",6:10 p.m. Local,Safeco Field,24448,4:31,Night,Away,Oakland Athletics,OAK,Seattle Mariners,SEA,48,7,13,7,4.85,8,7,58,0.271,0.379,0.438,0.817,188,140,0.157,1.46,1.648,,1.0,39,10,13.0,1,80,26,34,18,24,8,0,44,1,1,0.345,1.0,48,5,11,4,3.46,2,10,51,0.229,0.26,0.292,0.552,228,123,-0.346,1.58,1.066,,-1.0,39,18,13.0,2,74,18,31,15,24,8,0,23,3,1,-0.156,-1.0
SEA/SEA201510040,"Sunday, October 4, 2015",12:09 p.m. Local,Safeco Field,22402,2:45,Day,Home,Seattle Mariners,SEA,Oakland Athletics,OAK,30,2,6,2,2.0,2,8,34,0.2,0.265,0.367,0.631,124,94,-0.382,1.56,0.502,,-2.2,24,9,8.0,1,54,13,27,10,13,6,0,52,0,0,-0.117,0.7,28,3,6,3,3.38,5,4,34,0.214,0.324,0.357,0.681,144,73,0.116,1.22,0.944,,-0.7,27,10,9.0,1,45,11,17,12,13,4,0,55,2,0,0.384,2.2
