,date,time,venue,attendance,duration,time_of_day,winner,winning_name,winning_abbr,losing_name,losing_abbr,away_at_bats,away_runs,away_hits,away_rbi,away_earned_runs,away_bases_on_balls,away_strikeouts,away_plate_appearances,away_batting_average,away_on_base_percentage,away_slugging_percentage,away_on_base_plus,away_pitches,away_strikes,away_win_probability_for_offensive_player,away_average_leverage_index,away_win_probability_added,away_win_probability_subtracted,away_base_out_runs_added,away_putouts,away_assists,away_innings_pitched,away_home_runs,away_strikes_by_contact,away_strikes_swinging,away_strikes_looking,away_grounded_balls,away_fly_balls,away_line_drives,away_unknown_bat_type,away_game_score,away_inherited_runners,away_inherited_score,away_win_probability_by_pitcher,away_base_out_runs_saved,home_at_bats,home_runs,home_hits,home_rbi,home_earned_runs,home_bases_on_balls,home_strikeouts,home_plate_appearances,home_batting_average,home_on_base_percentage,home_slugging_percentage,home_on_base_plus,home_pitches,home_strikes,home_win_probability_for_offensive_player,home_average_leverage_index,home_win_probability_added,home_win_probability_subtracted,home_base_out_runs_added,home_putouts,home_assists,home_innings_pitched,home_home_runs,home_strikes_by_contact,home_strikes_swinging,home_strikes_looking,home_grounded_balls,home_fly_balls,home_line_drives,home_unknown_bat_type,home_game_score,home_inherited_runners,home_inherited_score,home_win_probability_by_pitcher,home_base_out_runs_saved
PHI/PHI201504060,"Monday, April 6, 2015",3:08 p.m. Local,Citizens Bank Park,45549,3:01,Day,Away,Boston Red Sox,BOS,Philadelphia Phillies,PHI,35,8,9,8,8.0,7,9,42,0.257,0.381,0.686,1.067,118,110,0.169,0.64,0.482,,4.0,27,9,9.0,0,57,22,31,13,13,6,0,79,0,0,0.33,4.0,31,0,3,0,0.0,2,9,33,0.097,0.152,0.129,0.281,184,78,-0.331,0.45,0.105,,-4.0,27,10,9.0,5,42,10,26,12,10,6,0,44,0,0,-0.17,-4.0
PHI/PHI201504080,"Wednesday, April 8, 2015",7:08 p.m. Local,Citizens Bank Park,26465,2:54,Night,Home,Philadelphia Phillies,PHI,Boston Red Sox,BOS,30,2,3,2,0.0,4,10,35,0.1,0.206,0.1,0.306,127,105,-0.421,0.9,0.414,,-2.0,24,10,8.0,1,56,12,36,5,15,4,0,50,0,0,-0.077,-0.4,31,4,6,4,3.38,2,7,34,0.194,0.235,0.29,0.526,166,82,0.077,1.26,0.54,,0.4,27,3,9.0,0,42,13,27,15,10,5,0,76,5,0,0.423,2.0
PHI/PHI201504090,"Thursday, April 9, 2015",7:06 p.m. Local,Citizens Bank Park,23418,3:08,Night,Away,Boston Red Sox,BOS,Philadelphia Phillies,PHI,39,6,11,6,6.0,6,7,45,0.282,0.378,0.333,0.711,137,121,0.288,0.62,0.613,,2.0,27,10,9.0,0,70,17,34,20,12,3,0,63,0,0,0.213,2.0,32,2,5,1,2.0,3,10,35,0.156,0.229,0.156,0.385,203,95,-0.212,0.6,0.202,,-2.0,27,10,9.0,0,52,12,31,12,10,6,0,18,0,0,-0.287,-2.0
PHI/PHI201504100,"Friday, April 10, 2015",7:07 p.m. Local,Citizens Bank Park,19047,2:30,Night,Home,Philadelphia Phillies,PHI,Washington Nationals,WSN,32,1,6,1,1.0,1,9,33,0.188,0.212,0.313,0.525,122,88,-0.286,1.39,0.212,,-3.0,24,17,8.0,0,45,22,21,11,12,5,0,51,6,4,-0.215,-0.4,27,4,7,4,4.5,4,5,34,0.259,0.382,0.333,0.716,131,83,0.214,0.74,0.964,,0.4,27,11,9.0,1,52,7,24,14,9,5,0,63,0,0,0.286,3.0
PHI/PHI201504110,"Saturday, April 11, 2015",7:06 p.m. Local,Citizens Bank Park,23740,3:25,Night,Home,Philadelphia Phillies,PHI,Washington Nationals,WSN,36,2,7,2,1.8,4,9,40,0.194,0.275,0.306,0.581,155,114,-0.372,1.95,0.555,,-2.5,28,15,9.1,0,74,18,22,16,11,7,0,61,1,0,-0.13,0.9,41,3,13,3,2.89,2,5,43,0.317,0.349,0.439,0.788,180,102,0.131,1.28,1.569,,-0.9,30,16,10.0,1,58,10,34,20,16,11,0,72,2,0,0.37,2.5
PHI/PHI201504120,"Sunday, April 12, 2015",1:38 p.m. Local,Citizens Bank Park,30094,3:19,Day,Away,Washington Nationals,WSN,Philadelphia Phillies,PHI,37,4,9,3,3.6,4,8,43,0.243,0.326,0.378,0.704,166,96,0.114,1.73,0.931,,-0.5,30,5,10.0,1,58,15,23,15,15,5,0,62,0,0,0.389,1.5,39,3,9,3,2.7,4,12,43,0.231,0.302,0.308,0.61,157,112,-0.39,1.27,1.007,,-1.5,30,13,10.0,1,61,24,27,9,18,5,0,58,1,1,-0.11,0.5
NYN/NYN201504130,"Monday, April 13, 2015",1:14 p.m. Local,Citi Field,43947,2:53,Day,Home,New York Mets,NYM,Philadelphia Phillies,PHI,31,0,7,0,0.0,2,5,34,0.226,0.273,0.226,0.499,150,81,-0.621,0.87,0.412,,-4.0,24,3,8.0,0,48,10,23,15,12,5,0,59,0,0,0.12,1.6,30,2,6,2,1.12,4,3,35,0.2,0.286,0.3,0.586,133,92,-0.122,1.46,0.44,,-1.6,27,9,9.0,0,62,10,20,6,22,10,0,61,2,0,0.621,4.0
NYN/NYN201504140,"Tuesday, April 14, 2015",7:11 p.m. Local,Citi Field,39489,3:12,Night,Home,New York Mets,NYM,Philadelphia Phillies,PHI,33,5,7,5,5.0,1,12,38,0.212,0.278,0.606,0.884,156,97,-0.162,0.99,0.629,,1.0,24,7,8.0,1,52,18,26,9,13,4,0,32,2,0,-0.338,-2.4,35,6,12,6,6.75,5,7,42,0.343,0.452,0.543,0.995,140,96,0.339,1.22,0.916,,2.4,27,7,9.0,4,56,15,25,11,17,9,0,58,0,0,0.163,-1.0
NYN/NYN201504150,"Wednesday, April 15, 2015",7:10 p.m. Local,Citi Field,21052,2:36,Night,Home,New York Mets,NYM,Philadelphia Phillies,PHI,35,1,9,1,1.0,4,5,39,0.257,0.333,0.4,0.733,141,78,-0.205,0.58,0.502,,-3.0,24,9,8.0,2,44,7,27,19,11,8,0,29,0,0,-0.296,-2.4,37,6,12,5,5.62,5,2,42,0.324,0.405,0.541,0.945,125,83,0.298,1.05,0.625,,2.4,27,13,9.0,0,54,6,23,14,21,13,0,53,2,0,0.205,3.0
WAS/WAS201504160,"Thursday, April 16, 2015",7:05 p.m. Local,Nationals Park,24768,2:16,Night,Home,Washington Nationals,WSN,Philadelphia Phillies,PHI,31,2,5,2,1.0,4,6,36,0.161,0.25,0.258,0.508,119,70,-0.208,0.71,0.511,,-2.3,24,10,8.0,2,39,7,24,6,20,14,0,45,0,0,-0.291,-1.2,29,5,6,5,5.62,4,9,33,0.207,0.303,0.483,0.786,113,68,0.292,1.17,0.65,,1.2,27,5,9.0,0,37,12,19,11,9,2,0,60,3,0,0.21,2.3
WAS/WAS201504170,"Friday, April 17, 2015",7:05 p.m. Local,Nationals Park,31608,2:38,Night,Home,Washington Nationals,WSN,Philadelphia Phillies,PHI,35,2,7,2,2.0,0,11,35,0.2,0.2,0.257,0.457,141,82,-0.25,0.44,0.176,,-2.3,24,9,8.0,2,49,15,18,12,12,6,0,41,1,1,-0.25,-3.2,35,7,10,6,6.75,3,6,39,0.286,0.359,0.486,0.845,117,88,0.251,0.62,0.483,,3.2,27,7,9.0,0,49,11,28,16,13,5,0,79,0,0,0.25,2.3
WAS/WAS201504180,"Saturday, April 18, 2015",1:06 p.m. Local,Nationals Park,35330,2:56,Day,Away,Philadelphia Phillies,PHI,Washington Nationals,WSN,34,5,7,5,3.0,4,4,38,0.206,0.289,0.294,0.584,125,87,0.239,1.51,0.951,,0.7,27,11,9.0,1,65,6,16,14,16,8,0,50,0,0,0.261,1.3,35,3,9,3,3.0,3,9,38,0.257,0.316,0.343,0.659,135,84,-0.26,1.15,0.752,,-1.3,27,10,9.0,0,46,17,21,13,13,8,0,52,1,1,-0.24,-0.7
WAS/WAS201504190,"Sunday, April 19, 2015",1:37 p.m. Local,Nationals Park,36631,2:40,Day,Home,Washington Nationals,WSN,Philadelphia Phillies,PHI,34,1,7,1,1.0,2,8,36,0.206,0.25,0.265,0.515,148,86,-0.402,0.67,0.204,,-3.3,24,10,8.0,0,48,13,25,12,14,5,0,44,0,0,-0.1,-0.2,33,4,9,4,4.5,5,5,38,0.273,0.368,0.333,0.702,117,95,0.102,0.8,0.539,,0.2,27,8,9.0,0,60,9,26,17,11,6,0,69,1,0,0.4,3.3
PHI/PHI201504210,"Tuesday, April 21, 2015",7:06 p.m. Local,Citizens Bank Park,21993,2:29,Night,Home,Philadelphia Phillies,PHI,Miami Marlins,MIA,36,3,10,2,2.0,1,10,37,0.278,0.297,0.389,0.686,127,83,-0.013,0.84,0.711,,-1.0,24,4,8.0,2,47,13,25,10,15,10,1,52,0,0,-0.489,-3.4,30,7,7,7,7.88,3,8,34,0.233,0.294,0.533,0.827,131,86,0.489,1.06,0.94,,3.4,27,8,9.0,1,47,8,31,6,17,5,0,51,0,0,0.012,1.0
PHI/PHI201504220,"Wednesday, April 22, 2015",7:06 p.m. Local,Citizens Bank Park,23417,2:55,Night,Away,Miami Marlins,MIA,Philadelphia Phillies,PHI,38,6,10,1,1.0,5,8,44,0.263,0.364,0.289,0.653,126,111,0.155,0.87,0.961,,2.0,27,16,9.0,1,63,20,28,19,11,5,0,64,0,0,0.342,3.0,30,1,5,1,1.0,0,7,30,0.167,0.167,0.333,0.5,178,79,-0.342,1.18,0.278,,-3.0,27,15,9.0,0,43,15,21,16,7,4,0,62,1,1,-0.159,-2.0
PHI/PHI201504230,"Thursday, April 23, 2015",1:06 p.m. Local,Citizens Bank Park,17097,2:52,Day,Away,Miami Marlins,MIA,Philadelphia Phillies,PHI,38,9,12,9,8.0,5,10,45,0.316,0.409,0.447,0.856,124,116,0.276,0.44,0.669,,5.0,27,8,9.0,0,67,23,28,16,13,7,0,74,0,0,0.223,3.0,32,1,8,1,1.0,2,7,35,0.25,0.286,0.313,0.598,188,83,-0.224,0.77,0.089,,-3.0,27,9,9.0,1,48,11,24,8,18,6,0,38,2,2,-0.277,-5.0
PHI/PHI201504240,"Friday, April 24, 2015",7:07 p.m. Local,Citizens Bank Park,21164,2:34,Night,Home,Philadelphia Phillies,PHI,Atlanta Braves,ATL,26,0,2,0,0.0,2,6,28,0.077,0.143,0.115,0.258,142,71,-0.652,1.86,0.235,,-4.0,25,10,8.1,0,40,10,21,8,12,5,0,58,6,0,0.152,2.6,32,1,8,1,0.0,2,2,37,0.25,0.294,0.25,0.544,117,93,-0.152,1.18,0.885,,-2.6,27,8,9.0,0,62,9,22,25,8,1,0,83,0,0,0.651,4.0
PHI/PHI201504250,"Saturday, April 25, 2015",7:06 p.m. Local,Citizens Bank Park,24748,2:27,Night,Away,Atlanta Braves,ATL,Philadelphia Phillies,PHI,34,5,9,5,5.0,4,5,38,0.265,0.342,0.412,0.754,106,85,0.329,0.97,0.947,,1.0,27,11,9.0,1,46,12,27,10,19,11,0,59,0,0,0.171,2.0,32,2,6,2,2.0,2,4,34,0.188,0.235,0.313,0.548,134,73,-0.171,0.99,0.482,,-2.0,27,9,9.0,1,43,6,24,14,14,9,0,58,3,3,-0.33,-1.0
PHI/PHI201504260,"Sunday, April 26, 2015",1:37 p.m. Local,Citizens Bank Park,28702,2:38,Day,Home,Philadelphia Phillies,PHI,Atlanta Braves,ATL,36,4,10,4,4.0,4,4,40,0.278,0.35,0.444,0.794,121,93,-0.236,0.97,0.769,,-0.0,24,13,8.0,1,60,8,25,13,19,7,0,45,0,0,-0.263,-1.4,27,5,6,4,4.5,4,3,34,0.222,0.323,0.407,0.73,142,69,0.263,1.45,0.799,,1.4,27,10,9.0,1,45,8,16,15,12,9,0,46,1,0,0.237,0.0
SLN/SLN201504270,"Monday, April 27, 2015",7:16 p.m. Local,Busch Stadium III,40052,2:32,Night,Away,Philadelphia Phillies,PHI,St. Louis Cardinals,STL,34,4,11,4,4.0,1,2,37,0.324,0.343,0.382,0.725,147,81,0.15,0.95,0.95,,-0.2,27,9,9.0,0,54,8,19,18,16,10,0,70,0,0,0.35,3.2,31,1,5,1,1.0,4,13,36,0.161,0.278,0.226,0.504,108,93,-0.351,1.21,0.319,,-3.2,27,17,9.0,0,51,17,25,9,9,3,0,47,0,0,-0.15,0.2
SLN/SLN201504280,"Tuesday, April 28, 2015",7:16 p.m. Local,Busch Stadium III,40143,2:58,Night,Home,St. Louis Cardinals,STL,Philadelphia Phillies,PHI,34,5,9,5,4.0,2,7,39,0.265,0.324,0.324,0.648,172,89,-0.01,0.43,0.404,,0.8,24,13,8.0,0,55,12,22,16,13,7,0,8,4,1,-0.489,-7.2,35,11,15,11,10.12,6,4,44,0.429,0.477,0.571,1.049,126,103,0.487,0.7,0.607,,7.3,27,10,9.0,0,66,12,25,18,16,8,0,43,2,0,0.011,-0.8
SLN/SLN201504290,"Wednesday, April 29, 2015",7:14 p.m. Local,Busch Stadium III,40399,2:38,Night,Home,St. Louis Cardinals,STL,Philadelphia Phillies,PHI,34,2,8,2,2.0,4,6,38,0.235,0.316,0.324,0.639,110,92,-0.139,0.85,0.477,,-2.2,24,9,8.0,0,56,9,27,17,11,5,0,39,0,0,-0.361,-1.3,32,5,9,5,5.62,2,6,35,0.281,0.324,0.406,0.73,138,71,0.361,0.95,0.788,,1.2,27,20,9.0,1,43,8,20,10,17,9,0,52,0,0,0.138,2.2
SLN/SLN201504300,"Thursday, April 30, 2015",12:46 p.m. Local,Busch Stadium III,40715,2:55,Day,Home,St. Louis Cardinals,STL,Philadelphia Phillies,PHI,33,3,8,3,3.0,2,7,36,0.242,0.278,0.424,0.702,163,78,-0.033,0.47,0.492,,-1.2,24,13,8.0,1,42,13,25,10,17,3,0,17,1,1,-0.468,-5.3,32,9,12,8,10.12,7,3,40,0.375,0.487,0.563,1.05,133,99,0.468,0.87,0.752,,5.2,27,6,9.0,1,64,14,21,19,11,4,0,33,4,1,0.032,1.2
MIA/MIA201505010,"Friday, May 1, 2015",7:12 p.m. Local,Marlins Park,18511,2:57,Night,Home,Miami Marlins,MIA,Philadelphia Phillies,PHI,31,3,5,3,3.0,3,8,34,0.161,0.235,0.323,0.558,148,95,-0.214,1.71,0.617,,-1.0,24,12,8.0,0,58,15,22,9,14,5,0,41,0,0,-0.285,-1.0,35,4,13,4,4.5,4,4,40,0.371,0.425,0.514,0.939,148,85,0.285,1.28,1.394,,1.0,27,6,9.0,1,57,11,17,20,12,9,0,51,0,0,0.215,1.0
MIA/MIA201505020,"Saturday, May 2, 2015",4:11 p.m. Local,Marlins Park,33348,2:38,Day,Home,Miami Marlins,MIA,Philadelphia Phillies,PHI,33,0,6,0,0.0,0,8,33,0.182,0.182,0.212,0.394,135,99,-0.212,0.58,0.081,,-4.0,24,8,8.0,1,58,10,31,8,17,9,0,31,0,0,-0.288,-3.4,33,7,13,7,6.75,4,7,40,0.394,0.462,0.606,1.068,141,89,0.289,0.43,0.639,,3.4,27,6,9.0,0,50,14,25,12,16,12,0,68,0,0,0.213,4.0
MIA/MIA201505030,"Sunday, May 3, 2015",1:10 p.m. Local,Marlins Park,20461,2:45,Day,Away,Philadelphia Phillies,PHI,Miami Marlins,MIA,39,6,10,6,5.0,2,11,42,0.256,0.31,0.308,0.617,111,96,0.387,0.82,0.987,,2.0,27,9,9.0,0,58,19,19,15,13,11,0,53,0,0,0.114,2.0,31,2,6,2,2.0,2,10,34,0.194,0.235,0.226,0.461,158,78,-0.114,1.01,0.414,,-2.0,27,9,9.0,0,43,16,19,11,11,5,0,50,1,0,-0.386,-2.0
ATL/ATL201505040,"Monday, May 4, 2015",7:09 p.m. Local,Turner Field,17293,3:08,Night,Away,Philadelphia Phillies,PHI,Atlanta Braves,ATL,37,5,14,5,5.0,3,5,42,0.378,0.439,0.486,0.926,164,102,0.193,1.04,0.605,,1.0,27,12,9.0,0,69,8,26,16,17,11,0,59,0,0,0.306,2.0,34,2,8,2,2.0,4,5,38,0.235,0.316,0.294,0.61,163,101,-0.305,0.66,0.478,,-2.0,27,13,9.0,0,60,13,28,14,15,7,0,35,3,1,-0.195,-1.0
ATL/ATL201505050,"Tuesday, May 5, 2015",7:10 p.m. Local,Turner Field,14451,2:23,Night,Home,Atlanta Braves,ATL,Philadelphia Phillies,PHI,30,0,3,0,0.0,1,8,31,0.1,0.129,0.133,0.262,150,75,-0.225,0.28,0.066,,-4.0,24,12,8.0,2,42,14,19,11,11,3,0,30,3,1,-0.275,-5.4,33,9,12,8,9.0,5,5,40,0.364,0.462,0.545,1.007,99,84,0.275,0.38,0.413,,5.4,27,9,9.0,0,50,9,25,14,15,7,0,88,,,0.225,4.0
ATL/ATL201505060,"Wednesday, May 6, 2015",7:11 p.m. Local,Turner Field,17772,3:07,Night,Home,Atlanta Braves,ATL,Philadelphia Phillies,PHI,38,5,12,4,5.0,4,12,42,0.316,0.381,0.474,0.855,129,114,-0.157,0.66,0.673,,1.0,24,9,8.0,1,70,19,25,10,16,8,0,26,2,2,-0.346,-3.4,32,7,12,7,7.88,2,6,35,0.375,0.4,0.594,0.994,170,82,0.348,1.19,0.709,,3.4,27,8,9.0,1,52,11,19,9,18,10,0,42,4,2,0.155,-1.0
PHI/PHI201505080,"Friday, May 8, 2015",7:07 p.m. Local,Citizens Bank Park,32734,2:27,Night,Home,Philadelphia Phillies,PHI,New York Mets,NYM,32,1,5,0,1.0,2,11,35,0.156,0.229,0.188,0.416,114,90,-0.399,0.65,0.431,,-3.0,24,6,8.0,1,53,22,15,4,17,8,0,51,1,0,-0.1,0.6,29,3,7,3,3.38,2,5,32,0.241,0.29,0.345,0.635,137,76,0.099,1.32,0.445,,-0.6,27,3,9.0,0,41,16,19,9,16,5,0,71,0,0,0.4,3.0
PHI/PHI201505090,"Saturday, May 9, 2015",7:06 p.m. Local,Citizens Bank Park,29373,2:44,Night,Away,New York Mets,NYM,Philadelphia Phillies,PHI,35,3,9,2,2.0,3,4,39,0.257,0.316,0.371,0.687,120,91,0.139,1.96,0.946,,-1.0,27,8,9.0,0,54,13,24,12,20,6,0,68,4,0,0.363,2.0,33,2,7,2,0.0,3,7,37,0.212,0.27,0.273,0.543,144,77,-0.364,1.24,0.892,,-2.0,27,6,9.0,1,46,9,22,14,13,4,0,52,0,0,-0.137,1.0
PHI/PHI201505100,"Sunday, May 10, 2015",1:38 p.m. Local,Citizens Bank Park,27935,2:57,Day,Away,New York Mets,NYM,Philadelphia Phillies,PHI,40,7,14,6,7.0,1,5,41,0.35,0.366,0.525,0.891,130,89,0.511,1.41,0.963,,3.0,27,8,9.0,1,58,5,26,14,21,10,0,46,3,1,-0.011,0.0,35,4,9,4,4.0,1,7,38,0.257,0.289,0.429,0.718,133,95,0.009,0.76,0.853,,-0.0,27,8,9.0,1,56,10,29,11,18,6,0,33,1,1,-0.511,-3.0
PHI/PHI201505110,"Monday, May 11, 2015",7:06 p.m. Local,Citizens Bank Park,21358,2:55,Night,Away,Pittsburgh Pirates,PIT,Philadelphia Phillies,PHI,32,4,7,4,3.0,3,7,38,0.219,0.316,0.406,0.722,120,94,0.174,1.65,0.67,,-0.0,27,6,9.0,1,53,16,25,13,13,9,0,61,0,0,0.326,1.0,34,3,9,3,3.0,2,7,37,0.265,0.324,0.353,0.677,143,80,-0.325,0.79,0.784,,-1.0,27,10,9.0,1,52,10,18,8,19,11,0,49,2,1,-0.174,0.0
PHI/PHI201505120,"Tuesday, May 12, 2015",7:07 p.m. Local,Citizens Bank Park,20393,2:49,Night,Away,Pittsburgh Pirates,PIT,Philadelphia Phillies,PHI,33,7,8,7,7.0,3,6,38,0.242,0.324,0.485,0.809,115,100,0.375,0.69,0.745,,3.0,27,10,9.0,0,60,15,25,13,15,9,0,63,0,0,0.126,2.0,34,2,8,2,1.0,1,7,35,0.235,0.257,0.324,0.581,167,81,-0.127,0.73,0.373,,-2.0,27,13,9.0,2,42,13,26,14,13,8,0,46,0,0,-0.374,-3.0
PHI/PHI201505130,"Wednesday, May 13, 2015",7:06 p.m. Local,Citizens Bank Park,29576,2:37,Night,Home,Philadelphia Phillies,PHI,Pittsburgh Pirates,PIT,30,2,6,2,2.0,2,11,35,0.2,0.294,0.2,0.494,121,95,-0.405,1.05,0.796,,-2.0,24,10,8.0,0,56,22,17,10,10,7,0,54,0,0,-0.097,0.6,30,3,7,3,3.38,3,8,33,0.233,0.303,0.267,0.57,142,67,0.097,1.69,0.63,,-0.6,27,11,9.0,0,34,16,17,13,9,7,0,67,0,0,0.404,2.0
PHI/PHI201505140,"Thursday, May 14, 2015",1:08 p.m. Local,Citizens Bank Park,29205,2:40,Day,Home,Philadelphia Phillies,PHI,Pittsburgh Pirates,PIT,31,2,7,2,2.0,1,6,34,0.226,0.294,0.29,0.584,147,92,-0.311,0.67,0.247,,-2.0,24,13,8.0,1,53,18,22,10,15,8,0,37,0,0,-0.19,-0.4,33,4,11,3,2.25,3,4,37,0.333,0.389,0.485,0.874,129,85,0.19,0.75,0.543,,0.4,27,12,9.0,0,58,14,13,17,13,7,0,77,1,1,0.311,2.0
PHI/PHI201505150,"Friday, May 15, 2015",7:06 p.m. Local,Citizens Bank Park,21383,3:05,Night,Home,Philadelphia Phillies,PHI,Arizona Diamondbacks,ARI,37,3,10,3,3.0,1,6,38,0.27,0.289,0.324,0.614,146,86,-0.091,1.43,0.971,,-1.0,24,9,8.0,0,49,11,26,15,16,8,0,58,5,3,-0.408,-0.4,30,4,7,4,4.5,3,6,34,0.233,0.324,0.333,0.657,126,87,0.408,1.58,1.143,,0.4,27,8,9.0,0,48,13,26,13,11,9,0,51,3,2,0.092,1.0
PHI/PHI201505160,"Saturday, May 16, 2015",7:05 p.m. Local,Citizens Bank Park,33649,3:14,Night,Home,Philadelphia Phillies,PHI,Arizona Diamondbacks,ARI,37,5,10,5,4.0,0,8,37,0.27,0.27,0.459,0.73,158,96,-0.102,0.64,0.507,,1.0,24,6,8.0,1,59,21,16,18,11,3,0,28,4,2,-0.401,-3.4,38,7,13,6,7.88,4,8,42,0.342,0.405,0.553,0.957,137,101,0.402,0.88,0.755,,3.4,27,14,9.0,2,64,11,26,14,16,7,0,47,0,0,0.099,-1.0
PHI/PHI201505170,"Sunday, May 17, 2015",1:37 p.m. Local,Citizens Bank Park,22123,2:52,Day,Home,Philadelphia Phillies,PHI,Arizona Diamondbacks,ARI,34,0,8,0,0.0,3,6,37,0.235,0.297,0.265,0.562,137,77,-0.373,0.53,0.289,,-4.0,24,6,8.0,2,47,5,25,14,14,4,0,43,2,1,-0.128,-2.4,32,6,11,6,6.75,4,4,38,0.344,0.405,0.656,1.062,120,83,0.127,0.91,0.431,,2.4,27,9,9.0,0,51,15,17,9,21,8,0,64,0,0,0.374,4.0
COL/COL201505180,"Monday, May 18, 2015",6:42 p.m. Local,Coors Field,24061,3:14,Night,Away,Philadelphia Phillies,PHI,Colorado Rockies,COL,35,4,10,4,4.0,2,4,38,0.286,0.342,0.343,0.685,146,88,0.076,1.43,0.749,,-0.9,27,7,9.0,0,65,4,19,16,15,9,0,68,0,0,0.425,1.9,37,3,10,3,3.0,1,11,38,0.27,0.289,0.351,0.641,139,105,-0.426,0.94,0.727,,-1.9,27,12,9.0,0,54,29,22,13,13,8,0,43,0,0,-0.075,0.9
COL/COL201505190,"Tuesday, May 19, 2015",6:57 p.m. Local,Coors Field,21249,2:54,Night,Home,Colorado Rockies,COL,Philadelphia Phillies,PHI,35,5,11,5,5.0,1,6,38,0.314,0.351,0.457,0.808,139,96,-0.112,1.04,1.125,,0.1,24,8,8.0,1,61,13,22,16,14,3,0,64,0,0,-0.387,-1.6,31,6,7,6,3.38,4,10,35,0.226,0.314,0.452,0.766,139,85,0.385,1.56,1.035,,1.6,27,12,9.0,0,46,13,26,9,12,4,0,49,3,0,0.114,-0.1
COL/COL201505200,"Wednesday, May 20, 2015",6:42 p.m. Local,Coors Field,21714,2:50,Night,Away,Philadelphia Phillies,PHI,Colorado Rockies,COL,37,4,9,3,2.0,4,4,41,0.243,0.317,0.405,0.722,121,102,0.062,1.15,0.485,,-0.9,27,13,9.0,0,57,11,34,20,13,12,0,53,1,1,0.439,2.9,31,2,7,2,2.0,0,4,32,0.226,0.25,0.258,0.508,168,88,-0.439,0.62,0.371,,-2.9,27,16,9.0,1,56,13,19,10,17,10,0,35,0,0,-0.062,0.9
COL/COL201505210,"Thursday, May 21, 2015",1:11 p.m. Local,Coors Field,25418,3:15,Day,Home,Colorado Rockies,COL,Philadelphia Phillies,PHI,32,3,8,3,3.0,4,8,37,0.25,0.324,0.438,0.762,127,109,-0.117,0.95,0.636,,-1.9,24,8,8.0,1,64,18,27,11,14,7,0,28,0,0,-0.382,-2.6,34,7,11,7,6.75,6,0,42,0.324,0.439,0.441,0.88,173,80,0.382,1.02,0.852,,2.6,27,10,9.0,1,57,5,18,17,18,13,0,41,0,0,0.119,1.9
WAS/WAS201505220,"Friday, May 22, 2015",7:06 p.m. Local,Nationals Park,35893,2:35,Night,Home,Washington Nationals,WSN,Philadelphia Phillies,PHI,33,1,6,1,1.0,1,8,34,0.182,0.206,0.273,0.479,119,91,-0.598,0.96,0.552,,-3.3,24,9,8.0,1,47,17,27,9,16,6,0,56,0,0,0.1,1.8,28,2,6,2,2.25,2,6,30,0.214,0.267,0.357,0.624,127,71,-0.099,1.7,0.468,,-1.8,27,7,9.0,0,42,9,20,12,10,4,0,75,0,0,0.599,3.3
WAS/WAS201505230,"Saturday, May 23, 2015",4:07 p.m. Local,Nationals Park,41722,2:33,Day,Away,Philadelphia Phillies,PHI,Washington Nationals,WSN,39,8,11,7,7.0,1,10,40,0.282,0.3,0.513,0.813,116,101,0.33,0.32,0.563,,3.7,27,7,9.0,0,63,14,24,14,15,11,0,72,0,0,0.17,3.3,31,1,5,1,1.0,1,7,33,0.161,0.188,0.226,0.413,146,80,-0.171,0.49,0.055,,-3.3,27,11,9.0,2,53,11,16,13,12,6,0,27,1,0,-0.33,-3.7
WAS/WAS201505240,"Sunday, May 24, 2015",1:37 p.m. Local,Nationals Park,41044,2:45,Day,Home,Washington Nationals,WSN,Philadelphia Phillies,PHI,33,1,8,1,1.0,1,11,34,0.242,0.265,0.333,0.598,119,87,-0.375,1.02,0.482,,-3.3,24,12,8.0,0,41,17,29,11,11,10,0,50,1,1,-0.125,-0.2,32,4,10,4,4.5,2,3,36,0.312,0.353,0.5,0.853,127,77,0.125,1.21,0.726,,0.2,27,10,9.0,0,58,7,12,15,16,9,0,61,2,0,0.377,3.3
NYN/NYN201505250,"Monday, May 25, 2015",1:10 p.m. Local,Citi Field,30946,3:07,Day,Home,New York Mets,NYM,Philadelphia Phillies,PHI,33,3,6,3,3.0,3,10,37,0.182,0.243,0.212,0.455,132,100,-0.046,0.93,0.561,,-1.0,24,6,8.0,3,58,9,33,9,15,10,0,47,4,1,-0.456,-2.4,30,6,8,6,6.75,3,9,34,0.267,0.353,0.567,0.92,148,82,0.456,1.06,0.928,,2.4,27,4,9.0,0,44,16,22,7,14,7,0,52,1,0,0.045,1.0
NYN/NYN201505260,"Tuesday, May 26, 2015",7:10 p.m. Local,Citi Field,21064,3:17,Night,Home,New York Mets,NYM,Philadelphia Phillies,PHI,38,4,11,4,3.6,2,12,40,0.289,0.325,0.342,0.667,176,108,0.084,1.57,1.143,,-0.5,29,13,9.2,0,55,21,32,14,12,8,0,50,1,1,-0.585,-1.0,34,5,9,5,4.66,7,7,42,0.265,0.381,0.294,0.675,156,100,0.587,1.39,1.47,,1.0,30,14,10.0,0,60,15,25,14,14,10,0,67,5,3,-0.086,0.5
NYN/NYN201505270,"Wednesday, May 27, 2015",1:09 p.m. Local,Citi Field,24406,2:41,Day,Home,New York Mets,NYM,Philadelphia Phillies,PHI,33,0,8,0,0.0,0,8,33,0.242,0.242,0.273,0.515,140,82,-0.218,0.31,0.115,,-4.0,24,11,8.0,4,43,8,31,14,11,5,0,20,2,0,-0.282,-3.4,34,7,12,7,7.88,2,4,38,0.353,0.395,0.735,1.13,128,91,0.283,0.5,0.459,,3.4,27,11,9.0,0,48,14,29,14,17,12,0,72,0,0,0.218,4.0
PHI/PHI201505290,"Friday, May 29, 2015",7:06 p.m. Local,Citizens Bank Park,22227,2:32,Night,Away,Colorado Rockies,COL,Philadelphia Phillies,PHI,32,4,7,4,4.0,2,9,34,0.219,0.265,0.5,0.765,123,92,-0.014,1.09,0.382,,-0.0,27,9,9.0,0,54,22,16,11,12,6,0,85,0,0,0.513,3.0,32,1,2,0,0.0,0,8,32,0.062,0.063,0.063,0.125,138,79,-0.514,0.52,0.209,,-3.0,27,9,9.0,3,46,11,22,12,12,5,0,72,0,0,0.013,0.0
PHI/PHI201505300,"Saturday, May 30, 2015",3:05 p.m. Local,Citizens Bank Park,23510,3:23,Day,Away,Colorado Rockies,COL,Philadelphia Phillies,PHI,36,5,10,5,5.0,0,10,38,0.278,0.297,0.583,0.881,144,110,0.147,1.23,0.547,,1.0,27,14,9.0,1,61,26,23,11,16,8,0,62,3,0,0.353,2.0,35,2,8,2,2.0,2,5,37,0.229,0.27,0.371,0.642,159,92,-0.352,0.62,0.546,,-2.0,27,8,9.0,3,53,15,24,18,12,8,0,63,2,1,-0.148,-1.0
PHI/PHI201505310,"Sunday, May 31, 2015",1:39 p.m. Local,Citizens Bank Park,22166,2:56,Day,Away,Colorado Rockies,COL,Philadelphia Phillies,PHI,34,4,9,4,4.0,1,9,36,0.265,0.306,0.471,0.776,147,80,0.163,1.13,0.564,,-0.0,27,11,9.0,0,39,12,29,11,14,7,0,48,4,1,0.335,3.0,34,1,7,1,1.0,1,8,35,0.206,0.229,0.265,0.493,116,100,-0.336,0.61,0.448,,-3.0,27,9,9.0,2,60,17,23,13,13,10,0,39,0,0,-0.166,0.0
PHI/PHI201506020,"Tuesday, June 2, 2015",7:08 p.m. Local,Citizens Bank Park,20209,2:52,Night,Home,Philadelphia Phillies,PHI,Cincinnati Reds,CIN,34,4,10,4,4.0,2,5,39,0.294,0.351,0.412,0.763,126,85,0.048,1.27,0.616,,-0.0,25,11,8.1,2,50,16,19,15,16,6,0,60,0,0,-0.548,-1.4,35,5,9,5,4.32,0,5,36,0.257,0.257,0.543,0.8,125,87,0.546,0.86,1.212,,1.4,27,11,9.0,0,64,8,15,16,15,8,0,35,2,0,-0.048,0.0
PHI/PHI201506030,"Wednesday, June 3, 2015",7:06 p.m. Local,Citizens Bank Park,21253,3:31,Night,Home,Philadelphia Phillies,PHI,Cincinnati Reds,CIN,43,4,9,4,3.27,7,12,51,0.209,0.32,0.349,0.669,171,111,-0.26,1.48,0.933,,-0.9,31,12,10.1,1,58,29,24,14,18,12,0,75,4,2,-0.241,-0.5,38,5,7,4,3.48,4,10,43,0.184,0.256,0.289,0.545,173,108,0.239,1.37,1.332,,0.5,33,11,11.0,1,62,16,30,14,15,9,0,62,1,0,0.26,0.9
PHI/PHI201506040,"Thursday, June 4, 2015",7:06 p.m. Local,Citizens Bank Park,21057,2:41,Night,Away,Cincinnati Reds,CIN,Philadelphia Phillies,PHI,30,6,6,5,5.0,6,5,38,0.2,0.333,0.267,0.6,131,81,0.367,1.04,0.889,,2.0,27,10,9.0,0,52,12,17,12,15,8,0,47,2,2,0.132,0.0,31,4,7,4,4.0,2,5,34,0.226,0.265,0.387,0.652,141,94,-0.132,0.99,0.541,,-0.0,27,12,9.0,0,56,12,26,9,18,7,0,31,1,0,-0.369,-2.0
PHI/PHI201506050,"Friday, June 5, 2015",7:07 p.m. Local,Citizens Bank Park,20638,2:58,Night,Away,San Francisco Giants,SFG,Philadelphia Phillies,PHI,37,5,12,5,5.0,1,7,39,0.324,0.359,0.622,0.981,142,98,0.278,1.32,1.072,,1.0,27,9,9.0,2,55,17,26,8,22,11,0,48,0,0,0.222,0.0,31,4,6,4,4.0,4,7,35,0.194,0.286,0.419,0.705,152,90,-0.222,1.05,0.89,,-0.0,27,9,9.0,3,50,14,26,10,14,3,0,31,2,1,-0.278,-1.0
PHI/PHI201506060,"Saturday, June 6, 2015",3:34 p.m. Local,Citizens Bank Park,29102,2:53,Day,Away,San Francisco Giants,SFG,Philadelphia Phillies,PHI,39,7,12,6,6.0,3,10,45,0.308,0.378,0.333,0.711,118,105,0.305,0.92,0.668,,3.0,27,6,9.0,2,59,16,30,14,16,10,0,61,0,0,0.196,-1.0,31,5,6,5,5.0,1,13,33,0.194,0.242,0.387,0.63,167,90,-0.196,0.65,0.418,,1.0,27,7,9.0,0,43,13,34,9,9,4,0,24,3,2,-0.304,-3.0
PHI/PHI201506070,"Sunday, June 7, 2015",1:39 p.m. Local,Citizens Bank Park,24799,3:07,Day,Home,Philadelphia Phillies,PHI,San Francisco Giants,SFG,38,4,10,4,3.0,4,4,42,0.263,0.333,0.368,0.702,117,90,-0.149,1.13,0.844,,-0.0,24,10,8.0,2,56,14,20,17,17,11,0,43,3,2,-0.351,-2.4,31,6,10,6,6.75,2,7,34,0.323,0.364,0.613,0.977,149,72,0.35,1.46,0.971,,2.4,27,12,9.0,0,41,7,24,10,15,7,0,44,2,0,0.149,0.0
CIN/CIN201506080,"Monday, June 8, 2015",7:10 p.m. Local,Great American Ball Park,30900,2:55,Night,Home,Cincinnati Reds,CIN,Philadelphia Phillies,PHI,35,4,10,3,3.0,3,6,39,0.286,0.342,0.429,0.771,144,109,-0.16,0.87,0.899,,-0.2,24,8,8.0,2,73,16,20,16,14,13,0,41,0,0,-0.339,-2.3,34,6,11,5,6.75,2,9,36,0.324,0.361,0.559,0.92,152,98,0.338,1.35,0.816,,2.3,27,13,9.0,0,50,25,23,11,14,11,0,45,0,0,0.162,0.2
CIN/CIN201506090,"Tuesday, June 9, 2015",7:10 p.m. Local,Great American Ball Park,27993,2:50,Night,Home,Cincinnati Reds,CIN,Philadelphia Phillies,PHI,35,2,11,2,2.0,2,8,38,0.314,0.342,0.343,0.685,156,94,-0.119,0.27,0.245,,-2.2,24,7,8.0,5,56,13,25,14,14,10,0,33,0,0,-0.38,-7.3,39,11,13,10,10.12,2,8,41,0.333,0.366,0.744,1.109,141,108,0.377,0.49,0.465,,7.3,27,10,9.0,0,73,13,22,13,18,8,0,51,3,1,0.12,2.2
CIN/CIN201506100,"Wednesday, June 10, 2015",12:37 p.m. Local,Great American Ball Park,32994,2:48,Day,Home,Cincinnati Reds,CIN,Philadelphia Phillies,PHI,35,2,10,2,2.0,2,4,37,0.286,0.324,0.343,0.667,136,97,-0.287,0.55,0.33,,-2.2,24,9,8.0,1,64,4,29,13,18,9,0,40,1,0,-0.212,-1.3,35,5,11,5,5.62,1,7,36,0.314,0.333,0.429,0.762,151,92,0.214,0.84,0.511,,1.3,27,11,9.0,0,57,11,24,16,12,6,0,52,2,0,0.289,2.2
PIT/PIT201506120,"Friday, June 12, 2015",8:31 p.m. Local,PNC Park,33749,4:34,Night,Home,Pittsburgh Pirates,PIT,Philadelphia Phillies,PHI,47,0,11,0,0.0,3,7,52,0.234,0.294,0.255,0.549,212,130,-1.177,2.03,0.738,,-6.0,38,15,12.2,0,71,22,37,24,17,7,0,62,2,0,0.674,4.8,49,1,13,1,0.71,5,12,56,0.265,0.333,0.286,0.619,206,131,-0.676,1.86,1.126,,-4.8,39,19,13.0,0,72,26,33,24,15,7,0,61,0,0,1.174,6.0
PIT/PIT201506130,"Saturday, June 13, 2015",4:07 p.m. Local,PNC Park,37516,3:05,Day,Home,Pittsburgh Pirates,PIT,Philadelphia Phillies,PHI,35,3,9,3,2.0,1,8,37,0.257,0.27,0.343,0.613,135,107,-0.336,0.81,0.869,,-1.1,24,15,8.0,0,64,18,25,11,17,9,0,37,0,0,-0.165,-0.3,30,4,8,4,4.5,4,3,35,0.267,0.353,0.3,0.653,153,82,0.165,1.77,0.595,,0.3,27,9,9.0,0,54,10,20,16,12,8,0,63,0,0,0.335,1.1
PIT/PIT201506140,"Sunday, June 14, 2015",1:40 p.m. Local,PNC Park,34518,3:04,Day,Home,Pittsburgh Pirates,PIT,Philadelphia Phillies,PHI,37,0,6,0,0.0,1,4,38,0.162,0.184,0.189,0.373,162,85,-0.917,1.8,0.37,,-5.1,32,7,10.2,0,52,10,24,17,16,8,0,80,0,0,0.416,3.6,41,1,9,1,0.0,3,17,46,0.22,0.289,0.244,0.533,126,112,-0.416,1.43,0.912,,-3.6,33,15,11.0,0,59,32,21,14,11,7,0,80,0,0,0.916,5.1
BAL/BAL201506150,"Monday, June 15, 2015",7:32 p.m. Local,Oriole Park at Camden Yards,23730,2:09,Night,Home,Baltimore Orioles,BAL,Philadelphia Phillies,PHI,29,0,4,0,0.0,1,11,30,0.138,0.167,0.172,0.339,116,87,-0.425,0.76,0.111,,-4.5,24,8,8.0,1,46,11,30,13,5,3,0,46,0,0,-0.076,-0.0,28,4,5,4,4.5,3,5,31,0.179,0.258,0.321,0.579,124,70,0.075,0.71,0.559,,0.0,27,13,9.0,0,38,12,20,10,13,2,0,82,0,0,0.424,4.5
BAL/BAL201506160,"Tuesday, June 16, 2015",7:06 p.m. Local,Oriole Park at Camden Yards,26964,3:11,Night,Home,Baltimore Orioles,BAL,Philadelphia Phillies,PHI,32,3,6,3,3.0,3,5,35,0.188,0.257,0.313,0.57,211,86,-0.075,0.23,0.067,,-1.5,24,10,8.0,8,55,7,24,9,18,9,0,18,0,0,-0.425,-15.0,39,19,17,17,19.12,8,7,50,0.436,0.531,1.103,1.633,134,121,0.425,0.2,0.476,,15.0,27,8,9.0,1,78,14,28,12,21,12,0,52,0,0,0.075,1.5
PHI/PHI201506170,"Wednesday, June 17, 2015",7:07 p.m. Local,Citizens Bank Park,26162,2:34,Night,Away,Baltimore Orioles,BAL,Philadelphia Phillies,PHI,35,6,8,6,2.0,1,9,36,0.229,0.25,0.457,0.707,124,84,0.318,1.06,0.71,,2.0,27,6,9.0,1,46,18,20,12,14,10,0,52,1,0,0.182,0.0,35,4,9,3,3.0,1,9,36,0.257,0.278,0.429,0.706,128,78,-0.184,0.74,0.645,,-0.0,27,10,9.0,2,40,14,24,9,17,7,0,40,0,0,-0.317,-2.0
PHI/PHI201506180,"Thursday, June 18, 2015",1:07 p.m. Local,Citizens Bank Park,26220,2:32,Day,Home,Philadelphia Phillies,PHI,Baltimore Orioles,BAL,34,1,6,1,1.0,2,11,36,0.176,0.222,0.294,0.516,107,86,-0.525,1.19,0.459,,-3.0,24,9,8.0,1,46,17,23,11,12,2,0,54,0,0,0.026,1.6,26,2,5,2,2.25,2,4,29,0.192,0.25,0.308,0.558,131,74,-0.027,1.27,0.631,,-1.6,27,4,9.0,1,37,13,24,9,14,7,0,60,0,0,0.527,3.0
PHI/PHI201506190,"Friday, June 19, 2015",7:07 p.m. Local,Citizens Bank Park,21169,3:34,Night,Away,St. Louis Cardinals,STL,Philadelphia Phillies,PHI,41,12,16,12,12.0,10,10,52,0.39,0.5,0.683,1.183,166,134,0.368,0.32,0.541,,8.0,27,8,9.0,1,85,20,29,16,16,10,0,45,0,0,0.132,0.0,38,4,11,4,4.0,4,8,42,0.289,0.357,0.395,0.752,226,108,-0.133,0.27,0.131,,-0.0,27,8,9.0,3,62,16,30,13,17,9,0,24,0,0,-0.369,-8.0
PHI/PHI201506200,"Saturday, June 20, 2015",7:05 p.m. Local,Citizens Bank Park,24256,3:02,Night,Away,St. Louis Cardinals,STL,Philadelphia Phillies,PHI,40,10,16,10,10.0,2,8,46,0.4,0.457,0.65,1.107,137,107,0.286,0.76,0.84,,6.0,27,10,9.0,1,72,12,23,19,14,7,0,64,0,0,0.214,3.0,30,1,6,1,1.0,4,4,35,0.2,0.294,0.3,0.594,176,94,-0.215,0.77,0.306,,-3.0,27,14,9.0,2,63,6,25,15,12,7,0,47,0,0,-0.286,-6.0
PHI/PHI201506210,"Sunday, June 21, 2015",1:37 p.m. Local,Citizens Bank Park,30423,2:29,Day,Home,Philadelphia Phillies,PHI,St. Louis Cardinals,STL,32,2,7,2,2.0,2,10,35,0.219,0.265,0.469,0.733,144,79,-0.203,0.51,0.357,,-2.0,24,3,8.0,1,44,16,19,8,15,5,0,37,0,0,-0.298,-5.4,37,9,13,9,10.12,2,8,39,0.351,0.385,0.514,0.898,114,98,0.298,0.67,0.576,,5.4,27,10,9.0,2,61,15,22,11,18,12,0,57,2,0,0.203,2.0
NYA/NYA201506220,"Monday, June 22, 2015",7:09 p.m. Local,Yankee Stadium III,36883,3:33,Night,Away,Philadelphia Phillies,PHI,New York Yankees,NYY,44,11,18,10,11.0,1,6,47,0.409,0.447,0.614,1.06,177,110,0.558,0.84,0.896,,6.6,27,5,9.0,2,66,21,23,18,20,10,0,26,0,0,-0.057,-3.6,39,8,14,8,8.0,4,5,44,0.359,0.409,0.615,1.024,165,108,0.056,0.65,0.72,,3.6,27,13,9.0,2,65,10,33,9,26,7,0,5,1,0,-0.557,-6.6
NYA/NYA201506230,"Tuesday, June 23, 2015",8:26 p.m. Local,Yankee Stadium III,36198,3:45,Night,Away,Philadelphia Phillies,PHI,New York Yankees,NYY,38,11,11,11,11.0,4,11,45,0.289,0.4,0.605,1.005,166,105,0.673,1.3,1.472,,6.6,27,8,9.0,4,56,25,24,15,12,4,0,21,1,1,-0.174,-1.6,39,6,13,6,6.0,2,7,43,0.333,0.372,0.744,1.116,173,102,0.174,1.22,1.174,,1.6,27,8,9.0,2,69,12,21,12,21,10,0,26,4,2,-0.674,-6.6
NYA/NYA201506240,"Wednesday, June 24, 2015",1:07 p.m. Local,Yankee Stadium III,45877,3:10,Day,Home,New York Yankees,NYY,Philadelphia Phillies,PHI,34,2,6,2,2.0,3,3,37,0.176,0.243,0.265,0.508,179,83,-0.257,0.49,0.125,,-2.4,24,9,8.0,0,50,14,19,14,17,5,0,31,0,0,-0.243,-6.1,40,10,15,9,11.25,6,7,47,0.375,0.468,0.45,0.918,141,112,0.243,0.48,0.551,,6.1,27,8,9.0,0,74,14,24,18,15,8,0,67,2,0,0.256,2.4
PHI/PHI201506260,"Friday, June 26, 2015",7:05 p.m. Local,Citizens Bank Park,22292,2:38,Night,Away,Washington Nationals,WSN,Philadelphia Phillies,PHI,34,5,9,4,4.0,2,10,39,0.265,0.316,0.382,0.698,107,90,0.168,0.62,0.587,,1.0,27,9,9.0,1,55,17,18,10,16,10,0,71,0,0,0.332,2.0,33,2,7,2,2.0,0,7,33,0.212,0.212,0.394,0.606,135,77,-0.332,0.76,0.132,,-2.0,27,7,9.0,1,47,13,17,14,12,6,0,40,0,0,-0.168,-1.0
PHI/PHI201506281,"Sunday, June 28, 2015",1:07 p.m. Local,Citizens Bank Park,,3:07,Day,Away,Washington Nationals,WSN,Philadelphia Phillies,PHI,35,3,9,2,1.0,6,8,43,0.257,0.357,0.343,0.7,138,91,0.014,1.36,0.879,,-1.0,27,4,9.0,1,55,17,19,16,13,7,0,69,0,0,0.484,2.0,33,2,5,2,2.0,1,11,34,0.152,0.176,0.242,0.419,153,84,-0.484,1.31,0.452,,-2.0,27,11,9.0,0,38,17,29,6,16,9,0,47,6,1,-0.016,1.0
PHI/PHI201506282,"Sunday, June 28, 2015",4:46 p.m. Local,Citizens Bank Park,27126,3:15,Day,Home,Philadelphia Phillies,PHI,Washington Nationals,WSN,37,5,10,5,5.0,2,10,40,0.27,0.308,0.486,0.794,145,109,-0.008,0.68,0.492,,1.0,24,9,8.0,0,68,20,21,15,13,8,0,3,2,1,-0.492,-4.4,38,8,16,8,9.0,1,2,41,0.421,0.425,0.447,0.872,176,101,0.491,0.7,0.723,,4.4,27,6,9.0,2,65,11,25,22,16,9,0,46,1,0,0.007,-1.0
PHI/PHI201506290,"Monday, June 29, 2015",7:06 p.m. Local,Citizens Bank Park,18423,3:22,Night,Away,Milwaukee Brewers,MIL,Philadelphia Phillies,PHI,39,7,16,7,7.0,2,5,43,0.41,0.429,0.538,0.967,142,99,0.5,0.9,1.129,,3.0,27,19,9.0,0,67,13,19,16,20,12,0,40,1,0,0.001,0.0,34,4,9,2,4.0,2,7,36,0.265,0.306,0.382,0.688,136,94,-0.001,1.12,0.625,,-0.0,27,12,9.0,0,53,19,22,16,11,11,0,21,3,1,-0.5,-3.0
PHI/PHI201506300,"Tuesday, June 30, 2015",8:24 p.m. Local,Citizens Bank Park,20564,3:26,Night,Away,Milwaukee Brewers,MIL,Philadelphia Phillies,PHI,36,4,10,4,4.0,3,9,40,0.278,0.333,0.361,0.694,160,108,0.251,2.15,1.047,,-0.0,27,15,9.0,1,69,21,18,15,13,10,0,54,4,0,0.252,1.0,34,3,8,2,2.0,4,8,41,0.235,0.35,0.324,0.674,168,95,-0.252,1.4,1.297,,-1.0,27,10,9.0,0,57,16,22,20,7,4,0,65,3,0,-0.249,0.0
PHI/PHI201507010,"Wednesday, July 1, 2015",7:06 p.m. Local,Citizens Bank Park,27069,2:58,Night,Away,Milwaukee Brewers,MIL,Philadelphia Phillies,PHI,43,9,17,9,9.0,1,6,44,0.395,0.409,0.605,1.014,128,104,0.362,0.53,0.605,,5.0,27,4,9.0,0,69,14,21,16,21,12,0,41,1,0,0.138,-1.0,37,5,10,5,5.0,3,6,40,0.27,0.325,0.432,0.757,147,83,-0.14,0.45,0.284,,1.0,27,7,9.0,1,44,13,26,9,22,11,0,7,1,0,-0.362,-5.0
PHI/PHI201507020,"Thursday, July 2, 2015",6:35 p.m. Local,Citizens Bank Park,30485,3:57,Night,Away,Milwaukee Brewers,MIL,Philadelphia Phillies,PHI,44,8,16,8,5.73,4,6,50,0.364,0.408,0.409,0.817,186,115,0.44,1.85,1.263,,3.1,33,12,11.0,1,79,15,21,24,16,8,0,38,1,1,0.061,-2.1,48,7,16,7,5.73,3,8,51,0.333,0.373,0.438,0.81,172,119,-0.059,1.24,1.468,,2.1,33,17,11.0,0,73,21,25,21,19,12,0,19,0,0,-0.44,-3.1
ATL/ATL201507030,"Friday, July 3, 2015",7:37 p.m. Local,Turner Field,33090,2:43,Night,Home,Atlanta Braves,ATL,Philadelphia Phillies,PHI,33,1,9,1,0.0,3,5,37,0.273,0.333,0.303,0.636,118,85,-0.543,0.94,0.501,,-3.0,24,7,8.0,2,45,19,21,12,17,8,0,62,2,0,0.041,1.6,30,2,7,2,2.25,2,6,32,0.233,0.281,0.467,0.748,134,73,-0.042,1.4,0.508,,-1.6,27,11,9.0,0,45,11,17,10,14,6,0,62,0,0,0.542,3.0
ATL/ATL201507040,"Saturday, July 4, 2015",7:15 p.m. Local,Turner Field,34401,3:04,Night,Home,Atlanta Braves,ATL,Philadelphia Phillies,PHI,35,5,11,5,5.0,3,7,39,0.314,0.368,0.543,0.911,167,86,-0.119,0.32,0.327,,1.0,24,11,8.0,1,51,13,22,12,17,6,0,3,1,0,-0.381,-5.4,34,9,10,9,10.12,5,5,40,0.294,0.385,0.471,0.855,130,108,0.382,0.59,0.47,,5.4,27,9,9.0,2,69,8,31,15,15,7,0,38,0,0,0.119,-1.0
ATL/ATL201507050,"Sunday, July 5, 2015",1:35 p.m. Local,Turner Field,18763,3:13,Day,Away,Philadelphia Phillies,PHI,Atlanta Braves,ATL,40,4,12,4,3.6,3,12,44,0.3,0.341,0.35,0.691,149,106,-0.166,1.37,0.981,,-0.5,30,11,10.0,0,59,23,24,15,14,7,0,71,0,0,0.667,4.5,35,0,7,0,0.0,1,10,37,0.2,0.243,0.229,0.472,165,92,-0.668,1.55,0.486,,-4.5,30,7,10.0,0,43,23,26,13,12,4,0,65,6,3,0.166,0.5
LAN/LAN201507060,"Monday, July 6, 2015",7:10 p.m. Local,Dodger Stadium,45180,4:13,Night,Home,Los Angeles Dodgers,LAD,Philadelphia Phillies,PHI,36,7,11,7,7.0,6,12,45,0.306,0.422,0.583,1.006,182,109,0.477,1.18,1.348,,3.0,24,11,8.0,2,55,24,30,9,16,10,0,27,2,1,-0.976,-6.5,36,10,15,10,10.12,3,4,42,0.417,0.45,0.778,1.228,186,113,0.976,1.44,1.592,,6.5,27,6,9.0,3,75,14,23,14,20,13,0,42,3,0,-0.476,-3.0
LAN/LAN201507070,"Tuesday, July 7, 2015",7:10 p.m. Local,Dodger Stadium,46614,2:45,Night,Away,Philadelphia Phillies,PHI,Los Angeles Dodgers,LAD,38,7,10,7,6.0,4,8,42,0.263,0.333,0.368,0.702,123,110,0.293,0.65,0.531,,3.0,27,13,9.0,1,64,17,29,16,14,8,0,54,0,0,0.211,2.0,31,2,6,2,2.0,1,7,35,0.194,0.286,0.29,0.576,163,80,-0.211,0.56,0.254,,-2.0,27,13,9.0,1,43,12,25,13,11,8,0,44,0,0,-0.289,-3.0
LAN/LAN201507080,"Wednesday, July 8, 2015",7:10 p.m. Local,Dodger Stadium,45135,2:41,Night,Home,Los Angeles Dodgers,LAD,Philadelphia Phillies,PHI,35,0,8,0,0.0,0,13,36,0.229,0.25,0.286,0.536,155,92,-0.226,0.53,0.203,,-4.0,24,8,8.0,2,45,18,29,12,10,6,0,30,0,0,-0.273,-1.5,33,5,9,5,5.62,2,7,37,0.273,0.333,0.515,0.848,123,92,0.272,0.61,0.543,,1.5,27,9,9.0,0,54,17,21,11,16,10,0,84,,,0.227,4.0
LAN/LAN201507090,"Thursday, July 9, 2015",7:10 p.m. Local,Dodger Stadium,41290,2:14,Night,Home,Los Angeles Dodgers,LAD,Philadelphia Phillies,PHI,29,0,2,0,0.0,0,9,29,0.069,0.069,0.069,0.138,123,74,-0.365,0.49,0.039,,-4.0,24,5,8.0,2,36,18,20,14,6,2,0,44,3,1,-0.136,-2.5,31,6,7,6,6.75,4,5,36,0.226,0.333,0.484,0.817,111,80,0.136,0.59,0.428,,2.5,27,12,9.0,0,47,12,21,8,18,9,0,88,0,0,0.364,4.0
SFN/SFN201507100,"Friday, July 10, 2015",7:15 p.m. Local,AT&T Park,41895,3:23,Night,Home,San Francisco Giants,SFG,Philadelphia Phillies,PHI,35,2,10,2,2.0,2,9,39,0.286,0.359,0.4,0.759,201,93,-0.082,0.58,0.324,,-2.1,24,4,8.0,2,47,18,28,12,14,10,0,2,0,0,-0.416,-11.3,45,15,22,14,16.88,4,10,49,0.489,0.531,0.778,1.308,135,126,0.418,0.56,0.703,,11.3,27,12,9.0,1,79,20,27,11,24,15,0,50,3,0,0.082,2.1
SFN/SFN201507110,"Saturday, July 11, 2015",7:05 p.m. Local,AT&T Park,41980,3:17,Night,Home,San Francisco Giants,SFG,Philadelphia Phillies,PHI,35,5,9,5,5.0,3,7,38,0.257,0.316,0.571,0.887,146,98,0.101,1.16,0.814,,0.9,24,11,8.0,0,51,17,30,13,15,10,0,50,4,4,-0.602,-4.3,38,8,16,7,9.0,2,5,41,0.421,0.45,0.605,1.055,150,92,0.602,0.92,1.328,,4.3,27,9,9.0,2,54,14,24,15,19,16,0,45,3,0,-0.101,-0.9
SFN/SFN201507120,"Sunday, July 12, 2015",1:05 p.m. Local,AT&T Park,42387,2:23,Day,Home,San Francisco Giants,SFG,Philadelphia Phillies,PHI,32,2,9,2,2.0,0,11,32,0.281,0.281,0.313,0.594,122,82,-0.332,0.68,0.258,,-2.1,24,12,8.0,1,46,20,16,12,9,5,0,33,2,0,-0.168,-0.3,32,4,11,4,4.5,0,7,32,0.344,0.344,0.438,0.781,116,76,0.168,0.73,0.513,,0.3,27,9,9.0,0,43,19,14,11,14,8,0,63,2,0,0.332,2.1
PHI/PHI201507170,"Friday, July 17, 2015",7:09 p.m. Local,Citizens Bank Park,23074,2:26,Night,Home,Philadelphia Phillies,PHI,Miami Marlins,MIA,33,3,9,3,3.0,3,4,36,0.273,0.333,0.424,0.758,99,85,-0.148,1.27,0.707,,-1.0,24,8,8.0,1,55,9,21,14,15,5,0,61,4,3,-0.355,-2.4,30,6,7,4,2.25,2,7,33,0.233,0.281,0.367,0.648,130,64,0.354,1.27,0.942,,2.4,27,12,9.0,1,35,13,17,13,11,7,0,57,1,1,0.146,1.0
PHI/PHI201507180,"Saturday, July 18, 2015",7:06 p.m. Local,Citizens Bank Park,23655,2:39,Night,Home,Philadelphia Phillies,PHI,Miami Marlins,MIA,35,1,10,1,1.0,1,8,36,0.286,0.306,0.4,0.706,119,85,-0.396,0.65,0.534,,-3.0,24,10,8.0,0,48,15,22,15,12,9,0,57,0,0,-0.105,0.6,29,3,5,3,2.25,2,5,32,0.172,0.226,0.207,0.433,138,73,0.106,1.25,0.373,,-0.6,27,9,9.0,0,44,6,23,15,10,4,0,60,1,0,0.395,3.0
PHI/PHI201507190,"Sunday, July 19, 2015",1:38 p.m. Local,Citizens Bank Park,21739,3:15,Day,Home,Philadelphia Phillies,PHI,Miami Marlins,MIA,38,7,14,7,6.0,2,5,42,0.368,0.39,0.421,0.811,126,112,0.563,1.41,1.37,,3.0,24,5,8.0,3,72,20,20,19,16,8,0,39,1,0,-1.064,-4.4,33,8,10,8,9.0,2,4,36,0.303,0.361,0.667,1.028,170,80,1.064,1.34,1.739,,4.4,27,13,9.0,0,53,10,17,8,21,15,0,24,0,0,-0.565,-3.0
PHI/PHI201507200,"Monday, July 20, 2015",7:07 p.m. Local,Citizens Bank Park,20148,2:44,Night,Home,Philadelphia Phillies,PHI,Tampa Bay Rays,TBR,32,3,6,3,3.0,3,9,36,0.188,0.257,0.313,0.57,121,95,-0.215,1.04,0.655,,-1.0,24,12,8.0,0,56,20,19,11,13,7,0,38,1,1,-0.286,-1.4,28,5,9,4,4.5,4,4,32,0.321,0.406,0.429,0.835,132,71,0.286,1.27,0.787,,1.4,27,8,9.0,0,50,11,10,9,15,6,0,50,2,0,0.215,1.0
PHI/PHI201507210,"Tuesday, July 21, 2015",7:06 p.m. Local,Citizens Bank Park,28703,2:52,Night,Away,Tampa Bay Rays,TBR,Philadelphia Phillies,PHI,34,1,7,1,1.0,1,10,35,0.206,0.229,0.324,0.552,137,92,-0.291,1.6,0.291,,-3.0,27,7,9.0,0,50,16,26,15,9,7,0,63,1,0,0.791,4.0,29,0,4,0,0.0,3,9,33,0.138,0.242,0.172,0.415,133,92,-0.791,0.8,0.342,,-4.0,27,10,9.0,1,52,18,22,7,13,9,0,63,1,0,0.291,3.0
PHI/PHI201507220,"Wednesday, July 22, 2015",1:07 p.m. Local,Citizens Bank Park,22252,3:43,Day,Home,Philadelphia Phillies,PHI,Tampa Bay Rays,TBR,40,4,13,4,3.6,5,7,46,0.325,0.413,0.475,0.888,163,101,-0.101,1.57,1.631,,-0.5,29,11,9.2,0,58,19,24,14,19,9,0,52,2,1,-0.398,-0.7,40,5,12,4,4.66,3,8,45,0.3,0.349,0.35,0.699,167,110,0.398,1.75,1.488,,0.7,30,13,10.0,1,69,18,23,15,19,11,0,36,1,1,0.103,0.5
CHN/CHN201507240,"Friday, July 24, 2015",3:05 p.m. Local,Wrigley Field,41230,3:13,Day,Away,Philadelphia Phillies,PHI,Chicago Cubs,CHC,39,5,12,5,4.5,0,8,41,0.308,0.325,0.513,0.838,163,93,0.357,1.29,1.56,,0.4,30,16,10.0,2,53,13,28,16,16,6,0,51,0,0,0.141,1.6,39,3,9,3,2.7,3,7,43,0.231,0.302,0.385,0.687,140,109,-0.142,1.73,0.745,,-1.6,30,12,10.0,1,65,23,21,20,12,6,0,61,1,1,-0.359,-0.4
CHN/CHN201507250,"Saturday, July 25, 2015",3:05 p.m. Local,Wrigley Field,41683,2:38,Day,Away,Philadelphia Phillies,PHI,Chicago Cubs,CHC,37,5,11,3,5.0,4,8,42,0.297,0.366,0.568,0.933,129,89,0.146,0.64,0.507,,0.9,27,6,9.0,0,49,22,18,13,17,10,0,98,,,0.353,4.1,27,0,0,0,0.0,2,13,29,0.0,0.069,0.0,0.069,142,83,-0.353,0.56,0.066,,-4.1,27,11,9.0,1,33,26,24,6,8,4,0,53,0,0,-0.147,-0.9
CHN/CHN201507260,"Sunday, July 26, 2015",1:21 p.m. Local,Wrigley Field,41123,3:01,Day,Away,Philadelphia Phillies,PHI,Chicago Cubs,CHC,43,11,17,11,11.0,3,8,46,0.395,0.435,0.744,1.179,124,121,0.487,0.4,0.716,,6.9,27,10,9.0,3,75,20,26,16,19,12,0,57,0,0,0.013,-0.9,30,5,6,5,5.0,3,8,34,0.2,0.265,0.5,0.765,191,82,-0.014,0.4,0.26,,0.9,27,13,9.0,2,45,18,20,11,12,3,0,23,1,0,-0.487,-6.9
TOR/TOR201507280,"Tuesday, July 28, 2015",7:09 p.m. Local,Rogers Centre,30516,2:29,Night,Away,Philadelphia Phillies,PHI,Toronto Blue Jays,TOR,30,3,6,3,3.0,2,10,32,0.2,0.25,0.3,0.55,119,78,-0.067,1.45,0.595,,-1.5,27,11,9.0,1,49,14,16,14,6,4,0,54,0,0,0.567,2.5,31,2,6,2,2.0,2,3,34,0.194,0.235,0.323,0.558,124,79,-0.568,0.98,0.422,,-2.5,27,14,9.0,0,47,11,21,10,19,6,0,39,1,0,0.067,1.5
TOR/TOR201507290,"Wednesday, July 29, 2015",7:08 p.m. Local,Rogers Centre,27060,2:37,Night,Home,Toronto Blue Jays,TOR,Philadelphia Phillies,PHI,34,2,7,1,0.0,1,5,35,0.206,0.229,0.235,0.464,146,84,-0.307,0.53,0.146,,-2.5,24,14,8.0,1,50,10,24,10,19,8,0,29,1,0,-0.192,-4.0,36,8,16,8,9.0,1,4,40,0.444,0.436,0.639,1.075,112,94,0.193,0.56,0.539,,4.0,27,10,9.0,0,60,10,24,20,15,10,0,67,0,0,0.309,2.5
PHI/PHI201507300,"Thursday, July 30, 2015",7:05 p.m. Local,Citizens Bank Park,21706,2:59,Night,Home,Philadelphia Phillies,PHI,Atlanta Braves,ATL,37,1,12,1,1.0,2,7,40,0.324,0.359,0.324,0.683,127,107,-0.299,0.95,0.647,,-3.0,24,14,8.0,1,63,21,23,12,19,11,0,37,1,0,-0.2,-0.4,33,4,12,4,4.5,1,6,35,0.364,0.382,0.455,0.837,157,90,0.2,1.38,0.702,,0.4,27,8,9.0,0,59,10,21,20,8,4,0,47,0,0,0.299,3.0
PHI/PHI201507310,"Friday, July 31, 2015",7:38 p.m. Local,Citizens Bank Park,29290,2:39,Night,Home,Philadelphia Phillies,PHI,Atlanta Braves,ATL,37,3,10,3,3.0,0,4,37,0.27,0.27,0.405,0.676,148,88,-0.174,0.33,0.122,,-1.0,24,10,8.0,1,60,7,21,20,13,8,0,8,2,2,-0.327,-5.4,34,9,11,9,10.12,5,4,41,0.324,0.415,0.441,0.856,121,94,0.328,0.39,0.426,,5.4,27,14,9.0,1,64,10,20,15,16,9,0,54,0,0,0.173,1.0
PHI/PHI201508010,"Saturday, August 1, 2015",7:07 p.m. Local,Citizens Bank Park,25523,2:52,Night,Home,Philadelphia Phillies,PHI,Atlanta Braves,ATL,33,2,6,2,2.0,0,6,33,0.182,0.182,0.303,0.485,157,95,-0.029,0.49,0.284,,-2.0,24,8,8.0,3,60,16,19,16,11,7,0,22,1,0,-0.472,-8.4,38,12,15,12,13.5,3,7,42,0.395,0.429,0.737,1.165,139,99,0.472,0.51,0.722,,8.4,27,15,9.0,1,63,11,25,12,20,14,0,52,0,0,0.029,2.0
PHI/PHI201508020,"Sunday, August 2, 2015",1:40 p.m. Local,Citizens Bank Park,24361,2:48,Day,Away,Atlanta Braves,ATL,Philadelphia Phillies,PHI,37,6,11,6,6.0,3,3,41,0.297,0.366,0.405,0.771,128,89,0.34,0.92,1.013,,2.0,27,10,9.0,0,57,12,20,12,22,12,0,60,0,0,0.159,2.0,35,2,10,2,2.0,0,9,37,0.286,0.306,0.343,0.648,140,87,-0.159,1.06,0.437,,-2.0,27,9,9.0,1,47,23,17,15,12,7,0,35,1,1,-0.34,-2.0
PHI/PHI201508040,"Tuesday, August 4, 2015",7:07 p.m. Local,Citizens Bank Park,28733,3:31,Night,Home,Philadelphia Phillies,PHI,Los Angeles Dodgers,LAD,37,2,11,2,2.0,5,12,42,0.297,0.381,0.351,0.732,141,108,-0.293,1.22,0.87,,-2.0,24,9,8.0,1,55,19,34,12,12,9,1,47,3,3,-0.207,-2.4,34,6,10,6,6.75,3,10,37,0.294,0.351,0.441,0.793,181,93,0.208,1.38,0.83,,2.4,27,7,9.0,0,49,21,23,12,12,8,0,52,2,0,0.293,2.0
PHI/PHI201508050,"Wednesday, August 5, 2015",7:07 p.m. Local,Citizens Bank Park,26197,3:12,Night,Away,Los Angeles Dodgers,LAD,Philadelphia Phillies,PHI,34,4,10,4,4.0,9,5,43,0.294,0.442,0.382,0.824,152,114,0.148,1.05,0.573,,-0.0,27,11,9.0,1,68,20,26,12,17,9,0,63,0,0,0.352,1.0,34,3,6,3,3.0,2,12,36,0.176,0.222,0.294,0.516,192,95,-0.353,0.67,0.435,,-1.0,27,8,9.0,1,48,19,28,15,7,6,0,33,0,0,-0.148,0.0
PHI/PHI201508060,"Thursday, August 6, 2015",1:07 p.m. Local,Citizens Bank Park,27839,3:28,Day,Away,Los Angeles Dodgers,LAD,Philadelphia Phillies,PHI,40,10,15,10,10.0,2,9,43,0.375,0.395,0.625,1.02,163,111,0.743,1.05,1.13,,6.0,27,7,9.0,1,69,14,28,11,21,15,0,44,2,2,-0.242,-4.0,39,8,12,8,7.0,2,10,41,0.308,0.341,0.436,0.777,173,107,0.243,0.71,0.924,,4.0,27,7,9.0,2,54,21,32,12,17,9,0,15,0,0,-0.742,-6.0
SDN/SDN201508070,"Friday, August 7, 2015",7:11 p.m. Local,Petco Park,31334,4:13,Night,Away,Philadelphia Phillies,PHI,San Diego Padres,SDP,44,4,8,4,3.0,3,15,47,0.182,0.234,0.455,0.689,189,119,-0.149,1.54,0.962,,-1.3,36,13,12.0,0,68,19,32,11,18,7,0,52,1,0,0.649,2.3,46,3,11,3,2.25,3,12,51,0.239,0.314,0.304,0.618,192,119,-0.651,1.21,0.869,,-2.3,36,10,12.0,4,66,20,33,14,20,12,0,57,1,0,0.149,1.3
SDN/SDN201508080,"Saturday, August 8, 2015",6:00 p.m. Local,Petco Park,44567,2:55,Night,Away,Philadelphia Phillies,PHI,San Diego Padres,SDP,32,4,7,3,4.0,2,10,34,0.219,0.265,0.344,0.608,133,87,0.137,1.5,0.532,,0.0,27,11,9.0,0,44,21,22,16,6,3,0,57,0,0,0.364,2.0,34,2,9,2,1.0,1,6,35,0.265,0.286,0.294,0.58,140,83,-0.366,0.65,0.649,,-2.0,27,11,9.0,0,56,12,15,14,14,7,0,62,0,0,-0.135,-0.0
SDN/SDN201508090,"Sunday, August 9, 2015",1:11 p.m. Local,Petco Park,24156,2:56,Day,Away,Philadelphia Phillies,PHI,San Diego Padres,SDP,37,5,11,5,5.0,1,8,40,0.297,0.333,0.432,0.766,149,96,0.152,1.1,0.719,,1.0,27,9,9.0,1,62,13,21,12,18,9,0,66,0,0,0.348,1.0,37,3,9,3,3.0,0,7,37,0.243,0.243,0.351,0.595,142,101,-0.349,0.84,0.439,,-1.0,27,7,9.0,1,62,14,25,16,14,8,0,49,4,1,-0.151,-1.0
ARI/ARI201508100,"Monday, August 10, 2015",6:40 p.m. Local,Chase Field,16495,3:01,Night,Home,Arizona Diamondbacks,ARI,Philadelphia Phillies,PHI,35,3,9,3,3.0,1,5,37,0.257,0.27,0.486,0.756,168,88,0.008,0.6,0.595,,-1.4,24,11,8.0,3,53,11,24,15,16,9,0,15,5,4,-0.506,-9.1,39,13,17,13,14.62,3,7,44,0.436,0.477,0.897,1.375,126,110,0.504,0.79,0.86,,9.1,27,12,9.0,1,71,15,24,14,19,12,0,46,0,0,-0.006,1.4
ARI/ARI201508110,"Tuesday, August 11, 2015",6:40 p.m. Local,Chase Field,19836,2:43,Night,Home,Arizona Diamondbacks,ARI,Philadelphia Phillies,PHI,33,1,8,0,0.0,0,7,35,0.242,0.265,0.303,0.568,143,81,0.002,0.43,0.177,,-3.4,24,5,8.0,3,48,12,21,10,17,10,0,-12,1,0,-0.505,-9.1,39,13,15,13,14.62,4,6,44,0.385,0.455,0.744,1.198,116,91,0.505,0.23,0.648,,9.1,27,11,9.0,0,57,10,24,8,25,18,0,72,0,0,-0.004,3.4
ARI/ARI201508120,"Wednesday, August 12, 2015",12:40 p.m. Local,Chase Field,18047,3:34,Day,Away,Philadelphia Phillies,PHI,Arizona Diamondbacks,ARI,38,7,13,6,7.0,0,7,39,0.342,0.333,0.579,0.912,141,92,0.514,1.84,1.03,,2.6,27,13,9.0,0,57,10,25,15,17,11,0,34,2,0,-0.014,-1.6,41,6,16,6,6.0,1,4,43,0.39,0.395,0.488,0.883,130,98,0.015,1.05,1.324,,1.6,27,12,9.0,2,61,11,26,17,21,17,0,34,4,2,-0.514,-2.6
MIL/MIL201508140,"Friday, August 14, 2015",7:11 p.m. Local,Miller Park,34735,2:30,Night,Home,Milwaukee Brewers,MIL,Philadelphia Phillies,PHI,35,1,9,1,1.0,3,5,38,0.257,0.316,0.314,0.63,107,74,-0.394,0.42,0.417,,-3.2,24,8,8.0,1,43,10,21,13,17,9,0,55,0,0,-0.106,0.7,27,3,4,3,3.38,0,3,28,0.148,0.143,0.333,0.476,125,69,0.107,1.09,0.325,,-0.7,27,12,9.0,0,45,10,14,9,16,5,0,66,0,0,0.394,3.2
MIL/MIL201508150,"Saturday, August 15, 2015",6:10 p.m. Local,Miller Park,39204,2:58,Night,Home,Milwaukee Brewers,MIL,Philadelphia Phillies,PHI,33,2,7,2,2.0,2,11,38,0.212,0.297,0.394,0.691,116,84,-0.328,1.14,0.563,,-2.2,24,11,8.0,0,39,17,28,12,11,7,0,60,1,0,-0.174,-0.3,34,4,10,3,3.38,1,7,35,0.294,0.314,0.353,0.667,132,85,0.174,1.32,0.886,,0.3,27,11,9.0,1,54,17,14,17,10,8,0,60,2,0,0.327,2.2
MIL/MIL201508160,"Sunday, August 16, 2015",1:10 p.m. Local,Miller Park,33920,3:07,Day,Home,Milwaukee Brewers,MIL,Philadelphia Phillies,PHI,34,1,7,1,1.0,3,11,37,0.206,0.27,0.294,0.564,135,96,-0.306,0.52,0.204,,-3.2,24,12,8.0,1,43,24,29,11,12,10,0,27,5,0,-0.193,-2.3,33,6,8,6,6.75,3,6,36,0.242,0.306,0.424,0.73,140,84,0.194,0.75,0.466,,2.3,27,9,9.0,1,50,15,19,13,14,8,0,74,4,0,0.306,3.2
PHI/PHI201508180,"Tuesday, August 18, 2015",7:06 p.m. Local,Citizens Bank Park,26547,3:10,Night,Away,Toronto Blue Jays,TOR,Philadelphia Phillies,PHI,37,8,9,8,8.0,6,9,45,0.243,0.364,0.514,0.877,145,96,0.723,1.09,1.197,,4.0,27,10,9.0,1,48,14,34,13,16,7,0,24,3,1,-0.222,-1.0,34,5,11,4,5.0,2,7,37,0.324,0.361,0.5,0.861,166,95,0.223,0.89,0.899,,1.0,27,7,9.0,3,64,14,17,11,17,11,0,48,1,1,-0.724,-4.0
PHI/PHI201508190,"Wednesday, August 19, 2015",7:08 p.m. Local,Citizens Bank Park,26246,2:24,Night,Home,Philadelphia Phillies,PHI,Toronto Blue Jays,TOR,32,4,5,3,3.0,2,4,34,0.156,0.206,0.281,0.487,124,77,-0.122,0.37,0.349,,-0.0,24,8,8.0,3,52,7,18,11,17,5,0,34,0,0,-0.379,-3.4,33,7,10,7,7.88,3,7,37,0.303,0.351,0.606,0.957,116,87,0.378,0.65,0.521,,3.4,27,11,9.0,1,51,12,24,11,16,9,0,62,0,0,0.122,0.0
MIA/MIA201508200,"Thursday, August 20, 2015",7:10 p.m. Local,Marlins Park,19689,3:33,Night,Home,Miami Marlins,MIA,Philadelphia Phillies,PHI,37,7,12,7,7.0,4,9,42,0.324,0.381,0.541,0.921,169,112,0.009,0.43,0.407,,3.0,24,10,8.0,2,69,14,29,15,14,10,0,4,2,0,-0.508,-5.4,31,9,11,8,10.12,7,8,40,0.355,0.45,0.613,1.063,184,98,0.509,0.7,0.588,,5.4,27,12,9.0,1,61,9,28,16,9,6,0,63,3,0,-0.009,-3.0
MIA/MIA201508210,"Friday, August 21, 2015",7:11 p.m. Local,Marlins Park,19391,2:36,Night,Away,Philadelphia Phillies,PHI,Miami Marlins,MIA,37,7,11,6,7.0,3,8,41,0.297,0.341,0.405,0.747,115,96,0.271,0.61,0.551,,3.0,27,8,9.0,1,56,17,23,11,19,15,0,66,0,0,0.229,3.0,33,1,8,1,1.0,1,7,34,0.242,0.265,0.424,0.689,149,80,-0.23,0.58,0.179,,-3.0,27,9,9.0,0,52,9,19,10,16,10,0,36,0,0,-0.27,-3.0
MIA/MIA201508220,"Saturday, August 22, 2015",7:11 p.m. Local,Marlins Park,22113,2:50,Night,Away,Philadelphia Phillies,PHI,Miami Marlins,MIA,35,4,9,4,4.0,3,5,38,0.257,0.316,0.6,0.916,147,91,0.319,1.06,1.007,,-0.0,27,14,9.0,0,54,15,22,13,17,7,0,64,2,0,0.18,2.0,30,2,3,2,2.0,5,4,35,0.1,0.229,0.2,0.429,135,86,-0.18,0.92,0.445,,-2.0,27,13,9.0,3,55,11,20,16,10,2,0,64,3,1,-0.32,0.0
MIA/MIA201508230,"Sunday, August 23, 2015",1:11 p.m. Local,Marlins Park,22693,2:40,Day,Away,Philadelphia Phillies,PHI,Miami Marlins,MIA,31,2,6,2,2.0,5,9,37,0.194,0.297,0.355,0.652,109,98,-0.102,1.08,0.447,,-2.0,27,10,9.0,0,53,17,29,12,11,6,0,80,0,0,0.603,4.0,28,0,3,0,0.0,2,7,30,0.107,0.167,0.107,0.274,162,68,-0.605,0.9,0.171,,-4.0,27,11,9.0,1,36,9,25,10,11,1,0,63,1,0,0.103,2.0
PHI/PHI201508240,"Monday, August 24, 2015",7:09 p.m. Local,Citizens Bank Park,23744,3:33,Night,Away,New York Mets,NYM,Philadelphia Phillies,PHI,47,16,20,16,16.0,2,8,50,0.426,0.46,1.085,1.545,177,115,0.847,0.66,1.262,,12.0,27,7,9.0,3,66,20,29,9,29,16,1,16,2,0,-0.348,-3.0,38,7,11,7,6.0,4,9,43,0.289,0.372,0.553,0.925,181,112,0.347,0.58,0.812,,3.0,27,7,9.0,8,61,24,27,8,21,14,0,30,1,0,-0.848,-12.0
PHI/PHI201508250,"Tuesday, August 25, 2015",7:06 p.m. Local,Citizens Bank Park,23544,3:31,Night,Away,New York Mets,NYM,Philadelphia Phillies,PHI,34,6,7,6,5.0,6,10,40,0.206,0.325,0.353,0.678,175,90,0.383,1.59,1.065,,2.0,27,5,9.0,2,47,20,23,17,7,5,0,54,4,1,0.118,-1.0,34,5,7,5,3.0,3,16,38,0.206,0.27,0.412,0.682,162,117,-0.12,1.17,0.932,,1.0,27,13,9.0,1,62,23,32,8,11,6,0,43,4,2,-0.382,-2.0
PHI/PHI201508260,"Wednesday, August 26, 2015",7:05 p.m. Local,Citizens Bank Park,22184,3:16,Night,Away,New York Mets,NYM,Philadelphia Phillies,PHI,39,9,12,8,7.0,2,6,42,0.308,0.333,0.513,0.846,159,94,0.266,0.79,0.493,,5.0,27,9,9.0,0,56,13,25,13,21,11,0,73,3,3,0.233,0.0,36,4,9,4,3.0,3,10,40,0.25,0.325,0.306,0.631,148,107,-0.233,0.45,0.354,,-0.0,27,6,9.0,1,66,12,29,12,14,7,0,51,1,1,-0.267,-5.0
PHI/PHI201508270,"Thursday, August 27, 2015",7:06 p.m. Local,Citizens Bank Park,22526,4:32,Night,Away,New York Mets,NYM,Philadelphia Phillies,PHI,54,9,16,8,4.85,7,6,62,0.296,0.387,0.519,0.906,187,137,-0.075,1.34,1.805,,3.2,39,19,13.0,1,95,10,32,21,27,13,0,42,0,0,0.575,0.8,45,5,8,5,3.46,5,12,51,0.178,0.275,0.289,0.563,236,114,-0.574,1.77,0.78,,-0.8,39,12,13.0,3,68,16,30,21,12,6,0,31,4,0,0.076,-3.2
PHI/PHI201508280,"Friday, August 28, 2015",7:07 p.m. Local,Citizens Bank Park,25145,2:38,Night,Home,Philadelphia Phillies,PHI,San Diego Padres,SDP,29,1,2,1,1.0,2,7,31,0.069,0.129,0.207,0.336,145,65,-0.412,1.17,0.288,,-3.0,24,7,8.0,1,35,8,22,11,11,6,0,64,3,2,-0.088,-3.4,28,7,6,6,7.88,5,9,36,0.214,0.371,0.429,0.8,104,90,0.089,1.03,0.668,,3.4,27,8,9.0,1,50,13,27,9,11,4,0,73,0,0,0.412,3.0
PHI/PHI201508290,"Saturday, August 29, 2015",7:06 p.m. Local,Citizens Bank Park,22090,2:56,Night,Home,Philadelphia Phillies,PHI,San Diego Padres,SDP,36,3,8,3,1.0,0,6,38,0.222,0.263,0.25,0.513,130,89,-0.305,0.69,0.777,,-1.0,24,10,8.0,1,52,16,21,10,20,8,0,41,1,0,-0.197,-0.4,28,4,6,4,4.5,3,7,32,0.214,0.313,0.393,0.705,136,82,0.198,1.58,0.597,,0.4,27,6,9.0,0,50,17,15,12,9,7,0,63,2,1,0.304,1.0
PHI/PHI201508300,"Sunday, August 30, 2015",1:38 p.m. Local,Citizens Bank Park,22624,3:13,Day,Away,San Diego Padres,SDP,Philadelphia Phillies,PHI,42,9,16,9,9.0,3,7,46,0.381,0.422,0.643,1.065,141,107,0.255,0.71,0.578,,5.0,27,10,9.0,1,67,20,20,11,25,11,0,68,0,0,0.243,0.0,33,4,10,4,4.0,1,10,35,0.303,0.343,0.515,0.858,179,86,-0.244,0.43,0.331,,-0.0,27,6,9.0,3,45,14,29,12,11,7,0,39,5,1,-0.258,-5.0
NYN/NYN201508310,"Monday, August 31, 2015",7:11 p.m. Local,Citi Field,34233,2:23,Night,Home,New York Mets,NYM,Philadelphia Phillies,PHI,31,1,6,0,1.0,2,10,33,0.194,0.242,0.194,0.436,104,90,-0.418,0.63,0.344,,-3.0,24,5,8.0,2,45,17,28,15,6,3,0,59,0,0,-0.082,0.6,27,3,4,3,3.38,2,4,29,0.148,0.207,0.37,0.577,125,67,0.08,1.01,0.419,,-0.6,27,12,9.0,0,40,6,21,7,16,6,0,82,0,0,0.419,3.0
NYN/NYN201509010,"Tuesday, September 1, 2015",7:10 p.m. Local,Citi Field,30104,3:17,Night,Away,Philadelphia Phillies,PHI,New York Mets,NYM,36,14,10,12,8.0,6,6,44,0.278,0.381,0.472,0.853,165,98,0.521,0.35,0.781,,10.0,27,10,9.0,1,68,12,18,15,17,12,0,41,0,0,-0.019,-4.0,38,8,13,8,8.0,3,5,42,0.342,0.381,0.526,0.907,153,111,0.021,0.55,0.256,,4.0,27,12,9.0,1,79,9,23,12,22,12,0,29,5,3,-0.521,-10.0
NYN/NYN201509020,"Wednesday, September 2, 2015",7:11 p.m. Local,Citi Field,32464,2:53,Night,Home,New York Mets,NYM,Philadelphia Phillies,PHI,36,4,10,4,4.0,1,9,37,0.278,0.297,0.389,0.686,137,91,-0.127,0.37,0.314,,-0.0,24,5,8.0,3,51,18,22,7,20,9,0,24,0,0,-0.373,-5.4,38,9,16,9,10.12,2,7,40,0.421,0.45,0.763,1.213,134,94,0.373,0.57,0.582,,5.4,27,5,9.0,1,60,13,21,10,21,10,0,47,1,0,0.128,0.0
BOS/BOS201509040,"Friday, September 4, 2015",7:12 p.m. Local,Fenway Park,33674,3:22,Night,Home,Boston Red Sox,BOS,Philadelphia Phillies,PHI,35,5,11,5,5.0,3,11,40,0.314,0.4,0.457,0.857,121,102,-0.22,0.87,0.674,,0.3,24,9,8.0,1,56,22,24,15,9,5,0,37,2,2,-0.282,-2.8,33,7,10,6,6.75,2,7,36,0.303,0.333,0.485,0.818,169,82,0.28,1.26,0.724,,2.8,27,8,9.0,1,39,12,31,13,14,8,0,56,5,0,0.219,-0.3
BOS/BOS201509050,"Saturday, September 5, 2015",4:07 p.m. Local,Fenway Park,36534,2:24,Day,Home,Boston Red Sox,BOS,Philadelphia Phillies,PHI,32,2,5,2,2.0,0,8,32,0.156,0.156,0.219,0.375,151,79,-0.239,0.68,0.057,,-2.7,24,15,8.0,1,43,11,25,9,15,6,0,17,3,1,-0.261,-4.8,37,9,14,8,10.12,3,3,40,0.378,0.425,0.595,1.02,110,86,0.26,0.36,0.588,,4.8,27,8,9.0,0,53,9,24,20,14,8,0,77,,,0.239,2.7
BOS/BOS201509060,"Sunday, September 6, 2015",1:36 p.m. Local,Fenway Park,34708,2:57,Day,Home,Boston Red Sox,BOS,Philadelphia Phillies,PHI,37,2,11,2,2.0,1,10,38,0.297,0.316,0.297,0.613,153,97,-0.201,0.32,0.239,,-2.7,24,8,8.0,1,59,13,25,8,19,12,0,21,0,0,-0.298,-1.8,30,6,8,6,6.75,5,6,36,0.267,0.361,0.467,0.828,138,91,0.3,0.53,0.467,,1.8,27,6,9.0,0,54,10,27,9,16,8,0,63,0,0,0.203,2.7
PHI/PHI201509070,"Monday, September 7, 2015",7:08 p.m. Local,Citizens Bank Park,15125,2:32,Night,Away,Atlanta Braves,ATL,Philadelphia Phillies,PHI,37,7,12,7,7.0,3,7,41,0.324,0.375,0.595,0.97,121,83,0.298,0.87,0.686,,3.0,27,11,9.0,1,53,8,22,10,21,11,0,64,0,0,0.202,2.0,31,2,6,2,2.0,0,9,33,0.194,0.212,0.387,0.599,139,79,-0.202,0.61,0.329,,-2.0,27,5,9.0,2,43,18,18,11,12,8,0,34,0,0,-0.298,-3.0
PHI/PHI201509080,"Tuesday, September 8, 2015",7:08 p.m. Local,Citizens Bank Park,15610,2:30,Night,Home,Philadelphia Phillies,PHI,Atlanta Braves,ATL,33,0,7,0,0.0,3,10,36,0.212,0.278,0.212,0.49,115,80,-0.471,0.63,0.589,,-4.0,24,13,8.0,1,46,14,20,12,11,7,0,57,3,0,-0.03,-1.4,29,5,9,4,5.62,2,4,31,0.31,0.355,0.517,0.872,120,76,0.029,1.58,0.395,,1.4,27,10,9.0,0,52,10,15,16,8,5,1,71,2,0,0.471,4.0
PHI/PHI201509090,"Wednesday, September 9, 2015",7:06 p.m. Local,Citizens Bank Park,15241,2:52,Night,Away,Atlanta Braves,ATL,Philadelphia Phillies,PHI,38,8,18,7,8.0,6,4,49,0.474,0.543,0.658,1.201,129,95,0.32,0.58,0.872,,4.0,27,6,9.0,0,72,8,15,20,18,10,0,67,0,0,0.179,3.0,31,1,4,1,1.0,3,4,34,0.129,0.206,0.194,0.399,154,75,-0.177,0.83,0.199,,-3.0,27,16,9.0,1,47,12,16,10,17,5,0,21,4,0,-0.322,-4.0
PHI/PHI201509111,"Friday, September 11, 2015",5:06 p.m. Local,Citizens Bank Park,,2:54,Night,Away,Chicago Cubs,CHC,Philadelphia Phillies,PHI,38,5,10,5,5.0,2,13,40,0.263,0.3,0.421,0.721,125,115,0.254,0.76,0.778,,1.0,27,12,9.0,1,69,22,24,11,14,10,0,71,0,0,0.246,3.0,34,1,7,1,1.0,2,9,36,0.206,0.25,0.294,0.544,163,79,-0.246,0.83,0.284,,-3.0,27,8,9.0,1,44,16,19,16,9,7,0,41,2,2,-0.254,-1.0
PHI/PHI201509112,"Friday, September 11, 2015",8:35 p.m. Local,Citizens Bank Park,22538,2:56,Night,Away,Chicago Cubs,CHC,Philadelphia Phillies,PHI,40,7,12,7,7.0,3,6,43,0.3,0.349,0.6,0.949,130,88,0.339,0.65,0.632,,3.0,27,11,9.0,0,58,17,13,10,24,7,0,57,3,0,0.161,1.0,31,3,5,3,3.0,2,9,34,0.161,0.235,0.258,0.493,144,87,-0.161,0.46,0.253,,-1.0,27,4,9.0,3,50,20,17,12,10,6,0,28,2,1,-0.339,-3.0
PHI/PHI201509120,"Saturday, September 12, 2015",7:55 p.m. Local,Citizens Bank Park,20813,3:12,Night,Home,Philadelphia Phillies,PHI,Chicago Cubs,CHC,32,5,6,5,5.0,5,11,39,0.188,0.308,0.344,0.651,148,89,0.031,1.41,0.988,,1.0,26,8,8.2,1,45,18,26,11,11,4,0,58,4,3,-0.53,-3.0,32,7,6,7,2.08,4,12,36,0.188,0.278,0.375,0.653,142,98,0.53,1.4,1.271,,3.0,27,7,9.0,1,51,22,25,8,12,4,0,72,2,1,-0.03,-1.0
PHI/PHI201509130,"Sunday, September 13, 2015",1:36 p.m. Local,Citizens Bank Park,23450,3:04,Day,Home,Philadelphia Phillies,PHI,Chicago Cubs,CHC,37,4,8,3,3.0,2,7,40,0.216,0.275,0.405,0.68,143,103,-0.05,1.01,0.792,,-0.0,24,14,8.0,1,61,14,28,12,18,12,0,30,0,0,-0.449,-3.4,32,7,12,6,7.88,4,9,38,0.375,0.432,0.625,1.057,170,88,0.452,1.25,1.013,,3.4,27,7,9.0,1,46,17,25,12,13,8,0,47,0,0,0.052,0.0
PHI/PHI201509140,"Monday, September 14, 2015",7:06 p.m. Local,Citizens Bank Park,15402,3:54,Night,Away,Washington Nationals,WSN,Philadelphia Phillies,PHI,45,8,15,8,5.73,4,15,49,0.333,0.388,0.6,0.988,173,127,0.748,1.71,1.95,,3.1,33,12,11.0,3,62,19,46,15,15,10,0,41,1,0,-0.25,-2.1,41,7,9,7,5.73,2,15,47,0.22,0.289,0.463,0.752,193,116,0.25,1.48,1.605,,2.1,33,12,11.0,4,65,25,26,17,11,9,0,32,2,0,-0.751,-3.1
PHI/PHI201509150,"Tuesday, September 15, 2015",7:06 p.m. Local,Citizens Bank Park,15325,2:35,Night,Away,Washington Nationals,WSN,Philadelphia Phillies,PHI,33,4,7,4,4.0,5,10,38,0.212,0.316,0.424,0.74,115,86,0.044,0.82,0.456,,-0.0,27,9,9.0,0,47,14,25,13,10,4,0,93,0,0,0.457,4.0,28,0,1,0,0.0,1,14,29,0.036,0.069,0.036,0.105,144,84,-0.457,0.56,0.079,,-4.0,27,11,9.0,2,32,27,25,10,4,0,0,57,0,0,-0.043,0.0
PHI/PHI201509160,"Wednesday, September 16, 2015",7:07 p.m. Local,Citizens Bank Park,15753,2:49,Night,Away,Washington Nationals,WSN,Philadelphia Phillies,PHI,37,12,16,11,11.0,4,6,44,0.432,0.488,0.757,1.245,133,101,0.453,0.81,0.76,,8.0,27,9,9.0,1,64,14,23,13,20,14,0,69,0,0,0.049,2.0,31,2,5,2,2.0,2,13,33,0.161,0.212,0.258,0.47,160,94,-0.048,0.66,0.461,,-2.0,27,16,9.0,3,44,28,22,11,7,3,0,40,0,0,-0.452,-8.0
ATL/ATL201509180,"Friday, September 18, 2015",7:36 p.m. Local,Turner Field,22525,2:58,Night,Home,Atlanta Braves,ATL,Philadelphia Phillies,PHI,34,1,7,1,1.0,5,11,40,0.206,0.308,0.294,0.602,90,117,-0.594,0.79,0.981,,-3.0,24,13,8.0,0,70,20,27,16,8,7,0,55,0,0,0.092,1.6,29,2,7,2,2.25,0,5,29,0.241,0.241,0.345,0.586,176,68,-0.092,2.31,0.408,,-1.6,27,11,9.0,1,47,9,12,10,14,8,0,58,7,0,0.593,3.0
ATL/ATL201509190,"Saturday, September 19, 2015",7:11 p.m. Local,Turner Field,24855,2:21,Night,Home,Atlanta Braves,ATL,Philadelphia Phillies,PHI,28,1,3,0,1.0,2,8,30,0.107,0.167,0.143,0.31,118,79,-0.414,1.53,0.325,,-3.0,24,8,8.0,0,37,14,28,11,9,4,0,70,1,0,-0.087,1.6,30,2,7,2,2.25,3,5,33,0.233,0.303,0.333,0.636,129,72,0.087,1.2,0.998,,-1.6,27,13,9.0,0,41,10,21,12,13,6,0,72,0,0,0.414,3.0
ATL/ATL201509200,"Sunday, September 20, 2015",1:38 p.m. Local,Turner Field,23723,2:33,Day,Home,Atlanta Braves,ATL,Philadelphia Phillies,PHI,32,1,6,1,1.0,1,8,33,0.188,0.212,0.188,0.4,128,77,-0.339,1.23,0.897,,-3.0,25,13,8.1,0,43,18,16,7,17,7,0,64,0,0,-0.162,1.2,30,2,8,2,2.16,5,6,35,0.267,0.371,0.3,0.671,112,74,0.16,1.95,0.764,,-1.2,27,6,9.0,0,44,11,19,15,9,7,0,76,2,1,0.338,3.0
MIA/MIA201509220,"Tuesday, September 22, 2015",7:11 p.m. Local,Marlins Park,16742,2:43,Night,Away,Philadelphia Phillies,PHI,Miami Marlins,MIA,37,6,11,5,5.0,5,11,43,0.297,0.381,0.568,0.949,110,104,0.258,0.71,0.564,,2.0,27,11,9.0,1,59,14,31,16,11,4,0,56,0,0,0.244,2.0,31,2,8,2,2.0,2,3,33,0.258,0.303,0.419,0.722,173,70,-0.245,0.5,0.311,,-2.0,27,11,9.0,3,46,5,19,13,15,8,0,41,2,0,-0.257,-2.0
MIA/MIA201509230,"Wednesday, September 23, 2015",7:11 p.m. Local,Marlins Park,15662,3:20,Night,Home,Miami Marlins,MIA,Philadelphia Phillies,PHI,37,3,6,1,2.45,2,11,40,0.162,0.225,0.216,0.441,172,95,-0.094,1.68,1.227,,-1.9,32,14,10.2,1,57,21,17,14,12,6,0,50,0,0,-0.406,0.3,43,4,13,2,1.69,2,6,46,0.302,0.333,0.395,0.729,146,114,0.405,1.81,1.572,,-0.3,33,18,11.0,0,78,10,26,17,21,15,0,69,1,0,0.094,1.9
MIA/MIA201509240,"Thursday, September 24, 2015",7:10 p.m. Local,Marlins Park,17083,2:34,Night,Home,Miami Marlins,MIA,Philadelphia Phillies,PHI,30,0,5,0,0.0,2,5,33,0.167,0.242,0.2,0.442,104,79,-0.686,1.1,0.353,,-4.0,24,13,8.0,0,50,13,16,12,13,7,0,70,0,0,0.185,2.6,27,1,4,1,1.12,1,5,30,0.148,0.207,0.222,0.429,130,69,-0.186,1.54,0.458,,-2.6,27,12,9.0,0,44,5,20,14,9,5,0,54,0,0,0.686,4.0
WAS/WAS201509250,"Friday, September 25, 2015",7:05 p.m. Local,Nationals Park,31019,2:30,Night,Away,Philadelphia Phillies,PHI,Washington Nationals,WSN,36,8,10,8,8.0,2,11,39,0.278,0.316,0.667,0.982,127,103,0.362,0.54,0.677,,3.7,27,8,9.0,1,69,12,22,7,19,12,0,68,0,0,0.136,2.3,34,2,7,2,2.0,1,11,35,0.206,0.229,0.324,0.552,149,83,-0.137,0.56,0.263,,-2.3,27,7,9.0,4,47,15,21,8,15,9,0,35,0,0,-0.363,-3.7
WAS/WAS201509260,"Saturday, September 26, 2015",4:06 p.m. Local,Nationals Park,32086,3:50,Day,Home,Washington Nationals,WSN,Philadelphia Phillies,PHI,38,1,6,1,0.75,4,16,44,0.158,0.238,0.184,0.422,185,117,-0.815,1.87,0.772,,-4.7,34,12,11.1,0,60,30,27,10,14,7,0,60,2,1,0.317,2.3,43,2,10,2,1.59,5,12,48,0.233,0.313,0.279,0.592,178,113,-0.316,1.96,1.252,,-2.3,36,11,12.0,0,53,19,41,17,14,10,0,84,1,0,0.816,4.7
WAS/WAS201509270,"Sunday, September 27, 2015",1:36 p.m. Local,Nationals Park,28661,3:02,Day,Away,Philadelphia Phillies,PHI,Washington Nationals,WSN,42,12,15,11,6.0,5,5,48,0.357,0.438,0.548,0.985,134,106,0.641,0.77,1.79,,7.7,27,6,9.0,2,59,17,30,18,19,9,0,55,0,0,-0.14,-0.7,34,5,9,5,4.0,1,5,36,0.265,0.278,0.5,0.778,169,88,0.141,1.46,0.611,,0.7,27,13,9.0,2,60,8,20,8,22,11,0,48,10,3,-0.643,-7.7
PHI/PHI201509290,"Tuesday, September 29, 2015",7:07 p.m. Local,Citizens Bank Park,15227,2:46,Night,Home,Philadelphia Phillies,PHI,New York Mets,NYM,37,3,9,3,3.0,5,7,42,0.243,0.333,0.459,0.793,111,91,-0.343,0.54,0.634,,-1.0,24,8,8.0,1,46,16,29,15,15,9,0,42,2,1,-0.158,-0.4,34,4,12,4,4.5,0,6,34,0.353,0.353,0.441,0.794,156,78,0.157,1.29,0.456,,0.4,27,9,9.0,2,57,6,15,15,13,7,0,49,2,0,0.343,1.0
PHI/PHI201509300,"Wednesday, September 30, 2015",7:07 p.m. Local,Citizens Bank Park,15201,3:59,Night,Home,Philadelphia Phillies,PHI,New York Mets,NYM,32,5,6,5,5.0,4,6,39,0.188,0.316,0.406,0.722,170,93,0.002,1.18,0.535,,1.0,24,8,8.0,0,56,11,26,13,14,2,0,44,8,3,-0.505,-3.4,30,7,8,5,7.88,6,8,39,0.267,0.421,0.333,0.754,172,111,0.503,0.77,1.122,,3.4,27,8,9.0,2,64,19,28,9,14,8,0,24,5,0,-0.002,-1.0
PHI/PHI201510010,"Thursday, October 1, 2015",12:06 p.m. Local,Citizens Bank Park,13238,2:23,Day,Home,Philadelphia Phillies,PHI,New York Mets,NYM,32,0,6,0,0.0,1,11,33,0.188,0.212,0.25,0.462,113,94,-0.484,0.59,0.219,,-4.0,24,8,8.0,2,52,18,24,13,8,7,0,55,0,0,-0.017,0.6,28,3,5,3,3.38,1,7,30,0.179,0.207,0.464,0.671,141,73,0.019,0.99,0.365,,-0.6,27,11,9.0,0,44,15,14,8,14,7,0,78,0,0,0.484,4.0
PHI/PHI201510031,"Saturday, October 3, 2015",4:07 p.m. Local,Citizens Bank Park,,3:19,Day,Away,Miami Marlins,MIA,Philadelphia Phillies,PHI,41,7,13,5,6.0,2,8,43,0.317,0.349,0.488,0.837,170,107,0.722,1.39,1.514,,3.0,27,12,9.0,1,68,21,18,18,15,8,0,38,1,0,-0.223,-2.0,34,6,9,6,5.0,6,11,41,0.265,0.366,0.529,0.895,171,100,0.221,1.46,1.218,,2.0,27,10,9.0,1,47,22,31,12,12,7,0,40,1,0,-0.723,-3.0
PHI/PHI201510032,"Saturday, October 3, 2015",8:05 p.m. Local,Citizens Bank Park,16240,2:35,Night,Away,Miami Marlins,MIA,Philadelphia Phillies,PHI,35,5,11,5,5.0,3,4,39,0.314,0.385,0.371,0.756,112,83,0.227,0.88,0.636,,1.0,27,10,9.0,1,52,8,23,19,12,5,0,59,0,0,0.273,2.0,34,2,8,2,2.0,0,6,35,0.235,0.257,0.353,0.61,140,82,-0.275,0.68,0.375,,-2.0,27,16,9.0,0,54,13,15,13,15,8,0,33,0,0,-0.227,-1.0
PHI/PHI201510040,"Sunday, October 4, 2015",3:08 p.m. Local,Citizens Bank Park,21734,2:29,Day,Home,Philadelphia Phillies,PHI,Miami Marlins,MIA,35,2,8,1,1.0,1,11,36,0.229,0.25,0.371,0.621,124,84,-0.171,1.07,0.421,,-2.0,24,6,8.0,0,49,19,16,16,8,3,0,53,1,0,-0.329,-3.4,33,7,10,7,7.88,5,3,38,0.303,0.395,0.515,0.91,135,75,0.328,0.82,0.919,,3.4,27,11,9.0,1,50,16,9,8,22,9,0,62,2,0,0.172,2.0
