,date,time,venue,attendance,duration,time_of_day,winner,winning_name,winning_abbr,losing_name,losing_abbr,away_at_bats,away_runs,away_hits,away_rbi,away_earned_runs,away_bases_on_balls,away_strikeouts,away_plate_appearances,away_batting_average,away_on_base_percentage,away_slugging_percentage,away_on_base_plus,away_pitches,away_strikes,away_win_probability_for_offensive_player,away_average_leverage_index,away_win_probability_added,away_win_probability_subtracted,away_base_out_runs_added,away_putouts,away_assists,away_innings_pitched,away_home_runs,away_strikes_by_contact,away_strikes_swinging,away_strikes_looking,away_grounded_balls,away_fly_balls,away_line_drives,away_unknown_bat_type,away_game_score,away_inherited_runners,away_inherited_score,away_win_probability_by_pitcher,away_base_out_runs_saved,home_at_bats,home_runs,home_hits,home_rbi,home_earned_runs,home_bases_on_balls,home_strikeouts,home_plate_appearances,home_batting_average,home_on_base_percentage,home_slugging_percentage,home_on_base_plus,home_pitches,home_strikes,home_win_probability_for_offensive_player,home_average_leverage_index,home_win_probability_added,home_win_probability_subtracted,home_base_out_runs_added,home_putouts,home_assists,home_innings_pitched,home_home_runs,home_strikes_by_contact,home_strikes_swinging,home_strikes_looking,home_grounded_balls,home_fly_balls,home_line_drives,home_unknown_bat_type,home_game_score,home_inherited_runners,home_inherited_score,home_win_probability_by_pitcher,home_base_out_runs_saved
LAN/LAN201504060,"Monday, April 6, 2015",1:12 p.m. Local,Dodger Stadium,53518,3:04,Day,Home,Los Angeles Dodgers,LAD,San Diego Padres,SDP,31,3,7,3,3.0,2,12,35,0.226,0.314,0.355,0.669,148,94,-0.034,1.52,0.714,,-1.0,24,9,8.0,2,44,20,30,8,11,5,0,58,3,0,-0.467,-2.5,33,6,9,6,5.62,5,10,39,0.273,0.385,0.636,1.021,134,93,0.466,1.05,1.404,,2.5,27,10,9.0,0,50,22,21,10,13,5,0,55,0,0,0.034,1.0
LAN/LAN201504070,"Tuesday, April 7, 2015",7:40 p.m. Local,Dodger Stadium,40356,3:31,Night,Away,San Diego Padres,SDP,Los Angeles Dodgers,LAD,40,7,11,6,4.0,2,7,43,0.275,0.31,0.35,0.66,134,115,0.67,1.21,1.341,,3.0,27,11,9.0,1,73,23,19,17,17,6,0,53,0,0,-0.17,1.0,32,3,7,3,3.0,4,9,36,0.219,0.306,0.438,0.743,175,79,0.17,1.28,0.919,,-1.0,27,9,9.0,0,38,21,20,11,12,8,0,67,6,3,-0.67,-3.0
LAN/LAN201504080,"Wednesday, April 8, 2015",7:09 p.m. Local,Dodger Stadium,52204,3:16,Night,Home,Los Angeles Dodgers,LAD,San Diego Padres,SDP,38,4,11,4,4.0,1,13,39,0.289,0.308,0.526,0.834,151,99,-0.038,0.68,0.563,,0.0,24,7,8.0,3,48,19,32,14,11,5,0,32,2,1,-0.463,-3.5,35,7,12,7,6.75,3,9,38,0.343,0.395,0.686,1.08,142,94,0.462,0.77,0.754,,3.5,27,10,9.0,2,58,15,21,11,15,8,0,41,2,0,0.037,-0.0
SDN/SDN201504090,"Thursday, April 9, 2015",3:41 p.m. Local,Petco Park,45159,4:05,Day,Away,San Francisco Giants,SFG,San Diego Padres,SDP,39,1,6,1,0.0,5,5,45,0.154,0.25,0.205,0.455,165,106,-0.575,2.02,1.12,,-4.3,36,21,12.0,0,67,7,32,18,17,6,0,59,4,0,1.075,5.3,41,0,7,0,0.0,5,7,46,0.171,0.261,0.195,0.456,170,103,-1.076,1.81,0.803,,-5.3,36,16,12.0,0,58,19,26,22,12,3,0,53,1,0,0.574,4.3
SDN/SDN201504100,"Friday, April 10, 2015",7:11 p.m. Local,Petco Park,40015,2:31,Night,Home,San Diego Padres,SDP,San Francisco Giants,SFG,27,0,5,0,0.0,3,7,30,0.185,0.267,0.185,0.452,115,70,-0.667,1.36,0.414,,-4.0,24,10,8.0,0,38,17,15,12,8,6,0,71,1,0,0.168,2.5,26,1,5,1,1.12,4,6,30,0.192,0.3,0.231,0.531,108,72,-0.168,1.5,0.652,,-2.5,27,14,9.0,0,41,13,18,13,7,4,0,73,0,0,0.667,4.0
SDN/SDN201504110,"Saturday, April 11, 2015",5:41 p.m. Local,Petco Park,42823,3:14,Night,Home,San Diego Padres,SDP,San Francisco Giants,SFG,33,2,5,2,2.0,2,9,36,0.152,0.222,0.273,0.495,179,91,-0.192,0.38,0.178,,-2.0,24,3,8.0,0,50,16,25,7,17,7,0,23,2,0,-0.31,-6.5,42,10,20,10,10.12,1,8,44,0.476,0.477,0.571,1.049,137,119,0.309,0.5,0.51,,6.5,27,8,9.0,1,76,17,26,9,26,15,0,73,0,0,0.19,2.0
SDN/SDN201504120,"Sunday, April 12, 2015",1:11 p.m. Local,Petco Park,40184,3:01,Day,Home,San Diego Padres,SDP,San Francisco Giants,SFG,33,4,7,4,4.0,4,12,37,0.212,0.297,0.394,0.691,151,84,-0.041,1.03,0.808,,0.0,24,7,8.0,2,43,19,22,11,10,6,0,40,2,0,-0.458,-2.5,32,6,9,6,6.75,4,6,36,0.281,0.361,0.625,0.986,136,97,0.458,1.16,1.047,,2.5,27,9,9.0,1,62,13,22,10,16,6,0,54,0,0,0.042,-0.0
SDN/SDN201504130,"Monday, April 13, 2015",7:11 p.m. Local,Petco Park,19538,3:02,Night,Away,Arizona Diamondbacks,ARI,San Diego Padres,SDP,39,8,12,7,4.0,4,11,44,0.308,0.372,0.436,0.808,145,115,0.352,0.98,0.77,,4.0,27,10,9.0,1,55,23,37,15,14,7,0,52,0,0,0.146,-0.0,34,4,9,4,4.0,1,7,35,0.265,0.286,0.412,0.697,173,102,-0.149,0.69,0.496,,0.0,27,11,9.0,0,61,15,26,11,16,7,0,58,2,0,-0.353,-4.0
SDN/SDN201504140,"Tuesday, April 14, 2015",7:10 p.m. Local,Petco Park,20102,2:31,Night,Home,San Diego Padres,SDP,Arizona Diamondbacks,ARI,28,1,3,1,1.0,3,4,32,0.107,0.219,0.179,0.397,125,69,-0.26,0.52,0.305,,-3.0,24,9,8.0,1,41,7,21,13,11,4,0,43,1,1,-0.24,-1.5,32,5,8,4,5.62,3,8,35,0.25,0.314,0.5,0.814,108,81,0.24,0.81,0.462,,1.5,27,12,9.0,0,48,13,20,14,10,3,0,70,0,0,0.261,3.0
SDN/SDN201504150,"Wednesday, April 15, 2015",6:12 p.m. Local,Petco Park,23104,2:41,Night,Home,San Diego Padres,SDP,Arizona Diamondbacks,ARI,33,2,9,2,2.0,1,8,34,0.273,0.294,0.394,0.688,118,84,-0.385,1.36,0.519,,-2.0,24,7,8.0,1,47,12,25,10,15,8,0,52,0,0,-0.117,0.5,29,3,9,3,3.38,2,5,32,0.31,0.344,0.483,0.827,122,73,0.117,1.2,0.903,,-0.5,27,11,9.0,1,46,9,18,10,15,5,0,59,0,0,0.382,2.0
CHN/CHN201504170,"Friday, April 17, 2015",1:20 p.m. Local,Wrigley Field,32138,2:57,Day,Away,San Diego Padres,SDP,Chicago Cubs,CHC,34,5,8,5,5.0,2,7,36,0.235,0.278,0.412,0.69,145,93,0.324,1.51,0.986,,0.9,27,7,9.0,0,53,8,32,13,14,5,0,55,0,0,0.176,0.1,34,4,7,2,3.0,3,12,38,0.206,0.27,0.294,0.564,135,90,-0.176,0.98,0.856,,-0.1,27,11,9.0,2,43,22,25,13,10,6,0,47,4,2,-0.324,-0.9
CHN/CHN201504180,"Saturday, April 18, 2015",1:20 p.m. Local,Wrigley Field,33958,3:49,Day,Home,Chicago Cubs,CHC,San Diego Padres,SDP,43,6,10,6,4.91,1,13,44,0.233,0.25,0.349,0.599,219,121,-0.058,1.61,1.068,,1.0,31,6,10.1,2,72,21,28,16,14,8,0,51,2,1,-0.443,-3.5,43,7,12,6,6.1,8,12,51,0.279,0.392,0.442,0.834,177,126,0.445,1.35,1.611,,3.5,33,13,11.0,1,62,32,32,14,17,10,0,66,2,2,0.057,-1.0
CHN/CHN201504190,"Sunday, April 19, 2015",1:21 p.m. Local,Wrigley Field,29113,2:51,Day,Away,San Diego Padres,SDP,Chicago Cubs,CHC,36,5,10,5,5.0,2,5,38,0.278,0.316,0.444,0.76,144,97,0.23,1.1,0.828,,0.9,27,6,9.0,0,62,12,23,17,14,7,0,61,0,0,0.272,2.1,35,2,7,2,0.0,2,8,38,0.2,0.263,0.229,0.492,152,98,-0.271,0.99,0.485,,-2.1,27,13,9.0,2,59,16,23,14,13,2,0,46,2,1,-0.229,-0.9
COL/COL201504200,"Monday, April 20, 2015",6:43 p.m. Local,Coors Field,22586,3:09,Night,Away,San Diego Padres,SDP,Colorado Rockies,COL,44,14,17,14,12.0,1,10,46,0.386,0.391,0.614,1.005,151,114,0.455,0.11,0.546,,9.1,27,14,9.0,0,66,24,24,15,20,13,0,57,1,0,0.043,1.9,34,3,9,3,3.0,4,6,38,0.265,0.342,0.353,0.695,161,86,-0.043,0.26,0.042,,-1.9,27,10,9.0,1,52,10,25,16,12,7,0,8,1,1,-0.457,-9.1
COL/COL201504210,"Tuesday, April 21, 2015",6:43 p.m. Local,Coors Field,22600,3:06,Night,Away,San Diego Padres,SDP,Colorado Rockies,COL,36,7,13,7,7.0,7,5,44,0.361,0.477,0.556,1.033,137,84,0.559,1.08,1.622,,2.1,27,10,9.0,1,44,15,25,12,19,12,0,42,0,0,-0.057,-1.1,33,6,7,6,6.0,1,6,35,0.212,0.229,0.455,0.683,159,88,0.058,1.4,0.691,,1.1,27,15,9.0,1,50,18,20,14,14,6,0,48,3,1,-0.558,-2.1
COL/COL201504220,"Wednesday, April 22, 2015",6:41 p.m. Local,Coors Field,22705,2:39,Night,Home,Colorado Rockies,COL,San Diego Padres,SDP,33,4,7,4,4.0,1,4,34,0.212,0.235,0.455,0.69,131,76,-0.046,1.4,0.737,,-0.9,25,12,8.1,2,51,8,17,17,12,5,0,50,0,0,-0.455,-1.7,32,5,11,5,5.4,4,8,36,0.344,0.417,0.656,1.073,108,75,0.455,1.18,1.318,,1.7,27,17,9.0,2,48,19,10,13,11,6,0,49,0,0,0.046,0.9
COL/COL201504230,"Thursday, April 23, 2015",1:12 p.m. Local,Coors Field,31676,2:53,Day,Home,Colorado Rockies,COL,San Diego Padres,SDP,31,1,7,1,1.0,3,7,34,0.226,0.294,0.258,0.552,154,79,-0.656,1.01,0.482,,-3.9,24,9,8.0,1,48,16,17,13,11,5,0,50,1,0,0.156,2.4,31,2,8,2,2.25,5,10,37,0.258,0.361,0.387,0.748,143,92,-0.156,1.5,0.478,,-2.4,27,13,9.0,0,50,17,25,11,11,6,0,60,2,0,0.656,3.9
SDN/SDN201504240,"Friday, April 24, 2015",7:12 p.m. Local,Petco Park,43055,3:04,Night,Away,Los Angeles Dodgers,LAD,San Diego Padres,SDP,32,3,8,3,3.0,2,6,36,0.25,0.306,0.375,0.681,133,92,-0.058,1.34,0.464,,-1.0,27,11,9.0,0,53,16,23,15,12,1,0,73,2,0,0.559,4.0,32,0,6,0,0.0,3,9,35,0.188,0.257,0.219,0.476,144,88,-0.559,0.74,0.386,,-4.0,27,12,9.0,1,44,19,25,14,9,4,0,62,1,0,0.058,1.0
SDN/SDN201504250,"Saturday, April 25, 2015",5:41 p.m. Local,Petco Park,44454,3:36,Night,Away,Los Angeles Dodgers,LAD,San Diego Padres,SDP,38,11,13,11,11.0,5,4,45,0.342,0.432,0.763,1.195,164,114,0.613,0.64,0.862,,7.0,27,7,9.0,3,72,14,28,17,18,12,0,34,0,0,-0.112,-4.0,35,8,8,7,8.0,3,10,38,0.229,0.289,0.571,0.861,196,106,0.111,0.48,0.535,,4.0,27,10,9.0,4,63,12,31,8,17,8,0,16,2,0,-0.612,-7.0
SDN/SDN201504260,"Sunday, April 26, 2015",1:11 p.m. Local,Petco Park,43256,2:30,Day,Home,San Diego Padres,SDP,Los Angeles Dodgers,LAD,29,1,5,1,1.0,1,6,31,0.172,0.2,0.276,0.476,118,87,-0.451,0.69,0.301,,-3.0,24,9,8.0,2,52,15,20,9,15,8,0,61,0,0,-0.049,0.5,28,3,5,3,3.38,2,8,30,0.179,0.233,0.464,0.698,132,84,0.048,1.1,0.424,,-0.5,27,10,9.0,1,51,13,20,8,12,4,0,66,0,0,0.451,3.0
SDN/SDN201504270,"Monday, April 27, 2015",7:10 p.m. Local,Petco Park,19532,3:28,Night,Away,Houston Astros,HOU,San Diego Padres,SDP,37,9,10,8,7.0,5,13,42,0.27,0.357,0.595,0.952,137,112,0.668,1.23,1.236,,5.0,27,12,9.0,0,59,31,22,9,15,6,0,51,2,0,-0.168,-0.0,37,4,10,4,4.0,0,7,37,0.27,0.27,0.324,0.595,193,96,0.168,0.91,0.955,,0.0,27,7,9.0,3,54,17,25,17,13,4,0,63,1,0,-0.669,-5.0
SDN/SDN201504280,"Tuesday, April 28, 2015",7:11 p.m. Local,Petco Park,22796,3:17,Night,Away,Houston Astros,HOU,San Diego Padres,SDP,43,14,17,13,13.0,4,13,50,0.395,0.46,0.791,1.251,143,117,0.416,0.69,0.791,,10.0,27,9,9.0,2,62,22,33,11,20,14,0,53,0,0,0.084,1.0,34,3,6,3,3.0,2,10,36,0.176,0.222,0.353,0.575,185,95,-0.085,0.52,0.364,,-1.0,27,6,9.0,3,54,13,28,14,10,6,0,48,2,0,-0.416,-10.0
SDN/SDN201504290,"Wednesday, April 29, 2015",12:41 p.m. Local,Petco Park,21824,2:34,Day,Away,Houston Astros,HOU,San Diego Padres,SDP,36,7,9,6,6.0,3,10,40,0.25,0.3,0.444,0.744,127,103,0.137,0.9,0.577,,3.0,27,12,9.0,0,60,18,25,7,20,7,0,76,0,0,0.364,2.0,31,2,3,2,1.0,0,4,31,0.097,0.097,0.129,0.226,159,82,-0.365,0.68,0.249,,-2.0,27,3,9.0,1,49,4,29,13,14,7,0,64,1,1,-0.136,-3.0
SDN/SDN201505010,"Friday, May 1, 2015",7:13 p.m. Local,Petco Park,30186,3:26,Night,Home,San Diego Padres,SDP,Colorado Rockies,COL,32,3,6,3,3.0,3,9,35,0.188,0.257,0.438,0.695,173,105,-0.244,0.48,0.21,,-1.0,24,16,8.0,0,57,23,25,10,13,5,0,39,1,1,-0.259,-10.5,39,14,14,13,12.38,4,4,45,0.359,0.422,0.41,0.832,150,111,0.26,0.62,0.507,,10.5,27,9,9.0,2,70,14,27,23,13,6,0,60,0,0,0.242,1.0
SDN/SDN201505020,"Saturday, May 2, 2015",5:42 p.m. Local,Petco Park,28058,2:57,Night,Home,San Diego Padres,SDP,Colorado Rockies,COL,33,2,7,2,2.0,1,7,34,0.212,0.235,0.364,0.599,150,90,-0.265,1.05,0.471,,-2.0,24,9,8.0,0,52,15,23,13,13,9,0,51,0,0,-0.236,-0.5,32,4,8,4,4.5,4,11,37,0.25,0.351,0.313,0.664,137,82,0.235,1.14,0.848,,0.5,27,9,9.0,1,39,24,19,11,10,6,0,53,0,0,0.265,2.0
SDN/SDN201505030,"Sunday, May 3, 2015",1:12 p.m. Local,Petco Park,34197,3:12,Day,Home,San Diego Padres,SDP,Colorado Rockies,COL,37,6,11,6,6.0,1,12,39,0.297,0.333,0.649,0.982,136,103,0.218,0.77,1.082,,2.0,24,7,8.0,3,62,20,21,12,13,4,0,33,1,1,-0.717,-4.5,31,8,7,8,9.0,1,4,35,0.226,0.314,0.581,0.895,151,77,0.718,1.22,1.046,,4.5,27,6,9.0,4,49,6,22,9,18,7,0,37,2,0,-0.218,-2.0
SFN/SFN201505040,"Monday, May 4, 2015",7:15 p.m. Local,AT&T Park,41278,2:32,Night,Home,San Francisco Giants,SFG,San Diego Padres,SDP,32,0,2,0,0.0,1,9,33,0.062,0.091,0.063,0.153,117,87,-0.523,0.93,0.365,,-4.1,24,14,8.0,0,42,24,21,11,12,2,0,57,0,0,0.023,1.7,30,2,8,2,2.25,3,5,33,0.267,0.333,0.3,0.633,128,71,-0.025,1.23,0.551,,-1.7,27,10,9.0,0,44,9,18,16,9,8,0,79,0,0,0.524,4.1
SFN/SFN201505050,"Tuesday, May 5, 2015",7:15 p.m. Local,AT&T Park,41358,2:25,Night,Home,San Francisco Giants,SFG,San Diego Padres,SDP,31,0,4,0,0.0,2,8,33,0.129,0.182,0.129,0.311,129,78,-0.213,0.41,0.068,,-4.1,24,10,8.0,1,44,13,21,9,14,5,0,38,0,0,-0.287,-2.3,32,6,10,4,4.5,4,5,37,0.312,0.389,0.469,0.858,119,80,0.286,0.39,0.458,,2.3,27,7,9.0,0,56,7,17,12,16,12,0,73,0,0,0.213,4.1
SFN/SFN201505060,"Wednesday, May 6, 2015",12:45 p.m. Local,AT&T Park,41060,2:59,Day,Away,San Diego Padres,SDP,San Francisco Giants,SFG,42,9,16,9,9.0,7,7,50,0.381,0.46,0.524,0.984,119,103,0.297,0.52,0.737,,4.9,27,12,9.0,0,58,16,29,16,20,12,0,66,0,0,0.203,3.1,31,1,6,1,1.0,1,6,33,0.194,0.219,0.29,0.509,171,81,-0.204,0.59,0.18,,-3.1,27,11,9.0,0,45,14,22,12,14,4,0,26,2,0,-0.297,-4.9
ARI/ARI201505070,"Thursday, May 7, 2015",6:40 p.m. Local,Chase Field,16929,2:52,Night,Home,Arizona Diamondbacks,ARI,San Diego Padres,SDP,29,0,3,0,0.0,2,8,32,0.103,0.161,0.172,0.334,154,88,-0.151,0.25,0.078,,-4.4,24,9,8.0,2,47,17,24,11,11,3,0,15,0,0,-0.35,-7.1,41,11,17,10,12.38,1,5,42,0.415,0.429,0.756,1.185,138,107,0.35,0.33,0.448,,7.1,27,9,9.0,0,78,8,21,15,21,12,0,76,0,0,0.15,4.4
ARI/ARI201505080,"Friday, May 8, 2015",6:40 p.m. Local,Chase Field,28677,3:26,Night,Away,San Diego Padres,SDP,Arizona Diamondbacks,ARI,37,6,12,6,6.0,6,7,43,0.324,0.419,0.649,1.067,138,102,0.35,1.49,1.181,,1.6,27,6,9.0,4,55,21,26,11,19,11,0,44,0,0,0.149,-0.6,33,5,7,5,5.0,4,9,37,0.212,0.297,0.576,0.873,178,82,-0.149,1.04,0.942,,0.6,27,9,9.0,2,46,17,20,9,15,5,0,29,3,0,-0.352,-1.6
ARI/ARI201505090,"Saturday, May 9, 2015",5:10 p.m. Local,Chase Field,27340,4:17,Night,Away,San Diego Padres,SDP,Arizona Diamondbacks,ARI,49,6,14,6,4.5,4,8,54,0.286,0.333,0.449,0.782,204,119,0.342,1.52,1.692,,0.1,36,14,12.0,0,70,20,29,19,23,8,0,58,0,0,0.158,1.9,43,4,9,4,3.0,5,13,48,0.209,0.292,0.279,0.571,198,132,-0.157,1.36,1.344,,-1.9,36,9,12.0,1,72,25,37,18,12,8,0,63,4,1,-0.341,-0.1
ARI/ARI201505100,"Sunday, May 10, 2015",1:10 p.m. Local,Chase Field,24881,2:47,Day,Home,Arizona Diamondbacks,ARI,San Diego Padres,SDP,34,1,8,1,1.0,3,9,37,0.235,0.297,0.265,0.562,120,83,-0.602,0.67,0.596,,-3.4,24,9,8.0,2,46,16,21,19,6,5,0,67,3,0,0.1,1.9,27,2,5,2,2.25,1,6,29,0.185,0.214,0.444,0.659,136,80,-0.1,1.65,0.346,,-1.9,27,13,9.0,0,48,12,20,9,13,7,0,59,3,0,0.6,3.4
SEA/SEA201505120,"Tuesday, May 12, 2015",7:10 p.m. Local,Safeco Field,16148,3:17,Night,Home,Seattle Mariners,SEA,San Diego Padres,SDP,33,4,6,4,2.0,9,8,42,0.182,0.357,0.212,0.569,173,104,-0.155,0.26,0.204,,-0.2,24,8,8.0,6,63,13,28,9,16,5,0,30,1,0,-0.345,-7.3,36,11,15,11,12.38,4,7,42,0.417,0.488,0.972,1.46,179,103,0.345,0.46,0.468,,7.3,27,7,9.0,0,62,14,29,10,20,10,0,66,3,3,0.154,0.2
SEA/SEA201505130,"Wednesday, May 13, 2015",7:10 p.m. Local,Safeco Field,14547,2:59,Night,Away,San Diego Padres,SDP,Seattle Mariners,SEA,32,4,8,3,3.0,2,9,37,0.25,0.306,0.375,0.681,165,83,0.105,1.39,0.571,,-0.2,27,6,9.0,1,50,15,18,9,16,8,0,62,0,0,0.393,2.2,36,2,9,2,2.0,3,14,39,0.25,0.308,0.389,0.697,136,98,-0.393,0.82,0.703,,-2.2,27,7,9.0,1,53,20,25,10,12,9,0,61,1,1,-0.106,0.2
SDN/SDN201505140,"Thursday, May 14, 2015",7:12 p.m. Local,Petco Park,22710,2:44,Night,Home,San Diego Padres,SDP,Washington Nationals,WSN,33,3,8,3,3.0,4,10,40,0.242,0.316,0.242,0.558,129,98,-0.116,0.23,0.109,,-1.0,24,11,8.0,3,54,21,23,19,7,4,0,12,0,0,-0.385,-4.5,35,8,13,8,9.0,2,8,37,0.371,0.405,0.686,1.091,155,84,0.384,0.3,0.469,,4.5,27,12,9.0,0,48,11,25,15,12,5,0,52,3,0,0.115,1.0
SDN/SDN201505150,"Friday, May 15, 2015",7:12 p.m. Local,Petco Park,26166,2:43,Night,Away,Washington Nationals,WSN,San Diego Padres,SDP,39,10,16,9,9.0,3,6,44,0.41,0.455,0.538,0.993,128,109,0.408,0.24,0.504,,6.0,27,8,9.0,0,66,13,30,18,16,7,0,65,0,0,0.093,4.0,33,0,7,0,0.0,1,7,34,0.212,0.235,0.212,0.447,177,79,-0.093,0.35,0.077,,-4.0,27,15,9.0,1,50,9,20,11,15,3,0,10,0,0,-0.408,-6.0
SDN/SDN201505160,"Saturday, May 16, 2015",5:43 p.m. Local,Petco Park,45282,2:53,Night,Away,Washington Nationals,WSN,San Diego Padres,SDP,34,4,11,4,3.0,3,8,38,0.324,0.368,0.441,0.81,146,95,0.209,0.73,0.479,,0.0,27,7,9.0,0,52,16,27,16,11,6,0,78,1,0,0.291,3.0,31,1,5,1,1.0,4,13,35,0.161,0.257,0.226,0.483,142,98,-0.291,0.5,0.257,,-3.0,27,13,9.0,0,52,20,26,6,12,4,0,44,0,0,-0.208,-0.0
SDN/SDN201505170,"Sunday, May 17, 2015",1:13 p.m. Local,Petco Park,37032,3:04,Day,Away,Washington Nationals,WSN,San Diego Padres,SDP,33,10,8,10,10.0,6,10,40,0.242,0.35,0.515,0.865,141,98,0.495,0.61,0.941,,6.0,27,9,9.0,3,55,13,30,13,11,3,0,51,2,1,0.005,-1.0,35,5,7,5,5.0,1,9,36,0.2,0.222,0.486,0.708,159,93,-0.006,0.75,0.378,,1.0,27,8,9.0,2,56,11,26,14,12,3,0,39,6,4,-0.496,-6.0
SDN/SDN201505190,"Tuesday, May 19, 2015",7:11 p.m. Local,Petco Park,25917,2:47,Night,Home,San Diego Padres,SDP,Chicago Cubs,CHC,34,3,7,3,3.0,1,14,35,0.206,0.229,0.5,0.729,134,92,-0.227,1.53,0.406,,-1.0,24,9,8.0,0,48,29,15,8,12,2,0,75,2,2,-0.273,-0.5,31,4,5,4,1.12,0,10,31,0.161,0.161,0.226,0.387,142,96,0.272,0.86,0.983,,0.5,27,7,9.0,3,56,22,18,13,8,5,0,67,0,0,0.227,1.0
SDN/SDN201505200,"Wednesday, May 20, 2015",7:11 p.m. Local,Petco Park,25028,2:57,Night,Away,Chicago Cubs,CHC,San Diego Padres,SDP,29,3,5,3,3.0,5,10,36,0.172,0.306,0.276,0.581,147,90,0.018,2.02,0.572,,-1.0,27,10,9.0,1,37,24,29,13,7,2,0,56,4,0,0.482,2.0,30,2,6,2,2.0,4,15,37,0.2,0.314,0.333,0.648,146,94,-0.482,0.97,0.802,,-2.0,27,12,9.0,0,45,23,26,9,8,4,0,62,0,0,-0.018,1.0
SDN/SDN201505210,"Thursday, May 21, 2015",6:12 p.m. Local,Petco Park,30021,2:08,Night,Away,Chicago Cubs,CHC,San Diego Padres,SDP,34,3,7,3,3.0,2,8,36,0.206,0.25,0.441,0.691,108,92,0.041,0.89,0.383,,-1.0,27,11,9.0,0,57,11,24,14,12,6,0,84,,,0.459,4.0,30,0,5,0,0.0,0,7,30,0.167,0.167,0.167,0.333,139,71,-0.46,0.53,0.167,,-4.0,27,10,9.0,2,37,10,24,14,9,5,0,54,0,0,-0.04,1.0
LAN/LAN201505220,"Friday, May 22, 2015",7:10 p.m. Local,Dodger Stadium,48514,2:39,Night,Home,Los Angeles Dodgers,LAD,San Diego Padres,SDP,33,1,6,1,1.0,1,7,34,0.182,0.206,0.242,0.448,133,79,-0.462,0.97,0.453,,-3.0,24,8,8.0,1,52,10,17,12,14,6,0,62,0,0,-0.038,1.5,29,2,6,2,1.12,1,4,30,0.207,0.233,0.345,0.578,118,90,0.039,1.32,0.648,,-1.5,27,8,9.0,0,63,11,16,9,16,5,0,67,2,0,0.461,3.0
LAN/LAN201505230,"Saturday, May 23, 2015",7:09 p.m. Local,Dodger Stadium,53479,2:11,Night,Home,Los Angeles Dodgers,LAD,San Diego Padres,SDP,27,0,1,0,0.0,0,9,27,0.037,0.037,0.037,0.074,134,65,-0.547,0.73,0.037,,-4.0,24,5,8.0,1,30,11,24,11,7,3,0,58,0,0,0.046,1.5,30,2,6,2,2.25,0,9,30,0.2,0.2,0.333,0.533,99,92,-0.047,0.86,0.369,,-1.5,27,11,9.0,0,48,20,24,5,16,8,0,88,0,0,0.546,4.0
LAN/LAN201505240,"Sunday, May 24, 2015",1:09 p.m. Local,Dodger Stadium,50182,2:47,Day,Away,San Diego Padres,SDP,Los Angeles Dodgers,LAD,44,11,20,11,11.0,3,5,48,0.455,0.479,0.682,1.161,114,111,0.447,0.11,0.507,,7.0,27,10,9.0,1,66,19,26,18,22,15,0,61,0,0,0.052,1.0,32,3,7,2,3.0,1,10,33,0.219,0.242,0.313,0.555,158,78,-0.053,0.25,0.032,,-1.0,27,12,9.0,2,43,18,17,9,13,6,0,-4,2,1,-0.448,-7.0
ANA/ANA201505250,"Monday, May 25, 2015",6:08 p.m. Local,Angel Stadium of Anaheim,38055,3:11,Night,Home,Los Angeles Angels of Anaheim,LAA,San Diego Padres,SDP,34,3,9,3,3.0,2,10,36,0.265,0.306,0.294,0.6,150,98,-0.218,1.33,0.69,,-1.1,26,8,8.2,0,45,25,29,10,14,6,0,48,2,1,-0.281,-0.6,36,4,12,3,3.12,3,11,39,0.333,0.385,0.417,0.801,146,92,0.281,1.29,1.124,,0.6,27,7,9.0,0,41,27,24,14,11,8,0,64,2,1,0.219,1.1
ANA/ANA201505260,"Tuesday, May 26, 2015",7:09 p.m. Local,Angel Stadium of Anaheim,32334,3:24,Night,Away,San Diego Padres,SDP,Los Angeles Angels of Anaheim,LAA,37,4,9,4,3.6,4,10,43,0.243,0.317,0.27,0.587,162,93,-0.172,1.07,1.033,,-0.6,30,7,10.0,0,56,13,24,14,15,8,0,67,0,0,0.673,4.6,34,0,5,0,0.0,2,9,37,0.147,0.216,0.147,0.363,153,100,-0.672,1.8,0.25,,-4.6,30,7,10.0,0,48,22,30,9,16,8,0,74,2,1,0.173,0.6
ANA/ANA201505270,"Wednesday, May 27, 2015",7:08 p.m. Local,Angel Stadium of Anaheim,36180,2:51,Night,Away,San Diego Padres,SDP,Los Angeles Angels of Anaheim,LAA,35,5,8,5,3.0,3,11,40,0.229,0.308,0.371,0.679,126,87,0.32,1.36,1.054,,0.9,27,10,9.0,1,41,23,23,16,9,4,0,54,0,0,0.18,0.1,34,4,11,4,4.0,1,7,36,0.324,0.333,0.5,0.833,140,83,-0.179,1.08,0.804,,-0.1,27,13,9.0,1,49,9,25,11,17,12,0,46,4,0,-0.321,-0.9
SDN/SDN201505280,"Thursday, May 28, 2015",7:11 p.m. Local,Petco Park,23104,3:05,Night,Away,Pittsburgh Pirates,PIT,San Diego Padres,SDP,40,11,15,9,9.0,3,10,45,0.375,0.432,0.675,1.107,128,110,0.476,0.61,0.607,,7.0,27,8,9.0,0,61,21,30,14,17,12,0,39,1,0,0.025,-1.0,36,5,9,3,4.0,2,8,38,0.25,0.289,0.278,0.567,179,85,-0.026,0.27,0.388,,1.0,27,9,9.0,3,47,14,24,15,13,5,0,22,2,0,-0.476,-7.0
SDN/SDN201505290,"Friday, May 29, 2015",7:11 p.m. Local,Petco Park,28317,3:16,Night,Home,San Diego Padres,SDP,Pittsburgh Pirates,PIT,33,2,6,2,2.0,3,10,37,0.182,0.27,0.212,0.482,150,93,-0.252,1.9,0.543,,-2.0,26,12,8.2,1,51,17,25,12,11,3,0,76,1,0,-0.249,-2.1,31,6,7,6,2.08,5,12,38,0.226,0.333,0.387,0.72,142,85,0.249,1.18,1.476,,2.1,27,8,9.0,0,41,22,22,14,7,3,0,56,0,0,0.251,2.0
SDN/SDN201505300,"Saturday, May 30, 2015",7:11 p.m. Local,Petco Park,43207,2:50,Night,Away,Pittsburgh Pirates,PIT,San Diego Padres,SDP,37,5,10,5,4.0,4,8,42,0.27,0.357,0.324,0.681,110,100,0.134,1.18,0.786,,1.0,27,15,9.0,0,53,19,28,17,12,5,0,66,0,0,0.367,2.0,31,2,4,1,1.0,1,6,32,0.129,0.156,0.161,0.318,161,76,-0.367,1.12,0.421,,-2.0,27,8,9.0,0,44,9,23,18,7,4,0,48,1,0,-0.134,-1.0
SDN/SDN201505310,"Sunday, May 31, 2015",6:11 p.m. Local,Petco Park,20556,2:46,Night,Home,San Diego Padres,SDP,Pittsburgh Pirates,PIT,34,1,8,1,1.0,1,6,36,0.235,0.257,0.353,0.61,159,88,-0.166,0.46,0.076,,-3.0,24,9,8.0,1,54,10,26,16,13,7,0,20,0,0,-0.335,-3.5,36,7,13,6,6.75,3,7,41,0.361,0.4,0.444,0.844,126,99,0.336,0.32,0.554,,3.5,27,11,9.0,1,59,14,26,16,15,10,0,67,0,0,0.165,3.0
SDN/SDN201506010,"Monday, June 1, 2015",7:10 p.m. Local,Petco Park,21893,2:21,Night,Away,New York Mets,NYM,San Diego Padres,SDP,38,7,13,6,6.0,1,16,39,0.342,0.359,0.553,0.912,114,106,0.261,0.36,0.63,,3.0,27,5,9.0,0,57,18,31,7,15,11,0,86,0,0,0.239,4.0,28,0,2,0,0.0,0,9,28,0.071,0.071,0.071,0.143,152,80,-0.239,0.5,0.013,,-4.0,27,4,9.0,1,43,13,24,7,12,7,0,32,1,0,-0.261,-3.0
SDN/SDN201506020,"Tuesday, June 2, 2015",7:10 p.m. Local,Petco Park,22264,3:00,Night,Home,San Diego Padres,SDP,New York Mets,NYM,34,2,8,2,2.0,2,12,36,0.235,0.278,0.265,0.542,151,99,-0.084,0.47,0.255,,-2.0,24,5,8.0,1,56,17,26,10,12,9,0,24,1,0,-0.415,-3.5,36,7,14,7,7.88,2,13,39,0.389,0.421,0.611,1.032,141,94,0.413,0.51,0.634,,3.5,27,6,9.0,0,51,17,26,11,13,8,0,58,2,0,0.085,2.0
SDN/SDN201506030,"Wednesday, June 3, 2015",6:11 p.m. Local,Petco Park,24398,2:45,Night,Home,San Diego Padres,SDP,New York Mets,NYM,34,3,9,3,2.0,3,6,39,0.265,0.359,0.353,0.712,124,79,-0.239,0.56,0.244,,-1.0,24,8,8.0,0,43,9,27,14,14,8,0,24,1,0,-0.262,-3.5,34,7,10,6,4.5,1,5,38,0.294,0.324,0.294,0.618,131,87,0.264,0.54,0.449,,3.5,27,11,9.0,0,52,15,20,15,16,8,0,59,0,0,0.237,1.0
CIN/CIN201506050,"Friday, June 5, 2015",7:10 p.m. Local,Great American Ball Park,33381,2:51,Night,Away,San Diego Padres,SDP,Cincinnati Reds,CIN,34,6,9,6,6.0,3,5,38,0.265,0.316,0.559,0.875,147,92,0.314,0.95,0.548,,1.8,27,7,9.0,0,56,9,27,14,16,10,0,53,0,0,0.187,2.2,32,2,6,2,2.0,4,9,36,0.188,0.278,0.219,0.497,138,97,-0.187,0.56,0.421,,-2.2,27,13,9.0,3,51,23,23,9,14,8,0,43,1,0,-0.314,-1.8
CIN/CIN201506060,"Saturday, June 6, 2015",4:10 p.m. Local,Great American Ball Park,40946,3:12,Day,Away,San Diego Padres,SDP,Cincinnati Reds,CIN,36,9,10,9,9.0,8,10,44,0.278,0.409,0.5,0.909,149,97,0.594,0.88,1.276,,4.8,27,9,9.0,1,57,12,28,12,14,8,0,22,1,1,-0.096,-2.8,34,7,11,7,7.0,6,6,42,0.324,0.425,0.559,0.984,173,90,0.095,1.07,0.68,,2.8,27,11,9.0,2,60,10,23,11,19,9,0,50,3,3,-0.595,-4.8
CIN/CIN201506070,"Sunday, June 7, 2015",1:10 p.m. Local,Great American Ball Park,27501,2:22,Day,Home,Cincinnati Reds,CIN,San Diego Padres,SDP,31,0,4,0,0.0,2,11,33,0.129,0.182,0.194,0.375,110,83,-0.415,0.62,0.263,,-4.2,24,8,8.0,2,52,14,17,6,14,6,0,41,0,0,-0.084,-0.3,33,4,10,4,4.5,0,6,34,0.303,0.303,0.545,0.848,126,81,0.082,1.01,0.442,,0.3,27,4,9.0,0,46,8,27,14,14,8,0,76,0,0,0.417,4.2
ATL/ATL201506080,"Monday, June 8, 2015",7:11 p.m. Local,Turner Field,21458,3:47,Night,Away,San Diego Padres,SDP,Atlanta Braves,ATL,40,5,9,5,3.27,2,10,44,0.225,0.256,0.4,0.656,182,120,0.259,0.94,1.212,,0.1,33,16,11.0,0,80,17,23,15,17,6,0,45,3,0,0.239,1.9,41,3,11,3,2.45,2,9,44,0.268,0.302,0.317,0.619,175,118,-0.239,1.4,0.543,,-1.9,33,15,11.0,0,69,22,27,23,10,5,0,68,1,1,-0.261,-0.1
ATL/ATL201506090,"Tuesday, June 9, 2015",8:00 p.m. Local,Turner Field,24049,3:15,Night,Home,Atlanta Braves,ATL,San Diego Padres,SDP,40,5,14,5,5.0,3,5,44,0.35,0.395,0.525,0.92,136,106,-0.138,1.3,1.058,,1.0,24,11,8.0,1,76,13,17,13,23,16,0,41,1,0,-0.363,-2.4,36,6,11,6,5.62,2,7,38,0.306,0.342,0.444,0.787,163,87,0.363,1.46,1.078,,2.4,27,11,9.0,1,52,17,18,15,14,12,0,26,3,0,0.139,-1.0
ATL/ATL201506100,"Wednesday, June 10, 2015",7:11 p.m. Local,Turner Field,21465,2:39,Night,Home,Atlanta Braves,ATL,San Diego Padres,SDP,31,1,5,1,0.0,2,6,34,0.161,0.235,0.226,0.461,146,73,-0.35,0.63,0.287,,-3.0,24,15,8.0,0,45,7,21,11,14,5,0,49,3,0,-0.151,-0.4,33,4,13,3,3.38,3,5,36,0.394,0.444,0.394,0.838,116,86,0.151,0.93,0.476,,0.4,27,10,9.0,0,47,11,28,15,13,9,0,70,0,0,0.35,3.0
ATL/ATL201506110,"Thursday, June 11, 2015",1:06 p.m. Local,Turner Field,25759,3:42,Day,Away,San Diego Padres,SDP,Atlanta Braves,ATL,38,6,7,5,4.09,7,12,47,0.184,0.326,0.184,0.51,164,110,0.183,1.45,1.671,,1.1,33,20,11.0,1,64,21,24,12,14,7,0,47,1,0,0.317,0.9,37,4,7,4,1.64,6,5,45,0.189,0.295,0.324,0.62,179,98,-0.318,2.11,0.832,,-0.9,33,11,11.0,0,56,15,29,20,14,5,0,59,12,3,-0.182,-1.1
SDN/SDN201506120,"Friday, June 12, 2015",7:12 p.m. Local,Petco Park,39037,3:28,Night,Away,Los Angeles Dodgers,LAD,San Diego Padres,SDP,33,4,11,4,4.0,4,6,39,0.333,0.421,0.364,0.785,168,94,0.424,1.3,1.141,,0.0,27,6,9.0,2,57,8,29,17,11,6,0,70,1,0,0.077,1.0,35,3,7,3,1.0,3,16,38,0.2,0.263,0.4,0.663,155,107,-0.076,1.16,0.885,,-1.0,27,15,9.0,0,54,30,23,9,10,3,0,55,3,1,-0.424,-0.0
SDN/SDN201506130,"Saturday, June 13, 2015",7:11 p.m. Local,Petco Park,43525,2:30,Night,Home,San Diego Padres,SDP,Los Angeles Dodgers,LAD,29,1,5,1,1.0,1,6,31,0.172,0.226,0.276,0.502,100,79,-0.545,1.3,0.367,,-3.0,24,12,8.0,1,47,14,18,11,12,4,0,64,,,0.045,1.5,30,2,8,2,2.25,1,7,31,0.267,0.29,0.4,0.69,124,70,-0.045,1.2,0.729,,-1.5,27,10,9.0,1,31,17,22,14,9,4,0,68,0,0,0.544,3.0
SDN/SDN201506140,"Sunday, June 14, 2015",1:11 p.m. Local,Petco Park,40056,4:16,Day,Away,Los Angeles Dodgers,LAD,San Diego Padres,SDP,41,4,10,4,3.0,7,12,49,0.244,0.354,0.439,0.793,181,112,-0.082,1.52,1.539,,-1.3,36,11,12.0,0,63,24,25,14,16,8,0,48,5,0,0.579,3.3,45,2,11,2,1.5,4,15,50,0.244,0.306,0.244,0.551,182,112,-0.58,1.79,0.683,,-3.3,36,15,12.0,1,55,17,40,16,15,8,0,66,3,0,0.08,1.3
SDN/SDN201506150,"Monday, June 15, 2015",7:12 p.m. Local,Petco Park,30018,3:18,Night,Away,Oakland Athletics,OAK,San Diego Padres,SDP,40,9,13,9,9.0,7,10,47,0.325,0.426,0.425,0.851,141,110,0.247,0.8,0.666,,5.0,27,9,9.0,0,57,16,37,18,12,7,0,66,2,0,0.254,3.0,32,1,5,1,1.0,3,7,37,0.156,0.25,0.188,0.438,184,85,-0.251,0.72,0.306,,-3.0,27,8,9.0,1,53,11,21,13,13,7,0,38,0,0,-0.247,-5.0
SDN/SDN201506160,"Tuesday, June 16, 2015",12:41 p.m. Local,Petco Park,28482,2:57,Day,Away,Oakland Athletics,OAK,San Diego Padres,SDP,33,6,8,6,6.0,6,5,39,0.242,0.359,0.455,0.814,131,93,0.71,1.32,1.405,,2.0,27,15,9.0,2,52,6,35,12,16,8,0,52,2,1,-0.208,-1.0,34,5,9,3,4.0,1,12,35,0.265,0.286,0.441,0.727,151,90,0.208,1.19,1.142,,1.0,27,10,9.0,1,49,17,25,12,10,9,0,37,1,0,-0.708,-2.0
OAK/OAK201506170,"Wednesday, June 17, 2015",7:07 p.m. Local,O.co Coliseum,20625,2:49,Night,Home,Oakland Athletics,OAK,San Diego Padres,SDP,32,2,5,2,2.0,1,13,33,0.156,0.182,0.344,0.526,161,86,-0.181,0.29,0.073,,-2.2,24,11,8.0,1,40,19,27,9,10,7,0,33,4,1,-0.32,-12.2,40,16,20,16,18.0,3,4,46,0.5,0.522,0.725,1.247,129,104,0.321,0.35,0.515,,12.2,27,8,9.0,2,58,7,39,14,24,15,0,77,0,0,0.181,2.2
OAK/OAK201506180,"Thursday, June 18, 2015",12:37 p.m. Local,O.co Coliseum,16643,2:39,Day,Away,San Diego Padres,SDP,Oakland Athletics,OAK,33,3,7,3,3.0,2,8,36,0.212,0.25,0.485,0.735,130,89,-0.009,1.16,0.543,,-1.2,27,7,9.0,1,57,14,18,7,19,7,0,63,0,0,0.509,3.2,31,1,5,1,1.0,1,7,32,0.161,0.188,0.355,0.542,138,87,-0.51,0.77,0.338,,-3.2,27,6,9.0,2,48,8,31,10,14,9,0,64,1,0,0.008,1.2
ARI/ARI201506190,"Friday, June 19, 2015",6:40 p.m. Local,Chase Field,27394,3:08,Night,Home,Arizona Diamondbacks,ARI,San Diego Padres,SDP,34,2,6,2,1.0,5,7,40,0.176,0.275,0.206,0.481,139,97,-0.348,0.64,0.565,,-2.4,24,9,8.0,0,58,18,21,18,10,6,0,41,0,0,-0.152,-0.1,30,4,9,4,4.5,4,8,36,0.3,0.4,0.433,0.833,141,91,0.153,1.22,0.579,,0.1,27,16,9.0,0,46,24,20,11,11,9,0,64,2,1,0.348,2.4
ARI/ARI201506200,"Saturday, June 20, 2015",7:10 p.m. Local,Chase Field,33649,2:40,Night,Away,San Diego Padres,SDP,Arizona Diamondbacks,ARI,36,8,10,7,7.0,4,10,40,0.278,0.35,0.667,1.017,111,99,0.13,0.71,0.486,,3.6,27,11,9.0,0,57,19,23,12,14,5,0,83,,,0.369,3.4,29,1,4,1,1.0,1,9,32,0.138,0.194,0.241,0.435,163,75,-0.368,0.53,0.124,,-3.4,27,10,9.0,2,31,23,21,12,9,5,0,48,3,1,-0.132,-3.6
ARI/ARI201506210,"Sunday, June 21, 2015",1:11 p.m. Local,Chase Field,35590,2:30,Day,Home,Arizona Diamondbacks,ARI,San Diego Padres,SDP,34,2,8,2,2.0,0,8,35,0.235,0.229,0.353,0.582,113,81,-0.153,0.46,0.112,,-2.4,24,7,8.0,0,40,18,23,7,20,14,0,37,0,0,-0.347,-3.1,30,7,4,5,3.38,2,6,33,0.133,0.212,0.167,0.379,118,70,0.349,0.34,0.45,,3.1,27,5,9.0,0,39,10,21,13,11,5,0,59,0,0,0.153,2.4
SFN/SFN201506230,"Tuesday, June 23, 2015",7:17 p.m. Local,AT&T Park,42067,4:03,Night,Away,San Diego Padres,SDP,San Francisco Giants,SFG,39,3,8,3,2.45,2,18,41,0.205,0.244,0.282,0.526,198,116,-0.067,1.42,1.094,,-2.1,33,15,11.0,0,57,32,30,8,13,10,0,49,2,0,0.569,3.1,38,2,7,2,1.64,6,10,44,0.184,0.295,0.237,0.532,174,118,-0.569,1.55,0.697,,-3.1,33,11,11.0,0,60,19,40,15,13,7,0,73,2,0,0.068,2.1
SFN/SFN201506240,"Wednesday, June 24, 2015",7:15 p.m. Local,AT&T Park,41744,2:36,Night,Home,San Francisco Giants,SFG,San Diego Padres,SDP,32,0,5,0,0.0,2,7,34,0.156,0.206,0.219,0.425,131,80,-0.208,0.54,0.131,,-4.1,24,8,8.0,1,45,9,26,16,9,5,0,50,0,0,-0.292,-2.3,27,6,6,6,1.12,4,9,34,0.222,0.313,0.444,0.757,122,81,0.291,0.43,0.453,,2.3,27,15,9.0,0,43,13,25,11,10,4,0,64,0,0,0.209,4.1
SFN/SFN201506250,"Thursday, June 25, 2015",12:45 p.m. Local,AT&T Park,41533,3:11,Day,Home,San Francisco Giants,SFG,San Diego Padres,SDP,37,8,12,8,8.0,2,8,40,0.324,0.375,0.514,0.889,150,91,-0.102,0.45,0.412,,3.9,24,6,8.0,0,45,16,30,12,17,7,0,21,3,3,-0.399,-9.3,41,13,19,13,14.62,2,13,44,0.463,0.477,0.756,1.233,147,103,0.398,0.69,0.637,,9.3,27,8,9.0,1,61,22,20,12,17,13,0,64,3,2,0.101,-3.9
SDN/SDN201506260,"Friday, June 26, 2015",7:11 p.m. Local,Petco Park,30317,2:42,Night,Home,San Diego Padres,SDP,Arizona Diamondbacks,ARI,26,2,2,2,2.0,6,8,32,0.077,0.25,0.077,0.327,137,74,-0.355,0.9,0.445,,-2.0,24,9,8.0,0,28,12,34,11,7,2,0,57,0,0,-0.144,-0.5,29,4,8,3,3.38,0,7,32,0.276,0.267,0.379,0.646,130,85,0.144,1.25,0.544,,0.5,27,12,9.0,0,52,14,19,10,15,6,0,62,0,0,0.356,2.0
SDN/SDN201506270,"Saturday, June 27, 2015",7:11 p.m. Local,Petco Park,40717,2:57,Night,Home,San Diego Padres,SDP,Arizona Diamondbacks,ARI,33,2,8,2,2.0,0,8,33,0.242,0.242,0.333,0.576,129,100,-0.119,0.77,0.527,,-2.0,24,7,8.0,1,59,15,26,13,12,5,0,27,2,2,-0.38,-3.5,38,7,15,7,7.88,1,8,39,0.395,0.41,0.605,1.016,141,91,0.38,0.99,0.804,,3.5,27,10,9.0,0,56,15,20,10,20,14,0,59,0,0,0.12,2.0
SDN/SDN201506280,"Sunday, June 28, 2015",1:13 p.m. Local,Petco Park,32223,2:31,Day,Away,Arizona Diamondbacks,ARI,San Diego Padres,SDP,34,6,6,6,5.0,0,8,35,0.176,0.2,0.441,0.641,119,86,0.358,1.01,0.693,,2.0,27,14,9.0,3,44,14,28,5,21,10,0,51,0,0,0.141,-0.0,31,4,5,4,4.0,2,3,34,0.161,0.212,0.484,0.696,132,77,-0.143,0.61,0.555,,0.0,27,5,9.0,3,52,9,16,15,14,6,0,51,2,1,-0.358,-2.0
SDN/SDN201506300,"Tuesday, June 30, 2015",7:11 p.m. Local,Petco Park,30368,2:23,Night,Away,Seattle Mariners,SEA,San Diego Padres,SDP,34,5,7,4,1.0,1,8,35,0.206,0.229,0.441,0.67,113,95,0.195,0.66,0.465,,1.0,27,10,9.0,0,55,13,27,9,17,3,0,88,,,0.305,4.0,27,0,1,0,0.0,4,7,32,0.037,0.188,0.074,0.262,139,62,-0.305,0.49,0.144,,-4.0,27,5,9.0,2,35,11,16,10,10,3,0,53,0,0,-0.194,-1.0
SDN/SDN201507010,"Wednesday, July 1, 2015",12:42 p.m. Local,Petco Park,30251,3:01,Day,Away,Seattle Mariners,SEA,San Diego Padres,SDP,33,7,9,7,6.0,5,10,41,0.273,0.35,0.515,0.865,127,104,0.03,0.91,0.659,,3.0,27,8,9.0,0,62,22,20,12,14,10,0,77,0,0,0.468,4.0,29,0,3,0,0.0,1,10,31,0.103,0.161,0.138,0.299,168,87,-0.468,1.02,0.168,,-4.0,27,8,9.0,2,47,18,22,9,10,2,0,61,4,2,-0.032,-3.0
SLN/SLN201507020,"Thursday, July 2, 2015",6:15 p.m. Local,Busch Stadium III,42926,3:55,Night,Away,San Diego Padres,SDP,St. Louis Cardinals,STL,39,5,8,5,3.27,6,9,46,0.205,0.311,0.487,0.798,198,108,0.019,1.8,1.475,,-0.2,33,13,11.0,0,57,23,28,11,20,7,0,53,0,0,0.483,2.2,42,3,9,3,2.45,6,12,49,0.214,0.327,0.262,0.588,175,126,-0.483,1.7,1.016,,-2.2,33,13,11.0,3,60,26,40,15,15,12,0,58,2,0,-0.018,0.2
SLN/SLN201507030,"Friday, July 3, 2015",7:15 p.m. Local,Busch Stadium III,47330,2:35,Night,Away,San Diego Padres,SDP,St. Louis Cardinals,STL,34,2,8,2,2.0,1,10,35,0.235,0.257,0.382,0.639,123,89,-0.025,1.54,0.774,,-2.2,27,11,9.0,0,55,13,21,14,10,4,0,62,1,0,0.524,3.2,27,1,4,0,1.0,3,4,31,0.148,0.258,0.148,0.406,128,79,-0.525,1.22,0.537,,-3.2,27,9,9.0,1,53,11,15,11,12,3,0,68,0,0,0.024,2.2
SLN/SLN201507040,"Saturday, July 4, 2015",1:15 p.m. Local,Busch Stadium III,44690,2:37,Day,Home,St. Louis Cardinals,STL,San Diego Padres,SDP,32,1,9,1,1.0,2,6,36,0.281,0.324,0.375,0.699,129,88,-0.513,1.44,0.48,,-3.2,24,7,8.0,0,49,11,28,18,10,6,0,57,1,0,0.012,1.7,28,2,4,2,1.12,2,7,31,0.143,0.194,0.179,0.372,130,87,-0.012,1.41,0.624,,-1.7,27,15,9.0,1,53,9,25,10,12,6,0,57,2,0,0.512,3.2
SLN/SLN201507050,"Sunday, July 5, 2015",1:15 p.m. Local,Busch Stadium III,42764,2:26,Day,Home,St. Louis Cardinals,STL,San Diego Padres,SDP,30,1,3,1,0.0,3,9,33,0.1,0.182,0.1,0.282,135,87,-0.422,0.73,0.232,,-3.2,24,8,8.0,1,52,10,25,6,15,2,0,50,0,0,-0.08,0.7,29,3,7,3,3.38,0,5,30,0.241,0.267,0.448,0.715,134,85,0.08,0.93,0.483,,-0.7,27,4,9.0,0,44,13,28,8,16,8,0,74,0,0,0.42,3.2
PIT/PIT201507060,"Monday, July 6, 2015",7:33 p.m. Local,PNC Park,23182,2:53,Night,Home,Pittsburgh Pirates,PIT,San Diego Padres,SDP,29,1,7,1,1.0,3,5,33,0.241,0.303,0.241,0.544,143,84,-0.454,1.73,0.466,,-3.1,26,12,8.2,0,52,10,22,13,12,5,0,73,0,0,-0.046,1.7,30,2,5,1,1.04,2,4,33,0.167,0.242,0.2,0.442,129,81,0.045,1.33,0.947,,-1.7,27,14,9.0,0,49,14,19,16,10,4,0,66,2,0,0.454,3.1
PIT/PIT201507070,"Tuesday, July 7, 2015",7:07 p.m. Local,PNC Park,21887,2:55,Night,Home,Pittsburgh Pirates,PIT,San Diego Padres,SDP,34,2,8,2,2.0,1,9,36,0.235,0.257,0.265,0.522,150,90,-0.415,1.52,0.588,,-2.1,24,8,8.0,0,51,24,15,10,16,12,0,53,2,0,-0.086,0.7,32,3,9,3,3.38,2,8,38,0.281,0.378,0.438,0.816,137,88,0.086,1.52,1.014,,-0.7,27,9,9.0,0,50,15,23,10,15,11,0,61,0,0,0.414,2.1
PIT/PIT201507080,"Wednesday, July 8, 2015",7:06 p.m. Local,PNC Park,25035,2:48,Night,Home,Pittsburgh Pirates,PIT,San Diego Padres,SDP,32,2,5,2,2.0,5,9,37,0.156,0.27,0.313,0.583,119,97,-0.249,1.24,0.456,,-2.1,24,9,8.0,0,52,15,30,14,9,3,0,60,3,1,-0.25,-1.3,28,5,5,5,5.62,3,5,32,0.179,0.25,0.25,0.5,155,76,0.251,0.96,0.774,,1.3,27,12,9.0,1,46,7,23,11,13,4,0,55,0,0,0.25,2.1
TEX/TEX201507100,"Friday, July 10, 2015",7:07 p.m. Local,Globe Life Park in Arlington,33033,3:05,Night,Home,Texas Rangers,TEX,San Diego Padres,SDP,32,3,8,2,3.0,5,10,39,0.25,0.342,0.375,0.717,145,107,-0.394,0.51,0.729,,-1.6,24,6,8.0,2,63,15,29,7,17,5,0,40,2,0,-0.107,0.1,29,4,6,4,3.38,3,4,33,0.207,0.273,0.517,0.79,165,87,0.107,1.62,0.375,,-0.1,27,4,9.0,1,55,8,24,8,18,7,0,61,2,0,0.394,1.6
TEX/TEX201507110,"Saturday, July 11, 2015",8:08 p.m. Local,Globe Life Park in Arlington,36248,3:11,Night,Away,San Diego Padres,SDP,Texas Rangers,TEX,37,6,10,6,6.0,2,6,40,0.27,0.325,0.459,0.784,163,88,0.513,1.15,1.525,,1.4,27,7,9.0,2,48,15,25,13,18,7,0,43,0,0,-0.013,-0.4,32,5,7,4,5.0,5,9,38,0.219,0.324,0.5,0.824,135,100,0.013,1.37,0.785,,0.4,27,10,9.0,2,55,20,25,9,15,6,0,58,2,0,-0.513,-1.4
TEX/TEX201507120,"Sunday, July 12, 2015",2:08 p.m. Local,Globe Life Park in Arlington,32428,3:13,Day,Away,San Diego Padres,SDP,Texas Rangers,TEX,35,2,8,2,2.0,4,5,39,0.229,0.308,0.286,0.593,154,83,-0.159,1.64,0.561,,-2.6,27,15,9.0,0,50,16,19,15,15,6,0,72,3,0,0.66,3.6,32,1,7,1,1.0,3,8,35,0.219,0.286,0.281,0.567,145,101,-0.659,1.03,0.554,,-3.6,27,8,9.0,0,56,16,29,19,5,4,0,52,2,0,0.159,2.6
SDN/SDN201507170,"Friday, July 17, 2015",7:11 p.m. Local,Petco Park,31025,3:13,Night,Home,San Diego Padres,SDP,Colorado Rockies,COL,32,2,9,1,1.0,5,11,37,0.281,0.378,0.438,0.816,152,91,-0.34,0.48,0.772,,-2.0,24,8,8.0,3,47,23,23,11,10,8,0,49,0,0,-0.159,-0.5,28,4,6,4,3.38,3,11,32,0.214,0.29,0.571,0.862,158,101,0.161,1.35,0.472,,0.5,27,15,9.0,1,62,23,15,6,11,3,0,51,0,0,0.34,2.0
SDN/SDN201507180,"Saturday, July 18, 2015",5:42 p.m. Local,Petco Park,32245,2:39,Night,Home,San Diego Padres,SDP,Colorado Rockies,COL,33,4,8,4,4.0,2,11,35,0.242,0.286,0.424,0.71,110,96,-0.093,0.84,0.677,,0.0,24,10,8.0,2,52,18,26,12,10,5,0,56,1,1,-0.408,-1.5,28,5,5,5,5.62,4,7,32,0.179,0.281,0.429,0.71,153,65,0.407,1.28,0.834,,1.5,27,11,9.0,1,41,12,12,9,12,3,0,54,1,1,0.092,-0.0
SDN/SDN201507200,"Monday, July 20, 2015",7:11 p.m. Local,Petco Park,35033,3:13,Night,Home,San Diego Padres,SDP,San Francisco Giants,SFG,34,2,7,2,2.0,1,8,36,0.206,0.25,0.294,0.544,164,92,-0.255,1.11,0.501,,-2.0,24,14,8.0,1,51,15,26,13,13,7,0,39,3,1,-0.245,-0.5,31,4,10,4,4.5,4,6,37,0.323,0.405,0.548,0.954,137,95,0.247,1.1,0.852,,0.5,27,9,9.0,1,57,15,23,14,12,9,0,57,0,0,0.255,2.0
SDN/SDN201507210,"Tuesday, July 21, 2015",7:11 p.m. Local,Petco Park,35596,2:50,Night,Away,San Francisco Giants,SFG,San Diego Padres,SDP,34,9,9,8,9.0,3,6,37,0.265,0.324,0.559,0.883,150,92,0.303,0.27,0.525,,5.0,27,13,9.0,0,58,14,20,18,10,6,0,80,2,0,0.196,1.0,29,3,4,3,0.0,2,7,33,0.138,0.212,0.172,0.385,143,92,-0.196,0.4,0.012,,-1.0,27,14,9.0,3,51,16,25,12,11,4,0,28,1,1,-0.304,-5.0
SDN/SDN201507220,"Wednesday, July 22, 2015",12:41 p.m. Local,Petco Park,38435,3:20,Day,Away,San Francisco Giants,SFG,San Diego Padres,SDP,37,7,11,7,7.0,6,10,43,0.297,0.395,0.541,0.936,152,99,0.278,0.7,0.937,,3.0,27,2,9.0,1,52,20,27,15,12,4,0,63,3,0,0.223,3.0,32,1,6,1,1.0,3,8,35,0.188,0.257,0.313,0.57,181,94,-0.223,1.03,0.306,,-3.0,27,10,9.0,2,53,15,26,5,19,4,0,65,1,0,-0.277,-3.0
SDN/SDN201507230,"Thursday, July 23, 2015",7:11 p.m. Local,Petco Park,29345,2:46,Night,Away,Miami Marlins,MIA,San Diego Padres,SDP,35,4,10,2,3.0,1,9,37,0.286,0.306,0.286,0.591,135,91,0.137,1.02,0.616,,0.0,27,9,9.0,0,42,18,31,21,6,5,0,74,0,0,0.361,4.0,27,0,3,0,0.0,4,9,33,0.111,0.25,0.111,0.361,142,87,-0.362,0.76,0.303,,-4.0,27,15,9.0,0,48,13,28,9,10,4,0,47,2,1,-0.137,-0.0
SDN/SDN201507240,"Friday, July 24, 2015",7:12 p.m. Local,Petco Park,25897,2:36,Night,Home,San Diego Padres,SDP,Miami Marlins,MIA,32,1,5,1,1.0,3,6,37,0.156,0.27,0.281,0.552,117,85,-0.384,0.78,0.536,,-3.0,24,8,8.0,3,50,7,28,15,11,7,0,47,0,0,-0.116,0.5,31,3,8,3,3.38,0,6,32,0.258,0.281,0.613,0.894,145,75,0.113,1.22,0.612,,-0.5,27,14,9.0,0,41,12,22,10,15,8,0,67,0,0,0.385,3.0
SDN/SDN201507250,"Saturday, July 25, 2015",5:41 p.m. Local,Petco Park,37300,2:51,Night,Home,San Diego Padres,SDP,Miami Marlins,MIA,34,1,8,1,1.0,1,10,35,0.235,0.257,0.441,0.698,130,87,-0.409,0.71,0.562,,-3.0,24,9,8.0,0,46,11,30,14,10,7,0,56,3,1,-0.089,0.5,30,3,8,3,2.25,2,9,34,0.267,0.303,0.3,0.603,137,83,0.091,1.22,0.388,,-0.5,27,10,9.0,1,45,13,25,11,12,7,0,60,1,0,0.41,3.0
SDN/SDN201507260,"Sunday, July 26, 2015",1:12 p.m. Local,Petco Park,33292,2:32,Day,Home,San Diego Padres,SDP,Miami Marlins,MIA,28,2,4,2,2.0,2,5,34,0.143,0.219,0.25,0.469,116,82,-0.447,0.72,0.335,,-2.0,24,6,8.0,1,51,7,24,14,12,6,0,53,0,0,-0.054,0.5,29,3,7,3,3.38,1,8,32,0.241,0.258,0.448,0.706,137,77,0.053,1.26,0.397,,-0.5,27,12,9.0,1,45,17,15,7,16,7,0,65,0,0,0.446,2.0
NYN/NYN201507280,"Tuesday, July 28, 2015",7:10 p.m. Local,Citi Field,26034,2:20,Night,Home,New York Mets,NYM,San Diego Padres,SDP,30,0,4,0,0.0,0,9,30,0.133,0.133,0.167,0.3,115,76,-0.458,0.48,0.287,,-4.0,24,8,8.0,2,37,15,24,11,10,4,0,55,1,1,-0.043,-0.4,31,4,8,4,4.5,0,4,31,0.258,0.258,0.516,0.774,119,74,0.043,1.05,0.365,,0.4,27,10,9.0,0,43,13,18,14,13,7,0,85,0,0,0.457,4.0
NYN/NYN201507290,"Wednesday, July 29, 2015",7:10 p.m. Local,Citi Field,24804,3:12,Night,Away,San Diego Padres,SDP,New York Mets,NYM,38,7,15,7,7.0,3,11,44,0.395,0.429,0.632,1.06,153,103,0.376,0.49,0.565,,3.0,27,8,9.0,3,55,22,26,12,18,10,0,60,0,0,0.124,1.0,29,3,5,3,3.0,4,11,34,0.172,0.294,0.483,0.777,165,88,-0.125,0.39,0.214,,-1.0,27,9,9.0,2,49,9,32,9,9,6,0,14,2,0,-0.376,-3.0
NYN/NYN201507300,"Thursday, July 30, 2015",12:10 p.m. Local,Citi Field,35604,2:46,Day,Away,San Diego Padres,SDP,New York Mets,NYM,39,8,13,8,8.0,2,6,41,0.333,0.366,0.538,0.904,144,98,0.502,0.73,1.307,,4.0,27,9,9.0,2,55,14,29,12,21,10,0,33,2,2,-0.003,-3.0,33,7,7,7,5.0,3,7,39,0.212,0.263,0.455,0.718,146,93,0.003,1.06,0.46,,3.0,27,8,9.0,2,49,11,33,11,18,6,0,61,3,3,-0.503,-4.0
MIA/MIA201507310,"Friday, July 31, 2015",7:11 p.m. Local,Marlins Park,19582,3:41,Night,Away,San Diego Padres,SDP,Miami Marlins,MIA,40,8,12,8,6.55,5,8,47,0.3,0.383,0.325,0.708,148,127,0.329,1.31,1.151,,3.1,33,13,11.0,2,87,13,27,17,16,10,0,64,0,0,0.171,1.9,38,3,5,3,2.45,2,8,40,0.132,0.175,0.289,0.464,205,96,-0.172,1.35,0.88,,-1.9,33,12,11.0,0,55,12,29,17,13,7,0,42,3,3,-0.328,-3.1
MIA/MIA201508010,"Saturday, August 1, 2015",7:11 p.m. Local,Marlins Park,21614,2:31,Night,Away,San Diego Padres,SDP,Miami Marlins,MIA,33,5,9,4,4.0,0,3,37,0.273,0.278,0.394,0.672,119,91,0.215,0.92,0.457,,1.0,27,11,9.0,0,55,9,27,13,20,9,0,54,4,1,0.284,1.0,33,3,5,3,3.0,1,7,34,0.152,0.176,0.152,0.328,125,76,-0.283,0.51,0.286,,-1.0,27,10,9.0,0,43,13,20,16,10,6,0,35,0,0,-0.216,-1.0
MIA/MIA201508020,"Sunday, August 2, 2015",1:12 p.m. Local,Marlins Park,25228,3:05,Day,Home,Miami Marlins,MIA,San Diego Padres,SDP,34,2,7,2,2.0,3,15,37,0.206,0.27,0.353,0.623,137,109,-0.134,0.95,0.837,,-2.0,25,11,8.1,1,60,22,27,8,11,5,0,56,1,0,-0.367,-1.2,29,5,7,5,5.4,4,6,35,0.241,0.324,0.414,0.737,167,84,0.366,1.35,0.743,,1.2,27,4,9.0,1,49,7,28,14,11,5,0,72,2,0,0.133,2.0
MIL/MIL201508030,"Monday, August 3, 2015",7:10 p.m. Local,Miller Park,20888,3:06,Night,Away,San Diego Padres,SDP,Milwaukee Brewers,MIL,39,13,13,13,13.0,6,8,46,0.333,0.413,0.667,1.08,163,96,0.517,0.57,0.744,,8.8,27,13,9.0,1,58,15,23,9,23,12,0,51,0,0,-0.018,-0.8,35,5,9,4,4.0,4,8,39,0.257,0.333,0.4,0.733,158,105,0.017,0.49,0.386,,0.8,27,8,9.0,3,64,12,29,16,11,10,0,19,1,0,-0.518,-8.8
MIL/MIL201508040,"Tuesday, August 4, 2015",7:10 p.m. Local,Miller Park,23616,3:09,Night,Home,Milwaukee Brewers,MIL,San Diego Padres,SDP,33,1,6,1,0.0,1,7,35,0.182,0.2,0.212,0.412,139,94,-0.38,1.05,0.397,,-3.2,24,8,8.0,0,61,9,24,13,14,7,0,49,3,2,-0.119,-0.3,32,4,11,4,4.5,5,7,38,0.344,0.421,0.469,0.89,148,83,0.118,1.1,0.704,,0.3,27,9,9.0,0,50,14,19,14,12,5,0,69,3,0,0.382,3.2
MIL/MIL201508050,"Wednesday, August 5, 2015",7:10 p.m. Local,Miller Park,22975,2:57,Night,Home,Milwaukee Brewers,MIL,San Diego Padres,SDP,36,5,11,5,5.0,0,12,37,0.306,0.297,0.472,0.77,150,104,-0.212,0.42,0.383,,0.8,24,6,8.0,1,52,19,33,12,13,10,0,54,0,0,-0.286,-4.3,35,8,11,8,7.88,1,7,36,0.314,0.333,0.514,0.848,148,101,0.285,0.8,0.507,,4.3,27,9,9.0,1,60,13,28,10,18,10,0,65,2,0,0.215,-0.8
MIL/MIL201508060,"Thursday, August 6, 2015",1:11 p.m. Local,Miller Park,28789,2:52,Day,Home,Milwaukee Brewers,MIL,San Diego Padres,SDP,28,1,2,1,1.0,3,5,31,0.071,0.161,0.179,0.34,160,83,-0.21,0.43,0.147,,-3.2,24,11,8.0,2,50,11,22,15,8,2,0,19,0,0,-0.293,-6.3,35,10,14,10,11.25,4,5,42,0.4,0.462,0.6,1.062,129,100,0.293,0.5,0.497,,6.3,27,12,9.0,1,59,15,26,19,14,8,0,72,0,0,0.207,3.2
SDN/SDN201508070,"Friday, August 7, 2015",7:11 p.m. Local,Petco Park,31334,4:13,Night,Away,Philadelphia Phillies,PHI,San Diego Padres,SDP,44,4,8,4,3.0,3,15,47,0.182,0.234,0.455,0.689,189,119,-0.149,1.54,0.962,,-1.3,36,13,12.0,0,68,19,32,11,18,7,0,52,1,0,0.649,2.3,46,3,11,3,2.25,3,12,51,0.239,0.314,0.304,0.618,192,119,-0.651,1.21,0.869,,-2.3,36,10,12.0,4,66,20,33,14,20,12,0,57,1,0,0.149,1.3
SDN/SDN201508080,"Saturday, August 8, 2015",6:00 p.m. Local,Petco Park,44567,2:55,Night,Away,Philadelphia Phillies,PHI,San Diego Padres,SDP,32,4,7,3,4.0,2,10,34,0.219,0.265,0.344,0.608,133,87,0.137,1.5,0.532,,0.0,27,11,9.0,0,44,21,22,16,6,3,0,57,0,0,0.364,2.0,34,2,9,2,1.0,1,6,35,0.265,0.286,0.294,0.58,140,83,-0.366,0.65,0.649,,-2.0,27,11,9.0,0,56,12,15,14,14,7,0,62,0,0,-0.135,-0.0
SDN/SDN201508090,"Sunday, August 9, 2015",1:11 p.m. Local,Petco Park,24156,2:56,Day,Away,Philadelphia Phillies,PHI,San Diego Padres,SDP,37,5,11,5,5.0,1,8,40,0.297,0.333,0.432,0.766,149,96,0.152,1.1,0.719,,1.0,27,9,9.0,1,62,13,21,12,18,9,0,66,0,0,0.348,1.0,37,3,9,3,3.0,0,7,37,0.243,0.243,0.351,0.595,142,101,-0.349,0.84,0.439,,-1.0,27,7,9.0,1,62,14,25,16,14,8,0,49,4,1,-0.151,-1.0
SDN/SDN201508100,"Monday, August 10, 2015",7:11 p.m. Local,Petco Park,23223,2:56,Night,Home,San Diego Padres,SDP,Cincinnati Reds,CIN,30,1,4,1,1.0,7,9,38,0.133,0.297,0.233,0.531,135,99,-0.559,0.99,0.403,,-3.0,24,9,8.0,1,67,17,15,12,10,2,0,56,3,0,0.06,1.5,29,2,7,2,2.25,4,6,34,0.241,0.333,0.379,0.713,158,86,-0.06,1.38,0.523,,-1.5,27,8,9.0,1,45,7,34,14,10,5,0,57,0,0,0.559,3.0
SDN/SDN201508110,"Tuesday, August 11, 2015",7:10 p.m. Local,Petco Park,26588,2:44,Night,Home,San Diego Padres,SDP,Cincinnati Reds,CIN,35,6,11,6,6.0,2,7,38,0.314,0.342,0.571,0.914,153,88,-0.095,0.35,0.112,,2.0,24,10,8.0,1,56,7,25,11,18,10,0,11,1,1,-0.405,-7.5,36,11,11,8,9.0,5,5,41,0.306,0.39,0.472,0.862,139,95,0.404,0.23,0.505,,7.5,27,10,9.0,2,51,9,35,13,18,11,0,44,1,0,0.095,-2.0
SDN/SDN201508120,"Wednesday, August 12, 2015",12:40 p.m. Local,Petco Park,21397,2:58,Day,Away,Cincinnati Reds,CIN,San Diego Padres,SDP,34,7,9,6,7.0,4,11,41,0.265,0.35,0.441,0.791,143,96,0.269,1.08,0.814,,3.0,27,10,9.0,1,48,24,24,8,17,8,0,61,0,0,0.23,1.0,29,3,5,3,3.0,2,11,32,0.172,0.25,0.31,0.56,154,90,-0.231,1.03,0.508,,-1.0,27,8,9.0,1,44,14,32,10,8,2,0,44,5,1,-0.269,-3.0
COL/COL201508140,"Friday, August 14, 2015",6:42 p.m. Local,Coors Field,33697,3:10,Night,Away,San Diego Padres,SDP,Colorado Rockies,COL,36,9,12,9,9.0,3,7,40,0.333,0.385,0.694,1.079,158,98,0.507,1.2,1.119,,4.1,27,10,9.0,1,61,12,25,14,16,10,0,45,2,2,-0.007,-0.1,37,5,11,4,2.0,3,8,41,0.297,0.341,0.541,0.882,139,104,0.006,0.89,0.911,,0.1,27,12,9.0,3,57,21,26,11,19,12,0,43,1,1,-0.507,-4.1
COL/COL201508150,"Saturday, August 15, 2015",6:13 p.m. Local,Coors Field,37554,3:13,Night,Away,San Diego Padres,SDP,Colorado Rockies,COL,35,7,11,6,6.0,3,8,40,0.314,0.35,0.429,0.779,138,101,0.682,1.12,1.511,,2.1,27,13,9.0,0,63,16,22,13,16,6,0,37,3,1,-0.18,-0.1,32,5,10,5,4.0,2,5,36,0.312,0.343,0.344,0.687,150,94,0.181,1.38,0.833,,0.1,27,8,9.0,0,55,15,25,18,11,4,0,60,0,0,-0.68,-2.1
COL/COL201508160,"Sunday, August 16, 2015",2:11 p.m. Local,Coors Field,28927,2:31,Day,Home,Colorado Rockies,COL,San Diego Padres,SDP,31,0,5,0,0.0,1,4,32,0.161,0.188,0.161,0.349,113,71,-0.511,0.68,0.208,,-4.9,24,8,8.0,1,45,6,20,14,13,5,0,63,1,0,0.009,-0.6,30,5,7,5,2.25,1,10,31,0.233,0.258,0.4,0.658,106,73,-0.008,1.06,0.391,,0.6,27,13,9.0,0,48,11,14,7,13,5,0,80,,,0.509,4.9
SDN/SDN201508170,"Monday, August 17, 2015",7:10 p.m. Local,Petco Park,23716,2:58,Night,Home,San Diego Padres,SDP,Atlanta Braves,ATL,32,3,7,3,3.0,2,9,35,0.219,0.265,0.313,0.577,132,91,-0.294,0.68,0.457,,-1.0,24,10,8.0,2,46,14,31,15,9,5,0,41,0,0,-0.206,-1.5,28,5,9,5,5.62,4,4,33,0.321,0.406,0.571,0.978,149,79,0.206,1.1,0.563,,1.5,27,12,9.0,1,48,10,21,12,13,6,0,54,1,0,0.294,1.0
SDN/SDN201508180,"Tuesday, August 18, 2015",7:11 p.m. Local,Petco Park,28395,3:14,Night,Home,San Diego Padres,SDP,Atlanta Braves,ATL,33,0,8,0,0.0,3,8,36,0.242,0.306,0.303,0.609,158,95,-0.324,0.53,0.375,,-4.0,24,11,8.0,3,50,19,26,16,9,5,0,47,4,1,-0.173,-5.5,33,9,13,9,10.12,6,2,40,0.394,0.475,0.818,1.293,151,93,0.174,0.85,0.505,,5.5,27,14,9.0,0,66,7,20,12,20,12,0,67,0,0,0.326,4.0
SDN/SDN201508190,"Wednesday, August 19, 2015",12:43 p.m. Local,Petco Park,20732,2:43,Day,Home,San Diego Padres,SDP,Atlanta Braves,ATL,32,2,8,2,2.0,4,10,36,0.25,0.333,0.281,0.615,135,82,-0.388,1.3,0.625,,-2.0,24,5,8.0,1,35,23,24,13,9,6,0,66,2,0,-0.114,0.5,31,3,8,3,3.38,2,9,34,0.258,0.324,0.452,0.775,137,90,0.114,1.34,0.8,,-0.5,27,12,9.0,0,47,15,28,7,15,7,0,58,0,0,0.386,2.0
SDN/SDN201508210,"Friday, August 21, 2015",7:10 p.m. Local,Petco Park,32734,3:07,Night,Home,San Diego Padres,SDP,St. Louis Cardinals,STL,34,3,8,3,2.0,3,11,39,0.235,0.308,0.324,0.631,140,113,-0.158,0.63,0.539,,-1.0,24,6,8.0,3,61,17,35,15,9,4,0,42,0,0,-0.341,-5.5,37,9,13,8,9.0,3,9,40,0.351,0.4,0.649,1.049,176,98,0.34,0.99,0.718,,5.5,27,11,9.0,0,54,17,27,11,17,8,0,68,3,1,0.158,1.0
SDN/SDN201508220,"Saturday, August 22, 2015",5:41 p.m. Local,Petco Park,44816,3:11,Night,Home,San Diego Padres,SDP,St. Louis Cardinals,STL,35,0,8,0,0.0,2,16,37,0.229,0.27,0.314,0.585,142,97,-0.438,0.89,0.571,,-4.0,24,10,8.0,0,44,21,32,9,10,6,0,52,7,4,-0.062,-4.5,35,8,12,8,5.62,2,8,40,0.343,0.395,0.514,0.909,151,93,0.061,1.3,0.57,,4.5,27,6,9.0,0,49,16,28,18,11,8,0,67,6,0,0.438,4.0
SDN/SDN201508230,"Sunday, August 23, 2015",1:11 p.m. Local,Petco Park,33756,3:29,Day,Away,St. Louis Cardinals,STL,San Diego Padres,SDP,36,10,11,9,9.0,4,8,43,0.306,0.372,0.667,1.039,170,125,0.346,0.53,0.585,,6.0,27,8,9.0,0,81,13,31,18,12,9,0,59,2,0,0.155,1.0,38,3,11,3,3.0,2,6,41,0.289,0.341,0.368,0.71,199,107,-0.154,0.44,0.266,,-1.0,27,12,9.0,2,72,15,20,11,21,13,0,36,0,0,-0.345,-6.0
WAS/WAS201508250,"Tuesday, August 25, 2015",7:06 p.m. Local,Nationals Park,34199,3:08,Night,Home,Washington Nationals,WSN,San Diego Padres,SDP,32,3,7,3,3.0,1,8,33,0.219,0.242,0.406,0.649,169,96,-0.139,0.73,0.256,,-1.3,24,9,8.0,2,55,13,28,11,13,5,0,31,3,2,-0.362,-4.2,35,8,10,8,9.0,7,4,42,0.286,0.405,0.543,0.948,145,101,0.361,0.57,0.818,,4.2,27,11,9.0,2,58,11,32,13,18,12,0,66,2,0,0.139,1.3
WAS/WAS201508260,"Wednesday, August 26, 2015",7:05 p.m. Local,Nationals Park,29332,3:07,Night,Away,San Diego Padres,SDP,Washington Nationals,WSN,34,6,10,6,5.0,2,11,38,0.294,0.324,0.5,0.824,152,97,0.205,1.4,0.641,,1.7,27,13,9.0,0,56,17,24,10,15,7,0,52,5,3,0.295,-0.7,32,5,7,5,5.0,4,11,38,0.219,0.316,0.281,0.597,145,92,-0.296,0.74,0.73,,0.7,27,7,9.0,2,44,24,24,15,7,5,0,36,1,0,-0.206,-1.7
WAS/WAS201508270,"Thursday, August 27, 2015",7:07 p.m. Local,Nationals Park,28908,3:01,Night,Home,Washington Nationals,WSN,San Diego Padres,SDP,29,2,3,2,1.0,3,10,33,0.103,0.182,0.172,0.354,161,79,-0.336,1.08,0.263,,-2.3,24,9,8.0,2,34,17,28,11,9,6,0,42,1,0,-0.165,-0.2,34,4,11,4,4.5,3,9,39,0.324,0.41,0.5,0.91,128,101,0.165,0.89,0.723,,0.2,27,9,9.0,0,47,12,42,13,12,9,0,73,0,0,0.336,2.3
PHI/PHI201508280,"Friday, August 28, 2015",7:07 p.m. Local,Citizens Bank Park,25145,2:38,Night,Home,Philadelphia Phillies,PHI,San Diego Padres,SDP,29,1,2,1,1.0,2,7,31,0.069,0.129,0.207,0.336,145,65,-0.412,1.17,0.288,,-3.0,24,7,8.0,1,35,8,22,11,11,6,0,64,3,2,-0.088,-3.4,28,7,6,6,7.88,5,9,36,0.214,0.371,0.429,0.8,104,90,0.089,1.03,0.668,,3.4,27,8,9.0,1,50,13,27,9,11,4,0,73,0,0,0.412,3.0
PHI/PHI201508290,"Saturday, August 29, 2015",7:06 p.m. Local,Citizens Bank Park,22090,2:56,Night,Home,Philadelphia Phillies,PHI,San Diego Padres,SDP,36,3,8,3,1.0,0,6,38,0.222,0.263,0.25,0.513,130,89,-0.305,0.69,0.777,,-1.0,24,10,8.0,1,52,16,21,10,20,8,0,41,1,0,-0.197,-0.4,28,4,6,4,4.5,3,7,32,0.214,0.313,0.393,0.705,136,82,0.198,1.58,0.597,,0.4,27,6,9.0,0,50,17,15,12,9,7,0,63,2,1,0.304,1.0
PHI/PHI201508300,"Sunday, August 30, 2015",1:38 p.m. Local,Citizens Bank Park,22624,3:13,Day,Away,San Diego Padres,SDP,Philadelphia Phillies,PHI,42,9,16,9,9.0,3,7,46,0.381,0.422,0.643,1.065,141,107,0.255,0.71,0.578,,5.0,27,10,9.0,1,67,20,20,11,25,11,0,68,0,0,0.243,0.0,33,4,10,4,4.0,1,10,35,0.303,0.343,0.515,0.858,179,86,-0.244,0.43,0.331,,-0.0,27,6,9.0,3,45,14,29,12,11,7,0,39,5,1,-0.258,-5.0
SDN/SDN201508310,"Monday, August 31, 2015",7:11 p.m. Local,Petco Park,19013,2:39,Night,Home,San Diego Padres,SDP,Texas Rangers,TEX,30,0,3,0,0.0,2,7,33,0.1,0.182,0.133,0.315,138,81,-0.326,0.47,0.171,,-4.0,24,10,8.0,0,48,15,18,14,9,2,0,33,2,1,-0.174,-3.5,36,7,12,7,6.75,2,2,39,0.333,0.359,0.528,0.887,126,87,0.173,0.69,0.435,,3.5,27,13,9.0,0,50,12,25,13,22,13,0,76,0,0,0.327,4.0
SDN/SDN201509010,"Tuesday, September 1, 2015",7:10 p.m. Local,Petco Park,21215,3:40,Night,Away,Texas Rangers,TEX,San Diego Padres,SDP,39,8,12,5,5.0,2,8,42,0.308,0.333,0.462,0.795,179,102,0.643,1.16,1.215,,4.0,27,14,9.0,1,60,9,33,14,18,13,0,40,1,0,-0.143,-2.0,39,6,14,6,6.0,3,5,43,0.359,0.395,0.564,0.959,162,108,0.142,1.13,0.989,,2.0,27,9,9.0,1,66,10,32,18,17,11,0,39,6,3,-0.642,-4.0
SDN/SDN201509020,"Wednesday, September 2, 2015",7:10 p.m. Local,Petco Park,18730,3:33,Night,Away,Texas Rangers,TEX,San Diego Padres,SDP,38,4,9,4,3.6,6,16,45,0.237,0.333,0.421,0.754,143,122,0.222,1.65,1.626,,-0.4,30,13,10.0,0,67,25,30,13,10,5,0,56,0,0,0.278,1.4,36,3,8,3,2.7,2,11,39,0.222,0.263,0.278,0.541,189,98,-0.28,1.98,0.896,,-1.4,30,8,10.0,1,57,24,17,16,10,7,0,69,0,0,-0.222,0.4
SDN/SDN201509030,"Thursday, September 3, 2015",7:10 p.m. Local,Petco Park,33505,3:22,Night,Home,San Diego Padres,SDP,Los Angeles Dodgers,LAD,36,7,9,6,6.0,4,8,40,0.25,0.325,0.333,0.658,138,91,0.495,0.94,0.975,,3.0,24,11,8.0,2,43,15,33,14,14,8,0,33,0,0,-0.994,-6.5,36,10,15,10,11.25,1,7,38,0.417,0.432,0.778,1.21,144,92,0.994,0.95,1.443,,6.5,27,10,9.0,0,58,14,22,13,17,11,0,55,3,3,-0.495,-3.0
SDN/SDN201509040,"Friday, September 4, 2015",7:11 p.m. Local,Petco Park,33025,3:33,Night,Away,Los Angeles Dodgers,LAD,San Diego Padres,SDP,37,8,10,8,8.0,9,10,46,0.27,0.413,0.73,1.143,142,114,0.558,0.67,1.103,,4.0,27,7,9.0,3,66,17,31,14,13,9,0,55,0,0,-0.058,-0.0,31,4,4,4,4.0,2,12,33,0.129,0.182,0.419,0.601,196,89,0.056,0.85,0.482,,0.0,27,10,9.0,5,42,13,34,5,14,4,0,47,1,1,-0.557,-4.0
SDN/SDN201509050,"Saturday, September 5, 2015",5:40 p.m. Local,Petco Park,43536,3:04,Night,Away,Los Angeles Dodgers,LAD,San Diego Padres,SDP,35,2,8,2,2.0,5,8,41,0.229,0.341,0.343,0.684,120,90,-0.123,1.35,0.652,,-2.0,27,12,9.0,0,48,16,26,14,13,7,0,71,0,0,0.623,4.0,28,0,3,0,0.0,4,6,34,0.107,0.242,0.107,0.35,157,70,-0.623,1.15,0.289,,-4.0,27,8,9.0,0,34,13,23,11,12,5,0,59,0,0,0.123,2.0
SDN/SDN201509060,"Sunday, September 6, 2015",1:10 p.m. Local,Petco Park,37685,3:32,Day,Away,Los Angeles Dodgers,LAD,San Diego Padres,SDP,32,5,7,2,2.0,7,10,42,0.219,0.381,0.25,0.631,142,109,0.21,1.04,0.909,,1.0,27,13,9.0,1,61,18,31,9,14,8,0,57,2,0,0.289,3.0,32,1,6,1,1.0,4,8,36,0.188,0.278,0.313,0.59,182,95,-0.288,1.23,0.419,,-3.0,27,6,9.0,0,55,16,24,14,10,6,0,55,2,2,-0.21,-1.0
SDN/SDN201509070,"Monday, September 7, 2015",1:11 p.m. Local,Petco Park,24585,3:19,Day,Away,Colorado Rockies,COL,San Diego Padres,SDP,34,6,9,4,4.0,1,16,36,0.265,0.286,0.471,0.756,149,95,0.35,1.41,0.812,,2.0,27,10,9.0,1,42,26,31,6,13,6,0,43,6,1,0.15,-0.0,35,4,11,3,4.0,3,12,38,0.314,0.368,0.514,0.883,144,95,-0.151,0.75,0.954,,0.0,27,7,9.0,1,52,16,27,10,13,8,0,41,0,0,-0.349,-2.0
SDN/SDN201509080,"Tuesday, September 8, 2015",7:10 p.m. Local,Petco Park,19112,2:40,Night,Home,San Diego Padres,SDP,Colorado Rockies,COL,29,1,3,1,1.0,3,6,32,0.103,0.188,0.207,0.394,139,62,-0.315,1.21,0.528,,-3.0,25,8,8.1,1,39,4,19,10,13,5,0,67,0,0,-0.186,1.5,30,2,7,2,2.16,4,8,36,0.233,0.324,0.433,0.757,119,80,0.186,1.26,0.827,,-1.5,27,7,9.0,1,42,15,23,10,14,11,0,74,0,0,0.314,3.0
SDN/SDN201509090,"Wednesday, September 9, 2015",6:10 p.m. Local,Petco Park,22764,3:16,Night,Home,San Diego Padres,SDP,Colorado Rockies,COL,35,4,10,4,4.0,5,8,40,0.286,0.375,0.4,0.775,174,89,0.036,0.7,0.593,,0.0,24,13,8.0,2,48,19,22,10,17,9,0,19,2,1,-0.536,-7.5,39,11,18,11,12.38,2,2,42,0.462,0.5,0.744,1.244,147,102,0.538,0.8,0.959,,7.5,27,8,9.0,1,68,15,19,15,22,13,0,42,0,0,-0.037,-0.0
SDN/SDN201509100,"Thursday, September 10, 2015",12:41 p.m. Local,Petco Park,21922,2:47,Day,Away,Colorado Rockies,COL,San Diego Padres,SDP,32,4,5,4,4.0,0,9,32,0.156,0.156,0.531,0.688,149,77,0.231,1.48,0.71,,0.0,27,7,9.0,1,45,12,20,12,11,5,0,46,0,0,0.269,1.0,30,3,6,3,3.0,3,14,35,0.2,0.257,0.3,0.557,113,95,-0.27,0.76,0.688,,-1.0,27,10,9.0,4,50,24,21,10,8,4,0,63,0,0,-0.23,-0.0
SFN/SFN201509110,"Friday, September 11, 2015",7:17 p.m. Local,AT&T Park,41621,3:02,Night,Home,San Francisco Giants,SFG,San Diego Padres,SDP,31,1,4,1,1.0,0,5,32,0.129,0.156,0.226,0.382,179,79,-0.199,0.75,0.118,,-3.1,24,11,8.0,0,51,10,18,10,16,4,0,28,4,0,-0.303,-5.3,36,9,14,9,10.12,7,9,44,0.389,0.488,0.417,0.905,118,101,0.303,0.43,0.653,,5.3,27,7,9.0,1,58,15,28,17,11,7,0,71,0,0,0.197,3.1
SFN/SFN201509120,"Saturday, September 12, 2015",6:05 p.m. Local,AT&T Park,41564,2:35,Night,Home,San Francisco Giants,SFG,San Diego Padres,SDP,28,0,1,0,0.0,0,9,28,0.036,0.036,0.036,0.071,157,75,-0.249,0.39,0.0,,-4.1,24,13,8.0,2,34,14,27,8,11,5,0,21,1,0,-0.251,-4.3,34,8,11,8,9.0,5,5,39,0.324,0.41,0.647,1.057,111,99,0.25,0.36,0.478,,4.3,27,7,9.0,0,64,12,23,16,13,9,0,94,,,0.249,4.1
SFN/SFN201509130,"Sunday, September 13, 2015",1:05 p.m. Local,AT&T Park,41397,3:00,Day,Home,San Francisco Giants,SFG,San Diego Padres,SDP,32,3,5,3,3.0,2,4,34,0.156,0.206,0.406,0.612,169,72,-0.059,0.66,0.389,,-1.1,24,7,8.0,1,44,12,16,12,16,8,0,37,5,2,-0.44,-6.3,33,10,10,9,11.25,7,11,41,0.303,0.415,0.424,0.839,120,97,0.44,0.69,0.824,,6.3,27,11,9.0,1,50,20,27,9,14,8,0,52,1,0,0.06,1.1
ARI/ARI201509140,"Monday, September 14, 2015",6:40 p.m. Local,Chase Field,15951,3:29,Night,Away,San Diego Padres,SDP,Arizona Diamondbacks,ARI,36,10,11,9,8.0,5,7,43,0.306,0.381,0.444,0.825,141,100,0.397,0.4,0.555,,5.6,27,8,9.0,0,64,12,24,19,12,5,0,69,2,0,0.105,1.4,36,3,9,3,3.0,3,8,39,0.25,0.308,0.361,0.669,180,91,-0.105,0.4,0.18,,-1.4,27,12,9.0,1,51,12,28,12,16,8,0,30,3,3,-0.397,-5.6
ARI/ARI201509150,"Tuesday, September 15, 2015",6:40 p.m. Local,Chase Field,17531,3:31,Night,Home,Arizona Diamondbacks,ARI,San Diego Padres,SDP,36,4,10,2,4.0,3,8,39,0.278,0.333,0.389,0.722,157,88,-0.022,1.22,0.686,,-0.4,24,9,8.0,1,43,15,30,14,14,8,0,66,6,3,-0.476,-2.1,31,6,8,6,6.75,6,12,37,0.258,0.378,0.419,0.798,158,94,0.481,1.05,1.175,,2.1,27,8,9.0,1,53,17,24,10,9,5,0,52,5,2,0.024,0.4
ARI/ARI201509160,"Wednesday, September 16, 2015",6:40 p.m. Local,Chase Field,18767,2:50,Night,Away,San Diego Padres,SDP,Arizona Diamondbacks,ARI,31,4,5,4,4.0,5,8,36,0.161,0.278,0.29,0.568,124,96,0.112,1.64,0.849,,-0.4,27,7,9.0,1,54,20,22,16,7,5,0,55,1,0,0.387,1.4,33,3,8,3,3.0,2,11,35,0.242,0.286,0.424,0.71,158,85,-0.388,1.05,0.766,,-1.4,27,15,9.0,1,44,14,27,7,15,11,0,39,0,0,-0.113,0.4
COL/COL201509180,"Friday, September 18, 2015",6:41 p.m. Local,Coors Field,27303,3:12,Night,Home,Colorado Rockies,COL,San Diego Padres,SDP,35,4,8,3,3.0,3,10,40,0.229,0.308,0.4,0.708,163,96,-0.249,0.55,0.522,,-0.9,24,2,8.0,0,53,20,23,14,12,7,0,50,2,2,-0.25,-2.6,32,7,9,6,6.75,3,8,36,0.281,0.343,0.406,0.749,155,101,0.25,1.04,0.544,,2.6,27,10,9.0,1,61,23,17,5,20,12,0,60,0,0,0.249,0.9
COL/COL201509190,"Saturday, September 19, 2015",6:11 p.m. Local,Coors Field,30875,3:05,Night,Home,Colorado Rockies,COL,San Diego Padres,SDP,32,2,7,2,2.0,3,10,35,0.219,0.286,0.375,0.661,166,94,-0.139,0.3,0.189,,-2.9,24,10,8.0,1,52,12,30,10,12,7,0,14,7,3,-0.361,-5.6,39,10,18,9,11.25,5,8,45,0.462,0.511,0.615,1.126,149,116,0.361,0.44,0.489,,5.6,27,8,9.0,1,66,21,29,15,17,14,0,44,2,0,0.138,2.9
COL/COL201509200,"Sunday, September 20, 2015",2:12 p.m. Local,Coors Field,26927,3:06,Day,Away,San Diego Padres,SDP,Colorado Rockies,COL,41,10,15,10,10.0,1,6,43,0.366,0.381,0.78,1.161,161,92,0.388,0.33,0.593,,5.1,27,5,9.0,1,56,13,23,15,21,12,0,58,2,2,0.113,0.9,31,4,4,3,4.0,5,14,36,0.129,0.25,0.258,0.508,147,95,-0.111,0.32,0.151,,-0.9,27,10,9.0,4,48,22,25,8,9,6,0,28,0,0,-0.387,-5.1
SDN/SDN201509220,"Tuesday, September 22, 2015",7:10 p.m. Local,Petco Park,25043,3:38,Night,Away,San Francisco Giants,SFG,San Diego Padres,SDP,32,4,8,4,4.0,4,16,36,0.25,0.333,0.375,0.708,163,98,0.137,1.39,0.745,,0.0,27,4,9.0,2,50,25,27,11,5,2,0,61,3,0,0.36,2.0,32,2,6,2,2.0,5,11,38,0.188,0.316,0.375,0.691,171,95,-0.359,0.8,0.654,,-2.0,27,9,9.0,1,41,25,29,8,13,2,0,65,1,0,-0.14,-0.0
SDN/SDN201509230,"Wednesday, September 23, 2015",7:11 p.m. Local,Petco Park,23556,3:36,Night,Home,San Diego Padres,SDP,San Francisco Giants,SFG,30,4,4,3,3.0,5,10,35,0.133,0.257,0.267,0.524,163,97,0.418,1.88,1.364,,0.0,26,9,8.2,0,47,23,27,7,13,5,0,67,11,3,-0.918,-1.4,37,5,11,5,5.19,5,6,42,0.297,0.381,0.405,0.786,156,93,0.918,1.36,1.94,,1.4,27,8,9.0,1,54,15,24,14,17,9,0,61,0,0,-0.418,-0.0
SDN/SDN201509240,"Thursday, September 24, 2015",6:11 p.m. Local,Petco Park,31137,3:33,Night,Home,San Diego Padres,SDP,San Francisco Giants,SFG,37,4,13,3,4.0,3,7,40,0.351,0.4,0.541,0.941,145,91,0.012,1.58,1.245,,0.0,25,7,8.1,1,55,17,19,12,18,11,0,65,4,2,-0.512,-1.9,30,5,6,5,5.4,5,10,36,0.2,0.314,0.4,0.714,150,91,0.511,1.64,1.25,,1.9,27,11,9.0,1,55,16,20,7,14,6,0,32,3,0,-0.012,-0.0
SDN/SDN201509250,"Friday, September 25, 2015",7:11 p.m. Local,Petco Park,24179,2:57,Night,Away,Arizona Diamondbacks,ARI,San Diego Padres,SDP,33,6,6,6,6.0,2,3,36,0.182,0.25,0.333,0.583,151,81,0.319,0.55,0.511,,2.0,27,9,9.0,0,49,8,24,15,15,7,0,50,2,1,0.18,1.0,33,3,6,3,2.0,3,7,36,0.182,0.25,0.212,0.462,125,95,-0.181,0.46,0.207,,-1.0,27,13,9.0,1,48,16,31,15,11,4,0,31,0,0,-0.32,-2.0
SDN/SDN201509260,"Saturday, September 26, 2015",5:41 p.m. Local,Petco Park,32186,2:56,Night,Home,San Diego Padres,SDP,Arizona Diamondbacks,ARI,30,0,4,0,0.0,1,7,31,0.133,0.161,0.233,0.395,138,69,-0.568,0.94,0.255,,-4.0,24,7,8.0,0,36,10,23,12,11,7,0,63,1,0,0.07,0.5,29,3,7,3,3.38,2,8,34,0.241,0.294,0.345,0.639,107,90,-0.069,1.12,0.43,,-0.5,27,12,9.0,0,43,16,31,10,13,6,0,76,0,0,0.569,4.0
SDN/SDN201509270,"Sunday, September 27, 2015",1:11 p.m. Local,Petco Park,27115,3:24,Day,Away,Arizona Diamondbacks,ARI,San Diego Padres,SDP,34,4,9,4,4.0,7,11,41,0.265,0.39,0.559,0.949,161,88,0.229,1.47,0.864,,0.0,27,12,9.0,0,47,21,20,9,14,5,0,56,2,0,0.272,2.0,30,2,5,2,2.0,5,11,36,0.167,0.286,0.267,0.552,154,102,-0.271,0.89,0.662,,-2.0,27,10,9.0,3,58,24,20,11,9,6,0,43,1,0,-0.229,-0.0
SDN/SDN201509290,"Tuesday, September 29, 2015",7:11 p.m. Local,Petco Park,36047,2:56,Night,Away,Milwaukee Brewers,MIL,San Diego Padres,SDP,32,4,7,4,4.0,4,12,36,0.219,0.306,0.344,0.649,137,93,0.168,1.36,0.727,,0.0,27,13,9.0,0,47,16,30,12,8,3,0,44,0,0,0.332,1.0,34,3,9,3,3.0,2,10,36,0.265,0.306,0.353,0.658,143,85,-0.332,0.95,0.673,,-1.0,27,10,9.0,1,47,16,24,13,11,9,0,48,1,0,-0.169,-0.0
SDN/SDN201509300,"Wednesday, September 30, 2015",7:10 p.m. Local,Petco Park,30514,3:00,Night,Away,Milwaukee Brewers,MIL,San Diego Padres,SDP,38,5,13,5,5.0,2,11,40,0.342,0.375,0.421,0.796,140,107,0.182,0.7,0.737,,1.0,27,14,9.0,0,68,19,20,17,10,6,0,71,0,0,0.318,4.0,29,0,6,0,0.0,5,9,34,0.207,0.324,0.241,0.565,150,86,-0.318,0.88,0.235,,-4.0,27,10,9.0,0,45,21,20,13,7,5,0,34,2,2,-0.182,-1.0
SDN/SDN201510010,"Thursday, October 1, 2015",3:40 p.m. Local,Petco Park,22129,3:05,Day,Home,San Diego Padres,SDP,Milwaukee Brewers,MIL,33,1,7,1,1.0,0,16,33,0.212,0.212,0.303,0.515,154,91,-0.414,0.86,0.341,,-3.0,24,10,8.0,1,43,23,25,7,10,6,0,37,1,1,-0.087,0.5,25,3,6,3,3.38,7,5,33,0.24,0.406,0.36,0.766,144,90,0.086,1.11,0.529,,-0.5,27,6,9.0,1,57,10,24,7,14,9,0,69,0,0,0.414,3.0
LAN/LAN201510020,"Friday, October 2, 2015",7:10 p.m. Local,Dodger Stadium,45564,2:32,Night,Home,Los Angeles Dodgers,LAD,San Diego Padres,SDP,30,2,6,2,2.0,1,6,33,0.2,0.219,0.267,0.485,132,81,-0.214,0.54,0.129,,-2.0,24,6,8.0,0,50,15,16,17,9,6,0,30,1,0,-0.286,-2.5,31,6,8,6,3.38,3,8,34,0.258,0.324,0.29,0.614,120,79,0.287,0.54,0.51,,2.5,27,16,9.0,0,48,10,21,10,13,9,0,62,0,0,0.215,2.0
LAN/LAN201510030,"Saturday, October 3, 2015",6:10 p.m. Local,Dodger Stadium,52352,2:10,Night,Home,Los Angeles Dodgers,LAD,San Diego Padres,SDP,30,1,5,1,1.0,1,9,34,0.167,0.219,0.267,0.485,96,86,-0.585,0.67,0.486,,-3.0,24,11,8.0,1,49,15,22,14,9,2,0,63,0,0,0.085,1.5,26,2,5,1,2.25,0,5,27,0.192,0.222,0.308,0.53,120,70,-0.085,1.69,0.307,,-1.5,27,9,9.0,1,41,12,17,11,10,3,0,77,0,0,0.585,3.0
LAN/LAN201510040,"Sunday, October 4, 2015",12:10 p.m. Local,Dodger Stadium,42863,3:02,Day,Home,Los Angeles Dodgers,LAD,San Diego Padres,SDP,34,3,7,3,3.0,2,14,36,0.206,0.25,0.324,0.574,153,95,-0.332,0.6,0.292,,-1.0,24,6,8.0,3,52,24,19,10,10,5,0,44,1,0,-0.169,-2.5,32,6,9,6,6.75,7,14,39,0.281,0.41,0.563,0.973,142,98,0.172,0.89,0.606,,2.5,27,6,9.0,1,49,27,22,7,11,7,0,64,3,2,0.331,1.0
