,date,time,venue,attendance,duration,time_of_day,winner,winning_name,winning_abbr,losing_name,losing_abbr,away_at_bats,away_runs,away_hits,away_rbi,away_earned_runs,away_bases_on_balls,away_strikeouts,away_plate_appearances,away_batting_average,away_on_base_percentage,away_slugging_percentage,away_on_base_plus,away_pitches,away_strikes,away_win_probability_for_offensive_player,away_average_leverage_index,away_win_probability_added,away_win_probability_subtracted,away_base_out_runs_added,away_putouts,away_assists,away_innings_pitched,away_home_runs,away_strikes_by_contact,away_strikes_swinging,away_strikes_looking,away_grounded_balls,away_fly_balls,away_line_drives,away_unknown_bat_type,away_game_score,away_inherited_runners,away_inherited_score,away_win_probability_by_pitcher,away_base_out_runs_saved,home_at_bats,home_runs,home_hits,home_rbi,home_earned_runs,home_bases_on_balls,home_strikeouts,home_plate_appearances,home_batting_average,home_on_base_percentage,home_slugging_percentage,home_on_base_plus,home_pitches,home_strikes,home_win_probability_for_offensive_player,home_average_leverage_index,home_win_probability_added,home_win_probability_subtracted,home_base_out_runs_added,home_putouts,home_assists,home_innings_pitched,home_home_runs,home_strikes_by_contact,home_strikes_swinging,home_strikes_looking,home_grounded_balls,home_fly_balls,home_line_drives,home_unknown_bat_type,home_game_score,home_inherited_runners,home_inherited_score,home_win_probability_by_pitcher,home_base_out_runs_saved
NYA/NYA201504060,"Monday, April 6, 2015",1:13 p.m. Local,Yankee Stadium III,48469,2:59,Day,Away,Toronto Blue Jays,TOR,New York Yankees,NYY,33,6,6,5,5.0,5,12,39,0.182,0.289,0.364,0.653,130,99,0.284,0.49,0.479,,1.6,27,4,9.0,1,48,23,28,11,11,1,0,63,2,0,0.218,3.4,29,1,3,1,1.0,3,5,33,0.103,0.212,0.207,0.419,167,79,-0.22,0.39,0.131,,-3.4,27,6,9.0,2,48,8,24,6,18,6,0,38,3,0,-0.282,-1.6
NYA/NYA201504080,"Wednesday, April 8, 2015",7:10 p.m. Local,Yankee Stadium III,31020,2:56,Night,Home,New York Yankees,NYY,Toronto Blue Jays,TOR,33,3,7,2,2.0,3,7,37,0.212,0.27,0.242,0.513,133,96,-0.165,1.92,0.535,,-1.4,24,8,8.0,0,62,12,22,15,12,4,0,62,7,3,-0.335,-0.1,28,4,7,3,4.5,4,7,35,0.25,0.371,0.321,0.693,156,71,0.335,1.09,1.228,,0.1,27,10,9.0,0,38,9,24,9,13,4,0,57,0,0,0.164,1.4
NYA/NYA201504090,"Thursday, April 9, 2015",7:08 p.m. Local,Yankee Stadium III,32152,2:52,Night,Away,Toronto Blue Jays,TOR,New York Yankees,NYY,35,6,9,5,5.0,0,10,35,0.257,0.257,0.343,0.6,152,96,0.271,0.99,0.489,,1.6,27,9,9.0,2,55,18,23,13,12,5,0,48,1,0,0.231,1.4,32,3,7,3,3.0,4,10,37,0.219,0.324,0.5,0.824,142,91,-0.229,0.57,0.537,,-1.4,27,7,9.0,1,47,18,28,7,15,8,0,43,1,0,-0.27,-1.6
BAL/BAL201504100,"Friday, April 10, 2015",3:11 p.m. Local,Oriole Park at Camden Yards,45936,2:45,Day,Away,Toronto Blue Jays,TOR,Baltimore Orioles,BAL,39,12,16,12,12.0,3,6,47,0.41,0.426,0.615,1.041,130,103,0.434,0.38,0.56,,7.5,27,13,9.0,2,63,14,26,15,22,10,0,47,0,0,0.069,-0.5,36,5,13,4,5.0,2,2,38,0.361,0.395,0.611,1.006,162,79,-0.067,0.36,0.226,,0.5,27,10,9.0,0,51,9,19,13,21,12,0,13,3,3,-0.432,-7.5
BAL/BAL201504110,"Saturday, April 11, 2015",7:07 p.m. Local,Oriole Park at Camden Yards,38897,2:34,Night,Home,Baltimore Orioles,BAL,Toronto Blue Jays,TOR,30,1,3,1,1.0,1,10,32,0.1,0.156,0.133,0.29,153,79,-0.258,0.48,0.063,,-3.5,24,11,8.0,3,34,14,31,16,4,3,0,33,2,0,-0.244,-3.0,32,7,9,6,7.88,6,8,39,0.281,0.41,0.563,0.973,119,92,0.244,0.45,0.505,,3.0,27,15,9.0,0,63,12,17,11,13,6,0,82,0,0,0.257,3.5
BAL/BAL201504120,"Sunday, April 12, 2015",1:39 p.m. Local,Oriole Park at Camden Yards,32522,3:17,Day,Away,Toronto Blue Jays,TOR,Baltimore Orioles,BAL,36,10,10,10,10.0,6,5,43,0.278,0.372,0.611,0.983,139,117,0.57,1.19,1.044,,5.5,27,9,9.0,2,66,20,31,4,28,12,0,25,0,0,-0.068,-2.5,35,7,8,7,7.0,2,9,39,0.229,0.308,0.4,0.708,190,88,0.069,0.81,0.922,,2.5,27,4,9.0,3,48,20,20,11,15,9,0,14,2,2,-0.57,-5.5
TOR/TOR201504130,"Monday, April 13, 2015",7:29 p.m. Local,Rogers Centre,48414,2:30,Night,Away,Tampa Bay Rays,TBR,Toronto Blue Jays,TOR,30,2,3,2,2.0,6,8,37,0.1,0.27,0.1,0.37,122,81,-0.2,1.37,0.485,,-2.5,27,12,9.0,0,44,17,20,6,16,4,0,74,0,0,0.699,3.5,28,1,2,1,1.0,4,4,32,0.071,0.188,0.107,0.295,143,73,-0.699,1.17,0.368,,-3.5,27,4,9.0,0,46,9,18,13,11,4,0,59,0,0,0.199,2.5
TOR/TOR201504140,"Tuesday, April 14, 2015",7:07 p.m. Local,Rogers Centre,17264,3:06,Night,Away,Tampa Bay Rays,TBR,Toronto Blue Jays,TOR,31,3,7,3,2.0,5,11,39,0.226,0.333,0.355,0.688,154,102,-0.037,1.57,0.737,,-1.5,27,10,9.0,0,58,19,26,8,14,7,0,44,4,1,0.538,2.5,35,2,8,2,2.0,1,4,37,0.229,0.27,0.257,0.527,160,94,-0.537,1.27,0.592,,-2.5,27,6,9.0,1,55,12,27,15,16,6,0,56,1,0,0.037,1.5
TOR/TOR201504150,"Wednesday, April 15, 2015",7:06 p.m. Local,Rogers Centre,15086,3:02,Night,Home,Toronto Blue Jays,TOR,Tampa Bay Rays,TBR,38,7,11,7,7.0,4,7,42,0.289,0.357,0.5,0.857,164,94,-0.137,0.33,0.125,,2.5,24,9,8.0,3,62,10,22,16,15,4,0,9,3,2,-0.364,-8.0,36,12,14,12,12.38,5,5,41,0.389,0.463,0.722,1.186,155,96,0.363,0.31,0.499,,8.0,27,10,9.0,2,58,14,24,18,13,3,0,49,4,2,0.137,-2.5
TOR/TOR201504160,"Thursday, April 16, 2015",7:06 p.m. Local,Rogers Centre,14433,3:00,Night,Away,Tampa Bay Rays,TBR,Toronto Blue Jays,TOR,33,4,8,4,4.0,3,8,37,0.242,0.324,0.455,0.779,152,89,0.087,1.11,0.59,,-0.5,27,6,9.0,0,50,13,26,11,14,5,0,82,3,1,0.412,2.5,29,2,4,2,2.0,4,12,37,0.138,0.297,0.172,0.47,144,92,-0.412,0.77,0.395,,-2.5,27,12,9.0,1,43,20,29,7,11,4,0,47,1,1,-0.088,0.5
TOR/TOR201504170,"Friday, April 17, 2015",7:07 p.m. Local,Rogers Centre,21397,3:09,Night,Away,Atlanta Braves,ATL,Toronto Blue Jays,TOR,40,8,12,8,7.0,5,8,45,0.3,0.378,0.525,0.903,161,106,0.565,1.41,1.487,,3.5,27,11,9.0,5,60,18,28,16,16,10,0,35,0,0,-0.066,-2.5,36,7,11,7,7.0,3,7,41,0.306,0.375,0.75,1.125,164,98,0.065,1.27,1.146,,2.5,27,7,9.0,2,56,12,30,12,18,13,0,35,1,1,-0.565,-3.5
TOR/TOR201504180,"Saturday, April 18, 2015",1:09 p.m. Local,Rogers Centre,34743,2:41,Day,Home,Toronto Blue Jays,TOR,Atlanta Braves,ATL,37,5,9,5,4.5,4,10,42,0.243,0.31,0.486,0.796,123,99,0.175,1.25,0.961,,-0.0,27,15,9.0,2,48,17,34,11,17,8,0,42,1,0,-0.673,-1.5,35,6,13,6,6.0,3,0,38,0.371,0.421,0.657,1.078,151,73,0.672,1.09,1.491,,1.5,30,11,10.0,3,48,4,21,18,17,6,0,55,2,0,-0.172,0.0
TOR/TOR201504190,"Sunday, April 19, 2015",1:08 p.m. Local,Rogers Centre,44794,2:41,Day,Away,Atlanta Braves,ATL,Toronto Blue Jays,TOR,30,5,8,4,4.0,5,6,37,0.267,0.361,0.333,0.694,142,85,0.225,0.72,0.499,,0.5,27,7,9.0,0,41,17,28,8,18,9,0,57,0,0,0.274,2.5,30,2,5,2,2.0,4,11,35,0.167,0.286,0.2,0.486,157,92,-0.276,0.48,0.26,,-2.5,27,8,9.0,0,43,12,37,8,11,3,0,27,1,0,-0.226,-0.5
TOR/TOR201504210,"Tuesday, April 21, 2015",7:07 p.m. Local,Rogers Centre,14184,2:53,Night,Home,Toronto Blue Jays,TOR,Baltimore Orioles,BAL,37,6,12,4,4.0,2,5,40,0.324,0.35,0.432,0.782,157,88,-0.077,0.31,0.161,,1.5,24,7,8.0,3,59,10,19,18,15,11,0,8,3,1,-0.422,-9.0,39,13,16,12,14.62,4,3,45,0.41,0.467,0.769,1.236,142,98,0.423,0.33,0.559,,9.0,27,14,9.0,0,56,11,31,9,28,19,0,45,1,1,0.077,-1.5
TOR/TOR201504220,"Wednesday, April 22, 2015",7:06 p.m. Local,Rogers Centre,15606,2:36,Night,Home,Toronto Blue Jays,TOR,Baltimore Orioles,BAL,28,2,5,2,2.0,8,6,36,0.179,0.361,0.321,0.683,137,73,-0.313,0.94,0.801,,-2.5,24,8,8.0,2,45,7,22,10,11,6,1,42,0,0,-0.188,0.0,32,4,9,4,4.5,3,9,35,0.281,0.343,0.5,0.843,136,85,0.189,1.52,0.796,,-0.0,27,10,9.0,1,42,12,31,12,11,4,0,53,2,0,0.312,2.5
TOR/TOR201504230,"Thursday, April 23, 2015",7:07 p.m. Local,Rogers Centre,18581,2:36,Night,Home,Toronto Blue Jays,TOR,Baltimore Orioles,BAL,35,6,8,6,6.0,0,9,36,0.229,0.25,0.429,0.679,146,79,-0.235,0.46,0.132,,1.5,24,7,8.0,1,45,14,20,15,11,5,0,23,2,1,-0.265,-3.0,29,7,7,7,7.88,8,7,38,0.241,0.405,0.517,0.923,122,84,0.264,0.47,0.456,,3.0,27,11,9.0,2,54,15,15,10,13,7,0,73,2,2,0.235,-1.5
TBA/TBA201504240,"Friday, April 24, 2015",7:10 p.m. Local,Tropicana Field,11897,2:29,Night,Home,Tampa Bay Rays,TBR,Toronto Blue Jays,TOR,33,3,6,3,3.0,1,8,34,0.182,0.206,0.394,0.6,154,88,-0.012,0.61,0.299,,-1.2,24,7,8.0,3,48,12,28,8,17,5,0,15,1,1,-0.488,-8.3,37,12,13,10,11.25,2,6,41,0.351,0.39,0.757,1.147,129,98,0.489,0.51,0.812,,8.3,27,5,9.0,2,60,15,23,12,20,8,0,53,0,0,0.012,1.2
TBA/TBA201504250,"Saturday, April 25, 2015",6:10 p.m. Local,Tropicana Field,19772,2:31,Night,Home,Tampa Bay Rays,TBR,Toronto Blue Jays,TOR,32,2,6,2,2.0,1,10,33,0.188,0.212,0.313,0.525,134,86,-0.202,1.48,0.522,,-2.2,24,9,8.0,0,41,20,25,12,10,4,0,67,3,2,-0.299,-0.3,32,4,9,4,4.5,3,9,35,0.281,0.343,0.375,0.718,132,86,0.298,1.06,1.086,,0.3,27,8,9.0,1,46,16,24,10,13,5,0,51,0,0,0.2,2.2
TBA/TBA201504260,"Sunday, April 26, 2015",1:10 p.m. Local,Tropicana Field,21107,2:23,Day,Home,Tampa Bay Rays,TBR,Toronto Blue Jays,TOR,33,1,5,1,1.0,1,9,34,0.152,0.176,0.182,0.358,121,92,-0.32,0.52,0.088,,-3.2,24,10,8.0,1,50,16,26,16,8,3,0,25,2,0,-0.182,-1.3,34,5,13,5,5.62,3,6,38,0.382,0.421,0.5,0.921,126,85,0.184,0.52,0.516,,1.3,27,11,9.0,0,55,11,19,12,17,6,0,79,0,0,0.318,3.2
BOS/BOS201504270,"Monday, April 27, 2015",6:43 p.m. Local,Fenway Park,34739,2:48,Night,Home,Boston Red Sox,BOS,Toronto Blue Jays,TOR,32,5,6,5,5.0,4,14,36,0.188,0.278,0.344,0.622,156,94,-0.054,1.76,0.665,,0.3,25,10,8.1,1,47,18,29,9,9,3,0,50,0,0,-0.447,-2.5,33,6,10,5,5.4,3,9,37,0.303,0.351,0.455,0.806,145,96,0.446,1.04,1.345,,2.5,27,4,9.0,1,47,12,37,12,13,11,0,49,0,0,0.053,-0.3
BOS/BOS201504280,"Tuesday, April 28, 2015",6:11 p.m. Local,Fenway Park,33920,4:01,Night,Away,Toronto Blue Jays,TOR,Boston Red Sox,BOS,41,11,17,10,10.0,6,11,48,0.415,0.479,0.634,1.113,175,127,0.604,1.17,1.141,,6.3,27,12,9.0,1,73,14,40,14,17,11,0,15,4,1,-0.105,-3.3,38,8,13,8,8.0,7,6,46,0.342,0.435,0.526,0.961,197,105,0.104,0.76,0.996,,3.3,27,8,9.0,2,64,12,31,12,21,13,0,31,3,0,-0.605,-6.3
BOS/BOS201504290,"Wednesday, April 29, 2015",6:10 p.m. Local,Fenway Park,34220,2:43,Night,Home,Boston Red Sox,BOS,Toronto Blue Jays,TOR,30,1,3,1,1.0,2,10,33,0.1,0.182,0.133,0.315,121,90,-0.38,0.68,0.39,,-3.7,24,12,8.0,1,53,11,26,7,13,3,0,47,0,0,-0.12,0.2,30,4,9,4,4.5,0,6,32,0.3,0.323,0.4,0.723,135,89,0.119,1.18,0.432,,-0.2,27,9,9.0,0,51,11,27,10,15,11,0,73,0,0,0.38,3.7
CLE/CLE201504300,"Thursday, April 30, 2015",7:10 p.m. Local,Progressive Field,9798,2:46,Night,Away,Toronto Blue Jays,TOR,Cleveland Indians,CLE,31,5,7,5,5.0,5,4,37,0.226,0.333,0.323,0.656,172,75,0.195,0.97,0.457,,0.3,27,12,9.0,0,42,13,20,18,10,9,0,50,1,0,0.304,3.7,36,1,11,1,1.0,2,6,38,0.306,0.342,0.389,0.731,124,101,-0.303,0.53,0.421,,-3.7,27,19,9.0,0,49,15,37,15,15,11,0,28,1,1,-0.196,-0.3
CLE/CLE201505010,"Friday, May 1, 2015",7:10 p.m. Local,Progressive Field,15088,2:37,Night,Home,Cleveland Indians,CLE,Toronto Blue Jays,TOR,33,4,8,4,4.0,4,9,37,0.242,0.324,0.515,0.839,135,92,0.08,0.87,0.646,,-0.7,24,12,8.0,3,48,19,25,8,16,6,0,8,2,2,-0.58,-4.8,36,9,13,9,10.12,4,4,41,0.361,0.425,0.667,1.092,144,86,0.58,0.75,0.969,,4.8,27,9,9.0,1,51,8,27,18,15,9,0,47,0,0,-0.079,0.7
CLE/CLE201505020,"Saturday, May 2, 2015",4:10 p.m. Local,Progressive Field,18008,3:23,Day,Away,Toronto Blue Jays,TOR,Cleveland Indians,CLE,40,11,14,10,5.0,4,6,45,0.35,0.409,0.55,0.959,166,105,0.428,0.66,0.909,,6.3,27,13,9.0,0,60,20,25,18,17,7,0,52,3,0,0.074,0.7,33,4,6,4,3.0,6,6,40,0.182,0.3,0.212,0.512,157,100,-0.074,0.78,0.367,,-0.7,27,13,9.0,1,50,9,41,19,9,5,0,34,4,3,-0.426,-6.3
CLE/CLE201505030,"Sunday, May 3, 2015",1:11 p.m. Local,Progressive Field,16128,3:06,Day,Home,Cleveland Indians,CLE,Toronto Blue Jays,TOR,36,7,10,7,7.0,4,8,42,0.278,0.366,0.472,0.838,163,91,0.214,0.92,0.797,,2.3,24,11,8.0,1,57,14,20,16,13,3,0,24,4,2,-0.715,-5.8,31,10,13,10,11.25,7,4,41,0.419,0.5,0.677,1.177,152,96,0.714,0.98,1.184,,5.8,27,9,9.0,2,66,10,20,18,12,7,0,23,4,0,-0.215,-2.3
TOR/TOR201505040,"Monday, May 4, 2015",7:09 p.m. Local,Rogers Centre,19217,2:18,Night,Home,Toronto Blue Jays,TOR,New York Yankees,NYY,29,1,3,1,1.0,3,1,32,0.103,0.188,0.172,0.36,112,71,-0.342,1.5,0.304,,-3.5,24,11,8.0,0,49,6,16,12,16,10,0,71,2,2,-0.159,1.0,34,3,10,2,2.25,0,7,34,0.294,0.294,0.353,0.647,118,81,0.16,1.13,1.204,,-1.0,27,12,9.0,0,38,13,30,16,11,5,0,69,0,0,0.341,3.5
TOR/TOR201505050,"Tuesday, May 5, 2015",7:07 p.m. Local,Rogers Centre,21519,2:54,Night,Away,New York Yankees,NYY,Toronto Blue Jays,TOR,37,6,11,6,5.0,2,5,39,0.297,0.333,0.432,0.766,128,99,0.224,0.55,0.487,,1.5,27,10,9.0,1,62,11,26,15,17,9,0,77,1,0,0.277,1.5,34,3,8,3,3.0,3,6,37,0.235,0.297,0.441,0.738,156,82,-0.277,0.43,0.181,,-1.5,27,10,9.0,1,50,9,23,12,16,6,0,33,0,0,-0.223,-1.5
TOR/TOR201505060,"Wednesday, May 6, 2015",7:07 p.m. Local,Rogers Centre,21312,2:30,Night,Home,Toronto Blue Jays,TOR,New York Yankees,NYY,32,1,7,1,1.0,4,5,36,0.219,0.306,0.281,0.587,128,82,-0.341,0.68,0.443,,-3.5,24,10,8.0,1,48,7,27,17,10,5,0,41,2,1,-0.161,-1.0,34,5,12,5,5.62,2,5,36,0.353,0.389,0.529,0.918,135,85,0.16,1.06,0.58,,1.0,27,18,9.0,0,50,7,28,13,16,8,0,53,0,0,0.34,3.5
TOR/TOR201505080,"Friday, May 8, 2015",7:06 p.m. Local,Rogers Centre,30430,2:41,Night,Home,Toronto Blue Jays,TOR,Boston Red Sox,BOS,28,0,2,0,0.0,5,7,34,0.071,0.235,0.071,0.307,150,76,-0.387,0.46,0.394,,-4.5,24,10,8.0,2,38,8,30,14,7,1,0,47,1,0,-0.114,-3.0,34,7,12,7,7.88,1,11,36,0.353,0.361,0.647,1.008,134,92,0.113,1.07,0.433,,3.0,27,12,9.0,0,44,15,33,9,14,9,1,71,2,0,0.387,4.5
TOR/TOR201505090,"Saturday, May 9, 2015",1:09 p.m. Local,Rogers Centre,42917,3:12,Day,Home,Toronto Blue Jays,TOR,Boston Red Sox,BOS,36,1,8,1,1.0,1,10,37,0.222,0.243,0.278,0.521,169,105,-0.261,0.7,0.369,,-3.5,24,9,8.0,1,49,18,38,11,15,8,0,33,1,1,-0.24,-3.0,32,7,9,7,7.88,8,5,42,0.281,0.415,0.406,0.821,152,101,0.242,0.86,0.529,,3.0,27,7,9.0,0,59,11,30,14,15,7,0,54,0,0,0.261,3.5
TOR/TOR201505100,"Sunday, May 10, 2015",1:08 p.m. Local,Rogers Centre,42419,2:38,Day,Away,Boston Red Sox,BOS,Toronto Blue Jays,TOR,33,6,7,6,6.0,4,2,37,0.212,0.297,0.485,0.782,136,83,0.284,0.71,0.494,,1.5,27,19,9.0,0,56,3,24,13,18,7,0,47,1,1,0.217,1.5,32,3,8,3,3.0,4,4,36,0.25,0.333,0.344,0.677,138,91,-0.219,0.38,0.335,,-1.5,27,13,9.0,2,52,12,27,17,11,7,0,31,0,0,-0.282,-1.5
BAL/BAL201505110,"Monday, May 11, 2015",7:08 p.m. Local,Oriole Park at Camden Yards,20468,2:43,Night,Home,Baltimore Orioles,BAL,Toronto Blue Jays,TOR,33,2,8,2,2.0,2,13,35,0.242,0.286,0.333,0.619,143,91,-0.287,0.49,0.34,,-2.5,24,7,8.0,3,44,13,34,10,10,7,0,47,3,1,-0.214,-1.0,31,5,8,5,5.62,2,9,35,0.258,0.314,0.548,0.863,132,92,0.213,0.8,0.485,,1.0,27,9,9.0,0,54,20,18,8,15,7,0,64,0,0,0.287,2.5
BAL/BAL201505120,"Tuesday, May 12, 2015",7:08 p.m. Local,Oriole Park at Camden Yards,17319,2:37,Night,Away,Toronto Blue Jays,TOR,Baltimore Orioles,BAL,40,10,13,7,6.0,2,9,44,0.325,0.386,0.575,0.961,111,109,0.376,0.77,1.043,,5.5,27,12,9.0,0,67,18,24,15,16,8,0,59,0,0,0.125,2.5,31,2,5,2,2.0,1,5,32,0.161,0.188,0.226,0.413,162,78,-0.124,1.03,0.384,,-2.5,27,11,9.0,3,51,8,19,13,13,7,0,39,2,2,-0.376,-5.5
BAL/BAL201505130,"Wednesday, May 13, 2015",7:07 p.m. Local,Oriole Park at Camden Yards,24654,2:39,Night,Home,Baltimore Orioles,BAL,Toronto Blue Jays,TOR,30,1,4,0,0.0,3,7,34,0.133,0.235,0.133,0.369,141,76,-0.22,0.39,0.204,,-3.5,24,11,8.0,1,42,12,22,9,14,5,0,32,2,0,-0.281,-2.0,32,6,9,6,6.75,5,2,40,0.281,0.41,0.531,0.942,116,79,0.281,0.57,0.451,,2.0,27,9,9.0,0,48,10,21,14,17,8,0,73,2,0,0.219,3.5
HOU/HOU201505140,"Thursday, May 14, 2015",7:10 p.m. Local,Minute Maid Park,15777,2:48,Night,Home,Houston Astros,HOU,Toronto Blue Jays,TOR,30,4,7,4,4.0,3,1,34,0.233,0.294,0.5,0.794,160,75,0.028,1.18,0.647,,-0.2,24,9,8.0,0,47,7,21,16,14,10,0,62,1,1,-0.527,-2.2,31,6,8,5,5.62,6,13,37,0.258,0.378,0.419,0.798,118,93,0.529,0.98,1.085,,2.2,27,15,9.0,2,42,24,27,9,9,8,0,42,3,1,-0.027,0.2
HOU/HOU201505150,"Friday, May 15, 2015",7:10 p.m. Local,Minute Maid Park,21653,2:29,Night,Home,Houston Astros,HOU,Toronto Blue Jays,TOR,34,4,8,4,4.0,3,9,37,0.235,0.297,0.265,0.562,136,86,-0.14,0.44,0.432,,-0.2,24,9,8.0,3,46,16,24,18,7,5,0,22,0,0,-0.36,-4.2,34,8,11,8,9.0,0,5,36,0.324,0.333,0.676,1.01,135,98,0.361,0.91,0.539,,4.2,27,18,9.0,0,61,15,22,12,18,8,0,42,2,0,0.139,0.2
HOU/HOU201505160,"Saturday, May 16, 2015",6:11 p.m. Local,Minute Maid Park,27102,3:08,Night,Home,Houston Astros,HOU,Toronto Blue Jays,TOR,33,5,6,5,5.0,5,15,38,0.182,0.289,0.394,0.683,155,107,-0.073,0.83,0.427,,0.8,24,4,8.0,3,48,20,39,7,11,4,0,57,2,2,-0.426,-2.2,32,6,8,6,6.75,4,13,36,0.25,0.333,0.563,0.896,162,106,0.427,0.76,0.883,,2.2,27,5,9.0,1,55,19,32,6,13,5,0,59,1,0,0.074,-0.8
HOU/HOU201505170,"Sunday, May 17, 2015",1:12 p.m. Local,Minute Maid Park,25307,2:22,Day,Home,Houston Astros,HOU,Toronto Blue Jays,TOR,31,2,8,2,2.0,1,10,37,0.258,0.286,0.387,0.673,111,90,-0.322,0.94,0.582,,-2.3,24,9,8.0,2,52,17,21,8,17,8,0,57,,,-0.178,-0.2,29,4,6,4,4.5,2,5,32,0.207,0.25,0.483,0.733,136,73,0.177,1.48,0.674,,0.2,27,7,9.0,0,49,5,19,12,13,4,0,65,0,0,0.322,2.2
TOR/TOR201505180,"Monday, May 18, 2015",1:08 p.m. Local,Rogers Centre,29306,3:28,Day,Home,Toronto Blue Jays,TOR,Los Angeles Angels of Anaheim,LAA,39,6,12,5,6.0,1,10,40,0.308,0.325,0.615,0.94,179,101,0.192,0.95,0.786,,1.5,24,12,8.0,1,59,15,27,9,20,6,0,32,3,3,-0.693,-6.0,38,10,17,10,11.25,5,7,44,0.447,0.512,0.658,1.17,154,102,0.693,0.85,1.214,,6.0,27,6,9.0,3,67,16,21,15,17,11,0,44,3,1,-0.193,-1.5
TOR/TOR201505190,"Tuesday, May 19, 2015",7:07 p.m. Local,Rogers Centre,15062,2:32,Night,Away,Los Angeles Angels of Anaheim,LAA,Toronto Blue Jays,TOR,32,3,6,3,3.0,3,6,36,0.188,0.25,0.281,0.531,120,76,0.027,1.36,0.828,,-1.5,27,8,9.0,1,45,12,19,18,9,5,0,65,0,0,0.473,2.5,29,2,4,2,1.0,3,6,34,0.138,0.212,0.241,0.454,133,76,-0.474,1.65,0.408,,-2.5,27,16,9.0,1,42,10,24,10,15,7,0,56,2,1,-0.028,1.5
TOR/TOR201505200,"Wednesday, May 20, 2015",7:07 p.m. Local,Rogers Centre,16402,2:36,Night,Away,Los Angeles Angels of Anaheim,LAA,Toronto Blue Jays,TOR,35,4,8,4,4.0,3,7,39,0.229,0.308,0.4,0.708,116,88,0.13,1.37,1.078,,-0.5,27,11,9.0,0,58,9,21,15,13,7,0,58,0,0,0.369,1.5,31,3,5,3,3.0,3,5,34,0.161,0.235,0.226,0.461,139,73,-0.368,1.43,0.627,,-1.5,27,13,9.0,1,40,13,20,13,13,5,0,49,2,2,-0.131,0.5
TOR/TOR201505210,"Thursday, May 21, 2015",7:09 p.m. Local,Rogers Centre,19014,2:22,Night,Home,Toronto Blue Jays,TOR,Los Angeles Angels of Anaheim,LAA,31,4,5,4,4.0,2,7,33,0.161,0.212,0.419,0.631,126,73,-0.203,0.56,0.234,,-0.5,24,8,8.0,2,43,12,18,14,10,5,0,28,2,2,-0.298,-4.0,33,8,10,7,7.88,4,5,38,0.303,0.368,0.576,0.944,107,79,0.298,0.56,0.644,,4.0,27,14,9.0,2,51,12,16,14,15,7,0,66,,,0.202,0.5
TOR/TOR201505220,"Friday, May 22, 2015",7:08 p.m. Local,Rogers Centre,21195,2:30,Night,Away,Seattle Mariners,SEA,Toronto Blue Jays,TOR,32,4,6,4,4.0,4,6,36,0.188,0.278,0.406,0.684,128,83,0.139,1.02,0.605,,-0.5,27,15,9.0,2,46,13,24,13,12,7,1,71,0,0,0.361,1.5,31,3,7,3,3.0,3,8,34,0.226,0.294,0.452,0.746,132,81,-0.363,0.73,0.435,,-1.5,27,10,9.0,1,41,14,26,16,7,5,0,51,0,0,-0.139,0.5
TOR/TOR201505230,"Saturday, May 23, 2015",1:07 p.m. Local,Rogers Centre,33086,2:25,Day,Away,Seattle Mariners,SEA,Toronto Blue Jays,TOR,31,3,6,3,3.0,3,6,36,0.194,0.286,0.355,0.641,141,73,-0.109,1.54,0.541,,-1.5,27,11,9.0,1,43,12,18,7,19,5,0,57,0,0,0.61,2.5,28,2,4,2,2.0,4,9,33,0.143,0.242,0.286,0.528,121,86,-0.609,0.94,0.495,,-2.5,27,7,9.0,1,48,11,27,8,12,5,0,57,1,0,0.11,1.5
TOR/TOR201505240,"Sunday, May 24, 2015",1:07 p.m. Local,Rogers Centre,37929,2:50,Day,Home,Toronto Blue Jays,TOR,Seattle Mariners,SEA,31,2,8,2,2.0,2,9,34,0.258,0.294,0.387,0.681,153,85,-0.189,0.71,0.397,,-2.5,24,7,8.0,2,46,12,27,12,11,7,0,40,6,2,-0.312,-4.0,34,8,10,8,9.0,6,7,40,0.294,0.4,0.529,0.929,134,91,0.311,0.84,0.749,,4.0,27,11,9.0,1,52,12,27,11,16,6,0,54,1,0,0.189,2.5
TOR/TOR201505250,"Monday, May 25, 2015",7:08 p.m. Local,Rogers Centre,15168,2:10,Night,Home,Toronto Blue Jays,TOR,Chicago White Sox,CHW,29,0,4,0,0.0,0,8,29,0.138,0.138,0.138,0.276,142,70,-0.208,0.33,0.076,,-4.5,24,15,8.0,2,39,7,24,13,8,1,0,48,0,0,-0.292,-2.0,30,6,7,6,6.75,4,4,34,0.233,0.324,0.467,0.79,96,87,0.292,0.43,0.442,,2.0,27,10,9.0,0,58,10,19,16,10,3,0,87,,,0.208,4.5
TOR/TOR201505260,"Tuesday, May 26, 2015",7:08 p.m. Local,Rogers Centre,17276,3:12,Night,Home,Toronto Blue Jays,TOR,Chicago White Sox,CHW,41,9,14,9,9.0,2,8,45,0.341,0.378,0.488,0.866,150,114,0.93,1.43,1.671,,4.5,24,7,8.0,2,70,17,27,13,21,13,0,33,1,0,-1.43,-6.0,37,10,13,10,11.25,1,7,38,0.351,0.368,0.73,1.098,175,107,1.431,1.5,2.172,,6.0,27,9,9.0,1,62,15,30,11,19,7,0,34,4,1,-0.929,-4.5
TOR/TOR201505270,"Wednesday, May 27, 2015",12:37 p.m. Local,Rogers Centre,15463,3:31,Day,Away,Chicago White Sox,CHW,Toronto Blue Jays,TOR,43,5,14,5,4.5,0,6,44,0.326,0.341,0.419,0.76,167,104,0.379,1.86,0.95,,-0.0,30,11,10.0,1,66,10,31,13,24,10,0,63,4,1,0.119,2.0,42,3,13,3,1.8,2,7,45,0.31,0.333,0.405,0.738,155,114,-0.119,0.87,1.352,,-2.0,30,9,10.0,0,69,16,29,18,18,7,0,51,0,0,-0.381,0.0
MIN/MIN201505290,"Friday, May 29, 2015",8:11 p.m. Local,Target Field,24509,2:15,Night,Away,Toronto Blue Jays,TOR,Minnesota Twins,MIN,36,6,11,6,6.0,2,8,38,0.306,0.342,0.556,0.898,111,80,0.312,0.99,1.019,,1.6,27,11,9.0,0,43,12,25,14,14,8,0,62,,,0.188,0.4,31,4,6,4,4.0,0,3,32,0.194,0.188,0.258,0.446,130,75,-0.189,1.14,0.44,,-0.4,27,13,9.0,2,47,6,22,12,17,4,0,44,4,0,-0.311,-1.6
MIN/MIN201505300,"Saturday, May 30, 2015",1:11 p.m. Local,Target Field,32076,2:41,Day,Home,Minnesota Twins,MIN,Toronto Blue Jays,TOR,33,2,9,1,1.0,4,7,38,0.273,0.351,0.424,0.776,127,85,-0.424,1.19,0.854,,-2.4,24,10,8.0,1,47,11,27,10,17,8,0,52,0,0,-0.074,0.9,29,3,9,3,3.38,3,6,33,0.31,0.375,0.552,0.927,141,83,0.075,1.51,0.804,,-0.9,27,10,9.0,1,52,12,19,14,10,7,0,46,2,0,0.425,2.4
MIN/MIN201505310,"Sunday, May 31, 2015",1:14 p.m. Local,Target Field,33829,3:08,Day,Home,Minnesota Twins,MIN,Toronto Blue Jays,TOR,35,5,13,5,4.0,3,6,40,0.371,0.41,0.514,0.925,132,94,0.048,1.24,1.055,,0.6,24,10,8.0,1,55,12,27,14,17,5,0,41,2,0,-0.549,-2.1,32,6,9,6,5.62,1,6,34,0.281,0.294,0.469,0.763,163,93,0.548,1.48,1.193,,2.1,27,13,9.0,1,61,13,19,10,17,8,0,40,3,2,-0.049,-0.6
WAS/WAS201506021,"Tuesday, June 2, 2015",1:07 p.m. Local,Nationals Park,23192,2:17,Day,Home,Washington Nationals,WSN,Toronto Blue Jays,TOR,31,0,6,0,0.0,1,5,33,0.194,0.219,0.194,0.412,123,78,-0.544,1.01,0.307,,-4.3,24,8,8.0,0,45,9,24,11,16,6,0,53,0,0,0.044,1.8,31,2,9,2,2.25,2,7,35,0.29,0.324,0.29,0.614,117,87,-0.042,1.25,0.484,,-1.8,27,7,9.0,0,50,21,16,13,13,8,0,73,0,0,0.544,4.3
WAS/WAS201506022,"Tuesday, June 2, 2015",7:05 p.m. Local,Nationals Park,25765,3:04,Night,Away,Toronto Blue Jays,TOR,Washington Nationals,WSN,36,7,10,6,7.0,4,9,41,0.278,0.341,0.472,0.814,147,103,0.485,0.99,0.998,,2.7,27,6,9.0,0,56,21,26,11,17,13,0,53,0,0,0.013,1.3,33,3,6,3,2.0,2,9,36,0.182,0.222,0.273,0.495,155,96,-0.014,0.86,0.584,,-1.3,27,9,9.0,2,63,14,19,8,17,10,0,47,2,1,-0.488,-2.7
WAS/WAS201506030,"Wednesday, June 3, 2015",7:04 p.m. Local,Nationals Park,33654,2:13,Night,Away,Toronto Blue Jays,TOR,Washington Nationals,WSN,38,8,13,8,8.0,1,6,40,0.342,0.359,0.5,0.859,93,91,0.323,0.42,0.431,,3.7,27,19,9.0,0,52,13,26,20,13,10,0,76,,,0.176,4.3,31,0,6,0,0.0,1,2,32,0.194,0.219,0.226,0.445,136,66,-0.176,0.37,0.119,,-4.3,27,14,9.0,1,46,5,15,21,8,6,0,27,0,0,-0.324,-3.7
TOR/TOR201506050,"Friday, June 5, 2015",7:07 p.m. Local,Rogers Centre,22971,2:35,Night,Home,Toronto Blue Jays,TOR,Houston Astros,HOU,31,2,6,1,1.0,0,6,31,0.194,0.194,0.29,0.484,127,75,-0.238,0.41,0.075,,-2.5,24,9,8.0,2,42,14,19,15,10,4,0,28,1,0,-0.26,-2.0,31,6,9,5,5.62,4,3,35,0.29,0.371,0.548,0.92,114,78,0.259,0.42,0.504,,2.0,27,14,9.0,1,57,6,15,13,15,6,0,67,2,1,0.24,2.5
TOR/TOR201506060,"Saturday, June 6, 2015",1:07 p.m. Local,Rogers Centre,31809,3:16,Day,Home,Toronto Blue Jays,TOR,Houston Astros,HOU,32,2,8,2,2.0,1,10,33,0.25,0.273,0.344,0.616,169,84,-0.249,0.51,0.292,,-2.5,24,8,8.0,0,45,22,17,7,15,8,0,36,1,0,-0.253,-3.0,32,7,10,7,5.62,5,7,41,0.312,0.41,0.438,0.848,135,110,0.254,0.7,0.513,,3.0,27,8,9.0,1,75,16,19,10,18,8,0,61,2,0,0.248,2.5
TOR/TOR201506070,"Sunday, June 7, 2015",1:08 p.m. Local,Rogers Centre,35571,3:06,Day,Home,Toronto Blue Jays,TOR,Houston Astros,HOU,34,6,8,4,4.0,5,8,42,0.235,0.357,0.382,0.739,152,97,0.397,1.62,1.073,,1.5,25,6,8.1,3,51,20,26,8,19,7,0,48,0,0,-0.897,-3.0,37,7,12,7,7.56,2,4,40,0.324,0.375,0.595,0.97,163,93,0.898,1.15,1.694,,3.0,27,8,9.0,1,55,7,31,11,22,11,0,54,3,0,-0.397,-1.5
TOR/TOR201506080,"Monday, June 8, 2015",7:08 p.m. Local,Rogers Centre,17582,2:47,Night,Home,Toronto Blue Jays,TOR,Miami Marlins,MIA,34,3,8,3,3.0,0,8,34,0.235,0.235,0.382,0.618,161,91,-0.098,0.3,0.108,,-1.5,24,8,8.0,1,60,10,21,13,13,8,0,16,3,0,-0.402,-7.0,36,11,12,10,11.25,7,7,44,0.333,0.455,0.528,0.982,129,92,0.402,0.28,0.496,,7.0,27,11,9.0,1,57,10,25,11,18,8,0,57,0,0,0.098,1.5
TOR/TOR201506090,"Tuesday, June 9, 2015",7:07 p.m. Local,Rogers Centre,20558,2:16,Night,Home,Toronto Blue Jays,TOR,Miami Marlins,MIA,37,3,10,3,3.0,1,5,38,0.27,0.289,0.541,0.83,113,94,-0.063,1.56,0.61,,-1.5,25,6,8.1,1,54,10,30,17,15,10,0,70,0,0,-0.437,0.2,28,4,5,4,4.32,1,9,31,0.179,0.194,0.321,0.515,145,75,0.437,0.88,1.207,,-0.2,27,13,9.0,3,43,11,21,6,15,6,0,50,0,0,0.062,1.5
TOR/TOR201506100,"Wednesday, June 10, 2015",12:37 p.m. Local,Rogers Centre,44106,2:08,Day,Home,Toronto Blue Jays,TOR,Miami Marlins,MIA,34,2,7,2,2.0,0,6,34,0.206,0.206,0.412,0.618,115,81,-0.272,0.47,0.181,,-2.5,24,14,8.0,4,39,14,28,15,13,7,0,41,0,0,-0.229,-3.0,30,7,9,7,6.75,2,7,33,0.3,0.333,0.767,1.1,119,69,0.23,0.57,0.472,,3.0,27,14,9.0,1,41,11,17,15,9,4,0,65,0,0,0.271,2.5
BOS/BOS201506120,"Friday, June 12, 2015",7:12 p.m. Local,Fenway Park,37575,3:24,Night,Away,Toronto Blue Jays,TOR,Boston Red Sox,BOS,41,13,15,13,12.0,2,4,43,0.366,0.395,0.585,0.981,185,101,0.824,0.43,1.168,,8.3,27,7,9.0,3,66,9,26,15,22,11,0,7,2,0,-0.322,-5.3,39,10,12,10,10.0,7,8,46,0.308,0.413,0.59,1.003,157,116,0.324,0.81,0.608,,5.3,27,12,9.0,1,61,13,42,8,23,13,0,43,2,2,-0.823,-8.3
BOS/BOS201506130,"Saturday, June 13, 2015",1:36 p.m. Local,Fenway Park,37158,3:26,Day,Away,Toronto Blue Jays,TOR,Boston Red Sox,BOS,44,5,12,5,4.09,1,9,45,0.273,0.289,0.341,0.63,166,110,-0.093,1.56,0.99,,-0.7,33,13,11.0,1,73,18,19,17,18,9,0,50,0,0,0.593,1.7,43,4,9,4,2.45,1,10,44,0.209,0.227,0.326,0.553,164,116,-0.595,1.28,0.778,,-1.7,33,12,11.0,1,65,19,32,19,14,6,0,46,0,0,0.094,0.7
BOS/BOS201506140,"Sunday, June 14, 2015",1:37 p.m. Local,Fenway Park,36296,3:12,Day,Away,Toronto Blue Jays,TOR,Boston Red Sox,BOS,41,13,16,13,13.0,4,4,45,0.39,0.444,0.61,1.054,163,91,0.334,0.48,0.618,,8.3,27,6,9.0,1,61,10,20,15,22,11,0,33,0,0,0.166,-0.3,34,5,8,5,5.0,6,6,40,0.235,0.35,0.382,0.732,153,103,-0.166,0.57,0.243,,0.3,27,14,9.0,2,67,8,28,11,17,6,0,10,3,3,-0.334,-8.3
NYN/NYN201506150,"Monday, June 15, 2015",7:11 p.m. Local,Citi Field,22172,3:26,Night,Home,New York Mets,NYM,Toronto Blue Jays,TOR,37,3,5,3,2.45,5,14,43,0.135,0.233,0.324,0.557,146,117,0.037,1.45,1.156,,-1.9,32,11,10.2,0,60,30,27,11,13,5,0,67,1,1,-0.538,0.7,38,4,6,4,2.53,2,8,41,0.158,0.2,0.237,0.437,193,94,0.536,1.54,1.55,,-0.7,33,10,11.0,2,54,13,27,16,15,6,0,73,1,0,-0.036,1.9
NYN/NYN201506160,"Tuesday, June 16, 2015",7:12 p.m. Local,Citi Field,24522,2:35,Night,Home,New York Mets,NYM,Toronto Blue Jays,TOR,32,2,7,2,2.0,2,8,35,0.219,0.257,0.313,0.57,120,99,-0.401,0.6,0.451,,-2.0,24,8,8.0,0,51,19,29,13,12,3,0,35,0,0,-0.099,0.6,31,3,9,3,3.38,0,4,32,0.29,0.281,0.355,0.636,148,81,0.101,1.31,0.418,,-0.6,27,11,9.0,0,50,9,22,13,15,9,0,75,3,2,0.4,2.0
TOR/TOR201506170,"Wednesday, June 17, 2015",7:07 p.m. Local,Rogers Centre,28906,2:33,Night,Home,Toronto Blue Jays,TOR,New York Mets,NYM,32,0,6,0,0.0,1,8,33,0.188,0.212,0.281,0.493,140,91,-0.481,0.7,0.206,,-4.5,24,13,8.0,2,57,13,21,8,16,5,0,53,1,0,-0.019,-4.0,30,8,10,8,9.0,8,7,38,0.333,0.474,0.567,1.04,145,81,0.018,0.96,0.498,,4.0,27,6,9.0,0,48,10,24,13,10,4,0,65,2,0,0.481,4.5
TOR/TOR201506180,"Thursday, June 18, 2015",7:08 p.m. Local,Rogers Centre,27588,2:34,Night,Home,Toronto Blue Jays,TOR,New York Mets,NYM,30,1,3,1,1.0,5,9,35,0.1,0.229,0.233,0.462,130,88,-0.249,0.6,0.128,,-3.5,24,8,8.0,1,48,18,22,6,15,5,0,22,0,0,-0.251,-3.0,35,7,10,7,6.75,2,10,37,0.286,0.324,0.429,0.753,140,79,0.25,0.57,0.496,,3.0,27,5,9.0,1,41,11,27,15,10,7,0,70,0,0,0.249,3.5
TOR/TOR201506190,"Friday, June 19, 2015",7:07 p.m. Local,Rogers Centre,32322,3:07,Night,Home,Toronto Blue Jays,TOR,Baltimore Orioles,BAL,33,4,6,4,4.0,5,8,40,0.182,0.325,0.182,0.507,132,107,-0.239,0.44,0.423,,-0.5,24,11,8.0,0,65,20,22,10,15,5,0,29,3,1,-0.261,-1.0,28,5,9,5,5.62,6,2,36,0.321,0.444,0.464,0.909,175,76,0.26,0.95,0.466,,1.0,27,9,9.0,0,46,10,20,14,13,2,0,73,4,2,0.24,0.5
TOR/TOR201506200,"Saturday, June 20, 2015",1:07 p.m. Local,Rogers Centre,46018,2:56,Day,Away,Baltimore Orioles,BAL,Toronto Blue Jays,TOR,35,5,10,5,5.0,1,8,38,0.286,0.316,0.371,0.687,165,86,0.166,1.61,1.118,,0.5,27,7,9.0,0,58,9,19,14,14,6,0,51,0,0,0.334,1.5,35,3,10,2,3.0,3,7,40,0.286,0.35,0.343,0.693,141,105,-0.333,1.69,0.866,,-1.5,27,11,9.0,0,58,19,28,13,16,4,0,61,2,2,-0.166,-0.5
TOR/TOR201506210,"Sunday, June 21, 2015",1:07 p.m. Local,Rogers Centre,46092,3:44,Day,Away,Baltimore Orioles,BAL,Toronto Blue Jays,TOR,42,13,16,13,13.0,5,9,47,0.381,0.447,0.619,1.066,165,126,0.737,1.22,1.627,,8.5,27,9,9.0,3,78,19,29,12,21,11,0,19,5,2,-0.239,-4.5,36,9,12,9,9.0,6,8,43,0.333,0.429,0.694,1.123,203,101,0.238,1.25,1.048,,4.5,27,8,9.0,2,65,13,23,10,19,10,0,11,4,2,-0.737,-8.5
TBA/TBA201506220,"Monday, June 22, 2015",7:10 p.m. Local,Tropicana Field,10324,3:28,Night,Away,Toronto Blue Jays,TOR,Tampa Bay Rays,TBR,37,8,11,8,8.0,2,7,39,0.297,0.333,0.595,0.928,189,109,0.519,1.41,0.906,,3.8,27,4,9.0,1,62,16,31,12,18,6,0,41,5,0,-0.019,-0.8,41,5,15,5,5.0,4,15,46,0.366,0.435,0.537,0.971,167,116,0.023,0.69,1.093,,0.8,27,10,9.0,3,63,23,30,7,19,9,0,44,0,0,-0.52,-3.8
TBA/TBA201506230,"Tuesday, June 23, 2015",7:10 p.m. Local,Tropicana Field,11474,2:14,Night,Home,Tampa Bay Rays,TBR,Toronto Blue Jays,TOR,31,3,4,2,2.0,1,9,33,0.129,0.156,0.323,0.479,126,79,-0.343,0.87,0.552,,-1.2,24,15,8.0,1,34,16,29,8,15,6,0,48,0,0,-0.156,-0.3,30,4,9,3,4.5,4,2,36,0.3,0.417,0.433,0.85,115,77,0.155,1.34,0.617,,0.3,27,7,9.0,2,44,10,23,11,17,9,0,76,0,0,0.344,1.2
TBA/TBA201506240,"Wednesday, June 24, 2015",12:10 p.m. Local,Tropicana Field,18469,3:39,Day,Away,Toronto Blue Jays,TOR,Tampa Bay Rays,TBR,40,1,6,1,0.75,4,13,45,0.15,0.244,0.225,0.469,193,98,-0.612,1.96,1.07,,-4.6,36,7,12.0,0,54,15,29,9,18,6,0,90,1,0,1.114,5.6,40,0,4,0,0.0,3,15,43,0.1,0.163,0.125,0.288,163,121,-1.113,1.93,0.573,,-5.6,36,9,12.0,1,74,24,23,9,16,4,0,68,2,0,0.614,4.6
TOR/TOR201506260,"Friday, June 26, 2015",7:07 p.m. Local,Rogers Centre,25821,2:26,Night,Home,Toronto Blue Jays,TOR,Texas Rangers,TEX,33,2,7,2,2.0,2,7,35,0.212,0.257,0.364,0.621,147,89,-0.01,0.35,0.231,,-2.5,24,17,8.0,4,51,12,26,14,12,8,0,18,0,0,-0.491,-8.0,34,12,13,12,12.38,6,3,41,0.382,0.463,0.794,1.258,130,83,0.491,0.37,0.578,,8.0,27,13,9.0,1,51,6,26,17,15,8,0,62,0,0,0.009,2.5
TOR/TOR201506270,"Saturday, June 27, 2015",1:08 p.m. Local,Rogers Centre,37167,2:24,Day,Away,Texas Rangers,TEX,Toronto Blue Jays,TOR,37,4,11,4,4.0,0,12,38,0.297,0.289,0.541,0.83,108,99,0.088,0.65,0.418,,-0.5,27,12,9.0,0,54,19,26,11,15,10,0,79,1,0,0.411,4.5,28,0,3,0,0.0,2,4,30,0.107,0.167,0.107,0.274,141,67,-0.41,0.52,0.075,,-4.5,27,7,9.0,3,34,10,23,13,11,7,0,47,2,0,-0.089,0.5
TOR/TOR201506280,"Sunday, June 28, 2015",1:07 p.m. Local,Rogers Centre,42376,2:40,Day,Home,Toronto Blue Jays,TOR,Texas Rangers,TEX,37,2,9,2,1.0,4,13,41,0.243,0.317,0.297,0.614,120,99,-0.52,0.68,0.893,,-2.5,24,10,8.0,1,46,30,23,13,11,5,0,51,0,0,0.02,1.0,27,3,4,3,3.38,4,5,31,0.148,0.258,0.296,0.554,149,74,-0.021,1.89,0.376,,-1.0,27,7,9.0,0,40,10,24,11,11,6,0,64,8,1,0.521,2.5
TOR/TOR201506290,"Monday, June 29, 2015",7:09 p.m. Local,Rogers Centre,27107,2:26,Night,Away,Boston Red Sox,BOS,Toronto Blue Jays,TOR,32,3,7,3,3.0,3,5,35,0.219,0.286,0.375,0.661,107,96,-0.008,1.05,0.485,,-1.5,27,11,9.0,0,65,18,13,15,12,4,0,73,0,0,0.508,3.5,29,1,5,1,1.0,0,5,30,0.172,0.2,0.241,0.441,138,76,-0.508,0.77,0.241,,-3.5,27,13,9.0,0,47,8,21,11,13,2,0,48,0,0,0.008,1.5
TOR/TOR201506300,"Tuesday, June 30, 2015",7:07 p.m. Local,Rogers Centre,28942,3:04,Night,Away,Boston Red Sox,BOS,Toronto Blue Jays,TOR,34,4,7,4,2.0,5,3,39,0.206,0.308,0.412,0.719,140,98,0.064,1.25,0.519,,-0.5,27,11,9.0,1,65,14,19,14,17,3,0,62,0,0,0.437,1.5,33,3,6,3,3.0,2,5,35,0.182,0.229,0.333,0.562,161,87,-0.438,0.77,0.474,,-1.5,27,10,9.0,2,47,17,23,13,15,4,0,36,2,0,-0.063,0.5
TOR/TOR201507010,"Wednesday, July 1, 2015",1:17 p.m. Local,Rogers Centre,45392,2:19,Day,Home,Toronto Blue Jays,TOR,Boston Red Sox,BOS,33,2,6,2,2.0,0,10,33,0.182,0.182,0.424,0.606,137,93,-0.106,0.25,0.03,,-2.5,24,10,8.0,5,51,10,32,12,11,8,0,17,0,0,-0.395,-7.0,37,11,16,11,12.38,1,5,40,0.432,0.45,0.919,1.369,139,95,0.396,0.18,0.491,,7.0,27,7,9.0,1,60,12,23,10,23,13,0,72,0,0,0.106,2.5
TOR/TOR201507020,"Thursday, July 2, 2015",7:07 p.m. Local,Rogers Centre,29758,3:34,Night,Away,Boston Red Sox,BOS,Toronto Blue Jays,TOR,46,12,19,12,12.0,3,7,49,0.413,0.449,0.63,1.079,165,126,0.429,0.66,0.592,,7.5,27,11,9.0,2,78,18,30,19,20,14,0,32,0,0,0.073,-1.5,39,6,14,6,6.0,8,6,47,0.359,0.468,0.538,1.007,188,99,-0.071,0.34,0.437,,1.5,27,8,9.0,2,55,13,31,13,20,12,0,9,4,3,-0.429,-7.5
DET/DET201507030,"Friday, July 3, 2015",7:08 p.m. Local,Comerica Park,39367,3:01,Night,Home,Detroit Tigers,DET,Toronto Blue Jays,TOR,33,6,6,6,6.0,5,7,38,0.182,0.289,0.212,0.502,136,95,-0.257,0.51,0.231,,1.7,24,10,8.0,0,51,11,33,11,15,5,0,22,2,0,-0.244,-4.1,32,8,13,6,6.75,3,5,36,0.406,0.444,0.5,0.944,154,85,0.244,0.68,0.519,,4.1,27,6,9.0,0,54,14,17,11,17,9,0,58,4,3,0.256,-1.7
DET/DET201507040,"Saturday, July 4, 2015",1:09 p.m. Local,Comerica Park,37214,3:10,Day,Home,Detroit Tigers,DET,Toronto Blue Jays,TOR,36,3,10,3,3.0,1,8,37,0.278,0.297,0.5,0.797,164,97,-0.222,0.36,0.188,,-1.3,24,11,8.0,1,55,13,29,15,13,7,0,26,3,0,-0.278,-4.1,33,8,13,7,7.88,3,4,39,0.394,0.487,0.606,1.093,141,102,0.279,0.46,0.479,,4.1,27,12,9.0,2,72,16,14,15,14,10,0,63,0,0,0.222,1.3
DET/DET201507050,"Sunday, July 5, 2015",1:08 p.m. Local,Comerica Park,35102,3:17,Day,Away,Toronto Blue Jays,TOR,Detroit Tigers,DET,38,10,12,10,10.0,7,7,46,0.316,0.413,0.553,0.966,164,99,0.283,0.56,0.62,,5.7,27,11,9.0,2,62,10,27,15,17,7,0,51,2,0,0.219,-0.7,37,5,11,5,5.0,2,5,39,0.297,0.333,0.541,0.874,171,108,-0.22,0.53,0.257,,0.7,27,8,9.0,2,69,18,21,14,18,8,0,28,3,2,-0.282,-5.7
CHA/CHA201507060,"Monday, July 6, 2015",7:10 p.m. Local,U.S. Cellular Field,24593,1:54,Night,Home,Chicago White Sox,CHW,Toronto Blue Jays,TOR,31,2,6,2,2.0,0,6,32,0.194,0.219,0.387,0.606,104,77,-0.183,1.61,0.556,,-2.2,24,12,8.0,0,45,11,21,13,12,4,0,58,,,-0.316,-0.3,31,4,9,3,0.0,0,2,31,0.29,0.29,0.355,0.645,108,71,0.317,1.09,1.145,,0.3,27,12,9.0,2,49,3,19,16,13,7,0,73,,,0.184,2.2
CHA/CHA201507070,"Tuesday, July 7, 2015",7:11 p.m. Local,U.S. Cellular Field,17028,2:33,Night,Away,Toronto Blue Jays,TOR,Chicago White Sox,CHW,30,2,5,2,2.0,1,8,31,0.167,0.194,0.267,0.46,125,84,-0.188,1.75,0.298,,-2.2,27,14,9.0,0,47,11,26,17,5,4,0,63,1,0,0.689,3.2,33,1,7,1,1.0,1,8,36,0.212,0.257,0.242,0.5,129,84,-0.687,0.8,0.623,,-3.2,27,15,9.0,1,50,13,21,20,6,2,0,74,0,0,0.188,2.2
CHA/CHA201507080,"Wednesday, July 8, 2015",7:10 p.m. Local,U.S. Cellular Field,17032,3:51,Night,Home,Chicago White Sox,CHW,Toronto Blue Jays,TOR,38,6,10,6,4.91,5,11,46,0.263,0.356,0.342,0.698,168,112,-0.147,1.77,1.144,,0.9,30,11,10.0,1,64,16,32,16,13,7,0,41,2,1,-0.352,-2.3,41,7,16,7,6.3,3,12,46,0.39,0.435,0.537,0.971,186,109,0.352,1.52,1.697,,2.3,33,15,11.0,0,63,20,27,14,16,9,0,26,1,0,0.149,-0.9
CHA/CHA201507090,"Thursday, July 9, 2015",1:10 p.m. Local,U.S. Cellular Field,23298,2:15,Day,Home,Chicago White Sox,CHW,Toronto Blue Jays,TOR,29,0,4,0,0.0,1,5,30,0.138,0.167,0.138,0.305,133,70,-0.551,0.98,0.244,,-4.2,24,10,8.0,1,38,16,16,12,12,5,0,65,0,0,0.05,1.7,29,2,5,1,2.25,2,7,31,0.172,0.226,0.345,0.571,108,91,-0.05,1.01,0.552,,-1.7,27,13,9.0,0,53,17,21,12,10,3,0,83,,,0.55,4.2
KCA/KCA201507100,"Friday, July 10, 2015",9:17 p.m. Local,Kauffman Stadium,31558,2:55,Night,Home,Kansas City Royals,KCR,Toronto Blue Jays,TOR,31,0,6,0,0.0,3,5,35,0.194,0.286,0.258,0.544,131,89,-0.527,0.73,0.357,,-4.6,24,4,8.0,1,50,14,25,11,15,5,0,49,1,0,0.024,1.1,35,3,11,3,3.38,1,3,36,0.314,0.333,0.457,0.79,147,83,-0.026,1.16,0.432,,-1.1,27,10,9.0,0,57,8,18,6,26,11,0,61,0,0,0.525,4.6
KCA/KCA201507110,"Saturday, July 11, 2015",1:12 p.m. Local,Kauffman Stadium,30790,2:42,Day,Away,Toronto Blue Jays,TOR,Kansas City Royals,KCR,38,6,11,6,6.0,5,7,43,0.289,0.372,0.474,0.846,110,111,0.114,1.15,0.842,,1.4,27,14,9.0,0,59,22,32,19,12,4,0,61,0,0,0.387,2.6,30,2,5,2,2.0,0,4,33,0.167,0.194,0.233,0.427,167,80,-0.388,1.02,0.309,,-2.6,27,13,9.0,2,49,8,23,17,11,7,0,52,3,1,-0.112,-1.4
KCA/KCA201507120,"Sunday, July 12, 2015",1:12 p.m. Local,Kauffman Stadium,31962,3:23,Day,Home,Kansas City Royals,KCR,Toronto Blue Jays,TOR,38,10,12,10,2.0,4,5,42,0.316,0.381,0.474,0.855,133,104,0.475,0.77,1.528,,5.4,24,13,8.0,2,60,14,30,18,15,6,0,25,1,1,-0.974,-6.9,37,11,15,10,9.0,0,3,39,0.405,0.421,0.622,1.043,175,86,0.976,1.27,1.194,,6.9,27,13,9.0,0,53,10,23,18,17,9,0,47,3,2,-0.475,-5.4
TOR/TOR201507170,"Friday, July 17, 2015",7:07 p.m. Local,Rogers Centre,32908,2:35,Night,Home,Toronto Blue Jays,TOR,Tampa Bay Rays,TBR,31,2,5,2,2.0,3,8,35,0.161,0.257,0.29,0.547,133,80,-0.215,0.87,0.333,,-2.5,24,9,8.0,2,50,11,19,10,13,6,0,23,0,0,-0.286,-2.0,27,6,6,6,6.75,6,2,35,0.222,0.353,0.519,0.871,122,84,0.286,0.77,0.692,,2.0,27,8,9.0,1,50,13,21,10,17,7,0,55,0,0,0.215,2.5
TOR/TOR201507180,"Saturday, July 18, 2015",1:09 p.m. Local,Rogers Centre,41583,2:38,Day,Away,Tampa Bay Rays,TBR,Toronto Blue Jays,TOR,32,3,8,3,3.0,1,6,34,0.25,0.273,0.531,0.804,126,94,0.054,1.55,0.747,,-1.5,27,10,9.0,1,59,16,19,13,14,6,0,56,1,0,0.446,2.5,33,2,6,2,2.0,1,4,35,0.182,0.229,0.364,0.592,137,76,-0.446,1.02,0.667,,-2.5,27,11,9.0,2,50,9,17,12,17,6,0,63,0,0,-0.054,1.5
TOR/TOR201507190,"Sunday, July 19, 2015",1:07 p.m. Local,Rogers Centre,41683,2:30,Day,Home,Toronto Blue Jays,TOR,Tampa Bay Rays,TBR,28,0,4,0,0.0,0,8,29,0.143,0.143,0.214,0.357,133,84,-0.506,0.59,0.172,,-4.5,24,8,8.0,2,51,17,16,5,16,4,0,64,0,0,0.005,0.0,30,4,6,4,4.5,2,7,32,0.2,0.25,0.433,0.683,125,85,-0.004,0.96,0.366,,-0.0,27,5,9.0,0,52,15,18,10,13,6,0,81,0,0,0.505,4.5
OAK/OAK201507210,"Tuesday, July 21, 2015",7:07 p.m. Local,O.co Coliseum,19364,2:38,Night,Away,Toronto Blue Jays,TOR,Oakland Athletics,OAK,36,7,10,7,7.0,5,7,41,0.278,0.366,0.611,0.977,123,102,0.202,0.85,0.505,,2.8,27,9,9.0,0,49,17,36,17,12,7,0,60,0,0,0.297,3.2,34,1,8,1,1.0,1,4,35,0.235,0.257,0.294,0.551,165,84,-0.298,0.45,0.318,,-3.2,27,14,9.0,3,58,2,24,15,15,6,0,33,2,0,-0.201,-2.8
OAK/OAK201507220,"Wednesday, July 22, 2015",7:09 p.m. Local,O.co Coliseum,18827,3:49,Night,Home,Oakland Athletics,OAK,Toronto Blue Jays,TOR,39,3,12,3,2.7,5,6,44,0.308,0.386,0.41,0.797,185,105,-0.206,1.38,1.418,,-1.7,29,12,9.2,0,66,18,21,17,16,10,0,39,5,0,-0.294,0.5,38,4,11,4,2.79,4,7,43,0.289,0.349,0.342,0.691,164,118,0.294,2.02,1.262,,-0.5,30,19,10.0,1,75,15,28,17,15,11,0,52,0,0,0.206,1.7
OAK/OAK201507230,"Thursday, July 23, 2015",12:37 p.m. Local,O.co Coliseum,19045,2:34,Day,Away,Toronto Blue Jays,TOR,Oakland Athletics,OAK,34,5,8,5,5.0,1,8,36,0.235,0.25,0.5,0.75,106,89,0.272,1.02,0.635,,0.8,27,12,9.0,0,52,12,25,14,13,4,0,70,1,0,0.228,2.2,31,2,5,2,2.0,1,6,33,0.161,0.212,0.226,0.438,130,75,-0.227,0.65,0.424,,-2.2,27,12,9.0,2,44,12,19,14,11,5,0,46,0,0,-0.272,-0.8
SEA/SEA201507240,"Friday, July 24, 2015",7:10 p.m. Local,Safeco Field,43328,2:49,Night,Home,Seattle Mariners,SEA,Toronto Blue Jays,TOR,34,2,7,2,1.0,1,8,35,0.206,0.229,0.294,0.523,151,86,-0.246,0.78,0.239,,-2.2,24,8,8.0,1,52,14,20,13,13,7,0,27,1,1,-0.255,-1.3,31,5,9,4,5.62,5,8,36,0.29,0.389,0.548,0.937,130,85,0.255,0.75,0.787,,1.3,27,10,9.0,1,52,23,11,9,14,6,0,65,0,0,0.245,2.2
SEA/SEA201507250,"Saturday, July 25, 2015",1:10 p.m. Local,Safeco Field,45027,3:29,Day,Away,Toronto Blue Jays,TOR,Seattle Mariners,SEA,33,8,8,8,8.0,9,6,43,0.242,0.419,0.455,0.873,149,103,0.737,1.16,1.519,,3.8,27,10,9.0,2,61,11,31,15,12,7,0,28,0,0,-0.236,-1.8,36,6,9,6,5.0,3,8,41,0.25,0.317,0.417,0.734,183,98,0.238,1.43,0.887,,1.8,27,14,9.0,1,60,18,20,13,16,13,0,38,7,0,-0.736,-3.8
SEA/SEA201507260,"Sunday, July 26, 2015",1:11 p.m. Local,Safeco Field,35159,3:05,Day,Home,Seattle Mariners,SEA,Toronto Blue Jays,TOR,35,5,9,4,3.6,5,10,41,0.257,0.341,0.457,0.799,159,100,-0.116,1.59,0.905,,0.4,28,10,9.1,3,53,16,31,11,15,8,0,39,1,0,-0.383,-1.6,39,6,13,6,5.79,2,7,41,0.333,0.366,0.564,0.93,165,110,0.384,1.26,1.582,,1.6,30,10,10.0,2,68,19,23,14,18,9,0,49,0,0,0.116,-0.4
TOR/TOR201507280,"Tuesday, July 28, 2015",7:09 p.m. Local,Rogers Centre,30516,2:29,Night,Away,Philadelphia Phillies,PHI,Toronto Blue Jays,TOR,30,3,6,3,3.0,2,10,32,0.2,0.25,0.3,0.55,119,78,-0.067,1.45,0.595,,-1.5,27,11,9.0,1,49,14,16,14,6,4,0,54,0,0,0.567,2.5,31,2,6,2,2.0,2,3,34,0.194,0.235,0.323,0.558,124,79,-0.568,0.98,0.422,,-2.5,27,14,9.0,0,47,11,21,10,19,6,0,39,1,0,0.067,1.5
TOR/TOR201507290,"Wednesday, July 29, 2015",7:08 p.m. Local,Rogers Centre,27060,2:37,Night,Home,Toronto Blue Jays,TOR,Philadelphia Phillies,PHI,34,2,7,1,0.0,1,5,35,0.206,0.229,0.235,0.464,146,84,-0.307,0.53,0.146,,-2.5,24,14,8.0,1,50,10,24,10,19,8,0,29,1,0,-0.192,-4.0,36,8,16,8,9.0,1,4,40,0.444,0.436,0.639,1.075,112,94,0.193,0.56,0.539,,4.0,27,10,9.0,0,60,10,24,20,15,10,0,67,0,0,0.309,2.5
TOR/TOR201507300,"Thursday, July 30, 2015",7:09 p.m. Local,Rogers Centre,30057,2:33,Night,Home,Toronto Blue Jays,TOR,Kansas City Royals,KCR,32,2,5,2,2.0,0,6,33,0.156,0.182,0.188,0.369,136,86,-0.225,0.61,0.262,,-2.5,24,7,8.0,3,60,10,16,10,16,9,0,40,0,0,-0.276,-1.0,28,5,7,5,5.62,6,6,36,0.25,0.389,0.607,0.996,129,82,0.277,0.7,0.622,,1.0,27,5,9.0,0,45,9,28,6,17,5,0,58,1,0,0.224,2.5
TOR/TOR201507310,"Friday, July 31, 2015",7:08 p.m. Local,Rogers Centre,29389,3:23,Night,Home,Toronto Blue Jays,TOR,Kansas City Royals,KCR,39,6,10,5,3.27,1,4,41,0.256,0.268,0.308,0.576,178,95,-0.156,1.86,0.72,,0.5,31,15,10.1,0,62,13,23,20,16,6,0,51,2,1,-0.344,-2.0,43,7,15,5,6.1,3,9,47,0.349,0.391,0.419,0.81,136,110,0.344,1.08,1.694,,2.0,33,15,11.0,0,59,16,35,15,20,11,0,39,2,2,0.158,-0.5
TOR/TOR201508010,"Saturday, August 1, 2015",1:08 p.m. Local,Rogers Centre,37932,2:30,Day,Away,Kansas City Royals,KCR,Toronto Blue Jays,TOR,34,7,9,7,6.0,0,4,37,0.265,0.297,0.5,0.797,140,83,0.471,1.48,1.166,,2.5,27,17,9.0,3,55,7,21,12,19,3,0,45,0,0,0.029,-1.5,35,6,8,6,6.0,3,2,38,0.229,0.289,0.486,0.775,128,90,-0.03,1.08,0.937,,1.5,27,10,9.0,2,57,10,23,17,16,8,0,56,0,0,-0.47,-2.5
TOR/TOR201508020,"Sunday, August 2, 2015",1:08 p.m. Local,Rogers Centre,45736,3:02,Day,Home,Toronto Blue Jays,TOR,Kansas City Royals,KCR,30,2,4,2,2.0,2,7,33,0.133,0.212,0.233,0.445,157,86,-0.38,0.82,0.267,,-2.5,24,7,8.0,1,58,9,19,8,15,7,0,57,3,1,-0.12,-1.0,28,5,7,5,5.62,6,7,38,0.25,0.405,0.393,0.798,131,95,0.12,0.91,0.606,,1.0,27,5,9.0,1,51,14,30,10,13,5,0,77,1,1,0.381,2.5
TOR/TOR201508030,"Monday, August 3, 2015",1:07 p.m. Local,Rogers Centre,45766,2:37,Day,Home,Toronto Blue Jays,TOR,Minnesota Twins,MIN,30,1,3,1,1.0,2,12,32,0.1,0.156,0.267,0.423,143,88,-0.343,0.76,0.37,,-3.5,24,6,8.0,2,51,19,18,10,8,2,0,47,0,0,-0.157,-1.0,32,5,8,5,5.62,4,4,36,0.25,0.333,0.469,0.802,129,82,0.156,1.02,0.604,,1.0,27,9,9.0,1,46,5,31,7,21,9,0,81,0,0,0.344,3.5
TOR/TOR201508040,"Tuesday, August 4, 2015",7:07 p.m. Local,Rogers Centre,26504,2:36,Night,Home,Toronto Blue Jays,TOR,Minnesota Twins,MIN,28,1,2,1,1.0,3,6,32,0.071,0.156,0.107,0.263,142,86,-0.48,0.74,0.217,,-3.5,24,11,8.0,2,53,9,24,7,16,4,0,48,1,0,-0.02,1.0,31,3,7,3,3.38,3,6,34,0.226,0.294,0.484,0.778,128,81,0.017,1.11,0.454,,-1.0,27,5,9.0,0,48,6,27,13,12,4,0,69,1,0,0.481,3.5
TOR/TOR201508050,"Wednesday, August 5, 2015",7:07 p.m. Local,Rogers Centre,27725,3:06,Night,Home,Toronto Blue Jays,TOR,Minnesota Twins,MIN,35,7,10,7,3.0,2,11,38,0.286,0.324,0.457,0.781,161,94,-0.033,0.73,0.824,,2.5,24,6,8.0,3,50,18,26,5,20,14,0,21,2,0,-0.466,-5.0,32,9,8,9,10.12,6,7,39,0.25,0.368,0.531,0.9,136,87,0.467,1.21,0.838,,5.0,27,6,9.0,1,38,20,29,8,18,9,0,36,0,0,0.034,-2.5
TOR/TOR201508060,"Thursday, August 6, 2015",7:06 p.m. Local,Rogers Centre,34847,2:39,Night,Home,Toronto Blue Jays,TOR,Minnesota Twins,MIN,32,3,5,3,3.0,2,1,34,0.156,0.206,0.375,0.581,155,72,-0.148,0.5,0.184,,-1.5,24,10,8.0,1,47,3,22,16,15,4,0,15,3,1,-0.351,-5.0,36,9,14,9,10.12,4,9,40,0.389,0.45,0.611,1.061,118,94,0.351,0.47,0.629,,5.0,27,13,9.0,2,52,13,29,9,18,10,0,55,0,0,0.148,1.5
NYA/NYA201508070,"Friday, August 7, 2015",7:10 p.m. Local,Yankee Stadium III,42839,3:02,Night,Away,Toronto Blue Jays,TOR,New York Yankees,NYY,37,2,8,2,1.8,3,7,41,0.216,0.275,0.405,0.68,135,100,-0.268,1.34,0.981,,-2.9,30,12,10.0,1,54,16,30,17,14,9,0,62,0,0,0.769,3.9,35,1,8,1,0.9,2,4,37,0.229,0.27,0.314,0.585,159,91,-0.768,1.62,0.416,,-3.9,30,13,10.0,2,55,9,27,17,14,2,0,60,4,0,0.268,2.9
NYA/NYA201508080,"Saturday, August 8, 2015",1:08 p.m. Local,Yankee Stadium III,45255,2:57,Day,Away,Toronto Blue Jays,TOR,New York Yankees,NYY,34,6,7,6,5.0,2,9,37,0.206,0.27,0.382,0.653,134,95,0.157,0.64,0.598,,1.6,27,8,9.0,0,53,15,27,16,9,3,0,75,0,0,0.343,4.4,30,0,3,0,0.0,3,9,33,0.1,0.182,0.1,0.282,157,89,-0.344,0.84,0.109,,-4.4,27,12,9.0,2,50,13,26,10,11,3,0,48,0,0,-0.156,-1.6
NYA/NYA201508090,"Sunday, August 9, 2015",1:10 p.m. Local,Yankee Stadium III,42034,2:59,Day,Away,Toronto Blue Jays,TOR,New York Yankees,NYY,31,2,5,2,2.0,3,10,35,0.161,0.257,0.355,0.612,123,91,-0.118,1.35,0.379,,-2.4,27,9,9.0,0,45,22,24,11,10,3,0,70,2,0,0.62,4.4,28,0,3,0,0.0,4,9,34,0.107,0.242,0.107,0.35,153,79,-0.619,0.67,0.34,,-4.4,27,11,9.0,2,47,10,22,10,10,4,0,63,5,0,0.118,2.4
TOR/TOR201508110,"Tuesday, August 11, 2015",7:07 p.m. Local,Rogers Centre,39381,2:35,Night,Home,Toronto Blue Jays,TOR,Oakland Athletics,OAK,31,2,6,2,2.0,2,9,34,0.194,0.242,0.258,0.5,142,78,-0.336,0.55,0.433,,-2.5,24,9,8.0,1,43,13,22,10,13,6,0,45,1,0,-0.162,0.0,32,4,6,3,2.25,1,9,33,0.188,0.212,0.375,0.587,109,89,0.163,1.05,0.445,,-0.0,27,10,9.0,0,49,10,30,12,11,6,0,65,1,1,0.338,2.5
TOR/TOR201508120,"Wednesday, August 12, 2015",7:08 p.m. Local,Rogers Centre,44597,2:39,Night,Home,Toronto Blue Jays,TOR,Oakland Athletics,OAK,33,3,9,3,3.0,2,8,35,0.273,0.314,0.455,0.769,153,90,0.042,0.42,0.241,,-1.5,24,8,8.0,2,48,15,27,10,15,9,0,11,2,2,-0.544,-6.0,34,10,11,10,11.25,3,2,38,0.324,0.395,0.588,0.983,135,86,0.543,0.34,0.667,,6.0,27,9,9.0,1,51,8,27,11,21,7,0,50,0,0,-0.043,1.5
TOR/TOR201508130,"Thursday, August 13, 2015",12:37 p.m. Local,Rogers Centre,46902,2:25,Day,Home,Toronto Blue Jays,TOR,Oakland Athletics,OAK,33,2,8,2,2.0,2,3,35,0.242,0.286,0.333,0.619,124,78,-0.311,0.46,0.433,,-2.5,24,8,8.0,1,56,2,20,11,19,11,0,53,0,0,-0.189,0.0,29,4,6,4,4.5,0,11,29,0.207,0.207,0.31,0.517,120,82,0.187,0.91,0.383,,-0.0,27,13,9.0,0,45,10,27,10,8,3,0,55,1,1,0.312,2.5
TOR/TOR201508140,"Friday, August 14, 2015",7:07 p.m. Local,Rogers Centre,46689,3:14,Night,Away,New York Yankees,NYY,Toronto Blue Jays,TOR,39,4,13,4,4.0,0,7,39,0.333,0.333,0.487,0.821,140,99,0.249,1.51,0.924,,-0.5,27,13,9.0,0,57,11,31,12,20,11,0,57,0,0,0.252,1.5,32,3,6,3,3.0,2,6,37,0.188,0.27,0.25,0.52,131,92,-0.252,1.02,0.791,,-1.5,27,9,9.0,1,56,11,25,17,10,4,0,50,2,2,-0.248,0.5
TOR/TOR201508150,"Saturday, August 15, 2015",1:07 p.m. Local,Rogers Centre,46630,2:57,Day,Away,New York Yankees,NYY,Toronto Blue Jays,TOR,35,4,9,4,4.0,4,6,40,0.257,0.333,0.543,0.876,112,101,0.032,1.31,0.599,,-0.5,27,11,9.0,0,60,11,30,11,19,3,0,78,,,0.468,3.5,31,1,5,1,1.0,3,8,35,0.161,0.229,0.194,0.422,166,72,-0.469,0.71,0.42,,-3.5,27,8,9.0,2,40,11,21,13,11,5,0,58,1,0,-0.032,0.5
TOR/TOR201508160,"Sunday, August 16, 2015",1:16 p.m. Local,Rogers Centre,46792,2:41,Day,Home,Toronto Blue Jays,TOR,New York Yankees,NYY,29,1,4,1,1.0,1,7,31,0.138,0.194,0.276,0.469,145,80,-0.446,0.59,0.235,,-3.5,24,7,8.0,1,43,14,25,12,10,4,0,56,2,0,-0.054,1.0,29,3,7,3,3.38,4,12,33,0.241,0.333,0.379,0.713,123,90,0.052,0.91,0.434,,-1.0,27,12,9.0,1,43,16,32,7,10,7,0,68,1,0,0.448,3.5
PHI/PHI201508180,"Tuesday, August 18, 2015",7:06 p.m. Local,Citizens Bank Park,26547,3:10,Night,Away,Toronto Blue Jays,TOR,Philadelphia Phillies,PHI,37,8,9,8,8.0,6,9,45,0.243,0.364,0.514,0.877,145,96,0.723,1.09,1.197,,4.0,27,10,9.0,1,48,14,34,13,16,7,0,24,3,1,-0.222,-1.0,34,5,11,4,5.0,2,7,37,0.324,0.361,0.5,0.861,166,95,0.223,0.89,0.899,,1.0,27,7,9.0,3,64,14,17,11,17,11,0,48,1,1,-0.724,-4.0
PHI/PHI201508190,"Wednesday, August 19, 2015",7:08 p.m. Local,Citizens Bank Park,26246,2:24,Night,Home,Philadelphia Phillies,PHI,Toronto Blue Jays,TOR,32,4,5,3,3.0,2,4,34,0.156,0.206,0.281,0.487,124,77,-0.122,0.37,0.349,,-0.0,24,8,8.0,3,52,7,18,11,17,5,0,34,0,0,-0.379,-3.4,33,7,10,7,7.88,3,7,37,0.303,0.351,0.606,0.957,116,87,0.378,0.65,0.521,,3.4,27,11,9.0,1,51,12,24,11,16,9,0,62,0,0,0.122,0.0
ANA/ANA201508210,"Friday, August 21, 2015",7:08 p.m. Local,Angel Stadium of Anaheim,41110,3:07,Night,Away,Toronto Blue Jays,TOR,Los Angeles Angels of Anaheim,LAA,38,9,11,7,7.0,4,7,45,0.289,0.364,0.5,0.864,124,112,0.305,0.62,0.582,,4.9,27,5,9.0,1,63,13,36,13,20,9,0,70,0,0,0.195,2.1,33,2,6,2,2.0,1,12,34,0.182,0.206,0.333,0.539,176,85,-0.195,0.55,0.218,,-2.1,27,10,9.0,1,36,23,26,9,12,4,0,43,3,1,-0.306,-4.9
ANA/ANA201508220,"Saturday, August 22, 2015",6:41 p.m. Local,Angel Stadium of Anaheim,42578,3:16,Night,Away,Toronto Blue Jays,TOR,Los Angeles Angels of Anaheim,LAA,42,15,20,15,14.0,4,7,49,0.476,0.5,0.738,1.238,128,122,0.356,0.24,0.629,,10.9,27,8,9.0,2,75,10,37,19,19,13,0,51,1,0,0.145,1.1,33,3,7,3,3.0,0,5,34,0.212,0.212,0.424,0.636,197,87,-0.146,0.38,0.041,,-1.1,27,11,9.0,2,58,12,18,11,17,6,0,14,3,3,-0.355,-10.9
ANA/ANA201508230,"Sunday, August 23, 2015",12:39 p.m. Local,Angel Stadium of Anaheim,37060,3:03,Day,Away,Toronto Blue Jays,TOR,Los Angeles Angels of Anaheim,LAA,42,12,17,9,10.0,4,7,48,0.405,0.438,0.619,1.057,128,107,0.667,0.74,1.081,,7.9,27,15,9.0,0,62,17,28,23,14,6,0,30,0,0,-0.166,-0.9,33,5,12,5,5.0,1,5,37,0.364,0.378,0.485,0.863,177,96,0.165,0.79,0.62,,0.9,27,13,9.0,2,57,10,29,13,17,9,0,16,2,1,-0.666,-7.9
TEX/TEX201508250,"Tuesday, August 25, 2015",7:08 p.m. Local,Globe Life Park in Arlington,22227,3:02,Night,Away,Toronto Blue Jays,TOR,Texas Rangers,TEX,35,6,9,5,5.0,3,5,39,0.257,0.333,0.514,0.848,152,89,0.51,1.15,1.563,,1.4,27,12,9.0,2,51,12,26,10,20,8,0,40,2,0,-0.011,-0.4,36,5,12,5,5.0,2,7,40,0.333,0.359,0.611,0.97,150,97,0.013,1.72,0.867,,0.4,27,10,9.0,3,64,8,25,15,16,11,0,44,3,0,-0.511,-1.4
TEX/TEX201508260,"Wednesday, August 26, 2015",7:08 p.m. Local,Globe Life Park in Arlington,20572,3:19,Night,Away,Toronto Blue Jays,TOR,Texas Rangers,TEX,36,12,10,10,11.0,11,4,47,0.278,0.447,0.528,0.975,144,103,0.414,0.61,0.8,,7.4,27,12,9.0,1,57,10,36,11,21,13,0,61,0,0,0.083,0.6,36,4,10,4,4.0,2,8,38,0.278,0.316,0.361,0.677,186,95,-0.084,0.76,0.352,,-0.6,27,10,9.0,3,52,17,26,15,13,11,0,34,3,2,-0.416,-7.4
TEX/TEX201508270,"Thursday, August 27, 2015",1:08 p.m. Local,Globe Life Park in Arlington,17884,3:40,Day,Home,Texas Rangers,TEX,Toronto Blue Jays,TOR,32,1,8,1,1.0,5,7,37,0.25,0.351,0.281,0.633,165,109,-0.51,0.69,0.62,,-3.6,24,7,8.0,0,66,12,31,14,11,7,0,63,3,0,0.01,0.1,33,4,11,1,4.5,5,7,38,0.333,0.421,0.364,0.785,176,105,-0.009,1.24,0.494,,-0.1,27,13,9.0,0,63,21,21,12,14,7,0,61,4,0,0.511,3.6
TOR/TOR201508280,"Friday, August 28, 2015",7:08 p.m. Local,Rogers Centre,46518,2:25,Night,Home,Toronto Blue Jays,TOR,Detroit Tigers,DET,33,3,6,3,3.0,1,10,34,0.182,0.206,0.364,0.57,132,76,-0.282,0.58,0.276,,-1.5,24,5,8.0,3,41,18,17,9,14,9,0,39,0,0,-0.218,-1.0,31,5,9,4,5.62,5,8,36,0.29,0.389,0.613,1.002,114,84,0.219,0.74,0.58,,1.0,27,9,9.0,2,38,16,30,7,16,7,0,55,0,0,0.282,1.5
TOR/TOR201508290,"Saturday, August 29, 2015",1:08 p.m. Local,Rogers Centre,46444,3:25,Day,Home,Toronto Blue Jays,TOR,Detroit Tigers,DET,34,1,7,1,1.0,1,10,35,0.206,0.229,0.206,0.434,184,102,-0.152,0.3,0.185,,-3.5,24,8,8.0,4,63,16,23,10,14,6,0,24,5,3,-0.348,-11.0,40,15,18,15,15.75,7,7,48,0.45,0.521,0.85,1.371,140,111,0.349,0.48,0.567,,11.0,27,8,9.0,0,71,18,23,13,21,8,0,68,0,0,0.151,3.5
TOR/TOR201508300,"Sunday, August 30, 2015",1:07 p.m. Local,Rogers Centre,46625,2:38,Day,Home,Toronto Blue Jays,TOR,Detroit Tigers,DET,33,2,7,2,1.0,3,2,36,0.212,0.278,0.303,0.581,157,83,-0.208,0.21,0.165,,-2.5,24,8,8.0,4,49,8,26,13,18,9,0,31,1,0,-0.293,-5.0,35,9,11,9,10.12,3,6,39,0.314,0.385,0.714,1.099,127,99,0.292,0.5,0.415,,5.0,27,13,9.0,0,53,14,32,9,20,12,0,56,2,1,0.207,2.5
TOR/TOR201508310,"Monday, August 31, 2015",7:07 p.m. Local,Rogers Centre,46643,2:56,Night,Away,Cleveland Indians,CLE,Toronto Blue Jays,TOR,34,4,8,2,3.0,1,11,35,0.235,0.257,0.294,0.551,144,94,0.133,1.68,0.824,,-0.5,27,10,9.0,0,60,15,19,12,11,4,0,66,1,0,0.368,2.5,36,2,10,2,2.0,2,12,38,0.278,0.316,0.389,0.705,130,88,-0.369,0.99,0.769,,-2.5,27,9,9.0,0,52,15,21,12,12,7,0,61,0,0,-0.131,0.5
TOR/TOR201509010,"Tuesday, September 1, 2015",7:08 p.m. Local,Rogers Centre,41356,3:06,Night,Home,Toronto Blue Jays,TOR,Cleveland Indians,CLE,39,3,9,3,2.7,2,3,41,0.231,0.268,0.564,0.832,133,94,-0.212,1.23,1.258,,-2.0,28,14,9.1,1,65,6,23,17,19,4,0,58,0,0,-0.288,-0.3,29,5,6,5,4.82,3,4,36,0.207,0.257,0.31,0.567,147,83,0.289,1.75,0.944,,0.3,30,12,10.0,3,57,10,16,15,14,6,0,60,2,0,0.212,2.0
TOR/TOR201509020,"Wednesday, September 2, 2015",7:08 p.m. Local,Rogers Centre,46538,2:34,Night,Home,Toronto Blue Jays,TOR,Cleveland Indians,CLE,29,1,4,1,1.0,0,6,29,0.138,0.138,0.138,0.276,154,68,-0.246,0.52,0.103,,-3.5,24,9,8.0,0,40,7,21,15,8,3,0,23,1,1,-0.254,-1.0,32,5,9,5,5.62,3,6,36,0.281,0.333,0.344,0.677,92,99,0.253,0.49,0.459,,1.0,27,14,9.0,0,57,17,25,13,14,7,0,81,,,0.246,3.5
TOR/TOR201509040,"Friday, September 4, 2015",7:08 p.m. Local,Rogers Centre,46201,2:56,Night,Away,Baltimore Orioles,BAL,Toronto Blue Jays,TOR,40,10,13,10,10.0,1,5,44,0.325,0.364,0.725,1.089,159,83,0.39,0.97,0.766,,5.5,27,14,9.0,0,57,10,16,17,18,9,1,53,2,0,0.111,2.5,33,2,8,1,1.0,7,8,41,0.242,0.366,0.273,0.639,128,94,-0.111,0.6,0.486,,-2.5,27,9,9.0,4,46,13,35,17,9,5,0,27,2,1,-0.39,-5.5
TOR/TOR201509050,"Saturday, September 5, 2015",1:08 p.m. Local,Rogers Centre,46373,2:42,Day,Home,Toronto Blue Jays,TOR,Baltimore Orioles,BAL,29,1,4,1,1.0,4,9,33,0.138,0.242,0.172,0.415,130,85,-0.32,0.66,0.242,,-3.5,24,5,8.0,1,47,18,20,9,11,6,0,39,0,0,-0.18,-1.0,34,5,10,5,5.62,1,9,36,0.294,0.333,0.529,0.863,127,84,0.179,0.81,0.562,,1.0,27,10,9.0,0,42,22,20,7,18,13,0,71,0,0,0.32,3.5
TOR/TOR201509060,"Sunday, September 6, 2015",1:08 p.m. Local,Rogers Centre,46136,3:22,Day,Home,Toronto Blue Jays,TOR,Baltimore Orioles,BAL,32,4,6,4,4.0,5,5,37,0.188,0.297,0.438,0.735,158,90,-0.138,0.33,0.313,,-0.5,24,9,8.0,3,54,18,18,9,18,4,0,21,3,0,-0.36,-6.0,36,10,15,10,11.25,3,8,41,0.417,0.439,0.778,1.217,146,101,0.362,0.65,0.517,,6.0,27,6,9.0,2,57,17,27,16,14,9,0,55,0,0,0.138,0.5
BOS/BOS201509070,"Monday, September 7, 2015",1:35 p.m. Local,Fenway Park,33659,2:48,Day,Home,Boston Red Sox,BOS,Toronto Blue Jays,TOR,32,4,9,4,3.0,2,5,34,0.281,0.324,0.469,0.792,138,84,-0.156,0.63,0.336,,-0.7,24,12,8.0,2,56,6,22,13,14,5,0,22,6,2,-0.344,-6.8,37,11,17,11,12.38,1,3,42,0.459,0.475,0.73,1.205,131,97,0.344,0.64,0.61,,6.8,27,11,9.0,2,65,12,20,18,19,11,0,50,2,2,0.156,0.7
BOS/BOS201509080,"Tuesday, September 8, 2015",7:11 p.m. Local,Fenway Park,33432,3:23,Night,Away,Toronto Blue Jays,TOR,Boston Red Sox,BOS,34,5,6,4,4.5,6,7,44,0.176,0.341,0.265,0.606,132,99,-0.116,1.2,1.306,,-0.2,30,15,10.0,1,57,22,20,13,15,5,0,63,0,0,0.616,4.2,33,1,4,1,0.9,2,9,35,0.121,0.171,0.273,0.444,169,85,-0.614,1.72,0.346,,-4.2,30,11,10.0,0,44,15,26,17,7,3,0,57,5,0,0.115,0.2
BOS/BOS201509090,"Wednesday, September 9, 2015",7:12 p.m. Local,Fenway Park,34464,3:31,Night,Home,Boston Red Sox,BOS,Toronto Blue Jays,TOR,34,4,9,4,4.0,2,8,37,0.265,0.324,0.353,0.677,161,105,-0.171,0.38,0.193,,-0.7,24,10,8.0,2,52,16,37,11,15,7,0,25,5,2,-0.33,-5.8,36,10,14,10,11.25,4,6,40,0.389,0.45,0.694,1.144,171,100,0.331,0.53,0.578,,5.8,27,10,9.0,1,64,13,23,14,16,7,0,56,1,0,0.171,0.7
NYA/NYA201509110,"Friday, September 11, 2015",7:09 p.m. Local,Yankee Stadium III,40220,3:39,Night,Away,Toronto Blue Jays,TOR,New York Yankees,NYY,42,11,16,11,11.0,3,9,45,0.381,0.422,0.786,1.208,168,110,0.46,0.33,0.567,,6.6,27,8,9.0,1,59,17,34,15,18,9,0,53,0,0,0.04,-0.6,36,5,9,5,4.0,1,12,38,0.25,0.263,0.361,0.624,172,116,-0.041,0.25,0.174,,0.6,27,9,9.0,5,67,20,29,12,13,6,0,22,3,0,-0.46,-6.6
NYA/NYA201509121,"Saturday, September 12, 2015",1:09 p.m. Local,Yankee Stadium III,,4:32,Day,Away,Toronto Blue Jays,TOR,New York Yankees,NYY,41,9,10,9,7.36,7,13,49,0.244,0.367,0.537,0.904,190,121,0.421,1.7,1.537,,3.6,33,14,11.0,3,68,23,30,14,14,9,0,40,8,1,0.076,0.4,42,5,10,5,4.09,4,5,46,0.238,0.304,0.476,0.781,209,115,-0.078,1.42,1.252,,-0.4,33,12,11.0,4,75,10,30,16,21,9,0,43,6,3,-0.422,-3.6
NYA/NYA201509122,"Saturday, September 12, 2015",6:17 p.m. Local,Yankee Stadium III,46278,3:31,Night,Away,Toronto Blue Jays,TOR,New York Yankees,NYY,41,10,14,10,10.0,3,7,46,0.341,0.413,0.488,0.901,176,117,0.478,0.66,0.771,,5.6,27,10,9.0,2,66,17,34,17,17,12,0,47,2,1,0.024,-2.6,40,7,13,7,7.0,2,6,43,0.325,0.372,0.5,0.872,182,113,-0.022,0.6,0.533,,2.6,27,9,9.0,1,65,12,36,17,17,11,0,17,4,2,-0.477,-5.6
NYA/NYA201509130,"Sunday, September 13, 2015",1:11 p.m. Local,Yankee Stadium III,39127,2:40,Day,Home,New York Yankees,NYY,Toronto Blue Jays,TOR,30,0,4,0,0.0,0,10,30,0.133,0.133,0.233,0.367,121,89,-0.325,0.49,0.116,,-4.4,24,5,8.0,1,49,15,25,11,9,6,0,45,1,0,-0.174,-1.1,29,5,7,5,5.62,2,3,33,0.241,0.273,0.414,0.687,128,82,0.175,0.58,0.354,,1.1,27,12,9.0,0,57,6,19,10,18,6,0,76,0,0,0.325,4.4
ATL/ATL201509150,"Tuesday, September 15, 2015",7:12 p.m. Local,Turner Field,16399,2:45,Night,Home,Atlanta Braves,ATL,Toronto Blue Jays,TOR,32,2,5,2,2.0,5,10,37,0.156,0.27,0.25,0.52,122,93,-0.365,1.52,0.555,,-2.0,25,14,8.1,0,48,20,25,8,14,5,0,50,0,0,-0.136,-0.1,31,3,10,2,2.16,2,5,34,0.323,0.364,0.387,0.751,156,79,0.135,1.36,0.974,,0.1,27,6,9.0,1,48,9,22,18,9,4,0,54,4,0,0.363,2.0
ATL/ATL201509160,"Wednesday, September 16, 2015",7:10 p.m. Local,Turner Field,15178,3:08,Night,Away,Toronto Blue Jays,TOR,Atlanta Braves,ATL,36,9,12,9,8.0,6,4,45,0.333,0.422,0.556,0.978,137,109,0.366,0.5,0.546,,5.0,27,8,9.0,0,67,12,30,19,15,6,0,67,1,0,0.133,3.0,32,1,7,1,1.0,4,12,37,0.219,0.297,0.281,0.579,175,94,-0.134,0.42,0.212,,-3.0,27,15,9.0,1,46,21,27,13,8,7,0,30,2,0,-0.366,-5.0
ATL/ATL201509170,"Thursday, September 17, 2015",7:10 p.m. Local,Turner Field,19367,2:36,Night,Away,Toronto Blue Jays,TOR,Atlanta Braves,ATL,36,5,10,5,5.0,4,4,40,0.278,0.35,0.556,0.906,108,93,0.195,0.58,0.612,,1.0,27,10,9.0,0,54,14,25,8,24,9,0,78,0,0,0.306,4.0,28,0,3,0,0.0,2,4,30,0.107,0.167,0.107,0.274,152,78,-0.306,0.61,0.1,,-4.0,27,9,9.0,3,56,9,13,10,14,1,0,39,0,0,-0.194,-1.0
TOR/TOR201509180,"Friday, September 18, 2015",7:07 p.m. Local,Rogers Centre,47126,2:32,Night,Home,Toronto Blue Jays,TOR,Boston Red Sox,BOS,32,1,8,1,1.0,1,7,33,0.25,0.273,0.281,0.554,137,91,-0.286,0.58,0.251,,-3.5,24,11,8.0,0,48,14,31,16,9,7,0,36,0,0,-0.215,-2.0,31,6,9,5,5.62,2,6,35,0.29,0.324,0.419,0.743,131,85,0.214,0.73,0.502,,2.0,27,15,9.0,0,49,9,27,15,12,6,0,63,0,0,0.286,3.5
TOR/TOR201509190,"Saturday, September 19, 2015",4:09 p.m. Local,Rogers Centre,47415,3:08,Day,Away,Boston Red Sox,BOS,Toronto Blue Jays,TOR,40,7,13,6,7.0,3,6,43,0.325,0.372,0.6,0.972,161,100,0.714,1.3,1.681,,2.5,27,14,9.0,2,61,16,23,12,22,10,0,62,7,1,-0.212,-1.5,33,6,8,6,6.0,8,8,41,0.242,0.39,0.455,0.845,155,90,0.211,1.42,1.12,,1.5,27,8,9.0,2,45,17,30,14,11,7,0,54,5,2,-0.713,-2.5
TOR/TOR201509200,"Sunday, September 20, 2015",1:07 p.m. Local,Rogers Centre,46743,2:51,Day,Away,Boston Red Sox,BOS,Toronto Blue Jays,TOR,37,4,10,3,3.0,2,5,40,0.27,0.3,0.297,0.597,143,92,0.069,1.31,0.989,,-0.5,27,12,9.0,1,55,12,25,18,15,5,0,61,0,0,0.431,1.5,36,3,9,3,3.0,0,12,36,0.25,0.25,0.361,0.611,143,110,-0.432,1.53,0.55,,-1.5,27,10,9.0,0,59,15,36,14,10,6,0,43,2,1,-0.07,0.5
TOR/TOR201509210,"Monday, September 21, 2015",7:07 p.m. Local,Rogers Centre,47648,3:15,Night,Home,Toronto Blue Jays,TOR,New York Yankees,NYY,33,2,5,2,2.0,2,11,35,0.152,0.2,0.242,0.442,158,114,-0.363,0.52,0.296,,-2.5,24,8,8.0,0,63,20,31,10,12,6,0,42,3,1,-0.136,0.0,31,4,8,4,4.5,5,7,38,0.258,0.368,0.323,0.691,156,95,0.139,0.96,0.385,,-0.0,27,4,9.0,1,51,14,30,13,12,8,0,79,2,1,0.363,2.5
TOR/TOR201509220,"Tuesday, September 22, 2015",7:08 p.m. Local,Rogers Centre,47992,3:39,Night,Away,New York Yankees,NYY,Toronto Blue Jays,TOR,39,6,12,6,4.5,5,6,46,0.308,0.378,0.564,0.942,158,107,0.41,1.87,1.205,,1.0,30,16,10.0,3,63,17,26,11,23,8,0,58,0,0,0.089,1.0,34,4,7,4,3.6,7,9,42,0.206,0.341,0.5,0.841,183,95,-0.088,1.2,1.18,,-1.0,30,8,10.0,2,43,22,30,15,11,6,0,54,7,0,-0.412,-1.0
TOR/TOR201509230,"Wednesday, September 23, 2015",7:12 p.m. Local,Rogers Centre,48056,2:52,Night,Home,Toronto Blue Jays,TOR,New York Yankees,NYY,32,0,6,0,0.0,1,8,33,0.188,0.212,0.25,0.462,156,81,-0.49,1.07,0.215,,-4.5,24,5,8.0,1,43,12,26,11,13,9,0,61,3,1,-0.011,0.0,33,4,8,4,4.5,4,9,37,0.242,0.324,0.394,0.718,119,98,0.012,0.95,0.655,,-0.0,27,12,9.0,0,54,20,24,8,16,11,0,71,0,0,0.489,4.5
TOR/TOR201509250,"Friday, September 25, 2015",7:09 p.m. Local,Rogers Centre,47696,2:44,Night,Home,Toronto Blue Jays,TOR,Tampa Bay Rays,TBR,31,3,5,2,3.0,0,4,33,0.161,0.182,0.29,0.472,171,74,-0.274,0.82,0.341,,-1.5,24,8,8.0,3,42,15,17,13,15,4,0,38,3,0,-0.226,-1.0,31,5,10,5,5.62,6,7,40,0.323,0.432,0.774,1.207,109,104,0.226,1.01,0.765,,1.0,27,9,9.0,1,58,13,33,9,18,10,0,63,0,0,0.275,1.5
TOR/TOR201509260,"Saturday, September 26, 2015",1:07 p.m. Local,Rogers Centre,47094,3:17,Day,Home,Toronto Blue Jays,TOR,Tampa Bay Rays,TBR,36,8,9,7,4.0,2,8,39,0.25,0.282,0.361,0.643,163,108,0.07,0.51,0.628,,3.5,24,5,8.0,3,66,19,23,13,16,10,0,3,3,0,-0.569,-6.0,35,10,12,10,11.25,6,7,42,0.343,0.429,0.714,1.143,148,95,0.569,0.89,0.759,,6.0,27,10,9.0,1,49,14,32,7,22,8,0,42,4,3,-0.069,-3.5
TOR/TOR201509270,"Sunday, September 27, 2015",1:07 p.m. Local,Rogers Centre,47287,2:55,Day,Home,Toronto Blue Jays,TOR,Tampa Bay Rays,TBR,31,4,6,4,4.0,1,8,34,0.194,0.235,0.355,0.59,149,83,-0.061,1.55,0.607,,-0.5,26,8,8.2,2,52,16,15,8,16,6,0,51,2,0,-0.439,-0.6,35,5,10,5,5.19,3,4,38,0.286,0.342,0.571,0.914,123,86,0.44,0.86,1.515,,0.6,27,5,9.0,1,50,12,24,10,21,10,0,50,1,0,0.06,0.5
BAL/BAL201509280,"Monday, September 28, 2015",7:08 p.m. Local,Oriole Park at Camden Yards,19093,2:36,Night,Away,Toronto Blue Jays,TOR,Baltimore Orioles,BAL,34,4,10,4,4.0,2,4,37,0.294,0.333,0.382,0.716,103,93,0.273,0.87,0.932,,-0.5,27,7,9.0,1,55,8,30,16,15,10,0,59,0,0,0.228,1.5,31,3,4,3,3.0,1,5,32,0.129,0.156,0.226,0.382,139,74,-0.23,1.5,0.35,,-1.5,27,13,9.0,1,43,13,18,7,19,6,0,62,1,1,-0.271,0.5
BAL/BAL201509301,"Wednesday, September 30, 2015",4:07 p.m. Local,Oriole Park at Camden Yards,,3:17,Day,Away,Toronto Blue Jays,TOR,Baltimore Orioles,BAL,45,15,18,11,10.0,10,5,55,0.4,0.509,0.689,1.198,125,119,0.292,0.53,0.574,,10.5,27,12,9.0,1,74,9,36,19,21,7,0,74,0,0,0.208,2.5,33,2,7,2,2.0,2,10,35,0.212,0.257,0.424,0.681,210,86,-0.207,0.42,0.148,,-2.5,27,9,9.0,3,52,8,26,16,7,2,0,39,5,3,-0.293,-10.5
BAL/BAL201509302,"Wednesday, September 30, 2015",8:03 p.m. Local,Oriole Park at Camden Yards,26330,2:23,Night,Home,Baltimore Orioles,BAL,Toronto Blue Jays,TOR,29,1,5,1,1.0,2,11,32,0.172,0.226,0.31,0.536,141,88,-0.448,0.63,0.231,,-3.5,24,9,8.0,4,53,18,17,13,6,2,0,66,3,3,-0.054,-4.0,35,8,11,8,9.0,1,5,36,0.314,0.333,0.743,1.076,119,92,0.053,0.85,0.468,,4.0,27,10,9.0,1,56,17,19,11,19,13,0,78,0,0,0.448,3.5
BAL/BAL201510010,"Thursday, October 1, 2015",12:10 p.m. Local,Oriole Park at Camden Yards,18257,3:12,Day,Home,Baltimore Orioles,BAL,Toronto Blue Jays,TOR,33,4,9,4,4.0,3,10,38,0.273,0.368,0.364,0.732,164,96,-0.253,0.52,0.582,,-0.5,24,7,8.0,2,47,15,34,14,9,6,0,33,5,0,-0.247,-2.0,32,6,8,6,6.75,8,5,42,0.25,0.429,0.5,0.929,157,90,0.248,1.03,0.548,,2.0,27,13,9.0,0,58,12,20,9,18,5,0,50,3,2,0.254,0.5
TBA/TBA201510020,"Friday, October 2, 2015",7:12 p.m. Local,Tropicana Field,13668,3:07,Night,Away,Toronto Blue Jays,TOR,Tampa Bay Rays,TBR,42,8,17,8,8.0,1,5,44,0.405,0.409,0.714,1.123,138,111,0.595,1.01,1.13,,3.8,27,12,9.0,1,66,13,33,15,23,8,0,48,1,0,-0.094,0.2,30,4,6,4,4.0,1,8,35,0.2,0.294,0.333,0.627,173,86,0.095,0.95,0.672,,-0.2,27,10,9.0,2,45,16,26,7,16,6,0,34,4,2,-0.594,-3.8
TBA/TBA201510030,"Saturday, October 3, 2015",6:10 p.m. Local,Tropicana Field,21963,3:00,Night,Home,Tampa Bay Rays,TBR,Toronto Blue Jays,TOR,34,3,8,3,3.0,3,6,38,0.235,0.316,0.324,0.639,136,88,-0.008,1.85,0.711,,-1.2,26,6,8.2,2,50,17,21,18,10,5,0,69,0,0,-0.491,-0.2,31,4,5,4,4.15,2,11,34,0.161,0.235,0.387,0.622,141,92,0.492,1.12,1.397,,0.2,27,13,9.0,1,57,19,16,7,13,5,0,55,2,0,0.009,1.2
TBA/TBA201510040,"Sunday, October 4, 2015",3:11 p.m. Local,Tropicana Field,15815,3:09,Day,Home,Tampa Bay Rays,TBR,Toronto Blue Jays,TOR,34,3,9,3,3.0,5,7,40,0.265,0.375,0.5,0.875,165,106,-0.06,0.39,0.088,,-1.2,24,8,8.0,3,68,8,30,14,13,4,0,25,1,1,-0.439,-8.3,37,12,13,10,3.38,1,4,38,0.351,0.368,0.622,0.99,164,105,0.439,0.17,0.539,,8.3,27,10,9.0,2,68,16,21,13,20,9,0,60,0,0,0.061,1.2
