,date,time,venue,attendance,duration,time_of_day,winner,winning_name,winning_abbr,losing_name,losing_abbr,away_at_bats,away_runs,away_hits,away_rbi,away_earned_runs,away_bases_on_balls,away_strikeouts,away_plate_appearances,away_batting_average,away_on_base_percentage,away_slugging_percentage,away_on_base_plus,away_pitches,away_strikes,away_win_probability_for_offensive_player,away_average_leverage_index,away_win_probability_added,away_win_probability_subtracted,away_base_out_runs_added,away_putouts,away_assists,away_innings_pitched,away_home_runs,away_strikes_by_contact,away_strikes_swinging,away_strikes_looking,away_grounded_balls,away_fly_balls,away_line_drives,away_unknown_bat_type,away_game_score,away_inherited_runners,away_inherited_score,away_win_probability_by_pitcher,away_base_out_runs_saved,home_at_bats,home_runs,home_hits,home_rbi,home_earned_runs,home_bases_on_balls,home_strikeouts,home_plate_appearances,home_batting_average,home_on_base_percentage,home_slugging_percentage,home_on_base_plus,home_pitches,home_strikes,home_win_probability_for_offensive_player,home_average_leverage_index,home_win_probability_added,home_win_probability_subtracted,home_base_out_runs_added,home_putouts,home_assists,home_innings_pitched,home_home_runs,home_strikes_by_contact,home_strikes_swinging,home_strikes_looking,home_grounded_balls,home_fly_balls,home_line_drives,home_unknown_bat_type,home_game_score,home_inherited_runners,home_inherited_score,home_win_probability_by_pitcher,home_base_out_runs_saved
PHI/PHI201903280,"Thursday, March 28, 2019",3:08 p.m. Local,Citizens Bank Park,44469,3:04,Day,Home,Philadelphia Phillies,PHI,Atlanta Braves,ATL,30,4,7,4,4.0,6,9,36,0.233,0.361,0.367,0.728,148,91,-0.229,0.72,0.26,,-0.9,24,8,8.0,3,38,17,36,13,8,3,0,52,0,0,-0.269,-5.7,31,10,7,10,11.25,6,9,37,0.226,0.351,0.516,0.867,156,87,0.269,0.68,0.673,,5.7,27,13,9.0,1,43,22,22,13,9,0,0,67,0,0,0.23,0.9
PHI/PHI201903300,"Saturday, March 30, 2019",4:06 p.m. Local,Citizens Bank Park,44597,3:27,Day,Home,Philadelphia Phillies,PHI,Atlanta Braves,ATL,36,6,10,6,6.0,4,9,40,0.278,0.35,0.556,0.906,164,100,-0.039,0.76,0.745,,1.1,24,7,8.0,3,57,16,27,12,15,10,0,33,0,0,-0.463,-3.7,31,8,9,8,9.0,5,9,36,0.29,0.389,0.71,1.099,159,93,0.462,0.97,0.955,,3.7,27,9,9.0,2,45,15,33,7,15,6,0,35,1,0,0.037,-1.1
PHI/PHI201903310,"Sunday, March 31, 2019",7:08 p.m. Local,Citizens Bank Park,41410,3:17,Night,Home,Philadelphia Phillies,PHI,Atlanta Braves,ATL,29,1,4,0,1.0,6,8,36,0.138,0.306,0.138,0.443,156,81,-0.36,0.94,0.436,,-3.9,24,8,8.0,2,34,12,35,8,13,5,0,46,3,3,-0.142,-0.7,27,5,5,5,5.62,9,8,39,0.185,0.41,0.444,0.855,141,88,0.141,1.09,0.637,,0.7,27,9,9.0,0,45,18,25,10,10,7,0,62,0,0,0.36,3.9
ATL/ATL201904010,"Monday, April 1, 2019",7:12 p.m. Local,SunTrust Park,41912,3:12,Night,Home,Atlanta Braves,ATL,Chicago Cubs,CHC,33,0,9,0,0.0,4,5,37,0.273,0.351,0.364,0.715,169,88,-0.197,0.29,0.259,,-5.0,24,8,8.0,2,51,10,27,15,13,7,0,26,2,0,-0.304,-3.6,36,8,12,6,2.25,7,9,43,0.333,0.442,0.583,1.025,150,106,0.304,0.61,0.417,,3.6,27,16,9.0,0,61,15,30,12,15,7,0,49,1,0,0.197,5.0
ATL/ATL201904030,"Wednesday, April 3, 2019",7:22 p.m. Local,SunTrust Park,37398,3:32,Night,Home,Atlanta Braves,ATL,Chicago Cubs,CHC,35,4,12,3,4.0,6,13,41,0.343,0.439,0.429,0.868,154,103,0.021,1.31,1.009,,-1.0,24,8,8.0,2,47,23,33,7,15,9,0,56,7,4,-0.522,-1.6,30,6,8,6,6.75,8,8,39,0.267,0.41,0.5,0.91,180,84,0.523,1.28,1.285,,1.6,27,6,9.0,1,46,13,25,11,12,7,0,55,2,0,-0.021,1.0
ATL/ATL201904040,"Thursday, April 4, 2019",7:20 p.m. Local,SunTrust Park,33815,3:29,Night,Home,Atlanta Braves,ATL,Chicago Cubs,CHC,33,4,6,4,4.0,3,7,37,0.182,0.27,0.364,0.634,170,103,-0.325,0.69,0.032,,-1.0,24,13,8.0,0,56,15,32,16,10,5,0,38,5,4,-0.174,-4.6,34,9,13,8,9.0,6,6,42,0.382,0.463,0.5,0.963,155,108,0.173,0.4,0.594,,4.6,27,13,9.0,2,64,21,22,14,15,13,0,75,1,1,0.326,1.0
ATL/ATL201904050,"Friday, April 5, 2019",7:22 p.m. Local,SunTrust Park,29218,2:35,Night,Home,Atlanta Braves,ATL,Miami Marlins,MIA,27,0,3,0,0.0,4,10,31,0.111,0.226,0.148,0.374,137,76,-0.376,0.51,0.238,,-5.0,24,6,8.0,2,39,18,19,6,11,4,0,41,0,0,-0.125,0.4,31,4,7,4,4.5,2,8,34,0.226,0.294,0.419,0.713,126,83,0.125,0.81,0.426,,-0.4,27,7,9.0,0,47,16,20,10,13,5,0,78,0,0,0.375,5.0
ATL/ATL201904060,"Saturday, April 6, 2019",7:21 p.m. Local,SunTrust Park,35618,3:16,Night,Away,Miami Marlins,MIA,Atlanta Braves,ATL,32,4,8,4,4.0,3,7,35,0.25,0.314,0.531,0.846,170,80,0.057,1.6,1.048,,-1.0,27,11,9.0,0,48,9,23,13,12,3,0,41,0,0,0.443,3.0,34,2,6,2,2.0,8,7,43,0.176,0.349,0.235,0.584,135,108,-0.442,1.33,0.811,,-3.0,27,13,9.0,3,71,13,24,15,12,5,0,57,0,0,-0.057,1.0
ATL/ATL201904070,"Sunday, April 7, 2019",1:22 p.m. Local,SunTrust Park,32551,2:33,Day,Home,Atlanta Braves,ATL,Miami Marlins,MIA,33,3,7,3,3.0,2,4,35,0.212,0.257,0.333,0.59,124,85,-0.239,1.11,0.921,,-2.0,24,6,8.0,2,55,7,23,14,15,4,0,57,0,0,-0.261,-1.4,29,4,7,4,4.5,3,8,33,0.241,0.313,0.483,0.795,127,79,0.261,1.67,0.844,,1.4,27,11,9.0,1,48,12,18,6,15,7,0,61,2,0,0.239,2.0
COL/COL201904080,"Monday, April 8, 2019",6:40 p.m. Local,Coors Field,25199,2:59,Night,Away,Atlanta Braves,ATL,Colorado Rockies,COL,34,8,9,7,8.0,6,8,42,0.265,0.381,0.412,0.793,121,102,0.193,0.97,0.698,,2.4,27,10,9.0,2,67,14,21,14,13,7,0,33,2,0,0.307,-0.4,33,6,8,6,6.0,3,6,37,0.242,0.297,0.485,0.782,156,79,-0.31,0.73,0.542,,0.4,27,12,9.0,1,48,12,19,12,16,6,0,24,2,1,-0.193,-2.4
COL/COL201904090,"Tuesday, April 9, 2019",6:41 p.m. Local,Coors Field,26124,3:12,Night,Away,Atlanta Braves,ATL,Colorado Rockies,COL,37,7,12,7,7.0,0,5,38,0.324,0.324,0.568,0.892,140,109,0.158,0.76,0.459,,1.4,27,10,9.0,0,69,15,27,15,18,9,0,63,0,0,0.343,4.6,32,1,6,1,0.0,3,10,35,0.188,0.257,0.219,0.476,165,91,-0.343,0.47,0.344,,-4.6,27,13,9.0,2,54,19,18,13,9,3,0,35,0,0,-0.157,-1.4
ATL/ATL201904110,"Thursday, April 11, 2019",7:22 p.m. Local,SunTrust Park,24015,3:14,Night,Away,New York Mets,NYM,Atlanta Braves,ATL,33,6,7,6,6.0,7,9,41,0.212,0.35,0.394,0.744,164,102,0.204,1.05,0.682,,1.0,27,6,9.0,2,60,19,23,12,13,7,0,63,0,0,0.297,2.0,36,3,9,3,3.0,3,14,39,0.25,0.308,0.528,0.835,166,104,-0.298,0.78,0.548,,-2.0,27,11,9.0,2,56,19,29,11,11,3,0,47,3,1,-0.203,-1.0
ATL/ATL201904120,"Friday, April 12, 2019",7:21 p.m. Local,SunTrust Park,33334,3:07,Night,Away,New York Mets,NYM,Atlanta Braves,ATL,37,6,10,6,6.0,6,9,43,0.27,0.372,0.486,0.859,153,94,0.265,0.8,0.705,,1.0,27,10,9.0,0,52,10,32,13,15,11,0,57,0,0,0.235,3.0,33,2,7,2,2.0,3,10,37,0.212,0.27,0.273,0.543,156,100,-0.235,0.63,0.302,,-3.0,27,9,9.0,1,57,17,26,12,12,5,0,20,2,0,-0.265,-1.0
ATL/ATL201904130,"Saturday, April 13, 2019",7:21 p.m. Local,SunTrust Park,40117,3:34,Night,Home,Atlanta Braves,ATL,New York Mets,NYM,35,7,11,6,6.0,5,9,42,0.314,0.39,0.429,0.819,194,97,0.084,0.6,0.496,,2.0,24,6,8.0,2,58,14,26,11,17,7,0,28,3,2,-0.585,-6.6,35,11,13,11,12.38,7,7,42,0.371,0.476,0.6,1.076,155,112,0.584,0.63,0.785,,6.6,27,7,9.0,0,70,14,28,9,19,7,0,26,3,1,-0.083,-2.0
ATL/ATL201904140,"Sunday, April 14, 2019",7:37 p.m. Local,SunTrust Park,23385,3:36,Night,Home,Atlanta Braves,ATL,New York Mets,NYM,38,3,11,3,3.0,2,10,40,0.289,0.325,0.421,0.746,194,96,-0.304,0.76,0.44,,-2.0,24,4,8.0,3,56,14,26,12,16,10,0,50,2,0,-0.196,-2.6,33,7,10,7,7.88,8,12,41,0.303,0.439,0.667,1.106,151,119,0.198,0.92,0.661,,2.6,27,8,9.0,1,72,20,27,7,14,4,0,60,2,2,0.304,2.0
ATL/ATL201904160,"Tuesday, April 16, 2019",7:21 p.m. Local,SunTrust Park,22407,3:36,Night,Away,Arizona Diamondbacks,ARI,Atlanta Braves,ATL,37,9,12,9,9.0,7,7,47,0.324,0.468,0.486,0.955,150,109,0.751,1.18,1.637,,4.0,27,11,9.0,2,58,18,33,13,17,11,0,38,1,0,-0.25,-1.0,33,6,10,6,6.0,5,8,39,0.303,0.395,0.606,1.001,185,89,0.25,1.48,1.154,,1.0,27,11,9.0,1,43,20,27,10,16,7,0,52,8,6,-0.753,-4.0
ATL/ATL201904170,"Wednesday, April 17, 2019",7:21 p.m. Local,SunTrust Park,22356,3:32,Night,Away,Arizona Diamondbacks,ARI,Atlanta Braves,ATL,37,3,6,3,1.8,4,14,41,0.162,0.244,0.27,0.514,165,104,-0.165,1.55,1.052,,-2.6,30,7,10.0,0,54,28,22,9,14,7,0,56,1,0,0.667,3.6,36,2,7,2,1.8,4,10,41,0.194,0.275,0.25,0.525,159,99,-0.665,1.77,0.659,,-3.6,30,5,10.0,1,56,12,30,10,16,9,0,72,3,0,0.165,2.6
ATL/ATL201904180,"Thursday, April 18, 2019",12:11 p.m. Local,SunTrust Park,24193,3:25,Day,Away,Arizona Diamondbacks,ARI,Atlanta Braves,ATL,39,4,10,4,3.0,3,9,44,0.256,0.341,0.436,0.777,161,111,-0.006,1.23,0.718,,-1.0,27,6,9.0,1,58,23,30,15,15,11,0,67,2,0,0.507,4.0,34,1,7,1,1.0,1,16,37,0.206,0.27,0.294,0.564,156,108,-0.507,0.99,0.409,,-4.0,27,9,9.0,1,56,22,30,12,6,4,0,59,2,0,0.008,1.0
CLE/CLE201904201,"Saturday, April 20, 2019",4:10 p.m. Local,Progressive Field,,3:04,Day,Home,Cleveland Indians,CLE,Atlanta Braves,ATL,32,4,6,4,4.0,2,9,36,0.188,0.25,0.406,0.656,176,91,-0.133,0.93,0.343,,-1.2,24,3,8.0,1,50,15,26,12,12,4,0,32,3,1,-0.366,-3.4,34,8,10,7,7.88,7,11,41,0.294,0.415,0.412,0.826,136,100,0.368,0.75,0.998,,3.4,27,7,9.0,2,53,22,25,8,15,9,0,57,0,0,0.133,1.2
CLE/CLE201904202,"Saturday, April 20, 2019",7:56 p.m. Local,Progressive Field,23035,3:54,Night,Away,Atlanta Braves,ATL,Cleveland Indians,CLE,35,8,9,8,8.0,7,13,42,0.257,0.381,0.457,0.838,189,117,0.59,0.59,1.036,,2.8,27,10,9.0,0,68,27,24,7,15,10,0,15,3,2,-0.092,-1.8,34,7,9,6,7.0,6,12,44,0.265,0.432,0.294,0.726,203,106,0.093,1.0,0.534,,1.8,27,6,9.0,1,64,19,23,14,8,5,0,67,10,5,-0.593,-2.8
CLE/CLE201904210,"Sunday, April 21, 2019",7:08 p.m. Local,Progressive Field,16039,3:22,Night,Away,Atlanta Braves,ATL,Cleveland Indians,CLE,44,11,17,11,8.0,3,7,48,0.386,0.438,0.636,1.074,149,120,0.383,0.29,0.551,,5.8,27,4,9.0,2,70,14,36,15,22,10,0,54,1,1,0.118,0.2,39,5,12,4,4.0,4,10,43,0.308,0.372,0.462,0.834,185,95,-0.116,0.29,0.108,,-0.2,27,9,9.0,2,50,16,29,13,16,2,0,23,3,3,-0.384,-5.8
CIN/CIN201904230,"Tuesday, April 23, 2019",6:41 p.m. Local,Great American Ball Park,12789,3:22,Night,Home,Cincinnati Reds,CIN,Atlanta Braves,ATL,36,6,10,6,6.0,1,14,39,0.278,0.282,0.444,0.726,158,97,0.0,0.97,1.251,,1.1,24,6,8.0,2,45,23,29,14,10,6,0,34,4,2,-0.501,-2.6,30,7,9,7,5.62,9,11,42,0.3,0.45,0.533,0.983,147,92,0.5,1.64,0.993,,2.6,27,6,9.0,0,47,15,30,10,12,4,0,49,3,0,-0.0,-1.1
CIN/CIN201904240,"Wednesday, April 24, 2019",6:41 p.m. Local,Great American Ball Park,12949,2:58,Night,Away,Atlanta Braves,ATL,Cincinnati Reds,CIN,33,3,8,2,2.0,7,4,42,0.242,0.39,0.364,0.754,149,85,-0.152,1.54,0.712,,-1.9,27,9,9.0,0,48,10,27,12,18,11,0,59,3,0,0.652,3.9,31,1,5,1,1.0,4,10,35,0.161,0.257,0.161,0.418,152,93,-0.654,1.15,0.4,,-3.9,27,9,9.0,1,51,16,26,14,7,6,0,50,1,0,0.152,1.9
CIN/CIN201904250,"Thursday, April 25, 2019",6:41 p.m. Local,Great American Ball Park,14792,2:54,Night,Home,Cincinnati Reds,CIN,Atlanta Braves,ATL,36,2,11,2,2.0,1,7,37,0.306,0.324,0.417,0.741,138,100,-0.416,0.85,0.677,,-2.9,24,10,8.0,0,68,16,16,14,15,10,0,54,0,0,-0.084,0.4,23,4,5,4,4.5,6,7,32,0.217,0.387,0.261,0.648,156,79,0.084,1.41,0.497,,-0.4,27,11,9.0,1,51,9,19,8,10,5,0,58,3,0,0.416,2.9
ATL/ATL201904260,"Friday, April 26, 2019",7:23 p.m. Local,SunTrust Park,40282,3:21,Night,Away,Colorado Rockies,COL,Atlanta Braves,ATL,39,8,12,8,6.0,0,10,40,0.308,0.308,0.59,0.897,157,102,0.376,1.02,0.989,,3.0,27,12,9.0,2,60,17,25,14,16,9,0,44,2,0,0.125,1.0,35,4,10,4,4.0,3,7,39,0.286,0.359,0.514,0.873,153,96,-0.126,0.85,0.699,,-1.0,27,9,9.0,2,61,12,23,16,12,7,0,46,4,1,-0.375,-3.0
ATL/ATL201904270,"Saturday, April 27, 2019",7:21 p.m. Local,SunTrust Park,38243,2:58,Night,Away,Colorado Rockies,COL,Atlanta Braves,ATL,35,9,9,9,9.0,3,7,39,0.257,0.316,0.686,1.002,141,82,0.649,0.86,1.736,,4.0,27,7,9.0,2,51,15,16,12,17,5,0,29,1,0,-0.148,0.0,34,5,9,5,5.0,4,6,38,0.265,0.342,0.529,0.872,128,88,0.148,1.85,0.778,,-0.0,27,10,9.0,3,58,13,17,8,20,12,0,48,4,3,-0.649,-4.0
ATL/ATL201904280,"Sunday, April 28, 2019",1:23 p.m. Local,SunTrust Park,33919,3:47,Day,Home,Atlanta Braves,ATL,Colorado Rockies,COL,34,7,9,6,6.0,4,9,41,0.265,0.35,0.529,0.879,175,106,0.179,1.39,1.297,,2.0,24,6,8.0,4,67,18,21,12,15,3,0,41,5,0,-0.678,-3.6,34,8,10,8,9.0,6,10,41,0.294,0.39,0.765,1.155,158,107,0.678,1.57,1.63,,3.6,27,7,9.0,2,65,21,21,8,17,7,0,40,4,0,-0.179,-2.0
ATL/ATL201904290,"Monday, April 29, 2019",7:22 p.m. Local,SunTrust Park,19353,2:33,Night,Home,Atlanta Braves,ATL,San Diego Padres,SDP,30,1,5,0,1.0,2,10,33,0.167,0.219,0.167,0.385,135,82,-0.499,0.73,0.402,,-4.0,24,12,8.0,1,39,12,31,9,12,5,0,53,3,0,0.0,1.4,32,3,6,2,1.12,4,3,36,0.188,0.278,0.281,0.559,119,87,-0.001,1.34,0.508,,-1.4,27,8,9.0,0,53,16,18,18,11,5,0,67,0,0,0.5,4.0
ATL/ATL201904300,"Tuesday, April 30, 2019",7:21 p.m. Local,SunTrust Park,18626,2:42,Night,Away,San Diego Padres,SDP,Atlanta Braves,ATL,31,4,6,4,4.0,1,9,32,0.194,0.219,0.516,0.735,136,75,0.022,1.73,0.585,,-1.0,27,4,9.0,0,45,13,17,11,11,6,0,60,0,0,0.478,2.0,34,3,8,3,3.0,1,9,36,0.235,0.278,0.265,0.542,111,100,-0.478,0.78,0.786,,-2.0,27,12,9.0,3,59,17,24,9,16,7,0,58,0,0,-0.022,1.0
ATL/ATL201905010,"Wednesday, May 1, 2019",7:20 p.m. Local,SunTrust Park,20394,2:39,Night,Home,Atlanta Braves,ATL,San Diego Padres,SDP,32,1,5,1,1.0,2,11,34,0.156,0.206,0.25,0.456,128,81,-0.406,0.88,0.48,,-4.0,24,6,8.0,1,46,15,20,12,9,7,0,51,1,0,-0.094,-0.6,31,5,8,5,5.62,2,4,34,0.258,0.294,0.548,0.843,122,70,0.095,1.17,0.652,,0.6,27,11,9.0,1,41,14,15,12,16,5,0,72,3,0,0.405,4.0
ATL/ATL201905020,"Thursday, May 2, 2019",12:11 p.m. Local,SunTrust Park,23746,2:53,Day,Away,San Diego Padres,SDP,Atlanta Braves,ATL,43,11,17,10,7.0,2,10,48,0.395,0.426,0.651,1.077,119,117,0.243,0.38,0.565,,6.0,27,5,9.0,0,75,12,30,12,23,10,0,54,0,0,0.256,3.0,36,2,10,2,2.0,1,7,37,0.278,0.297,0.278,0.575,179,86,-0.257,0.49,0.061,,-3.0,27,4,9.0,2,48,10,28,7,22,12,0,35,2,1,-0.243,-6.0
MIA/MIA201905030,"Friday, May 3, 2019",7:11 p.m. Local,Marlins Park,7198,3:08,Night,Away,Atlanta Braves,ATL,Miami Marlins,MIA,34,7,10,7,7.0,4,7,40,0.294,0.359,0.5,0.859,145,103,0.291,1.1,0.647,,2.5,27,10,9.0,0,64,22,17,12,17,5,0,49,5,1,0.21,2.5,32,2,6,2,2.0,5,11,38,0.188,0.316,0.188,0.503,161,87,-0.209,0.67,0.444,,-2.5,27,8,9.0,2,33,22,32,13,8,2,0,41,1,0,-0.29,-2.5
MIA/MIA201905040,"Saturday, May 4, 2019",6:10 p.m. Local,Marlins Park,10229,3:15,Night,Away,Atlanta Braves,ATL,Miami Marlins,MIA,41,9,12,9,9.0,6,6,47,0.293,0.383,0.415,0.798,113,120,0.452,0.64,1.183,,4.5,27,11,9.0,0,71,16,33,18,17,8,0,71,0,0,0.047,2.5,32,2,3,2,0.0,2,9,36,0.094,0.171,0.094,0.265,188,78,-0.048,1.03,0.352,,-2.5,27,10,9.0,1,43,15,20,17,7,3,0,59,3,2,-0.453,-4.5
MIA/MIA201905050,"Sunday, May 5, 2019",1:11 p.m. Local,Marlins Park,11885,3:29,Day,Away,Atlanta Braves,ATL,Miami Marlins,MIA,34,3,6,3,2.7,4,9,39,0.176,0.256,0.324,0.58,156,105,0.009,1.57,0.967,,-2.0,30,12,10.0,0,68,12,25,9,17,4,0,70,0,0,0.491,4.0,35,1,6,1,0.9,2,7,38,0.171,0.237,0.2,0.437,160,100,-0.492,1.29,0.66,,-4.0,30,9,10.0,1,50,16,34,12,16,7,0,71,0,0,-0.009,2.0
LAN/LAN201905060,"Monday, May 6, 2019",7:10 p.m. Local,Dodger Stadium,43393,2:45,Night,Home,Los Angeles Dodgers,LAD,Atlanta Braves,ATL,32,3,5,3,3.0,0,10,32,0.156,0.156,0.344,0.5,138,97,-0.326,0.61,0.246,,-1.6,24,6,8.0,0,53,13,31,6,16,9,0,35,2,0,-0.175,-0.9,32,5,9,4,3.38,5,9,38,0.281,0.368,0.344,0.712,132,86,0.176,0.81,0.443,,0.9,27,4,9.0,2,46,21,19,9,15,6,0,63,0,0,0.325,1.6
LAN/LAN201905070,"Tuesday, May 7, 2019",7:10 p.m. Local,Dodger Stadium,47337,2:42,Night,Home,Los Angeles Dodgers,LAD,Atlanta Braves,ATL,30,0,4,0,0.0,0,6,30,0.133,0.133,0.167,0.3,147,67,-0.247,0.37,0.042,,-4.6,24,5,8.0,3,42,9,16,13,11,8,0,29,1,1,-0.254,-4.9,33,9,11,9,10.12,3,5,39,0.333,0.395,0.636,1.031,93,88,0.253,0.41,0.424,,4.9,27,11,9.0,0,46,13,29,8,22,7,0,85,,,0.246,4.6
LAN/LAN201905080,"Wednesday, May 8, 2019",7:10 p.m. Local,Dodger Stadium,53707,2:58,Night,Home,Los Angeles Dodgers,LAD,Atlanta Braves,ATL,37,4,11,4,4.0,1,7,38,0.297,0.316,0.432,0.748,146,94,-0.084,0.69,0.568,,-0.6,24,7,8.0,3,53,14,27,16,14,6,0,40,3,0,-0.415,-4.9,33,9,9,8,10.12,7,5,40,0.273,0.4,0.576,0.976,132,92,0.415,0.91,0.782,,4.9,27,12,9.0,1,46,19,27,11,17,5,0,43,4,1,0.085,0.6
ARI/ARI201905090,"Thursday, May 9, 2019",6:41 p.m. Local,Chase Field,17751,3:13,Night,Home,Arizona Diamondbacks,ARI,Atlanta Braves,ATL,33,2,5,2,1.8,2,9,37,0.152,0.243,0.303,0.546,164,95,-0.312,1.68,0.692,,-3.3,27,11,9.0,1,58,13,24,10,14,7,0,61,0,0,-0.186,0.8,37,3,11,3,3.0,6,6,45,0.297,0.422,0.486,0.909,152,99,0.187,1.36,1.465,,-0.8,30,7,10.0,1,62,14,23,16,15,6,0,71,0,0,0.313,3.3
ARI/ARI201905100,"Friday, May 10, 2019",6:40 p.m. Local,Chase Field,21932,3:00,Night,Away,Atlanta Braves,ATL,Arizona Diamondbacks,ARI,32,2,7,2,2.0,1,8,33,0.219,0.242,0.406,0.649,140,83,-0.153,1.5,0.684,,-2.8,27,7,9.0,0,49,18,18,12,12,8,0,64,0,0,0.654,3.8,32,1,4,1,1.0,2,8,34,0.125,0.176,0.25,0.426,129,96,-0.654,1.07,0.442,,-3.8,27,13,9.0,1,55,22,19,10,14,3,0,70,0,0,0.154,2.8
ARI/ARI201905110,"Saturday, May 11, 2019",5:10 p.m. Local,Chase Field,33168,3:09,Night,Away,Atlanta Braves,ATL,Arizona Diamondbacks,ARI,38,6,13,6,6.0,1,6,39,0.342,0.359,0.579,0.938,135,92,0.263,1.63,0.789,,1.2,27,9,9.0,2,62,14,16,12,20,10,0,62,1,0,0.237,0.8,34,4,8,4,4.0,3,8,39,0.235,0.308,0.441,0.749,136,88,-0.238,0.89,0.948,,-0.8,27,12,9.0,2,56,12,20,10,17,8,0,54,2,0,-0.261,-1.2
ARI/ARI201905120,"Sunday, May 12, 2019",1:11 p.m. Local,Chase Field,27460,3:21,Day,Away,Atlanta Braves,ATL,Arizona Diamondbacks,ARI,37,5,12,5,5.0,1,7,39,0.324,0.359,0.432,0.791,163,91,0.098,1.64,0.796,,0.2,27,8,9.0,1,51,16,24,13,17,14,0,43,3,0,0.402,1.8,40,3,14,3,3.0,1,11,41,0.35,0.366,0.475,0.841,149,113,-0.403,1.03,0.982,,-1.8,27,13,9.0,0,67,19,27,14,15,10,0,46,1,0,-0.099,-0.2
ATL/ATL201905140,"Tuesday, May 14, 2019",7:21 p.m. Local,SunTrust Park,23718,3:00,Night,Away,St. Louis Cardinals,STL,Atlanta Braves,ATL,39,14,14,13,14.0,7,6,46,0.359,0.457,0.718,1.174,159,108,0.32,0.32,0.504,,9.0,27,6,9.0,0,67,17,24,12,21,7,0,55,0,0,0.18,2.0,27,3,3,3,3.0,6,11,35,0.111,0.265,0.111,0.376,182,91,-0.179,0.31,0.086,,-2.0,27,11,9.0,4,45,16,30,8,10,2,0,19,0,0,-0.321,-9.0
ATL/ATL201905150,"Wednesday, May 15, 2019",7:21 p.m. Local,SunTrust Park,23367,2:40,Night,Home,Atlanta Braves,ATL,St. Louis Cardinals,STL,27,0,3,0,0.0,5,6,34,0.111,0.273,0.111,0.384,133,70,-0.535,0.72,0.408,,-5.0,24,6,8.0,2,41,10,19,12,10,3,0,53,0,0,0.033,0.4,30,4,6,3,3.38,4,10,34,0.2,0.294,0.433,0.727,122,84,-0.033,1.24,0.423,,-0.4,27,10,9.0,0,47,15,22,9,11,5,0,71,2,0,0.534,5.0
ATL/ATL201905160,"Thursday, May 16, 2019",7:22 p.m. Local,SunTrust Park,28783,3:16,Night,Home,Atlanta Braves,ATL,St. Louis Cardinals,STL,31,2,6,2,2.0,4,6,35,0.194,0.286,0.387,0.673,153,94,-0.221,0.45,0.169,,-3.0,24,11,8.0,1,55,14,25,12,13,3,0,29,1,1,-0.279,-5.6,34,10,14,10,11.25,6,4,42,0.412,0.488,0.559,1.047,148,91,0.28,0.49,0.431,,5.6,27,10,9.0,2,58,10,23,15,17,9,0,63,1,0,0.221,3.0
ATL/ATL201905170,"Friday, May 17, 2019",7:21 p.m. Local,SunTrust Park,36222,3:25,Night,Home,Atlanta Braves,ATL,Milwaukee Brewers,MIL,37,8,10,8,4.0,5,8,42,0.27,0.357,0.378,0.736,183,95,-0.314,0.47,0.123,,3.0,24,8,8.0,4,51,15,29,15,14,8,0,41,0,0,-0.188,-7.6,39,12,17,12,13.5,5,7,47,0.436,0.5,0.821,1.321,158,114,0.187,0.48,0.429,,7.6,27,12,9.0,1,64,21,29,15,19,7,0,71,4,2,0.312,-3.0
ATL/ATL201905180,"Saturday, May 18, 2019",7:16 p.m. Local,SunTrust Park,39121,3:34,Night,Home,Atlanta Braves,ATL,Milwaukee Brewers,MIL,38,3,8,3,2.7,4,10,43,0.211,0.302,0.316,0.618,149,106,-0.316,1.28,1.145,,-2.6,27,8,9.0,2,59,18,29,19,9,6,0,55,2,1,-0.186,1.0,33,4,8,4,3.0,5,8,39,0.242,0.333,0.485,0.818,155,92,0.184,1.85,1.076,,-1.0,30,14,10.0,0,49,21,22,9,17,9,0,54,1,0,0.315,2.6
ATL/ATL201905190,"Sunday, May 19, 2019",1:21 p.m. Local,SunTrust Park,36548,2:44,Day,Away,Milwaukee Brewers,MIL,Atlanta Braves,ATL,37,3,9,3,2.7,0,6,37,0.243,0.243,0.486,0.73,117,86,-0.156,1.34,0.88,,-2.6,30,9,10.0,2,54,15,19,12,19,10,0,70,0,0,0.655,3.6,34,2,5,2,1.8,0,9,34,0.147,0.147,0.324,0.471,139,81,-0.655,1.32,0.42,,-3.6,30,9,10.0,3,42,26,13,10,15,3,0,61,2,0,0.154,2.6
SFN/SFN201905200,"Monday, May 20, 2019",6:45 p.m. Local,Oracle Park,29815,2:23,Night,Away,Atlanta Braves,ATL,San Francisco Giants,SFG,32,4,6,4,4.0,6,7,38,0.188,0.316,0.5,0.816,114,105,0.074,0.89,0.544,,-0.5,27,10,9.0,1,61,21,23,9,16,8,0,81,0,0,0.426,3.5,29,1,2,1,1.0,0,8,29,0.069,0.069,0.172,0.241,161,76,-0.426,0.59,0.176,,-3.5,27,10,9.0,3,43,14,19,12,9,3,0,53,0,0,-0.074,0.5
SFN/SFN201905210,"Tuesday, May 21, 2019",6:45 p.m. Local,Oracle Park,28030,3:16,Night,Home,San Francisco Giants,SFG,Atlanta Braves,ATL,35,3,11,3,3.0,3,5,39,0.314,0.359,0.343,0.702,150,88,-0.023,1.82,0.574,,-1.5,26,8,8.2,0,48,14,26,9,22,13,0,62,1,0,-0.476,0.2,33,4,9,4,4.15,3,8,37,0.273,0.333,0.303,0.636,148,97,0.476,1.02,1.423,,-0.2,27,8,9.0,0,53,18,26,11,15,5,0,46,4,2,0.023,1.5
SFN/SFN201905220,"Wednesday, May 22, 2019",6:45 p.m. Local,Oracle Park,31402,2:48,Night,Away,Atlanta Braves,ATL,San Francisco Giants,SFG,36,9,7,8,3.0,4,10,41,0.194,0.293,0.444,0.737,131,102,0.38,0.31,0.545,,4.5,27,11,9.0,1,54,23,25,9,17,7,0,59,0,0,0.119,2.5,31,2,6,2,2.0,2,9,33,0.194,0.242,0.323,0.565,160,89,-0.12,0.45,0.102,,-2.5,27,7,9.0,3,44,21,24,13,9,5,0,57,0,0,-0.381,-4.5
SFN/SFN201905230,"Thursday, May 23, 2019",12:45 p.m. Local,Oracle Park,32463,4:21,Day,Away,Atlanta Braves,ATL,San Francisco Giants,SFG,49,5,11,5,3.46,3,16,52,0.224,0.269,0.347,0.616,212,141,-0.19,1.58,1.402,,-1.5,39,6,13.0,1,73,32,36,13,20,10,0,56,2,0,0.69,2.5,45,4,7,3,2.77,6,15,53,0.156,0.264,0.267,0.531,216,132,-0.69,1.59,0.929,,-2.5,39,13,13.0,2,71,28,33,9,22,7,0,56,0,0,0.189,1.5
SLN/SLN201905240,"Friday, May 24, 2019",7:16 p.m. Local,Busch Stadium III,44630,2:44,Night,Away,Atlanta Braves,ATL,St. Louis Cardinals,STL,37,5,12,4,5.0,0,11,37,0.324,0.324,0.595,0.919,127,99,0.126,1.13,0.642,,0.3,27,6,9.0,1,55,24,20,10,16,10,0,67,4,0,0.374,2.7,33,2,7,2,1.0,0,11,35,0.212,0.235,0.364,0.599,142,86,-0.375,0.78,0.376,,-2.7,27,8,9.0,3,45,11,30,8,15,7,0,60,1,0,-0.126,-0.3
SLN/SLN201905250,"Saturday, May 25, 2019",6:15 p.m. Local,Busch Stadium III,45760,2:40,Night,Home,St. Louis Cardinals,STL,Atlanta Braves,ATL,31,3,7,3,3.0,4,2,35,0.226,0.314,0.355,0.669,117,69,-0.002,1.47,0.71,,-1.7,24,11,8.0,1,41,13,15,20,9,6,0,60,0,0,-0.496,-1.9,32,6,9,6,5.62,1,8,35,0.281,0.324,0.375,0.699,120,85,0.498,1.16,1.219,,1.9,27,17,9.0,0,43,19,22,13,11,6,0,55,1,1,0.004,1.7
SLN/SLN201905260,"Sunday, May 26, 2019",6:08 p.m. Local,Busch Stadium III,45152,4:07,Night,Away,Atlanta Braves,ATL,St. Louis Cardinals,STL,37,4,9,4,3.6,6,13,44,0.243,0.364,0.27,0.634,162,132,0.2,1.06,1.26,,-1.2,30,5,10.0,0,82,22,28,9,15,8,0,52,0,0,0.301,2.2,34,3,3,3,0.9,6,5,43,0.088,0.256,0.088,0.344,204,102,-0.301,1.78,0.549,,-2.2,30,11,10.0,0,58,17,27,10,20,8,0,73,7,1,-0.199,1.2
ATL/ATL201905280,"Tuesday, May 28, 2019",7:21 p.m. Local,SunTrust Park,27573,3:21,Night,Away,Washington Nationals,WSN,Atlanta Braves,ATL,35,5,11,5,5.0,6,8,44,0.314,0.442,0.457,0.899,152,87,0.2,1.4,1.051,,-0.0,27,4,9.0,1,51,12,24,10,18,7,0,68,0,0,0.3,1.0,34,4,8,4,4.0,3,16,39,0.235,0.308,0.353,0.661,152,98,-0.298,1.25,0.681,,-1.0,27,7,9.0,1,45,26,27,4,15,10,0,37,6,1,-0.199,0.0
ATL/ATL201905290,"Wednesday, May 29, 2019",7:22 p.m. Local,SunTrust Park,37726,3:11,Night,Away,Washington Nationals,WSN,Atlanta Braves,ATL,41,14,15,14,14.0,6,8,49,0.366,0.449,0.659,1.108,135,126,0.423,0.09,0.497,,9.0,27,3,9.0,1,78,16,32,13,21,13,0,76,0,0,0.077,1.0,33,4,6,4,4.0,1,13,34,0.182,0.206,0.273,0.479,206,90,-0.078,0.32,0.006,,-1.0,27,10,9.0,2,45,23,22,5,15,7,0,4,1,1,-0.424,-9.0
ATL/ATL201905310,"Friday, May 31, 2019",7:21 p.m. Local,SunTrust Park,35524,2:52,Night,Away,Detroit Tigers,DET,Atlanta Braves,ATL,39,8,11,8,7.0,3,15,42,0.282,0.333,0.667,1.0,127,101,0.266,0.82,0.669,,3.0,27,13,9.0,0,46,33,22,9,15,5,0,57,3,1,0.234,3.0,31,2,7,2,1.0,1,4,33,0.226,0.242,0.226,0.468,156,79,-0.234,0.54,0.285,,-3.0,27,5,9.0,4,49,11,19,16,12,4,0,41,2,0,-0.266,-3.0
ATL/ATL201906010,"Saturday, June 1, 2019",4:11 p.m. Local,SunTrust Park,37108,2:51,Day,Home,Atlanta Braves,ATL,Detroit Tigers,DET,38,5,11,5,4.0,0,11,38,0.289,0.289,0.447,0.737,136,102,-0.003,0.85,0.686,,-0.0,24,8,8.0,3,53,28,21,13,14,7,0,37,0,0,-0.497,-5.6,36,10,11,10,6.75,1,8,38,0.306,0.324,0.667,0.991,146,88,0.498,0.89,0.955,,5.6,27,9,9.0,0,50,19,19,13,16,9,0,51,2,1,0.002,0.0
ATL/ATL201906020,"Sunday, June 2, 2019",1:22 p.m. Local,SunTrust Park,28978,3:18,Day,Home,Atlanta Braves,ATL,Detroit Tigers,DET,36,4,9,4,1.0,4,8,40,0.25,0.325,0.528,0.853,150,102,-0.096,0.81,0.795,,-1.0,24,6,8.0,1,63,21,18,15,13,6,0,54,2,2,-0.404,-2.6,32,7,7,6,4.5,2,13,35,0.219,0.257,0.5,0.757,161,93,0.404,1.12,0.843,,2.6,27,14,9.0,3,47,22,24,11,9,5,0,62,2,0,0.096,1.0
PIT/PIT201906040,"Tuesday, June 4, 2019",7:06 p.m. Local,PNC Park,13963,3:46,Night,Away,Atlanta Braves,ATL,Pittsburgh Pirates,PIT,41,12,13,11,9.0,7,5,49,0.317,0.429,0.634,1.063,170,109,0.643,0.77,1.478,,7.4,27,10,9.0,1,73,18,18,19,17,5,0,25,1,0,-0.142,-0.4,37,5,10,5,5.0,5,8,44,0.27,0.372,0.432,0.805,192,112,0.143,1.16,0.684,,0.4,27,13,9.0,3,66,21,25,15,15,10,0,46,3,1,-0.643,-7.4
PIT/PIT201906050,"Wednesday, June 5, 2019",9:09 p.m. Local,PNC Park,13904,2:48,Night,Home,Pittsburgh Pirates,PIT,Atlanta Braves,ATL,32,4,6,4,4.0,2,8,34,0.188,0.235,0.469,0.704,132,77,-0.105,0.39,0.196,,-0.6,24,12,8.0,2,44,12,21,8,16,6,0,18,0,0,-0.394,-2.9,37,7,14,7,7.88,0,5,38,0.378,0.395,0.649,1.043,117,93,0.394,0.47,0.561,,2.9,27,9,9.0,2,61,18,14,16,16,11,0,65,0,0,0.105,0.6
PIT/PIT201906060,"Thursday, June 6, 2019",12:39 p.m. Local,PNC Park,18232,2:58,Day,Home,Pittsburgh Pirates,PIT,Atlanta Braves,ATL,33,1,7,1,1.0,4,8,38,0.212,0.297,0.333,0.631,141,90,-0.382,0.54,0.482,,-3.6,24,8,8.0,2,54,17,19,11,15,8,0,52,1,1,-0.119,-1.9,31,6,9,6,3.38,1,7,33,0.29,0.313,0.645,0.958,137,90,0.119,1.04,0.483,,1.9,27,9,9.0,1,48,27,15,10,15,7,0,60,3,0,0.382,3.6
MIA/MIA201906070,"Friday, June 7, 2019",7:11 p.m. Local,Marlins Park,8589,2:42,Night,Away,Atlanta Braves,ATL,Miami Marlins,MIA,39,7,14,7,7.0,4,8,44,0.359,0.419,0.564,0.983,115,102,0.318,0.42,0.546,,2.5,27,14,9.0,0,63,18,21,9,23,10,0,76,1,1,0.183,3.5,31,1,5,1,1.0,2,7,33,0.161,0.212,0.226,0.438,158,77,-0.183,0.38,0.121,,-3.5,27,6,9.0,2,48,14,15,15,9,7,0,14,1,0,-0.318,-2.5
MIA/MIA201906080,"Saturday, June 8, 2019",4:10 p.m. Local,Marlins Park,9771,2:57,Day,Away,Atlanta Braves,ATL,Miami Marlins,MIA,27,1,3,1,1.0,3,6,33,0.111,0.242,0.148,0.391,144,73,-0.301,1.83,0.375,,-3.5,27,10,9.0,0,41,12,20,9,13,3,0,72,1,0,0.801,4.5,31,0,4,0,0.0,2,10,34,0.129,0.206,0.194,0.399,113,95,-0.802,1.11,0.449,,-4.5,27,9,9.0,0,57,14,24,11,10,6,0,71,0,0,0.302,3.5
MIA/MIA201906090,"Sunday, June 9, 2019",1:11 p.m. Local,Marlins Park,10959,4:26,Day,Away,Atlanta Braves,ATL,Miami Marlins,MIA,46,7,10,6,5.25,9,13,55,0.217,0.345,0.435,0.78,189,130,0.491,1.39,1.656,,1.0,36,19,12.0,1,69,30,31,8,25,8,0,54,0,0,0.009,-0.0,47,6,14,6,4.5,2,14,51,0.298,0.34,0.426,0.766,215,126,-0.007,1.51,1.308,,0.0,36,6,12.0,1,64,25,37,22,12,7,0,66,5,0,-0.49,-1.0
ATL/ATL201906100,"Monday, June 10, 2019",7:22 p.m. Local,SunTrust Park,21822,3:35,Night,Home,Atlanta Braves,ATL,Pittsburgh Pirates,PIT,38,7,10,7,5.0,3,12,41,0.263,0.317,0.447,0.764,166,108,0.043,0.58,0.576,,2.0,24,7,8.0,5,63,27,18,9,17,11,0,51,2,0,-0.544,-8.6,37,13,13,13,12.38,4,10,43,0.351,0.442,0.811,1.253,168,102,0.544,0.71,0.789,,8.6,27,8,9.0,2,65,20,17,10,17,6,0,38,4,1,-0.044,-2.0
ATL/ATL201906110,"Tuesday, June 11, 2019",7:21 p.m. Local,SunTrust Park,31305,3:15,Night,Home,Atlanta Braves,ATL,Pittsburgh Pirates,PIT,32,5,9,5,5.62,4,8,36,0.281,0.361,0.375,0.736,148,91,-0.003,0.72,0.8,,0.6,24,8,8.0,5,57,18,16,9,15,5,0,34,0,0,-0.416,-2.6,33,7,10,7,7.88,3,11,36,0.303,0.361,0.788,1.149,140,90,0.416,1.28,0.835,,2.6,24,5,8.0,0,50,16,24,7,15,8,0,42,2,1,0.002,-0.6
ATL/ATL201906120,"Wednesday, June 12, 2019",7:21 p.m. Local,SunTrust Park,24428,4:17,Night,Home,Atlanta Braves,ATL,Pittsburgh Pirates,PIT,44,7,13,7,5.73,5,6,50,0.295,0.36,0.455,0.815,204,132,-0.012,1.59,1.357,,0.9,30,11,10.0,1,92,21,19,15,24,12,0,15,0,0,-0.487,-3.1,43,8,15,8,7.2,7,8,52,0.349,0.462,0.558,1.02,203,123,0.489,1.58,1.79,,3.1,33,9,11.0,2,75,19,29,15,20,12,0,29,0,0,0.013,-0.9
ATL/ATL201906130,"Thursday, June 13, 2019",12:12 p.m. Local,SunTrust Park,35108,3:30,Day,Home,Atlanta Braves,ATL,Pittsburgh Pirates,PIT,35,5,9,5,3.0,4,5,40,0.257,0.333,0.4,0.733,137,85,-0.19,0.94,0.753,,-0.0,24,10,8.0,0,56,6,23,17,14,5,0,21,1,1,-0.312,-1.6,34,6,10,6,6.75,3,6,39,0.294,0.385,0.412,0.796,148,94,0.31,1.23,0.813,,1.6,27,15,9.0,0,55,20,19,14,14,8,0,59,2,0,0.189,0.0
ATL/ATL201906140,"Friday, June 14, 2019",7:21 p.m. Local,SunTrust Park,41975,3:30,Night,Home,Atlanta Braves,ATL,Philadelphia Phillies,PHI,34,8,9,7,6.0,5,7,41,0.265,0.35,0.559,0.909,177,101,0.311,1.39,0.691,,3.0,26,11,8.2,3,61,14,26,14,15,3,0,46,3,2,-0.811,-4.2,38,9,14,9,9.35,4,9,43,0.368,0.429,0.711,1.139,168,113,0.81,0.63,1.663,,4.2,27,11,9.0,3,65,26,22,11,19,12,0,32,2,0,-0.311,-3.0
ATL/ATL201906150,"Saturday, June 15, 2019",7:20 p.m. Local,SunTrust Park,43593,3:55,Night,Away,Philadelphia Phillies,PHI,Atlanta Braves,ATL,33,6,8,5,1.0,3,10,38,0.242,0.324,0.424,0.749,159,97,0.475,1.14,1.29,,1.0,27,6,9.0,2,49,26,22,10,14,6,0,33,2,0,0.023,0.0,35,5,8,5,5.0,3,9,39,0.229,0.308,0.457,0.765,168,101,-0.024,1.41,0.758,,-0.0,27,11,9.0,1,52,18,31,9,17,9,0,49,3,2,-0.476,-1.0
ATL/ATL201906160,"Sunday, June 16, 2019",1:21 p.m. Local,SunTrust Park,40855,3:09,Day,Home,Atlanta Braves,ATL,Philadelphia Phillies,PHI,31,1,6,1,1.0,5,9,36,0.194,0.306,0.226,0.531,157,89,-0.179,0.26,0.184,,-4.0,24,8,8.0,3,55,9,25,12,10,3,0,37,1,1,-0.321,-10.6,40,15,19,14,16.88,2,10,46,0.475,0.511,0.825,1.336,142,104,0.321,0.53,0.445,,10.6,27,10,9.0,0,63,19,22,10,22,10,0,61,0,0,0.179,4.0
ATL/ATL201906170,"Monday, June 17, 2019",7:21 p.m. Local,SunTrust Park,24660,3:05,Night,Home,Atlanta Braves,ATL,New York Mets,NYM,32,3,7,3,3.0,4,5,36,0.219,0.306,0.344,0.649,177,77,-0.135,0.77,0.497,,-2.0,24,9,8.0,3,51,11,15,15,12,8,0,36,4,3,-0.364,-7.6,40,12,16,11,12.38,7,5,47,0.4,0.489,0.625,1.114,116,106,0.366,0.95,0.892,,7.6,27,14,9.0,1,73,14,19,12,23,13,0,49,1,0,0.135,2.0
ATL/ATL201906180,"Tuesday, June 18, 2019",7:30 p.m. Local,SunTrust Park,24791,3:04,Night,Away,New York Mets,NYM,Atlanta Braves,ATL,40,10,15,10,10.0,8,10,48,0.375,0.479,0.75,1.229,123,106,0.297,0.3,0.608,,5.0,27,6,9.0,2,62,24,20,14,16,5,0,75,0,0,0.203,3.0,32,2,5,2,2.0,0,12,33,0.156,0.182,0.375,0.557,170,83,-0.204,0.49,0.046,,-3.0,27,8,9.0,3,50,16,17,7,13,5,0,22,0,0,-0.297,-5.0
ATL/ATL201906190,"Wednesday, June 19, 2019",7:20 p.m. Local,SunTrust Park,37104,3:03,Night,Home,Atlanta Braves,ATL,New York Mets,NYM,34,2,9,2,2.0,2,8,36,0.265,0.306,0.382,0.688,153,90,-0.269,0.73,0.43,,-3.0,24,12,8.0,2,52,15,23,12,14,11,0,33,3,2,-0.232,-2.6,32,7,9,7,7.88,5,5,37,0.281,0.378,0.563,0.941,144,89,0.231,1.01,0.71,,2.6,27,13,9.0,0,56,16,17,12,15,8,0,53,1,0,0.269,3.0
WAS/WAS201906210,"Friday, June 21, 2019",7:06 p.m. Local,Nationals Park,34212,3:01,Night,Home,Washington Nationals,WSN,Atlanta Braves,ATL,34,3,8,3,3.0,4,7,38,0.235,0.316,0.382,0.698,143,92,-0.445,1.21,0.908,,-2.1,24,9,8.0,1,53,20,19,10,17,12,0,40,0,0,-0.054,0.5,32,4,8,4,3.38,2,6,37,0.25,0.333,0.5,0.833,146,90,0.054,1.78,0.845,,-0.5,27,9,9.0,1,58,14,18,12,15,7,0,52,1,0,0.445,2.1
WAS/WAS201906220,"Saturday, June 22, 2019",7:16 p.m. Local,Nationals Park,37492,3:42,Night,Away,Atlanta Braves,ATL,Washington Nationals,WSN,41,13,14,13,13.0,6,9,47,0.341,0.426,0.585,1.011,167,103,1.021,0.98,1.703,,7.9,27,6,9.0,1,66,23,14,8,24,13,0,14,2,2,-0.52,-3.9,35,9,11,8,9.0,5,12,42,0.314,0.405,0.457,0.862,172,102,0.521,1.11,1.063,,3.9,27,6,9.0,2,54,20,28,7,17,11,0,49,3,3,-1.021,-7.9
WAS/WAS201906230,"Sunday, June 23, 2019",1:37 p.m. Local,Nationals Park,34256,3:09,Day,Away,Atlanta Braves,ATL,Washington Nationals,WSN,36,4,7,4,3.6,2,9,39,0.194,0.256,0.472,0.729,135,97,0.01,2.04,0.913,,-1.6,30,11,10.0,1,56,22,19,10,17,2,0,55,1,1,0.491,2.6,37,3,10,3,1.8,2,6,40,0.27,0.308,0.351,0.659,144,87,-0.493,1.16,1.11,,-2.6,30,8,10.0,3,51,12,24,15,17,7,0,63,1,0,-0.009,1.6
CHN/CHN201906240,"Monday, June 24, 2019",7:06 p.m. Local,Wrigley Field,37603,3:01,Night,Home,Chicago Cubs,CHC,Atlanta Braves,ATL,35,3,8,3,1.0,0,11,35,0.229,0.229,0.343,0.571,133,95,-0.306,0.57,0.288,,-1.9,24,10,8.0,2,57,17,21,11,13,4,0,15,2,1,-0.192,-3.7,31,8,10,8,9.0,3,5,35,0.323,0.4,0.613,1.013,148,82,0.194,0.77,0.551,,3.7,27,9,9.0,1,42,12,28,13,13,8,0,65,1,0,0.307,1.9
CHN/CHN201906250,"Tuesday, June 25, 2019",7:05 p.m. Local,Wrigley Field,37333,2:59,Night,Away,Atlanta Braves,ATL,Chicago Cubs,CHC,30,3,3,3,3.0,5,10,35,0.1,0.229,0.3,0.529,129,104,-0.044,1.64,0.665,,-1.9,27,9,9.0,0,72,13,19,8,12,3,0,63,2,0,0.543,2.9,28,2,4,2,2.0,5,13,33,0.143,0.273,0.179,0.451,168,84,-0.545,1.11,0.72,,-2.9,27,8,9.0,2,42,22,21,10,5,3,0,58,3,0,0.043,1.9
CHN/CHN201906260,"Wednesday, June 26, 2019",7:05 p.m. Local,Wrigley Field,38017,3:02,Night,Away,Atlanta Braves,ATL,Chicago Cubs,CHC,33,5,7,4,5.0,2,10,35,0.212,0.257,0.455,0.712,138,90,0.124,1.19,0.509,,0.1,27,16,9.0,2,49,19,22,14,9,3,0,40,3,0,0.377,1.9,34,3,10,3,3.0,4,5,38,0.294,0.368,0.529,0.898,141,82,-0.377,0.59,0.56,,-1.9,27,12,9.0,2,51,9,22,20,9,2,0,43,1,0,-0.124,-0.1
CHN/CHN201906270,"Thursday, June 27, 2019",1:21 p.m. Local,Wrigley Field,39823,3:02,Day,Home,Chicago Cubs,CHC,Atlanta Braves,ATL,33,7,8,7,7.0,5,10,39,0.242,0.359,0.485,0.844,137,95,0.106,1.02,0.848,,2.1,24,6,8.0,2,59,25,11,12,11,4,0,36,1,1,-0.607,-4.7,35,9,10,7,4.5,1,9,36,0.286,0.306,0.571,0.877,157,102,0.607,1.06,1.198,,4.7,27,11,9.0,2,65,17,20,8,18,7,0,32,0,0,-0.106,-2.1
NYN/NYN201906280,"Friday, June 28, 2019",7:13 p.m. Local,Citi Field,36421,2:55,Night,Away,Atlanta Braves,ATL,New York Mets,NYM,35,6,9,6,6.0,2,11,39,0.257,0.308,0.4,0.708,138,98,0.244,1.39,0.636,,1.6,27,9,9.0,1,56,19,23,9,16,9,0,55,2,0,0.255,2.4,36,2,9,2,2.0,0,8,36,0.25,0.25,0.333,0.583,149,96,-0.255,0.8,0.668,,-2.4,27,7,9.0,1,69,13,14,16,12,6,0,53,0,0,-0.245,-1.6
NYN/NYN201906290,"Saturday, June 29, 2019",4:32 p.m. Local,Citi Field,40809,3:39,Day,Away,Atlanta Braves,ATL,New York Mets,NYM,38,5,13,5,5.0,1,9,41,0.342,0.39,0.579,0.969,166,92,0.353,1.99,1.098,,0.6,27,9,9.0,1,60,16,16,13,16,10,0,43,3,1,0.147,0.4,36,4,8,4,4.0,4,9,42,0.222,0.333,0.389,0.722,143,107,-0.148,1.08,1.315,,-0.4,27,10,9.0,2,69,15,23,13,14,7,0,45,1,0,-0.354,-0.6
NYN/NYN201906300,"Sunday, June 30, 2019",7:08 p.m. Local,Citi Field,31743,3:27,Night,Home,New York Mets,NYM,Atlanta Braves,ATL,36,5,10,5,5.0,3,10,39,0.278,0.333,0.444,0.778,132,104,0.27,1.86,1.082,,0.6,24,8,8.0,1,57,28,22,10,16,6,0,44,3,2,-0.767,-4.1,35,8,13,8,9.0,2,9,39,0.371,0.41,0.486,0.896,159,90,0.768,1.31,1.634,,4.1,27,8,9.0,1,45,19,26,16,11,5,0,45,4,0,-0.268,-0.6
ATL/ATL201907020,"Tuesday, July 2, 2019",7:20 p.m. Local,SunTrust Park,40180,2:48,Night,Away,Philadelphia Phillies,PHI,Atlanta Braves,ATL,33,2,7,2,2.0,3,4,36,0.212,0.278,0.273,0.551,132,72,-0.164,1.16,0.447,,-3.0,27,5,9.0,0,39,7,26,15,14,11,0,79,0,0,0.665,5.0,30,0,4,0,0.0,3,11,33,0.133,0.212,0.167,0.379,124,83,-0.665,0.82,0.244,,-5.0,27,14,9.0,0,38,18,27,5,14,5,0,60,1,0,0.165,3.0
ATL/ATL201907030,"Wednesday, July 3, 2019",7:20 p.m. Local,SunTrust Park,40147,2:36,Night,Home,Atlanta Braves,ATL,Philadelphia Phillies,PHI,30,2,6,2,2.0,3,9,34,0.2,0.273,0.333,0.606,130,96,-0.167,0.56,0.267,,-3.0,24,6,8.0,3,54,19,23,8,14,6,0,40,0,0,-0.333,-4.6,35,9,10,9,9.0,1,6,36,0.286,0.306,0.629,0.934,140,83,0.332,0.63,0.626,,4.6,27,8,9.0,1,53,9,21,10,19,8,0,57,0,0,0.167,3.0
ATL/ATL201907040,"Thursday, July 4, 2019",7:21 p.m. Local,SunTrust Park,40633,3:32,Night,Home,Atlanta Braves,ATL,Philadelphia Phillies,PHI,37,6,12,6,6.0,4,9,42,0.324,0.405,0.432,0.837,171,106,0.055,0.57,0.651,,1.0,24,9,8.0,5,69,19,18,15,13,7,0,20,0,0,-0.555,-7.6,34,12,12,11,12.38,5,10,40,0.353,0.436,0.941,1.377,166,108,0.555,0.8,0.888,,7.6,27,10,9.0,1,66,25,17,9,16,9,0,34,2,0,-0.055,-1.0
ATL/ATL201907050,"Friday, July 5, 2019",7:21 p.m. Local,SunTrust Park,41102,3:00,Night,Home,Atlanta Braves,ATL,Miami Marlins,MIA,33,0,7,0,0.0,3,12,36,0.212,0.278,0.273,0.551,129,102,-0.724,1.56,0.419,,-5.0,25,6,8.1,0,54,21,27,9,12,7,0,72,0,0,0.224,2.4,29,1,5,1,1.08,5,10,34,0.172,0.294,0.207,0.501,157,79,-0.226,1.39,0.62,,-2.4,27,7,9.0,0,41,15,23,6,13,9,0,66,0,0,0.724,5.0
ATL/ATL201907060,"Saturday, July 6, 2019",4:11 p.m. Local,SunTrust Park,37216,3:19,Day,Away,Miami Marlins,MIA,Atlanta Braves,ATL,42,5,15,5,5.0,1,11,43,0.357,0.372,0.548,0.92,150,113,0.055,1.61,0.951,,-0.0,27,10,9.0,2,60,25,28,13,18,12,0,53,0,0,0.445,1.0,34,4,9,4,3.0,1,9,35,0.265,0.286,0.559,0.845,156,97,-0.447,1.12,0.799,,-1.0,27,9,9.0,2,64,17,16,9,16,6,0,31,0,0,-0.056,0.0
ATL/ATL201907070,"Sunday, July 7, 2019",1:46 p.m. Local,SunTrust Park,30514,3:02,Day,Home,Atlanta Braves,ATL,Miami Marlins,MIA,35,3,9,3,3.0,2,5,37,0.257,0.297,0.371,0.669,141,92,-0.406,0.66,0.872,,-2.0,24,7,8.0,1,57,17,18,17,13,3,0,39,1,0,-0.093,0.4,32,4,9,4,4.5,6,10,38,0.281,0.395,0.406,0.801,139,89,0.094,1.6,0.514,,-0.4,27,13,9.0,1,57,20,12,9,13,4,0,63,2,2,0.407,2.0
SDN/SDN201907120,"Friday, July 12, 2019",7:11 p.m. Local,Petco Park,34692,3:03,Night,Away,Atlanta Braves,ATL,San Diego Padres,SDP,32,5,8,5,5.0,3,9,35,0.25,0.314,0.563,0.877,146,81,0.174,1.02,0.452,,0.5,27,14,9.0,1,43,18,20,11,12,2,0,62,1,0,0.327,1.5,33,3,9,3,3.0,6,7,39,0.273,0.385,0.364,0.748,123,90,-0.326,0.5,0.504,,-1.5,27,11,9.0,3,54,17,19,18,8,3,0,46,0,0,-0.173,-0.5
SDN/SDN201907130,"Saturday, July 13, 2019",5:42 p.m. Local,Petco Park,43148,4:05,Night,Away,Atlanta Braves,ATL,San Diego Padres,SDP,40,7,11,7,6.3,5,10,46,0.275,0.348,0.45,0.798,174,114,0.444,1.7,1.325,,2.0,30,8,10.0,3,70,17,27,18,13,7,0,61,0,0,0.057,0.0,32,5,5,4,3.6,8,11,44,0.156,0.349,0.438,0.786,183,107,-0.058,1.41,1.125,,-0.0,30,13,10.0,2,49,18,40,10,13,2,0,55,1,1,-0.443,-2.0
SDN/SDN201907140,"Sunday, July 14, 2019",1:13 p.m. Local,Petco Park,34739,3:15,Day,Away,Atlanta Braves,ATL,San Diego Padres,SDP,35,4,7,4,4.0,2,8,38,0.2,0.263,0.286,0.549,130,97,0.006,1.26,0.84,,-0.5,27,9,9.0,0,56,20,21,16,11,7,0,73,6,1,0.495,3.5,36,1,10,1,1.0,2,10,38,0.278,0.316,0.278,0.594,148,90,-0.495,1.15,0.461,,-3.5,27,12,9.0,1,54,19,17,13,13,4,0,68,1,0,-0.005,0.5
MIL/MIL201907150,"Monday, July 15, 2019",7:10 p.m. Local,Miller Park,31850,3:02,Night,Away,Atlanta Braves,ATL,Milwaukee Brewers,MIL,35,4,9,4,4.0,3,7,38,0.257,0.316,0.371,0.687,150,89,0.098,1.25,0.584,,-0.8,27,7,9.0,1,52,16,21,15,13,6,0,64,0,0,0.404,2.8,34,2,7,2,2.0,2,8,36,0.206,0.25,0.382,0.632,142,91,-0.404,0.78,0.557,,-2.8,27,12,9.0,1,58,15,18,10,16,8,0,42,2,0,-0.097,0.8
MIL/MIL201907160,"Tuesday, July 16, 2019",7:11 p.m. Local,Miller Park,31599,3:29,Night,Home,Milwaukee Brewers,MIL,Atlanta Braves,ATL,32,1,5,1,1.0,2,9,34,0.156,0.206,0.25,0.456,188,83,-0.267,0.48,0.323,,-3.8,24,4,8.0,3,45,17,21,8,15,7,0,32,2,1,-0.233,-8.7,36,13,13,12,14.62,9,6,47,0.361,0.5,0.694,1.194,129,107,0.233,0.89,0.555,,8.7,27,7,9.0,1,63,14,30,10,21,10,0,65,1,0,0.267,3.8
MIL/MIL201907170,"Wednesday, July 17, 2019",1:11 p.m. Local,Miller Park,36928,3:07,Day,Home,Milwaukee Brewers,MIL,Atlanta Braves,ATL,34,4,6,4,2.0,7,8,41,0.176,0.317,0.324,0.641,123,103,-0.389,0.48,0.481,,-0.8,24,8,8.0,2,67,15,21,4,22,4,0,42,1,0,-0.111,-0.7,30,5,7,5,4.5,2,7,32,0.233,0.281,0.567,0.848,174,75,0.111,1.13,0.401,,0.7,27,3,9.0,1,43,11,21,7,16,8,0,67,1,0,0.389,0.8
ATL/ATL201907180,"Thursday, July 18, 2019",7:21 p.m. Local,SunTrust Park,39363,3:44,Night,Away,Washington Nationals,WSN,Atlanta Braves,ATL,41,13,16,13,13.0,7,8,49,0.39,0.469,0.659,1.128,156,110,0.46,0.36,0.775,,8.0,27,6,9.0,1,71,12,27,12,22,13,0,45,1,0,0.042,1.0,36,4,10,4,4.0,2,14,38,0.278,0.316,0.472,0.788,202,100,-0.038,0.53,0.2,,-1.0,27,8,9.0,1,50,23,27,8,14,10,0,16,2,2,-0.459,-8.0
ATL/ATL201907190,"Friday, July 19, 2019",7:22 p.m. Local,SunTrust Park,39344,3:30,Night,Home,Atlanta Braves,ATL,Washington Nationals,WSN,34,3,7,3,3.0,1,10,35,0.206,0.229,0.324,0.552,177,92,-0.15,1.13,0.679,,-2.0,24,7,8.0,0,51,13,28,8,16,6,0,46,2,0,-0.351,-1.4,34,4,12,4,4.5,6,8,40,0.353,0.45,0.471,0.921,140,103,0.35,1.15,0.965,,1.4,27,7,9.0,1,62,20,21,9,17,8,0,62,2,0,0.149,2.0
ATL/ATL201907200,"Saturday, July 20, 2019",7:21 p.m. Local,SunTrust Park,42467,3:14,Night,Away,Washington Nationals,WSN,Atlanta Braves,ATL,36,5,12,5,5.0,5,6,41,0.333,0.415,0.472,0.887,165,88,0.11,1.55,0.802,,-0.0,27,4,9.0,1,54,12,22,18,12,6,0,44,1,0,0.392,2.0,35,3,8,3,3.0,4,9,40,0.229,0.325,0.314,0.639,132,100,-0.391,0.97,0.844,,-2.0,27,13,9.0,1,59,21,20,8,18,8,0,40,3,0,-0.108,0.0
ATL/ATL201907210,"Sunday, July 21, 2019",7:09 p.m. Local,SunTrust Park,31848,3:02,Night,Home,Atlanta Braves,ATL,Washington Nationals,WSN,32,1,6,1,1.0,0,8,32,0.188,0.188,0.188,0.375,165,80,-0.411,0.49,0.149,,-4.0,24,5,8.0,2,44,17,19,3,21,8,0,44,4,0,-0.089,-2.6,33,7,11,7,7.88,6,11,39,0.333,0.436,0.545,0.981,105,96,0.089,0.74,0.467,,2.6,27,2,9.0,0,50,23,23,6,16,7,0,71,2,1,0.41,4.0
ATL/ATL201907230,"Tuesday, July 23, 2019",7:21 p.m. Local,SunTrust Park,36570,3:30,Night,Away,Kansas City Royals,KCR,Atlanta Braves,ATL,31,5,5,5,5.0,5,14,37,0.161,0.297,0.387,0.684,163,98,0.234,2.0,0.88,,-0.0,27,7,9.0,0,40,25,33,10,7,4,0,68,1,1,0.266,1.0,38,4,11,4,4.0,2,14,43,0.289,0.372,0.368,0.741,166,109,-0.267,1.02,1.262,,-1.0,27,8,9.0,2,52,19,38,12,12,10,0,68,5,2,-0.234,0.0
ATL/ATL201907240,"Wednesday, July 24, 2019",7:23 p.m. Local,SunTrust Park,38865,2:43,Night,Away,Kansas City Royals,KCR,Atlanta Braves,ATL,32,2,5,1,0.0,2,9,34,0.156,0.206,0.188,0.393,121,94,-0.169,1.21,0.377,,-3.0,27,15,9.0,0,56,10,28,11,12,5,0,71,0,0,0.668,5.0,31,0,5,0,0.0,1,8,32,0.161,0.188,0.161,0.349,151,85,-0.67,0.74,0.238,,-5.0,27,7,9.0,0,55,16,14,17,6,2,0,64,0,0,0.168,3.0
PHI/PHI201907260,"Friday, July 26, 2019",7:07 p.m. Local,Citizens Bank Park,31268,3:02,Night,Away,Atlanta Braves,ATL,Philadelphia Phillies,PHI,31,9,8,9,8.0,6,6,40,0.258,0.385,0.419,0.804,144,92,0.258,0.76,0.566,,4.1,27,9,9.0,1,55,11,26,15,12,5,0,48,3,0,0.245,2.9,37,2,12,2,2.0,1,8,38,0.324,0.342,0.432,0.775,155,98,-0.245,0.56,0.352,,-2.9,27,15,9.0,1,64,14,20,13,16,6,0,40,0,0,-0.257,-4.1
PHI/PHI201907270,"Saturday, July 27, 2019",7:06 p.m. Local,Citizens Bank Park,39340,3:34,Night,Away,Atlanta Braves,ATL,Philadelphia Phillies,PHI,43,15,16,15,10.0,7,15,50,0.372,0.46,0.721,1.181,158,118,0.464,0.25,0.594,,10.1,27,9,9.0,2,52,27,39,14,14,6,0,39,2,0,0.036,-2.1,38,7,12,6,6.0,4,12,42,0.316,0.381,0.5,0.881,195,98,-0.035,0.26,0.16,,2.1,27,7,9.0,4,48,19,31,12,14,6,0,9,3,3,-0.465,-10.1
PHI/PHI201907280,"Sunday, July 28, 2019",1:10 p.m. Local,Citizens Bank Park,37037,3:13,Day,Home,Philadelphia Phillies,PHI,Atlanta Braves,ATL,34,4,8,4,4.0,3,10,37,0.235,0.297,0.441,0.738,157,89,-0.218,0.57,0.362,,-0.9,24,2,8.0,4,42,23,24,9,15,6,0,37,1,1,-0.281,-4.7,36,9,12,9,10.12,3,12,39,0.333,0.385,0.722,1.107,133,103,0.28,0.82,0.646,,4.7,27,8,9.0,2,59,14,30,8,16,5,0,49,2,0,0.22,0.9
WAS/WAS201907290,"Monday, July 29, 2019",7:08 p.m. Local,Nationals Park,24292,3:23,Night,Home,Washington Nationals,WSN,Atlanta Braves,ATL,34,3,7,2,3.0,1,13,36,0.206,0.222,0.294,0.516,170,100,-0.201,0.89,0.388,,-2.1,24,12,8.0,1,52,26,22,11,11,4,0,40,2,2,-0.299,-1.5,29,6,7,6,6.75,10,7,41,0.241,0.45,0.379,0.829,156,89,0.299,0.92,0.826,,1.5,27,5,9.0,1,48,9,32,13,10,8,0,61,0,0,0.2,2.1
WAS/WAS201907300,"Tuesday, July 30, 2019",7:06 p.m. Local,Nationals Park,26566,3:47,Night,Away,Atlanta Braves,ATL,Washington Nationals,WSN,42,11,14,10,10.0,5,8,48,0.333,0.404,0.643,1.047,168,118,0.343,0.31,0.602,,5.9,27,9,9.0,3,73,15,30,17,18,6,0,56,2,1,0.157,-2.9,38,8,12,8,8.0,5,7,44,0.316,0.395,0.605,1.001,181,112,-0.155,0.44,0.142,,2.9,27,11,9.0,3,78,10,24,11,21,8,0,7,0,0,-0.343,-5.9
WAS/WAS201907310,"Wednesday, July 31, 2019",12:06 p.m. Local,Nationals Park,31576,3:14,Day,Away,Atlanta Braves,ATL,Washington Nationals,WSN,40,5,12,5,4.5,1,8,42,0.3,0.317,0.6,0.917,145,113,0.338,2.05,1.033,,-0.6,30,13,10.0,2,78,15,20,14,19,10,0,67,2,2,0.163,1.6,34,4,8,3,3.6,5,4,39,0.235,0.333,0.441,0.775,152,86,-0.162,0.83,1.223,,-1.6,30,12,10.0,2,50,10,26,14,16,8,0,36,1,0,-0.336,0.6
ATL/ATL201908010,"Thursday, August 1, 2019",7:21 p.m. Local,SunTrust Park,28677,2:08,Night,Home,Atlanta Braves,ATL,Cincinnati Reds,CIN,20,1,4,1,1.5,0,4,21,0.2,0.2,0.25,0.45,115,52,-0.272,0.73,0.218,,-2.3,18,7,6.0,2,26,11,14,10,6,3,0,45,1,0,-0.114,-0.7,26,4,8,4,6.0,2,5,28,0.308,0.357,0.615,0.973,75,71,0.114,0.93,0.465,,0.7,18,11,6.0,0,48,13,10,9,12,5,0,64,,,0.27,2.3
ATL/ATL201908020,"Friday, August 2, 2019",7:22 p.m. Local,SunTrust Park,37743,3:01,Night,Away,Cincinnati Reds,CIN,Atlanta Braves,ATL,34,5,10,5,5.0,4,7,41,0.294,0.359,0.412,0.771,131,107,0.155,0.72,0.508,,-0.0,27,6,9.0,2,67,18,22,9,21,11,0,62,0,0,0.348,3.0,30,2,4,2,2.0,1,8,31,0.133,0.161,0.333,0.495,158,82,-0.347,0.57,0.187,,-3.0,27,5,9.0,1,52,17,13,7,15,5,0,31,2,0,-0.153,0.0
ATL/ATL201908030,"Saturday, August 3, 2019",7:21 p.m. Local,SunTrust Park,42085,3:47,Night,Home,Atlanta Braves,ATL,Cincinnati Reds,CIN,37,4,8,4,3.6,3,7,40,0.216,0.275,0.297,0.572,209,87,-0.14,1.64,0.83,,-1.6,29,9,9.2,0,54,9,24,18,12,6,0,39,5,2,-0.359,0.0,35,5,8,4,4.66,9,11,46,0.229,0.4,0.371,0.771,140,120,0.358,1.61,1.509,,-0.0,30,15,10.0,1,69,31,22,13,12,4,0,60,0,0,0.141,1.6
ATL/ATL201908040,"Sunday, August 4, 2019",1:24 p.m. Local,SunTrust Park,33083,3:54,Day,Away,Cincinnati Reds,CIN,Atlanta Braves,ATL,33,6,8,6,5.4,8,9,45,0.242,0.419,0.364,0.782,174,98,0.423,1.61,1.135,,0.4,30,6,10.0,3,58,15,25,14,12,3,0,72,1,0,0.076,1.6,39,4,9,4,3.6,6,11,45,0.231,0.333,0.513,0.846,159,102,-0.076,0.99,1.278,,-1.6,30,10,10.0,1,54,23,25,11,17,7,0,48,0,0,-0.424,-0.4
MIN/MIN201908050,"Monday, August 5, 2019",7:11 p.m. Local,Target Field,26722,3:01,Night,Home,Minnesota Twins,MIN,Atlanta Braves,ATL,35,3,9,3,2.0,4,10,39,0.257,0.333,0.343,0.676,126,95,-0.302,1.14,0.747,,-2.0,26,9,8.2,2,53,22,20,6,19,7,0,55,0,0,-0.199,-0.1,33,5,8,5,5.19,1,5,34,0.242,0.265,0.424,0.689,153,78,0.199,1.38,0.875,,0.1,27,5,9.0,1,43,15,20,13,15,6,0,62,1,1,0.301,2.0
MIN/MIN201908060,"Tuesday, August 6, 2019",7:10 p.m. Local,Target Field,36721,3:27,Night,Away,Atlanta Braves,ATL,Minnesota Twins,MIN,43,12,16,11,12.0,4,13,47,0.372,0.426,0.581,1.007,173,112,0.279,0.38,0.511,,7.0,27,8,9.0,4,59,17,36,11,19,7,0,51,0,0,0.222,-2.0,37,7,10,7,7.0,4,11,41,0.27,0.341,0.595,0.936,166,108,-0.221,0.34,0.113,,2.0,27,4,9.0,2,59,23,26,11,15,6,0,18,3,2,-0.278,-7.0
MIN/MIN201908070,"Wednesday, August 7, 2019",12:11 p.m. Local,Target Field,35682,3:33,Day,Away,Atlanta Braves,ATL,Minnesota Twins,MIN,41,11,17,10,11.0,3,7,44,0.415,0.455,0.756,1.211,173,98,0.329,0.48,0.533,,6.0,27,7,9.0,1,64,15,19,14,20,8,0,61,3,2,0.17,-2.0,40,7,12,7,4.0,3,12,43,0.3,0.349,0.45,0.799,148,106,-0.172,0.32,0.259,,2.0,27,8,9.0,4,54,22,30,11,17,8,0,24,0,0,-0.33,-6.0
MIA/MIA201908080,"Thursday, August 8, 2019",7:11 p.m. Local,Marlins Park,8948,3:04,Night,Home,Miami Marlins,MIA,Atlanta Braves,ATL,30,2,5,2,2.0,4,8,35,0.167,0.286,0.367,0.652,157,106,-0.189,0.28,0.159,,-2.5,24,11,8.0,3,59,18,30,10,12,4,0,12,0,0,-0.311,-5.0,38,9,15,9,10.12,1,6,40,0.395,0.425,0.684,1.109,158,98,0.312,0.46,0.464,,5.0,27,7,9.0,1,62,13,23,15,17,8,0,73,2,0,0.189,2.5
MIA/MIA201908090,"Friday, August 9, 2019",7:10 p.m. Local,Marlins Park,8057,3:19,Night,Away,Atlanta Braves,ATL,Miami Marlins,MIA,37,8,12,8,8.0,2,9,41,0.324,0.366,0.595,0.96,148,100,0.273,0.79,0.611,,3.5,27,8,9.0,1,67,15,18,13,16,8,0,69,1,1,0.228,0.5,35,4,9,4,4.0,2,11,37,0.257,0.297,0.343,0.64,149,99,-0.229,0.58,0.329,,-0.5,27,10,9.0,3,53,15,31,13,11,2,0,23,2,0,-0.271,-3.5
MIA/MIA201908100,"Saturday, August 10, 2019",6:10 p.m. Local,Marlins Park,29720,3:34,Night,Home,Miami Marlins,MIA,Atlanta Braves,ATL,36,6,7,6,5.4,6,10,42,0.194,0.31,0.306,0.615,154,111,-0.018,1.8,0.86,,1.0,28,10,9.1,1,63,25,23,9,17,8,0,76,4,4,-0.483,-2.3,38,7,13,7,5.79,3,8,42,0.342,0.381,0.474,0.855,161,100,0.482,1.18,1.466,,2.3,30,7,10.0,1,55,19,26,13,18,13,0,61,5,2,0.018,-1.0
MIA/MIA201908110,"Sunday, August 11, 2019",1:10 p.m. Local,Marlins Park,12338,3:23,Day,Away,Atlanta Braves,ATL,Miami Marlins,MIA,30,5,5,5,5.0,6,12,36,0.167,0.306,0.367,0.672,171,99,0.159,1.81,0.948,,0.5,27,9,9.0,0,50,26,23,7,11,5,0,45,2,0,0.341,0.5,37,4,12,4,4.0,4,11,42,0.324,0.39,0.405,0.796,160,111,-0.341,1.13,0.953,,-0.5,27,12,9.0,2,64,20,27,13,14,6,0,49,2,0,-0.158,-0.5
ATL/ATL201908130,"Tuesday, August 13, 2019",7:22 p.m. Local,SunTrust Park,27627,3:18,Night,Home,Atlanta Braves,ATL,New York Mets,NYM,35,3,10,3,3.0,3,8,39,0.286,0.359,0.343,0.702,138,97,-0.306,0.7,0.419,,-2.0,24,12,8.0,1,64,12,21,13,14,9,0,23,2,0,-0.194,-0.6,35,5,13,5,5.62,2,4,38,0.371,0.421,0.514,0.935,150,87,0.194,0.94,0.622,,0.6,27,11,9.0,0,55,15,17,14,17,7,0,57,3,2,0.304,2.0
ATL/ATL201908140,"Wednesday, August 14, 2019",8:32 p.m. Local,SunTrust Park,23582,3:15,Night,Home,Atlanta Braves,ATL,New York Mets,NYM,38,4,12,4,4.0,2,10,41,0.316,0.366,0.342,0.708,136,100,-0.122,1.03,1.02,,-1.0,24,7,8.0,0,52,22,26,14,14,6,0,68,2,1,-0.377,-1.6,31,6,8,6,6.75,4,7,35,0.258,0.343,0.29,0.633,157,81,0.377,1.52,0.796,,1.6,27,9,9.0,0,49,15,17,9,15,11,0,67,4,1,0.122,1.0
ATL/ATL201908150,"Thursday, August 15, 2019",7:22 p.m. Local,SunTrust Park,25424,3:33,Night,Away,New York Mets,NYM,Atlanta Braves,ATL,46,10,23,10,10.0,4,6,51,0.5,0.54,0.717,1.257,159,115,0.403,0.45,0.603,,5.0,27,8,9.0,6,83,19,13,18,23,14,0,51,0,0,0.095,-3.0,37,8,11,8,7.0,5,8,42,0.297,0.381,0.784,1.165,180,97,-0.095,0.35,0.264,,3.0,27,11,9.0,2,57,18,22,10,19,8,0,13,4,1,-0.404,-5.0
ATL/ATL201908160,"Friday, August 16, 2019",7:21 p.m. Local,SunTrust Park,41413,3:06,Night,Away,Los Angeles Dodgers,LAD,Atlanta Braves,ATL,35,8,11,8,8.0,4,8,39,0.314,0.385,0.743,1.127,148,84,0.412,0.92,1.266,,3.0,27,9,9.0,0,42,15,27,10,17,8,0,47,2,0,0.089,2.0,32,3,6,3,3.0,5,10,37,0.188,0.297,0.219,0.516,138,91,-0.089,1.06,0.48,,-2.0,27,11,9.0,4,51,21,19,10,12,8,0,49,1,1,-0.411,-3.0
ATL/ATL201908170,"Saturday, August 17, 2019",7:21 p.m. Local,SunTrust Park,43619,3:17,Night,Home,Atlanta Braves,ATL,Los Angeles Dodgers,LAD,36,3,9,3,3.0,4,11,40,0.25,0.325,0.444,0.769,141,110,-0.419,0.88,0.767,,-2.0,24,6,8.0,2,57,25,28,9,16,5,0,45,0,0,-0.082,0.4,30,4,7,4,4.5,1,8,32,0.233,0.258,0.567,0.825,178,91,0.083,1.5,0.619,,-0.4,27,2,9.0,2,58,14,19,8,15,7,0,44,2,0,0.419,2.0
ATL/ATL201908180,"Sunday, August 18, 2019",1:21 p.m. Local,SunTrust Park,37617,3:11,Day,Home,Atlanta Braves,ATL,Los Angeles Dodgers,LAD,34,3,9,3,3.0,3,10,37,0.265,0.324,0.382,0.707,144,92,-0.207,1.03,0.45,,-2.0,24,9,8.0,1,50,16,26,11,13,6,0,50,0,0,-0.295,-0.6,33,5,9,5,5.62,1,5,35,0.273,0.314,0.455,0.769,139,92,0.294,0.88,0.944,,0.6,27,9,9.0,1,56,19,17,10,18,11,0,44,0,0,0.206,2.0
ATL/ATL201908200,"Tuesday, August 20, 2019",7:21 p.m. Local,SunTrust Park,21271,3:00,Night,Home,Atlanta Braves,ATL,Miami Marlins,MIA,34,1,8,1,1.0,2,13,36,0.235,0.278,0.353,0.631,135,90,-0.398,1.0,0.464,,-4.0,24,7,8.0,2,48,20,22,15,6,4,0,55,0,0,-0.101,-0.6,31,5,7,5,3.38,3,5,37,0.226,0.333,0.516,0.849,143,88,0.101,1.04,0.723,,0.6,27,11,9.0,1,55,13,20,10,17,8,0,61,0,0,0.399,4.0
ATL/ATL201908210,"Wednesday, August 21, 2019",7:22 p.m. Local,SunTrust Park,23537,2:44,Night,Home,Atlanta Braves,ATL,Miami Marlins,MIA,32,0,7,0,0.0,4,10,36,0.219,0.306,0.313,0.618,131,78,-0.318,0.46,0.216,,-5.0,24,7,8.0,2,41,17,20,6,15,8,1,49,0,0,-0.183,-0.6,24,5,3,5,5.62,5,10,30,0.125,0.276,0.458,0.734,125,76,0.183,0.67,0.421,,0.6,27,8,9.0,0,40,20,16,5,10,1,0,73,0,0,0.316,5.0
ATL/ATL201908220,"Thursday, August 22, 2019",7:21 p.m. Local,SunTrust Park,23967,2:40,Night,Home,Atlanta Braves,ATL,Miami Marlins,MIA,33,2,6,2,2.0,0,9,33,0.182,0.182,0.212,0.394,133,87,-0.285,1.44,0.542,,-3.0,26,7,8.2,1,49,10,28,15,9,5,0,74,0,0,-0.214,1.5,33,3,6,3,2.08,3,9,37,0.182,0.27,0.303,0.573,127,84,0.215,1.25,1.157,,-1.5,27,13,9.0,0,46,21,17,9,15,7,0,64,0,0,0.286,3.0
NYN/NYN201908230,"Friday, August 23, 2019",7:10 p.m. Local,Citi Field,31437,4:37,Night,Away,Atlanta Braves,ATL,New York Mets,NYM,49,2,8,2,1.29,5,26,56,0.163,0.255,0.184,0.438,219,142,-0.725,1.99,1.196,,-4.8,42,14,14.0,1,59,48,35,11,13,6,0,74,0,0,1.225,5.8,47,1,6,1,0.64,4,14,52,0.128,0.212,0.213,0.424,220,141,-1.224,1.81,0.83,,-5.8,42,3,14.0,0,79,22,40,18,15,6,0,77,0,0,0.726,4.8
NYN/NYN201908240,"Saturday, August 24, 2019",7:10 p.m. Local,Citi Field,38300,3:14,Night,Away,Atlanta Braves,ATL,New York Mets,NYM,37,9,11,8,9.0,6,6,44,0.297,0.395,0.622,1.017,144,96,0.596,1.14,1.156,,4.6,27,11,9.0,1,59,16,21,10,21,9,1,38,0,0,-0.095,-0.6,37,5,11,5,5.0,0,8,37,0.297,0.297,0.459,0.757,166,97,0.095,0.91,0.905,,0.6,27,10,9.0,3,55,17,25,17,12,5,0,39,1,1,-0.594,-4.6
NYN/NYN201908250,"Sunday, August 25, 2019",1:11 p.m. Local,Citi Field,30170,2:45,Day,Away,Atlanta Braves,ATL,New York Mets,NYM,30,2,3,2,2.0,2,12,32,0.1,0.156,0.333,0.49,146,98,-0.141,1.79,0.309,,-2.4,27,16,9.0,0,51,19,28,7,11,4,0,73,0,0,0.64,3.4,31,1,7,1,1.0,3,7,35,0.226,0.314,0.258,0.572,146,91,-0.641,0.65,0.62,,-3.4,27,7,9.0,2,46,19,26,16,8,5,0,69,0,0,0.14,2.4
COL/COL201908260,"Monday, August 26, 2019",1:11 p.m. Local,Coors Field,29803,3:27,Day,Home,Colorado Rockies,COL,Atlanta Braves,ATL,30,1,7,1,1.0,5,12,37,0.233,0.333,0.4,0.733,144,104,-0.459,1.25,0.756,,-4.6,25,13,8.1,1,63,23,18,8,12,6,0,67,1,1,-0.04,2.3,27,3,6,3,3.24,4,6,32,0.222,0.313,0.37,0.683,165,86,0.04,1.82,0.795,,-2.3,27,9,9.0,0,51,18,18,12,10,7,0,60,0,0,0.459,4.6
TOR/TOR201908270,"Tuesday, August 27, 2019",7:07 p.m. Local,Rogers Centre,24578,2:57,Night,Home,Toronto Blue Jays,TOR,Atlanta Braves,ATL,34,1,7,1,1.0,5,10,39,0.206,0.308,0.294,0.602,131,95,-0.474,0.75,0.643,,-3.8,24,11,8.0,1,49,19,27,11,13,6,0,49,0,0,-0.024,1.3,30,3,10,3,3.38,4,4,34,0.333,0.412,0.433,0.845,154,82,0.025,1.51,0.504,,-1.3,27,6,9.0,0,49,9,24,8,18,13,0,58,3,1,0.475,3.8
TOR/TOR201908280,"Wednesday, August 28, 2019",7:07 p.m. Local,Rogers Centre,23112,3:33,Night,Away,Atlanta Braves,ATL,Toronto Blue Jays,TOR,37,9,11,9,7.0,5,8,43,0.297,0.395,0.541,0.936,164,103,0.453,0.99,0.764,,4.2,27,8,9.0,0,60,17,26,11,18,7,0,39,2,0,0.048,0.8,37,4,10,3,3.0,3,9,40,0.27,0.325,0.351,0.676,175,106,-0.047,0.64,0.644,,-0.8,27,9,9.0,2,64,16,26,8,20,16,0,31,4,3,-0.452,-4.2
ATL/ATL201908300,"Friday, August 30, 2019",7:20 p.m. Local,SunTrust Park,39097,3:28,Night,Home,Atlanta Braves,ATL,Chicago White Sox,CHW,35,7,7,6,6.0,2,15,38,0.2,0.263,0.286,0.549,168,96,-0.088,0.63,0.392,,2.0,24,9,8.0,1,42,25,29,12,8,5,0,26,4,3,-0.414,-5.6,35,10,13,9,9.0,6,2,42,0.371,0.476,0.571,1.048,142,97,0.414,0.65,0.764,,5.6,27,9,9.0,1,65,13,19,11,22,12,0,60,3,2,0.086,-2.0
ATL/ATL201908310,"Saturday, August 31, 2019",7:21 p.m. Local,SunTrust Park,36664,3:52,Night,Home,Atlanta Braves,ATL,Chicago White Sox,CHW,38,5,13,4,3.0,0,3,42,0.342,0.375,0.395,0.77,185,105,0.006,0.51,0.556,,-0.0,24,4,8.0,1,68,12,25,21,16,9,0,15,4,3,-0.507,-6.6,34,11,12,10,12.38,7,11,43,0.353,0.465,0.5,0.965,156,114,0.507,0.74,0.716,,6.6,27,15,9.0,0,67,29,18,9,15,9,0,49,1,0,-0.008,0.0
ATL/ATL201909010,"Sunday, September 1, 2019",5:12 p.m. Local,SunTrust Park,41397,3:08,Night,Home,Atlanta Braves,ATL,Chicago White Sox,CHW,31,3,5,3,3.0,5,8,36,0.161,0.278,0.194,0.471,124,94,-0.368,0.86,0.536,,-2.0,24,6,8.0,2,60,17,20,11,12,8,0,54,2,1,-0.132,-0.6,29,5,6,5,5.62,2,8,31,0.207,0.258,0.448,0.706,156,84,0.131,1.24,0.671,,0.6,27,10,9.0,0,47,22,15,7,14,11,0,59,0,0,0.369,2.0
ATL/ATL201909020,"Monday, September 2, 2019",1:21 p.m. Local,SunTrust Park,28987,2:52,Day,Home,Atlanta Braves,ATL,Toronto Blue Jays,TOR,31,3,5,3,3.0,2,12,34,0.161,0.206,0.387,0.593,158,86,-0.367,0.75,0.341,,-2.0,24,9,8.0,2,45,13,28,8,12,5,0,47,0,0,-0.133,-1.6,29,6,4,4,3.38,6,10,35,0.138,0.286,0.345,0.631,135,103,0.131,0.99,0.606,,1.6,27,7,9.0,2,57,22,24,10,9,2,0,49,0,0,0.368,2.0
ATL/ATL201909030,"Tuesday, September 3, 2019",7:20 p.m. Local,SunTrust Park,25427,2:46,Night,Home,Atlanta Braves,ATL,Toronto Blue Jays,TOR,30,2,6,2,2.0,3,5,33,0.2,0.273,0.4,0.673,153,81,-0.351,0.57,0.362,,-3.0,24,8,8.0,0,41,12,28,13,12,6,0,38,2,1,-0.149,-2.6,31,7,8,7,7.88,5,8,37,0.258,0.378,0.419,0.798,124,89,0.148,0.91,0.513,,2.6,27,15,9.0,1,55,13,21,10,13,9,0,62,1,0,0.351,3.0
ATL/ATL201909050,"Thursday, September 5, 2019",7:21 p.m. Local,SunTrust Park,28831,2:57,Night,Home,Atlanta Braves,ATL,Washington Nationals,WSN,30,2,3,2,2.0,2,10,32,0.1,0.156,0.2,0.356,147,84,-0.45,0.54,0.102,,-3.0,24,7,8.0,1,42,16,26,10,10,3,0,55,1,1,-0.051,0.4,29,4,6,4,4.5,4,9,33,0.207,0.303,0.345,0.648,134,93,0.052,0.73,0.375,,-0.4,27,8,9.0,1,44,20,29,8,12,4,0,84,0,0,0.449,3.0
ATL/ATL201909060,"Friday, September 6, 2019",7:22 p.m. Local,SunTrust Park,37181,3:20,Night,Home,Atlanta Braves,ATL,Washington Nationals,WSN,35,3,9,3,3.0,2,8,37,0.257,0.297,0.343,0.64,162,91,-0.511,0.84,0.595,,-2.0,24,9,8.0,2,54,13,24,16,11,4,0,58,0,0,0.01,0.4,28,4,7,4,3.38,7,11,37,0.25,0.405,0.536,0.941,140,93,-0.011,1.41,0.55,,-0.4,27,14,9.0,1,45,28,20,8,10,3,0,61,0,0,0.511,2.0
ATL/ATL201909070,"Saturday, September 7, 2019",7:22 p.m. Local,SunTrust Park,40467,3:29,Night,Home,Atlanta Braves,ATL,Washington Nationals,WSN,29,4,5,3,4.0,5,10,35,0.172,0.314,0.379,0.694,147,98,-0.39,0.65,0.618,,-1.0,24,6,8.0,4,56,14,28,5,14,7,0,52,0,0,-0.111,-0.6,28,5,6,5,5.62,6,10,34,0.214,0.353,0.643,0.996,164,89,0.11,1.27,0.542,,0.6,27,6,9.0,1,51,19,21,7,11,2,0,69,3,1,0.389,1.0
ATL/ATL201909080,"Sunday, September 8, 2019",1:22 p.m. Local,SunTrust Park,31789,3:16,Day,Away,Washington Nationals,WSN,Atlanta Braves,ATL,42,9,17,9,9.0,2,12,44,0.405,0.432,0.81,1.241,153,106,0.24,0.54,0.567,,4.0,27,5,9.0,2,58,19,29,13,17,9,0,71,0,0,0.26,1.0,34,4,7,4,4.0,3,14,37,0.206,0.27,0.441,0.711,168,100,-0.26,0.39,0.23,,-1.0,27,8,9.0,4,54,23,23,6,14,6,0,48,4,2,-0.24,-4.0
PHI/PHI201909090,"Monday, September 9, 2019",7:07 p.m. Local,Citizens Bank Park,25071,2:47,Night,Away,Atlanta Braves,ATL,Philadelphia Phillies,PHI,33,7,8,6,7.0,6,9,39,0.242,0.359,0.485,0.844,130,96,0.252,0.49,0.554,,2.1,27,11,9.0,2,51,17,28,10,14,7,0,74,0,0,0.248,2.9,32,2,5,2,2.0,0,8,32,0.156,0.156,0.344,0.5,148,91,-0.247,0.54,0.118,,-2.9,27,9,9.0,2,53,16,22,13,11,4,0,47,0,0,-0.253,-2.1
PHI/PHI201909100,"Tuesday, September 10, 2019",7:07 p.m. Local,Citizens Bank Park,24220,3:06,Night,Home,Philadelphia Phillies,PHI,Atlanta Braves,ATL,34,5,10,4,3.0,3,12,38,0.294,0.342,0.412,0.754,136,87,-0.262,0.6,0.684,,0.1,24,10,8.0,5,50,18,20,11,12,5,0,37,1,0,-0.24,-1.7,31,6,8,6,6.75,4,10,35,0.258,0.343,0.806,1.149,146,84,0.24,1.4,0.668,,1.7,27,9,9.0,1,44,21,19,11,10,3,0,35,1,0,0.26,-0.1
PHI/PHI201909110,"Wednesday, September 11, 2019",7:10 p.m. Local,Citizens Bank Park,23243,3:31,Night,Away,Atlanta Braves,ATL,Philadelphia Phillies,PHI,32,3,7,3,0.0,6,10,38,0.219,0.342,0.344,0.686,159,107,-0.056,1.43,0.484,,-1.9,27,8,9.0,0,63,20,24,9,13,7,0,67,0,0,0.558,3.9,31,1,5,1,1.0,4,11,36,0.161,0.278,0.161,0.439,163,94,-0.557,0.72,0.545,,-3.9,27,6,9.0,1,52,14,28,12,8,2,0,51,2,0,0.057,1.9
PHI/PHI201909120,"Thursday, September 12, 2019",7:17 p.m. Local,Citizens Bank Park,27022,3:35,Night,Home,Philadelphia Phillies,PHI,Atlanta Braves,ATL,34,5,7,5,4.0,4,12,38,0.206,0.289,0.529,0.819,163,104,-0.111,0.72,0.857,,0.1,24,9,8.0,4,59,25,20,7,15,6,0,30,1,0,-0.388,-4.7,35,9,11,9,10.12,5,6,40,0.314,0.4,0.743,1.143,171,94,0.389,1.31,0.895,,4.7,27,5,9.0,3,52,17,25,11,18,6,0,45,4,0,0.112,-0.1
WAS/WAS201909130,"Friday, September 13, 2019",7:05 p.m. Local,Nationals Park,39730,3:16,Night,Away,Atlanta Braves,ATL,Washington Nationals,WSN,37,5,12,5,5.0,5,11,43,0.324,0.395,0.486,0.882,135,105,0.087,0.85,0.575,,-0.1,27,9,9.0,0,66,19,20,11,16,9,0,71,0,0,0.414,5.1,29,0,3,0,0.0,3,6,32,0.103,0.188,0.207,0.394,169,83,-0.416,0.74,0.216,,-5.1,27,6,9.0,1,38,14,31,10,13,5,0,45,2,0,-0.086,0.1
WAS/WAS201909140,"Saturday, September 14, 2019",4:05 p.m. Local,Nationals Park,39664,3:29,Day,Away,Atlanta Braves,ATL,Washington Nationals,WSN,38,10,14,9,10.0,7,9,46,0.368,0.457,0.474,0.93,136,106,0.221,0.7,1.025,,4.9,27,10,9.0,0,56,27,23,7,23,18,0,64,0,0,0.279,4.1,31,1,6,1,1.0,2,7,34,0.194,0.265,0.29,0.555,174,83,-0.28,0.98,0.25,,-4.1,27,8,9.0,0,46,13,24,11,13,5,0,61,3,3,-0.22,-4.9
WAS/WAS201909150,"Sunday, September 15, 2019",1:39 p.m. Local,Nationals Park,29350,3:03,Day,Home,Washington Nationals,WSN,Atlanta Braves,ATL,31,0,4,0,0.0,1,5,32,0.129,0.156,0.161,0.318,157,86,-0.24,0.47,0.056,,-5.1,24,13,8.0,1,51,13,22,9,17,4,0,24,3,1,-0.26,-2.5,29,7,10,6,7.88,7,6,37,0.345,0.472,0.483,0.955,142,86,0.258,0.39,0.467,,2.5,27,7,9.0,0,50,19,17,14,10,5,0,73,0,0,0.241,5.1
ATL/ATL201909170,"Tuesday, September 17, 2019",7:22 p.m. Local,SunTrust Park,28843,3:26,Night,Away,Philadelphia Phillies,PHI,Atlanta Braves,ATL,36,5,9,5,5.0,1,5,37,0.25,0.27,0.444,0.715,175,101,0.211,1.59,0.617,,-0.0,27,3,9.0,2,61,14,26,14,17,5,0,55,1,0,0.29,1.0,34,4,8,4,4.0,6,13,41,0.235,0.341,0.5,0.841,152,101,-0.291,0.69,0.826,,-1.0,27,10,9.0,2,54,13,34,7,15,6,0,32,0,0,-0.21,0.0
ATL/ATL201909180,"Wednesday, September 18, 2019",7:22 p.m. Local,SunTrust Park,27937,2:59,Night,Away,Philadelphia Phillies,PHI,Atlanta Braves,ATL,31,4,4,4,3.0,3,12,36,0.129,0.229,0.355,0.583,132,94,0.08,0.99,0.559,,-1.0,27,13,9.0,0,48,16,29,10,9,3,0,67,0,0,0.42,4.0,33,1,5,1,0.0,2,8,35,0.152,0.2,0.152,0.352,147,81,-0.421,0.73,0.336,,-4.0,27,9,9.0,2,52,10,19,16,9,5,0,51,3,1,-0.08,1.0
ATL/ATL201909190,"Thursday, September 19, 2019",12:11 p.m. Local,SunTrust Park,33223,3:10,Day,Home,Atlanta Braves,ATL,Philadelphia Phillies,PHI,36,4,11,4,4.0,0,9,38,0.306,0.316,0.417,0.732,119,98,-0.272,0.85,0.778,,-1.0,24,7,8.0,2,57,17,24,14,14,9,0,31,1,0,-0.228,-0.6,31,5,9,5,5.62,3,7,35,0.29,0.353,0.484,0.837,152,83,0.227,1.52,0.655,,0.6,27,8,9.0,0,45,20,18,11,14,5,0,54,0,0,0.273,1.0
ATL/ATL201909200,"Friday, September 20, 2019",7:21 p.m. Local,SunTrust Park,37419,2:21,Night,Home,Atlanta Braves,ATL,San Francisco Giants,SFG,32,0,4,0,0.0,1,7,33,0.125,0.152,0.156,0.308,125,72,-0.345,0.47,0.155,,-5.0,24,8,8.0,2,44,10,18,13,12,3,0,37,2,0,-0.155,-1.6,29,6,7,6,6.75,5,5,35,0.241,0.343,0.483,0.826,105,75,0.156,0.7,0.425,,1.6,27,9,9.0,0,44,11,20,10,15,4,0,82,0,0,0.345,5.0
ATL/ATL201909210,"Saturday, September 21, 2019",7:21 p.m. Local,SunTrust Park,40899,2:35,Night,Home,Atlanta Braves,ATL,San Francisco Giants,SFG,33,1,7,1,1.0,0,6,33,0.212,0.212,0.212,0.424,145,90,-0.242,0.44,0.207,,-4.0,24,8,8.0,2,52,14,24,14,13,6,0,42,0,0,-0.259,-3.6,29,8,5,8,9.0,7,10,36,0.172,0.333,0.448,0.782,124,81,0.258,0.57,0.427,,3.6,27,12,9.0,0,41,15,25,9,10,1,0,60,0,0,0.241,4.0
ATL/ATL201909220,"Sunday, September 22, 2019",1:20 p.m. Local,SunTrust Park,33674,3:07,Day,Away,San Francisco Giants,SFG,Atlanta Braves,ATL,38,4,10,4,3.0,2,8,41,0.263,0.3,0.342,0.642,144,108,0.058,0.99,0.672,,-1.0,27,8,9.0,0,69,18,21,13,18,10,0,69,0,0,0.441,4.0,32,1,5,1,1.0,2,12,34,0.156,0.206,0.25,0.456,159,97,-0.444,0.87,0.257,,-4.0,27,9,9.0,0,52,21,24,9,11,4,0,52,0,0,-0.06,1.0
KCA/KCA201909240,"Tuesday, September 24, 2019",7:15 p.m. Local,Kauffman Stadium,16688,3:28,Night,Home,Kansas City Royals,KCR,Atlanta Braves,ATL,37,6,11,5,5.0,3,7,41,0.297,0.366,0.541,0.906,164,97,-0.164,0.53,0.372,,1.0,24,5,8.0,0,63,10,24,10,20,8,0,21,1,0,-0.336,-4.5,34,9,12,8,10.12,2,6,41,0.353,0.415,0.559,0.973,153,102,0.335,0.68,0.592,,4.5,27,8,9.0,2,61,15,26,12,18,10,0,48,1,0,0.163,-1.0
KCA/KCA201909250,"Wednesday, September 25, 2019",7:15 p.m. Local,Kauffman Stadium,16931,3:31,Night,Away,Atlanta Braves,ATL,Kansas City Royals,KCR,40,10,14,10,10.0,7,10,48,0.35,0.438,0.45,0.888,140,119,0.316,0.78,0.897,,5.0,27,5,9.0,0,69,20,30,9,22,13,0,50,0,0,0.186,3.0,35,2,8,2,2.0,0,14,35,0.229,0.229,0.314,0.543,204,91,-0.183,0.88,0.358,,-3.0,27,6,9.0,0,43,22,26,9,12,6,0,47,5,4,-0.317,-5.0
NYN/NYN201909270,"Friday, September 27, 2019",7:10 p.m. Local,Citi Field,26264,3:09,Night,Home,New York Mets,NYM,Atlanta Braves,ATL,35,2,9,2,2.0,1,11,39,0.257,0.316,0.257,0.573,134,102,-0.331,1.08,0.585,,-2.4,24,11,8.0,2,62,15,25,15,10,7,0,37,0,0,-0.168,-0.1,31,4,9,4,4.5,4,7,36,0.29,0.389,0.581,0.97,165,84,0.168,1.29,0.78,,0.1,27,11,9.0,0,57,14,13,11,13,9,0,59,0,0,0.332,2.4
NYN/NYN201909280,"Saturday, September 28, 2019",7:16 p.m. Local,Citi Field,32210,2:33,Night,Home,New York Mets,NYM,Atlanta Braves,ATL,31,0,4,0,0.0,5,12,37,0.129,0.27,0.194,0.464,107,85,-0.408,0.48,0.25,,-4.4,24,8,8.0,2,42,23,20,9,10,4,0,48,0,0,-0.094,0.9,26,3,4,3,3.38,2,11,28,0.154,0.214,0.385,0.599,134,68,0.092,0.89,0.339,,-0.9,27,8,9.0,0,34,12,24,7,8,4,0,70,0,0,0.407,4.4
NYN/NYN201909290,"Sunday, September 29, 2019",3:12 p.m. Local,Citi Field,31523,3:44,Day,Home,New York Mets,NYM,Atlanta Braves,ATL,42,6,11,6,4.91,3,13,45,0.262,0.311,0.571,0.883,161,114,0.287,1.5,1.514,,0.6,32,7,10.2,3,65,23,26,10,19,6,0,46,3,2,-0.787,-1.7,44,7,15,7,5.91,2,13,47,0.341,0.362,0.568,0.93,172,106,0.786,1.38,2.085,,1.7,33,10,11.0,4,62,24,20,8,24,13,0,62,2,0,-0.287,-0.6
