,date,time,venue,attendance,duration,time_of_day,winner,winning_name,winning_abbr,losing_name,losing_abbr,away_at_bats,away_runs,away_hits,away_rbi,away_earned_runs,away_bases_on_balls,away_strikeouts,away_plate_appearances,away_batting_average,away_on_base_percentage,away_slugging_percentage,away_on_base_plus,away_pitches,away_strikes,away_win_probability_for_offensive_player,away_average_leverage_index,away_win_probability_added,away_win_probability_subtracted,away_base_out_runs_added,away_putouts,away_assists,away_innings_pitched,away_home_runs,away_strikes_by_contact,away_strikes_swinging,away_strikes_looking,away_grounded_balls,away_fly_balls,away_line_drives,away_unknown_bat_type,away_game_score,away_inherited_runners,away_inherited_score,away_win_probability_by_pitcher,away_base_out_runs_saved,home_at_bats,home_runs,home_hits,home_rbi,home_earned_runs,home_bases_on_balls,home_strikeouts,home_plate_appearances,home_batting_average,home_on_base_percentage,home_slugging_percentage,home_on_base_plus,home_pitches,home_strikes,home_win_probability_for_offensive_player,home_average_leverage_index,home_win_probability_added,home_win_probability_subtracted,home_base_out_runs_added,home_putouts,home_assists,home_innings_pitched,home_home_runs,home_strikes_by_contact,home_strikes_swinging,home_strikes_looking,home_grounded_balls,home_fly_balls,home_line_drives,home_unknown_bat_type,home_game_score,home_inherited_runners,home_inherited_score,home_win_probability_by_pitcher,home_base_out_runs_saved
NYA/NYA201903280,"Thursday, March 28, 2019",1:12 p.m. Local,Yankee Stadium III,46928,3:06,Day,Home,New York Yankees,NYY,Baltimore Orioles,BAL,34,2,8,2,1.0,1,9,35,0.235,0.257,0.265,0.522,164,86,-0.24,0.42,0.159,,-2.9,24,10,8.0,2,48,11,27,15,10,5,0,25,2,2,-0.26,-2.7,29,7,9,6,7.88,8,8,39,0.31,0.462,0.552,1.013,135,92,0.261,0.52,0.474,,2.7,27,9,9.0,0,49,8,35,9,13,4,0,56,1,0,0.24,2.9
NYA/NYA201903300,"Saturday, March 30, 2019",1:08 p.m. Local,Yankee Stadium III,42203,3:24,Day,Away,Baltimore Orioles,BAL,New York Yankees,NYY,36,5,9,4,3.0,1,9,37,0.25,0.27,0.306,0.576,182,103,0.068,1.35,0.732,,0.1,27,12,9.0,1,60,16,27,16,11,4,0,52,2,1,0.432,1.9,35,3,10,3,3.0,6,9,41,0.286,0.39,0.4,0.79,140,103,-0.431,1.03,0.647,,-1.9,27,9,9.0,0,58,21,24,14,12,5,0,59,1,0,-0.068,-0.1
NYA/NYA201903310,"Sunday, March 31, 2019",4:22 p.m. Local,Yankee Stadium III,38419,3:48,Day,Away,Baltimore Orioles,BAL,New York Yankees,NYY,34,7,8,7,6.0,7,11,41,0.235,0.366,0.529,0.895,226,107,0.357,1.5,0.764,,2.1,27,6,9.0,1,46,24,37,13,10,3,0,47,5,3,0.142,-0.1,37,5,9,5,5.0,8,14,46,0.243,0.391,0.351,0.743,181,140,-0.141,0.64,0.997,,0.1,27,10,9.0,3,68,33,39,12,11,3,0,38,1,1,-0.359,-2.1
TOR/TOR201904010,"Monday, April 1, 2019",7:08 p.m. Local,Rogers Centre,10460,2:46,Night,Away,Baltimore Orioles,BAL,Toronto Blue Jays,TOR,32,6,6,5,4.0,3,12,38,0.188,0.289,0.375,0.664,126,101,0.267,0.81,0.482,,1.2,27,7,9.0,2,51,19,31,6,15,5,0,80,1,1,0.232,-0.2,31,5,6,5,5.0,2,10,34,0.194,0.235,0.484,0.719,156,80,-0.233,0.41,0.37,,0.2,27,6,9.0,2,47,14,19,4,18,6,0,33,0,0,-0.268,-1.2
TOR/TOR201904020,"Tuesday, April 2, 2019",7:09 p.m. Local,Rogers Centre,12110,2:45,Night,Away,Baltimore Orioles,BAL,Toronto Blue Jays,TOR,34,2,10,2,2.0,2,8,36,0.294,0.333,0.441,0.775,127,98,-0.146,1.37,0.567,,-2.8,27,11,9.0,1,56,17,25,13,13,8,0,64,0,0,0.645,3.8,31,1,6,1,1.0,4,4,35,0.194,0.286,0.29,0.576,152,83,-0.644,0.85,0.427,,-3.8,27,9,9.0,0,48,12,23,14,13,3,0,47,1,0,0.145,2.8
TOR/TOR201904030,"Wednesday, April 3, 2019",4:08 p.m. Local,Rogers Centre,11436,2:42,Day,Home,Toronto Blue Jays,TOR,Baltimore Orioles,BAL,31,3,6,3,3.0,1,10,33,0.194,0.242,0.323,0.565,123,95,-0.51,0.56,0.195,,-1.8,24,6,8.0,2,48,24,23,10,11,7,0,52,1,0,0.009,-0.7,31,5,10,4,4.5,2,5,33,0.323,0.364,0.613,0.977,142,81,-0.007,0.88,0.411,,0.7,27,11,9.0,1,46,20,15,7,19,10,0,80,0,0,0.509,1.8
BAL/BAL201904040,"Thursday, April 4, 2019",3:08 p.m. Local,Oriole Park at Camden Yards,44182,3:27,Day,Away,New York Yankees,NYY,Baltimore Orioles,BAL,37,8,12,8,8.0,3,7,41,0.324,0.39,0.676,1.066,164,106,0.292,1.17,1.035,,3.1,27,10,9.0,1,59,20,27,15,15,6,0,43,1,0,0.207,0.9,35,4,10,2,4.0,4,12,39,0.286,0.359,0.4,0.759,174,103,-0.207,0.96,0.707,,-0.9,27,11,9.0,4,58,26,19,10,13,7,0,54,5,2,-0.294,-3.1
BAL/BAL201904060,"Saturday, April 6, 2019",7:21 p.m. Local,Oriole Park at Camden Yards,27504,3:42,Night,Away,New York Yankees,NYY,Baltimore Orioles,BAL,35,6,11,6,6.0,3,7,39,0.314,0.385,0.629,1.013,183,114,0.49,1.77,1.236,,1.1,27,6,9.0,1,65,21,28,14,14,5,0,48,5,3,0.009,0.9,36,4,8,4,4.0,3,9,42,0.222,0.31,0.361,0.671,179,115,-0.009,1.02,1.208,,-0.9,27,15,9.0,3,68,24,23,12,16,6,0,37,4,0,-0.49,-1.1
BAL/BAL201904070,"Sunday, April 7, 2019",1:07 p.m. Local,Oriole Park at Camden Yards,33102,3:05,Day,Away,New York Yankees,NYY,Baltimore Orioles,BAL,40,15,15,15,15.0,9,3,50,0.375,0.5,1.0,1.5,148,108,0.243,0.37,0.531,,10.1,27,14,9.0,0,70,13,25,12,25,6,0,61,2,2,0.256,1.9,33,3,5,1,3.0,3,6,36,0.152,0.222,0.182,0.404,199,96,-0.257,0.32,0.068,,-1.9,27,11,9.0,7,59,13,24,17,10,5,0,41,1,1,-0.244,-10.1
BAL/BAL201904080,"Monday, April 8, 2019",7:09 p.m. Local,Oriole Park at Camden Yards,6585,3:07,Night,Home,Baltimore Orioles,BAL,Oakland Athletics,OAK,37,4,11,3,3.0,2,4,39,0.297,0.333,0.459,0.793,163,85,-0.144,0.49,0.76,,-0.9,24,5,8.0,2,54,6,25,18,15,10,0,22,2,2,-0.355,-7.6,37,12,15,11,13.5,3,5,42,0.405,0.439,0.757,1.196,143,108,0.356,1.21,0.65,,7.6,27,15,9.0,2,72,10,26,11,23,12,0,36,5,1,0.145,0.9
BAL/BAL201904090,"Tuesday, April 9, 2019",7:06 p.m. Local,Oriole Park at Camden Yards,7738,2:53,Night,Away,Oakland Athletics,OAK,Baltimore Orioles,BAL,40,13,14,12,9.0,3,9,45,0.35,0.4,0.55,0.95,113,113,0.307,0.51,0.559,,8.1,27,12,9.0,0,61,24,29,16,16,6,0,55,1,0,0.192,2.9,32,2,7,2,2.0,1,6,33,0.219,0.242,0.25,0.492,175,75,-0.191,0.41,0.168,,-2.9,27,10,9.0,2,46,13,16,12,14,4,0,39,3,3,-0.308,-8.1
BAL/BAL201904100,"Wednesday, April 10, 2019",7:06 p.m. Local,Oriole Park at Camden Yards,7974,2:35,Night,Away,Oakland Athletics,OAK,Baltimore Orioles,BAL,39,10,13,10,10.0,2,4,42,0.333,0.381,0.795,1.176,129,98,0.313,0.47,0.572,,5.1,27,11,9.0,2,62,12,24,9,26,13,0,56,0,0,0.187,1.9,31,3,4,3,3.0,3,4,34,0.129,0.206,0.355,0.561,168,76,-0.187,0.37,0.16,,-1.9,27,10,9.0,5,54,10,12,12,15,4,0,24,0,0,-0.313,-5.1
BAL/BAL201904110,"Thursday, April 11, 2019",12:35 p.m. Local,Oriole Park at Camden Yards,8374,2:50,Day,Away,Oakland Athletics,OAK,Baltimore Orioles,BAL,37,8,11,8,7.0,1,12,40,0.297,0.325,0.757,1.082,141,97,0.293,1.15,0.772,,3.1,27,7,9.0,1,53,18,26,8,18,7,0,54,5,4,0.209,-0.1,32,5,4,4,5.0,5,7,38,0.125,0.263,0.25,0.513,146,82,-0.209,0.63,0.576,,0.1,27,7,9.0,5,43,14,25,10,15,6,0,37,2,0,-0.292,-3.1
BOS/BOS201904120,"Friday, April 12, 2019",7:11 p.m. Local,Fenway Park,33664,2:55,Night,Home,Boston Red Sox,BOS,Baltimore Orioles,BAL,32,4,4,4,4.0,2,12,34,0.125,0.176,0.344,0.52,129,91,-0.339,0.65,0.344,,-1.2,24,7,8.0,1,42,22,27,11,9,4,0,48,4,1,-0.162,-1.4,33,6,11,5,6.75,1,4,36,0.333,0.343,0.515,0.858,139,77,0.162,0.87,0.541,,1.4,27,11,9.0,2,51,8,18,11,20,8,0,68,0,0,0.338,1.2
BOS/BOS201904130,"Saturday, April 13, 2019",1:07 p.m. Local,Fenway Park,35823,3:39,Day,Away,Baltimore Orioles,BAL,Boston Red Sox,BOS,39,9,13,8,7.0,8,8,48,0.333,0.447,0.41,0.857,142,110,0.363,0.72,0.992,,3.8,27,11,9.0,1,65,20,25,17,15,7,0,48,4,1,0.138,0.2,31,5,6,4,5.0,5,6,36,0.194,0.306,0.355,0.66,189,82,-0.138,0.94,0.433,,-0.2,27,8,9.0,0,44,15,23,11,14,4,0,35,4,2,-0.362,-3.8
BOS/BOS201904140,"Sunday, April 14, 2019",1:05 p.m. Local,Fenway Park,36023,3:07,Day,Home,Boston Red Sox,BOS,Baltimore Orioles,BAL,32,0,5,0,0.0,2,10,34,0.156,0.206,0.219,0.425,139,93,-0.635,0.96,0.471,,-5.2,24,11,8.0,1,49,21,23,5,17,7,0,57,1,1,0.134,0.6,30,4,7,4,4.5,1,9,34,0.233,0.294,0.4,0.694,135,88,-0.134,1.36,0.529,,-0.6,27,4,9.0,0,47,18,23,10,12,4,0,78,0,0,0.635,5.2
BOS/BOS201904150,"Monday, April 15, 2019",11:06 a.m. Local,Fenway Park,35860,3:17,Day,Away,Baltimore Orioles,BAL,Boston Red Sox,BOS,34,8,10,8,8.0,7,9,41,0.294,0.415,0.559,0.973,134,99,0.124,0.82,0.659,,2.8,27,11,9.0,0,56,13,30,13,12,7,0,60,2,0,0.376,4.2,29,1,4,1,1.0,3,4,32,0.138,0.219,0.172,0.391,172,79,-0.376,0.77,0.223,,-4.2,27,11,9.0,2,49,11,19,12,13,7,0,48,0,0,-0.124,-2.8
TBA/TBA201904160,"Tuesday, April 16, 2019",7:10 p.m. Local,Tropicana Field,9842,2:41,Night,Home,Tampa Bay Rays,TBR,Baltimore Orioles,BAL,33,2,7,2,2.0,0,4,33,0.212,0.212,0.242,0.455,149,76,-0.44,0.93,0.348,,-2.8,24,7,8.0,1,44,9,23,13,16,9,0,52,1,0,-0.061,0.3,28,4,6,4,4.5,5,9,34,0.214,0.324,0.357,0.681,112,90,0.061,1.1,0.662,,-0.3,27,7,9.0,0,50,18,22,8,12,4,0,58,0,0,0.439,2.8
TBA/TBA201904170,"Wednesday, April 17, 2019",7:10 p.m. Local,Tropicana Field,9028,2:43,Night,Home,Tampa Bay Rays,TBR,Baltimore Orioles,BAL,30,1,3,1,1.0,2,13,32,0.1,0.156,0.267,0.423,143,95,-0.182,0.33,0.059,,-3.8,24,8,8.0,3,49,22,24,6,11,6,0,16,0,0,-0.319,-3.7,33,8,13,8,9.0,4,6,37,0.394,0.459,0.848,1.308,142,91,0.317,0.31,0.509,,3.7,27,5,9.0,1,58,9,24,6,21,14,0,54,0,0,0.181,3.8
TBA/TBA201904180,"Thursday, April 18, 2019",7:10 p.m. Local,Tropicana Field,9081,4:15,Night,Away,Baltimore Orioles,BAL,Tampa Bay Rays,TBR,45,6,15,6,4.91,5,7,51,0.333,0.392,0.511,0.903,212,133,0.256,1.88,1.281,,0.1,33,13,11.0,2,84,23,26,18,21,10,0,54,3,1,0.243,0.9,41,5,9,5,4.09,5,14,46,0.22,0.304,0.415,0.719,203,118,-0.243,1.28,1.528,,-0.9,33,18,11.0,1,61,24,33,16,11,3,0,52,0,0,-0.256,-0.1
BAL/BAL201904201,"Saturday, April 20, 2019",4:06 p.m. Local,Oriole Park at Camden Yards,,3:16,Day,Away,Minnesota Twins,MIN,Baltimore Orioles,BAL,36,6,9,6,6.0,3,9,40,0.25,0.325,0.611,0.936,151,98,0.273,1.71,0.855,,1.1,27,7,9.0,3,60,18,20,6,21,7,0,42,0,0,0.229,-0.1,38,5,13,5,5.0,3,10,42,0.342,0.405,0.658,1.063,153,97,-0.23,0.86,1.226,,0.1,27,6,9.0,3,48,19,30,6,22,8,0,44,1,1,-0.271,-1.1
BAL/BAL201904202,"Saturday, April 20, 2019",8:03 p.m. Local,Oriole Park at Camden Yards,28409,2:50,Night,Away,Minnesota Twins,MIN,Baltimore Orioles,BAL,46,16,19,16,16.0,0,5,46,0.413,0.413,1.043,1.457,142,109,0.401,0.15,0.527,,11.1,27,14,9.0,3,78,12,19,13,28,14,0,45,0,0,0.098,-2.1,36,7,11,6,7.0,1,2,37,0.306,0.324,0.583,0.908,162,96,-0.099,0.23,0.052,,2.1,27,6,9.0,8,63,14,19,16,18,7,0,4,2,2,-0.401,-11.1
BAL/BAL201904210,"Sunday, April 21, 2019",1:06 p.m. Local,Oriole Park at Camden Yards,11018,3:08,Day,Away,Minnesota Twins,MIN,Baltimore Orioles,BAL,35,4,9,4,2.0,3,5,40,0.257,0.325,0.343,0.668,152,86,0.032,2.23,0.573,,-0.9,27,6,9.0,0,54,17,15,9,22,12,0,60,2,0,0.468,1.9,36,3,9,3,3.0,2,10,39,0.25,0.308,0.278,0.585,138,98,-0.465,0.82,1.031,,-1.9,27,7,9.0,0,46,24,28,10,16,9,0,49,0,0,-0.031,0.9
BAL/BAL201904220,"Monday, April 22, 2019",7:07 p.m. Local,Oriole Park at Camden Yards,8555,3:26,Night,Away,Chicago White Sox,CHW,Baltimore Orioles,BAL,44,12,15,11,10.0,4,9,48,0.341,0.396,0.545,0.941,158,114,0.225,0.76,0.602,,7.1,27,9,9.0,1,75,17,22,16,19,7,0,55,0,0,0.276,2.9,36,2,9,2,2.0,1,11,37,0.25,0.27,0.361,0.631,187,102,-0.275,0.47,0.317,,-2.9,27,7,9.0,2,52,21,29,13,12,5,0,42,3,0,-0.224,-7.1
BAL/BAL201904230,"Tuesday, April 23, 2019",7:07 p.m. Local,Oriole Park at Camden Yards,8953,2:56,Night,Home,Baltimore Orioles,BAL,Chicago White Sox,CHW,31,1,6,1,1.0,1,6,32,0.194,0.219,0.258,0.477,158,77,-0.21,0.49,0.138,,-3.9,24,10,8.0,4,48,8,21,14,11,5,0,5,2,0,-0.291,-4.6,34,9,11,8,10.12,5,7,40,0.324,0.425,0.706,1.131,116,99,0.29,0.55,0.649,,4.6,27,11,9.0,0,62,15,22,11,16,7,0,67,0,0,0.21,3.9
BAL/BAL201904240,"Wednesday, April 24, 2019",7:07 p.m. Local,Oriole Park at Camden Yards,10550,2:56,Night,Home,Baltimore Orioles,BAL,Chicago White Sox,CHW,36,3,9,3,3.0,4,10,41,0.25,0.341,0.333,0.675,109,109,-0.404,0.51,0.859,,-1.9,24,7,8.0,1,57,24,28,12,14,8,0,37,1,0,-0.096,0.4,30,4,8,4,4.5,1,3,32,0.267,0.281,0.5,0.781,177,73,0.097,1.58,0.396,,-0.4,27,9,9.0,0,49,9,15,9,19,3,0,60,3,0,0.404,1.9
MIN/MIN201904260,"Friday, April 26, 2019",7:11 p.m. Local,Target Field,23658,3:07,Night,Home,Minnesota Twins,MIN,Baltimore Orioles,BAL,34,1,8,1,1.0,3,8,38,0.235,0.316,0.265,0.58,145,103,-0.251,0.32,0.222,,-4.0,24,10,8.0,5,63,18,22,11,15,10,0,33,2,0,-0.251,-1.6,35,6,10,5,5.62,1,5,36,0.286,0.306,0.714,1.02,163,94,0.25,0.56,0.452,,1.6,27,8,9.0,0,60,13,21,15,15,4,0,60,3,0,0.25,4.0
MIN/MIN201904270,"Saturday, April 27, 2019",1:10 p.m. Local,Target Field,18878,3:24,Day,Home,Minnesota Twins,MIN,Baltimore Orioles,BAL,35,2,8,2,2.0,0,14,35,0.229,0.229,0.257,0.486,186,97,-0.24,0.88,0.464,,-3.0,24,1,8.0,5,49,19,29,6,15,4,0,56,0,0,-0.261,-4.6,34,9,10,9,9.0,3,5,39,0.294,0.359,0.765,1.124,146,111,0.262,1.01,0.778,,4.6,27,3,9.0,0,68,18,25,4,26,11,0,58,0,0,0.239,3.0
MIN/MIN201904280,"Sunday, April 28, 2019",1:12 p.m. Local,Target Field,20034,2:42,Day,Home,Minnesota Twins,MIN,Baltimore Orioles,BAL,31,1,4,1,1.0,0,9,33,0.129,0.156,0.29,0.447,146,90,-0.363,0.58,0.176,,-4.0,24,5,8.0,2,50,16,24,15,8,3,0,46,0,0,-0.137,0.4,29,4,6,4,4.5,5,12,35,0.207,0.343,0.483,0.826,131,87,0.136,0.71,0.482,,-0.4,27,15,9.0,1,39,23,25,4,13,3,0,73,0,0,0.363,4.0
CHA/CHA201904290,"Monday, April 29, 2019",7:10 p.m. Local,Guaranteed Rate Field,14717,3:18,Night,Home,Chicago White Sox,CHW,Baltimore Orioles,BAL,34,3,9,3,3.0,4,10,38,0.265,0.342,0.353,0.695,150,98,-0.308,0.63,0.677,,-1.8,24,7,8.0,2,52,17,29,9,15,9,0,40,4,1,-0.192,-0.7,33,5,9,5,5.62,4,6,40,0.273,0.4,0.545,0.945,154,87,0.194,1.3,0.584,,0.7,27,12,9.0,1,49,18,20,12,15,9,0,54,1,0,0.308,1.8
CHA/CHA201905011,"Wednesday, May 1, 2019",3:10 p.m. Local,Guaranteed Rate Field,,3:48,Day,Away,Baltimore Orioles,BAL,Chicago White Sox,CHW,37,5,11,4,5.0,6,12,45,0.297,0.386,0.459,0.846,176,122,0.113,1.38,1.232,,0.2,27,10,9.0,0,69,18,35,12,15,11,0,47,3,0,0.389,0.8,36,4,7,4,1.0,3,10,39,0.194,0.256,0.222,0.479,189,107,-0.391,1.53,0.683,,-0.8,27,10,9.0,0,66,22,19,14,12,5,0,43,4,0,-0.111,-0.2
CHA/CHA201905012,"Wednesday, May 1, 2019",7:32 p.m. Local,Guaranteed Rate Field,14781,3:22,Night,Home,Chicago White Sox,CHW,Baltimore Orioles,BAL,38,6,11,5,5.0,2,9,41,0.289,0.341,0.474,0.815,166,101,0.285,1.96,1.181,,1.2,26,6,8.2,1,58,15,28,9,20,9,0,38,4,2,-0.784,-2.6,36,7,9,7,6.23,4,16,40,0.25,0.325,0.389,0.714,154,104,0.786,1.33,1.805,,2.6,27,8,9.0,2,50,26,28,12,8,2,0,34,1,0,-0.285,-1.2
BAL/BAL201905030,"Friday, May 3, 2019",7:07 p.m. Local,Oriole Park at Camden Yards,10034,2:38,Night,Away,Tampa Bay Rays,TBR,Baltimore Orioles,BAL,34,7,12,7,7.0,6,7,43,0.353,0.442,0.559,1.001,114,95,0.245,0.38,0.619,,2.1,27,9,9.0,0,59,12,24,14,15,7,0,79,0,0,0.256,4.9,31,0,5,0,0.0,0,10,31,0.161,0.161,0.161,0.323,158,77,-0.257,0.58,0.036,,-4.9,27,7,9.0,1,43,11,23,12,9,2,0,24,2,0,-0.244,-2.1
BAL/BAL201905040,"Saturday, May 4, 2019",7:06 p.m. Local,Oriole Park at Camden Yards,15241,2:19,Night,Home,Baltimore Orioles,BAL,Tampa Bay Rays,TBR,28,0,3,0,0.0,2,5,31,0.107,0.194,0.179,0.372,99,76,-0.458,0.52,0.224,,-4.9,24,11,8.0,1,44,18,14,12,11,5,0,54,0,0,-0.042,1.4,30,3,7,2,3.38,1,4,31,0.233,0.258,0.4,0.658,120,65,0.043,0.92,0.334,,-1.4,27,14,9.0,0,55,4,6,12,14,8,0,75,1,0,0.459,4.9
BAL/BAL201905060,"Monday, May 6, 2019",7:06 p.m. Local,Oriole Park at Camden Yards,11042,2:39,Night,Home,Baltimore Orioles,BAL,Boston Red Sox,BOS,30,1,3,1,1.0,0,6,31,0.1,0.097,0.133,0.23,129,82,-0.354,0.65,0.114,,-3.9,24,6,8.0,1,46,12,24,15,10,5,0,35,2,0,-0.145,0.4,31,4,8,4,4.5,2,7,35,0.258,0.324,0.387,0.711,129,82,0.144,0.69,0.525,,-0.4,27,12,9.0,0,42,11,29,9,16,7,0,71,1,0,0.355,3.9
BAL/BAL201905070,"Tuesday, May 7, 2019",7:06 p.m. Local,Oriole Park at Camden Yards,10703,3:21,Night,Away,Boston Red Sox,BOS,Baltimore Orioles,BAL,30,8,7,8,8.0,8,11,41,0.233,0.4,0.533,0.933,142,111,0.449,0.95,0.941,,3.1,27,10,9.0,2,65,18,28,7,14,7,0,44,1,0,0.051,-0.1,34,5,8,5,5.0,2,5,36,0.235,0.278,0.471,0.748,192,90,-0.052,0.86,0.645,,0.1,27,7,9.0,3,52,8,30,12,17,10,0,45,3,1,-0.449,-3.1
BAL/BAL201905080,"Wednesday, May 8, 2019",7:07 p.m. Local,Oriole Park at Camden Yards,12451,4:01,Night,Away,Boston Red Sox,BOS,Baltimore Orioles,BAL,43,2,8,2,1.5,5,11,48,0.186,0.271,0.326,0.596,167,128,-0.575,1.74,1.088,,-4.6,36,8,12.0,0,72,25,31,14,18,7,0,86,0,0,1.075,5.6,41,1,5,1,0.75,0,22,43,0.122,0.163,0.171,0.334,211,119,-1.074,1.55,0.707,,-5.6,36,11,12.0,2,54,34,31,7,12,6,0,64,0,0,0.575,4.6
BAL/BAL201905100,"Friday, May 10, 2019",7:08 p.m. Local,Oriole Park at Camden Yards,14495,3:04,Night,Away,Los Angeles Angels,LAA,Baltimore Orioles,BAL,38,8,12,8,8.0,3,8,42,0.316,0.381,0.526,0.907,126,109,0.417,0.5,0.851,,3.1,27,12,9.0,2,60,14,35,12,18,9,0,61,0,0,0.082,1.9,33,3,5,3,3.0,1,9,34,0.152,0.176,0.364,0.54,179,83,-0.083,0.62,0.279,,-1.9,27,10,9.0,1,48,13,22,12,12,5,0,31,2,2,-0.417,-3.1
BAL/BAL201905110,"Saturday, May 11, 2019",4:06 p.m. Local,Oriole Park at Camden Yards,21106,3:34,Day,Away,Los Angeles Angels,LAA,Baltimore Orioles,BAL,36,7,10,7,7.0,3,7,40,0.278,0.333,0.444,0.778,181,99,0.264,1.03,0.776,,2.1,27,5,9.0,1,52,9,37,10,19,10,0,48,1,0,0.237,2.9,36,2,9,2,2.0,3,12,39,0.25,0.308,0.389,0.697,164,116,-0.237,0.84,0.512,,-2.9,27,10,9.0,2,64,20,32,12,12,5,0,47,2,0,-0.263,-2.1
BAL/BAL201905120,"Sunday, May 12, 2019",3:47 p.m. Local,Oriole Park at Camden Yards,16387,3:08,Day,Home,Baltimore Orioles,BAL,Los Angeles Angels,LAA,29,1,4,1,1.0,4,6,34,0.138,0.242,0.276,0.518,175,87,-0.29,0.42,0.326,,-3.9,24,5,8.0,4,50,10,26,9,14,4,0,40,1,0,-0.209,-0.6,33,5,9,5,5.62,8,8,41,0.273,0.415,0.636,1.051,147,104,0.21,0.82,0.5,,0.6,27,8,9.0,1,56,21,27,6,19,6,0,61,0,0,0.29,3.9
NYA/NYA201905151,"Wednesday, May 15, 2019",3:07 p.m. Local,Yankee Stadium III,,2:12,Day,Home,New York Yankees,NYY,Baltimore Orioles,BAL,33,3,7,3,3.0,0,10,33,0.212,0.212,0.455,0.667,110,76,-0.265,0.6,0.515,,-1.9,24,3,8.0,4,36,20,20,13,10,2,0,47,0,0,-0.233,-0.7,32,5,7,5,4.5,1,6,33,0.219,0.242,0.594,0.836,112,73,0.234,1.04,0.627,,0.7,27,11,9.0,2,43,9,21,5,21,8,0,49,1,0,0.267,1.9
NYA/NYA201905152,"Wednesday, May 15, 2019",6:38 p.m. Local,Yankee Stadium III,41138,2:29,Night,Home,New York Yankees,NYY,Baltimore Orioles,BAL,32,1,7,1,1.0,1,12,34,0.219,0.235,0.25,0.485,124,84,-0.524,0.71,0.528,,-3.9,24,10,8.0,1,42,21,21,7,14,9,0,61,0,0,0.024,1.3,31,3,7,3,3.38,2,10,33,0.226,0.273,0.387,0.66,113,80,-0.025,1.62,0.458,,-1.3,27,9,9.0,0,36,19,27,10,11,8,0,68,0,0,0.524,3.9
CLE/CLE201905160,"Thursday, May 16, 2019",6:10 p.m. Local,Progressive Field,16324,3:54,Night,Home,Cleveland Indians,CLE,Baltimore Orioles,BAL,36,7,10,7,7.0,4,6,40,0.278,0.35,0.472,0.822,205,96,0.288,1.09,0.994,,1.8,24,7,8.0,2,52,11,33,13,17,6,0,31,7,7,-0.789,-9.4,37,14,14,13,15.75,8,6,47,0.378,0.511,0.595,1.105,148,117,0.788,1.08,1.507,,9.4,27,11,9.0,2,70,17,30,10,21,6,0,28,3,0,-0.288,-1.8
CLE/CLE201905170,"Friday, May 17, 2019",7:11 p.m. Local,Progressive Field,22999,2:54,Night,Away,Baltimore Orioles,BAL,Cleveland Indians,CLE,35,5,10,5,5.0,1,7,36,0.286,0.306,0.6,0.906,158,95,0.139,0.86,0.555,,-0.2,27,8,9.0,0,52,19,24,9,19,7,0,65,3,0,0.361,4.2,32,1,3,1,0.0,4,12,36,0.094,0.194,0.094,0.288,140,94,-0.362,0.6,0.274,,-4.2,27,11,9.0,2,52,19,23,10,10,6,0,48,0,0,-0.139,0.2
CLE/CLE201905180,"Saturday, May 18, 2019",4:10 p.m. Local,Progressive Field,25652,2:36,Day,Home,Cleveland Indians,CLE,Baltimore Orioles,BAL,28,1,1,1,1.0,3,9,31,0.036,0.129,0.143,0.272,139,83,-0.449,0.69,0.25,,-4.2,24,12,8.0,2,46,15,22,7,12,7,0,43,0,0,-0.051,0.6,30,4,7,4,4.5,4,2,34,0.233,0.324,0.5,0.824,125,79,0.052,0.94,0.512,,-0.6,27,7,9.0,1,56,4,19,14,14,6,0,68,2,0,0.448,4.2
CLE/CLE201905190,"Sunday, May 19, 2019",1:10 p.m. Local,Progressive Field,21377,2:49,Day,Home,Cleveland Indians,CLE,Baltimore Orioles,BAL,31,0,5,0,0.0,0,15,31,0.161,0.161,0.161,0.323,174,75,-0.24,0.38,0.082,,-5.2,24,9,8.0,1,25,26,24,8,8,5,0,29,2,1,-0.262,-5.4,34,10,11,8,7.88,7,6,42,0.324,0.429,0.559,0.987,107,98,0.262,0.41,0.463,,5.4,27,7,9.0,0,65,14,19,13,16,6,0,92,,,0.238,5.2
BAL/BAL201905200,"Monday, May 20, 2019",7:05 p.m. Local,Oriole Park at Camden Yards,16457,3:35,Night,Away,New York Yankees,NYY,Baltimore Orioles,BAL,36,10,11,9,9.0,4,5,41,0.306,0.366,0.583,0.949,179,88,0.724,0.67,1.449,,5.1,27,8,9.0,2,56,12,20,12,20,11,0,21,1,0,-0.223,-2.1,38,7,13,7,7.0,5,8,46,0.342,0.435,0.684,1.119,152,112,0.225,1.39,0.722,,2.1,27,10,9.0,3,71,16,25,13,18,9,0,51,2,1,-0.725,-5.1
BAL/BAL201905210,"Tuesday, May 21, 2019",7:06 p.m. Local,Oriole Park at Camden Yards,17389,2:49,Night,Away,New York Yankees,NYY,Baltimore Orioles,BAL,38,11,12,11,11.0,4,10,42,0.316,0.381,0.579,0.96,139,97,0.362,0.36,0.535,,6.1,27,17,9.0,1,55,14,28,12,16,6,0,51,0,0,0.138,0.9,35,4,8,4,3.0,1,6,37,0.229,0.27,0.343,0.613,171,93,-0.138,0.35,0.122,,-0.9,27,10,9.0,3,55,16,22,19,10,6,0,16,0,0,-0.362,-6.1
BAL/BAL201905220,"Wednesday, May 22, 2019",7:07 p.m. Local,Oriole Park at Camden Yards,17849,3:18,Night,Away,New York Yankees,NYY,Baltimore Orioles,BAL,39,7,13,7,7.0,4,6,43,0.333,0.395,0.795,1.19,164,97,0.214,1.05,0.731,,2.1,27,6,9.0,2,56,12,29,16,17,5,0,42,0,0,0.285,-0.1,34,5,7,4,4.0,4,13,40,0.206,0.325,0.471,0.796,164,103,-0.286,0.6,0.591,,0.1,27,8,9.0,5,62,12,29,9,12,4,0,21,3,0,-0.214,-2.1
BAL/BAL201905230,"Thursday, May 23, 2019",12:36 p.m. Local,Oriole Park at Camden Yards,30624,3:02,Day,Away,New York Yankees,NYY,Baltimore Orioles,BAL,33,6,8,6,6.0,6,8,39,0.242,0.359,0.455,0.814,142,90,0.434,1.37,1.123,,1.1,27,9,9.0,1,42,16,32,13,12,5,0,62,2,2,0.066,-0.1,34,5,8,5,5.0,3,8,37,0.235,0.297,0.382,0.68,152,99,-0.065,1.33,0.924,,0.1,27,14,9.0,2,53,24,22,13,13,6,0,50,3,0,-0.435,-1.1
COL/COL201905240,"Friday, May 24, 2019",6:43 p.m. Local,Coors Field,32397,3:17,Night,Home,Colorado Rockies,COL,Baltimore Orioles,BAL,35,6,10,6,6.0,2,10,38,0.286,0.324,0.657,0.981,170,97,-0.08,1.26,0.736,,0.4,25,9,8.1,4,51,19,28,11,15,6,0,43,1,1,-0.419,-2.7,36,8,14,8,8.64,2,8,38,0.389,0.421,0.833,1.254,155,96,0.421,1.07,1.332,,2.7,27,11,9.0,3,64,15,20,8,20,11,0,34,0,0,0.081,-0.4
COL/COL201905250,"Saturday, May 25, 2019",7:11 p.m. Local,Coors Field,41239,3:12,Night,Away,Baltimore Orioles,BAL,Colorado Rockies,COL,40,9,17,9,9.0,3,7,43,0.425,0.465,0.625,1.09,150,103,0.524,0.93,1.159,,3.4,27,12,9.0,2,62,18,25,17,16,10,0,36,0,0,-0.025,-0.4,37,6,10,6,6.0,1,9,38,0.27,0.289,0.514,0.803,159,98,0.025,0.96,0.742,,0.4,27,17,9.0,2,52,19,27,15,13,7,0,15,3,2,-0.526,-3.4
COL/COL201905260,"Sunday, May 26, 2019",1:12 p.m. Local,Coors Field,46815,3:28,Day,Home,Colorado Rockies,COL,Baltimore Orioles,BAL,37,7,11,7,7.0,2,5,42,0.297,0.325,0.432,0.757,157,89,0.319,2.02,1.287,,1.4,26,9,8.2,1,49,15,25,21,14,10,0,38,6,2,-0.818,-2.9,35,8,12,7,6.23,6,9,44,0.343,0.429,0.543,0.971,134,97,0.819,1.44,1.965,,2.9,27,17,9.0,0,63,18,16,16,13,7,0,46,6,3,-0.318,-1.4
BAL/BAL201905270,"Monday, May 27, 2019",1:08 p.m. Local,Oriole Park at Camden Yards,18004,2:55,Day,Home,Baltimore Orioles,BAL,Detroit Tigers,DET,35,3,8,3,3.0,3,9,38,0.229,0.289,0.314,0.604,132,105,-0.349,0.81,0.783,,-1.9,24,11,8.0,2,67,17,21,6,20,8,0,47,1,0,-0.15,-0.6,30,5,7,4,3.38,3,6,35,0.233,0.294,0.467,0.761,162,88,0.15,1.45,0.686,,0.6,27,6,9.0,0,43,19,26,14,12,5,0,47,1,0,0.35,1.9
BAL/BAL201905280,"Tuesday, May 28, 2019",7:07 p.m. Local,Oriole Park at Camden Yards,8106,3:00,Night,Away,Detroit Tigers,DET,Baltimore Orioles,BAL,35,3,8,3,3.0,2,9,37,0.229,0.27,0.457,0.727,160,86,-0.011,1.13,0.425,,-1.9,27,8,9.0,0,44,20,22,10,16,5,0,67,4,0,0.513,4.9,32,0,6,0,0.0,2,13,35,0.188,0.257,0.188,0.445,131,104,-0.512,0.54,0.358,,-4.9,27,9,9.0,1,56,21,27,7,12,4,0,59,0,0,0.012,1.9
BAL/BAL201905290,"Wednesday, May 29, 2019",7:06 p.m. Local,Oriole Park at Camden Yards,10614,2:35,Night,Away,Detroit Tigers,DET,Baltimore Orioles,BAL,32,4,6,4,4.0,1,11,34,0.188,0.212,0.406,0.618,131,95,0.163,1.0,1.039,,-0.9,27,9,9.0,1,57,21,17,6,16,6,0,52,0,0,0.337,2.9,32,2,5,2,2.0,2,10,36,0.156,0.25,0.344,0.594,143,87,-0.338,1.44,0.432,,-2.9,27,5,9.0,2,48,18,21,9,13,3,0,69,0,0,-0.163,0.9
BAL/BAL201905310,"Friday, May 31, 2019",7:06 p.m. Local,Oriole Park at Camden Yards,17545,3:09,Night,Home,Baltimore Orioles,BAL,San Francisco Giants,SFG,33,6,9,6,6.0,6,3,41,0.273,0.39,0.424,0.814,162,93,-0.008,0.75,0.73,,1.1,24,14,8.0,3,59,14,20,16,15,5,0,10,0,0,-0.491,-4.6,31,9,9,9,10.12,5,6,37,0.29,0.405,0.613,1.018,163,99,0.493,1.03,0.868,,4.6,27,9,9.0,1,56,20,24,16,9,3,0,22,1,0,0.007,-1.1
BAL/BAL201906010,"Saturday, June 1, 2019",4:07 p.m. Local,Oriole Park at Camden Yards,19352,2:48,Day,Away,San Francisco Giants,SFG,Baltimore Orioles,BAL,33,8,8,8,8.0,4,8,39,0.242,0.308,0.455,0.762,131,98,0.302,0.53,0.564,,3.1,27,13,9.0,1,58,15,25,7,20,10,0,62,0,0,0.198,2.9,32,2,6,2,2.0,1,4,33,0.188,0.212,0.281,0.493,152,89,-0.199,0.51,0.205,,-2.9,27,6,9.0,1,65,5,19,15,13,5,0,23,3,3,-0.303,-3.1
BAL/BAL201906020,"Sunday, June 2, 2019",1:08 p.m. Local,Oriole Park at Camden Yards,16991,3:01,Day,Away,San Francisco Giants,SFG,Baltimore Orioles,BAL,37,8,11,8,6.0,5,7,43,0.297,0.372,0.649,1.021,168,97,0.259,0.56,0.731,,3.1,27,9,9.0,1,59,18,20,13,18,6,0,68,0,0,0.24,3.9,32,1,4,1,1.0,2,13,34,0.125,0.176,0.25,0.426,156,111,-0.24,0.64,0.184,,-3.9,27,8,9.0,3,66,20,25,11,8,3,0,47,0,0,-0.26,-3.1
TEX/TEX201906040,"Tuesday, June 4, 2019",7:07 p.m. Local,Globe Life Park in Arlington,21903,3:42,Night,Away,Baltimore Orioles,BAL,Texas Rangers,TEX,38,12,15,12,12.0,4,5,43,0.395,0.442,0.816,1.258,197,105,0.437,0.89,0.664,,6.5,27,8,9.0,1,67,15,23,17,17,7,0,45,5,3,0.064,-5.5,41,11,14,10,9.0,5,12,48,0.341,0.417,0.488,0.904,168,124,-0.063,0.46,0.678,,5.5,27,12,9.0,5,66,26,32,13,17,11,0,16,1,1,-0.436,-6.5
TEX/TEX201906050,"Wednesday, June 5, 2019",7:09 p.m. Local,Globe Life Park in Arlington,21163,4:18,Night,Home,Texas Rangers,TEX,Baltimore Orioles,BAL,43,1,8,1,0.75,3,14,48,0.186,0.271,0.256,0.527,203,135,-0.962,1.44,0.894,,-6.4,35,11,11.2,0,71,26,38,13,16,8,0,64,0,0,0.46,4.9,43,2,9,2,1.54,2,9,47,0.209,0.277,0.256,0.532,207,131,-0.459,1.73,0.907,,-4.9,36,8,12.0,1,85,13,33,19,15,7,0,60,2,0,0.96,6.4
TEX/TEX201906060,"Thursday, June 6, 2019",7:07 p.m. Local,Globe Life Park in Arlington,20462,2:29,Night,Home,Texas Rangers,TEX,Baltimore Orioles,BAL,32,3,8,3,3.0,2,11,36,0.25,0.314,0.406,0.721,115,89,-0.488,0.84,0.63,,-2.5,24,12,8.0,1,54,15,20,13,9,2,0,43,1,0,-0.013,0.9,29,4,8,3,3.38,2,5,32,0.276,0.313,0.414,0.726,138,79,0.012,1.4,0.545,,-0.9,27,8,9.0,1,46,15,18,13,12,8,0,49,0,0,0.488,2.5
HOU/HOU201906070,"Friday, June 7, 2019",7:10 p.m. Local,Minute Maid Park,35414,3:13,Night,Home,Houston Astros,HOU,Baltimore Orioles,BAL,39,3,5,3,0.82,0,17,40,0.128,0.15,0.231,0.381,165,115,-0.668,1.61,0.364,,-3.3,32,15,10.2,2,59,32,24,13,9,3,0,53,1,0,0.167,1.9,37,4,6,4,3.38,4,6,42,0.162,0.262,0.351,0.613,169,107,-0.166,1.15,1.228,,-1.9,33,7,11.0,1,70,12,25,17,14,8,0,75,0,0,0.667,3.3
HOU/HOU201906080,"Saturday, June 8, 2019",3:11 p.m. Local,Minute Maid Park,38425,2:27,Day,Away,Baltimore Orioles,BAL,Houston Astros,HOU,35,4,8,3,3.0,1,9,37,0.229,0.27,0.429,0.699,120,78,-0.002,1.24,0.804,,-1.1,27,15,9.0,0,43,16,19,19,7,2,0,62,1,0,0.502,4.1,29,1,4,1,1.0,2,5,32,0.138,0.188,0.138,0.325,116,80,-0.502,1.06,0.325,,-4.1,27,16,9.0,2,48,12,20,15,10,6,0,70,0,0,0.002,1.1
HOU/HOU201906090,"Sunday, June 9, 2019",1:10 p.m. Local,Minute Maid Park,35621,2:46,Day,Home,Houston Astros,HOU,Baltimore Orioles,BAL,30,0,6,0,0.0,4,8,34,0.2,0.294,0.2,0.494,131,93,-0.482,0.55,0.389,,-5.1,24,3,8.0,1,52,18,23,15,7,3,0,59,2,0,-0.02,0.6,28,4,5,4,3.38,3,8,33,0.179,0.273,0.286,0.558,148,77,0.018,1.11,0.391,,-0.6,27,12,9.0,0,44,17,18,4,17,7,0,63,5,0,0.482,5.1
BAL/BAL201906110,"Tuesday, June 11, 2019",7:07 p.m. Local,Oriole Park at Camden Yards,12524,2:55,Night,Home,Baltimore Orioles,BAL,Toronto Blue Jays,TOR,31,2,5,2,2.0,4,13,35,0.161,0.257,0.29,0.547,148,102,-0.411,0.95,0.394,,-2.9,24,9,8.0,0,57,23,22,6,12,3,0,42,2,0,-0.089,0.4,33,4,11,4,4.5,4,7,37,0.333,0.405,0.515,0.921,169,84,0.089,1.04,0.723,,-0.4,27,6,9.0,1,49,17,21,9,17,7,0,59,1,0,0.411,2.9
BAL/BAL201906120,"Wednesday, June 12, 2019",7:07 p.m. Local,Oriole Park at Camden Yards,11153,4:05,Night,Away,Toronto Blue Jays,TOR,Baltimore Orioles,BAL,38,8,10,7,3.0,6,9,44,0.263,0.364,0.421,0.785,180,109,0.354,1.31,0.924,,3.1,27,16,9.0,1,63,14,32,14,15,8,0,50,6,3,0.146,-1.1,32,6,8,5,6.0,7,7,40,0.25,0.4,0.469,0.869,194,91,-0.147,0.95,0.881,,1.1,27,8,9.0,1,58,17,20,13,12,7,0,43,3,3,-0.353,-3.1
BAL/BAL201906130,"Thursday, June 13, 2019",7:37 p.m. Local,Oriole Park at Camden Yards,14910,3:23,Night,Away,Toronto Blue Jays,TOR,Baltimore Orioles,BAL,42,12,17,12,12.0,4,4,47,0.405,0.447,0.69,1.137,160,120,0.434,0.78,0.863,,7.1,27,11,9.0,1,77,17,26,12,27,9,0,57,0,0,0.064,1.9,37,3,10,3,2.0,0,10,37,0.27,0.27,0.378,0.649,201,102,-0.065,0.67,0.45,,-1.9,27,7,9.0,3,61,21,20,16,11,3,0,42,1,1,-0.435,-7.1
BAL/BAL201906140,"Friday, June 14, 2019",7:09 p.m. Local,Oriole Park at Camden Yards,19383,3:24,Night,Away,Boston Red Sox,BOS,Baltimore Orioles,BAL,41,13,16,13,13.0,7,6,50,0.39,0.5,0.854,1.354,149,124,0.397,0.43,0.701,,8.1,27,9,9.0,1,80,13,31,11,24,10,0,65,0,0,0.104,2.9,34,2,9,2,2.0,0,6,36,0.265,0.286,0.412,0.697,203,96,-0.105,0.43,0.211,,-2.9,27,10,9.0,6,62,13,21,9,20,8,0,34,1,1,-0.396,-8.1
BAL/BAL201906150,"Saturday, June 15, 2019",4:07 p.m. Local,Oriole Park at Camden Yards,30050,3:19,Day,Away,Boston Red Sox,BOS,Baltimore Orioles,BAL,38,7,12,5,5.0,4,12,43,0.316,0.372,0.421,0.793,158,108,0.16,1.45,0.799,,2.1,27,3,9.0,0,58,21,29,17,10,3,0,61,0,0,0.341,2.9,34,2,8,2,2.0,3,15,38,0.235,0.289,0.265,0.554,164,103,-0.341,0.96,0.573,,-2.9,27,8,9.0,1,53,23,27,8,12,7,0,47,2,1,-0.16,-2.1
BAL/BAL201906160,"Sunday, June 16, 2019",1:07 p.m. Local,Oriole Park at Camden Yards,27964,4:44,Day,Away,Boston Red Sox,BOS,Baltimore Orioles,BAL,43,8,14,8,3.6,5,6,48,0.326,0.396,0.558,0.954,236,120,0.462,1.71,1.681,,2.5,30,15,10.0,2,80,18,22,12,25,12,0,45,5,0,0.038,-0.5,43,6,12,5,3.6,5,9,48,0.279,0.354,0.488,0.843,194,150,-0.038,1.32,1.448,,0.5,30,11,10.0,2,91,25,34,21,13,6,0,45,4,2,-0.463,-2.5
OAK/OAK201906170,"Monday, June 17, 2019",7:09 p.m. Local,Oakland-Alameda County Coliseum,12345,2:32,Night,Home,Oakland Athletics,OAK,Baltimore Orioles,BAL,29,2,4,1,1.0,2,6,32,0.138,0.194,0.138,0.331,129,79,-0.545,0.93,0.289,,-2.7,24,5,8.0,0,40,18,23,8,16,6,0,57,0,0,0.044,1.2,29,3,5,1,1.12,3,5,33,0.172,0.273,0.276,0.549,117,80,-0.045,1.18,0.443,,-1.2,27,8,9.0,0,44,11,25,8,16,5,0,62,2,0,0.544,2.7
OAK/OAK201906180,"Tuesday, June 18, 2019",7:07 p.m. Local,Oakland-Alameda County Coliseum,14310,2:28,Night,Home,Oakland Athletics,OAK,Baltimore Orioles,BAL,31,2,4,1,1.0,1,4,32,0.129,0.156,0.226,0.382,169,83,-0.204,0.41,0.265,,-2.7,24,8,8.0,6,50,14,19,16,11,6,0,31,2,2,-0.296,-11.8,40,16,15,15,10.12,3,6,44,0.375,0.432,0.95,1.382,122,102,0.296,0.69,0.572,,11.8,27,16,9.0,1,64,11,27,11,23,11,0,64,0,0,0.204,2.7
OAK/OAK201906190,"Wednesday, June 19, 2019",12:37 p.m. Local,Oakland-Alameda County Coliseum,15341,3:08,Day,Home,Oakland Athletics,OAK,Baltimore Orioles,BAL,32,3,6,3,3.0,4,12,38,0.188,0.289,0.188,0.477,150,101,-0.158,0.74,0.49,,-1.7,24,6,8.0,1,50,27,24,8,13,6,0,55,4,3,-0.342,-3.8,35,8,11,7,9.0,3,5,39,0.314,0.385,0.6,0.985,155,98,0.342,1.11,0.8,,3.8,27,5,9.0,0,70,11,17,11,19,8,0,60,8,2,0.158,1.7
SEA/SEA201906200,"Thursday, June 20, 2019",7:11 p.m. Local,T-Mobile Park,15217,3:16,Night,Home,Seattle Mariners,SEA,Baltimore Orioles,BAL,30,2,4,2,2.0,5,11,35,0.133,0.257,0.133,0.39,169,87,-0.251,1.09,0.433,,-2.6,24,3,8.0,2,47,15,25,9,10,3,0,45,4,2,-0.25,-0.9,33,5,9,5,5.62,4,15,37,0.273,0.351,0.515,0.867,144,104,0.249,1.09,0.917,,0.9,27,8,9.0,0,49,22,33,6,12,8,0,41,3,2,0.25,2.6
SEA/SEA201906210,"Friday, June 21, 2019",7:10 p.m. Local,T-Mobile Park,21293,3:18,Night,Home,Seattle Mariners,SEA,Baltimore Orioles,BAL,39,9,14,8,8.0,0,8,39,0.359,0.359,0.462,0.821,179,99,-0.031,0.71,0.854,,4.4,24,9,8.0,3,50,18,31,19,12,10,0,22,0,0,-0.468,-5.9,37,10,13,10,11.25,8,7,45,0.351,0.467,0.676,1.142,144,104,0.47,1.28,0.945,,5.9,27,13,9.0,0,53,16,35,11,19,8,0,18,5,2,0.031,-4.4
SEA/SEA201906220,"Saturday, June 22, 2019",1:10 p.m. Local,T-Mobile Park,27484,3:05,Day,Away,Baltimore Orioles,BAL,Seattle Mariners,SEA,32,8,8,8,8.0,7,9,41,0.25,0.375,0.469,0.844,157,97,0.296,0.72,0.721,,3.4,27,6,9.0,1,49,14,34,9,16,7,0,56,0,0,0.203,0.6,35,4,7,4,4.0,3,9,38,0.2,0.263,0.371,0.635,168,89,-0.204,0.62,0.339,,-0.6,27,10,9.0,2,45,18,26,9,17,6,0,50,0,0,-0.297,-3.4
SEA/SEA201906230,"Sunday, June 23, 2019",1:10 p.m. Local,T-Mobile Park,23920,3:07,Day,Home,Seattle Mariners,SEA,Baltimore Orioles,BAL,33,3,7,3,3.0,5,8,38,0.212,0.316,0.424,0.74,178,87,0.041,0.56,0.347,,-1.6,24,7,8.0,2,52,16,19,8,17,8,0,16,3,3,-0.543,-8.9,35,13,13,12,13.5,5,4,44,0.371,0.455,0.543,0.997,141,102,0.542,0.43,0.728,,8.9,27,7,9.0,1,63,16,23,12,21,14,0,48,0,0,-0.042,1.6
BAL/BAL201906250,"Tuesday, June 25, 2019",7:08 p.m. Local,Oriole Park at Camden Yards,21644,2:47,Night,Away,San Diego Padres,SDP,Baltimore Orioles,BAL,37,8,12,8,8.0,3,6,41,0.324,0.39,0.676,1.066,135,84,0.422,0.62,0.678,,3.1,27,14,9.0,1,53,11,20,14,17,5,0,51,0,0,0.078,1.9,36,3,11,3,3.0,2,9,38,0.306,0.342,0.444,0.787,133,89,-0.078,0.42,0.367,,-1.9,27,10,9.0,4,48,21,20,14,13,9,0,29,0,0,-0.421,-3.1
BAL/BAL201906260,"Wednesday, June 26, 2019",3:07 p.m. Local,Oriole Park at Camden Yards,13408,3:18,Day,Away,San Diego Padres,SDP,Baltimore Orioles,BAL,37,10,11,10,10.0,3,10,42,0.297,0.381,0.703,1.084,159,108,0.493,0.69,0.914,,5.1,27,4,9.0,2,66,27,15,10,17,5,0,55,3,0,0.008,-0.1,36,5,8,5,5.0,3,15,39,0.222,0.282,0.472,0.754,167,110,-0.009,0.64,0.522,,0.1,27,7,9.0,5,63,18,29,7,14,4,0,31,1,1,-0.491,-5.1
BAL/BAL201906280,"Friday, June 28, 2019",7:06 p.m. Local,Oriole Park at Camden Yards,21248,2:56,Night,Home,Baltimore Orioles,BAL,Cleveland Indians,CLE,32,0,6,0,0.0,2,8,34,0.188,0.235,0.219,0.454,174,95,-0.122,0.23,0.062,,-4.9,24,13,8.0,2,60,15,20,7,17,8,0,16,3,1,-0.379,-8.6,38,13,16,13,14.62,4,5,43,0.421,0.465,0.684,1.149,147,110,0.379,0.26,0.483,,8.6,27,5,9.0,0,68,16,26,15,19,10,0,69,0,0,0.121,4.9
BAL/BAL201906290,"Saturday, June 29, 2019",5:11 p.m. Local,Oriole Park at Camden Yards,26998,2:57,Night,Home,Baltimore Orioles,BAL,Cleveland Indians,CLE,31,0,5,0,0.0,1,10,32,0.161,0.188,0.194,0.381,174,85,-0.24,0.51,0.029,,-4.9,24,8,8.0,4,48,14,23,13,8,4,0,20,4,0,-0.26,-8.6,35,13,13,13,14.62,6,6,45,0.371,0.5,0.829,1.329,124,105,0.261,0.33,0.577,,8.6,27,11,9.0,0,63,20,22,13,17,7,0,76,0,0,0.24,4.9
BAL/BAL201906300,"Sunday, June 30, 2019",1:07 p.m. Local,Oriole Park at Camden Yards,20048,2:51,Day,Away,Cleveland Indians,CLE,Baltimore Orioles,BAL,37,2,10,2,2.0,2,6,39,0.27,0.308,0.351,0.659,140,86,-0.184,1.41,0.512,,-2.9,27,11,9.0,0,54,12,20,16,15,6,0,87,0,0,0.684,4.9,31,0,5,0,0.0,1,14,32,0.161,0.188,0.194,0.381,137,88,-0.684,0.96,0.299,,-4.9,27,7,9.0,0,47,17,24,11,6,1,0,54,2,0,0.184,2.9
TBA/TBA201907010,"Monday, July 1, 2019",7:10 p.m. Local,Tropicana Field,20441,3:11,Night,Home,Tampa Bay Rays,TBR,Baltimore Orioles,BAL,35,3,9,3,3.0,3,11,38,0.257,0.316,0.343,0.659,142,102,-0.088,0.96,0.822,,-1.8,24,12,8.0,1,63,13,26,9,15,9,0,46,0,0,-0.412,-1.7,32,6,10,6,6.75,4,5,36,0.312,0.389,0.406,0.795,157,85,0.412,1.25,0.873,,1.7,27,5,9.0,0,46,16,23,13,14,9,0,54,1,1,0.088,1.8
TBA/TBA201907020,"Tuesday, July 2, 2019",7:10 p.m. Local,Tropicana Field,20925,2:43,Night,Home,Tampa Bay Rays,TBR,Baltimore Orioles,BAL,33,3,6,3,3.0,1,16,34,0.182,0.206,0.364,0.57,151,90,-0.338,0.68,0.224,,-1.8,24,6,8.0,1,41,17,32,8,9,3,0,46,2,1,-0.162,-1.7,32,6,8,6,6.75,4,10,36,0.25,0.333,0.406,0.74,136,93,0.163,0.75,0.584,,1.7,27,6,9.0,2,51,17,25,9,13,6,0,76,0,0,0.338,1.8
TBA/TBA201907030,"Wednesday, July 3, 2019",7:10 p.m. Local,Tropicana Field,21545,3:11,Night,Away,Baltimore Orioles,BAL,Tampa Bay Rays,TBR,39,9,11,8,8.0,4,14,44,0.282,0.349,0.487,0.836,145,113,0.326,1.18,1.025,,4.2,27,12,9.0,1,59,23,31,15,11,7,0,60,2,0,0.175,-1.2,37,6,11,5,5.0,0,6,38,0.297,0.316,0.459,0.775,168,97,-0.176,1.15,0.728,,1.2,27,8,9.0,2,62,11,27,13,18,6,0,55,1,0,-0.326,-4.2
TOR/TOR201907050,"Friday, July 5, 2019",7:07 p.m. Local,Rogers Centre,20530,2:48,Night,Away,Baltimore Orioles,BAL,Toronto Blue Jays,TOR,30,4,6,4,4.0,5,9,36,0.2,0.314,0.3,0.614,129,95,-0.031,1.24,0.492,,-0.8,27,9,9.0,1,56,10,29,6,16,9,0,68,1,0,0.531,3.8,31,1,4,1,1.0,2,8,33,0.129,0.182,0.323,0.504,149,84,-0.533,0.76,0.419,,-3.8,27,7,9.0,1,48,15,21,12,11,2,0,54,0,0,0.031,0.8
TOR/TOR201907060,"Saturday, July 6, 2019",3:07 p.m. Local,Rogers Centre,22405,2:30,Day,Away,Baltimore Orioles,BAL,Toronto Blue Jays,TOR,36,8,10,8,5.0,4,4,40,0.278,0.35,0.528,0.878,115,93,0.25,0.47,0.547,,3.2,27,8,9.0,0,62,6,26,20,12,6,0,71,0,0,0.251,3.8,30,1,3,1,1.0,1,8,31,0.1,0.129,0.1,0.229,149,78,-0.25,0.51,0.086,,-3.8,27,17,9.0,2,41,11,26,10,12,6,0,41,1,0,-0.25,-3.2
TOR/TOR201907070,"Sunday, July 7, 2019",1:09 p.m. Local,Rogers Centre,22487,2:44,Day,Home,Toronto Blue Jays,TOR,Baltimore Orioles,BAL,33,1,6,1,1.0,1,5,34,0.182,0.206,0.333,0.539,134,99,-0.334,0.47,0.137,,-3.8,24,5,8.0,1,65,12,22,7,21,6,0,46,4,2,-0.165,-1.7,32,6,9,6,6.75,4,9,36,0.281,0.361,0.531,0.892,147,88,0.165,0.62,0.454,,1.7,27,5,9.0,1,52,24,12,8,15,7,0,71,0,0,0.336,3.8
BAL/BAL201907120,"Friday, July 12, 2019",7:07 p.m. Local,Oriole Park at Camden Yards,22422,2:49,Night,Away,Tampa Bay Rays,TBR,Baltimore Orioles,BAL,48,16,20,12,14.0,1,4,49,0.417,0.429,0.688,1.116,128,111,0.461,0.09,0.568,,11.1,27,8,9.0,1,76,12,23,18,26,16,0,69,0,0,0.041,0.9,32,4,5,4,4.0,2,10,35,0.156,0.2,0.344,0.544,163,85,-0.042,0.21,0.025,,-0.9,27,10,9.0,2,47,18,20,10,13,9,0,10,2,2,-0.459,-11.1
BAL/BAL201907131,"Saturday, July 13, 2019",1:07 p.m. Local,Oriole Park at Camden Yards,22596,3:02,Day,Home,Baltimore Orioles,BAL,Tampa Bay Rays,TBR,28,1,3,1,1.0,4,6,33,0.107,0.242,0.214,0.457,156,85,-0.573,1.31,0.403,,-3.9,24,8,8.0,1,52,15,18,8,14,8,0,68,2,0,0.074,2.4,31,2,7,2,2.25,0,13,31,0.226,0.226,0.323,0.548,149,111,-0.074,1.27,0.736,,-2.4,27,8,9.0,1,66,29,16,8,10,5,0,60,3,0,0.573,3.9
BAL/BAL201907132,"Saturday, July 13, 2019",7:06 p.m. Local,Oriole Park at Camden Yards,24810,3:02,Night,Away,Tampa Bay Rays,TBR,Baltimore Orioles,BAL,41,12,15,12,12.0,1,7,44,0.366,0.386,0.927,1.313,156,105,0.347,0.89,0.678,,7.1,27,9,9.0,1,77,13,15,14,21,9,0,57,1,0,0.153,0.9,37,4,10,4,4.0,2,10,39,0.27,0.308,0.405,0.713,158,101,-0.153,0.48,0.472,,-0.9,27,9,9.0,6,54,23,24,16,11,5,0,36,0,0,-0.348,-7.1
BAL/BAL201907140,"Sunday, July 14, 2019",1:07 p.m. Local,Oriole Park at Camden Yards,14082,2:45,Day,Away,Tampa Bay Rays,TBR,Baltimore Orioles,BAL,30,4,5,4,4.0,4,11,35,0.167,0.257,0.367,0.624,122,102,0.067,0.8,0.433,,-0.9,27,10,9.0,0,61,12,29,5,15,7,0,58,4,1,0.433,3.9,30,1,3,1,1.0,0,9,30,0.1,0.1,0.1,0.2,157,81,-0.433,0.62,0.114,,-3.9,27,6,9.0,2,39,20,22,12,9,6,0,49,2,0,-0.067,0.9
BAL/BAL201907160,"Tuesday, July 16, 2019",7:07 p.m. Local,Oriole Park at Camden Yards,23362,3:10,Night,Away,Washington Nationals,WSN,Baltimore Orioles,BAL,39,8,12,7,7.0,2,12,43,0.308,0.372,0.538,0.911,129,116,0.178,0.96,0.635,,3.1,27,12,9.0,1,66,24,26,8,19,4,0,63,0,0,0.322,3.9,30,1,4,1,1.0,3,6,35,0.133,0.257,0.267,0.524,190,82,-0.32,0.57,0.378,,-3.9,27,4,9.0,2,46,13,23,13,11,2,0,51,0,0,-0.179,-3.1
BAL/BAL201907170,"Wednesday, July 17, 2019",8:37 p.m. Local,Oriole Park at Camden Yards,20786,2:51,Night,Home,Baltimore Orioles,BAL,Washington Nationals,WSN,31,2,5,2,2.0,3,3,36,0.161,0.25,0.226,0.476,122,98,-0.223,1.07,0.424,,-2.9,24,14,8.0,2,58,13,27,14,15,8,0,60,6,3,-0.276,-4.6,33,9,15,9,10.12,2,3,37,0.455,0.459,0.667,1.126,158,72,0.276,1.01,0.879,,4.6,27,13,9.0,0,44,11,17,15,17,10,0,48,5,0,0.225,2.9
BAL/BAL201907190,"Friday, July 19, 2019",7:07 p.m. Local,Oriole Park at Camden Yards,18243,3:07,Night,Home,Baltimore Orioles,BAL,Boston Red Sox,BOS,34,2,7,2,2.0,2,6,36,0.206,0.25,0.294,0.544,159,96,-0.111,0.41,0.296,,-2.9,24,9,8.0,2,59,11,26,9,19,6,0,25,3,1,-0.39,-6.6,38,11,14,9,11.25,3,7,43,0.368,0.419,0.605,1.024,138,106,0.389,0.6,0.616,,6.6,27,7,9.0,1,62,21,23,19,13,5,0,55,0,0,0.11,2.9
BAL/BAL201907200,"Saturday, July 20, 2019",7:06 p.m. Local,Oriole Park at Camden Yards,21339,3:29,Night,Away,Boston Red Sox,BOS,Baltimore Orioles,BAL,44,17,17,17,9.0,5,7,50,0.386,0.46,0.841,1.301,173,116,0.776,0.39,0.944,,12.1,27,7,9.0,2,76,17,23,12,25,13,0,24,0,0,-0.276,-1.1,41,6,14,6,6.0,2,10,43,0.341,0.372,0.634,1.006,179,110,0.276,0.38,0.522,,1.1,27,10,9.0,5,59,20,31,12,19,11,0,21,4,2,-0.776,-12.1
BAL/BAL201907210,"Sunday, July 21, 2019",1:07 p.m. Local,Oriole Park at Camden Yards,18173,2:44,Day,Home,Baltimore Orioles,BAL,Boston Red Sox,BOS,27,0,1,0,0.0,3,12,31,0.037,0.161,0.074,0.235,133,82,-0.335,0.39,0.122,,-4.9,24,9,8.0,3,40,26,16,6,9,7,0,49,0,0,-0.165,-0.6,28,5,7,5,5.62,3,10,32,0.25,0.344,0.607,0.951,128,80,0.165,0.59,0.378,,0.6,27,8,9.0,0,42,16,22,9,9,5,0,84,1,0,0.335,4.9
ARI/ARI201907220,"Monday, July 22, 2019",6:40 p.m. Local,Chase Field,19192,2:55,Night,Home,Arizona Diamondbacks,ARI,Baltimore Orioles,BAL,35,3,9,3,3.0,1,12,37,0.257,0.278,0.429,0.706,142,94,-0.241,0.52,0.4,,-1.8,24,8,8.0,0,47,25,22,9,15,8,0,21,2,1,-0.259,-1.7,36,6,12,6,5.62,4,6,40,0.333,0.4,0.528,0.928,136,87,0.259,0.93,0.531,,1.7,27,8,9.0,2,56,13,18,14,16,7,0,53,0,0,0.241,1.8
ARI/ARI201907230,"Tuesday, July 23, 2019",6:40 p.m. Local,Chase Field,20253,2:57,Night,Away,Baltimore Orioles,BAL,Arizona Diamondbacks,ARI,35,7,9,7,7.0,2,15,37,0.257,0.297,0.514,0.812,134,103,0.415,0.79,0.593,,2.2,27,8,9.0,0,47,29,27,8,12,7,0,58,0,0,0.085,2.8,29,2,5,2,2.0,3,7,32,0.172,0.25,0.172,0.422,152,91,-0.084,0.41,0.361,,-2.8,27,7,9.0,3,52,17,22,11,11,5,0,17,1,0,-0.415,-2.2
ARI/ARI201907240,"Wednesday, July 24, 2019",12:40 p.m. Local,Chase Field,20452,3:24,Day,Home,Arizona Diamondbacks,ARI,Baltimore Orioles,BAL,34,2,7,2,2.0,4,12,39,0.206,0.308,0.412,0.719,174,96,-0.273,0.88,0.685,,-2.8,24,7,8.0,2,46,20,30,11,11,2,0,37,4,1,-0.227,-0.7,36,5,11,5,5.62,7,8,43,0.306,0.419,0.472,0.891,162,102,0.228,1.3,0.759,,0.7,27,11,9.0,2,62,19,21,11,17,8,0,63,2,0,0.273,2.8
ANA/ANA201907250,"Thursday, July 25, 2019",7:08 p.m. Local,Angel Stadium of Anaheim,36214,6:19,Night,Away,Baltimore Orioles,BAL,Los Angeles Angels,LAA,65,10,18,10,5.62,4,17,70,0.277,0.314,0.4,0.714,280,187,0.514,1.96,2.822,,1.3,48,17,16.0,1,106,43,38,20,29,13,0,49,7,3,-0.012,0.7,56,8,11,8,4.5,11,11,69,0.196,0.333,0.304,0.637,291,159,0.013,1.81,2.227,,-0.7,48,15,16.0,2,84,22,53,20,26,10,0,52,2,1,-0.513,-1.3
ANA/ANA201907260,"Friday, July 26, 2019",7:08 p.m. Local,Angel Stadium of Anaheim,38852,3:00,Night,Away,Baltimore Orioles,BAL,Los Angeles Angels,LAA,36,9,11,9,9.0,3,7,41,0.306,0.366,0.5,0.866,138,98,0.351,0.27,0.473,,4.1,27,5,9.0,2,52,17,29,11,19,6,0,68,0,0,0.15,1.9,32,3,5,3,3.0,2,9,34,0.156,0.206,0.469,0.675,156,88,-0.15,0.43,0.072,,-1.9,27,7,9.0,2,46,19,23,5,18,6,0,27,0,0,-0.352,-4.1
ANA/ANA201907270,"Saturday, July 27, 2019",6:07 p.m. Local,Angel Stadium of Anaheim,42289,3:24,Night,Away,Baltimore Orioles,BAL,Los Angeles Angels,LAA,38,8,14,8,5.0,3,9,42,0.368,0.429,0.579,1.008,162,107,0.532,1.77,1.24,,3.1,27,7,9.0,3,62,18,28,15,14,11,0,38,0,0,-0.031,-2.1,37,7,9,7,7.0,3,11,40,0.243,0.3,0.541,0.841,154,105,0.029,1.25,1.256,,2.1,27,17,9.0,2,58,23,24,11,15,3,0,34,1,0,-0.531,-3.1
ANA/ANA201907280,"Sunday, July 28, 2019",1:09 p.m. Local,Angel Stadium of Anaheim,35447,3:02,Day,Home,Los Angeles Angels,LAA,Baltimore Orioles,BAL,31,4,5,4,1.0,4,6,35,0.161,0.257,0.226,0.483,149,91,-0.18,1.17,0.74,,-0.9,25,9,8.1,3,60,12,19,10,15,7,0,38,0,0,-0.321,-0.4,33,5,9,5,5.4,2,3,35,0.273,0.314,0.576,0.89,140,93,0.319,1.35,1.105,,0.4,27,11,9.0,0,53,12,28,11,19,7,0,53,1,0,0.18,0.9
SDN/SDN201907290,"Monday, July 29, 2019",7:12 p.m. Local,Petco Park,34290,2:50,Night,Home,San Diego Padres,SDP,Baltimore Orioles,BAL,36,1,7,1,1.0,4,10,40,0.194,0.275,0.222,0.497,133,100,-0.212,0.31,0.326,,-3.5,24,7,8.0,5,52,18,30,10,16,9,0,39,2,0,-0.287,-4.0,34,8,10,8,9.0,2,10,38,0.294,0.368,0.794,1.163,160,87,0.287,0.71,0.471,,4.0,27,6,9.0,0,52,16,19,8,16,7,0,61,2,0,0.214,3.5
SDN/SDN201907300,"Tuesday, July 30, 2019",12:43 p.m. Local,Petco Park,30286,3:22,Day,Away,Baltimore Orioles,BAL,San Diego Padres,SDP,40,8,13,8,8.0,3,14,43,0.325,0.372,0.475,0.847,146,121,0.561,0.79,1.333,,3.5,27,5,9.0,2,61,27,33,9,17,11,0,36,0,0,-0.06,-0.5,37,5,10,5,4.0,2,12,39,0.27,0.308,0.486,0.794,171,97,0.062,1.21,0.567,,0.5,27,5,9.0,1,52,20,25,8,17,6,0,48,2,2,-0.561,-3.5
BAL/BAL201908010,"Thursday, August 1, 2019",7:08 p.m. Local,Oriole Park at Camden Yards,9716,3:17,Night,Away,Toronto Blue Jays,TOR,Baltimore Orioles,BAL,41,11,14,11,11.0,5,11,47,0.341,0.426,0.756,1.182,143,122,0.278,0.8,0.639,,6.1,27,10,9.0,1,79,11,32,8,22,9,0,60,0,0,0.222,2.9,33,2,8,2,2.0,0,5,35,0.242,0.286,0.333,0.619,182,95,-0.221,0.48,0.366,,-2.9,27,5,9.0,5,57,10,28,13,15,3,0,38,2,0,-0.277,-6.1
BAL/BAL201908020,"Friday, August 2, 2019",7:08 p.m. Local,Oriole Park at Camden Yards,16331,3:04,Night,Away,Toronto Blue Jays,TOR,Baltimore Orioles,BAL,34,5,8,5,5.0,4,6,38,0.235,0.316,0.471,0.786,152,96,0.106,1.09,0.483,,0.1,27,9,9.0,1,64,12,20,14,14,6,0,56,1,0,0.396,2.9,34,2,7,2,2.0,4,7,38,0.206,0.289,0.324,0.613,155,94,-0.395,0.55,0.443,,-2.9,27,14,9.0,2,59,11,24,14,13,4,0,46,3,0,-0.104,-0.1
BAL/BAL201908030,"Saturday, August 3, 2019",7:07 p.m. Local,Oriole Park at Camden Yards,12951,2:59,Night,Home,Baltimore Orioles,BAL,Toronto Blue Jays,TOR,35,4,12,4,4.0,1,11,37,0.343,0.361,0.6,0.961,137,106,-0.045,1.05,0.917,,-0.9,24,3,8.0,2,52,27,27,13,12,8,0,56,2,2,-0.455,-1.6,31,6,6,6,6.75,4,10,35,0.194,0.286,0.419,0.705,154,82,0.454,1.35,1.01,,1.6,27,12,9.0,2,45,13,24,3,18,7,0,56,3,1,0.046,0.9
BAL/BAL201908040,"Sunday, August 4, 2019",1:09 p.m. Local,Oriole Park at Camden Yards,18837,3:08,Day,Home,Baltimore Orioles,BAL,Toronto Blue Jays,TOR,39,5,13,5,5.0,4,9,43,0.333,0.395,0.59,0.985,153,99,-0.258,0.82,1.178,,0.1,24,7,8.0,0,59,18,22,12,18,7,0,42,3,0,-0.241,-1.6,29,6,6,5,3.38,9,5,38,0.207,0.395,0.276,0.671,158,87,0.242,1.7,0.649,,1.6,27,10,9.0,2,55,14,18,9,15,4,0,49,0,0,0.26,-0.1
BAL/BAL201908050,"Monday, August 5, 2019",7:07 p.m. Local,Oriole Park at Camden Yards,20151,3:14,Night,Away,New York Yankees,NYY,Baltimore Orioles,BAL,38,9,12,8,8.0,2,6,40,0.316,0.35,0.789,1.139,143,101,0.572,1.23,1.175,,4.1,27,10,9.0,2,66,15,20,14,18,8,0,30,1,1,-0.072,-1.1,36,6,12,6,6.0,3,10,40,0.333,0.375,0.722,1.097,148,95,0.074,0.86,1.0,,1.1,27,11,9.0,5,50,21,25,13,14,5,0,42,1,0,-0.573,-4.1
BAL/BAL201908060,"Tuesday, August 6, 2019",8:17 p.m. Local,Oriole Park at Camden Yards,17201,3:22,Night,Away,New York Yankees,NYY,Baltimore Orioles,BAL,37,9,11,9,9.0,7,6,44,0.297,0.409,0.892,1.301,156,99,0.391,1.02,0.944,,4.1,27,13,9.0,1,63,13,23,11,20,8,0,46,3,0,0.11,0.9,36,4,11,4,4.0,2,5,38,0.306,0.342,0.472,0.814,167,99,-0.109,0.75,0.672,,-0.9,27,6,9.0,6,66,14,19,15,16,8,0,32,1,0,-0.39,-4.1
BAL/BAL201908070,"Wednesday, August 7, 2019",7:06 p.m. Local,Oriole Park at Camden Yards,16299,3:08,Night,Away,New York Yankees,NYY,Baltimore Orioles,BAL,42,14,15,14,12.0,4,8,46,0.357,0.413,0.786,1.199,142,123,0.324,0.37,0.632,,9.1,27,7,9.0,1,77,18,28,11,23,10,0,66,2,0,0.175,2.9,33,2,6,2,2.0,2,8,35,0.182,0.229,0.303,0.532,194,95,-0.177,0.45,0.115,,-2.9,27,8,9.0,5,52,18,25,8,17,5,0,39,2,1,-0.325,-9.1
BAL/BAL201908090,"Friday, August 9, 2019",7:17 p.m. Local,Oriole Park at Camden Yards,19407,2:58,Night,Away,Houston Astros,HOU,Baltimore Orioles,BAL,35,3,8,3,3.0,2,9,37,0.229,0.27,0.371,0.642,157,96,-0.104,1.65,0.576,,-1.9,27,14,9.0,2,57,19,20,11,15,10,0,57,1,0,0.605,2.9,33,2,8,2,2.0,3,9,36,0.242,0.306,0.455,0.76,149,89,-0.605,0.92,0.66,,-2.9,27,11,9.0,0,44,26,21,13,11,8,0,59,1,0,0.105,1.9
BAL/BAL201908100,"Saturday, August 10, 2019",7:06 p.m. Local,Oriole Park at Camden Yards,21903,3:03,Night,Away,Houston Astros,HOU,Baltimore Orioles,BAL,50,23,25,21,23.0,2,4,52,0.5,0.519,1.0,1.519,145,113,0.49,0.41,0.577,,18.1,27,9,9.0,1,75,11,27,18,28,15,0,60,0,0,0.012,2.9,32,2,6,2,2.0,3,11,36,0.188,0.25,0.375,0.625,169,95,-0.01,0.18,0.192,,-2.9,27,15,9.0,6,55,20,20,12,10,4,0,8,2,1,-0.488,-18.1
BAL/BAL201908110,"Sunday, August 11, 2019",1:07 p.m. Local,Oriole Park at Camden Yards,17979,3:51,Day,Home,Baltimore Orioles,BAL,Houston Astros,HOU,37,7,11,6,7.0,4,10,43,0.297,0.395,0.459,0.855,191,113,0.581,1.34,1.536,,2.1,26,2,8.2,1,64,24,25,8,19,8,0,43,0,0,-1.081,-3.2,39,8,16,8,8.31,2,16,45,0.41,0.444,0.667,1.111,172,125,1.081,1.54,2.009,,3.2,27,6,9.0,1,66,28,31,9,16,6,0,54,3,0,-0.58,-2.1
NYA/NYA201908121,"Monday, August 12, 2019",1:07 p.m. Local,Yankee Stadium III,42843,2:50,Day,Home,New York Yankees,NYY,Baltimore Orioles,BAL,32,5,7,5,5.0,5,9,38,0.219,0.316,0.406,0.722,138,114,-0.131,0.39,0.447,,0.1,24,10,8.0,4,71,20,23,11,13,3,0,32,0,0,-0.368,-3.7,31,8,8,8,9.0,3,5,35,0.258,0.314,0.71,1.024,166,91,0.37,0.91,0.542,,3.7,27,9,9.0,2,51,16,24,11,16,5,0,55,3,1,0.131,-0.1
NYA/NYA201908122,"Monday, August 12, 2019",7:08 p.m. Local,Yankee Stadium III,40354,2:51,Night,Home,New York Yankees,NYY,Baltimore Orioles,BAL,35,8,9,8,8.0,3,7,38,0.257,0.316,0.486,0.802,154,102,-0.068,0.52,0.408,,3.1,24,9,8.0,3,66,13,23,15,13,5,0,23,4,4,-0.432,-6.7,35,11,12,10,11.25,6,7,41,0.343,0.439,0.657,1.096,150,90,0.43,0.61,0.705,,6.7,27,11,9.0,2,52,13,25,9,19,10,0,55,4,2,0.068,-3.1
NYA/NYA201908130,"Tuesday, August 13, 2019",7:08 p.m. Local,Yankee Stadium III,41284,2:38,Night,Home,New York Yankees,NYY,Baltimore Orioles,BAL,32,3,6,3,3.0,1,9,33,0.188,0.212,0.563,0.775,171,82,-0.156,0.4,0.197,,-1.9,24,7,8.0,1,43,25,14,6,17,6,0,20,1,1,-0.342,-3.7,37,8,15,8,9.0,5,3,42,0.405,0.476,0.622,1.098,125,104,0.343,0.47,0.584,,3.7,27,7,9.0,3,70,7,27,9,25,17,0,65,0,0,0.158,1.9
NYA/NYA201908140,"Wednesday, August 14, 2019",1:08 p.m. Local,Yankee Stadium III,43909,2:56,Day,Home,New York Yankees,NYY,Baltimore Orioles,BAL,36,5,10,5,5.0,5,11,41,0.278,0.366,0.361,0.727,128,105,-0.303,0.72,0.749,,0.1,24,13,8.0,1,65,18,22,9,16,9,0,37,2,2,-0.198,-1.7,31,6,7,6,6.75,3,6,34,0.226,0.294,0.355,0.649,167,78,0.198,1.37,0.561,,1.7,27,8,9.0,0,44,13,21,16,9,8,0,50,1,1,0.302,-0.1
BOS/BOS201908160,"Friday, August 16, 2019",7:10 p.m. Local,Fenway Park,37213,2:41,Night,Home,Boston Red Sox,BOS,Baltimore Orioles,BAL,31,1,5,1,1.0,3,5,34,0.161,0.235,0.194,0.429,131,76,-0.286,0.69,0.288,,-4.2,24,10,8.0,1,51,7,18,7,19,8,0,33,3,2,-0.214,-4.4,31,9,12,9,10.12,3,3,38,0.387,0.432,0.806,1.239,129,83,0.213,0.78,0.654,,4.4,27,7,9.0,0,51,9,23,10,21,11,0,60,0,0,0.288,4.2
BOS/BOS201908170,"Saturday, August 17, 2019",7:11 p.m. Local,Fenway Park,36744,3:11,Night,Home,Boston Red Sox,BOS,Baltimore Orioles,BAL,31,0,5,0,0.0,2,8,34,0.161,0.235,0.194,0.429,152,92,-0.495,0.8,0.283,,-5.2,24,9,8.0,2,56,15,21,14,9,2,0,46,2,0,-0.006,0.6,30,4,7,3,4.5,4,8,34,0.233,0.324,0.567,0.89,140,93,0.006,0.99,0.547,,-0.6,27,13,9.0,0,57,16,20,9,13,4,0,72,1,0,0.494,5.2
BOS/BOS201908180,"Sunday, August 18, 2019",1:07 p.m. Local,Fenway Park,36350,3:38,Day,Home,Boston Red Sox,BOS,Baltimore Orioles,BAL,34,7,9,7,6.0,5,10,41,0.265,0.366,0.412,0.778,173,100,0.183,0.81,0.558,,1.8,24,6,8.0,2,50,18,32,9,16,7,0,41,6,4,-0.683,-8.4,39,13,16,12,14.62,5,10,45,0.41,0.467,0.718,1.185,168,107,0.682,0.56,1.09,,8.4,27,6,9.0,1,62,17,28,9,21,11,0,28,0,0,-0.182,-1.8
BAL/BAL201908190,"Monday, August 19, 2019",7:07 p.m. Local,Oriole Park at Camden Yards,11659,3:05,Night,Away,Kansas City Royals,KCR,Baltimore Orioles,BAL,34,5,6,5,4.0,3,8,37,0.176,0.243,0.353,0.596,164,95,0.209,1.59,0.759,,0.1,27,13,9.0,2,58,12,25,9,17,5,0,59,2,0,0.289,0.9,31,4,7,4,4.0,5,7,38,0.226,0.368,0.484,0.852,144,99,-0.291,0.95,0.901,,-0.9,27,5,9.0,2,66,14,19,12,12,6,0,51,3,0,-0.211,-0.1
BAL/BAL201908200,"Tuesday, August 20, 2019",7:18 p.m. Local,Oriole Park at Camden Yards,11826,2:19,Night,Home,Baltimore Orioles,BAL,Kansas City Royals,KCR,30,1,6,1,1.0,2,10,33,0.2,0.242,0.2,0.442,121,83,-0.426,1.78,0.3,,-3.9,24,6,8.0,1,47,11,25,13,8,3,0,68,0,0,-0.073,0.4,30,4,7,4,4.5,4,4,34,0.233,0.324,0.333,0.657,116,72,0.073,1.0,1.023,,-0.4,27,9,9.0,0,46,7,19,10,16,6,0,68,0,0,0.427,3.9
BAL/BAL201908210,"Wednesday, August 21, 2019",7:07 p.m. Local,Oriole Park at Camden Yards,9872,2:52,Night,Home,Baltimore Orioles,BAL,Kansas City Royals,KCR,35,1,7,1,1.0,1,9,36,0.2,0.222,0.286,0.508,162,101,-0.244,0.45,0.204,,-3.9,24,11,8.0,4,60,15,26,14,12,5,0,31,0,0,-0.256,-3.6,32,8,12,8,9.0,5,5,39,0.375,0.474,0.813,1.286,154,107,0.256,0.6,0.579,,3.6,27,9,9.0,1,65,19,23,13,15,3,0,52,0,0,0.244,3.9
BAL/BAL201908220,"Thursday, August 22, 2019",7:07 p.m. Local,Oriole Park at Camden Yards,8153,3:29,Night,Away,Tampa Bay Rays,TBR,Baltimore Orioles,BAL,35,5,8,4,5.0,5,6,41,0.229,0.341,0.457,0.799,156,106,0.13,1.51,0.744,,0.1,27,7,9.0,0,61,15,30,13,16,6,0,56,5,0,0.373,2.9,33,2,5,1,1.0,2,8,37,0.152,0.243,0.212,0.455,184,99,-0.371,0.91,0.69,,-2.9,27,10,9.0,2,59,19,21,10,15,3,0,50,0,0,-0.129,-0.1
BAL/BAL201908230,"Friday, August 23, 2019",7:07 p.m. Local,Oriole Park at Camden Yards,14762,2:25,Night,Away,Tampa Bay Rays,TBR,Baltimore Orioles,BAL,35,7,11,7,7.0,3,8,38,0.314,0.368,0.514,0.883,125,88,0.362,0.35,0.566,,2.1,27,10,9.0,1,47,11,30,13,14,10,0,72,0,0,0.139,3.9,31,1,5,1,1.0,1,5,33,0.161,0.212,0.323,0.535,150,83,-0.138,0.42,0.141,,-3.9,27,11,9.0,1,57,7,19,10,16,6,0,16,0,0,-0.361,-2.1
BAL/BAL201908240,"Saturday, August 24, 2019",7:06 p.m. Local,Oriole Park at Camden Yards,11409,2:38,Night,Home,Baltimore Orioles,BAL,Tampa Bay Rays,TBR,34,1,6,1,1.0,0,9,34,0.176,0.176,0.324,0.5,135,91,-0.227,0.62,0.112,,-3.9,24,9,8.0,3,52,18,21,6,19,6,0,42,3,0,-0.273,-2.6,30,7,7,6,7.88,4,7,35,0.233,0.343,0.533,0.876,128,85,0.273,0.43,0.56,,2.6,27,4,9.0,1,46,10,29,11,12,2,0,70,0,0,0.226,3.9
BAL/BAL201908250,"Sunday, August 25, 2019",1:07 p.m. Local,Oriole Park at Camden Yards,13287,2:54,Day,Home,Baltimore Orioles,BAL,Tampa Bay Rays,TBR,33,3,10,3,2.0,2,7,36,0.303,0.333,0.364,0.697,154,89,-0.184,0.45,0.473,,-1.9,24,7,8.0,2,55,12,22,15,12,8,0,48,0,0,-0.315,-3.6,38,8,16,8,9.0,2,8,41,0.421,0.439,0.658,1.097,133,110,0.317,0.88,0.568,,3.6,27,14,9.0,0,75,13,22,14,17,12,0,41,0,0,0.185,1.9
WAS/WAS201908270,"Tuesday, August 27, 2019",7:06 p.m. Local,Nationals Park,24946,2:52,Night,Away,Baltimore Orioles,BAL,Washington Nationals,WSN,30,2,5,2,2.0,0,10,32,0.167,0.188,0.2,0.388,160,84,-0.175,1.42,0.275,,-3.1,27,10,9.0,0,48,15,21,9,12,8,0,73,1,0,0.674,5.1,31,0,4,0,0.0,3,11,35,0.129,0.229,0.194,0.422,126,101,-0.675,0.7,0.36,,-5.1,27,7,9.0,0,56,16,29,13,7,2,0,70,0,0,0.175,3.1
WAS/WAS201908280,"Wednesday, August 28, 2019",7:05 p.m. Local,Nationals Park,25174,3:12,Night,Home,Washington Nationals,WSN,Baltimore Orioles,BAL,35,4,9,4,4.0,2,13,37,0.257,0.297,0.457,0.754,136,110,-0.155,0.37,0.306,,-1.1,24,11,8.0,1,60,22,28,12,10,4,0,33,1,0,-0.344,-3.5,35,8,13,8,9.0,1,4,38,0.371,0.405,0.6,1.005,170,88,0.347,0.58,0.516,,3.5,27,9,9.0,2,56,12,20,16,16,10,0,50,2,0,0.154,1.1
KCA/KCA201908300,"Friday, August 30, 2019",7:16 p.m. Local,Kauffman Stadium,16287,3:07,Night,Away,Baltimore Orioles,BAL,Kansas City Royals,KCR,43,14,21,13,14.0,5,3,51,0.488,0.529,0.651,1.181,111,130,0.427,0.52,0.738,,9.0,27,6,9.0,1,89,21,20,19,23,11,0,63,0,0,0.075,3.0,33,2,6,2,2.0,1,6,34,0.182,0.206,0.364,0.57,202,74,-0.077,0.47,0.279,,-3.0,27,16,9.0,1,44,11,19,7,20,8,0,18,2,0,-0.425,-9.0
KCA/KCA201908310,"Saturday, August 31, 2019",6:15 p.m. Local,Kauffman Stadium,18385,2:54,Night,Home,Kansas City Royals,KCR,Baltimore Orioles,BAL,31,5,5,5,5.0,3,9,35,0.161,0.257,0.452,0.709,142,85,-0.029,1.38,0.653,,-0.0,24,4,8.0,2,44,17,24,13,9,2,0,50,3,2,-0.473,-2.5,31,7,8,7,4.5,5,9,40,0.258,0.333,0.452,0.785,149,99,0.473,0.93,1.155,,2.5,27,11,9.0,3,63,17,19,11,15,4,0,44,3,2,0.027,0.0
KCA/KCA201909010,"Sunday, September 1, 2019",1:15 p.m. Local,Kauffman Stadium,18208,2:45,Day,Home,Kansas City Royals,KCR,Baltimore Orioles,BAL,34,4,8,4,3.0,1,5,36,0.235,0.25,0.294,0.544,137,88,-0.175,1.23,0.787,,-1.0,24,8,8.0,1,59,14,15,18,12,7,0,38,4,2,-0.326,-1.5,34,6,11,6,6.75,5,4,39,0.324,0.41,0.471,0.881,120,79,0.327,1.36,1.044,,1.5,27,11,9.0,0,49,14,16,13,17,7,0,47,1,0,0.174,1.0
TBA/TBA201909020,"Monday, September 2, 2019",1:10 p.m. Local,Tropicana Field,10566,3:16,Day,Home,Tampa Bay Rays,TBR,Baltimore Orioles,BAL,38,4,10,4,3.6,0,6,38,0.263,0.263,0.368,0.632,151,107,-0.432,1.28,0.606,,-1.4,29,9,9.2,1,68,15,24,15,17,8,0,55,1,0,-0.068,0.1,35,5,6,5,4.66,2,10,39,0.171,0.256,0.286,0.542,149,94,0.067,1.24,0.95,,-0.1,30,13,10.0,1,50,17,27,13,12,3,0,42,0,0,0.432,1.4
TBA/TBA201909031,"Tuesday, September 3, 2019",3:10 p.m. Local,Tropicana Field,,2:41,Day,Away,Baltimore Orioles,BAL,Tampa Bay Rays,TBR,36,4,11,4,4.0,0,8,36,0.306,0.306,0.5,0.806,143,95,0.012,1.5,0.753,,-0.8,27,10,9.0,1,61,16,18,8,20,10,0,53,1,0,0.489,2.8,30,2,5,2,2.0,4,7,34,0.167,0.265,0.267,0.531,139,89,-0.49,0.97,0.612,,-2.8,27,7,9.0,2,54,14,21,9,14,7,0,53,0,0,-0.011,0.8
TBA/TBA201909032,"Tuesday, September 3, 2019",6:32 p.m. Local,Tropicana Field,6844,2:27,Night,Home,Tampa Bay Rays,TBR,Baltimore Orioles,BAL,30,0,5,0,0.0,0,13,30,0.167,0.167,0.2,0.367,93,89,-0.629,0.71,0.227,,-4.8,24,16,8.0,1,42,28,19,10,7,4,0,55,3,0,0.129,2.3,29,2,7,2,2.25,1,2,31,0.241,0.29,0.414,0.704,120,62,-0.129,1.21,0.346,,-2.3,27,10,9.0,0,39,7,16,20,7,2,0,51,0,0,0.629,4.8
BAL/BAL201909050,"Thursday, September 5, 2019",7:09 p.m. Local,Oriole Park at Camden Yards,8209,2:35,Night,Away,Texas Rangers,TEX,Baltimore Orioles,BAL,32,3,5,3,3.0,2,6,36,0.156,0.25,0.281,0.531,124,80,-0.045,1.85,0.63,,-1.9,27,15,9.0,0,46,12,22,9,17,6,0,53,2,0,0.546,3.9,33,1,10,1,1.0,3,3,37,0.303,0.351,0.394,0.745,132,78,-0.546,0.97,0.84,,-3.9,27,6,9.0,1,47,10,21,14,17,9,0,62,3,1,0.046,1.9
BAL/BAL201909060,"Friday, September 6, 2019",7:06 p.m. Local,Oriole Park at Camden Yards,10596,3:03,Night,Away,Texas Rangers,TEX,Baltimore Orioles,BAL,35,7,12,7,7.0,4,8,39,0.343,0.41,0.6,1.01,127,108,0.353,1.87,1.244,,2.1,27,13,9.0,3,63,23,22,16,11,6,0,30,0,0,0.147,-1.1,35,6,10,6,6.0,3,2,39,0.286,0.342,0.571,0.914,159,77,-0.149,1.26,1.242,,1.1,27,15,9.0,2,55,4,18,17,17,5,0,39,6,3,-0.354,-2.1
BAL/BAL201909070,"Saturday, September 7, 2019",7:07 p.m. Local,Oriole Park at Camden Yards,11796,3:11,Night,Away,Texas Rangers,TEX,Baltimore Orioles,BAL,38,9,12,7,8.0,1,9,41,0.316,0.366,0.474,0.84,153,101,0.416,0.7,0.651,,4.1,27,4,9.0,1,61,17,23,13,16,12,0,47,2,0,0.083,0.9,34,4,6,3,2.0,4,13,39,0.176,0.256,0.294,0.551,143,95,-0.086,0.47,0.398,,-0.9,27,8,9.0,1,48,22,25,9,13,5,0,22,2,0,-0.415,-4.1
BAL/BAL201909080,"Sunday, September 8, 2019",1:06 p.m. Local,Oriole Park at Camden Yards,16142,3:20,Day,Away,Texas Rangers,TEX,Baltimore Orioles,BAL,44,10,20,10,10.0,5,8,52,0.455,0.519,0.636,1.156,133,132,0.385,0.38,0.685,,5.1,27,10,9.0,1,83,13,36,14,23,16,0,64,3,1,0.115,0.9,33,4,7,4,4.0,4,4,37,0.212,0.297,0.333,0.631,219,89,-0.116,0.51,0.223,,-0.9,27,8,9.0,2,59,14,16,11,18,7,0,29,2,1,-0.385,-5.1
BAL/BAL201909100,"Tuesday, September 10, 2019",7:06 p.m. Local,Oriole Park at Camden Yards,12356,2:46,Night,Away,Los Angeles Dodgers,LAD,Baltimore Orioles,BAL,38,7,13,7,7.0,4,8,44,0.342,0.432,0.658,1.09,135,94,0.331,0.35,0.525,,2.1,27,4,9.0,1,58,13,23,10,20,9,0,80,0,0,0.17,1.9,34,3,7,2,2.0,1,13,35,0.206,0.229,0.294,0.523,151,96,-0.171,0.35,0.09,,-1.9,27,10,9.0,3,52,26,18,7,14,5,0,17,1,0,-0.33,-2.1
BAL/BAL201909110,"Wednesday, September 11, 2019",7:06 p.m. Local,Oriole Park at Camden Yards,11438,2:59,Night,Home,Baltimore Orioles,BAL,Los Angeles Dodgers,LAD,32,3,6,3,3.0,2,8,34,0.188,0.235,0.313,0.548,142,86,-0.195,1.0,0.463,,-1.9,24,9,8.0,2,56,11,19,6,18,8,0,51,0,0,-0.304,-2.6,33,7,9,7,6.75,3,9,36,0.273,0.333,0.545,0.879,141,84,0.305,0.92,0.858,,2.6,27,5,9.0,1,45,18,21,12,12,6,0,62,1,0,0.196,1.9
BAL/BAL201909120,"Thursday, September 12, 2019",7:17 p.m. Local,Oriole Park at Camden Yards,12746,3:09,Night,Away,Los Angeles Dodgers,LAD,Baltimore Orioles,BAL,34,4,6,2,2.0,2,8,37,0.176,0.243,0.235,0.479,148,90,0.099,1.23,0.823,,-0.9,27,9,9.0,1,53,16,21,10,16,4,0,48,3,0,0.401,2.9,28,2,2,2,2.0,5,10,35,0.071,0.257,0.179,0.436,134,84,-0.401,1.19,0.49,,-2.9,27,8,9.0,0,47,16,21,10,8,1,0,49,2,0,-0.099,0.9
DET/DET201909130,"Friday, September 13, 2019",7:10 p.m. Local,Comerica Park,14722,3:02,Night,Away,Baltimore Orioles,BAL,Detroit Tigers,DET,34,6,10,6,6.0,5,5,39,0.294,0.385,0.529,0.914,143,93,0.207,0.9,0.576,,0.9,27,9,9.0,0,60,9,24,17,12,7,0,43,1,1,0.294,3.1,35,2,10,2,2.0,4,6,39,0.286,0.359,0.343,0.702,161,87,-0.294,0.63,0.406,,-3.1,27,14,9.0,2,51,12,24,13,16,10,0,38,0,0,-0.206,-0.9
DET/DET201909140,"Saturday, September 14, 2019",6:10 p.m. Local,Comerica Park,17760,4:07,Night,Home,Detroit Tigers,DET,Baltimore Orioles,BAL,42,4,10,4,3.0,3,12,46,0.238,0.304,0.333,0.638,179,121,0.011,1.89,1.328,,-2.8,34,13,11.1,3,64,24,33,15,15,8,0,40,7,3,-0.512,-1.5,43,8,13,8,6.35,8,9,52,0.302,0.412,0.558,0.97,181,113,0.513,1.51,2.087,,1.5,36,13,12.0,1,64,23,26,15,20,10,0,60,3,1,-0.011,2.8
DET/DET201909150,"Sunday, September 15, 2019",1:10 p.m. Local,Comerica Park,15688,3:11,Day,Away,Baltimore Orioles,BAL,Detroit Tigers,DET,38,8,12,8,8.0,5,8,44,0.316,0.409,0.447,0.856,155,96,0.303,0.81,0.824,,2.9,27,6,9.0,0,54,16,26,11,19,13,0,45,0,0,0.195,3.1,39,2,12,2,2.0,1,10,40,0.308,0.325,0.359,0.684,161,104,-0.195,0.77,0.434,,-3.1,27,8,9.0,1,57,14,33,9,20,8,0,36,5,1,-0.306,-2.9
DET/DET201909160,"Monday, September 16, 2019",4:10 p.m. Local,Comerica Park,14142,2:35,Day,Home,Detroit Tigers,DET,Baltimore Orioles,BAL,36,2,9,2,2.0,1,9,38,0.25,0.289,0.417,0.706,109,110,-0.367,0.54,0.377,,-3.1,24,12,8.0,1,73,14,23,8,19,7,0,38,2,0,-0.134,-0.5,29,5,7,5,5.62,3,5,34,0.241,0.324,0.448,0.772,153,70,0.133,0.93,0.415,,0.5,27,6,9.0,1,37,9,24,9,16,7,0,63,2,0,0.369,3.1
BAL/BAL201909170,"Tuesday, September 17, 2019",7:09 p.m. Local,Oriole Park at Camden Yards,9280,3:27,Night,Away,Toronto Blue Jays,TOR,Baltimore Orioles,BAL,37,8,12,7,7.0,3,12,41,0.324,0.366,0.649,1.015,159,106,0.475,1.18,1.22,,3.1,27,7,9.0,2,63,23,21,9,17,2,0,40,3,0,0.024,-0.1,33,5,8,5,5.0,4,6,39,0.242,0.316,0.515,0.831,173,98,-0.025,1.12,0.704,,0.1,27,6,9.0,3,56,15,27,8,21,8,0,45,2,1,-0.475,-3.1
BAL/BAL201909180,"Wednesday, September 18, 2019",7:09 p.m. Local,Oriole Park at Camden Yards,9066,4:08,Night,Away,Toronto Blue Jays,TOR,Baltimore Orioles,BAL,42,11,15,11,10.0,9,13,51,0.357,0.471,0.548,1.018,192,119,0.793,1.23,1.574,,6.1,27,6,9.0,2,63,24,32,14,15,7,0,17,0,0,-0.292,-5.1,42,10,16,10,9.0,2,8,47,0.381,0.404,0.69,1.095,201,120,0.292,1.04,1.215,,5.1,27,9,9.0,2,68,22,30,16,20,10,0,56,5,1,-0.792,-6.1
BAL/BAL201909190,"Thursday, September 19, 2019",7:10 p.m. Local,Oriole Park at Camden Yards,10148,2:53,Night,Away,Toronto Blue Jays,TOR,Baltimore Orioles,BAL,35,8,10,8,8.0,3,6,39,0.286,0.359,0.543,0.902,146,87,0.357,0.82,1.048,,3.1,27,10,9.0,1,47,16,24,10,19,5,0,55,0,0,0.143,0.9,36,4,8,4,4.0,3,8,40,0.222,0.3,0.361,0.661,143,98,-0.143,1.18,0.424,,-0.9,27,8,9.0,2,55,21,22,14,14,7,0,50,4,3,-0.357,-3.1
BAL/BAL201909200,"Friday, September 20, 2019",7:06 p.m. Local,Oriole Park at Camden Yards,11714,2:27,Night,Home,Baltimore Orioles,BAL,Seattle Mariners,SEA,32,3,4,3,3.0,1,5,33,0.125,0.152,0.25,0.402,145,73,-0.293,0.69,0.336,,-1.9,24,9,8.0,2,47,4,22,16,11,3,0,32,0,0,-0.205,-0.6,31,5,8,5,5.62,4,7,35,0.258,0.343,0.484,0.827,113,86,0.204,0.93,0.596,,0.6,27,11,9.0,1,53,10,23,11,13,5,0,43,0,0,0.295,1.9
BAL/BAL201909210,"Saturday, September 21, 2019",7:09 p.m. Local,Oriole Park at Camden Yards,22556,4:42,Night,Away,Seattle Mariners,SEA,Baltimore Orioles,BAL,50,7,11,6,3.46,4,10,55,0.22,0.291,0.36,0.651,188,137,0.117,1.68,2.024,,-0.1,39,16,13.0,1,83,20,34,19,21,7,0,41,4,0,0.386,1.1,45,6,8,6,4.15,2,11,52,0.178,0.26,0.311,0.571,226,123,-0.382,1.9,1.362,,-1.1,39,13,13.0,2,70,25,27,18,17,8,0,43,3,1,-0.116,0.1
BAL/BAL201909220,"Sunday, September 22, 2019",1:08 p.m. Local,Oriole Park at Camden Yards,17540,2:11,Day,Home,Baltimore Orioles,BAL,Seattle Mariners,SEA,32,1,7,1,1.0,1,5,33,0.219,0.242,0.375,0.617,98,74,-0.662,0.95,0.401,,-3.9,24,11,8.0,1,41,12,21,13,14,7,0,65,0,0,0.162,2.4,28,2,3,2,2.25,2,4,30,0.107,0.167,0.25,0.417,122,70,-0.162,1.32,0.456,,-2.4,27,13,9.0,0,48,3,19,12,12,3,0,62,0,0,0.661,3.9
TOR/TOR201909230,"Monday, September 23, 2019",7:08 p.m. Local,Rogers Centre,13193,5:21,Night,Home,Toronto Blue Jays,TOR,Baltimore Orioles,BAL,59,10,16,10,6.0,6,11,66,0.271,0.348,0.559,0.908,271,180,0.165,2.19,1.889,,2.0,44,13,14.2,5,106,28,46,25,23,10,0,24,1,0,-0.664,-3.1,52,11,13,11,6.14,6,7,64,0.25,0.359,0.538,0.898,259,158,0.663,1.42,2.916,,3.1,45,19,15.0,5,108,19,31,14,33,10,0,27,3,1,-0.164,-2.0
TOR/TOR201909240,"Tuesday, September 24, 2019",7:07 p.m. Local,Rogers Centre,12625,3:12,Night,Away,Baltimore Orioles,BAL,Toronto Blue Jays,TOR,42,11,15,11,11.0,4,11,47,0.357,0.426,0.643,1.068,127,121,0.339,0.36,0.582,,6.2,27,7,9.0,1,65,26,30,9,22,12,0,67,0,0,0.162,0.8,33,4,6,4,4.0,2,10,36,0.182,0.25,0.333,0.583,184,79,-0.162,0.36,0.135,,-0.8,27,7,9.0,3,33,21,25,11,12,2,0,33,4,1,-0.339,-6.2
TOR/TOR201909250,"Wednesday, September 25, 2019",7:08 p.m. Local,Rogers Centre,13853,2:54,Night,Home,Toronto Blue Jays,TOR,Baltimore Orioles,BAL,32,2,7,2,2.0,5,11,38,0.219,0.342,0.219,0.561,155,83,-0.513,0.59,0.588,,-2.8,24,10,8.0,3,44,19,20,7,14,9,0,49,0,0,0.013,1.3,28,3,5,3,3.38,4,9,32,0.179,0.281,0.5,0.781,147,95,-0.014,1.62,0.346,,-1.3,27,6,9.0,0,46,17,32,9,10,5,0,67,3,1,0.513,2.8
BOS/BOS201909270,"Friday, September 27, 2019",7:10 p.m. Local,Fenway Park,34533,3:02,Night,Away,Baltimore Orioles,BAL,Boston Red Sox,BOS,33,4,6,4,4.0,9,6,42,0.182,0.357,0.333,0.69,140,99,0.011,0.87,0.532,,-1.2,27,10,9.0,0,60,17,22,12,15,7,0,69,0,0,0.489,4.2,30,1,6,1,1.0,1,12,32,0.2,0.25,0.3,0.55,180,89,-0.492,0.67,0.21,,-4.2,27,11,9.0,1,53,18,18,9,9,6,0,48,0,0,-0.011,1.2
BOS/BOS201909280,"Saturday, September 28, 2019",1:06 p.m. Local,Fenway Park,36414,3:37,Day,Away,Baltimore Orioles,BAL,Boston Red Sox,BOS,37,9,12,9,9.0,4,10,42,0.324,0.39,0.73,1.12,172,111,0.377,1.01,0.799,,3.8,27,12,9.0,2,56,24,33,11,17,6,0,48,3,0,0.125,1.2,35,4,9,4,4.0,5,7,40,0.257,0.35,0.429,0.779,189,108,-0.124,0.63,0.684,,-1.2,27,11,9.0,4,64,19,25,12,16,7,0,34,1,0,-0.375,-3.8
BOS/BOS201909290,"Sunday, September 29, 2019",3:07 p.m. Local,Fenway Park,35427,3:22,Day,Home,Boston Red Sox,BOS,Baltimore Orioles,BAL,34,4,6,4,3.0,2,13,36,0.176,0.222,0.206,0.428,144,104,-0.173,1.66,0.783,,-1.2,24,8,8.0,0,52,32,20,10,11,4,0,52,5,1,-0.327,-0.8,34,5,12,3,4.5,3,7,38,0.353,0.421,0.441,0.862,164,97,0.329,1.52,1.553,,0.8,27,7,9.0,0,57,18,22,10,17,11,0,63,0,0,0.173,1.2
