,date,time,venue,attendance,duration,time_of_day,winner,winning_name,winning_abbr,losing_name,losing_abbr,away_at_bats,away_runs,away_hits,away_rbi,away_earned_runs,away_bases_on_balls,away_strikeouts,away_plate_appearances,away_batting_average,away_on_base_percentage,away_slugging_percentage,away_on_base_plus,away_pitches,away_strikes,away_win_probability_for_offensive_player,away_average_leverage_index,away_win_probability_added,away_win_probability_subtracted,away_base_out_runs_added,away_putouts,away_assists,away_innings_pitched,away_home_runs,away_strikes_by_contact,away_strikes_swinging,away_strikes_looking,away_grounded_balls,away_fly_balls,away_line_drives,away_unknown_bat_type,away_game_score,away_inherited_runners,away_inherited_score,away_win_probability_by_pitcher,away_base_out_runs_saved,home_at_bats,home_runs,home_hits,home_rbi,home_earned_runs,home_bases_on_balls,home_strikeouts,home_plate_appearances,home_batting_average,home_on_base_percentage,home_slugging_percentage,home_on_base_plus,home_pitches,home_strikes,home_win_probability_for_offensive_player,home_average_leverage_index,home_win_probability_added,home_win_probability_subtracted,home_base_out_runs_added,home_putouts,home_assists,home_innings_pitched,home_home_runs,home_strikes_by_contact,home_strikes_swinging,home_strikes_looking,home_grounded_balls,home_fly_balls,home_line_drives,home_unknown_bat_type,home_game_score,home_inherited_runners,home_inherited_score,home_win_probability_by_pitcher,home_base_out_runs_saved
MIN/MIN201903280,"Thursday, March 28, 2019",3:17 p.m. Local,Target Field,39519,2:18,Day,Home,Minnesota Twins,MIN,Cleveland Indians,CLE,29,0,2,0,0.0,1,13,30,0.069,0.1,0.103,0.203,92,77,-0.626,0.99,0.105,,-5.0,24,4,8.0,0,37,19,21,5,11,2,0,65,2,0,0.125,2.4,28,2,4,2,2.25,1,6,31,0.143,0.226,0.214,0.44,111,64,-0.123,1.0,0.445,,-2.4,27,4,9.0,0,31,17,16,5,17,5,0,84,1,0,0.625,5.0
MIN/MIN201903300,"Saturday, March 30, 2019",1:12 p.m. Local,Target Field,15271,3:00,Day,Away,Cleveland Indians,CLE,Minnesota Twins,MIN,30,2,4,2,2.0,3,13,34,0.133,0.206,0.233,0.439,136,86,-0.165,2.08,0.641,,-3.0,27,5,9.0,0,45,18,23,8,10,1,0,79,0,0,0.667,4.0,28,1,2,1,1.0,3,10,32,0.071,0.188,0.179,0.366,141,87,-0.668,1.47,0.598,,-4.0,27,5,9.0,1,42,21,24,4,14,3,0,75,1,0,0.167,3.0
MIN/MIN201903310,"Sunday, March 31, 2019",1:13 p.m. Local,Target Field,15613,2:39,Day,Home,Minnesota Twins,MIN,Cleveland Indians,CLE,31,3,6,3,3.0,6,13,37,0.194,0.324,0.226,0.55,109,97,-0.284,0.53,0.136,,-2.0,24,11,8.0,1,48,20,29,9,9,4,0,22,1,1,-0.215,-4.6,35,9,15,7,9.0,2,7,39,0.429,0.462,0.686,1.147,155,75,0.214,0.48,0.571,,4.6,27,6,9.0,0,45,16,14,8,21,11,0,64,1,0,0.285,2.0
CLE/CLE201904010,"Monday, April 1, 2019",4:10 p.m. Local,Progressive Field,34519,3:02,Day,Home,Cleveland Indians,CLE,Chicago White Sox,CHW,30,3,3,3,2.0,4,14,36,0.1,0.229,0.233,0.462,127,87,-0.019,1.56,0.83,,-2.2,24,11,8.0,0,39,22,26,7,10,5,0,64,5,3,-0.481,-0.4,32,5,8,4,4.5,5,6,37,0.25,0.351,0.344,0.695,148,75,0.483,1.33,1.212,,0.4,27,6,9.0,1,48,12,15,12,14,10,0,84,2,2,0.019,2.2
CLE/CLE201904030,"Wednesday, April 3, 2019",1:11 p.m. Local,Progressive Field,10689,3:01,Day,Away,Chicago White Sox,CHW,Cleveland Indians,CLE,40,8,13,8,6.0,4,10,44,0.325,0.386,0.475,0.861,147,103,0.296,0.63,0.614,,2.8,27,11,9.0,1,59,19,25,16,14,5,0,74,0,0,0.205,2.2,34,3,5,3,2.0,1,13,35,0.147,0.171,0.235,0.407,159,93,-0.206,0.62,0.234,,-2.2,27,11,9.0,1,42,22,29,13,8,3,0,25,1,0,-0.297,-2.8
CLE/CLE201904040,"Thursday, April 4, 2019",6:11 p.m. Local,Progressive Field,10375,3:06,Night,Home,Cleveland Indians,CLE,Toronto Blue Jays,TOR,30,1,3,1,1.0,8,13,40,0.1,0.325,0.133,0.458,133,103,-0.486,0.76,0.499,,-4.2,24,6,8.0,0,44,24,35,8,9,5,0,57,3,0,-0.013,0.6,28,4,7,4,3.38,5,7,36,0.25,0.343,0.286,0.629,166,80,0.014,1.19,0.385,,-0.6,27,6,9.0,0,49,15,17,11,13,4,0,79,3,0,0.486,4.2
CLE/CLE201904050,"Friday, April 5, 2019",7:10 p.m. Local,Progressive Field,12881,2:42,Night,Home,Cleveland Indians,CLE,Toronto Blue Jays,TOR,30,2,3,2,2.0,3,14,33,0.1,0.182,0.233,0.415,131,90,-0.472,1.27,0.456,,-3.2,25,9,8.1,2,40,25,25,7,9,3,0,60,1,0,-0.029,1.9,28,3,4,3,3.24,3,10,31,0.143,0.226,0.393,0.619,139,75,0.028,1.3,0.863,,-1.9,27,5,9.0,1,41,17,17,7,11,5,0,67,0,0,0.471,3.2
CLE/CLE201904060,"Saturday, April 6, 2019",4:11 p.m. Local,Progressive Field,18429,3:20,Day,Home,Cleveland Indians,CLE,Toronto Blue Jays,TOR,37,2,10,2,2.0,1,14,39,0.27,0.308,0.459,0.767,162,106,-0.205,0.7,0.364,,-3.2,24,5,8.0,0,53,17,36,7,16,8,0,36,4,1,-0.295,-2.4,33,7,8,5,6.75,6,13,39,0.242,0.359,0.333,0.692,158,99,0.296,0.7,0.652,,2.4,27,7,9.0,1,54,20,25,11,9,5,0,58,1,0,0.206,3.2
CLE/CLE201904070,"Sunday, April 7, 2019",1:11 p.m. Local,Progressive Field,17264,2:36,Day,Home,Cleveland Indians,CLE,Toronto Blue Jays,TOR,29,1,3,1,1.0,2,16,31,0.103,0.161,0.172,0.334,122,90,-0.491,0.55,0.377,,-4.2,24,6,8.0,0,38,29,23,6,7,2,0,53,0,0,-0.009,1.6,30,3,6,3,3.38,1,9,31,0.2,0.226,0.3,0.526,124,80,0.01,1.09,0.328,,-1.6,27,6,9.0,0,43,15,22,11,10,3,0,74,4,1,0.491,4.2
DET/DET201904090,"Tuesday, April 9, 2019",1:10 p.m. Local,Comerica Park,12114,2:32,Day,Away,Cleveland Indians,CLE,Detroit Tigers,DET,32,8,8,7,6.0,4,8,37,0.25,0.324,0.688,1.012,129,85,0.307,0.97,0.587,,2.9,27,10,9.0,0,43,13,29,8,17,8,0,59,0,0,0.194,3.1,36,2,8,2,1.0,1,8,37,0.222,0.243,0.306,0.549,143,82,-0.194,0.44,0.532,,-3.1,27,7,9.0,4,45,14,23,10,18,8,0,39,0,0,-0.306,-2.9
DET/DET201904100,"Wednesday, April 10, 2019",1:10 p.m. Local,Comerica Park,11128,3:14,Day,Home,Detroit Tigers,DET,Cleveland Indians,CLE,31,1,5,1,1.0,5,9,37,0.161,0.297,0.258,0.555,168,92,-0.39,0.55,0.511,,-4.1,24,2,8.0,2,43,19,30,9,13,4,0,39,1,0,-0.112,0.5,36,4,12,4,4.5,2,13,38,0.333,0.368,0.556,0.924,151,111,0.112,1.16,0.502,,-0.5,27,9,9.0,0,62,21,28,6,17,10,0,64,4,0,0.39,4.1
DET/DET201904110,"Thursday, April 11, 2019",1:10 p.m. Local,Comerica Park,13910,2:47,Day,Away,Cleveland Indians,CLE,Detroit Tigers,DET,35,4,11,4,4.0,6,8,41,0.314,0.415,0.457,0.872,118,105,0.058,0.87,0.469,,-1.1,27,12,9.0,0,61,18,27,6,21,8,0,76,0,0,0.442,5.1,31,0,3,0,0.0,1,7,32,0.097,0.125,0.097,0.222,180,81,-0.442,0.64,0.196,,-5.1,27,7,9.0,1,44,14,23,11,13,7,0,37,0,0,-0.058,1.1
KCA/KCA201904120,"Friday, April 12, 2019",7:15 p.m. Local,Kauffman Stadium,11950,3:10,Night,Home,Kansas City Royals,KCR,Cleveland Indians,CLE,31,1,4,1,1.0,6,12,38,0.129,0.289,0.258,0.548,159,85,-0.145,0.28,0.208,,-4.0,24,10,8.0,1,44,19,22,7,12,4,0,16,3,1,-0.355,-3.5,35,8,13,7,7.88,5,9,42,0.371,0.452,0.629,1.081,154,97,0.356,0.48,0.468,,3.5,27,6,9.0,1,59,16,22,11,16,11,0,69,1,0,0.145,4.0
KCA/KCA201904130,"Saturday, April 13, 2019",6:16 p.m. Local,Kauffman Stadium,15188,2:26,Night,Home,Kansas City Royals,KCR,Cleveland Indians,CLE,28,0,2,0,0.0,2,8,30,0.071,0.133,0.107,0.24,120,83,-0.522,0.65,0.144,,-5.0,24,9,8.0,1,42,12,29,12,8,3,0,54,0,0,0.022,1.5,29,3,7,3,3.38,1,5,31,0.241,0.267,0.379,0.646,134,79,-0.023,0.91,0.367,,-1.5,27,12,9.0,0,54,11,14,13,12,5,0,77,0,0,0.523,5.0
KCA/KCA201904140,"Sunday, April 14, 2019",1:16 p.m. Local,Kauffman Stadium,14303,3:27,Day,Home,Kansas City Royals,KCR,Cleveland Indians,CLE,36,8,11,7,8.0,3,4,39,0.306,0.359,0.444,0.803,190,98,0.137,1.22,0.901,,3.0,24,7,8.0,3,58,12,28,17,15,4,0,21,6,0,-0.637,-4.9,34,9,11,9,10.12,8,6,42,0.324,0.452,0.588,1.041,159,113,0.636,1.26,1.371,,4.9,27,10,9.0,1,68,18,27,12,16,3,0,40,3,3,-0.136,-3.0
SEA/SEA201904150,"Monday, April 15, 2019",7:11 p.m. Local,T-Mobile Park,11215,3:33,Night,Away,Cleveland Indians,CLE,Seattle Mariners,SEA,33,6,7,4,5.0,7,10,41,0.212,0.366,0.303,0.669,154,100,0.207,1.32,0.635,,1.4,27,6,9.0,2,55,23,22,11,12,5,0,65,6,1,0.293,0.6,34,4,8,4,4.0,4,12,38,0.235,0.316,0.471,0.786,169,93,-0.293,0.64,0.662,,-0.6,27,7,9.0,1,47,12,36,6,16,9,0,52,4,2,-0.207,-1.4
SEA/SEA201904160,"Tuesday, April 16, 2019",7:10 p.m. Local,T-Mobile Park,11838,3:07,Night,Away,Cleveland Indians,CLE,Seattle Mariners,SEA,36,4,13,4,4.0,1,6,38,0.361,0.378,0.472,0.851,143,101,0.073,1.29,0.819,,-0.6,27,7,9.0,1,67,12,22,9,22,12,0,62,2,0,0.425,2.6,33,2,6,2,2.0,4,7,37,0.182,0.27,0.364,0.634,150,89,-0.426,0.91,0.61,,-2.6,27,11,9.0,0,50,18,21,9,17,5,0,52,0,0,-0.074,0.6
SEA/SEA201904170,"Wednesday, April 17, 2019",3:40 p.m. Local,T-Mobile Park,13529,2:32,Day,Away,Cleveland Indians,CLE,Seattle Mariners,SEA,30,1,3,1,1.0,1,11,31,0.1,0.129,0.2,0.329,137,79,-0.337,1.56,0.197,,-3.6,27,7,9.0,0,34,22,23,6,13,7,0,81,0,0,0.837,4.6,29,0,3,0,0.0,2,14,31,0.103,0.161,0.172,0.334,128,93,-0.839,0.75,0.288,,-4.6,27,5,9.0,1,53,22,18,8,7,2,0,69,0,0,0.337,3.6
CLE/CLE201904201,"Saturday, April 20, 2019",4:10 p.m. Local,Progressive Field,,3:04,Day,Home,Cleveland Indians,CLE,Atlanta Braves,ATL,32,4,6,4,4.0,2,9,36,0.188,0.25,0.406,0.656,176,91,-0.133,0.93,0.343,,-1.2,24,3,8.0,1,50,15,26,12,12,4,0,32,3,1,-0.366,-3.4,34,8,10,7,7.88,7,11,41,0.294,0.415,0.412,0.826,136,100,0.368,0.75,0.998,,3.4,27,7,9.0,2,53,22,25,8,15,9,0,57,0,0,0.133,1.2
CLE/CLE201904202,"Saturday, April 20, 2019",7:56 p.m. Local,Progressive Field,23035,3:54,Night,Away,Atlanta Braves,ATL,Cleveland Indians,CLE,35,8,9,8,8.0,7,13,42,0.257,0.381,0.457,0.838,189,117,0.59,0.59,1.036,,2.8,27,10,9.0,0,68,27,24,7,15,10,0,15,3,2,-0.092,-1.8,34,7,9,6,7.0,6,12,44,0.265,0.432,0.294,0.726,203,106,0.093,1.0,0.534,,1.8,27,6,9.0,1,64,19,23,14,8,5,0,67,10,5,-0.593,-2.8
CLE/CLE201904210,"Sunday, April 21, 2019",7:08 p.m. Local,Progressive Field,16039,3:22,Night,Away,Atlanta Braves,ATL,Cleveland Indians,CLE,44,11,17,11,8.0,3,7,48,0.386,0.438,0.636,1.074,149,120,0.383,0.29,0.551,,5.8,27,4,9.0,2,70,14,36,15,22,10,0,54,1,1,0.118,0.2,39,5,12,4,4.0,4,10,43,0.308,0.372,0.462,0.834,185,95,-0.116,0.29,0.108,,-0.2,27,9,9.0,2,50,16,29,13,16,2,0,23,3,3,-0.384,-5.8
CLE/CLE201904230,"Tuesday, April 23, 2019",6:11 p.m. Local,Progressive Field,12963,2:42,Night,Away,Miami Marlins,MIA,Cleveland Indians,CLE,35,3,9,3,3.0,1,8,37,0.257,0.27,0.4,0.67,118,92,-0.051,1.26,0.472,,-2.2,27,11,9.0,0,47,17,28,13,15,9,0,71,2,1,0.551,4.2,31,1,3,1,0.0,2,9,34,0.097,0.176,0.097,0.273,141,74,-0.551,0.77,0.356,,-4.2,27,9,9.0,1,37,16,21,14,8,4,0,62,1,0,0.051,2.2
CLE/CLE201904240,"Wednesday, April 24, 2019",1:11 p.m. Local,Progressive Field,13046,2:53,Day,Home,Cleveland Indians,CLE,Miami Marlins,MIA,31,2,5,2,2.0,2,7,34,0.161,0.206,0.29,0.496,149,87,-0.278,1.09,0.475,,-3.2,24,6,8.0,1,50,8,29,17,8,4,0,51,4,2,-0.221,-1.4,32,6,9,6,5.62,6,7,40,0.281,0.41,0.438,0.848,133,84,0.222,1.14,0.899,,1.4,27,13,9.0,1,51,17,16,13,13,3,0,68,0,0,0.279,3.2
HOU/HOU201904250,"Thursday, April 25, 2019",7:10 p.m. Local,Minute Maid Park,24948,2:40,Night,Away,Cleveland Indians,CLE,Houston Astros,HOU,30,2,4,2,2.0,3,10,33,0.133,0.212,0.333,0.545,133,83,-0.274,1.52,0.374,,-3.1,27,10,9.0,1,45,24,14,12,8,5,0,67,0,0,0.773,4.1,27,1,4,1,1.0,6,4,33,0.148,0.303,0.259,0.562,133,75,-0.772,0.86,0.489,,-4.1,27,10,9.0,2,41,7,27,10,13,6,0,70,0,0,0.273,3.1
HOU/HOU201904260,"Friday, April 26, 2019",7:10 p.m. Local,Minute Maid Park,38084,3:19,Night,Away,Cleveland Indians,CLE,Houston Astros,HOU,36,6,9,6,6.0,4,13,41,0.25,0.341,0.611,0.953,161,102,0.149,1.46,0.851,,0.9,27,3,9.0,0,54,21,27,8,15,7,0,46,1,0,0.353,2.1,36,3,9,3,3.0,4,12,41,0.25,0.325,0.333,0.658,163,101,-0.352,0.91,0.795,,-2.1,27,6,9.0,4,60,16,25,7,18,9,0,56,1,0,-0.148,-0.9
HOU/HOU201904270,"Saturday, April 27, 2019",3:06 p.m. Local,Minute Maid Park,38667,3:12,Day,Home,Houston Astros,HOU,Cleveland Indians,CLE,35,3,8,2,2.7,1,10,38,0.229,0.243,0.257,0.5,143,99,-0.468,1.3,0.68,,-2.7,27,7,9.0,2,53,18,28,10,17,8,0,59,2,0,-0.03,1.1,32,4,5,4,4.0,4,12,36,0.156,0.25,0.375,0.625,150,90,0.032,1.52,0.981,,-1.1,30,6,10.0,0,48,15,27,8,12,7,0,66,2,2,0.47,2.7
HOU/HOU201904280,"Sunday, April 28, 2019",6:07 p.m. Local,Minute Maid Park,31025,2:48,Night,Home,Houston Astros,HOU,Cleveland Indians,CLE,35,1,8,1,1.0,2,8,37,0.229,0.27,0.343,0.613,110,95,-0.373,1.07,0.428,,-4.1,24,6,8.0,1,63,14,18,15,12,6,0,52,4,0,-0.128,0.6,29,4,6,4,4.5,4,8,34,0.207,0.303,0.345,0.648,144,68,0.128,1.06,0.761,,-0.6,27,12,9.0,1,40,11,17,8,14,5,0,54,1,0,0.374,4.1
MIA/MIA201904300,"Tuesday, April 30, 2019",7:10 p.m. Local,Marlins Park,7247,2:56,Night,Away,Cleveland Indians,CLE,Miami Marlins,MIA,33,7,9,7,5.0,3,5,40,0.273,0.316,0.455,0.77,142,93,0.409,1.09,0.873,,2.5,27,10,9.0,1,62,14,17,14,18,7,0,59,0,0,0.094,0.5,31,4,5,4,4.0,5,12,38,0.161,0.297,0.29,0.588,147,89,-0.092,0.85,0.637,,-0.5,27,8,9.0,2,40,21,28,12,8,4,0,32,1,0,-0.407,-2.5
MIA/MIA201905010,"Wednesday, May 1, 2019",7:10 p.m. Local,Marlins Park,7262,2:38,Night,Home,Miami Marlins,MIA,Cleveland Indians,CLE,31,2,6,2,2.0,3,11,34,0.194,0.265,0.419,0.684,107,87,-0.344,0.68,0.313,,-2.5,24,13,8.0,0,39,31,18,7,13,7,0,39,1,0,-0.155,-0.0,31,4,10,4,4.5,1,5,35,0.323,0.382,0.355,0.737,131,75,0.155,0.84,0.521,,0.0,27,9,9.0,2,37,12,26,16,11,8,0,71,0,0,0.346,2.5
CLE/CLE201905030,"Friday, May 3, 2019",7:10 p.m. Local,Progressive Field,16334,2:46,Night,Home,Cleveland Indians,CLE,Seattle Mariners,SEA,34,1,8,1,1.0,2,10,36,0.235,0.278,0.382,0.66,120,89,-0.614,1.35,0.458,,-4.2,26,7,8.2,0,45,15,29,12,12,7,0,76,0,0,0.115,2.7,29,2,4,1,2.08,3,11,32,0.138,0.219,0.207,0.426,147,75,-0.116,1.33,0.71,,-2.7,27,10,9.0,1,37,16,22,10,8,5,0,70,1,0,0.615,4.2
CLE/CLE201905040,"Saturday, May 4, 2019",4:10 p.m. Local,Progressive Field,18420,2:41,Day,Home,Cleveland Indians,CLE,Seattle Mariners,SEA,33,4,7,4,4.0,1,12,34,0.212,0.235,0.606,0.841,134,84,-0.137,1.24,0.792,,-1.2,24,15,8.0,2,41,18,25,8,13,4,0,48,1,1,-0.364,-0.4,29,5,9,5,5.62,2,7,32,0.31,0.355,0.586,0.941,117,86,0.364,1.26,1.111,,0.4,27,9,9.0,4,54,16,18,17,6,1,0,58,1,0,0.137,1.2
CLE/CLE201905050,"Sunday, May 5, 2019",1:10 p.m. Local,Progressive Field,19665,2:54,Day,Away,Seattle Mariners,SEA,Cleveland Indians,CLE,37,10,12,10,10.0,5,8,42,0.324,0.405,0.622,1.026,148,113,0.37,0.19,0.497,,4.8,27,7,9.0,0,67,22,24,10,19,10,0,70,0,0,0.131,5.2,29,0,2,0,0.0,3,9,32,0.069,0.156,0.103,0.26,164,91,-0.131,0.33,0.017,,-5.2,27,14,9.0,3,55,12,24,8,12,5,0,30,2,1,-0.37,-4.8
CLE/CLE201905060,"Monday, May 6, 2019",6:10 p.m. Local,Progressive Field,12745,3:01,Night,Away,Chicago White Sox,CHW,Cleveland Indians,CLE,37,9,13,8,8.0,1,11,40,0.351,0.375,0.595,0.97,141,99,0.275,0.64,0.469,,3.8,27,14,9.0,0,63,20,16,6,21,9,0,61,0,0,0.225,4.2,36,1,10,1,1.0,3,6,39,0.278,0.333,0.306,0.639,149,89,-0.225,0.38,0.279,,-4.2,27,5,9.0,2,56,11,22,16,14,8,0,23,3,2,-0.274,-3.8
CLE/CLE201905070,"Tuesday, May 7, 2019",6:12 p.m. Local,Progressive Field,12961,2:58,Night,Away,Chicago White Sox,CHW,Cleveland Indians,CLE,33,2,8,2,2.0,3,10,37,0.242,0.306,0.333,0.639,144,83,-0.195,1.45,0.461,,-3.2,27,9,9.0,0,55,15,13,14,10,6,0,77,3,0,0.694,5.2,30,0,5,0,0.0,4,11,34,0.167,0.265,0.233,0.498,135,91,-0.695,0.93,0.367,,-5.2,27,10,9.0,0,51,12,28,8,10,5,1,53,2,0,0.195,3.2
CLE/CLE201905080,"Wednesday, May 8, 2019",6:10 p.m. Local,Progressive Field,12519,2:50,Night,Home,Cleveland Indians,CLE,Chicago White Sox,CHW,34,3,9,3,3.0,1,7,36,0.265,0.286,0.353,0.639,135,88,-0.305,1.42,0.636,,-2.2,26,10,8.2,1,45,16,27,8,20,9,0,43,1,1,-0.196,0.1,37,5,12,5,5.19,1,6,39,0.324,0.359,0.405,0.764,128,91,0.195,1.32,1.076,,-0.1,27,5,9.0,1,58,12,21,14,17,8,0,50,1,0,0.304,2.2
CLE/CLE201905090,"Thursday, May 9, 2019",1:10 p.m. Local,Progressive Field,13247,1:45,Day,Home,Cleveland Indians,CLE,Chicago White Sox,CHW,17,0,2,0,0.0,0,6,17,0.118,0.118,0.176,0.294,104,45,-0.285,0.83,0.036,,-2.9,15,3,5.0,2,20,12,13,7,4,1,0,27,2,1,-0.159,-2.1,23,5,9,4,9.0,6,6,30,0.391,0.517,0.739,1.256,63,60,0.157,0.75,0.527,,2.1,15,6,5.0,0,32,11,17,6,12,5,0,69,,,0.285,2.9
OAK/OAK201905100,"Friday, May 10, 2019",6:39 p.m. Local,Oakland-Alameda County Coliseum,36913,3:41,Night,Home,Oakland Athletics,OAK,Cleveland Indians,CLE,42,3,10,2,2.25,2,12,46,0.238,0.267,0.333,0.6,189,113,-0.732,1.46,0.622,,-3.3,33,9,11.0,2,68,22,23,16,16,8,0,45,1,0,0.23,1.8,41,4,10,3,3.27,6,6,48,0.244,0.354,0.439,0.793,165,120,-0.232,1.43,1.186,,-1.8,36,13,12.0,0,70,14,36,13,22,11,0,54,0,0,0.731,3.3
OAK/OAK201905110,"Saturday, May 11, 2019",1:07 p.m. Local,Oakland-Alameda County Coliseum,18278,3:13,Day,Home,Oakland Athletics,OAK,Cleveland Indians,CLE,34,2,10,2,2.0,3,10,38,0.294,0.351,0.412,0.763,153,105,-0.266,1.04,1.23,,-2.7,25,4,8.1,0,62,15,28,12,13,5,0,76,0,0,-0.234,0.5,29,3,4,2,1.08,4,11,34,0.138,0.242,0.207,0.449,163,97,0.233,2.12,0.708,,-0.5,27,10,9.0,1,46,20,31,6,13,3,0,52,3,0,0.266,2.7
OAK/OAK201905120,"Sunday, May 12, 2019",1:09 p.m. Local,Oakland-Alameda County Coliseum,18891,2:57,Day,Away,Cleveland Indians,CLE,Oakland Athletics,OAK,30,5,7,5,5.0,5,6,36,0.233,0.333,0.367,0.7,138,81,0.184,1.17,0.828,,0.3,27,12,9.0,1,52,10,21,8,17,7,0,48,0,0,0.315,1.7,32,3,7,3,3.0,3,7,35,0.219,0.286,0.313,0.598,136,89,-0.317,1.03,0.543,,-1.7,27,7,9.0,1,50,13,26,12,13,5,0,42,2,2,-0.185,-0.3
CHA/CHA201905130,"Monday, May 13, 2019",7:10 p.m. Local,Guaranteed Rate Field,16471,2:28,Night,Home,Chicago White Sox,CHW,Cleveland Indians,CLE,28,2,2,2,1.0,3,6,32,0.071,0.156,0.179,0.335,122,74,-0.325,0.53,0.298,,-2.8,24,11,8.0,4,38,15,21,6,17,5,0,45,2,1,-0.176,-0.7,32,5,9,5,5.62,0,7,32,0.281,0.281,0.719,1.0,121,79,0.175,0.95,0.533,,0.7,27,4,9.0,1,43,14,24,12,13,4,0,73,0,0,0.324,2.8
CHA/CHA201905140,"Tuesday, May 14, 2019",1:10 p.m. Local,Guaranteed Rate Field,18823,3:06,Day,Away,Cleveland Indians,CLE,Chicago White Sox,CHW,35,9,11,8,8.0,4,12,40,0.314,0.4,0.771,1.171,140,102,0.253,0.58,0.535,,4.2,27,9,9.0,0,56,21,25,7,16,8,0,71,1,0,0.247,4.8,34,0,7,0,0.0,0,9,34,0.206,0.206,0.206,0.412,172,100,-0.248,0.38,0.148,,-4.8,27,9,9.0,5,62,20,18,12,13,9,0,36,4,1,-0.252,-4.2
CLE/CLE201905160,"Thursday, May 16, 2019",6:10 p.m. Local,Progressive Field,16324,3:54,Night,Home,Cleveland Indians,CLE,Baltimore Orioles,BAL,36,7,10,7,7.0,4,6,40,0.278,0.35,0.472,0.822,205,96,0.288,1.09,0.994,,1.8,24,7,8.0,2,52,11,33,13,17,6,0,31,7,7,-0.789,-9.4,37,14,14,13,15.75,8,6,47,0.378,0.511,0.595,1.105,148,117,0.788,1.08,1.507,,9.4,27,11,9.0,2,70,17,30,10,21,6,0,28,3,0,-0.288,-1.8
CLE/CLE201905170,"Friday, May 17, 2019",7:11 p.m. Local,Progressive Field,22999,2:54,Night,Away,Baltimore Orioles,BAL,Cleveland Indians,CLE,35,5,10,5,5.0,1,7,36,0.286,0.306,0.6,0.906,158,95,0.139,0.86,0.555,,-0.2,27,8,9.0,0,52,19,24,9,19,7,0,65,3,0,0.361,4.2,32,1,3,1,0.0,4,12,36,0.094,0.194,0.094,0.288,140,94,-0.362,0.6,0.274,,-4.2,27,11,9.0,2,52,19,23,10,10,6,0,48,0,0,-0.139,0.2
CLE/CLE201905180,"Saturday, May 18, 2019",4:10 p.m. Local,Progressive Field,25652,2:36,Day,Home,Cleveland Indians,CLE,Baltimore Orioles,BAL,28,1,1,1,1.0,3,9,31,0.036,0.129,0.143,0.272,139,83,-0.449,0.69,0.25,,-4.2,24,12,8.0,2,46,15,22,7,12,7,0,43,0,0,-0.051,0.6,30,4,7,4,4.5,4,2,34,0.233,0.324,0.5,0.824,125,79,0.052,0.94,0.512,,-0.6,27,7,9.0,1,56,4,19,14,14,6,0,68,2,0,0.448,4.2
CLE/CLE201905190,"Sunday, May 19, 2019",1:10 p.m. Local,Progressive Field,21377,2:49,Day,Home,Cleveland Indians,CLE,Baltimore Orioles,BAL,31,0,5,0,0.0,0,15,31,0.161,0.161,0.161,0.323,174,75,-0.24,0.38,0.082,,-5.2,24,9,8.0,1,25,26,24,8,8,5,0,29,2,1,-0.262,-5.4,34,10,11,8,7.88,7,6,42,0.324,0.429,0.559,0.987,107,98,0.262,0.41,0.463,,5.4,27,7,9.0,0,65,14,19,13,16,6,0,92,,,0.238,5.2
CLE/CLE201905200,"Monday, May 20, 2019",6:10 p.m. Local,Progressive Field,12563,3:19,Night,Away,Oakland Athletics,OAK,Cleveland Indians,CLE,36,6,11,6,6.0,3,9,41,0.306,0.39,0.639,1.029,138,112,0.167,1.53,0.753,,0.8,27,11,9.0,2,65,14,33,12,15,4,0,55,4,0,0.333,1.2,35,4,8,4,4.0,3,3,38,0.229,0.289,0.457,0.747,179,86,-0.333,0.71,0.723,,-1.2,27,9,9.0,3,57,6,23,18,14,7,0,43,3,0,-0.166,-0.8
CLE/CLE201905210,"Tuesday, May 21, 2019",6:10 p.m. Local,Progressive Field,13705,3:22,Night,Away,Oakland Athletics,OAK,Cleveland Indians,CLE,33,5,7,5,5.0,4,7,40,0.212,0.35,0.485,0.835,157,101,0.083,1.23,0.756,,-0.2,27,7,9.0,2,57,15,29,7,19,9,0,43,3,0,0.418,2.2,30,3,4,3,3.0,7,9,37,0.133,0.297,0.367,0.664,168,91,-0.418,0.96,0.558,,-2.2,27,6,9.0,2,48,24,19,7,14,3,0,49,1,0,-0.082,0.2
CLE/CLE201905220,"Wednesday, May 22, 2019",1:10 p.m. Local,Progressive Field,17010,3:14,Day,Away,Oakland Athletics,OAK,Cleveland Indians,CLE,40,7,13,7,6.0,4,7,45,0.325,0.378,0.6,0.978,165,94,0.251,0.67,0.537,,1.8,27,9,9.0,1,54,16,24,18,16,7,0,69,2,0,0.251,3.2,34,2,8,2,2.0,6,10,40,0.235,0.35,0.382,0.732,163,102,-0.253,0.55,0.333,,-3.2,27,11,9.0,2,52,19,31,9,15,9,0,29,0,0,-0.249,-1.8
CLE/CLE201905230,"Thursday, May 23, 2019",6:10 p.m. Local,Progressive Field,18884,2:47,Night,Away,Tampa Bay Rays,TBR,Cleveland Indians,CLE,38,7,14,7,7.0,1,7,40,0.368,0.4,0.737,1.137,132,97,0.186,0.54,0.522,,1.8,27,9,9.0,0,66,12,19,8,23,12,0,65,0,0,0.313,3.2,31,2,4,2,2.0,3,6,34,0.129,0.206,0.161,0.367,138,85,-0.315,0.46,0.11,,-3.2,27,9,9.0,4,41,23,21,9,16,9,0,19,1,1,-0.187,-1.8
CLE/CLE201905240,"Friday, May 24, 2019",7:10 p.m. Local,Progressive Field,24084,3:20,Night,Home,Cleveland Indians,CLE,Tampa Bay Rays,TBR,34,1,6,1,1.0,4,16,38,0.176,0.263,0.265,0.528,132,105,-0.558,1.6,0.546,,-4.2,24,9,8.0,1,53,27,25,6,12,8,0,66,5,0,0.057,1.6,28,3,6,3,3.38,6,9,35,0.214,0.353,0.321,0.674,167,79,-0.057,1.44,0.826,,-1.6,27,5,9.0,0,36,19,24,12,8,2,0,61,3,0,0.557,4.2
CLE/CLE201905250,"Saturday, May 25, 2019",6:58 p.m. Local,Progressive Field,25882,2:55,Night,Away,Tampa Bay Rays,TBR,Cleveland Indians,CLE,38,6,12,6,5.0,1,11,40,0.316,0.333,0.579,0.912,154,95,0.184,0.86,0.758,,0.8,27,10,9.0,1,51,23,21,14,14,8,0,70,0,0,0.318,3.2,31,2,5,2,2.0,3,12,35,0.161,0.257,0.29,0.547,142,103,-0.319,0.8,0.349,,-3.2,27,9,9.0,3,52,22,29,11,8,3,0,38,0,0,-0.182,-0.8
CLE/CLE201905260,"Sunday, May 26, 2019",1:11 p.m. Local,Progressive Field,20288,3:18,Day,Away,Tampa Bay Rays,TBR,Cleveland Indians,CLE,34,6,8,4,4.0,2,11,39,0.235,0.308,0.441,0.749,163,99,0.157,0.88,0.485,,0.8,27,7,9.0,1,51,22,26,13,11,3,0,54,3,0,0.345,2.2,34,3,8,3,3.0,4,9,39,0.235,0.333,0.324,0.657,152,98,-0.345,0.51,0.352,,-2.2,27,14,9.0,1,49,17,32,13,12,6,0,59,0,0,-0.156,-0.8
BOS/BOS201905270,"Monday, May 27, 2019",4:09 p.m. Local,Fenway Park,37113,3:32,Day,Home,Boston Red Sox,BOS,Cleveland Indians,CLE,35,5,9,5,3.0,4,5,42,0.257,0.35,0.343,0.693,181,99,-0.011,0.81,0.467,,-0.2,24,9,8.0,3,67,6,26,16,16,5,0,24,2,2,-0.49,-7.4,37,12,13,11,12.38,4,10,42,0.351,0.429,0.703,1.131,154,120,0.49,0.87,0.957,,7.4,27,10,9.0,0,76,12,32,13,14,8,0,43,2,1,0.01,0.2
BOS/BOS201905280,"Tuesday, May 28, 2019",7:11 p.m. Local,Fenway Park,32984,4:03,Night,Away,Cleveland Indians,CLE,Boston Red Sox,BOS,34,7,8,7,7.0,8,7,43,0.235,0.395,0.471,0.866,163,105,0.48,1.14,1.612,,1.8,27,8,9.0,0,62,11,32,15,12,6,0,57,1,1,0.021,0.2,37,5,10,3,3.0,2,7,40,0.27,0.325,0.432,0.757,183,110,-0.022,1.72,0.908,,-0.2,27,13,9.0,2,74,13,23,10,20,8,0,71,1,0,-0.48,-1.8
BOS/BOS201905290,"Wednesday, May 29, 2019",6:10 p.m. Local,Fenway Park,34824,3:42,Night,Away,Cleveland Indians,CLE,Boston Red Sox,BOS,44,14,18,13,14.0,4,10,49,0.409,0.469,0.727,1.197,155,116,0.705,0.68,1.189,,8.8,27,6,9.0,4,71,19,28,12,22,10,0,33,6,0,-0.206,-3.8,42,9,14,9,7.0,1,12,43,0.333,0.349,0.714,1.063,189,112,0.205,0.78,0.736,,3.8,27,9,9.0,1,62,15,35,10,20,5,0,18,0,0,-0.706,-8.8
CHA/CHA201905300,"Thursday, May 30, 2019",7:11 p.m. Local,Guaranteed Rate Field,22182,3:10,Night,Home,Chicago White Sox,CHW,Cleveland Indians,CLE,32,4,6,3,3.0,5,5,38,0.188,0.316,0.344,0.66,137,89,-0.156,0.57,0.537,,-0.8,24,11,8.0,2,53,16,20,12,15,4,0,35,1,1,-0.344,-5.7,37,10,15,8,11.25,1,7,39,0.405,0.41,0.676,1.086,152,93,0.344,0.97,0.706,,5.7,27,12,9.0,1,65,11,18,14,17,10,0,46,4,0,0.156,0.8
CHA/CHA201905310,"Friday, May 31, 2019",7:11 p.m. Local,Guaranteed Rate Field,21652,2:41,Night,Home,Chicago White Sox,CHW,Cleveland Indians,CLE,34,1,9,1,1.0,1,8,36,0.265,0.286,0.382,0.668,119,86,-0.21,0.82,0.294,,-3.8,24,7,8.0,0,48,9,29,10,17,10,0,50,0,0,-0.289,-1.7,35,6,10,4,2.25,1,8,39,0.286,0.316,0.314,0.63,131,88,0.29,0.67,0.761,,1.7,27,7,9.0,1,53,21,14,12,17,6,0,56,0,0,0.21,3.8
CHA/CHA201906010,"Saturday, June 1, 2019",1:10 p.m. Local,Guaranteed Rate Field,25873,2:50,Day,Away,Cleveland Indians,CLE,Chicago White Sox,CHW,31,5,7,5,4.0,2,4,36,0.226,0.286,0.452,0.737,139,77,0.11,1.4,0.733,,0.2,27,13,9.0,0,45,8,24,16,13,8,0,54,2,1,0.39,2.8,27,2,4,2,2.0,5,7,34,0.148,0.265,0.185,0.45,130,86,-0.391,0.95,0.609,,-2.8,27,15,9.0,2,48,17,23,10,12,4,0,53,1,1,-0.11,-0.2
CHA/CHA201906020,"Sunday, June 2, 2019",1:11 p.m. Local,Guaranteed Rate Field,26453,2:30,Day,Home,Chicago White Sox,CHW,Cleveland Indians,CLE,31,0,6,0,0.0,0,10,31,0.194,0.194,0.258,0.452,121,79,-0.675,0.79,0.299,,-4.8,24,7,8.0,1,37,20,22,8,13,7,0,71,2,1,0.175,2.3,27,2,5,2,2.25,3,9,30,0.185,0.267,0.37,0.637,118,80,-0.176,1.29,0.336,,-2.3,27,5,9.0,0,47,15,18,7,11,5,0,77,1,0,0.675,4.8
CLE/CLE201906040,"Tuesday, June 4, 2019",7:10 p.m. Local,Progressive Field,15814,2:25,Night,Home,Cleveland Indians,CLE,Minnesota Twins,MIN,31,2,5,2,2.0,1,10,33,0.161,0.212,0.419,0.631,102,77,-0.348,0.75,0.371,,-3.2,24,10,8.0,4,39,19,20,11,10,3,0,42,0,0,-0.152,-0.4,29,5,6,5,5.62,3,4,32,0.207,0.281,0.655,0.936,125,64,0.152,0.91,0.639,,0.4,27,9,9.0,2,37,10,17,11,14,4,0,65,1,0,0.348,3.2
CLE/CLE201906050,"Wednesday, June 5, 2019",7:11 p.m. Local,Progressive Field,16962,3:26,Night,Home,Cleveland Indians,CLE,Minnesota Twins,MIN,33,7,7,7,7.0,3,10,37,0.212,0.297,0.576,0.873,160,85,0.126,1.28,0.82,,1.8,24,7,8.0,3,42,26,17,7,16,8,0,37,1,0,-0.626,-4.4,35,9,11,8,6.75,4,4,40,0.314,0.385,0.629,1.013,136,101,0.625,1.07,1.455,,4.4,27,10,9.0,3,61,14,26,14,18,9,0,38,2,2,-0.125,-1.8
CLE/CLE201906060,"Thursday, June 6, 2019",7:11 p.m. Local,Progressive Field,15350,3:02,Night,Away,Minnesota Twins,MIN,Cleveland Indians,CLE,35,5,7,5,5.0,3,8,39,0.2,0.282,0.486,0.768,155,91,0.087,1.08,0.462,,-0.2,27,9,9.0,2,53,17,21,16,11,2,0,67,3,2,0.414,1.2,32,4,4,4,3.0,2,9,35,0.125,0.171,0.344,0.515,138,105,-0.413,0.54,0.402,,-1.2,27,10,9.0,3,54,17,34,14,10,1,0,56,0,0,-0.087,0.2
CLE/CLE201906070,"Friday, June 7, 2019",7:09 p.m. Local,Progressive Field,31531,2:23,Night,Home,Cleveland Indians,CLE,New York Yankees,NYY,31,2,6,2,2.0,1,8,32,0.194,0.219,0.323,0.541,117,87,-0.336,0.91,0.319,,-3.2,24,7,8.0,2,51,9,27,10,13,5,0,49,0,0,-0.164,-0.4,29,5,7,5,5.62,2,7,32,0.241,0.281,0.517,0.798,135,74,0.163,0.9,0.676,,0.4,27,9,9.0,1,51,11,12,8,15,3,0,61,0,0,0.336,3.2
CLE/CLE201906080,"Saturday, June 8, 2019",4:10 p.m. Local,Progressive Field,32239,2:39,Day,Home,Cleveland Indians,CLE,New York Yankees,NYY,32,4,5,4,2.0,2,5,35,0.156,0.2,0.313,0.513,121,96,-0.179,0.82,0.319,,-1.2,24,8,8.0,3,59,16,21,12,16,6,0,41,0,0,-0.321,-3.4,32,8,12,8,9.0,2,8,36,0.375,0.389,0.781,1.17,135,80,0.322,0.67,0.801,,3.4,27,10,9.0,1,50,11,19,12,14,7,0,62,1,1,0.179,1.2
CLE/CLE201906090,"Sunday, June 9, 2019",1:11 p.m. Local,Progressive Field,29028,3:56,Day,Away,New York Yankees,NYY,Cleveland Indians,CLE,38,7,11,7,6.3,9,13,48,0.289,0.417,0.5,0.917,170,121,0.615,1.73,1.354,,1.3,30,9,10.0,3,64,27,30,11,15,9,0,56,0,0,-0.115,-0.3,38,6,7,5,4.5,3,10,41,0.184,0.244,0.421,0.665,200,102,0.113,1.19,1.391,,0.3,30,8,10.0,1,54,22,26,11,17,5,0,27,7,0,-0.615,-1.3
CLE/CLE201906110,"Tuesday, June 11, 2019",7:10 p.m. Local,Progressive Field,24101,3:15,Night,Home,Cleveland Indians,CLE,Cincinnati Reds,CIN,34,1,7,1,0.9,6,10,40,0.206,0.325,0.294,0.619,161,96,-0.762,1.62,0.691,,-4.7,28,7,9.1,1,49,16,31,13,11,6,0,64,0,0,0.261,2.1,34,2,6,2,1.93,4,12,38,0.176,0.263,0.353,0.616,151,97,-0.262,1.68,0.844,,-2.1,30,9,10.0,0,47,29,21,6,16,7,0,64,3,0,0.761,4.7
CLE/CLE201906120,"Wednesday, June 12, 2019",1:10 p.m. Local,Progressive Field,24045,3:07,Day,Away,Cincinnati Reds,CIN,Cleveland Indians,CLE,36,7,9,7,7.0,4,11,40,0.25,0.325,0.694,1.019,151,101,0.165,0.83,0.555,,1.8,27,11,9.0,1,52,18,31,10,15,6,0,57,2,0,0.336,3.2,32,2,6,2,2.0,3,7,36,0.188,0.257,0.313,0.57,155,91,-0.335,0.54,0.276,,-3.2,27,8,9.0,4,55,15,21,17,9,4,0,46,2,0,-0.165,-1.8
DET/DET201906140,"Friday, June 14, 2019",7:10 p.m. Local,Comerica Park,22362,3:08,Night,Away,Cleveland Indians,CLE,Detroit Tigers,DET,45,13,17,12,7.0,5,7,50,0.378,0.44,0.667,1.107,165,121,0.617,0.35,0.952,,7.9,27,6,9.0,2,71,19,31,13,25,14,0,57,0,0,-0.117,1.1,33,4,7,4,3.0,3,10,37,0.212,0.27,0.455,0.725,194,110,0.118,0.6,0.294,,-1.1,27,8,9.0,2,64,21,25,6,18,7,0,13,3,3,-0.617,-7.9
DET/DET201906150,"Saturday, June 15, 2019",6:10 p.m. Local,Comerica Park,25523,2:43,Night,Away,Cleveland Indians,CLE,Detroit Tigers,DET,36,4,9,3,4.0,5,5,42,0.25,0.333,0.306,0.639,127,95,0.079,1.43,0.736,,-1.1,27,7,9.0,0,58,11,26,17,15,4,0,74,0,0,0.423,3.1,32,2,6,2,2.0,1,15,33,0.188,0.212,0.25,0.462,153,91,-0.422,0.96,0.581,,-3.1,27,10,9.0,0,42,27,22,7,10,4,0,57,0,0,-0.076,1.1
DET/DET201906160,"Sunday, June 16, 2019",1:11 p.m. Local,Comerica Park,26705,2:45,Day,Away,Cleveland Indians,CLE,Detroit Tigers,DET,38,8,14,8,8.0,6,8,45,0.368,0.444,0.579,1.023,117,107,0.284,0.4,0.545,,2.9,27,11,9.0,0,65,14,28,14,17,8,0,87,,,0.218,5.1,31,0,4,0,0.0,0,8,31,0.129,0.129,0.258,0.387,170,80,-0.218,0.39,0.116,,-5.1,27,10,9.0,1,45,9,26,12,11,3,0,25,3,1,-0.282,-2.9
TEX/TEX201906170,"Monday, June 17, 2019",7:08 p.m. Local,Globe Life Park in Arlington,20860,2:52,Night,Home,Texas Rangers,TEX,Cleveland Indians,CLE,34,2,8,2,2.0,0,10,34,0.235,0.235,0.441,0.676,153,84,-0.285,0.49,0.213,,-3.5,24,7,8.0,1,46,20,18,13,11,4,0,42,2,2,-0.214,-2.1,32,7,8,6,7.88,4,11,36,0.25,0.333,0.469,0.802,135,96,0.213,0.67,0.534,,2.1,27,7,9.0,2,46,19,31,12,9,6,0,70,0,0,0.287,3.5
TEX/TEX201906180,"Tuesday, June 18, 2019",7:08 p.m. Local,Globe Life Park in Arlington,19223,3:13,Night,Away,Cleveland Indians,CLE,Texas Rangers,TEX,42,10,14,10,8.0,5,10,47,0.333,0.404,0.714,1.119,146,110,0.303,0.35,0.57,,4.5,27,5,9.0,2,71,12,27,15,17,8,0,70,2,0,0.198,2.5,30,3,5,3,3.0,5,9,35,0.167,0.286,0.367,0.652,172,89,-0.199,0.44,0.088,,-2.5,27,10,9.0,4,55,15,19,4,17,7,0,33,0,0,-0.302,-4.5
TEX/TEX201906190,"Wednesday, June 19, 2019",7:09 p.m. Local,Globe Life Park in Arlington,22906,3:17,Night,Away,Cleveland Indians,CLE,Texas Rangers,TEX,34,10,12,10,8.0,5,5,41,0.353,0.45,0.676,1.126,162,99,0.371,0.61,0.594,,4.5,27,7,9.0,2,60,11,28,11,19,7,0,44,2,0,0.128,1.5,37,4,10,3,3.0,3,9,41,0.27,0.341,0.514,0.855,155,107,-0.127,0.37,0.379,,-1.5,27,11,9.0,3,64,15,28,12,16,5,0,14,2,0,-0.372,-4.5
TEX/TEX201906200,"Thursday, June 20, 2019",1:08 p.m. Local,Globe Life Park in Arlington,18531,2:35,Day,Home,Texas Rangers,TEX,Cleveland Indians,CLE,31,2,5,2,2.0,3,5,34,0.161,0.235,0.258,0.493,137,90,-0.546,0.65,0.374,,-3.5,24,8,8.0,2,53,12,25,7,19,5,0,62,0,0,0.046,0.9,31,4,8,3,4.5,1,10,32,0.258,0.281,0.645,0.926,133,90,-0.043,1.18,0.414,,-0.9,27,3,9.0,1,43,20,27,7,14,8,0,73,0,0,0.545,3.5
CLE/CLE201906210,"Friday, June 21, 2019",7:10 p.m. Local,Progressive Field,30717,3:16,Night,Home,Cleveland Indians,CLE,Detroit Tigers,DET,38,6,12,6,6.0,2,10,40,0.316,0.35,0.579,0.929,138,100,-0.09,1.12,0.99,,0.8,24,9,8.0,3,50,15,35,5,23,11,0,42,3,1,-0.411,-2.4,34,7,12,7,7.88,2,9,38,0.353,0.378,0.676,1.055,160,86,0.412,1.26,1.079,,2.4,27,5,9.0,2,49,13,24,11,16,9,0,26,2,0,0.091,-0.8
CLE/CLE201906220,"Saturday, June 22, 2019",4:11 p.m. Local,Progressive Field,30103,2:47,Day,Home,Cleveland Indians,CLE,Detroit Tigers,DET,33,0,6,0,0.0,3,10,36,0.182,0.25,0.212,0.462,135,85,-0.607,0.8,0.396,,-5.2,24,9,8.0,0,53,9,23,10,13,6,0,49,0,0,0.107,2.6,28,2,6,2,2.25,2,7,31,0.214,0.29,0.321,0.612,144,78,-0.106,1.33,0.415,,-2.6,27,9,9.0,0,45,9,24,9,12,6,0,71,1,0,0.607,5.2
CLE/CLE201906230,"Sunday, June 23, 2019",1:11 p.m. Local,Progressive Field,25790,2:33,Day,Home,Cleveland Indians,CLE,Detroit Tigers,DET,33,3,8,3,3.0,2,4,35,0.242,0.286,0.364,0.649,132,93,-0.171,0.41,0.379,,-2.2,24,7,8.0,1,54,17,22,13,16,8,0,45,0,0,-0.331,-3.4,34,8,10,7,9.0,2,10,36,0.294,0.333,0.441,0.775,137,92,0.331,0.7,0.526,,3.4,27,10,9.0,1,54,14,24,10,14,5,0,64,0,0,0.169,2.2
CLE/CLE201906240,"Monday, June 24, 2019",7:10 p.m. Local,Progressive Field,15413,3:05,Night,Home,Cleveland Indians,CLE,Kansas City Royals,KCR,34,2,5,2,1.8,2,8,37,0.147,0.216,0.294,0.51,153,86,-0.545,1.65,0.628,,-3.7,27,9,9.0,1,51,7,28,11,15,5,0,57,1,0,0.045,2.2,35,3,10,3,3.0,4,9,40,0.286,0.359,0.486,0.845,130,87,-0.043,1.47,1.191,,-2.2,30,11,10.0,1,55,14,18,17,10,7,0,59,1,0,0.545,3.7
CLE/CLE201906250,"Tuesday, June 25, 2019",7:11 p.m. Local,Progressive Field,21766,3:27,Night,Away,Kansas City Royals,KCR,Cleveland Indians,CLE,38,8,13,8,7.0,3,10,43,0.342,0.405,0.5,0.905,160,106,0.761,0.88,1.662,,2.8,27,6,9.0,4,55,23,28,19,10,5,0,36,1,0,-0.262,-0.8,37,6,11,6,6.0,2,8,39,0.297,0.333,0.676,1.009,161,96,0.26,1.44,0.887,,0.8,27,16,9.0,1,64,10,23,10,19,9,0,50,2,1,-0.761,-2.8
CLE/CLE201906260,"Wednesday, June 26, 2019",1:10 p.m. Local,Progressive Field,22246,2:49,Day,Home,Cleveland Indians,CLE,Kansas City Royals,KCR,34,3,8,3,3.0,1,16,37,0.235,0.297,0.382,0.68,135,108,-0.392,0.52,0.345,,-2.2,24,9,8.0,2,59,21,28,10,8,3,0,41,0,0,-0.108,-0.4,32,5,10,5,4.5,2,6,36,0.312,0.361,0.531,0.892,166,84,0.108,0.9,0.4,,0.4,27,8,9.0,1,45,10,29,12,15,8,0,75,2,0,0.392,2.2
BAL/BAL201906280,"Friday, June 28, 2019",7:06 p.m. Local,Oriole Park at Camden Yards,21248,2:56,Night,Home,Baltimore Orioles,BAL,Cleveland Indians,CLE,32,0,6,0,0.0,2,8,34,0.188,0.235,0.219,0.454,174,95,-0.122,0.23,0.062,,-4.9,24,13,8.0,2,60,15,20,7,17,8,0,16,3,1,-0.379,-8.6,38,13,16,13,14.62,4,5,43,0.421,0.465,0.684,1.149,147,110,0.379,0.26,0.483,,8.6,27,5,9.0,0,68,16,26,15,19,10,0,69,0,0,0.121,4.9
BAL/BAL201906290,"Saturday, June 29, 2019",5:11 p.m. Local,Oriole Park at Camden Yards,26998,2:57,Night,Home,Baltimore Orioles,BAL,Cleveland Indians,CLE,31,0,5,0,0.0,1,10,32,0.161,0.188,0.194,0.381,174,85,-0.24,0.51,0.029,,-4.9,24,8,8.0,4,48,14,23,13,8,4,0,20,4,0,-0.26,-8.6,35,13,13,13,14.62,6,6,45,0.371,0.5,0.829,1.329,124,105,0.261,0.33,0.577,,8.6,27,11,9.0,0,63,20,22,13,17,7,0,76,0,0,0.24,4.9
BAL/BAL201906300,"Sunday, June 30, 2019",1:07 p.m. Local,Oriole Park at Camden Yards,20048,2:51,Day,Away,Cleveland Indians,CLE,Baltimore Orioles,BAL,37,2,10,2,2.0,2,6,39,0.27,0.308,0.351,0.659,140,86,-0.184,1.41,0.512,,-2.9,27,11,9.0,0,54,12,20,16,15,6,0,87,0,0,0.684,4.9,31,0,5,0,0.0,1,14,32,0.161,0.188,0.194,0.381,137,88,-0.684,0.96,0.299,,-4.9,27,7,9.0,0,47,17,24,11,6,1,0,54,2,0,0.184,2.9
KCA/KCA201907020,"Tuesday, July 2, 2019",7:15 p.m. Local,Kauffman Stadium,18394,3:22,Night,Away,Cleveland Indians,CLE,Kansas City Royals,KCR,39,9,13,8,8.0,4,6,45,0.333,0.4,0.41,0.81,137,112,0.415,0.9,0.785,,4.0,27,7,9.0,2,70,16,26,15,19,9,0,35,5,2,0.086,0.0,36,5,12,5,5.0,1,7,38,0.333,0.342,0.556,0.898,185,89,-0.087,0.74,0.573,,-0.0,27,11,9.0,0,51,13,25,9,21,10,0,28,1,1,-0.414,-4.0
KCA/KCA201907030,"Wednesday, July 3, 2019",7:15 p.m. Local,Kauffman Stadium,25049,2:46,Night,Away,Cleveland Indians,CLE,Kansas City Royals,KCR,31,4,8,3,4.0,6,3,38,0.258,0.395,0.516,0.911,119,79,-0.025,0.98,0.533,,-1.0,27,7,9.0,0,45,8,27,13,15,4,0,73,0,0,0.524,5.0,31,0,5,0,0.0,1,12,32,0.161,0.188,0.194,0.381,138,79,-0.525,0.74,0.199,,-5.0,27,13,9.0,2,38,18,23,9,10,5,0,54,4,0,0.025,1.0
KCA/KCA201907040,"Thursday, July 4, 2019",2:45 p.m. Local,Kauffman Stadium,18076,3:30,Day,Away,Cleveland Indians,CLE,Kansas City Royals,KCR,34,8,12,7,6.0,5,5,41,0.353,0.425,0.647,1.072,156,112,0.472,0.86,1.154,,3.0,27,12,9.0,1,71,14,27,16,15,7,0,42,4,0,0.027,1.0,33,4,6,4,3.0,4,7,38,0.182,0.27,0.333,0.604,183,103,-0.027,1.02,0.516,,-1.0,27,11,9.0,2,65,9,29,12,15,7,0,48,2,1,-0.474,-3.0
CIN/CIN201907060,"Saturday, July 6, 2019",4:12 p.m. Local,Great American Ball Park,36504,2:50,Day,Away,Cleveland Indians,CLE,Cincinnati Reds,CIN,38,7,11,7,7.0,5,9,43,0.289,0.372,0.579,0.951,120,98,0.161,0.87,0.981,,2.1,27,10,9.0,1,62,11,25,13,16,9,0,74,0,0,0.339,2.9,32,2,5,2,2.0,0,11,32,0.156,0.156,0.313,0.469,156,87,-0.34,1.13,0.356,,-2.9,27,12,9.0,3,44,18,25,12,9,7,0,54,0,0,-0.16,-2.1
CIN/CIN201907070,"Sunday, July 7, 2019",1:12 p.m. Local,Great American Ball Park,27041,3:24,Day,Away,Cleveland Indians,CLE,Cincinnati Reds,CIN,43,11,18,11,11.0,3,14,48,0.419,0.447,0.837,1.284,144,125,0.189,1.04,0.653,,6.1,27,4,9.0,0,67,25,33,11,20,9,0,71,0,0,0.312,3.9,31,1,4,1,1.0,4,10,36,0.129,0.25,0.161,0.411,184,89,-0.312,0.67,0.416,,-3.9,27,7,9.0,4,39,15,35,6,15,3,0,42,4,4,-0.188,-6.1
CLE/CLE201907120,"Friday, July 12, 2019",7:10 p.m. Local,Progressive Field,30857,3:44,Night,Away,Minnesota Twins,MIN,Cleveland Indians,CLE,34,5,8,5,2.0,4,8,39,0.235,0.333,0.471,0.804,161,105,0.228,1.15,1.13,,-0.2,27,6,9.0,1,56,23,26,11,15,5,0,49,2,0,0.273,2.2,32,3,6,3,1.0,2,12,35,0.188,0.257,0.281,0.538,174,102,-0.273,1.21,0.647,,-2.2,27,9,9.0,2,58,19,25,9,11,4,0,59,4,2,-0.227,0.2
CLE/CLE201907130,"Saturday, July 13, 2019",7:10 p.m. Local,Progressive Field,32277,3:24,Night,Away,Minnesota Twins,MIN,Cleveland Indians,CLE,37,6,11,6,5.0,3,15,42,0.297,0.341,0.568,0.909,137,109,0.141,1.14,0.684,,0.8,27,8,9.0,2,58,26,25,8,16,6,0,58,3,0,0.357,3.2,30,2,5,2,2.0,2,6,33,0.167,0.242,0.367,0.609,166,86,-0.356,0.81,0.465,,-3.2,27,3,9.0,3,55,11,20,11,13,2,0,56,2,0,-0.142,-0.8
CLE/CLE201907140,"Sunday, July 14, 2019",1:11 p.m. Local,Progressive Field,25194,3:00,Day,Home,Cleveland Indians,CLE,Minnesota Twins,MIN,35,3,7,3,3.0,1,15,38,0.2,0.263,0.257,0.52,131,105,-0.357,0.77,1.038,,-2.2,24,3,8.0,1,51,28,26,10,10,5,0,46,0,0,-0.142,0.6,31,4,7,4,4.5,3,9,34,0.226,0.294,0.419,0.713,151,88,0.142,1.92,0.613,,-0.6,27,7,9.0,0,50,17,21,7,15,6,0,59,6,1,0.358,2.2
CLE/CLE201907150,"Monday, July 15, 2019",7:10 p.m. Local,Progressive Field,15735,2:55,Night,Home,Cleveland Indians,CLE,Detroit Tigers,DET,35,6,11,6,6.0,4,6,40,0.314,0.375,0.714,1.089,132,88,0.056,0.87,0.885,,0.8,24,6,8.0,3,49,17,22,8,22,6,0,39,4,2,-0.557,-3.4,37,8,14,8,9.0,2,10,39,0.378,0.41,0.676,1.086,136,90,0.556,1.19,1.113,,3.4,27,8,9.0,4,48,17,25,13,14,8,0,34,5,0,-0.056,-0.8
CLE/CLE201907160,"Tuesday, July 16, 2019",7:09 p.m. Local,Progressive Field,16769,2:23,Night,Home,Cleveland Indians,CLE,Detroit Tigers,DET,27,0,1,0,0.0,1,8,28,0.037,0.071,0.037,0.108,121,77,-0.178,0.37,0.044,,-5.2,24,10,8.0,2,41,12,24,11,8,0,0,16,0,0,-0.322,-3.4,33,8,9,7,9.0,2,3,35,0.273,0.314,0.606,0.92,110,82,0.323,0.3,0.486,,3.4,27,10,9.0,0,53,10,19,11,19,5,0,59,0,0,0.177,5.2
CLE/CLE201907170,"Wednesday, July 17, 2019",7:10 p.m. Local,Progressive Field,18894,2:59,Night,Home,Cleveland Indians,CLE,Detroit Tigers,DET,34,2,7,2,2.0,2,17,36,0.206,0.25,0.353,0.603,133,95,-0.375,0.74,0.396,,-3.2,24,13,8.0,1,43,29,23,6,11,5,0,50,3,3,-0.127,-2.4,34,7,12,7,7.88,2,3,36,0.353,0.389,0.529,0.918,140,84,0.128,1.03,0.659,,2.4,27,4,9.0,1,58,7,19,16,15,11,0,67,1,0,0.374,3.2
CLE/CLE201907180,"Thursday, July 18, 2019",7:10 p.m. Local,Progressive Field,17500,3:06,Night,Home,Cleveland Indians,CLE,Detroit Tigers,DET,34,3,8,3,3.0,2,14,36,0.235,0.278,0.412,0.69,137,104,-0.255,0.8,0.691,,-2.2,24,9,8.0,2,53,28,23,6,14,5,0,48,1,0,-0.246,-1.4,30,6,8,6,5.62,2,9,33,0.267,0.303,0.5,0.803,158,90,0.245,1.23,0.705,,1.4,27,4,9.0,2,54,11,25,6,16,6,0,60,4,0,0.255,2.2
CLE/CLE201907190,"Friday, July 19, 2019",7:10 p.m. Local,Progressive Field,26640,3:20,Night,Home,Cleveland Indians,CLE,Kansas City Royals,KCR,33,5,9,4,5.0,5,7,38,0.273,0.368,0.394,0.762,160,95,-0.055,0.74,0.744,,-0.2,24,10,8.0,1,50,12,33,8,18,9,0,25,1,1,-0.442,-5.4,36,10,16,10,11.25,4,3,43,0.444,0.488,0.639,1.127,144,96,0.442,1.05,0.801,,5.4,27,7,9.0,0,68,11,18,11,24,18,0,37,3,3,0.057,0.2
CLE/CLE201907200,"Saturday, July 20, 2019",7:11 p.m. Local,Progressive Field,31958,2:41,Night,Away,Kansas City Royals,KCR,Cleveland Indians,CLE,32,1,6,1,1.0,2,5,34,0.188,0.235,0.344,0.579,135,91,-0.405,1.45,0.356,,-4.2,27,4,9.0,0,52,14,25,11,16,3,0,72,0,0,0.904,5.2,30,0,3,0,0.0,3,13,33,0.1,0.182,0.133,0.315,138,87,-0.906,0.86,0.206,,-5.2,27,10,9.0,1,39,20,28,6,11,2,0,72,0,0,0.405,4.2
CLE/CLE201907210,"Sunday, July 21, 2019",1:09 p.m. Local,Progressive Field,23564,2:47,Day,Home,Cleveland Indians,CLE,Kansas City Royals,KCR,35,4,8,4,4.0,2,10,37,0.229,0.27,0.457,0.727,119,96,-0.322,1.02,0.507,,-1.2,24,6,8.0,2,51,23,22,12,13,7,0,32,2,0,-0.178,-0.4,33,5,9,5,4.5,2,2,36,0.273,0.314,0.515,0.829,151,72,0.18,1.07,0.785,,0.4,27,10,9.0,2,56,6,10,11,21,9,0,60,0,0,0.321,1.2
TOR/TOR201907220,"Monday, July 22, 2019",7:09 p.m. Local,Rogers Centre,22295,2:55,Night,Away,Cleveland Indians,CLE,Toronto Blue Jays,TOR,37,7,12,7,5.0,7,5,46,0.324,0.422,0.595,1.017,124,92,0.351,0.85,0.831,,2.2,27,12,9.0,2,56,10,26,14,20,8,0,60,0,0,0.15,1.8,28,3,5,3,3.0,2,7,31,0.179,0.258,0.393,0.651,169,76,-0.15,0.8,0.484,,-1.8,27,11,9.0,1,36,14,26,10,11,4,0,37,4,1,-0.351,-2.2
TOR/TOR201907230,"Tuesday, July 23, 2019",7:08 p.m. Local,Rogers Centre,22186,3:19,Night,Home,Toronto Blue Jays,TOR,Cleveland Indians,CLE,35,1,6,1,0.9,2,12,38,0.171,0.237,0.229,0.465,162,94,-0.51,2.0,0.443,,-4.4,29,11,9.2,1,49,16,30,11,12,6,0,79,2,0,0.012,2.8,35,2,8,2,1.86,4,11,39,0.229,0.308,0.343,0.651,151,99,-0.012,1.32,1.364,,-2.8,30,8,10.0,0,45,20,34,11,13,6,0,59,0,0,0.51,4.4
TOR/TOR201907240,"Wednesday, July 24, 2019",7:09 p.m. Local,Rogers Centre,25385,2:24,Night,Away,Cleveland Indians,CLE,Toronto Blue Jays,TOR,34,4,9,4,4.0,1,8,36,0.265,0.278,0.353,0.631,102,85,-0.111,1.21,0.477,,-0.8,27,5,9.0,0,50,11,24,9,18,9,0,94,,,0.612,4.8,27,0,1,0,0.0,1,10,29,0.037,0.103,0.074,0.178,137,68,-0.613,0.82,0.204,,-4.8,27,8,9.0,0,32,18,18,4,13,6,0,68,0,0,0.112,0.8
KCA/KCA201907250,"Thursday, July 25, 2019",7:16 p.m. Local,Kauffman Stadium,15224,4:51,Night,Away,Cleveland Indians,CLE,Kansas City Royals,KCR,53,5,14,4,2.57,9,6,64,0.264,0.371,0.434,0.805,251,123,-0.516,1.95,1.898,,-2.8,42,10,14.0,1,85,14,24,24,25,14,0,41,4,1,1.015,3.8,51,4,11,4,2.57,7,7,60,0.216,0.317,0.294,0.611,210,155,-1.017,2.07,1.183,,-3.8,42,18,14.0,2,105,18,32,19,26,9,0,52,3,2,0.514,2.8
KCA/KCA201907260,"Friday, July 26, 2019",7:15 p.m. Local,Kauffman Stadium,26609,2:56,Night,Away,Cleveland Indians,CLE,Kansas City Royals,KCR,36,8,13,8,7.0,5,6,43,0.361,0.442,0.556,0.997,134,90,0.241,0.94,0.753,,3.0,27,13,9.0,0,63,7,20,9,22,12,0,65,0,0,0.26,2.0,35,3,9,3,2.0,2,4,38,0.257,0.316,0.257,0.573,151,94,-0.26,0.63,0.408,,-2.0,27,10,9.0,1,61,11,22,11,20,11,0,31,2,1,-0.241,-3.0
KCA/KCA201907270,"Saturday, July 27, 2019",6:15 p.m. Local,Kauffman Stadium,31181,3:04,Night,Away,Cleveland Indians,CLE,Kansas City Royals,KCR,40,9,14,9,9.0,1,8,42,0.35,0.381,0.65,1.031,151,106,0.345,0.32,0.478,,4.0,27,11,9.0,0,70,11,25,15,17,6,0,64,0,0,0.157,4.0,33,1,8,1,1.0,0,10,34,0.242,0.265,0.242,0.507,168,100,-0.157,0.31,0.074,,-4.0,27,8,9.0,3,59,20,21,13,10,6,0,20,0,0,-0.344,-4.0
KCA/KCA201907280,"Sunday, July 28, 2019",1:16 p.m. Local,Kauffman Stadium,14380,2:55,Day,Home,Kansas City Royals,KCR,Cleveland Indians,CLE,34,6,8,6,5.0,3,6,38,0.235,0.289,0.5,0.789,151,76,0.131,1.15,0.695,,1.0,24,3,8.0,1,47,10,19,7,22,8,0,17,2,1,-0.63,-4.5,36,9,12,8,9.0,4,11,40,0.333,0.4,0.5,0.9,125,98,0.63,0.88,1.194,,4.5,27,5,9.0,3,53,21,24,10,15,5,0,43,0,0,-0.131,-1.0
CLE/CLE201907300,"Tuesday, July 30, 2019",7:10 p.m. Local,Progressive Field,21589,2:44,Night,Away,Houston Astros,HOU,Cleveland Indians,CLE,34,2,9,2,2.0,1,10,35,0.265,0.286,0.382,0.668,130,84,-0.179,1.12,0.443,,-3.2,27,7,9.0,0,42,16,28,11,13,7,0,86,0,0,0.678,5.2,29,0,2,0,0.0,0,15,29,0.069,0.069,0.069,0.138,124,87,-0.679,0.84,0.108,,-5.2,27,8,9.0,1,44,25,18,7,7,3,0,58,0,0,0.179,3.2
CLE/CLE201907310,"Wednesday, July 31, 2019",7:10 p.m. Local,Progressive Field,23961,3:10,Night,Home,Cleveland Indians,CLE,Houston Astros,HOU,33,4,7,4,4.0,6,4,39,0.212,0.333,0.364,0.697,154,88,0.04,0.85,0.751,,-1.2,24,7,8.0,4,52,11,25,14,15,7,0,22,1,0,-0.539,-5.4,35,10,11,10,11.25,3,6,39,0.314,0.368,0.714,1.083,144,101,0.54,1.1,1.022,,5.4,27,12,9.0,1,61,12,28,15,15,5,0,39,2,0,-0.04,1.2
CLE/CLE201908010,"Thursday, August 1, 2019",7:10 p.m. Local,Progressive Field,21536,3:10,Night,Away,Houston Astros,HOU,Cleveland Indians,CLE,35,7,11,7,7.0,8,7,45,0.314,0.444,0.629,1.073,121,93,0.122,0.92,0.849,,1.8,27,10,9.0,0,47,15,31,9,20,8,0,67,3,0,0.378,4.2,30,1,6,1,1.0,3,5,34,0.2,0.265,0.3,0.565,167,81,-0.378,0.92,0.312,,-4.2,27,9,9.0,2,51,13,17,10,16,4,0,45,4,0,-0.121,-1.8
CLE/CLE201908020,"Friday, August 2, 2019",7:10 p.m. Local,Progressive Field,28386,2:55,Night,Home,Cleveland Indians,CLE,Los Angeles Angels,LAA,31,3,5,3,3.0,6,12,38,0.161,0.316,0.323,0.638,128,99,-0.114,0.42,0.252,,-2.2,24,8,8.0,1,45,14,40,6,13,6,0,27,2,1,-0.387,-2.4,34,7,12,7,7.88,1,6,36,0.353,0.361,0.529,0.891,156,76,0.387,0.46,0.51,,2.4,27,5,9.0,1,48,10,18,12,17,10,0,67,2,0,0.113,2.2
CLE/CLE201908030,"Saturday, August 3, 2019",7:10 p.m. Local,Progressive Field,31222,2:59,Night,Home,Cleveland Indians,CLE,Los Angeles Angels,LAA,34,2,9,2,1.0,1,8,36,0.265,0.278,0.294,0.572,136,94,-0.35,0.54,0.297,,-3.2,24,12,8.0,3,50,10,34,8,19,11,0,55,2,1,-0.15,-2.4,30,7,7,7,6.75,2,3,34,0.233,0.294,0.633,0.927,144,81,0.149,0.8,0.505,,2.4,27,4,9.0,0,56,8,17,12,16,7,0,57,5,2,0.351,3.2
CLE/CLE201908040,"Sunday, August 4, 2019",1:11 p.m. Local,Progressive Field,26099,3:00,Day,Home,Cleveland Indians,CLE,Los Angeles Angels,LAA,31,2,5,2,2.0,0,8,31,0.161,0.161,0.323,0.484,162,76,-0.304,0.6,0.246,,-3.2,24,6,8.0,3,39,14,23,14,9,5,0,42,4,1,-0.197,-1.4,33,6,10,6,6.75,4,9,38,0.303,0.368,0.697,1.065,107,96,0.197,0.73,0.603,,1.4,27,12,9.0,1,57,18,21,6,19,10,0,77,,,0.303,3.2
CLE/CLE201908050,"Monday, August 5, 2019",7:10 p.m. Local,Progressive Field,17690,2:49,Night,Away,Texas Rangers,TEX,Cleveland Indians,CLE,29,1,5,1,1.0,2,10,33,0.172,0.242,0.31,0.553,136,80,-0.394,1.94,0.299,,-4.2,27,5,9.0,0,43,17,20,10,10,5,0,69,0,0,0.895,5.2,33,0,8,0,0.0,1,8,35,0.242,0.265,0.273,0.537,135,83,-0.896,0.93,0.656,,-5.2,27,10,9.0,0,49,12,22,8,18,8,0,68,0,0,0.395,4.2
CLE/CLE201908071,"Wednesday, August 7, 2019",1:10 p.m. Local,Progressive Field,,2:32,Day,Home,Cleveland Indians,CLE,Texas Rangers,TEX,32,0,6,0,0.0,2,13,34,0.188,0.235,0.219,0.454,113,106,-0.64,0.94,0.227,,-5.2,24,14,8.0,1,53,23,30,8,11,4,0,66,0,0,0.139,2.6,26,2,3,2,2.25,2,5,28,0.115,0.179,0.231,0.409,147,68,-0.138,1.08,0.423,,-2.6,27,6,9.0,0,42,12,14,15,6,2,0,67,0,0,0.639,5.2
CLE/CLE201908072,"Wednesday, August 7, 2019",4:21 p.m. Local,Progressive Field,24888,2:55,Day,Home,Cleveland Indians,CLE,Texas Rangers,TEX,29,1,4,1,1.0,0,9,29,0.138,0.138,0.241,0.379,153,79,-0.515,0.81,0.272,,-4.2,24,7,8.0,1,40,19,20,8,12,1,0,68,1,1,0.015,-0.4,29,5,9,5,4.5,3,8,34,0.31,0.382,0.586,0.969,111,93,-0.015,1.11,0.499,,0.4,27,8,9.0,1,54,24,15,6,16,10,0,59,0,0,0.515,4.2
MIN/MIN201908080,"Thursday, August 8, 2019",7:11 p.m. Local,Target Field,32517,3:39,Night,Away,Cleveland Indians,CLE,Minnesota Twins,MIN,32,7,7,6,6.0,8,5,40,0.219,0.375,0.469,0.844,171,82,0.332,1.61,0.769,,2.0,27,9,9.0,0,49,13,20,15,12,3,0,71,4,2,0.168,-0.0,35,5,8,5,5.0,4,10,40,0.229,0.325,0.314,0.639,150,103,-0.168,0.78,0.844,,0.0,27,14,9.0,1,51,26,26,10,15,8,0,29,3,2,-0.33,-2.0
MIN/MIN201908090,"Friday, August 9, 2019",7:11 p.m. Local,Target Field,36641,3:09,Night,Away,Cleveland Indians,CLE,Minnesota Twins,MIN,39,6,14,6,6.0,3,8,43,0.359,0.395,0.41,0.806,132,103,0.173,0.71,0.656,,1.0,27,9,9.0,2,65,13,25,13,19,13,0,64,1,0,0.326,3.0,35,2,8,2,2.0,2,12,37,0.229,0.27,0.4,0.67,160,92,-0.327,0.74,0.225,,-3.0,27,6,9.0,0,51,18,23,12,11,5,0,26,2,2,-0.173,-1.0
MIN/MIN201908100,"Saturday, August 10, 2019",8:01 p.m. Local,Target Field,35268,3:07,Night,Home,Minnesota Twins,MIN,Cleveland Indians,CLE,34,1,8,1,1.0,4,10,38,0.235,0.316,0.412,0.728,122,100,-0.42,0.6,0.454,,-4.0,24,2,8.0,2,52,25,23,13,11,2,0,40,1,0,-0.08,0.4,32,4,10,4,4.5,2,4,34,0.312,0.353,0.594,0.947,158,74,0.08,1.14,0.453,,-0.4,27,8,9.0,1,43,8,23,4,24,9,0,59,1,0,0.42,4.0
MIN/MIN201908110,"Sunday, August 11, 2019",1:13 p.m. Local,Target Field,37849,3:29,Day,Away,Cleveland Indians,CLE,Minnesota Twins,MIN,39,7,9,7,6.3,3,7,42,0.231,0.286,0.436,0.722,157,103,0.408,1.72,0.909,,1.5,30,11,10.0,0,57,11,35,12,20,6,0,65,0,0,0.091,2.5,37,3,9,3,2.7,1,8,39,0.243,0.256,0.324,0.581,159,112,-0.091,0.91,0.96,,-2.5,30,7,10.0,2,74,12,26,11,19,8,0,51,5,0,-0.407,-1.5
CLE/CLE201908120,"Monday, August 12, 2019",7:07 p.m. Local,Progressive Field,24770,3:34,Night,Home,Cleveland Indians,CLE,Boston Red Sox,BOS,37,5,12,5,5.0,4,6,41,0.324,0.39,0.595,0.985,148,95,-0.066,0.84,1.182,,-0.2,24,12,8.0,3,58,18,19,14,17,8,0,34,1,0,-0.436,-1.4,34,6,12,6,6.75,4,7,39,0.353,0.421,0.647,1.068,149,100,0.434,1.65,0.988,,1.4,27,9,9.0,2,59,14,27,19,9,4,0,41,2,0,0.064,0.2
CLE/CLE201908130,"Tuesday, August 13, 2019",7:10 p.m. Local,Progressive Field,26662,4:07,Night,Away,Boston Red Sox,BOS,Cleveland Indians,CLE,43,7,17,7,6.3,4,10,48,0.395,0.458,0.605,1.063,172,134,0.387,1.98,1.181,,1.3,30,8,10.0,2,80,20,34,11,22,9,0,58,3,0,0.113,-0.3,39,6,9,6,3.6,3,17,42,0.231,0.286,0.436,0.722,203,115,-0.112,0.93,1.501,,0.3,30,9,10.0,1,55,29,31,10,12,5,0,30,2,0,-0.387,-1.3
CLE/CLE201908140,"Wednesday, August 14, 2019",1:11 p.m. Local,Progressive Field,29535,3:18,Day,Away,Boston Red Sox,BOS,Cleveland Indians,CLE,38,5,12,5,5.0,2,11,40,0.316,0.35,0.605,0.955,142,118,0.098,0.97,0.709,,-0.2,27,13,9.0,0,70,25,25,9,18,9,0,49,4,0,0.403,4.2,31,1,5,0,0.0,3,6,35,0.161,0.257,0.161,0.418,166,85,-0.401,0.82,0.304,,-4.2,27,6,9.0,3,47,14,24,14,11,2,0,56,0,0,-0.098,0.2
NYA/NYA201908150,"Thursday, August 15, 2019",7:08 p.m. Local,Yankee Stadium III,44654,3:28,Night,Away,Cleveland Indians,CLE,New York Yankees,NYY,49,19,24,19,19.0,4,8,54,0.49,0.537,1.0,1.537,153,135,0.476,0.22,0.571,,14.1,27,8,9.0,3,78,23,34,12,29,14,0,50,0,0,0.023,-0.1,37,5,9,5,4.0,1,7,39,0.243,0.282,0.486,0.769,219,98,-0.022,0.2,0.112,,0.1,27,4,9.0,7,56,13,29,13,17,4,0,23,2,0,-0.477,-14.1
NYA/NYA201908160,"Friday, August 16, 2019",7:09 p.m. Local,Yankee Stadium III,45015,2:39,Night,Home,New York Yankees,NYY,Cleveland Indians,CLE,31,2,4,2,2.0,1,6,33,0.129,0.156,0.355,0.511,119,78,-0.545,0.95,0.534,,-2.9,24,5,8.0,0,45,18,15,13,13,4,0,48,6,0,0.046,1.3,33,3,10,2,2.25,3,5,36,0.303,0.361,0.424,0.785,117,75,-0.047,1.59,0.598,,-1.3,27,11,9.0,2,43,12,20,11,17,7,0,59,1,0,0.546,2.9
NYA/NYA201908170,"Saturday, August 17, 2019",1:10 p.m. Local,Yankee Stadium III,47347,2:54,Day,Home,New York Yankees,NYY,Cleveland Indians,CLE,33,5,9,4,5.0,5,7,38,0.273,0.368,0.394,0.762,138,84,-0.171,0.73,0.953,,0.1,24,7,8.0,4,53,11,21,12,14,4,0,38,0,0,-0.33,-1.7,31,6,8,5,5.62,1,9,32,0.258,0.281,0.645,0.926,143,92,0.329,1.5,0.752,,1.7,27,9,9.0,0,51,8,33,7,15,6,0,40,0,0,0.169,-0.1
NYA/NYA201908180,"Sunday, August 18, 2019",1:08 p.m. Local,Yankee Stadium III,45682,3:40,Day,Away,Cleveland Indians,CLE,New York Yankees,NYY,37,8,11,8,8.0,5,9,43,0.297,0.381,0.595,0.976,181,106,0.292,0.52,0.556,,3.1,27,4,9.0,1,60,20,26,15,14,4,0,69,0,0,0.208,0.9,36,4,9,4,4.0,3,14,40,0.25,0.325,0.417,0.742,174,112,-0.208,0.47,0.225,,-0.9,27,11,9.0,3,54,18,40,8,14,9,0,37,2,0,-0.293,-3.1
NYN/NYN201908200,"Tuesday, August 20, 2019",7:10 p.m. Local,Citi Field,33800,2:41,Night,Home,New York Mets,NYM,Cleveland Indians,CLE,34,2,6,2,1.0,2,12,36,0.176,0.222,0.324,0.546,134,79,-0.187,0.64,0.51,,-2.4,24,7,8.0,2,41,11,27,10,12,6,0,58,2,2,-0.312,-5.1,34,9,9,9,7.88,3,8,37,0.265,0.324,0.5,0.824,129,94,0.311,1.04,0.724,,5.1,27,6,9.0,1,59,14,21,11,15,4,0,62,2,0,0.189,2.4
NYN/NYN201908210,"Wednesday, August 21, 2019",7:16 p.m. Local,Citi Field,28349,3:22,Night,Home,New York Mets,NYM,Cleveland Indians,CLE,37,3,9,3,2.7,2,7,40,0.243,0.282,0.405,0.687,159,96,-0.059,1.88,1.091,,-1.9,29,7,9.2,0,56,11,29,16,15,6,0,60,1,0,-0.44,0.4,37,4,9,4,3.72,4,8,42,0.243,0.317,0.324,0.641,144,106,0.439,1.52,1.441,,-0.4,30,13,10.0,1,64,17,25,9,21,7,0,48,0,0,0.06,1.9
NYN/NYN201908220,"Thursday, August 22, 2019",7:11 p.m. Local,Citi Field,30998,2:08,Night,Home,New York Mets,NYM,Cleveland Indians,CLE,26,0,2,0,0.0,1,7,27,0.077,0.111,0.077,0.188,101,66,-0.477,0.69,0.083,,-3.9,21,8,7.0,0,37,11,18,8,11,3,0,56,1,0,0.002,0.1,26,2,5,2,2.57,1,3,28,0.192,0.25,0.269,0.519,102,63,-0.001,0.91,0.38,,-0.1,24,6,8.0,0,42,5,16,10,13,7,0,73,0,0,0.477,3.9
CLE/CLE201908230,"Friday, August 23, 2019",7:11 p.m. Local,Progressive Field,31946,2:50,Night,Home,Cleveland Indians,CLE,Kansas City Royals,KCR,30,1,6,1,1.0,3,7,33,0.2,0.273,0.267,0.539,139,89,-0.363,0.5,0.314,,-4.2,24,10,8.0,1,52,9,28,11,12,6,0,36,0,0,-0.137,0.6,30,4,9,4,4.5,3,7,33,0.3,0.364,0.467,0.83,139,87,0.136,0.9,0.414,,-0.6,27,10,9.0,0,56,10,21,10,13,5,0,60,1,0,0.362,4.2
CLE/CLE201908240,"Saturday, August 24, 2019",7:11 p.m. Local,Progressive Field,33349,3:07,Night,Home,Cleveland Indians,CLE,Kansas City Royals,KCR,34,2,6,2,2.0,3,10,38,0.176,0.263,0.235,0.498,146,95,-0.422,0.75,0.423,,-3.2,24,3,8.0,1,56,19,20,14,10,3,0,36,0,0,-0.078,0.6,30,4,7,4,4.5,4,8,34,0.233,0.324,0.367,0.69,150,93,0.079,1.16,0.55,,-0.6,27,11,9.0,0,59,10,25,8,14,6,0,63,3,1,0.422,3.2
CLE/CLE201908250,"Sunday, August 25, 2019",1:11 p.m. Local,Progressive Field,29360,3:39,Day,Away,Kansas City Royals,KCR,Cleveland Indians,CLE,38,9,9,7,3.6,6,13,44,0.237,0.341,0.553,0.894,166,119,0.643,1.43,1.249,,3.3,30,14,10.0,4,66,28,25,13,12,5,0,52,2,0,-0.144,-2.3,38,8,8,8,7.2,6,5,45,0.211,0.318,0.579,0.897,186,95,0.144,0.94,1.243,,2.3,30,10,10.0,3,54,12,29,16,18,3,0,61,4,3,-0.643,-3.3
DET/DET201908270,"Tuesday, August 27, 2019",7:11 p.m. Local,Comerica Park,15715,3:12,Night,Away,Cleveland Indians,CLE,Detroit Tigers,DET,37,10,13,10,4.0,6,5,45,0.351,0.444,0.757,1.201,157,114,0.252,0.66,0.631,,4.9,27,4,9.0,0,71,19,25,14,19,8,0,66,1,0,0.25,4.1,30,1,3,1,1.0,2,15,32,0.1,0.156,0.133,0.29,189,105,-0.249,0.53,0.181,,-4.1,27,12,9.0,3,55,27,23,7,8,4,0,38,0,0,-0.25,-4.9
DET/DET201908280,"Wednesday, August 28, 2019",7:10 p.m. Local,Comerica Park,15834,2:33,Night,Away,Cleveland Indians,CLE,Detroit Tigers,DET,33,4,9,4,4.0,2,8,37,0.273,0.333,0.606,0.939,118,96,0.075,1.49,0.82,,-1.1,27,9,9.0,1,53,19,24,13,13,7,0,62,0,0,0.425,3.1,31,2,7,2,2.0,0,7,32,0.226,0.219,0.355,0.574,158,77,-0.425,0.96,0.593,,-3.1,27,13,9.0,3,42,13,22,12,13,5,0,59,0,0,-0.075,1.1
DET/DET201908290,"Thursday, August 29, 2019",1:10 p.m. Local,Comerica Park,16855,2:34,Day,Away,Cleveland Indians,CLE,Detroit Tigers,DET,31,2,7,2,2.0,3,9,36,0.226,0.306,0.323,0.628,122,102,-0.198,1.1,0.404,,-3.1,27,9,9.0,0,64,12,26,9,14,6,0,84,0,0,0.697,5.1,30,0,4,0,0.0,0,11,30,0.133,0.133,0.167,0.3,152,89,-0.698,0.9,0.144,,-5.1,27,9,9.0,1,39,24,26,10,9,3,0,54,0,0,0.197,3.1
TBA/TBA201908300,"Friday, August 30, 2019",7:11 p.m. Local,Tropicana Field,15294,2:52,Night,Home,Tampa Bay Rays,TBR,Cleveland Indians,CLE,30,0,5,0,0.0,2,7,32,0.167,0.219,0.2,0.419,133,87,-0.498,1.01,0.176,,-4.8,24,9,8.0,1,47,17,23,11,12,3,0,58,2,2,-0.003,0.3,31,4,8,4,4.5,1,11,32,0.258,0.281,0.387,0.668,134,89,0.003,0.9,0.59,,-0.3,27,9,9.0,0,45,20,27,8,12,9,0,66,0,0,0.498,4.8
TBA/TBA201908310,"Saturday, August 31, 2019",6:10 p.m. Local,Tropicana Field,13327,3:18,Night,Home,Tampa Bay Rays,TBR,Cleveland Indians,CLE,35,6,11,6,6.0,2,8,37,0.314,0.351,0.543,0.894,155,87,-0.201,0.64,0.358,,1.2,24,6,8.0,4,49,13,25,13,14,11,0,42,5,4,-0.299,-4.7,35,9,11,8,9.0,4,6,40,0.314,0.4,0.686,1.086,143,94,0.3,0.74,0.732,,4.7,27,13,9.0,2,52,12,30,8,21,11,0,42,3,0,0.2,-1.2
TBA/TBA201909010,"Sunday, September 1, 2019",1:10 p.m. Local,Tropicana Field,14922,3:01,Day,Home,Tampa Bay Rays,TBR,Cleveland Indians,CLE,32,2,6,2,2.0,4,10,39,0.188,0.308,0.219,0.526,139,100,-0.294,0.71,0.521,,-2.8,24,13,8.0,1,52,22,26,8,15,9,0,33,2,1,-0.206,-3.7,35,8,14,8,9.0,4,5,39,0.4,0.462,0.6,1.062,158,86,0.205,1.09,0.67,,3.7,27,7,9.0,0,53,14,19,12,18,9,0,61,3,0,0.295,2.8
CLE/CLE201909020,"Monday, September 2, 2019",7:10 p.m. Local,Progressive Field,16149,4:07,Night,Home,Cleveland Indians,CLE,Chicago White Sox,CHW,33,3,10,3,1.0,8,8,42,0.303,0.429,0.424,0.853,211,109,-0.134,0.56,0.469,,-2.2,24,9,8.0,2,60,21,28,8,18,10,0,28,4,1,-0.366,-6.4,33,11,11,11,12.38,10,6,45,0.333,0.467,0.606,1.073,172,112,0.364,0.78,0.68,,6.4,27,9,9.0,0,70,13,29,14,15,7,0,46,3,0,0.134,2.2
CLE/CLE201909030,"Tuesday, September 3, 2019",7:10 p.m. Local,Progressive Field,17397,3:05,Night,Away,Chicago White Sox,CHW,Cleveland Indians,CLE,34,6,7,6,6.0,4,12,38,0.206,0.289,0.559,0.848,145,104,0.342,1.28,1.244,,0.8,27,6,9.0,2,49,27,28,8,14,5,0,59,2,2,0.158,0.2,32,5,6,5,5.0,2,16,34,0.188,0.235,0.406,0.642,156,90,-0.158,1.21,0.717,,-0.2,27,6,9.0,3,43,19,28,8,8,3,0,70,0,0,-0.342,-0.8
CLE/CLE201909040,"Wednesday, September 4, 2019",7:10 p.m. Local,Progressive Field,25488,3:54,Night,Home,Cleveland Indians,CLE,Chicago White Sox,CHW,38,6,13,6,6.0,3,12,43,0.342,0.395,0.553,0.948,148,126,-0.183,0.72,0.814,,0.8,24,10,8.0,1,73,30,23,10,17,11,0,16,3,2,-0.318,-3.4,36,8,14,7,9.0,4,3,40,0.389,0.45,0.583,1.033,190,87,0.317,1.28,0.774,,3.4,27,9,9.0,2,54,12,21,13,20,10,0,64,4,0,0.182,-0.8
CLE/CLE201909050,"Thursday, September 5, 2019",1:11 p.m. Local,Progressive Field,18913,2:38,Day,Away,Chicago White Sox,CHW,Cleveland Indians,CLE,38,7,12,7,6.0,3,10,42,0.316,0.381,0.526,0.907,109,94,0.212,0.65,0.627,,1.8,27,5,9.0,0,52,18,24,7,21,12,0,89,,,0.291,4.2,27,1,1,1,1.0,3,11,31,0.037,0.133,0.074,0.207,153,70,-0.292,0.62,0.17,,-4.2,27,6,9.0,1,29,20,21,5,12,1,0,29,3,3,-0.211,-1.8
MIN/MIN201909060,"Friday, September 6, 2019",7:11 p.m. Local,Target Field,35418,4:16,Night,Away,Cleveland Indians,CLE,Minnesota Twins,MIN,41,6,10,6,4.91,6,13,49,0.244,0.347,0.366,0.713,166,135,-0.047,1.27,1.289,,-0.1,33,13,11.0,0,79,24,32,9,20,7,0,54,1,0,0.547,4.1,41,2,9,2,1.64,2,14,43,0.22,0.256,0.244,0.5,211,110,-0.547,1.58,0.573,,-4.1,33,8,11.0,1,63,22,25,17,10,6,0,68,5,3,0.049,0.1
MIN/MIN201909070,"Saturday, September 7, 2019",6:11 p.m. Local,Target Field,39573,3:16,Night,Home,Minnesota Twins,MIN,Cleveland Indians,CLE,34,3,7,2,3.0,2,15,36,0.206,0.25,0.265,0.515,131,103,-0.211,1.05,0.599,,-2.0,24,7,8.0,2,56,25,22,5,14,8,0,58,4,2,-0.29,-0.6,31,5,7,5,5.62,5,8,36,0.226,0.333,0.548,0.882,156,71,0.29,1.09,0.948,,0.6,27,4,9.0,0,37,12,22,10,13,1,0,60,2,1,0.211,2.0
MIN/MIN201909080,"Sunday, September 8, 2019",1:13 p.m. Local,Target Field,31380,3:07,Day,Away,Cleveland Indians,CLE,Minnesota Twins,MIN,35,5,11,5,5.0,4,10,40,0.314,0.375,0.571,0.946,160,96,0.147,1.07,0.528,,0.0,27,5,9.0,1,54,19,23,11,15,6,0,62,2,1,0.352,3.0,32,2,5,2,2.0,4,10,37,0.156,0.27,0.313,0.583,151,93,-0.354,0.56,0.444,,-3.0,27,8,9.0,2,46,23,24,6,16,3,0,42,1,0,-0.149,-0.0
ANA/ANA201909090,"Monday, September 9, 2019",7:08 p.m. Local,Angel Stadium of Anaheim,35753,3:11,Night,Away,Cleveland Indians,CLE,Los Angeles Angels,LAA,34,6,9,6,6.0,5,9,39,0.265,0.359,0.441,0.8,155,93,0.209,0.77,0.674,,1.1,27,3,9.0,2,49,20,24,14,11,4,0,71,0,0,0.291,2.9,34,2,7,2,2.0,1,11,35,0.206,0.229,0.382,0.611,155,104,-0.291,0.67,0.276,,-2.9,27,11,9.0,2,56,22,26,7,16,1,0,40,3,1,-0.209,-1.1
ANA/ANA201909100,"Tuesday, September 10, 2019",7:08 p.m. Local,Angel Stadium of Anaheim,35508,2:46,Night,Away,Cleveland Indians,CLE,Los Angeles Angels,LAA,32,8,8,8,8.0,6,6,43,0.25,0.419,0.5,0.919,114,98,0.306,0.36,0.542,,3.1,27,11,9.0,0,54,17,27,10,17,4,0,82,,,0.194,4.9,30,0,4,0,0.0,2,5,32,0.133,0.188,0.2,0.388,166,78,-0.192,0.44,0.069,,-4.9,27,9,9.0,2,48,9,21,11,14,6,0,26,1,0,-0.307,-3.1
ANA/ANA201909110,"Wednesday, September 11, 2019",5:08 p.m. Local,Angel Stadium of Anaheim,33952,3:24,Night,Away,Cleveland Indians,CLE,Los Angeles Angels,LAA,36,4,10,4,4.0,3,4,39,0.278,0.333,0.528,0.861,164,87,0.011,1.53,0.527,,-0.9,27,4,9.0,2,59,12,16,13,19,6,0,44,2,0,0.49,1.9,34,3,7,3,3.0,6,10,40,0.206,0.325,0.441,0.766,141,104,-0.489,0.69,0.717,,-1.9,27,11,9.0,2,52,24,28,5,19,10,0,31,2,0,-0.011,0.9
CLE/CLE201909141,"Saturday, September 14, 2019",1:10 p.m. Local,Progressive Field,24258,2:53,Day,Away,Minnesota Twins,MIN,Cleveland Indians,CLE,34,2,7,2,2.0,1,11,35,0.206,0.229,0.353,0.582,146,79,-0.184,1.49,0.342,,-3.2,27,5,9.0,0,34,20,25,5,18,8,0,57,2,0,0.683,5.2,33,0,5,0,0.0,1,9,36,0.152,0.222,0.152,0.374,129,97,-0.684,0.68,0.427,,-5.2,27,3,9.0,1,49,17,31,9,15,6,0,71,0,0,0.183,3.2
CLE/CLE201909142,"Saturday, September 14, 2019",7:10 p.m. Local,Progressive Field,31841,3:02,Night,Away,Minnesota Twins,MIN,Cleveland Indians,CLE,36,9,8,9,9.0,3,11,39,0.222,0.282,0.5,0.782,148,84,0.593,0.86,1.132,,3.8,27,7,9.0,2,46,17,21,7,18,6,0,29,1,0,-0.09,0.2,34,5,8,5,5.0,4,12,38,0.235,0.316,0.471,0.786,132,95,0.091,1.06,0.711,,-0.2,27,6,9.0,3,54,21,20,10,12,4,0,46,5,4,-0.591,-3.8
CLE/CLE201909150,"Sunday, September 15, 2019",1:10 p.m. Local,Progressive Field,26414,3:09,Day,Home,Cleveland Indians,CLE,Minnesota Twins,MIN,38,5,13,5,5.0,2,9,40,0.342,0.375,0.684,1.059,140,98,0.013,1.01,0.944,,-0.2,24,13,8.0,1,59,22,17,14,15,7,0,50,4,2,-0.513,-2.4,33,7,10,6,4.5,3,4,37,0.303,0.378,0.424,0.803,144,82,0.514,1.15,1.033,,2.4,27,12,9.0,4,48,17,17,18,11,7,0,34,3,0,-0.014,0.2
CLE/CLE201909170,"Tuesday, September 17, 2019",7:10 p.m. Local,Progressive Field,19108,2:56,Night,Home,Cleveland Indians,CLE,Detroit Tigers,DET,28,2,4,2,2.0,4,8,33,0.143,0.273,0.286,0.558,179,86,-0.215,0.5,0.28,,-3.2,24,5,8.0,1,51,16,19,9,11,5,0,31,5,3,-0.285,-2.4,37,7,12,7,6.75,5,12,42,0.324,0.405,0.622,1.026,133,111,0.287,0.68,0.603,,2.4,27,10,9.0,1,64,17,30,10,15,7,0,61,0,0,0.216,3.2
CLE/CLE201909180,"Wednesday, September 18, 2019",7:11 p.m. Local,Progressive Field,15828,2:45,Night,Home,Cleveland Indians,CLE,Detroit Tigers,DET,31,1,4,1,0.9,1,7,34,0.129,0.152,0.258,0.41,140,82,-0.779,1.83,0.212,,-4.7,29,14,9.2,0,50,10,22,13,13,3,0,59,0,0,0.279,2.9,35,2,9,2,0.93,3,9,40,0.257,0.316,0.257,0.573,121,93,-0.28,1.21,0.856,,-2.9,30,11,10.0,0,56,20,19,18,10,2,0,70,0,0,0.779,4.7
CLE/CLE201909190,"Thursday, September 19, 2019",7:16 p.m. Local,Progressive Field,19432,3:17,Night,Home,Cleveland Indians,CLE,Detroit Tigers,DET,36,0,9,0,0.0,1,9,37,0.25,0.27,0.306,0.576,166,103,-0.291,0.45,0.18,,-5.2,24,12,8.0,1,52,26,25,9,18,11,0,50,2,2,-0.209,-2.4,33,7,12,7,7.88,3,4,38,0.364,0.405,0.545,0.951,149,109,0.209,0.62,0.433,,2.4,27,8,9.0,0,67,16,26,18,13,5,0,63,0,0,0.292,5.2
CLE/CLE201909200,"Friday, September 20, 2019",7:10 p.m. Local,Progressive Field,26329,3:01,Night,Home,Cleveland Indians,CLE,Philadelphia Phillies,PHI,33,2,7,2,2.0,1,7,34,0.212,0.235,0.303,0.538,138,82,-0.338,0.6,0.402,,-3.2,24,17,8.0,0,45,17,20,13,13,6,0,27,3,0,-0.161,-0.4,29,5,7,5,5.62,5,5,34,0.241,0.353,0.31,0.663,121,76,0.161,0.97,0.472,,0.4,27,10,9.0,0,44,12,20,16,8,4,0,63,2,0,0.34,3.2
CLE/CLE201909210,"Saturday, September 21, 2019",7:10 p.m. Local,Progressive Field,32791,3:17,Night,Away,Philadelphia Phillies,PHI,Cleveland Indians,CLE,37,9,10,9,7.0,2,7,40,0.27,0.3,0.676,0.976,133,115,0.341,0.83,0.867,,3.8,27,7,9.0,1,72,20,23,10,21,5,0,58,0,0,0.161,1.2,32,4,5,4,2.0,2,12,34,0.156,0.206,0.25,0.456,181,82,-0.16,0.74,0.443,,-1.2,27,6,9.0,4,42,14,26,9,11,6,0,38,3,3,-0.34,-3.8
CLE/CLE201909220,"Sunday, September 22, 2019",6:37 p.m. Local,Progressive Field,25309,3:04,Night,Home,Cleveland Indians,CLE,Philadelphia Phillies,PHI,31,1,5,1,1.0,2,9,33,0.161,0.212,0.29,0.502,136,78,-0.287,0.72,0.345,,-4.2,24,11,8.0,2,43,17,18,7,15,6,0,50,5,4,-0.214,-5.4,34,10,9,10,7.88,2,9,38,0.265,0.324,0.529,0.854,127,90,0.215,0.82,0.6,,5.4,27,7,9.0,0,58,13,19,14,12,6,0,52,2,0,0.286,4.2
CHA/CHA201909240,"Tuesday, September 24, 2019",7:11 p.m. Local,Guaranteed Rate Field,13940,3:02,Night,Away,Cleveland Indians,CLE,Chicago White Sox,CHW,39,11,12,11,11.0,6,11,45,0.308,0.4,0.692,1.092,116,115,0.404,0.14,0.49,,6.2,27,6,9.0,0,67,19,29,8,20,9,0,76,0,0,0.096,4.8,33,0,6,0,0.0,1,14,34,0.182,0.206,0.242,0.448,193,75,-0.097,0.24,0.021,,-4.8,27,8,9.0,4,39,20,16,8,11,4,0,32,1,0,-0.404,-6.2
CHA/CHA201909250,"Wednesday, September 25, 2019",7:11 p.m. Local,Guaranteed Rate Field,15980,3:17,Night,Home,Chicago White Sox,CHW,Cleveland Indians,CLE,32,3,6,2,3.0,5,10,37,0.188,0.297,0.281,0.579,150,95,-0.195,0.62,0.46,,-1.8,24,6,8.0,2,52,17,26,10,12,5,0,39,4,2,-0.307,-3.7,38,8,14,6,6.75,2,9,40,0.368,0.4,0.553,0.953,151,96,0.309,0.89,0.64,,3.7,27,8,9.0,1,54,22,20,10,19,11,0,46,5,0,0.193,1.8
CHA/CHA201909260,"Thursday, September 26, 2019",7:11 p.m. Local,Guaranteed Rate Field,16273,2:57,Night,Home,Chicago White Sox,CHW,Cleveland Indians,CLE,32,0,4,0,0.0,0,10,32,0.125,0.125,0.125,0.25,164,88,-0.279,0.41,0.09,,-4.8,24,13,8.0,3,52,10,26,14,8,4,0,39,1,0,-0.221,-3.7,33,8,11,8,9.0,6,8,39,0.333,0.436,0.727,1.163,132,99,0.222,0.56,0.489,,3.7,27,10,9.0,0,54,15,30,12,13,6,0,50,2,0,0.279,4.8
WAS/WAS201909270,"Friday, September 27, 2019",7:06 p.m. Local,Nationals Park,27434,2:44,Night,Home,Washington Nationals,WSN,Cleveland Indians,CLE,28,2,3,2,2.0,0,8,30,0.107,0.103,0.179,0.282,130,73,-0.209,0.97,0.185,,-3.1,24,4,8.0,2,34,20,19,10,12,6,0,52,1,1,-0.291,-3.5,33,8,11,8,9.0,4,9,38,0.333,0.395,0.606,1.001,111,83,0.291,0.65,0.818,,3.5,27,7,9.0,0,49,14,20,8,17,8,0,65,0,0,0.209,3.1
WAS/WAS201909280,"Saturday, September 28, 2019",4:05 p.m. Local,Nationals Park,38435,3:10,Day,Home,Washington Nationals,WSN,Cleveland Indians,CLE,35,7,9,7,7.0,5,12,40,0.257,0.35,0.657,1.007,136,102,-0.145,0.61,0.285,,1.9,24,4,8.0,1,53,27,22,11,12,4,0,9,3,3,-0.353,-5.5,34,10,11,10,11.25,5,8,40,0.324,0.425,0.5,0.925,164,83,0.354,0.5,0.636,,5.5,27,10,9.0,4,51,12,20,9,17,6,0,31,0,0,0.147,-1.9
WAS/WAS201909290,"Sunday, September 29, 2019",3:07 p.m. Local,Nationals Park,36764,2:50,Day,Home,Washington Nationals,WSN,Cleveland Indians,CLE,32,2,6,1,2.0,4,8,36,0.188,0.278,0.313,0.59,142,76,-0.272,0.56,0.323,,-3.1,24,7,8.0,1,45,13,18,11,13,4,0,33,1,1,-0.229,-3.5,37,8,14,8,9.0,2,8,39,0.378,0.41,0.541,0.951,131,93,0.229,0.79,0.603,,3.5,27,12,9.0,1,57,16,20,10,19,8,0,66,0,0,0.271,3.1
