,date,time,venue,attendance,duration,time_of_day,winner,winning_name,winning_abbr,losing_name,losing_abbr,away_at_bats,away_runs,away_hits,away_rbi,away_earned_runs,away_bases_on_balls,away_strikeouts,away_plate_appearances,away_batting_average,away_on_base_percentage,away_slugging_percentage,away_on_base_plus,away_pitches,away_strikes,away_win_probability_for_offensive_player,away_average_leverage_index,away_win_probability_added,away_win_probability_subtracted,away_base_out_runs_added,away_putouts,away_assists,away_innings_pitched,away_home_runs,away_strikes_by_contact,away_strikes_swinging,away_strikes_looking,away_grounded_balls,away_fly_balls,away_line_drives,away_unknown_bat_type,away_game_score,away_inherited_runners,away_inherited_score,away_win_probability_by_pitcher,away_base_out_runs_saved,home_at_bats,home_runs,home_hits,home_rbi,home_earned_runs,home_bases_on_balls,home_strikeouts,home_plate_appearances,home_batting_average,home_on_base_percentage,home_slugging_percentage,home_on_base_plus,home_pitches,home_strikes,home_win_probability_for_offensive_player,home_average_leverage_index,home_win_probability_added,home_win_probability_subtracted,home_base_out_runs_added,home_putouts,home_assists,home_innings_pitched,home_home_runs,home_strikes_by_contact,home_strikes_swinging,home_strikes_looking,home_grounded_balls,home_fly_balls,home_line_drives,home_unknown_bat_type,home_game_score,home_inherited_runners,home_inherited_score,home_win_probability_by_pitcher,home_base_out_runs_saved
LAN/LAN201903280,"Thursday, March 28, 2019",1:12 p.m. Local,Dodger Stadium,53086,2:49,Day,Home,Los Angeles Dodgers,LAD,Arizona Diamondbacks,ARI,33,5,9,5,5.0,0,10,35,0.273,0.257,0.576,0.833,144,91,-0.203,0.38,0.051,,0.4,24,7,8.0,8,50,11,30,10,15,5,0,20,0,0,-0.297,-7.9,35,12,12,12,13.5,3,3,39,0.343,0.395,1.057,1.452,125,92,0.296,0.31,0.422,,7.9,27,8,9.0,2,59,9,24,9,24,7,0,68,0,0,0.203,-0.4
LAN/LAN201903290,"Friday, March 29, 2019",7:10 p.m. Local,Dodger Stadium,42266,6:05,Night,Away,Arizona Diamondbacks,ARI,Los Angeles Dodgers,LAD,50,5,10,5,1.38,6,15,56,0.2,0.286,0.32,0.606,262,142,-0.112,1.8,1.397,,-1.6,39,14,13.0,1,79,23,40,22,13,4,0,53,1,0,0.611,2.6,45,4,11,4,2.77,12,14,60,0.244,0.414,0.333,0.747,232,148,-0.609,1.71,1.243,,-2.6,39,15,13.0,1,80,26,44,15,18,11,0,66,2,2,0.111,1.6
LAN/LAN201903300,"Saturday, March 30, 2019",6:11 p.m. Local,Dodger Stadium,50626,3:14,Night,Home,Los Angeles Dodgers,LAD,Arizona Diamondbacks,ARI,32,5,7,5,5.0,3,7,35,0.219,0.286,0.594,0.879,182,94,-0.109,0.43,0.233,,0.4,24,8,8.0,4,47,17,30,12,13,3,0,23,2,2,-0.392,-13.9,41,18,19,18,19.12,6,4,51,0.463,0.56,0.829,1.389,146,108,0.392,0.38,0.652,,13.9,27,10,9.0,4,65,12,31,8,30,16,0,56,1,0,0.109,-0.4
LAN/LAN201903310,"Sunday, March 31, 2019",1:10 p.m. Local,Dodger Stadium,43815,3:29,Day,Home,Los Angeles Dodgers,LAD,Arizona Diamondbacks,ARI,39,7,13,7,7.0,1,4,40,0.333,0.35,0.513,0.863,170,111,0.224,1.45,0.89,,2.4,24,7,8.0,1,81,9,21,15,20,9,0,34,1,0,-0.724,-3.9,32,8,8,7,5.62,6,8,41,0.25,0.366,0.406,0.772,160,105,0.722,1.01,1.461,,3.9,27,7,9.0,1,64,14,27,12,14,7,0,28,2,2,-0.223,-2.4
LAN/LAN201904010,"Monday, April 1, 2019",7:11 p.m. Local,Dodger Stadium,40477,2:59,Night,Away,San Francisco Giants,SFG,Los Angeles Dodgers,LAD,36,4,9,4,4.0,0,11,37,0.25,0.27,0.444,0.715,136,97,0.186,1.06,0.869,,-0.6,27,12,9.0,2,51,22,24,11,14,7,0,52,0,0,0.314,2.6,32,2,7,2,2.0,2,8,34,0.219,0.265,0.406,0.671,145,87,-0.313,1.12,0.512,,-2.6,27,6,9.0,1,44,12,31,11,13,6,0,68,3,2,-0.187,0.6
LAN/LAN201904020,"Tuesday, April 2, 2019",7:11 p.m. Local,Dodger Stadium,42887,2:50,Night,Home,Los Angeles Dodgers,LAD,San Francisco Giants,SFG,34,5,9,5,4.0,2,8,36,0.265,0.306,0.382,0.688,134,83,-0.248,0.68,0.696,,0.4,24,8,8.0,1,55,10,18,17,9,4,0,54,0,0,-0.252,-1.9,30,6,7,6,1.12,3,5,34,0.233,0.294,0.367,0.661,131,79,0.251,1.15,0.573,,1.9,27,12,9.0,1,45,10,24,12,14,6,0,62,2,2,0.248,-0.4
LAN/LAN201904030,"Wednesday, April 3, 2019",7:10 p.m. Local,Dodger Stadium,51170,2:59,Night,Home,Los Angeles Dodgers,LAD,San Francisco Giants,SFG,32,3,6,3,3.0,1,5,34,0.188,0.235,0.375,0.61,163,83,-0.207,1.22,0.461,,-1.6,24,7,8.0,1,48,12,23,14,13,3,0,56,2,0,-0.293,-0.9,31,5,7,5,5.62,5,10,36,0.226,0.333,0.452,0.785,115,100,0.294,0.99,1.016,,0.9,27,11,9.0,2,53,14,33,9,12,3,0,51,0,0,0.207,1.6
COL/COL201904050,"Friday, April 5, 2019",2:12 p.m. Local,Coors Field,48404,3:52,Day,Away,Los Angeles Dodgers,LAD,Colorado Rockies,COL,37,10,13,10,9.0,6,5,45,0.351,0.432,0.703,1.135,174,102,0.294,0.79,0.679,,4.4,27,10,9.0,3,62,11,29,11,23,12,0,55,1,0,0.205,-0.4,34,6,10,6,6.0,6,7,41,0.294,0.39,0.559,0.949,170,102,-0.207,0.55,0.436,,0.4,27,8,9.0,3,64,16,22,11,17,9,0,19,3,0,-0.294,-4.4
COL/COL201904060,"Saturday, April 6, 2019",6:12 p.m. Local,Coors Field,47880,3:19,Night,Away,Los Angeles Dodgers,LAD,Colorado Rockies,COL,31,7,11,7,7.0,3,9,39,0.355,0.395,0.613,1.008,149,85,0.146,0.98,0.653,,1.4,27,7,9.0,1,48,13,27,12,14,7,0,59,5,1,0.357,3.6,32,2,6,2,2.0,4,6,36,0.188,0.278,0.313,0.59,149,96,-0.355,0.73,0.407,,-3.6,27,11,9.0,1,55,19,22,11,15,6,0,38,0,0,-0.145,-1.4
COL/COL201904070,"Sunday, April 7, 2019",6:37 p.m. Local,Coors Field,41232,3:52,Night,Away,Los Angeles Dodgers,LAD,Colorado Rockies,COL,35,12,12,9,10.0,10,4,48,0.343,0.478,0.657,1.135,156,110,0.412,0.62,0.768,,6.4,27,8,9.0,0,66,17,27,17,17,8,0,39,3,2,0.086,-0.4,34,6,10,6,6.0,5,8,43,0.294,0.395,0.5,0.895,199,99,-0.086,0.54,0.382,,0.4,27,13,9.0,2,56,20,23,10,18,9,0,18,3,2,-0.414,-6.4
SLN/SLN201904080,"Monday, April 8, 2019",6:47 p.m. Local,Busch Stadium III,35858,2:41,Night,Home,St. Louis Cardinals,STL,Los Angeles Dodgers,LAD,30,3,5,3,3.0,3,5,36,0.167,0.306,0.233,0.539,111,75,-0.38,0.99,0.752,,-1.7,24,10,8.0,1,43,12,20,10,15,3,0,43,1,1,-0.12,0.1,28,4,5,3,4.5,2,4,30,0.179,0.233,0.321,0.555,132,70,0.119,1.52,0.689,,-0.1,27,12,9.0,0,41,12,17,12,12,8,0,52,0,0,0.38,1.7
SLN/SLN201904090,"Tuesday, April 9, 2019",6:45 p.m. Local,Busch Stadium III,36353,3:17,Night,Home,St. Louis Cardinals,STL,Los Angeles Dodgers,LAD,32,0,7,0,0.0,8,11,40,0.219,0.375,0.281,0.656,145,104,-0.358,0.52,0.447,,-4.7,24,4,8.0,1,39,25,40,10,11,6,0,45,0,0,-0.143,0.1,31,4,6,4,4.5,4,12,36,0.194,0.306,0.419,0.725,176,97,0.143,1.09,0.45,,-0.1,27,8,9.0,0,48,21,28,6,13,7,0,52,5,0,0.357,4.7
SLN/SLN201904100,"Wednesday, April 10, 2019",6:46 p.m. Local,Busch Stadium III,36244,2:52,Night,Home,St. Louis Cardinals,STL,Los Angeles Dodgers,LAD,31,2,5,2,2.0,1,11,33,0.161,0.212,0.355,0.567,118,100,-0.294,0.63,0.274,,-2.7,24,11,8.0,2,63,13,24,5,15,4,0,38,0,0,-0.205,-2.9,32,7,10,7,7.88,1,6,34,0.312,0.333,0.594,0.927,148,84,0.205,0.78,0.523,,2.9,27,4,9.0,2,41,17,26,12,15,9,0,70,0,0,0.296,2.7
SLN/SLN201904110,"Thursday, April 11, 2019",12:15 p.m. Local,Busch Stadium III,38200,3:12,Day,Home,St. Louis Cardinals,STL,Los Angeles Dodgers,LAD,35,7,10,7,7.0,1,11,39,0.286,0.308,0.629,0.936,174,113,0.354,1.29,0.794,,2.3,24,5,8.0,0,57,20,36,9,17,11,0,35,0,0,-0.852,-6.9,33,11,10,7,10.12,4,10,41,0.303,0.4,0.364,0.764,164,108,0.855,0.7,1.477,,6.9,27,8,9.0,3,56,20,32,10,15,4,0,19,1,0,-0.353,-2.3
LAN/LAN201904120,"Friday, April 12, 2019",7:11 p.m. Local,Dodger Stadium,43643,3:54,Night,Away,Milwaukee Brewers,MIL,Los Angeles Dodgers,LAD,38,8,12,8,7.0,2,7,42,0.316,0.357,0.5,0.857,175,97,0.515,1.53,1.135,,3.4,27,8,9.0,3,55,18,24,13,19,8,0,26,2,0,-0.015,-0.4,37,5,12,5,5.0,4,6,43,0.324,0.39,0.649,1.039,152,109,0.016,0.88,1.228,,0.4,27,7,9.0,2,73,13,23,13,20,7,0,36,1,0,-0.515,-3.4
LAN/LAN201904130,"Saturday, April 13, 2019",6:10 p.m. Local,Dodger Stadium,53922,2:54,Night,Away,Milwaukee Brewers,MIL,Los Angeles Dodgers,LAD,35,4,9,4,4.0,5,10,41,0.257,0.366,0.457,0.823,123,100,0.13,1.07,0.605,,-0.6,27,14,9.0,1,59,15,26,12,13,7,0,63,0,0,0.369,3.6,32,1,8,1,1.0,0,6,32,0.25,0.25,0.344,0.594,153,76,-0.37,0.82,0.359,,-3.6,27,11,9.0,2,42,11,23,16,10,7,0,46,4,0,-0.131,0.6
LAN/LAN201904140,"Sunday, April 14, 2019",1:10 p.m. Local,Dodger Stadium,45235,2:34,Day,Home,Los Angeles Dodgers,LAD,Milwaukee Brewers,MIL,29,1,4,1,1.0,2,5,32,0.138,0.188,0.207,0.394,144,71,-0.193,0.35,0.063,,-3.6,24,6,8.0,2,41,13,17,10,15,6,0,21,1,0,-0.308,-2.9,35,7,11,7,7.88,5,8,40,0.314,0.4,0.543,0.943,109,81,0.31,0.32,0.445,,2.9,27,7,9.0,0,47,13,21,8,19,8,0,72,0,0,0.192,3.6
LAN/LAN201904150,"Monday, April 15, 2019",7:10 p.m. Local,Dodger Stadium,52974,2:49,Night,Home,Los Angeles Dodgers,LAD,Cincinnati Reds,CIN,32,3,7,3,3.0,0,10,32,0.219,0.219,0.344,0.563,146,81,-0.024,1.75,0.818,,-1.6,24,11,8.0,1,49,15,18,14,8,3,0,53,1,0,-0.476,0.1,29,4,5,4,4.5,6,10,37,0.172,0.333,0.31,0.644,121,83,0.479,1.26,1.484,,-0.1,27,14,9.0,1,40,21,22,14,6,4,0,65,0,0,0.024,1.6
LAN/LAN201904160,"Tuesday, April 16, 2019",7:11 p.m. Local,Dodger Stadium,45406,2:51,Night,Home,Los Angeles Dodgers,LAD,Cincinnati Reds,CIN,31,1,4,1,1.0,3,6,34,0.129,0.206,0.226,0.432,138,85,-0.288,0.53,0.221,,-3.6,24,12,8.0,1,50,19,16,10,15,5,0,37,0,0,-0.211,-1.9,35,6,13,6,6.75,1,5,36,0.371,0.389,0.543,0.932,131,94,0.212,0.74,0.496,,1.9,27,9,9.0,0,61,10,23,16,14,8,0,64,0,0,0.288,3.6
LAN/LAN201904170,"Wednesday, April 17, 2019",12:10 p.m. Local,Dodger Stadium,42691,2:37,Day,Home,Los Angeles Dodgers,LAD,Cincinnati Reds,CIN,29,2,3,2,0.0,1,10,32,0.103,0.156,0.103,0.26,116,79,-0.5,0.9,0.311,,-2.6,24,10,8.0,1,42,18,20,6,14,6,0,63,0,0,0.0,1.1,27,3,3,3,3.38,2,11,29,0.111,0.172,0.222,0.395,127,73,-0.001,1.2,0.479,,-1.1,27,4,9.0,0,32,14,27,8,8,3,0,72,3,1,0.5,2.6
MIL/MIL201904180,"Thursday, April 18, 2019",7:10 p.m. Local,Miller Park,33281,3:02,Night,Away,Los Angeles Dodgers,LAD,Milwaukee Brewers,MIL,30,3,6,3,3.0,4,5,35,0.2,0.294,0.5,0.794,143,96,-0.007,0.92,0.56,,-1.8,27,3,9.0,1,57,5,34,13,13,7,0,77,1,0,0.506,3.8,31,1,5,1,1.0,2,12,33,0.161,0.212,0.258,0.47,164,91,-0.507,0.82,0.184,,-3.8,27,13,9.0,2,46,26,19,5,14,6,0,60,0,0,0.006,1.8
MIL/MIL201904190,"Friday, April 19, 2019",7:10 p.m. Local,Miller Park,36776,3:47,Night,Away,Los Angeles Dodgers,LAD,Milwaukee Brewers,MIL,32,5,7,5,5.0,9,10,42,0.219,0.381,0.344,0.725,160,108,0.133,1.06,1.145,,0.2,27,7,9.0,2,60,14,34,9,14,7,0,53,4,0,0.367,1.8,32,3,7,3,3.0,4,14,37,0.219,0.324,0.406,0.731,185,97,-0.366,1.54,0.478,,-1.8,27,6,9.0,1,42,21,34,10,8,1,0,51,4,0,-0.133,-0.2
MIL/MIL201904200,"Saturday, April 20, 2019",6:10 p.m. Local,Miller Park,40402,2:51,Night,Home,Milwaukee Brewers,MIL,Los Angeles Dodgers,LAD,29,0,2,0,0.0,5,8,34,0.069,0.206,0.069,0.275,125,96,-0.47,0.67,0.102,,-4.8,24,5,8.0,3,53,11,32,12,9,1,0,57,2,0,-0.031,-0.7,32,5,8,5,5.62,2,11,34,0.25,0.294,0.594,0.888,155,85,0.029,0.72,0.472,,0.7,27,8,9.0,0,39,23,23,6,15,4,0,68,0,0,0.469,4.8
MIL/MIL201904210,"Sunday, April 21, 2019",1:11 p.m. Local,Miller Park,32054,3:13,Day,Away,Los Angeles Dodgers,LAD,Milwaukee Brewers,MIL,36,6,10,6,6.0,5,12,41,0.278,0.366,0.583,0.949,146,104,0.477,1.16,0.904,,1.2,27,7,9.0,2,56,19,29,11,13,6,0,63,2,2,0.023,-0.2,32,5,6,5,5.0,4,11,37,0.188,0.297,0.438,0.735,161,94,-0.022,0.64,0.837,,0.2,27,7,9.0,3,50,21,23,10,11,3,0,38,0,0,-0.477,-1.2
CHN/CHN201904230,"Tuesday, April 23, 2019",7:05 p.m. Local,Wrigley Field,35536,2:56,Night,Home,Chicago Cubs,CHC,Los Angeles Dodgers,LAD,33,2,7,2,2.0,2,11,36,0.212,0.257,0.273,0.53,131,94,-0.181,0.46,0.187,,-2.9,24,10,8.0,2,48,15,31,13,10,6,0,26,0,0,-0.319,-2.7,31,7,8,7,7.88,6,9,37,0.258,0.378,0.516,0.895,150,88,0.32,0.52,0.497,,2.7,27,10,9.0,0,46,12,30,11,11,4,0,66,2,0,0.181,2.9
CHN/CHN201904240,"Wednesday, April 24, 2019",7:05 p.m. Local,Wrigley Field,35743,2:48,Night,Home,Chicago Cubs,CHC,Los Angeles Dodgers,LAD,31,6,6,6,6.0,7,10,38,0.194,0.342,0.387,0.729,130,101,-0.097,0.82,0.793,,1.1,24,10,8.0,2,51,20,30,10,11,4,0,48,0,0,-0.403,-2.7,30,7,7,7,7.88,3,3,34,0.233,0.324,0.533,0.857,167,77,0.402,1.16,0.864,,2.7,27,9,9.0,2,49,9,19,10,17,9,0,51,0,0,0.096,-1.1
CHN/CHN201904250,"Thursday, April 25, 2019",1:21 p.m. Local,Wrigley Field,35451,3:08,Day,Away,Los Angeles Dodgers,LAD,Chicago Cubs,CHC,30,2,4,1,2.0,3,10,35,0.133,0.229,0.233,0.462,143,90,-0.195,1.38,0.426,,-2.9,27,10,9.0,1,48,19,23,11,10,6,0,59,1,0,0.696,3.9,32,1,7,1,1.0,3,12,36,0.219,0.306,0.344,0.649,146,92,-0.696,0.98,0.452,,-3.9,27,12,9.0,0,52,19,23,12,8,4,0,60,3,1,0.195,2.9
LAN/LAN201904260,"Friday, April 26, 2019",7:10 p.m. Local,Dodger Stadium,50748,2:52,Night,Home,Los Angeles Dodgers,LAD,Pittsburgh Pirates,PIT,35,2,9,1,2.0,0,11,35,0.257,0.257,0.371,0.629,165,78,-0.142,0.43,0.409,,-2.6,24,6,8.0,2,38,20,20,11,13,7,0,26,0,0,-0.358,-1.9,31,6,9,6,6.75,5,10,37,0.29,0.389,0.516,0.905,119,99,0.358,0.73,0.598,,1.9,27,11,9.0,1,54,16,29,9,13,6,0,63,1,0,0.142,2.6
LAN/LAN201904270,"Saturday, April 27, 2019",6:10 p.m. Local,Dodger Stadium,47877,2:58,Night,Home,Los Angeles Dodgers,LAD,Pittsburgh Pirates,PIT,31,1,5,1,1.0,2,9,34,0.161,0.212,0.194,0.406,119,91,-0.402,1.39,0.506,,-3.6,24,12,8.0,0,53,19,19,11,12,6,0,58,1,0,-0.099,1.1,29,3,6,3,1.12,2,7,33,0.207,0.273,0.276,0.549,139,80,0.099,1.4,0.831,,-1.1,27,9,9.0,0,46,11,23,14,9,3,0,73,3,0,0.401,3.6
LAN/LAN201904280,"Sunday, April 28, 2019",1:11 p.m. Local,Dodger Stadium,52875,3:07,Day,Home,Los Angeles Dodgers,LAD,Pittsburgh Pirates,PIT,36,6,9,6,2.0,2,11,39,0.25,0.289,0.472,0.762,145,110,-0.027,1.21,0.968,,1.4,24,6,8.0,1,63,18,29,13,13,3,0,41,2,1,-0.475,-2.9,32,7,10,7,6.75,2,7,36,0.312,0.343,0.5,0.843,152,102,0.476,1.51,1.114,,2.9,27,6,9.0,2,65,13,24,8,19,8,0,56,0,0,0.026,-1.4
SFN/SFN201904290,"Monday, April 29, 2019",6:45 p.m. Local,Oracle Park,32212,3:14,Night,Home,San Francisco Giants,SFG,Los Angeles Dodgers,LAD,34,2,9,2,2.0,3,4,37,0.265,0.324,0.294,0.618,125,102,-0.349,1.55,0.709,,-2.5,24,8,8.0,0,64,11,27,11,19,9,0,54,4,3,-0.151,1.0,33,3,11,3,3.38,5,6,38,0.333,0.421,0.455,0.876,156,75,0.152,1.54,1.112,,-1.0,27,8,9.0,0,46,12,17,11,16,10,0,63,2,0,0.347,2.5
SFN/SFN201904300,"Tuesday, April 30, 2019",6:46 p.m. Local,Oracle Park,32017,2:45,Night,Away,Los Angeles Dodgers,LAD,San Francisco Giants,SFG,37,10,10,10,10.0,5,6,42,0.27,0.357,0.568,0.925,142,97,0.338,0.63,0.636,,5.5,27,11,9.0,0,56,6,35,12,19,7,0,49,1,0,0.161,1.5,32,3,6,3,3.0,1,9,33,0.188,0.212,0.281,0.493,158,96,-0.162,0.56,0.221,,-1.5,27,9,9.0,3,55,14,27,14,9,5,0,45,2,0,-0.339,-5.5
SFN/SFN201905010,"Wednesday, May 1, 2019",6:45 p.m. Local,Oracle Park,31960,3:01,Night,Home,San Francisco Giants,SFG,Los Angeles Dodgers,LAD,34,1,6,1,1.0,2,12,36,0.176,0.222,0.206,0.428,123,111,-0.532,1.36,0.77,,-3.5,26,11,8.2,0,65,21,25,8,14,5,0,76,2,1,0.029,2.0,30,2,7,2,2.08,0,7,31,0.233,0.226,0.267,0.492,165,76,-0.029,1.87,0.725,,-2.0,27,7,9.0,0,43,10,23,12,12,4,0,66,0,0,0.529,3.5
SDN/SDN201905030,"Friday, May 3, 2019",7:10 p.m. Local,Petco Park,44425,3:13,Night,Away,Los Angeles Dodgers,LAD,San Diego Padres,SDP,35,4,9,4,4.0,2,13,38,0.257,0.289,0.486,0.775,142,105,0.168,1.22,1.143,,-0.5,27,11,9.0,2,53,17,35,8,15,6,0,53,0,0,0.331,1.5,32,3,6,3,3.0,2,10,35,0.188,0.235,0.438,0.673,154,97,-0.331,1.48,0.53,,-1.5,27,4,9.0,2,53,18,26,11,12,5,0,54,3,1,-0.169,0.5
SDN/SDN201905040,"Saturday, May 4, 2019",5:42 p.m. Local,Petco Park,44558,4:12,Night,Away,Los Angeles Dodgers,LAD,San Diego Padres,SDP,38,7,11,7,7.0,5,10,44,0.289,0.386,0.421,0.807,190,118,0.563,1.62,1.406,,2.5,27,11,9.0,2,64,20,34,18,10,2,0,38,5,2,-0.062,-1.5,35,6,10,6,6.0,4,8,42,0.286,0.381,0.486,0.867,197,121,0.061,1.5,1.192,,1.5,27,10,9.0,1,69,23,29,14,14,7,0,45,4,3,-0.563,-2.5
SDN/SDN201905050,"Sunday, May 5, 2019",1:10 p.m. Local,Petco Park,44473,2:58,Day,Home,San Diego Padres,SDP,Los Angeles Dodgers,LAD,33,5,8,5,5.0,4,3,39,0.242,0.342,0.515,0.857,132,78,0.21,1.75,1.009,,0.5,26,4,8.2,2,44,15,19,14,17,8,0,53,0,0,-0.709,-3.6,32,8,7,8,8.31,3,12,36,0.219,0.278,0.5,0.778,129,90,0.71,1.18,1.634,,3.6,27,10,9.0,2,48,20,22,6,15,6,0,40,1,0,-0.21,-0.5
LAN/LAN201905060,"Monday, May 6, 2019",7:10 p.m. Local,Dodger Stadium,43393,2:45,Night,Home,Los Angeles Dodgers,LAD,Atlanta Braves,ATL,32,3,5,3,3.0,0,10,32,0.156,0.156,0.344,0.5,138,97,-0.326,0.61,0.246,,-1.6,24,6,8.0,0,53,13,31,6,16,9,0,35,2,0,-0.175,-0.9,32,5,9,4,3.38,5,9,38,0.281,0.368,0.344,0.712,132,86,0.176,0.81,0.443,,0.9,27,4,9.0,2,46,21,19,9,15,6,0,63,0,0,0.325,1.6
LAN/LAN201905070,"Tuesday, May 7, 2019",7:10 p.m. Local,Dodger Stadium,47337,2:42,Night,Home,Los Angeles Dodgers,LAD,Atlanta Braves,ATL,30,0,4,0,0.0,0,6,30,0.133,0.133,0.167,0.3,147,67,-0.247,0.37,0.042,,-4.6,24,5,8.0,3,42,9,16,13,11,8,0,29,1,1,-0.254,-4.9,33,9,11,9,10.12,3,5,39,0.333,0.395,0.636,1.031,93,88,0.253,0.41,0.424,,4.9,27,11,9.0,0,46,13,29,8,22,7,0,85,,,0.246,4.6
LAN/LAN201905080,"Wednesday, May 8, 2019",7:10 p.m. Local,Dodger Stadium,53707,2:58,Night,Home,Los Angeles Dodgers,LAD,Atlanta Braves,ATL,37,4,11,4,4.0,1,7,38,0.297,0.316,0.432,0.748,146,94,-0.084,0.69,0.568,,-0.6,24,7,8.0,3,53,14,27,16,14,6,0,40,3,0,-0.415,-4.9,33,9,9,8,10.12,7,5,40,0.273,0.4,0.576,0.976,132,92,0.415,0.91,0.782,,4.9,27,12,9.0,1,46,19,27,11,17,5,0,43,4,1,0.085,0.6
LAN/LAN201905090,"Thursday, May 9, 2019",7:10 p.m. Local,Dodger Stadium,42851,3:11,Night,Away,Washington Nationals,WSN,Los Angeles Dodgers,LAD,35,6,9,6,3.0,3,7,40,0.257,0.333,0.4,0.733,146,104,0.124,0.86,0.448,,1.4,27,9,9.0,0,69,16,19,17,12,3,0,75,2,0,0.375,4.6,31,0,6,0,0.0,4,9,36,0.194,0.306,0.194,0.499,166,92,-0.375,0.49,0.321,,-4.6,27,12,9.0,1,46,22,24,11,11,3,0,48,0,0,-0.124,-1.4
LAN/LAN201905100,"Friday, May 10, 2019",7:11 p.m. Local,Dodger Stadium,43533,2:58,Night,Home,Los Angeles Dodgers,LAD,Washington Nationals,WSN,31,0,4,0,0.0,2,7,34,0.129,0.206,0.129,0.335,163,84,-0.397,0.57,0.147,,-4.6,24,9,8.0,3,54,14,16,10,14,5,0,40,1,0,-0.104,-0.9,33,5,9,5,5.62,4,6,37,0.273,0.351,0.636,0.988,126,105,0.107,0.74,0.493,,0.9,27,7,9.0,0,67,9,29,12,15,7,0,74,0,0,0.395,4.6
LAN/LAN201905110,"Saturday, May 11, 2019",6:10 p.m. Local,Dodger Stadium,53647,2:58,Night,Away,Washington Nationals,WSN,Los Angeles Dodgers,LAD,33,5,7,5,0.0,2,10,36,0.212,0.257,0.333,0.59,139,98,0.457,0.69,1.289,,1.6,27,6,9.0,1,56,18,24,13,11,5,0,64,0,0,0.139,2.6,31,2,5,2,2.0,2,8,35,0.161,0.257,0.29,0.547,142,93,-0.139,1.58,0.405,,-2.6,27,10,9.0,1,51,20,22,7,16,8,0,75,6,4,-0.361,-0.4
LAN/LAN201905120,"Sunday, May 12, 2019",1:10 p.m. Local,Dodger Stadium,45667,2:46,Day,Home,Los Angeles Dodgers,LAD,Washington Nationals,WSN,28,0,1,0,0.0,1,10,29,0.036,0.069,0.071,0.14,148,90,-0.496,0.65,0.093,,-4.6,24,7,8.0,1,51,16,23,9,9,3,0,61,1,0,-0.006,-1.9,28,6,7,6,6.75,4,8,36,0.25,0.353,0.393,0.746,130,96,0.006,0.85,0.319,,1.9,27,9,9.0,0,53,17,26,9,14,6,0,88,0,0,0.495,4.6
LAN/LAN201905140,"Tuesday, May 14, 2019",7:10 p.m. Local,Dodger Stadium,46460,2:32,Night,Home,Los Angeles Dodgers,LAD,San Diego Padres,SDP,31,3,7,3,3.0,1,7,32,0.226,0.25,0.484,0.734,130,83,-0.144,0.61,0.43,,-1.6,24,5,8.0,2,40,21,22,14,10,3,0,38,0,0,-0.355,-1.9,32,6,8,6,3.38,1,5,35,0.25,0.294,0.5,0.794,126,90,0.355,0.77,0.65,,1.9,27,12,9.0,2,58,8,24,12,16,7,0,59,0,0,0.145,1.6
LAN/LAN201905150,"Wednesday, May 15, 2019",7:10 p.m. Local,Dodger Stadium,41671,3:06,Night,Home,Los Angeles Dodgers,LAD,San Diego Padres,SDP,32,0,4,0,0.0,1,16,33,0.125,0.152,0.156,0.308,124,96,-0.556,0.8,0.318,,-4.6,24,8,8.0,0,47,27,22,9,7,2,0,48,1,0,0.056,2.1,32,2,8,2,2.25,2,6,37,0.25,0.333,0.313,0.646,131,85,-0.057,1.27,0.47,,-2.1,27,7,9.0,0,53,9,23,12,15,7,0,80,2,0,0.556,4.6
CIN/CIN201905170,"Friday, May 17, 2019",7:12 p.m. Local,Great American Ball Park,27456,2:24,Night,Away,Los Angeles Dodgers,LAD,Cincinnati Reds,CIN,36,6,10,6,6.0,2,8,38,0.278,0.316,0.667,0.982,127,82,0.203,0.53,0.465,,1.1,27,11,9.0,0,44,19,19,11,17,7,0,78,0,0,0.296,4.9,29,0,3,0,0.0,1,13,30,0.103,0.133,0.103,0.237,121,91,-0.295,0.39,0.067,,-4.9,27,8,9.0,4,50,22,19,11,5,2,0,38,0,0,-0.204,-1.1
CIN/CIN201905180,"Saturday, May 18, 2019",4:11 p.m. Local,Great American Ball Park,31156,2:39,Day,Home,Cincinnati Reds,CIN,Los Angeles Dodgers,LAD,33,0,6,0,0.0,2,9,36,0.182,0.25,0.182,0.432,126,91,-0.347,0.5,0.191,,-4.9,24,7,8.0,1,43,19,29,9,15,9,0,55,0,0,-0.153,0.4,31,4,7,3,1.12,1,8,33,0.226,0.25,0.323,0.573,144,87,0.154,0.72,0.437,,-0.4,27,5,9.0,0,56,16,15,12,12,4,0,67,0,0,0.347,4.9
CIN/CIN201905190,"Sunday, May 19, 2019",1:11 p.m. Local,Great American Ball Park,31016,3:03,Day,Away,Los Angeles Dodgers,LAD,Cincinnati Reds,CIN,34,8,6,7,8.0,9,13,43,0.176,0.349,0.412,0.761,136,96,0.067,0.81,0.59,,3.1,27,9,9.0,2,49,20,27,4,17,7,0,71,1,0,0.433,1.9,35,3,9,3,3.0,2,6,37,0.257,0.297,0.429,0.726,173,91,-0.432,0.7,0.217,,-1.9,27,4,9.0,2,58,12,21,10,19,8,0,59,3,1,-0.067,-3.1
TBA/TBA201905210,"Tuesday, May 21, 2019",7:10 p.m. Local,Tropicana Field,15862,3:10,Night,Away,Los Angeles Dodgers,LAD,Tampa Bay Rays,TBR,38,7,12,6,6.0,5,8,44,0.316,0.386,0.395,0.781,132,110,0.142,0.9,0.609,,2.2,27,11,9.0,0,58,19,33,17,14,8,0,60,6,3,0.357,1.8,36,3,10,3,3.0,1,9,37,0.278,0.297,0.389,0.686,166,92,-0.357,0.65,0.363,,-1.8,27,11,9.0,0,53,21,18,17,10,6,0,52,3,1,-0.142,-2.2
TBA/TBA201905220,"Wednesday, May 22, 2019",7:10 p.m. Local,Tropicana Field,12826,2:51,Night,Home,Tampa Bay Rays,TBR,Los Angeles Dodgers,LAD,31,1,5,1,1.0,3,6,35,0.161,0.257,0.258,0.515,147,75,-0.308,0.85,0.354,,-3.8,24,8,8.0,3,41,16,18,12,13,9,0,63,0,0,-0.192,-3.7,33,8,10,8,9.0,3,9,38,0.303,0.395,0.576,0.97,127,101,0.192,0.9,0.706,,3.7,27,11,9.0,1,58,16,27,11,13,6,0,54,3,0,0.308,3.8
PIT/PIT201905240,"Friday, May 24, 2019",7:07 p.m. Local,PNC Park,32388,3:15,Night,Away,Los Angeles Dodgers,LAD,Pittsburgh Pirates,PIT,39,10,13,10,10.0,5,6,44,0.333,0.409,0.641,1.05,156,108,0.406,0.36,0.567,,5.4,27,11,9.0,0,62,20,26,9,24,16,0,63,0,0,0.093,2.6,34,2,7,2,2.0,1,6,36,0.206,0.25,0.353,0.603,176,109,-0.091,0.34,0.169,,-2.6,27,8,9.0,2,67,12,30,14,14,6,0,22,0,0,-0.406,-5.4
PIT/PIT201905250,"Saturday, May 25, 2019",9:03 p.m. Local,PNC Park,25852,3:12,Night,Away,Los Angeles Dodgers,LAD,Pittsburgh Pirates,PIT,37,7,13,7,7.0,4,3,43,0.351,0.405,0.568,0.972,132,104,0.393,1.0,0.746,,2.4,27,17,9.0,0,69,15,20,16,20,15,0,47,0,0,0.108,2.6,36,2,11,1,2.0,0,5,37,0.306,0.306,0.389,0.694,157,93,-0.106,0.61,0.675,,-2.6,27,11,9.0,0,61,14,18,20,12,9,0,24,0,0,-0.392,-2.4
PIT/PIT201905260,"Sunday, May 26, 2019",1:38 p.m. Local,PNC Park,25260,3:44,Day,Away,Los Angeles Dodgers,LAD,Pittsburgh Pirates,PIT,36,11,12,11,8.0,8,4,50,0.333,0.479,0.528,1.007,147,113,0.581,0.63,1.157,,6.4,27,10,9.0,2,71,11,31,17,18,6,0,49,0,0,-0.08,-2.4,39,7,12,7,7.0,2,7,41,0.308,0.341,0.487,0.829,194,102,0.081,0.97,0.535,,2.4,27,9,9.0,2,68,19,15,17,15,3,0,36,3,3,-0.58,-6.4
LAN/LAN201905270,"Monday, May 27, 2019",5:10 p.m. Local,Dodger Stadium,47816,3:42,Night,Home,Los Angeles Dodgers,LAD,New York Mets,NYM,40,5,15,5,5.0,2,9,42,0.375,0.405,0.65,1.055,167,100,0.034,1.0,0.841,,0.4,24,12,8.0,3,66,17,17,14,17,5,0,46,4,2,-0.532,-4.9,40,9,17,9,10.12,2,3,44,0.425,0.455,0.675,1.13,160,110,0.532,1.04,1.105,,4.9,27,11,9.0,2,71,13,26,20,18,8,0,44,4,0,-0.032,-0.4
LAN/LAN201905280,"Tuesday, May 28, 2019",7:10 p.m. Local,Dodger Stadium,45713,3:22,Night,Away,New York Mets,NYM,Los Angeles Dodgers,LAD,36,7,10,7,6.0,6,9,43,0.278,0.381,0.583,0.964,150,121,0.342,0.99,1.082,,2.4,27,8,9.0,1,71,14,36,13,15,9,0,59,0,0,0.161,1.6,34,3,8,3,3.0,5,9,39,0.235,0.333,0.382,0.716,183,97,-0.162,1.09,0.603,,-1.6,27,11,9.0,2,52,19,26,11,14,7,0,57,4,3,-0.34,-2.4
LAN/LAN201905290,"Wednesday, May 29, 2019",7:10 p.m. Local,Dodger Stadium,40559,3:31,Night,Home,Los Angeles Dodgers,LAD,New York Mets,NYM,38,8,13,8,8.0,3,8,42,0.342,0.39,0.763,1.153,176,111,0.414,1.27,0.779,,3.4,25,7,8.1,3,71,25,15,9,22,11,0,49,0,0,-0.914,-5.3,38,9,15,9,9.72,4,5,43,0.395,0.442,0.842,1.284,168,118,0.915,0.57,1.543,,5.3,27,11,9.0,4,72,22,24,9,25,10,0,38,0,0,-0.415,-3.4
LAN/LAN201905300,"Thursday, May 30, 2019",7:10 p.m. Local,Dodger Stadium,47848,2:47,Night,Home,Los Angeles Dodgers,LAD,New York Mets,NYM,31,0,4,0,0.0,1,9,33,0.129,0.182,0.161,0.343,126,84,-0.664,0.88,0.313,,-4.6,24,10,8.0,0,44,20,20,10,12,9,0,64,2,0,0.163,2.1,31,2,9,2,2.25,3,7,34,0.29,0.353,0.419,0.772,126,75,-0.162,1.33,0.439,,-2.1,27,8,9.0,0,41,7,27,10,14,8,0,77,1,0,0.663,4.6
LAN/LAN201905310,"Friday, May 31, 2019",7:10 p.m. Local,Dodger Stadium,54307,2:59,Night,Home,Los Angeles Dodgers,LAD,Philadelphia Phillies,PHI,32,3,5,3,3.0,2,9,35,0.156,0.229,0.25,0.479,137,87,-0.189,0.62,0.437,,-1.6,24,8,8.0,4,43,23,21,11,12,7,0,29,0,0,-0.308,-1.9,35,6,12,6,6.75,1,7,36,0.343,0.361,0.686,1.047,139,93,0.307,0.95,0.653,,1.9,27,8,9.0,1,57,11,25,13,15,6,0,64,1,0,0.191,1.6
LAN/LAN201906010,"Saturday, June 1, 2019",7:10 p.m. Local,Dodger Stadium,53507,2:48,Night,Home,Los Angeles Dodgers,LAD,Philadelphia Phillies,PHI,34,3,7,3,2.0,0,7,35,0.206,0.229,0.382,0.611,143,87,-0.216,1.13,0.755,,-1.6,25,9,8.1,2,53,19,15,11,16,9,0,52,0,0,-0.283,0.3,30,4,8,4,3.24,4,7,35,0.267,0.343,0.467,0.81,126,89,0.282,1.35,1.007,,-0.3,27,10,9.0,1,49,20,20,11,13,6,0,69,0,0,0.216,1.6
LAN/LAN201906020,"Sunday, June 2, 2019",1:10 p.m. Local,Dodger Stadium,49162,2:58,Day,Home,Los Angeles Dodgers,LAD,Philadelphia Phillies,PHI,29,0,3,0,0.0,3,11,33,0.103,0.188,0.138,0.325,151,89,-0.567,0.92,0.205,,-4.6,24,7,8.0,2,51,14,24,11,8,3,0,75,4,2,0.067,-3.9,32,8,10,7,5.62,4,9,38,0.312,0.378,0.594,0.972,127,92,-0.067,1.21,0.618,,3.9,27,10,9.0,0,46,21,25,13,12,5,0,77,0,0,0.567,4.6
ARI/ARI201906030,"Monday, June 3, 2019",6:40 p.m. Local,Chase Field,24124,2:26,Night,Away,Los Angeles Dodgers,LAD,Arizona Diamondbacks,ARI,33,3,7,3,3.0,1,12,34,0.212,0.235,0.333,0.569,114,88,-0.039,0.93,0.443,,-1.8,27,7,9.0,1,36,25,27,8,13,8,0,85,0,0,0.54,3.8,30,1,3,1,1.0,0,11,30,0.1,0.1,0.233,0.333,130,77,-0.54,0.7,0.149,,-3.8,27,10,9.0,1,40,17,20,8,11,4,0,61,0,0,0.039,1.8
ARI/ARI201906040,"Tuesday, June 4, 2019",6:40 p.m. Local,Chase Field,29784,3:07,Night,Away,Los Angeles Dodgers,LAD,Arizona Diamondbacks,ARI,38,9,12,8,8.0,4,9,43,0.316,0.381,0.605,0.986,139,104,0.145,0.62,0.517,,4.2,27,18,9.0,0,67,16,21,12,18,8,0,73,0,0,0.356,4.8,31,0,3,0,0.0,1,3,32,0.097,0.125,0.129,0.254,169,90,-0.355,0.53,0.122,,-4.8,27,9,9.0,1,52,10,28,22,6,2,0,51,1,1,-0.144,-4.2
ARI/ARI201906050,"Wednesday, June 5, 2019",12:40 p.m. Local,Chase Field,22753,3:27,Day,Home,Arizona Diamondbacks,ARI,Los Angeles Dodgers,LAD,39,2,7,2,1.64,3,9,42,0.179,0.238,0.282,0.52,154,94,-0.638,1.8,0.406,,-3.9,30,7,10.0,0,43,16,35,12,18,6,0,65,0,0,0.138,1.3,35,3,5,3,2.7,4,11,40,0.143,0.25,0.257,0.507,154,105,-0.138,1.1,1.137,,-1.3,33,12,11.0,1,51,19,35,9,15,7,0,59,0,0,0.637,3.9
SFN/SFN201906070,"Friday, June 7, 2019",7:16 p.m. Local,Oracle Park,35157,2:31,Night,Home,San Francisco Giants,SFG,Los Angeles Dodgers,LAD,32,1,6,1,1.0,2,11,34,0.188,0.235,0.281,0.517,110,95,-0.589,1.06,0.389,,-3.5,24,12,8.0,0,49,16,30,7,14,6,0,60,0,0,0.088,2.0,30,2,7,2,2.25,2,4,32,0.233,0.281,0.233,0.515,146,77,-0.088,1.32,0.51,,-2.0,27,4,9.0,1,51,11,15,14,12,4,0,67,0,0,0.587,3.5
SFN/SFN201906080,"Saturday, June 8, 2019",4:16 p.m. Local,Oracle Park,37784,3:41,Day,Away,Los Angeles Dodgers,LAD,San Francisco Giants,SFG,39,7,11,7,7.0,6,10,47,0.282,0.383,0.436,0.819,163,108,0.266,1.54,0.994,,2.5,27,6,9.0,1,58,24,26,14,16,8,0,48,0,0,0.233,2.5,35,2,8,2,2.0,5,12,40,0.229,0.325,0.343,0.668,173,102,-0.234,1.25,0.922,,-2.5,27,9,9.0,0,49,21,32,8,15,9,0,45,8,3,-0.267,-2.5
SFN/SFN201906090,"Sunday, June 9, 2019",1:05 p.m. Local,Oracle Park,34098,2:31,Day,Away,Los Angeles Dodgers,LAD,San Francisco Giants,SFG,30,1,6,1,1.0,2,7,32,0.2,0.25,0.3,0.55,129,79,-0.338,1.52,0.264,,-3.5,27,4,9.0,0,49,14,16,9,13,6,1,75,0,0,0.839,4.5,32,0,5,0,0.0,2,12,34,0.156,0.206,0.188,0.393,124,93,-0.839,0.79,0.374,,-4.5,27,10,9.0,1,56,19,18,6,14,8,0,69,0,0,0.339,3.5
ANA/ANA201906100,"Monday, June 10, 2019",7:08 p.m. Local,Angel Stadium of Anaheim,45477,3:19,Night,Home,Los Angeles Angels,LAA,Los Angeles Dodgers,LAD,34,3,8,3,3.0,1,7,37,0.235,0.297,0.324,0.621,154,94,-0.208,1.53,0.799,,-1.9,24,6,8.0,2,53,23,18,10,17,8,0,60,1,1,-0.293,-0.7,33,5,9,3,4.5,3,11,37,0.273,0.351,0.485,0.836,135,99,0.293,1.38,1.171,,0.7,27,8,9.0,0,47,16,36,13,9,5,0,55,0,0,0.208,1.9
ANA/ANA201906110,"Tuesday, June 11, 2019",7:07 p.m. Local,Angel Stadium of Anaheim,45404,3:51,Night,Home,Los Angeles Angels,LAA,Los Angeles Dodgers,LAD,39,3,12,3,3.0,5,10,45,0.308,0.4,0.538,0.938,161,114,-0.288,0.39,0.806,,-1.9,24,3,8.0,2,65,21,28,13,16,8,0,38,0,0,-0.212,-0.7,30,5,6,5,5.62,4,9,35,0.2,0.314,0.4,0.714,189,98,0.212,1.29,0.425,,0.7,27,8,9.0,3,47,14,37,7,14,5,0,52,2,0,0.287,1.9
LAN/LAN201906130,"Thursday, June 13, 2019",7:10 p.m. Local,Dodger Stadium,44970,2:48,Night,Home,Los Angeles Dodgers,LAD,Chicago Cubs,CHC,33,3,8,3,3.0,3,8,36,0.242,0.306,0.455,0.76,148,86,-0.068,0.61,0.502,,-1.6,24,12,8.0,4,49,16,23,11,14,5,0,31,0,0,-0.432,-2.9,32,7,11,7,7.88,3,9,36,0.344,0.4,0.75,1.15,134,89,0.432,0.81,0.796,,2.9,27,11,9.0,2,53,12,24,9,15,8,0,52,0,0,0.069,1.6
LAN/LAN201906140,"Friday, June 14, 2019",7:10 p.m. Local,Dodger Stadium,46631,3:06,Night,Home,Los Angeles Dodgers,LAD,Chicago Cubs,CHC,35,3,8,3,3.0,0,10,36,0.229,0.229,0.457,0.686,165,97,-0.242,0.75,0.549,,-1.6,24,9,8.0,2,54,20,23,15,11,4,0,30,1,1,-0.259,-0.9,31,5,7,5,5.62,6,6,37,0.226,0.351,0.484,0.835,133,89,0.26,1.07,0.703,,0.9,27,7,9.0,2,47,14,28,10,15,7,0,58,0,0,0.241,1.6
LAN/LAN201906150,"Saturday, June 15, 2019",6:10 p.m. Local,Dodger Stadium,51596,2:49,Night,Away,Chicago Cubs,CHC,Los Angeles Dodgers,LAD,31,2,4,2,2.0,1,8,33,0.129,0.182,0.226,0.408,141,85,0.051,0.99,0.914,,-2.6,27,6,9.0,1,50,19,16,10,13,4,0,78,1,0,0.451,3.6,31,1,5,1,1.0,2,12,33,0.161,0.212,0.258,0.47,125,85,-0.449,1.35,0.283,,-3.6,27,8,9.0,1,42,12,31,9,10,5,0,77,0,0,-0.051,2.6
LAN/LAN201906160,"Sunday, June 16, 2019",4:07 p.m. Local,Dodger Stadium,53817,3:05,Day,Home,Los Angeles Dodgers,LAD,Chicago Cubs,CHC,34,2,9,2,0.0,1,10,37,0.265,0.278,0.265,0.542,146,93,-0.384,1.3,0.894,,-2.6,24,12,8.0,1,55,17,21,16,10,9,0,47,6,0,-0.116,1.1,31,3,7,3,3.38,5,6,36,0.226,0.333,0.387,0.72,130,89,0.116,1.98,0.85,,-1.1,27,11,9.0,0,46,14,29,14,11,6,0,67,0,0,0.384,2.6
LAN/LAN201906170,"Monday, June 17, 2019",7:10 p.m. Local,Dodger Stadium,42479,3:11,Night,Away,San Francisco Giants,SFG,Los Angeles Dodgers,LAD,30,3,3,2,2.0,5,8,35,0.1,0.229,0.133,0.362,133,94,-0.062,1.53,0.446,,-1.6,27,9,9.0,1,56,17,21,7,15,7,0,64,0,0,0.561,2.6,32,2,5,2,2.0,5,9,37,0.156,0.27,0.281,0.552,155,82,-0.561,0.84,0.495,,-2.6,27,7,9.0,0,42,14,26,11,12,5,0,55,0,0,0.061,1.6
LAN/LAN201906180,"Tuesday, June 18, 2019",7:10 p.m. Local,Dodger Stadium,48219,2:59,Night,Home,Los Angeles Dodgers,LAD,San Francisco Giants,SFG,30,0,4,0,0.0,3,10,33,0.133,0.212,0.167,0.379,142,94,-0.381,0.52,0.164,,-4.6,24,9,8.0,2,54,12,29,12,8,4,0,42,4,2,-0.119,-4.9,36,9,14,9,10.12,5,4,43,0.389,0.463,0.639,1.102,137,91,0.12,0.76,0.479,,4.9,27,13,9.0,0,69,5,17,16,18,10,0,75,0,0,0.381,4.6
LAN/LAN201906190,"Wednesday, June 19, 2019",7:10 p.m. Local,Dodger Stadium,43802,2:47,Night,Home,Los Angeles Dodgers,LAD,San Francisco Giants,SFG,30,2,4,2,2.0,0,9,31,0.133,0.161,0.367,0.528,165,78,-0.168,0.28,0.061,,-2.6,24,4,8.0,4,41,14,23,8,13,3,0,20,0,0,-0.333,-4.9,35,9,13,9,10.12,1,7,37,0.371,0.378,0.771,1.15,110,99,0.333,0.31,0.461,,4.9,27,6,9.0,2,56,14,29,6,23,11,0,55,0,0,0.166,2.6
LAN/LAN201906200,"Thursday, June 20, 2019",7:10 p.m. Local,Dodger Stadium,43742,3:25,Night,Home,Los Angeles Dodgers,LAD,San Francisco Giants,SFG,36,8,9,8,5.0,3,11,40,0.25,0.3,0.417,0.717,155,110,-0.215,0.47,0.584,,3.4,24,11,8.0,3,62,24,24,12,14,9,0,19,3,0,-0.284,-4.9,38,9,16,9,10.12,2,8,43,0.421,0.476,0.763,1.239,167,103,0.284,1.08,0.563,,4.9,27,6,9.0,1,63,19,21,13,18,12,0,62,1,1,0.216,-3.4
LAN/LAN201906210,"Friday, June 21, 2019",7:10 p.m. Local,Dodger Stadium,54044,2:12,Night,Home,Los Angeles Dodgers,LAD,Colorado Rockies,COL,30,2,3,2,2.0,0,16,30,0.1,0.1,0.3,0.4,108,83,-0.412,1.12,0.351,,-2.6,26,5,8.2,2,37,23,23,5,9,1,0,74,0,0,-0.088,0.5,31,4,6,4,3.12,1,9,33,0.194,0.212,0.419,0.631,111,71,0.088,1.1,0.768,,-0.5,27,5,9.0,2,38,16,17,8,15,5,0,89,,,0.412,2.6
LAN/LAN201906220,"Saturday, June 22, 2019",4:16 p.m. Local,Dodger Stadium,53096,4:15,Day,Home,Los Angeles Dodgers,LAD,Colorado Rockies,COL,41,4,8,4,1.64,2,11,43,0.195,0.233,0.293,0.525,195,119,-0.33,2.07,0.71,,-1.6,31,11,10.1,2,64,28,27,14,16,7,0,41,1,0,-0.169,0.3,42,5,14,5,4.35,3,9,47,0.333,0.378,0.571,0.949,177,117,0.168,1.22,1.897,,-0.3,33,14,11.0,1,69,19,29,16,19,9,0,56,0,0,0.33,1.6
LAN/LAN201906230,"Sunday, June 23, 2019",1:11 p.m. Local,Dodger Stadium,50023,3:10,Day,Home,Los Angeles Dodgers,LAD,Colorado Rockies,COL,37,3,10,3,3.0,2,10,39,0.27,0.308,0.378,0.686,140,84,-0.083,1.42,0.809,,-1.6,26,7,8.2,2,45,23,16,8,19,9,0,59,2,2,-0.415,-1.5,34,6,7,6,3.12,3,6,37,0.206,0.27,0.441,0.711,119,90,0.417,1.24,1.229,,1.5,27,4,9.0,1,66,5,19,12,16,5,0,59,0,0,0.084,1.6
ARI/ARI201906240,"Monday, June 24, 2019",6:40 p.m. Local,Chase Field,24675,3:12,Night,Home,Arizona Diamondbacks,ARI,Los Angeles Dodgers,LAD,37,5,10,5,5.0,3,11,42,0.27,0.357,0.324,0.681,137,97,-0.131,0.91,1.067,,0.2,24,10,8.0,2,54,20,23,12,14,10,0,43,1,0,-0.369,-3.7,33,8,11,8,9.0,3,5,37,0.333,0.378,0.515,0.894,150,82,0.37,1.73,0.898,,3.7,27,8,9.0,0,50,12,20,14,15,6,0,47,4,1,0.13,-0.2
ARI/ARI201906250,"Tuesday, June 25, 2019",6:40 p.m. Local,Chase Field,27927,3:07,Night,Away,Los Angeles Dodgers,LAD,Arizona Diamondbacks,ARI,30,3,5,3,3.0,4,10,36,0.167,0.286,0.433,0.719,150,85,-0.097,1.38,0.657,,-1.8,27,9,9.0,0,46,15,24,13,8,2,0,48,0,0,0.599,2.8,33,2,6,2,1.0,2,9,35,0.182,0.229,0.242,0.471,134,99,-0.6,1.1,0.442,,-2.8,27,11,9.0,2,55,20,24,13,11,6,0,59,1,0,0.099,1.8
ARI/ARI201906260,"Wednesday, June 26, 2019",12:40 p.m. Local,Chase Field,28752,3:01,Day,Home,Arizona Diamondbacks,ARI,Los Angeles Dodgers,LAD,30,2,5,2,2.0,4,7,35,0.167,0.257,0.333,0.59,140,98,-0.122,0.42,0.197,,-2.8,24,7,8.0,1,56,17,25,12,12,3,0,33,0,0,-0.378,-3.7,35,8,9,8,5.62,1,8,37,0.257,0.27,0.429,0.699,157,92,0.378,0.49,0.518,,3.7,27,11,9.0,1,54,18,20,15,13,3,0,53,0,0,0.123,2.8
COL/COL201906270,"Thursday, June 27, 2019",6:41 p.m. Local,Coors Field,47452,3:32,Night,Away,Los Angeles Dodgers,LAD,Colorado Rockies,COL,44,12,17,12,12.0,2,6,46,0.386,0.413,0.864,1.277,155,118,0.927,1.22,1.787,,6.4,27,11,9.0,1,72,18,28,15,23,11,0,18,0,0,-0.428,-2.4,41,8,16,8,8.0,3,7,45,0.39,0.422,0.659,1.081,184,100,0.429,1.24,1.3,,2.4,27,11,9.0,6,60,20,20,16,19,10,0,28,1,0,-0.928,-6.4
COL/COL201906280,"Friday, June 28, 2019",6:42 p.m. Local,Coors Field,46065,3:31,Night,Home,Colorado Rockies,COL,Los Angeles Dodgers,LAD,38,9,9,7,5.0,7,5,45,0.237,0.356,0.474,0.829,159,95,0.195,0.87,0.879,,3.4,24,6,8.0,3,52,12,31,19,14,7,0,19,3,3,-0.694,-8.0,40,13,17,11,11.25,3,8,44,0.425,0.455,0.775,1.23,159,106,0.694,0.95,1.3,,8.0,27,13,9.0,2,55,22,29,13,20,14,0,36,0,0,-0.195,-3.4
COL/COL201906290,"Saturday, June 29, 2019",6:16 p.m. Local,Coors Field,48101,2:43,Night,Home,Colorado Rockies,COL,Los Angeles Dodgers,LAD,34,3,8,3,2.0,2,13,38,0.235,0.297,0.324,0.621,107,90,-0.299,1.09,0.637,,-2.6,24,9,8.0,1,55,15,20,10,12,8,0,52,0,0,-0.202,-0.0,30,5,7,5,4.5,1,8,32,0.233,0.258,0.333,0.591,139,74,0.201,1.22,0.759,,0.0,27,11,9.0,0,44,15,15,12,11,7,0,56,2,0,0.298,2.6
COL/COL201906300,"Sunday, June 30, 2019",1:14 p.m. Local,Coors Field,47713,4:01,Day,Away,Los Angeles Dodgers,LAD,Colorado Rockies,COL,40,10,14,10,10.0,5,8,47,0.35,0.435,0.45,0.885,177,106,0.589,0.93,1.03,,4.4,27,8,9.0,2,67,24,15,14,19,12,0,52,2,2,-0.089,0.6,35,5,9,5,5.0,3,9,38,0.257,0.316,0.514,0.83,186,109,0.088,0.91,0.772,,-0.6,27,10,9.0,0,70,14,25,10,16,6,0,40,5,2,-0.59,-4.4
LAN/LAN201907020,"Tuesday, July 2, 2019",7:10 p.m. Local,Dodger Stadium,52969,3:26,Night,Home,Los Angeles Dodgers,LAD,Arizona Diamondbacks,ARI,34,4,8,4,4.0,4,10,39,0.235,0.333,0.353,0.686,166,91,0.002,2.08,0.576,,-0.6,26,8,8.2,1,49,15,27,15,9,3,0,37,5,1,-0.502,-1.2,32,5,7,5,5.19,8,5,40,0.219,0.375,0.438,0.813,131,90,0.502,0.89,1.708,,1.2,27,11,9.0,1,55,14,21,11,16,5,0,39,1,0,-0.002,0.6
LAN/LAN201907030,"Wednesday, July 3, 2019",7:10 p.m. Local,Dodger Stadium,53327,3:19,Night,Home,Los Angeles Dodgers,LAD,Arizona Diamondbacks,ARI,40,4,10,4,3.6,0,11,40,0.25,0.25,0.425,0.675,153,111,-0.01,1.53,0.955,,-1.1,28,6,9.1,2,64,17,30,11,18,5,0,50,2,0,-0.491,-0.2,37,5,10,5,4.82,3,9,40,0.27,0.325,0.459,0.784,143,102,0.491,1.21,1.584,,0.2,30,5,10.0,2,53,17,32,8,20,7,0,56,0,0,0.01,1.1
LAN/LAN201907040,"Thursday, July 4, 2019",6:10 p.m. Local,Dodger Stadium,53801,3:02,Night,Home,Los Angeles Dodgers,LAD,San Diego Padres,SDP,31,1,5,1,0.0,3,12,34,0.161,0.235,0.161,0.397,131,95,-0.375,0.6,0.188,,-3.6,24,5,8.0,2,49,22,24,12,7,3,0,54,0,0,-0.126,-0.9,28,5,6,5,4.5,2,11,34,0.214,0.294,0.464,0.758,141,83,0.126,0.78,0.423,,0.9,27,6,9.0,0,40,19,24,6,13,6,0,68,1,0,0.374,3.6
LAN/LAN201907050,"Friday, July 5, 2019",7:10 p.m. Local,Dodger Stadium,49790,2:58,Night,Away,San Diego Padres,SDP,Los Angeles Dodgers,LAD,32,3,6,3,2.0,1,12,36,0.188,0.235,0.313,0.548,141,89,-0.019,1.78,0.636,,-1.6,27,8,9.0,0,47,18,23,10,11,5,0,63,1,0,0.519,2.6,34,2,6,2,1.0,1,9,37,0.176,0.222,0.206,0.428,123,95,-0.519,1.07,0.788,,-2.6,27,9,9.0,1,55,15,25,11,15,6,0,69,0,0,0.018,1.6
LAN/LAN201907060,"Saturday, July 6, 2019",7:11 p.m. Local,Dodger Stadium,53610,2:52,Night,Away,San Diego Padres,SDP,Los Angeles Dodgers,LAD,30,3,4,3,3.0,1,8,32,0.133,0.188,0.333,0.521,145,76,-0.069,1.17,0.559,,-1.6,27,10,9.0,0,37,20,19,14,8,2,0,68,0,0,0.57,3.6,33,1,6,0,0.0,1,8,35,0.182,0.229,0.242,0.471,110,104,-0.569,0.87,0.303,,-3.6,27,15,9.0,2,69,14,21,13,12,8,0,64,1,0,0.069,1.6
LAN/LAN201907070,"Sunday, July 7, 2019",1:10 p.m. Local,Dodger Stadium,44171,2:58,Day,Away,San Diego Padres,SDP,Los Angeles Dodgers,LAD,34,5,8,5,5.0,0,11,34,0.235,0.235,0.529,0.765,126,96,0.168,0.97,0.602,,0.4,27,10,9.0,2,53,17,26,11,12,2,0,53,1,0,0.333,1.6,33,3,7,3,3.0,0,7,33,0.212,0.212,0.424,0.636,138,83,-0.331,0.62,0.389,,-1.6,27,6,9.0,3,43,19,21,12,14,4,0,38,2,2,-0.167,-0.4
BOS/BOS201907120,"Friday, July 12, 2019",7:11 p.m. Local,Fenway Park,36579,2:52,Night,Home,Boston Red Sox,BOS,Los Angeles Dodgers,LAD,32,1,5,1,1.0,2,12,34,0.156,0.206,0.25,0.456,131,81,-0.378,0.57,0.316,,-4.2,24,6,8.0,3,45,19,17,6,14,2,0,55,3,2,-0.124,-3.4,31,8,8,8,9.0,3,8,35,0.258,0.314,0.677,0.992,126,86,0.123,0.99,0.489,,3.4,27,5,9.0,1,53,15,18,9,15,3,0,71,0,0,0.376,4.2
BOS/BOS201907130,"Saturday, July 13, 2019",7:18 p.m. Local,Fenway Park,36607,3:40,Night,Away,Los Angeles Dodgers,LAD,Boston Red Sox,BOS,39,11,14,10,11.0,4,12,46,0.359,0.435,0.795,1.23,124,121,0.318,0.82,0.699,,5.8,27,9,9.0,1,68,25,28,12,16,6,0,62,0,0,0.18,3.2,32,2,6,2,2.0,1,10,33,0.188,0.212,0.281,0.493,198,85,-0.18,0.57,0.358,,-3.2,27,8,9.0,4,45,13,29,12,10,4,0,36,2,1,-0.32,-5.8
BOS/BOS201907140,"Sunday, July 14, 2019",7:10 p.m. Local,Fenway Park,36700,5:40,Night,Away,Los Angeles Dodgers,LAD,Boston Red Sox,BOS,45,7,9,7,1.5,7,15,55,0.2,0.333,0.311,0.644,196,167,-0.015,1.88,1.276,,0.0,36,12,12.0,2,95,31,40,15,16,8,0,64,4,0,0.515,3.0,46,4,11,3,1.5,6,15,53,0.239,0.327,0.413,0.74,261,126,-0.514,1.45,1.237,,-3.0,36,11,12.0,1,60,34,32,19,13,8,0,53,0,0,0.014,-0.0
PHI/PHI201907150,"Monday, July 15, 2019",7:09 p.m. Local,Citizens Bank Park,30025,3:25,Night,Away,Los Angeles Dodgers,LAD,Philadelphia Phillies,PHI,44,16,19,15,16.0,5,7,53,0.432,0.49,0.818,1.308,144,116,0.389,0.61,0.632,,11.1,27,11,9.0,1,70,12,34,12,28,11,0,65,0,0,0.112,2.9,34,2,7,2,2.0,2,10,39,0.206,0.263,0.412,0.675,191,98,-0.113,0.41,0.287,,-2.9,27,7,9.0,4,57,17,23,14,11,5,0,30,4,1,-0.388,-11.1
PHI/PHI201907160,"Tuesday, July 16, 2019",7:06 p.m. Local,Citizens Bank Park,31076,3:10,Night,Home,Philadelphia Phillies,PHI,Los Angeles Dodgers,LAD,34,8,7,8,7.0,2,12,37,0.206,0.27,0.647,0.917,146,87,0.566,1.1,1.353,,3.1,25,8,8.1,3,42,26,19,9,13,4,0,52,0,0,-1.066,-4.9,35,9,8,9,5.4,4,9,39,0.229,0.308,0.543,0.851,145,95,1.067,1.29,1.536,,4.8,27,8,9.0,5,48,19,28,12,14,6,0,42,1,0,-0.566,-3.1
PHI/PHI201907170,"Wednesday, July 17, 2019",7:07 p.m. Local,Citizens Bank Park,31067,3:58,Night,Away,Los Angeles Dodgers,LAD,Philadelphia Phillies,PHI,33,7,7,7,7.0,10,13,46,0.212,0.413,0.394,0.807,163,116,0.289,1.27,0.861,,2.1,27,12,9.0,0,52,23,41,9,12,7,0,57,4,1,0.209,2.9,30,2,2,2,0.0,6,10,36,0.067,0.222,0.067,0.289,203,95,-0.208,0.89,0.48,,-2.9,27,6,9.0,2,47,26,26,12,8,2,0,53,1,0,-0.291,-2.1
PHI/PHI201907180,"Thursday, July 18, 2019",12:37 p.m. Local,Citizens Bank Park,38043,3:27,Day,Home,Philadelphia Phillies,PHI,Los Angeles Dodgers,LAD,36,6,10,6,6.0,3,9,39,0.278,0.333,0.667,1.0,148,102,0.054,1.17,0.791,,1.1,24,8,8.0,1,59,11,32,11,16,6,0,52,4,3,-0.556,-2.7,32,7,10,7,6.75,1,9,37,0.312,0.351,0.469,0.82,162,93,0.555,0.99,1.148,,2.7,27,7,9.0,4,46,16,31,10,15,6,0,43,1,0,-0.054,-1.1
LAN/LAN201907190,"Friday, July 19, 2019",7:10 p.m. Local,Dodger Stadium,52471,3:00,Night,Home,Los Angeles Dodgers,LAD,Miami Marlins,MIA,30,1,4,1,1.0,3,12,35,0.133,0.235,0.2,0.435,146,82,-0.572,1.41,0.37,,-3.6,24,7,8.0,0,40,24,18,12,7,4,0,57,3,2,0.071,2.1,31,2,6,1,1.12,4,6,35,0.194,0.286,0.226,0.512,129,89,-0.071,1.26,0.683,,-2.1,27,11,9.0,0,52,16,21,11,14,3,0,69,0,0,0.572,3.6
LAN/LAN201907200,"Saturday, July 20, 2019",6:10 p.m. Local,Dodger Stadium,53778,3:27,Night,Home,Los Angeles Dodgers,LAD,Miami Marlins,MIA,33,6,6,5,3.0,3,13,38,0.182,0.263,0.333,0.596,175,106,0.089,0.65,0.593,,1.4,24,7,8.0,3,51,26,29,10,11,3,0,30,2,0,-0.591,-5.9,34,10,12,10,11.25,7,6,41,0.353,0.463,0.706,1.169,165,99,0.591,0.95,0.895,,5.9,27,4,9.0,1,58,19,22,7,21,8,0,77,7,5,-0.091,-1.4
LAN/LAN201907210,"Sunday, July 21, 2019",1:10 p.m. Local,Dodger Stadium,47469,2:41,Day,Home,Los Angeles Dodgers,LAD,Miami Marlins,MIA,33,0,6,0,0.0,0,14,33,0.182,0.182,0.242,0.424,167,94,-0.231,0.31,0.058,,-4.6,24,8,8.0,3,44,26,24,8,11,3,0,36,0,0,-0.269,-4.9,34,9,9,9,9.0,3,9,37,0.265,0.324,0.559,0.883,125,96,0.268,0.38,0.428,,4.9,27,6,9.0,0,52,14,30,11,14,6,0,78,0,0,0.232,4.6
LAN/LAN201907230,"Tuesday, July 23, 2019",7:11 p.m. Local,Dodger Stadium,53725,3:54,Night,Away,Los Angeles Angels,LAA,Los Angeles Dodgers,LAD,38,5,11,5,5.0,3,10,42,0.289,0.357,0.553,0.91,181,102,0.24,1.79,0.84,,0.4,27,9,9.0,0,54,19,29,13,15,5,0,54,5,1,0.262,0.6,33,4,9,4,4.0,7,10,42,0.273,0.381,0.303,0.684,160,106,-0.261,0.87,1.008,,-0.6,27,7,9.0,2,46,26,34,14,11,5,0,48,1,1,-0.238,-0.4
LAN/LAN201907240,"Wednesday, July 24, 2019",7:11 p.m. Local,Dodger Stadium,53731,3:15,Night,Away,Los Angeles Angels,LAA,Los Angeles Dodgers,LAD,31,3,6,3,2.0,3,6,35,0.194,0.257,0.355,0.612,153,86,-0.095,1.54,0.507,,-1.6,27,12,9.0,1,47,11,28,16,10,4,0,58,1,1,0.594,2.6,30,2,5,2,2.0,5,5,35,0.167,0.286,0.267,0.552,135,91,-0.594,0.9,0.589,,-2.6,27,15,9.0,1,45,13,33,12,13,4,0,55,0,0,0.094,1.6
WAS/WAS201907260,"Friday, July 26, 2019",7:06 p.m. Local,Nationals Park,37491,3:20,Night,Away,Los Angeles Dodgers,LAD,Washington Nationals,WSN,32,4,5,4,4.0,3,7,35,0.156,0.229,0.25,0.479,159,78,0.104,1.61,0.725,,-1.1,27,11,9.0,0,39,11,28,13,12,6,0,57,2,0,0.398,3.1,36,2,10,2,2.0,3,6,41,0.278,0.35,0.306,0.656,126,102,-0.398,1.1,0.732,,-3.1,27,9,9.0,1,59,13,30,16,15,12,0,72,2,2,-0.103,1.1
WAS/WAS201907270,"Saturday, July 27, 2019",4:05 p.m. Local,Nationals Park,39616,3:06,Day,Away,Los Angeles Dodgers,LAD,Washington Nationals,WSN,35,9,10,9,8.0,4,12,41,0.286,0.35,0.486,0.836,151,100,0.337,0.74,0.728,,3.9,27,9,9.0,1,50,18,32,9,16,8,0,64,1,0,0.162,2.1,29,3,5,3,3.0,5,12,35,0.172,0.286,0.345,0.631,151,102,-0.165,0.71,0.335,,-2.1,27,6,9.0,1,53,15,34,8,10,4,0,59,1,1,-0.338,-3.9
WAS/WAS201907280,"Sunday, July 28, 2019",1:38 p.m. Local,Nationals Park,32425,3:09,Day,Home,Washington Nationals,WSN,Los Angeles Dodgers,LAD,30,4,4,4,4.0,3,9,35,0.133,0.257,0.3,0.557,150,84,-0.241,0.63,0.225,,-1.1,24,8,8.0,2,46,12,26,7,14,4,0,33,2,1,-0.259,-6.5,37,11,14,8,9.0,4,7,42,0.378,0.452,0.676,1.128,137,94,0.261,0.66,0.629,,6.5,27,7,9.0,1,58,13,23,9,21,13,0,78,0,0,0.241,1.1
COL/COL201907290,"Monday, July 29, 2019",6:40 p.m. Local,Coors Field,43574,2:51,Night,Home,Colorado Rockies,COL,Los Angeles Dodgers,LAD,30,1,4,1,1.0,3,6,33,0.133,0.212,0.2,0.412,145,71,-0.352,0.53,0.129,,-4.6,24,9,8.0,1,35,12,24,14,10,4,0,29,2,0,-0.148,-4.0,37,9,11,9,9.0,4,10,41,0.297,0.366,0.514,0.879,124,97,0.149,0.63,0.462,,4.0,27,13,9.0,0,55,18,24,15,12,8,0,75,0,0,0.352,4.6
COL/COL201907300,"Tuesday, July 30, 2019",6:40 p.m. Local,Coors Field,45300,3:12,Night,Away,Los Angeles Dodgers,LAD,Colorado Rockies,COL,35,9,9,8,8.0,5,9,40,0.257,0.35,0.657,1.007,138,100,0.385,0.45,0.533,,3.4,27,12,9.0,0,54,20,29,14,12,5,0,38,1,1,0.115,1.6,35,4,10,4,3.0,2,8,37,0.286,0.324,0.429,0.753,167,89,-0.118,0.35,0.262,,-1.6,27,13,9.0,4,63,8,18,11,16,10,0,14,2,1,-0.386,-3.4
COL/COL201907310,"Wednesday, July 31, 2019",1:11 p.m. Local,Coors Field,42025,3:05,Day,Away,Los Angeles Dodgers,LAD,Colorado Rockies,COL,35,5,8,5,5.0,4,16,39,0.229,0.308,0.429,0.736,121,104,-0.121,1.01,0.875,,-0.6,27,13,9.0,0,56,19,29,7,12,3,0,66,1,0,0.62,4.6,31,1,6,1,1.0,1,3,32,0.194,0.219,0.323,0.541,163,76,-0.622,1.48,0.148,,-4.6,27,4,9.0,2,51,6,19,13,15,8,0,78,0,0,0.121,0.6
LAN/LAN201908010,"Thursday, August 1, 2019",7:10 p.m. Local,Dodger Stadium,53181,3:25,Night,Home,Los Angeles Dodgers,LAD,San Diego Padres,SDP,31,2,8,2,2.0,7,6,40,0.258,0.395,0.387,0.782,157,84,-0.123,0.98,0.486,,-2.6,24,9,8.0,2,45,15,24,12,15,4,0,46,3,3,-0.377,-3.9,32,8,11,8,9.0,4,8,37,0.344,0.417,0.656,1.073,144,96,0.377,0.92,0.893,,3.9,27,10,9.0,1,51,13,32,10,15,9,0,52,0,0,0.123,2.6
LAN/LAN201908020,"Friday, August 2, 2019",7:10 p.m. Local,Dodger Stadium,50780,3:06,Night,Away,San Diego Padres,SDP,Los Angeles Dodgers,LAD,38,5,14,5,4.0,1,9,39,0.368,0.385,0.447,0.832,140,107,0.278,0.75,1.022,,0.4,27,7,9.0,1,62,14,31,13,16,10,0,64,0,0,0.223,2.6,31,2,4,2,2.0,0,8,31,0.129,0.129,0.226,0.355,163,87,-0.222,1.02,0.317,,-2.6,27,12,9.0,0,43,15,29,9,14,2,0,40,1,0,-0.277,-0.4
LAN/LAN201908030,"Saturday, August 3, 2019",6:10 p.m. Local,Dodger Stadium,54010,2:18,Night,Home,Los Angeles Dodgers,LAD,San Diego Padres,SDP,31,1,5,1,1.0,0,15,31,0.161,0.161,0.258,0.419,118,80,-0.39,0.64,0.196,,-3.6,24,9,8.0,1,39,17,24,9,7,4,0,46,0,0,-0.111,0.1,30,4,7,4,2.25,2,5,33,0.233,0.281,0.4,0.681,110,83,0.111,0.79,0.488,,-0.1,27,7,9.0,1,52,11,20,12,14,4,0,88,,,0.389,3.6
LAN/LAN201908040,"Sunday, August 4, 2019",1:11 p.m. Local,Dodger Stadium,44110,3:54,Day,Home,Los Angeles Dodgers,LAD,San Diego Padres,SDP,37,10,12,10,9.0,3,11,42,0.324,0.357,0.514,0.871,163,110,0.747,1.78,1.337,,5.4,25,7,8.1,3,59,24,27,11,17,10,0,31,3,0,-1.244,-7.1,36,11,11,11,10.8,3,10,40,0.306,0.375,0.694,1.069,178,103,1.247,1.17,2.393,,7.1,27,10,9.0,2,50,18,35,8,18,9,0,31,2,0,-0.745,-5.4
LAN/LAN201908050,"Monday, August 5, 2019",7:10 p.m. Local,Dodger Stadium,45254,2:59,Night,Home,Los Angeles Dodgers,LAD,St. Louis Cardinals,STL,28,0,2,0,0.0,2,9,31,0.071,0.161,0.107,0.268,178,76,-0.195,0.34,0.049,,-4.6,24,11,8.0,2,34,15,27,9,10,2,0,24,1,1,-0.306,-3.9,34,8,12,8,9.0,6,5,41,0.353,0.45,0.618,1.068,122,107,0.306,0.35,0.457,,3.9,27,10,9.0,0,64,22,21,16,14,5,0,74,0,0,0.195,4.6
LAN/LAN201908060,"Tuesday, August 6, 2019",7:10 p.m. Local,Dodger Stadium,53070,2:55,Night,Home,Los Angeles Dodgers,LAD,St. Louis Cardinals,STL,34,1,7,1,1.0,2,11,36,0.206,0.25,0.265,0.515,128,97,-0.505,0.84,0.54,,-3.6,24,4,8.0,0,53,21,23,9,14,6,0,59,0,0,0.004,1.1,31,3,7,3,3.38,2,8,33,0.226,0.273,0.29,0.563,145,79,-0.005,1.44,0.49,,-1.1,27,7,9.0,0,41,11,27,8,15,6,0,73,1,0,0.504,3.6
LAN/LAN201908070,"Wednesday, August 7, 2019",12:10 p.m. Local,Dodger Stadium,48994,3:01,Day,Home,Los Angeles Dodgers,LAD,St. Louis Cardinals,STL,32,1,7,1,1.0,2,11,36,0.219,0.286,0.375,0.661,133,99,-0.324,2.0,0.4,,-3.6,26,7,8.2,0,52,17,30,6,16,9,0,78,1,1,-0.176,2.3,33,2,7,2,2.08,1,13,35,0.212,0.257,0.273,0.53,141,93,0.176,0.94,1.297,,-2.3,27,6,9.0,1,38,25,30,11,9,4,0,61,2,0,0.325,3.6
LAN/LAN201908090,"Friday, August 9, 2019",7:10 p.m. Local,Dodger Stadium,49538,3:49,Night,Away,Arizona Diamondbacks,ARI,Los Angeles Dodgers,LAD,43,3,12,3,2.45,4,14,48,0.279,0.354,0.419,0.773,156,118,-0.039,1.26,1.457,,-2.6,33,11,11.0,0,62,25,31,13,16,5,0,64,0,0,0.54,3.6,33,2,2,2,1.64,4,10,39,0.061,0.158,0.121,0.279,178,100,-0.538,1.63,0.363,,-3.6,33,10,11.0,2,51,18,31,12,13,5,0,69,0,0,0.039,2.6
LAN/LAN201908100,"Saturday, August 10, 2019",6:11 p.m. Local,Dodger Stadium,52606,3:18,Night,Home,Los Angeles Dodgers,LAD,Arizona Diamondbacks,ARI,30,0,4,0,0.0,1,6,31,0.133,0.161,0.133,0.295,150,85,-0.346,0.57,0.122,,-4.6,24,9,8.0,1,48,15,22,12,12,6,0,33,4,0,-0.153,0.1,29,4,6,4,4.5,5,6,36,0.207,0.324,0.345,0.668,127,94,0.153,0.65,0.445,,-0.1,27,11,9.0,0,56,16,22,16,9,2,0,77,1,0,0.348,4.6
LAN/LAN201908110,"Sunday, August 11, 2019",1:10 p.m. Local,Dodger Stadium,44619,2:40,Day,Home,Los Angeles Dodgers,LAD,Arizona Diamondbacks,ARI,34,3,9,3,3.0,1,8,37,0.265,0.306,0.441,0.747,126,83,-0.168,0.23,0.085,,-1.6,24,12,8.0,4,45,10,28,16,11,4,0,15,0,0,-0.333,-4.9,34,9,14,8,10.12,3,4,40,0.412,0.462,0.882,1.344,130,90,0.332,0.33,0.447,,4.9,27,14,9.0,2,67,5,18,13,19,8,0,70,0,0,0.167,1.6
MIA/MIA201908130,"Tuesday, August 13, 2019",7:10 p.m. Local,Marlins Park,8729,3:22,Night,Away,Los Angeles Dodgers,LAD,Miami Marlins,MIA,43,15,15,14,15.0,5,7,48,0.349,0.417,0.953,1.37,134,126,0.281,0.58,0.541,,10.5,27,12,9.0,0,77,13,36,9,27,10,0,63,1,0,0.22,3.5,29,1,4,1,1.0,2,9,33,0.138,0.242,0.172,0.415,208,92,-0.219,0.35,0.204,,-3.5,27,7,9.0,6,49,16,27,10,10,4,0,43,5,0,-0.281,-10.5
MIA/MIA201908140,"Wednesday, August 14, 2019",7:10 p.m. Local,Marlins Park,8810,2:45,Night,Away,Los Angeles Dodgers,LAD,Miami Marlins,MIA,37,9,12,9,9.0,4,9,43,0.324,0.405,0.703,1.107,120,100,0.262,0.35,0.465,,4.5,27,5,9.0,1,62,17,21,9,20,6,0,83,0,0,0.238,3.5,30,1,3,1,1.0,1,13,31,0.1,0.129,0.2,0.329,154,83,-0.239,0.28,0.026,,-3.5,27,6,9.0,4,37,23,23,8,9,3,0,38,0,0,-0.263,-4.5
MIA/MIA201908150,"Thursday, August 15, 2019",3:05 p.m. Local,Marlins Park,8471,4:07,Day,Home,Miami Marlins,MIA,Los Angeles Dodgers,LAD,34,7,7,7,7.0,7,6,43,0.206,0.372,0.559,0.931,177,113,-0.138,0.64,0.337,,2.5,24,12,8.0,0,68,15,30,8,20,5,0,35,6,5,-0.362,-9.0,33,13,13,12,14.62,6,8,44,0.394,0.5,0.545,1.045,206,109,0.362,0.59,0.668,,9.0,27,7,9.0,4,68,15,26,13,14,9,0,62,1,0,0.138,-2.5
ATL/ATL201908160,"Friday, August 16, 2019",7:21 p.m. Local,SunTrust Park,41413,3:06,Night,Away,Los Angeles Dodgers,LAD,Atlanta Braves,ATL,35,8,11,8,8.0,4,8,39,0.314,0.385,0.743,1.127,148,84,0.412,0.92,1.266,,3.0,27,9,9.0,0,42,15,27,10,17,8,0,47,2,0,0.089,2.0,32,3,6,3,3.0,5,10,37,0.188,0.297,0.219,0.516,138,91,-0.089,1.06,0.48,,-2.0,27,11,9.0,4,51,21,19,10,12,8,0,49,1,1,-0.411,-3.0
ATL/ATL201908170,"Saturday, August 17, 2019",7:21 p.m. Local,SunTrust Park,43619,3:17,Night,Home,Atlanta Braves,ATL,Los Angeles Dodgers,LAD,36,3,9,3,3.0,4,11,40,0.25,0.325,0.444,0.769,141,110,-0.419,0.88,0.767,,-2.0,24,6,8.0,2,57,25,28,9,16,5,0,45,0,0,-0.082,0.4,30,4,7,4,4.5,1,8,32,0.233,0.258,0.567,0.825,178,91,0.083,1.5,0.619,,-0.4,27,2,9.0,2,58,14,19,8,15,7,0,44,2,0,0.419,2.0
ATL/ATL201908180,"Sunday, August 18, 2019",1:21 p.m. Local,SunTrust Park,37617,3:11,Day,Home,Atlanta Braves,ATL,Los Angeles Dodgers,LAD,34,3,9,3,3.0,3,10,37,0.265,0.324,0.382,0.707,144,92,-0.207,1.03,0.45,,-2.0,24,9,8.0,1,50,16,26,11,13,6,0,50,0,0,-0.295,-0.6,33,5,9,5,5.62,1,5,35,0.273,0.314,0.455,0.769,139,92,0.294,0.88,0.944,,0.6,27,9,9.0,1,56,19,17,10,18,11,0,44,0,0,0.206,2.0
LAN/LAN201908200,"Tuesday, August 20, 2019",7:10 p.m. Local,Dodger Stadium,52030,3:20,Night,Home,Los Angeles Dodgers,LAD,Toronto Blue Jays,TOR,30,3,7,3,3.0,4,8,34,0.233,0.324,0.567,0.89,202,82,0.004,0.41,0.404,,-1.6,24,8,8.0,5,45,10,27,11,11,3,0,53,1,0,-0.505,-11.9,37,16,15,16,18.0,10,8,47,0.405,0.532,0.946,1.478,128,109,0.505,0.49,0.796,,11.9,27,13,9.0,3,61,22,26,7,22,9,0,51,0,0,-0.004,1.6
LAN/LAN201908210,"Wednesday, August 21, 2019",7:11 p.m. Local,Dodger Stadium,44106,3:10,Night,Home,Los Angeles Dodgers,LAD,Toronto Blue Jays,TOR,36,1,6,1,0.9,1,11,37,0.167,0.189,0.306,0.495,143,97,-0.524,1.03,0.576,,-4.1,28,10,9.1,2,55,19,23,10,15,6,0,56,0,0,0.025,2.8,31,2,6,2,1.93,7,10,38,0.194,0.342,0.484,0.826,140,89,-0.026,1.36,0.851,,-2.8,30,6,10.0,1,47,11,31,7,14,5,0,75,0,0,0.525,4.1
LAN/LAN201908220,"Thursday, August 22, 2019",7:10 p.m. Local,Dodger Stadium,49796,2:46,Night,Home,Los Angeles Dodgers,LAD,Toronto Blue Jays,TOR,31,2,5,2,2.0,1,15,32,0.161,0.188,0.258,0.446,128,83,-0.144,1.37,0.262,,-2.6,25,6,8.1,0,35,21,27,8,8,4,0,79,1,0,-0.357,1.0,29,3,4,3,3.24,3,6,33,0.138,0.242,0.207,0.449,124,78,0.356,0.71,1.099,,-1.0,27,7,9.0,1,50,13,15,7,16,10,0,64,0,0,0.143,2.6
LAN/LAN201908230,"Friday, August 23, 2019",7:10 p.m. Local,Dodger Stadium,53775,3:16,Night,Away,New York Yankees,NYY,Los Angeles Dodgers,LAD,43,10,16,10,10.0,1,11,44,0.372,0.386,0.814,1.2,147,109,0.352,0.54,0.775,,5.4,27,6,9.0,0,59,24,26,11,21,11,0,67,1,1,0.148,2.6,32,2,6,2,2.0,1,15,34,0.188,0.212,0.281,0.493,161,97,-0.149,0.63,0.207,,-2.6,27,8,9.0,5,43,32,22,9,9,6,0,23,1,1,-0.352,-5.4
LAN/LAN201908240,"Saturday, August 24, 2019",1:07 p.m. Local,Dodger Stadium,53803,3:19,Day,Home,Los Angeles Dodgers,LAD,New York Yankees,NYY,32,1,5,1,1.0,3,10,35,0.156,0.229,0.25,0.479,138,91,-0.643,0.8,0.669,,-3.6,24,2,8.0,1,47,19,25,10,12,6,0,50,1,0,0.141,2.1,30,2,6,2,2.25,2,12,32,0.2,0.25,0.3,0.55,143,90,-0.14,1.96,0.389,,-2.1,27,8,9.0,1,44,24,22,6,12,3,0,59,2,0,0.642,3.6
LAN/LAN201908250,"Sunday, August 25, 2019",4:07 p.m. Local,Dodger Stadium,53828,2:51,Day,Away,New York Yankees,NYY,Los Angeles Dodgers,LAD,34,5,8,5,4.0,1,12,36,0.235,0.278,0.529,0.807,121,92,0.075,1.09,0.531,,0.4,27,6,9.0,1,46,24,22,7,15,7,0,61,0,0,0.426,3.6,31,1,5,1,1.0,3,12,35,0.161,0.257,0.355,0.612,130,79,-0.426,0.63,0.392,,-3.6,27,7,9.0,3,32,20,27,5,14,7,0,69,0,0,-0.074,-0.4
SDN/SDN201908260,"Monday, August 26, 2019",7:11 p.m. Local,Petco Park,26172,2:52,Night,Home,San Diego Padres,SDP,Los Angeles Dodgers,LAD,34,3,7,3,3.0,4,13,39,0.206,0.308,0.441,0.749,116,95,-0.294,0.98,0.802,,-1.5,24,7,8.0,0,57,14,24,6,15,6,0,49,0,0,-0.206,0.0,28,4,4,3,2.25,1,5,29,0.143,0.172,0.179,0.351,141,72,0.204,1.41,0.64,,-0.0,27,4,9.0,2,43,11,18,8,15,6,0,52,0,0,0.294,1.5
SDN/SDN201908270,"Tuesday, August 27, 2019",7:12 p.m. Local,Petco Park,27952,3:02,Night,Away,Los Angeles Dodgers,LAD,San Diego Padres,SDP,39,9,14,9,9.0,3,4,42,0.359,0.405,0.564,0.969,132,97,0.274,0.58,0.588,,4.5,27,6,9.0,0,64,10,23,16,19,7,0,73,0,0,0.226,4.5,30,0,5,0,0.0,2,13,33,0.167,0.242,0.233,0.476,159,86,-0.228,0.54,0.203,,-4.5,27,10,9.0,2,49,12,26,7,10,4,0,13,3,3,-0.273,-4.5
SDN/SDN201908280,"Wednesday, August 28, 2019",6:12 p.m. Local,Petco Park,26871,4:05,Night,Away,Los Angeles Dodgers,LAD,San Diego Padres,SDP,38,6,9,5,3.6,8,11,47,0.237,0.383,0.289,0.672,155,116,0.41,1.7,1.164,,1.0,30,6,10.0,1,61,18,37,14,13,6,0,55,1,0,0.091,1.0,33,4,5,3,3.6,5,10,41,0.152,0.275,0.303,0.578,194,92,-0.091,1.2,1.041,,-1.0,30,12,10.0,0,51,19,22,11,14,2,0,40,5,2,-0.409,-1.0
ARI/ARI201908290,"Thursday, August 29, 2019",6:40 p.m. Local,Chase Field,22581,3:23,Night,Home,Arizona Diamondbacks,ARI,Los Angeles Dodgers,LAD,32,5,7,5,5.0,6,7,40,0.219,0.325,0.406,0.731,149,99,0.118,0.79,0.606,,0.2,24,12,8.0,1,57,17,25,6,21,9,0,19,2,0,-0.616,-6.7,38,11,16,11,12.38,2,6,43,0.421,0.463,0.632,1.095,157,100,0.618,1.02,1.044,,6.7,27,6,9.0,1,67,13,20,17,17,11,0,44,0,0,-0.117,-0.2
ARI/ARI201908300,"Friday, August 30, 2019",6:40 p.m. Local,Chase Field,34149,3:41,Night,Home,Arizona Diamondbacks,ARI,Los Angeles Dodgers,LAD,37,4,10,4,4.0,1,11,39,0.27,0.308,0.405,0.713,145,110,-0.129,1.33,0.857,,-0.8,24,8,8.0,2,62,23,25,15,11,6,0,55,1,0,-0.371,-0.7,33,5,8,4,4.5,3,12,36,0.242,0.306,0.545,0.851,153,97,0.369,1.37,1.255,,0.7,27,6,9.0,0,49,20,28,9,12,5,0,50,3,1,0.129,0.8
ARI/ARI201908310,"Saturday, August 31, 2019",5:10 p.m. Local,Chase Field,50180,3:11,Night,Home,Arizona Diamondbacks,ARI,Los Angeles Dodgers,LAD,32,5,10,4,5.0,4,7,37,0.312,0.378,0.625,1.003,140,83,-0.19,1.0,0.967,,0.2,24,5,8.0,3,45,13,25,10,16,10,0,41,0,0,-0.311,-1.7,29,6,6,6,6.75,2,10,33,0.207,0.281,0.586,0.867,140,92,0.311,1.46,0.896,,1.7,27,13,9.0,2,51,17,24,5,15,4,0,38,0,0,0.189,-0.2
ARI/ARI201909010,"Sunday, September 1, 2019",1:12 p.m. Local,Chase Field,34439,3:56,Day,Away,Los Angeles Dodgers,LAD,Arizona Diamondbacks,ARI,41,4,9,4,3.27,0,10,41,0.22,0.22,0.561,0.78,157,115,-0.028,1.62,1.046,,-1.9,33,16,11.0,0,65,23,27,11,20,5,0,57,2,1,0.529,2.9,38,3,8,3,2.45,2,10,40,0.211,0.25,0.237,0.487,170,101,-0.527,1.22,0.694,,-2.9,33,9,11.0,4,56,12,33,19,9,6,0,50,0,0,0.029,1.9
LAN/LAN201909020,"Monday, September 2, 2019",5:10 p.m. Local,Dodger Stadium,45910,4:06,Night,Home,Los Angeles Dodgers,LAD,Colorado Rockies,COL,38,9,12,9,9.0,0,10,40,0.316,0.325,0.816,1.141,202,99,0.162,0.58,0.478,,4.4,24,9,8.0,7,59,17,23,8,21,11,0,15,6,1,-0.663,-11.9,40,16,17,16,14.62,6,6,48,0.425,0.511,1.05,1.561,147,121,0.664,0.45,0.961,,11.9,27,6,9.0,4,79,18,24,12,23,11,0,32,0,0,-0.162,-4.4
LAN/LAN201909030,"Tuesday, September 3, 2019",7:10 p.m. Local,Dodger Stadium,52231,3:14,Night,Home,Los Angeles Dodgers,LAD,Colorado Rockies,COL,34,3,8,3,3.0,2,10,36,0.235,0.278,0.471,0.748,135,96,-0.193,1.21,0.455,,-1.6,24,7,8.0,3,48,19,29,7,17,7,0,59,2,2,-0.307,-0.9,29,5,6,5,5.62,3,4,32,0.207,0.281,0.517,0.798,149,82,0.307,0.87,1.004,,0.9,27,7,9.0,2,48,12,22,8,17,5,0,54,2,0,0.193,1.6
LAN/LAN201909040,"Wednesday, September 4, 2019",7:10 p.m. Local,Dodger Stadium,45761,3:12,Night,Home,Los Angeles Dodgers,LAD,Colorado Rockies,COL,33,3,7,3,3.0,5,10,38,0.212,0.316,0.242,0.558,141,104,-0.191,0.46,0.35,,-1.6,24,12,8.0,2,62,18,24,11,12,8,0,29,0,0,-0.308,-2.9,31,7,8,7,7.88,2,8,34,0.258,0.303,0.452,0.755,165,84,0.307,0.75,0.481,,2.9,27,11,9.0,0,42,15,27,16,8,5,0,40,2,0,0.193,1.6
LAN/LAN201909060,"Friday, September 6, 2019",7:10 p.m. Local,Dodger Stadium,53317,3:22,Night,Away,San Francisco Giants,SFG,Los Angeles Dodgers,LAD,35,5,9,5,5.0,5,12,40,0.257,0.35,0.4,0.75,132,118,0.182,1.11,0.923,,0.4,27,6,9.0,3,74,20,24,9,14,7,0,53,0,0,0.32,0.6,33,4,6,4,4.0,2,8,35,0.182,0.229,0.485,0.713,168,89,-0.319,1.18,0.491,,-0.6,27,7,9.0,1,52,12,25,8,17,4,0,39,2,2,-0.18,-0.4
LAN/LAN201909070,"Saturday, September 7, 2019",6:12 p.m. Local,Dodger Stadium,53870,3:21,Night,Away,San Francisco Giants,SFG,Los Angeles Dodgers,LAD,31,1,5,1,1.0,8,11,39,0.161,0.333,0.194,0.527,125,103,-0.35,1.93,0.406,,-3.6,27,10,9.0,0,55,29,19,5,15,6,0,61,1,0,0.848,4.6,29,0,4,0,0.0,4,7,34,0.138,0.265,0.138,0.403,168,73,-0.848,1.12,0.523,,-4.6,27,5,9.0,0,36,17,20,8,14,9,0,55,2,0,0.35,3.6
LAN/LAN201909080,"Sunday, September 8, 2019",1:11 p.m. Local,Dodger Stadium,52310,2:46,Day,Home,Los Angeles Dodgers,LAD,San Francisco Giants,SFG,31,0,4,0,0.0,1,11,32,0.129,0.156,0.129,0.285,125,91,-0.333,0.52,0.15,,-4.6,24,6,8.0,2,52,22,17,10,10,6,0,45,1,0,-0.168,-0.9,28,5,5,5,2.25,3,7,33,0.179,0.258,0.429,0.687,129,81,0.168,0.68,0.458,,0.9,27,6,9.0,0,42,11,28,11,12,4,0,54,0,0,0.332,4.6
BAL/BAL201909100,"Tuesday, September 10, 2019",7:06 p.m. Local,Oriole Park at Camden Yards,12356,2:46,Night,Away,Los Angeles Dodgers,LAD,Baltimore Orioles,BAL,38,7,13,7,7.0,4,8,44,0.342,0.432,0.658,1.09,135,94,0.331,0.35,0.525,,2.1,27,4,9.0,1,58,13,23,10,20,9,0,80,0,0,0.17,1.9,34,3,7,2,2.0,1,13,35,0.206,0.229,0.294,0.523,151,96,-0.171,0.35,0.09,,-1.9,27,10,9.0,3,52,26,18,7,14,5,0,17,1,0,-0.33,-2.1
BAL/BAL201909110,"Wednesday, September 11, 2019",7:06 p.m. Local,Oriole Park at Camden Yards,11438,2:59,Night,Home,Baltimore Orioles,BAL,Los Angeles Dodgers,LAD,32,3,6,3,3.0,2,8,34,0.188,0.235,0.313,0.548,142,86,-0.195,1.0,0.463,,-1.9,24,9,8.0,2,56,11,19,6,18,8,0,51,0,0,-0.304,-2.6,33,7,9,7,6.75,3,9,36,0.273,0.333,0.545,0.879,141,84,0.305,0.92,0.858,,2.6,27,5,9.0,1,45,18,21,12,12,6,0,62,1,0,0.196,1.9
BAL/BAL201909120,"Thursday, September 12, 2019",7:17 p.m. Local,Oriole Park at Camden Yards,12746,3:09,Night,Away,Los Angeles Dodgers,LAD,Baltimore Orioles,BAL,34,4,6,2,2.0,2,8,37,0.176,0.243,0.235,0.479,148,90,0.099,1.23,0.823,,-0.9,27,9,9.0,1,53,16,21,10,16,4,0,48,3,0,0.401,2.9,28,2,2,2,2.0,5,10,35,0.071,0.257,0.179,0.436,134,84,-0.401,1.19,0.49,,-2.9,27,8,9.0,0,47,16,21,10,8,1,0,49,2,0,-0.099,0.9
NYN/NYN201909130,"Friday, September 13, 2019",7:11 p.m. Local,Citi Field,36097,3:22,Night,Away,Los Angeles Dodgers,LAD,New York Mets,NYM,38,9,11,9,9.0,3,6,41,0.289,0.341,0.474,0.815,151,110,0.31,0.62,0.641,,4.6,27,9,9.0,1,72,16,22,18,14,8,0,59,3,1,0.188,2.4,32,2,5,2,2.0,4,6,36,0.156,0.25,0.25,0.5,174,93,-0.189,0.56,0.25,,-2.4,27,10,9.0,2,53,17,23,15,11,4,0,43,1,1,-0.311,-4.6
NYN/NYN201909140,"Saturday, September 14, 2019",7:10 p.m. Local,Citi Field,39264,2:40,Night,Home,New York Mets,NYM,Los Angeles Dodgers,LAD,30,0,3,0,0.0,0,12,31,0.1,0.129,0.1,0.229,120,83,-0.574,1.19,0.113,,-4.4,24,9,8.0,0,39,18,26,12,6,3,0,79,1,1,0.074,0.9,27,3,3,3,3.38,1,9,30,0.111,0.2,0.148,0.348,130,79,-0.074,1.06,0.497,,-0.9,27,10,9.0,0,48,15,16,9,9,5,0,79,0,0,0.575,4.4
NYN/NYN201909150,"Sunday, September 15, 2019",7:07 p.m. Local,Citi Field,31521,3:12,Night,Away,Los Angeles Dodgers,LAD,New York Mets,NYM,36,3,9,3,3.0,2,13,38,0.25,0.289,0.361,0.651,128,91,0.106,1.15,1.35,,-1.4,27,11,9.0,0,45,20,26,7,16,6,0,54,0,0,0.394,2.4,29,2,3,2,2.0,3,5,33,0.103,0.212,0.172,0.385,140,96,-0.393,1.9,0.393,,-2.4,27,6,9.0,0,62,15,19,12,12,4,0,70,2,0,-0.106,1.4
LAN/LAN201909170,"Tuesday, September 17, 2019",7:10 p.m. Local,Dodger Stadium,48663,3:43,Night,Home,Los Angeles Dodgers,LAD,Tampa Bay Rays,TBR,33,5,6,5,5.0,3,11,37,0.182,0.243,0.394,0.637,154,100,-0.178,1.04,0.5,,0.4,24,4,8.0,0,56,15,29,10,13,4,0,60,4,2,-0.324,-2.9,31,7,6,7,5.62,3,8,35,0.194,0.286,0.323,0.608,159,97,0.322,0.93,0.773,,2.9,27,6,9.0,2,59,18,20,9,14,5,0,50,1,0,0.178,-0.4
LAN/LAN201909180,"Wednesday, September 18, 2019",5:10 p.m. Local,Dodger Stadium,48253,4:40,Night,Away,Tampa Bay Rays,TBR,Los Angeles Dodgers,LAD,44,8,14,8,5.73,4,13,50,0.318,0.36,0.455,0.815,164,146,0.527,1.49,1.931,,2.4,33,6,11.0,1,88,20,38,13,20,13,0,46,4,2,-0.026,-1.4,44,7,12,6,4.09,2,13,47,0.273,0.298,0.386,0.684,214,116,0.029,1.74,1.251,,1.4,33,9,11.0,1,64,19,33,9,23,11,0,49,3,2,-0.527,-2.4
LAN/LAN201909200,"Friday, September 20, 2019",7:10 p.m. Local,Dodger Stadium,53704,3:39,Night,Home,Los Angeles Dodgers,LAD,Colorado Rockies,COL,35,5,10,5,5.0,2,9,37,0.286,0.324,0.657,0.981,182,92,0.12,0.86,0.472,,0.4,24,8,8.0,2,51,21,20,12,14,5,0,29,5,4,-0.618,-7.9,33,12,13,12,13.5,4,7,43,0.394,0.488,0.667,1.154,141,105,0.619,0.48,1.023,,7.9,27,11,9.0,4,62,19,24,11,18,8,0,44,0,0,-0.118,-0.4
LAN/LAN201909210,"Saturday, September 21, 2019",6:10 p.m. Local,Dodger Stadium,50705,3:01,Night,Away,Colorado Rockies,COL,Los Angeles Dodgers,LAD,32,4,7,4,4.0,3,8,36,0.219,0.306,0.406,0.712,139,82,0.067,1.12,0.544,,-0.6,27,6,9.0,0,43,12,27,10,14,5,0,51,0,0,0.434,2.6,33,2,6,2,0.0,1,12,34,0.182,0.206,0.273,0.479,130,93,-0.433,0.74,0.424,,-2.6,27,9,9.0,2,45,24,24,9,12,7,0,48,0,0,-0.067,0.6
LAN/LAN201909220,"Sunday, September 22, 2019",1:10 p.m. Local,Dodger Stadium,47948,3:13,Day,Home,Los Angeles Dodgers,LAD,Colorado Rockies,COL,32,4,8,4,4.0,1,10,35,0.25,0.294,0.5,0.794,172,86,-0.182,0.87,0.467,,-0.6,24,11,8.0,4,47,18,21,12,11,7,0,33,6,3,-0.317,-2.9,34,7,11,7,7.88,5,7,39,0.324,0.41,0.706,1.116,132,100,0.318,0.78,0.782,,2.9,27,13,9.0,2,56,17,27,12,15,7,0,61,1,0,0.182,0.6
SDN/SDN201909240,"Tuesday, September 24, 2019",7:12 p.m. Local,Petco Park,29708,2:58,Night,Away,Los Angeles Dodgers,LAD,San Diego Padres,SDP,33,6,7,6,6.0,5,8,39,0.212,0.333,0.455,0.788,139,79,0.165,0.95,0.656,,1.5,27,8,9.0,0,44,12,23,7,18,8,0,59,2,0,0.334,1.5,32,3,5,2,3.0,4,12,36,0.156,0.25,0.25,0.5,141,87,-0.333,0.84,0.358,,-1.5,27,6,9.0,2,43,20,24,9,11,5,0,38,3,3,-0.166,-1.5
SDN/SDN201909250,"Wednesday, September 25, 2019",7:12 p.m. Local,Petco Park,30552,3:20,Night,Away,Los Angeles Dodgers,LAD,San Diego Padres,SDP,34,6,10,6,6.0,2,13,38,0.294,0.342,0.706,1.048,151,97,0.28,1.44,0.932,,1.5,27,9,9.0,0,49,18,30,10,12,3,0,45,2,0,0.22,0.5,34,4,7,3,4.0,3,14,39,0.206,0.289,0.235,0.525,148,101,-0.219,1.02,0.759,,-0.5,27,8,9.0,4,45,20,36,12,9,5,0,47,0,0,-0.28,-1.5
SDN/SDN201909260,"Thursday, September 26, 2019",12:40 p.m. Local,Petco Park,26285,2:55,Day,Away,Los Angeles Dodgers,LAD,San Diego Padres,SDP,30,1,5,1,1.0,2,11,33,0.167,0.219,0.2,0.419,138,79,-0.32,1.92,0.49,,-3.5,27,6,9.0,0,36,16,27,14,6,3,0,74,1,0,0.819,4.5,30,0,3,0,0.0,2,12,32,0.1,0.156,0.133,0.29,119,98,-0.818,1.05,0.446,,-4.5,27,10,9.0,0,52,20,26,7,11,6,0,66,1,0,0.318,3.5
SFN/SFN201909270,"Friday, September 27, 2019",7:20 p.m. Local,Oracle Park,36554,3:42,Night,Away,Los Angeles Dodgers,LAD,San Francisco Giants,SFG,35,9,9,9,9.0,3,10,39,0.257,0.333,0.629,0.962,209,97,0.276,0.98,0.565,,4.5,27,3,9.0,0,48,17,32,13,12,6,0,53,2,0,0.223,2.5,35,2,8,2,2.0,8,13,46,0.229,0.37,0.286,0.655,154,130,-0.225,0.42,0.551,,-2.5,27,13,9.0,3,86,26,18,9,15,8,0,27,2,0,-0.276,-4.5
SFN/SFN201909280,"Saturday, September 28, 2019",1:05 p.m. Local,Oracle Park,37518,2:40,Day,Away,Los Angeles Dodgers,LAD,San Francisco Giants,SFG,32,2,7,2,2.0,1,9,33,0.219,0.242,0.375,0.617,135,86,-0.119,1.52,0.439,,-2.5,27,7,9.0,0,45,9,32,13,10,5,0,74,0,0,0.62,4.5,34,0,7,0,0.0,0,12,35,0.206,0.229,0.206,0.434,133,93,-0.62,0.79,0.43,,-4.5,27,12,9.0,1,49,22,22,12,10,6,0,56,0,0,0.12,2.5
SFN/SFN201909290,"Sunday, September 29, 2019",12:06 p.m. Local,Oracle Park,41909,3:23,Day,Away,Los Angeles Dodgers,LAD,San Francisco Giants,SFG,37,9,12,9,9.0,9,8,48,0.324,0.479,0.432,0.912,132,117,0.32,0.3,0.486,,4.5,27,10,9.0,0,66,19,32,17,12,3,0,59,0,0,0.179,4.5,28,0,3,0,0.0,3,8,31,0.107,0.194,0.107,0.301,198,90,-0.181,0.34,0.04,,-4.5,27,10,9.0,1,48,18,24,9,11,5,0,25,7,0,-0.321,-4.5
