,date,time,venue,attendance,duration,time_of_day,winner,winning_name,winning_abbr,losing_name,losing_abbr,away_at_bats,away_runs,away_hits,away_rbi,away_earned_runs,away_bases_on_balls,away_strikeouts,away_plate_appearances,away_batting_average,away_on_base_percentage,away_slugging_percentage,away_on_base_plus,away_pitches,away_strikes,away_win_probability_for_offensive_player,away_average_leverage_index,away_win_probability_added,away_win_probability_subtracted,away_base_out_runs_added,away_putouts,away_assists,away_innings_pitched,away_home_runs,away_strikes_by_contact,away_strikes_swinging,away_strikes_looking,away_grounded_balls,away_fly_balls,away_line_drives,away_unknown_bat_type,away_game_score,away_inherited_runners,away_inherited_score,away_win_probability_by_pitcher,away_base_out_runs_saved,home_at_bats,home_runs,home_hits,home_rbi,home_earned_runs,home_bases_on_balls,home_strikeouts,home_plate_appearances,home_batting_average,home_on_base_percentage,home_slugging_percentage,home_on_base_plus,home_pitches,home_strikes,home_win_probability_for_offensive_player,home_average_leverage_index,home_win_probability_added,home_win_probability_subtracted,home_base_out_runs_added,home_putouts,home_assists,home_innings_pitched,home_home_runs,home_strikes_by_contact,home_strikes_swinging,home_strikes_looking,home_grounded_balls,home_fly_balls,home_line_drives,home_unknown_bat_type,home_game_score,home_inherited_runners,home_inherited_score,home_win_probability_by_pitcher,home_base_out_runs_saved
MIA/MIA201903280,"Thursday, March 28, 2019",4:12 p.m. Local,Marlins Park,25423,2:55,Day,Away,Colorado Rockies,COL,Miami Marlins,MIA,36,6,9,5,5.0,3,7,39,0.25,0.308,0.472,0.78,121,98,0.246,0.48,0.663,,1.5,27,12,9.0,3,61,14,23,10,19,9,0,73,0,0,0.253,1.5,32,3,4,3,3.0,1,7,34,0.125,0.176,0.406,0.583,149,84,-0.253,0.62,0.098,,-1.5,27,7,9.0,1,56,9,19,14,11,3,0,25,1,0,-0.246,-1.5
MIA/MIA201903290,"Friday, March 29, 2019",7:10 p.m. Local,Marlins Park,6503,3:04,Night,Away,Colorado Rockies,COL,Miami Marlins,MIA,38,6,11,6,6.0,4,5,42,0.289,0.357,0.395,0.752,135,90,0.05,1.14,0.785,,1.5,27,17,9.0,1,53,19,18,11,22,12,0,68,0,0,0.451,3.5,27,1,2,1,1.0,3,9,31,0.074,0.194,0.185,0.379,147,85,-0.45,0.88,0.286,,-3.5,27,8,9.0,0,42,19,24,13,5,1,0,62,2,2,-0.05,-1.5
MIA/MIA201903300,"Saturday, March 30, 2019",6:10 p.m. Local,Marlins Park,7642,3:00,Night,Home,Miami Marlins,MIA,Colorado Rockies,COL,34,3,8,3,3.0,0,14,36,0.235,0.25,0.294,0.544,139,100,-0.131,0.77,0.505,,-1.5,24,9,8.0,0,50,28,22,7,14,8,0,32,2,1,-0.368,-3.0,38,7,16,7,7.88,1,3,40,0.421,0.425,0.526,0.951,147,98,0.369,1.07,0.833,,3.0,27,1,9.0,0,64,12,22,13,23,14,0,53,2,1,0.132,1.5
MIA/MIA201903310,"Sunday, March 31, 2019",1:10 p.m. Local,Marlins Park,7559,2:32,Day,Home,Miami Marlins,MIA,Colorado Rockies,COL,30,0,5,0,0.0,1,7,32,0.167,0.194,0.233,0.427,112,77,-0.484,0.69,0.238,,-4.5,24,10,8.0,1,45,17,15,14,10,4,0,61,0,0,-0.016,1.0,28,3,5,3,3.38,2,11,31,0.179,0.258,0.286,0.544,112,78,0.018,1.01,0.417,,-1.0,27,13,9.0,0,40,18,20,10,7,4,0,80,2,0,0.483,4.5
MIA/MIA201904010,"Monday, April 1, 2019",7:10 p.m. Local,Marlins Park,6489,3:10,Night,Away,New York Mets,NYM,Miami Marlins,MIA,36,7,10,6,7.0,2,16,40,0.278,0.35,0.5,0.85,135,100,0.35,1.33,1.374,,2.5,27,10,9.0,1,47,35,18,7,13,4,0,51,2,0,0.15,1.5,35,3,9,3,1.0,1,7,36,0.257,0.278,0.343,0.621,166,92,-0.149,1.47,0.774,,-1.5,27,6,9.0,2,50,21,21,12,16,8,0,58,0,0,-0.35,-2.5
MIA/MIA201904020,"Tuesday, April 2, 2019",7:10 p.m. Local,Marlins Park,5934,3:23,Night,Away,New York Mets,NYM,Miami Marlins,MIA,38,6,9,6,6.0,5,7,44,0.237,0.341,0.263,0.604,145,102,0.231,1.64,0.557,,1.5,27,9,9.0,1,64,17,21,18,13,6,0,44,3,1,0.269,-0.5,41,5,16,5,5.0,2,5,46,0.39,0.444,0.561,1.005,167,90,-0.271,0.69,1.045,,0.5,27,12,9.0,0,59,8,23,14,23,14,0,31,0,0,-0.23,-1.5
MIA/MIA201904030,"Wednesday, April 3, 2019",6:10 p.m. Local,Marlins Park,7486,3:07,Night,Away,New York Mets,NYM,Miami Marlins,MIA,38,6,10,6,4.0,3,10,41,0.263,0.317,0.474,0.791,164,104,0.148,0.71,0.492,,1.5,27,3,9.0,0,57,21,26,8,20,9,0,84,3,2,0.352,0.5,34,4,7,4,4.0,3,15,37,0.206,0.27,0.294,0.564,159,109,-0.354,0.47,0.206,,-0.5,27,5,9.0,1,58,31,20,4,15,8,0,54,0,0,-0.148,-1.5
ATL/ATL201904050,"Friday, April 5, 2019",7:22 p.m. Local,SunTrust Park,29218,2:35,Night,Home,Atlanta Braves,ATL,Miami Marlins,MIA,27,0,3,0,0.0,4,10,31,0.111,0.226,0.148,0.374,137,76,-0.376,0.51,0.238,,-5.0,24,6,8.0,2,39,18,19,6,11,4,0,41,0,0,-0.125,0.4,31,4,7,4,4.5,2,8,34,0.226,0.294,0.419,0.713,126,83,0.125,0.81,0.426,,-0.4,27,7,9.0,0,47,16,20,10,13,5,0,78,0,0,0.375,5.0
ATL/ATL201904060,"Saturday, April 6, 2019",7:21 p.m. Local,SunTrust Park,35618,3:16,Night,Away,Miami Marlins,MIA,Atlanta Braves,ATL,32,4,8,4,4.0,3,7,35,0.25,0.314,0.531,0.846,170,80,0.057,1.6,1.048,,-1.0,27,11,9.0,0,48,9,23,13,12,3,0,41,0,0,0.443,3.0,34,2,6,2,2.0,8,7,43,0.176,0.349,0.235,0.584,135,108,-0.442,1.33,0.811,,-3.0,27,13,9.0,3,71,13,24,15,12,5,0,57,0,0,-0.057,1.0
ATL/ATL201904070,"Sunday, April 7, 2019",1:22 p.m. Local,SunTrust Park,32551,2:33,Day,Home,Atlanta Braves,ATL,Miami Marlins,MIA,33,3,7,3,3.0,2,4,35,0.212,0.257,0.333,0.59,124,85,-0.239,1.11,0.921,,-2.0,24,6,8.0,2,55,7,23,14,15,4,0,57,0,0,-0.261,-1.4,29,4,7,4,4.5,3,8,33,0.241,0.313,0.483,0.795,127,79,0.261,1.67,0.844,,1.4,27,11,9.0,1,48,12,18,6,15,7,0,61,2,0,0.239,2.0
CIN/CIN201904090,"Tuesday, April 9, 2019",6:41 p.m. Local,Great American Ball Park,10058,2:47,Night,Home,Cincinnati Reds,CIN,Miami Marlins,MIA,29,0,4,0,0.0,2,12,31,0.138,0.194,0.207,0.4,176,79,-0.295,0.51,0.143,,-4.9,24,8,8.0,5,34,25,22,8,9,5,0,36,0,0,-0.206,-9.6,38,14,16,13,15.75,6,9,45,0.421,0.511,0.895,1.406,127,105,0.207,0.57,0.533,,9.6,27,9,9.0,0,62,13,30,10,19,7,0,80,0,0,0.294,4.9
CIN/CIN201904100,"Wednesday, April 10, 2019",6:41 p.m. Local,Great American Ball Park,11375,2:47,Night,Home,Cincinnati Reds,CIN,Miami Marlins,MIA,29,1,3,1,1.0,5,14,34,0.103,0.235,0.207,0.442,138,94,-0.502,1.2,0.345,,-3.9,24,8,8.0,2,43,27,24,8,7,2,0,72,0,0,0.002,2.4,24,2,3,2,2.25,5,8,30,0.125,0.276,0.375,0.651,155,81,-0.003,1.12,0.77,,-2.4,27,6,9.0,1,40,22,21,7,10,0,0,62,1,0,0.503,3.9
CIN/CIN201904110,"Thursday, April 11, 2019",12:37 p.m. Local,Great American Ball Park,11192,2:51,Day,Home,Cincinnati Reds,CIN,Miami Marlins,MIA,29,0,5,0,0.0,3,10,32,0.172,0.25,0.172,0.422,148,86,-0.395,0.74,0.153,,-4.9,24,10,8.0,1,43,11,32,11,8,3,0,38,1,0,-0.106,-0.6,32,5,10,5,5.62,2,11,35,0.312,0.371,0.469,0.84,144,95,0.106,0.68,0.511,,0.6,27,10,9.0,0,54,19,24,11,10,5,0,64,0,0,0.394,4.9
MIA/MIA201904120,"Friday, April 12, 2019",7:09 p.m. Local,Marlins Park,9322,2:46,Night,Away,Philadelphia Phillies,PHI,Miami Marlins,MIA,40,9,14,9,9.0,3,8,44,0.35,0.409,0.5,0.909,133,99,0.307,0.43,0.663,,4.5,27,9,9.0,0,48,18,33,14,18,6,0,70,0,0,0.192,3.5,29,1,5,1,1.0,2,9,33,0.172,0.242,0.207,0.449,150,90,-0.192,0.54,0.133,,-3.5,27,7,9.0,1,51,11,28,8,13,8,0,25,0,0,-0.308,-4.5
MIA/MIA201904130,"Saturday, April 13, 2019",6:10 p.m. Local,Marlins Park,13828,3:01,Night,Home,Miami Marlins,MIA,Philadelphia Phillies,PHI,33,3,6,3,3.0,4,11,37,0.182,0.27,0.333,0.604,149,104,-0.196,0.31,0.083,,-1.5,24,7,8.0,3,49,24,31,9,13,8,0,22,0,0,-0.306,-6.0,40,10,18,10,11.25,0,7,41,0.45,0.439,0.75,1.189,158,100,0.307,0.34,0.517,,6.0,27,7,9.0,0,54,16,30,11,23,8,0,73,0,0,0.194,1.5
MIA/MIA201904140,"Sunday, April 14, 2019",1:10 p.m. Local,Marlins Park,15238,4:38,Day,Away,Philadelphia Phillies,PHI,Miami Marlins,MIA,53,3,12,3,1.93,5,13,58,0.226,0.293,0.415,0.708,193,143,-0.651,1.56,1.245,,-4.0,42,10,14.0,1,76,15,52,15,25,12,0,65,0,0,1.152,6.0,45,1,5,1,0.64,5,18,50,0.111,0.2,0.178,0.378,231,122,-1.151,1.96,0.616,,-6.0,42,16,14.0,2,57,31,34,10,17,6,0,66,1,0,0.652,4.0
MIA/MIA201904150,"Monday, April 15, 2019",7:10 p.m. Local,Marlins Park,9888,3:27,Night,Away,Chicago Cubs,CHC,Miami Marlins,MIA,35,7,8,7,7.0,6,5,44,0.229,0.386,0.4,0.786,148,95,0.314,0.85,0.684,,2.5,27,10,9.0,1,56,10,29,11,19,7,0,57,2,0,0.186,2.5,32,2,6,1,2.0,5,13,38,0.188,0.316,0.281,0.597,159,89,-0.187,0.76,0.397,,-2.5,27,9,9.0,1,39,21,29,12,7,3,0,35,3,0,-0.315,-2.5
MIA/MIA201904160,"Tuesday, April 16, 2019",7:10 p.m. Local,Marlins Park,8137,2:49,Night,Away,Chicago Cubs,CHC,Miami Marlins,MIA,31,4,9,4,4.0,5,9,38,0.29,0.395,0.452,0.846,119,97,-0.007,1.03,0.518,,-0.5,27,12,9.0,0,46,18,33,8,15,8,0,72,1,0,0.508,4.5,33,0,7,0,0.0,1,7,34,0.212,0.235,0.242,0.478,155,78,-0.509,0.77,0.263,,-4.5,27,11,9.0,1,33,16,29,14,12,7,0,54,0,0,0.007,0.5
MIA/MIA201904170,"Wednesday, April 17, 2019",7:10 p.m. Local,Marlins Park,10247,2:25,Night,Away,Chicago Cubs,CHC,Miami Marlins,MIA,34,6,8,6,6.0,1,10,35,0.235,0.257,0.382,0.639,130,80,0.262,0.5,0.477,,1.5,27,15,9.0,0,39,23,18,12,12,5,0,79,0,0,0.239,4.5,31,0,5,0,0.0,0,11,31,0.161,0.161,0.194,0.355,125,86,-0.239,0.44,0.119,,-4.5,27,11,9.0,1,45,19,22,14,6,5,0,44,0,0,-0.261,-1.5
MIA/MIA201904190,"Friday, April 19, 2019",7:10 p.m. Local,Marlins Park,8199,2:52,Night,Home,Miami Marlins,MIA,Washington Nationals,WSN,32,2,6,2,2.0,1,13,33,0.188,0.212,0.313,0.525,124,91,-0.499,1.25,0.498,,-2.5,24,7,8.0,0,46,20,25,10,9,4,0,48,6,1,-0.002,1.0,32,3,6,3,3.38,4,8,37,0.188,0.297,0.219,0.516,132,78,0.003,1.31,0.683,,-1.0,27,10,9.0,1,43,14,21,12,12,6,0,66,1,0,0.499,2.5
MIA/MIA201904200,"Saturday, April 20, 2019",6:10 p.m. Local,Marlins Park,9910,3:12,Night,Home,Miami Marlins,MIA,Washington Nationals,WSN,35,3,10,3,2.0,3,11,39,0.286,0.359,0.4,0.759,167,95,-0.042,0.66,0.616,,-1.5,24,8,8.0,1,59,12,24,15,9,8,0,29,1,1,-0.456,-5.0,35,9,11,7,9.0,4,12,41,0.314,0.39,0.514,0.905,138,104,0.454,0.89,0.874,,5.0,27,12,9.0,0,52,21,31,8,16,9,0,49,0,0,0.045,1.5
MIA/MIA201904210,"Sunday, April 21, 2019",1:10 p.m. Local,Marlins Park,7412,2:45,Day,Away,Washington Nationals,WSN,Miami Marlins,MIA,33,5,9,5,5.0,3,11,37,0.273,0.324,0.576,0.9,136,90,0.02,0.81,0.48,,0.5,27,12,9.0,0,43,29,18,9,14,5,0,87,2,0,0.48,4.5,29,0,3,0,0.0,4,13,33,0.103,0.212,0.103,0.316,134,84,-0.478,0.67,0.118,,-4.5,27,8,9.0,3,31,23,30,11,5,2,0,54,3,1,-0.021,-0.5
CLE/CLE201904230,"Tuesday, April 23, 2019",6:11 p.m. Local,Progressive Field,12963,2:42,Night,Away,Miami Marlins,MIA,Cleveland Indians,CLE,35,3,9,3,3.0,1,8,37,0.257,0.27,0.4,0.67,118,92,-0.051,1.26,0.472,,-2.2,27,11,9.0,0,47,17,28,13,15,9,0,71,2,1,0.551,4.2,31,1,3,1,0.0,2,9,34,0.097,0.176,0.097,0.273,141,74,-0.551,0.77,0.356,,-4.2,27,9,9.0,1,37,16,21,14,8,4,0,62,1,0,0.051,2.2
CLE/CLE201904240,"Wednesday, April 24, 2019",1:11 p.m. Local,Progressive Field,13046,2:53,Day,Home,Cleveland Indians,CLE,Miami Marlins,MIA,31,2,5,2,2.0,2,7,34,0.161,0.206,0.29,0.496,149,87,-0.278,1.09,0.475,,-3.2,24,6,8.0,1,50,8,29,17,8,4,0,51,4,2,-0.221,-1.4,32,6,9,6,5.62,6,7,40,0.281,0.41,0.438,0.848,133,84,0.222,1.14,0.899,,1.4,27,13,9.0,1,51,17,16,13,13,3,0,68,0,0,0.279,3.2
PHI/PHI201904250,"Thursday, April 25, 2019",7:06 p.m. Local,Citizens Bank Park,32060,3:35,Night,Away,Miami Marlins,MIA,Philadelphia Phillies,PHI,37,3,12,3,2.7,2,7,42,0.324,0.375,0.459,0.834,145,106,-0.206,1.24,1.036,,-2.4,30,5,10.0,1,62,16,30,14,18,10,0,69,1,0,0.705,4.4,34,1,4,1,0.9,1,13,35,0.118,0.143,0.265,0.408,162,110,-0.705,1.68,0.327,,-4.4,30,16,10.0,1,56,28,26,5,16,6,0,59,2,0,0.205,2.4
PHI/PHI201904260,"Friday, April 26, 2019",8:38 p.m. Local,Citizens Bank Park,31158,2:47,Night,Home,Philadelphia Phillies,PHI,Miami Marlins,MIA,31,0,5,0,0.0,2,7,33,0.161,0.212,0.194,0.406,151,86,-0.527,0.55,0.253,,-4.9,24,15,8.0,3,51,13,22,8,16,6,0,62,2,0,0.027,0.3,29,4,6,4,4.5,5,4,34,0.207,0.324,0.586,0.91,129,89,-0.027,1.01,0.373,,-0.3,27,7,9.0,0,54,12,23,14,11,3,0,78,1,0,0.527,4.9
PHI/PHI201904270,"Saturday, April 27, 2019",6:06 p.m. Local,Citizens Bank Park,37868,3:38,Night,Home,Philadelphia Phillies,PHI,Miami Marlins,MIA,41,9,17,9,9.0,3,9,45,0.415,0.444,0.537,0.981,183,120,-0.094,0.54,0.609,,4.1,24,10,8.0,3,72,20,28,18,15,8,0,31,0,0,-0.406,-7.7,35,12,14,11,13.5,5,8,43,0.4,0.5,0.714,1.214,180,115,0.406,0.93,0.68,,7.7,27,9,9.0,1,64,15,36,11,16,10,1,32,3,3,0.095,-4.1
PHI/PHI201904280,"Sunday, April 28, 2019",1:06 p.m. Local,Citizens Bank Park,39168,2:34,Day,Home,Philadelphia Phillies,PHI,Miami Marlins,MIA,31,1,7,1,1.0,0,3,32,0.226,0.226,0.226,0.452,143,77,-0.378,0.49,0.253,,-3.9,24,7,8.0,0,46,11,20,14,15,4,0,48,1,0,-0.12,-0.7,27,5,4,3,5.62,6,9,34,0.148,0.324,0.259,0.583,107,90,0.12,0.84,0.432,,0.7,27,10,9.0,0,51,20,19,8,10,5,0,72,,,0.38,3.9
MIA/MIA201904300,"Tuesday, April 30, 2019",7:10 p.m. Local,Marlins Park,7247,2:56,Night,Away,Cleveland Indians,CLE,Miami Marlins,MIA,33,7,9,7,5.0,3,5,40,0.273,0.316,0.455,0.77,142,93,0.409,1.09,0.873,,2.5,27,10,9.0,1,62,14,17,14,18,7,0,59,0,0,0.094,0.5,31,4,5,4,4.0,5,12,38,0.161,0.297,0.29,0.588,147,89,-0.092,0.85,0.637,,-0.5,27,8,9.0,2,40,21,28,12,8,4,0,32,1,0,-0.407,-2.5
MIA/MIA201905010,"Wednesday, May 1, 2019",7:10 p.m. Local,Marlins Park,7262,2:38,Night,Home,Miami Marlins,MIA,Cleveland Indians,CLE,31,2,6,2,2.0,3,11,34,0.194,0.265,0.419,0.684,107,87,-0.344,0.68,0.313,,-2.5,24,13,8.0,0,39,31,18,7,13,7,0,39,1,0,-0.155,-0.0,31,4,10,4,4.5,1,5,35,0.323,0.382,0.355,0.737,131,75,0.155,0.84,0.521,,0.0,27,9,9.0,2,37,12,26,16,11,8,0,71,0,0,0.346,2.5
MIA/MIA201905030,"Friday, May 3, 2019",7:11 p.m. Local,Marlins Park,7198,3:08,Night,Away,Atlanta Braves,ATL,Miami Marlins,MIA,34,7,10,7,7.0,4,7,40,0.294,0.359,0.5,0.859,145,103,0.291,1.1,0.647,,2.5,27,10,9.0,0,64,22,17,12,17,5,0,49,5,1,0.21,2.5,32,2,6,2,2.0,5,11,38,0.188,0.316,0.188,0.503,161,87,-0.209,0.67,0.444,,-2.5,27,8,9.0,2,33,22,32,13,8,2,0,41,1,0,-0.29,-2.5
MIA/MIA201905040,"Saturday, May 4, 2019",6:10 p.m. Local,Marlins Park,10229,3:15,Night,Away,Atlanta Braves,ATL,Miami Marlins,MIA,41,9,12,9,9.0,6,6,47,0.293,0.383,0.415,0.798,113,120,0.452,0.64,1.183,,4.5,27,11,9.0,0,71,16,33,18,17,8,0,71,0,0,0.047,2.5,32,2,3,2,0.0,2,9,36,0.094,0.171,0.094,0.265,188,78,-0.048,1.03,0.352,,-2.5,27,10,9.0,1,43,15,20,17,7,3,0,59,3,2,-0.453,-4.5
MIA/MIA201905050,"Sunday, May 5, 2019",1:11 p.m. Local,Marlins Park,11885,3:29,Day,Away,Atlanta Braves,ATL,Miami Marlins,MIA,34,3,6,3,2.7,4,9,39,0.176,0.256,0.324,0.58,156,105,0.009,1.57,0.967,,-2.0,30,12,10.0,0,68,12,25,9,17,4,0,70,0,0,0.491,4.0,35,1,6,1,0.9,2,7,38,0.171,0.237,0.2,0.437,160,100,-0.492,1.29,0.66,,-4.0,30,9,10.0,1,50,16,34,12,16,7,0,71,0,0,-0.009,2.0
CHN/CHN201905060,"Monday, May 6, 2019",7:05 p.m. Local,Wrigley Field,34555,3:26,Night,Away,Miami Marlins,MIA,Chicago Cubs,CHC,30,6,6,6,6.0,6,7,38,0.2,0.324,0.333,0.658,177,94,0.474,1.2,1.265,,1.1,27,13,9.0,2,49,14,31,12,13,6,0,46,2,1,0.027,-0.1,31,5,8,5,5.0,10,9,41,0.258,0.439,0.484,0.923,155,102,-0.027,1.63,0.91,,0.1,27,15,9.0,1,53,26,23,13,9,4,0,55,3,2,-0.474,-1.1
CHN/CHN201905070,"Tuesday, May 7, 2019",7:06 p.m. Local,Wrigley Field,35274,3:10,Night,Home,Chicago Cubs,CHC,Miami Marlins,MIA,37,2,9,2,0.0,0,12,37,0.243,0.243,0.297,0.541,158,97,-0.492,1.56,0.614,,-2.9,26,7,8.2,2,53,18,26,11,14,8,0,64,1,0,-0.009,-0.3,30,5,7,5,5.19,5,12,38,0.233,0.351,0.533,0.885,149,97,0.008,1.44,0.96,,0.2,27,9,9.0,0,57,21,19,8,12,4,0,58,0,0,0.491,2.9
CHN/CHN201905080,"Wednesday, May 8, 2019",6:35 p.m. Local,Wrigley Field,37241,2:59,Night,Home,Chicago Cubs,CHC,Miami Marlins,MIA,39,2,8,2,0.82,0,9,40,0.205,0.225,0.231,0.456,144,102,-0.587,1.2,0.893,,-3.9,30,19,10.0,1,56,16,30,18,12,6,0,61,0,0,0.086,2.4,33,3,6,2,1.8,4,6,37,0.182,0.27,0.273,0.543,136,90,-0.085,1.92,0.844,,-2.4,33,13,11.0,0,53,17,20,17,10,5,0,77,1,1,0.586,3.9
CHN/CHN201905090,"Thursday, May 9, 2019",1:21 p.m. Local,Wrigley Field,32301,2:59,Day,Home,Chicago Cubs,CHC,Miami Marlins,MIA,29,1,4,1,1.0,8,10,37,0.138,0.324,0.172,0.497,140,94,-0.37,0.52,0.525,,-3.9,24,7,8.0,2,45,21,28,12,7,4,0,41,0,0,-0.129,0.3,32,4,8,4,4.5,4,8,36,0.25,0.333,0.438,0.771,168,92,0.13,1.15,0.455,,-0.3,27,11,9.0,0,52,17,23,9,15,5,0,57,0,0,0.37,3.9
NYN/NYN201905100,"Friday, May 10, 2019",7:10 p.m. Local,Citi Field,25194,3:04,Night,Home,New York Mets,NYM,Miami Marlins,MIA,37,2,10,2,2.0,3,12,41,0.27,0.317,0.27,0.587,165,101,-0.06,0.31,0.055,,-2.4,24,10,8.0,3,58,19,24,16,10,6,0,0,0,0,-0.44,-7.1,36,11,15,10,12.38,8,8,46,0.417,0.543,0.667,1.21,143,102,0.441,0.15,0.49,,7.1,27,9,9.0,0,58,17,27,12,16,7,0,61,0,0,0.06,2.4
NYN/NYN201905110,"Saturday, May 11, 2019",7:10 p.m. Local,Citi Field,32501,2:41,Night,Home,New York Mets,NYM,Miami Marlins,MIA,33,1,6,1,1.0,2,10,35,0.182,0.229,0.273,0.501,128,98,-0.337,0.89,0.297,,-3.4,24,12,8.0,2,54,23,21,14,9,6,0,36,2,0,-0.164,-0.1,31,4,9,4,4.5,3,3,35,0.29,0.371,0.516,0.888,139,84,0.165,0.88,0.689,,0.1,27,10,9.0,0,57,14,13,13,15,7,0,70,0,0,0.336,3.4
MIA/MIA201905140,"Tuesday, May 14, 2019",7:10 p.m. Local,Marlins Park,6306,2:52,Night,Away,Tampa Bay Rays,TBR,Miami Marlins,MIA,34,4,8,4,4.0,7,14,41,0.235,0.366,0.324,0.689,115,118,-0.025,1.0,0.494,,-0.5,27,15,9.0,0,62,30,26,9,11,5,0,71,0,0,0.525,4.5,31,0,6,0,0.0,0,8,31,0.194,0.194,0.194,0.387,176,78,-0.524,0.77,0.205,,-4.5,27,8,9.0,1,42,16,20,16,7,4,0,58,2,1,0.024,0.5
MIA/MIA201905150,"Wednesday, May 15, 2019",7:11 p.m. Local,Marlins Park,5947,3:06,Night,Away,Tampa Bay Rays,TBR,Miami Marlins,MIA,31,1,7,1,1.0,3,7,35,0.226,0.314,0.258,0.572,149,79,-0.336,1.86,0.364,,-3.5,27,6,9.0,0,45,16,19,11,13,6,0,53,0,0,0.837,4.5,34,0,7,0,0.0,4,12,38,0.206,0.289,0.294,0.584,131,94,-0.838,0.99,0.687,,-4.5,27,11,9.0,0,51,16,27,9,13,5,0,57,2,0,0.335,3.5
MIA/MIA201905170,"Friday, May 17, 2019",7:10 p.m. Local,Marlins Park,9870,3:01,Night,Home,Miami Marlins,MIA,New York Mets,NYM,36,6,12,6,6.0,5,6,42,0.333,0.405,0.694,1.099,143,88,-0.175,0.64,0.624,,1.5,24,8,8.0,1,53,14,21,12,19,7,0,26,0,0,-0.326,-4.0,34,8,10,8,7.88,0,7,36,0.294,0.286,0.471,0.756,138,100,0.327,1.03,0.602,,4.0,27,9,9.0,3,67,16,17,14,15,6,0,50,3,2,0.174,-1.5
MIA/MIA201905180,"Saturday, May 18, 2019",4:10 p.m. Local,Marlins Park,13474,2:38,Day,Home,Miami Marlins,MIA,New York Mets,NYM,26,0,1,0,0.0,3,9,29,0.038,0.138,0.077,0.215,143,80,-0.554,0.62,0.178,,-4.5,24,7,8.0,1,56,10,14,11,6,3,0,47,3,0,0.054,2.0,29,2,5,2,2.25,4,10,33,0.172,0.273,0.276,0.549,122,92,-0.054,1.02,0.302,,-2.0,27,12,9.0,0,53,15,24,10,9,4,0,80,0,0,0.554,4.5
MIA/MIA201905190,"Sunday, May 19, 2019",1:10 p.m. Local,Marlins Park,15983,1:59,Day,Home,Miami Marlins,MIA,New York Mets,NYM,27,0,2,0,0.0,1,8,28,0.074,0.107,0.074,0.181,104,55,-0.556,0.78,0.214,,-4.5,24,10,8.0,1,25,19,11,10,9,5,0,61,0,0,0.056,1.0,27,3,6,2,3.38,1,5,30,0.222,0.267,0.407,0.674,89,69,-0.056,1.11,0.385,,-1.0,27,11,9.0,0,41,9,19,9,14,6,0,90,,,0.556,4.5
DET/DET201905210,"Tuesday, May 21, 2019",7:10 p.m. Local,Comerica Park,15565,3:29,Night,Away,Miami Marlins,MIA,Detroit Tigers,DET,42,5,10,5,4.09,4,10,47,0.238,0.298,0.452,0.75,178,111,0.144,2.0,1.065,,-1.2,33,4,11.0,1,62,23,26,12,21,6,0,60,0,0,0.355,2.2,38,4,5,4,1.64,2,17,41,0.132,0.171,0.237,0.408,170,118,-0.356,1.05,1.063,,-2.2,33,8,11.0,2,59,27,32,5,17,5,0,43,0,0,-0.145,1.2
DET/DET201905220,"Wednesday, May 22, 2019",7:10 p.m. Local,Comerica Park,14506,3:01,Night,Away,Miami Marlins,MIA,Detroit Tigers,DET,35,6,11,6,6.0,2,7,37,0.314,0.351,0.514,0.866,148,103,0.333,1.01,0.952,,0.9,27,11,9.0,0,55,22,26,18,10,4,0,51,0,0,0.168,2.1,35,3,10,3,2.0,2,7,38,0.286,0.342,0.343,0.685,156,105,-0.168,0.95,0.581,,-2.1,27,16,9.0,2,69,20,16,17,11,4,0,57,2,1,-0.333,-0.9
DET/DET201905230,"Thursday, May 23, 2019",1:10 p.m. Local,Comerica Park,17214,2:58,Day,Away,Miami Marlins,MIA,Detroit Tigers,DET,35,5,7,5,0.0,3,8,39,0.2,0.282,0.314,0.596,135,96,0.267,1.09,1.392,,-0.1,27,13,9.0,0,60,13,23,11,16,12,0,54,2,0,0.234,3.1,33,2,11,2,2.0,1,8,35,0.333,0.343,0.394,0.737,143,90,-0.234,2.04,0.453,,-3.1,27,9,9.0,1,58,14,18,11,15,11,0,68,1,0,-0.266,0.1
WAS/WAS201905240,"Friday, May 24, 2019",7:05 p.m. Local,Nationals Park,29173,3:59,Night,Home,Washington Nationals,WSN,Miami Marlins,MIA,43,10,15,10,10.0,3,7,48,0.349,0.417,0.605,1.021,180,107,0.6,1.64,1.579,,4.9,24,9,8.0,4,60,20,27,16,20,10,0,31,6,2,-1.1,-7.5,37,12,14,11,13.5,5,8,43,0.378,0.465,0.811,1.276,178,110,1.1,1.26,2.136,,7.5,27,10,9.0,3,62,20,28,10,19,11,0,31,1,1,-0.599,-4.9
WAS/WAS201905250,"Saturday, May 25, 2019",4:05 p.m. Local,Nationals Park,33163,2:25,Day,Home,Washington Nationals,WSN,Miami Marlins,MIA,28,0,4,0,0.0,1,5,29,0.143,0.172,0.179,0.351,128,70,-0.318,0.64,0.112,,-5.1,24,11,8.0,0,41,8,21,15,8,3,0,37,0,0,-0.182,-0.5,30,5,7,4,4.5,5,3,36,0.233,0.361,0.3,0.661,116,75,0.184,0.57,0.507,,0.5,27,15,9.0,0,45,11,19,14,13,6,0,83,,,0.318,5.1
WAS/WAS201905260,"Sunday, May 26, 2019",1:35 p.m. Local,Nationals Park,26365,3:06,Day,Home,Washington Nationals,WSN,Miami Marlins,MIA,35,6,11,6,6.0,5,8,41,0.314,0.4,0.486,0.886,152,103,-0.247,0.37,0.177,,0.9,24,7,8.0,1,61,16,26,12,16,8,0,28,0,0,-0.254,-4.5,39,9,15,9,10.12,2,5,43,0.385,0.419,0.615,1.034,169,103,0.254,0.53,0.447,,4.5,27,10,9.0,1,65,8,30,13,22,8,0,60,1,1,0.246,-0.9
WAS/WAS201905270,"Monday, May 27, 2019",1:10 p.m. Local,Nationals Park,21048,3:00,Day,Away,Miami Marlins,MIA,Washington Nationals,WSN,35,3,9,3,1.0,2,9,40,0.257,0.308,0.314,0.622,119,115,-0.028,1.72,0.815,,-2.1,27,8,9.0,0,74,18,23,16,12,6,0,64,3,0,0.527,3.1,30,2,5,2,2.0,3,5,34,0.167,0.235,0.233,0.469,154,71,-0.526,1.46,0.59,,-3.1,27,10,9.0,0,44,7,20,8,18,10,0,59,0,0,0.028,2.1
MIA/MIA201905280,"Tuesday, May 28, 2019",7:10 p.m. Local,Marlins Park,6407,2:51,Night,Home,Miami Marlins,MIA,San Francisco Giants,SFG,32,3,6,3,3.0,2,5,35,0.188,0.229,0.313,0.541,172,84,-0.176,0.66,0.18,,-1.5,24,9,8.0,3,48,14,22,13,15,4,0,29,3,3,-0.325,-7.0,37,11,14,11,12.38,4,6,41,0.378,0.439,0.649,1.088,130,109,0.324,0.49,0.715,,7.0,27,9,9.0,1,68,13,28,13,18,9,0,73,0,0,0.175,1.5
MIA/MIA201905290,"Wednesday, May 29, 2019",7:10 p.m. Local,Marlins Park,6487,2:38,Night,Home,Miami Marlins,MIA,San Francisco Giants,SFG,33,2,6,2,2.0,2,9,35,0.182,0.229,0.333,0.562,108,93,-0.422,1.1,0.405,,-2.5,24,11,8.0,0,58,13,22,11,13,5,0,55,1,1,-0.078,-0.0,31,4,11,4,4.5,1,5,35,0.355,0.371,0.484,0.855,137,73,0.079,1.2,0.647,,0.0,27,10,9.0,1,52,7,14,12,16,9,0,64,0,0,0.422,2.5
MIA/MIA201905300,"Thursday, May 30, 2019",1:10 p.m. Local,Marlins Park,7371,3:05,Day,Away,San Francisco Giants,SFG,Miami Marlins,MIA,30,3,6,3,3.0,8,5,39,0.2,0.385,0.267,0.651,138,89,0.064,1.16,1.001,,-1.5,27,13,9.0,0,56,13,20,8,17,7,0,59,0,0,0.435,3.5,31,1,7,1,1.0,4,6,35,0.226,0.314,0.258,0.572,157,86,-0.435,1.54,0.454,,-3.5,27,6,9.0,0,49,14,23,14,11,4,0,66,6,2,-0.065,1.5
SDN/SDN201905310,"Friday, May 31, 2019",7:11 p.m. Local,Petco Park,25019,2:59,Night,Home,San Diego Padres,SDP,Miami Marlins,MIA,32,2,4,2,2.0,1,7,33,0.125,0.152,0.25,0.402,164,77,-0.392,0.51,0.322,,-2.5,24,4,8.0,3,39,16,22,12,13,4,0,59,1,0,-0.108,-1.0,33,5,9,4,5.62,3,13,36,0.273,0.333,0.576,0.909,119,99,0.107,0.98,0.466,,1.0,27,11,9.0,1,45,21,33,9,11,3,0,69,3,1,0.393,2.5
SDN/SDN201906010,"Saturday, June 1, 2019",7:10 p.m. Local,Petco Park,26858,2:43,Night,Away,Miami Marlins,MIA,San Diego Padres,SDP,38,9,11,9,8.0,4,9,42,0.289,0.357,0.421,0.778,128,95,0.413,0.62,0.757,,4.5,27,10,9.0,1,52,15,31,15,14,10,0,57,0,0,0.086,1.5,30,3,4,3,3.0,3,11,33,0.133,0.212,0.233,0.445,167,79,-0.085,0.69,0.349,,-1.5,27,13,9.0,1,39,16,24,14,5,2,0,29,2,1,-0.414,-4.5
SDN/SDN201906020,"Sunday, June 2, 2019",3:12 p.m. Local,Petco Park,31650,3:04,Day,Away,Miami Marlins,MIA,San Diego Padres,SDP,38,9,13,9,9.0,1,7,41,0.342,0.366,0.579,0.945,154,110,0.301,0.4,0.478,,4.5,27,4,9.0,2,68,17,25,14,18,9,0,71,0,0,0.201,1.5,31,3,4,3,3.0,2,12,33,0.129,0.182,0.323,0.504,168,108,-0.2,0.28,0.085,,-1.5,27,9,9.0,2,65,20,23,5,14,7,0,26,2,2,-0.3,-4.5
MIL/MIL201906040,"Tuesday, June 4, 2019",6:40 p.m. Local,Miller Park,25364,3:12,Night,Away,Miami Marlins,MIA,Milwaukee Brewers,MIL,47,16,19,16,14.0,3,9,50,0.404,0.44,0.702,1.142,150,117,0.309,0.29,0.521,,11.2,27,6,9.0,0,63,24,30,18,20,11,0,72,0,0,0.192,4.8,33,0,6,0,0.0,3,10,36,0.182,0.25,0.212,0.462,184,101,-0.192,0.27,0.051,,-4.8,27,9,9.0,3,57,18,26,7,16,8,0,38,2,2,-0.309,-11.2
MIL/MIL201906050,"Wednesday, June 5, 2019",6:40 p.m. Local,Miller Park,26615,3:04,Night,Away,Miami Marlins,MIA,Milwaukee Brewers,MIL,36,8,10,8,6.0,5,13,43,0.278,0.372,0.472,0.844,137,106,0.333,0.55,0.549,,3.2,27,13,9.0,1,55,20,30,12,13,9,0,67,0,0,0.167,1.8,32,3,8,3,3.0,2,8,34,0.25,0.294,0.375,0.669,177,90,-0.168,0.45,0.199,,-1.8,27,8,9.0,1,55,13,22,12,12,5,0,32,0,0,-0.333,-3.2
MIL/MIL201906060,"Thursday, June 6, 2019",1:10 p.m. Local,Miller Park,25409,2:47,Day,Home,Milwaukee Brewers,MIL,Miami Marlins,MIA,32,1,5,1,1.0,2,14,35,0.156,0.229,0.281,0.51,128,94,-0.3,0.36,0.219,,-3.8,24,9,8.0,3,46,22,26,10,8,5,0,39,0,0,-0.202,-0.7,31,5,9,5,5.62,2,4,34,0.29,0.333,0.581,0.914,141,94,0.201,0.69,0.401,,0.7,27,10,9.0,0,61,14,19,12,16,6,0,69,3,0,0.299,3.8
MIA/MIA201906070,"Friday, June 7, 2019",7:11 p.m. Local,Marlins Park,8589,2:42,Night,Away,Atlanta Braves,ATL,Miami Marlins,MIA,39,7,14,7,7.0,4,8,44,0.359,0.419,0.564,0.983,115,102,0.318,0.42,0.546,,2.5,27,14,9.0,0,63,18,21,9,23,10,0,76,1,1,0.183,3.5,31,1,5,1,1.0,2,7,33,0.161,0.212,0.226,0.438,158,77,-0.183,0.38,0.121,,-3.5,27,6,9.0,2,48,14,15,15,9,7,0,14,1,0,-0.318,-2.5
MIA/MIA201906080,"Saturday, June 8, 2019",4:10 p.m. Local,Marlins Park,9771,2:57,Day,Away,Atlanta Braves,ATL,Miami Marlins,MIA,27,1,3,1,1.0,3,6,33,0.111,0.242,0.148,0.391,144,73,-0.301,1.83,0.375,,-3.5,27,10,9.0,0,41,12,20,9,13,3,0,72,1,0,0.801,4.5,31,0,4,0,0.0,2,10,34,0.129,0.206,0.194,0.399,113,95,-0.802,1.11,0.449,,-4.5,27,9,9.0,0,57,14,24,11,10,6,0,71,0,0,0.302,3.5
MIA/MIA201906090,"Sunday, June 9, 2019",1:11 p.m. Local,Marlins Park,10959,4:26,Day,Away,Atlanta Braves,ATL,Miami Marlins,MIA,46,7,10,6,5.25,9,13,55,0.217,0.345,0.435,0.78,189,130,0.491,1.39,1.656,,1.0,36,19,12.0,1,69,30,31,8,25,8,0,54,0,0,0.009,-0.0,47,6,14,6,4.5,2,14,51,0.298,0.34,0.426,0.766,215,126,-0.007,1.51,1.308,,0.0,36,6,12.0,1,64,25,37,22,12,7,0,66,5,0,-0.49,-1.0
MIA/MIA201906100,"Monday, June 10, 2019",7:10 p.m. Local,Marlins Park,6585,2:49,Night,Away,St. Louis Cardinals,STL,Miami Marlins,MIA,29,4,4,2,1.0,4,8,35,0.138,0.235,0.207,0.442,117,97,0.079,0.99,0.552,,-0.5,27,16,9.0,0,51,13,33,13,10,7,0,64,0,0,0.421,3.5,31,1,7,1,1.0,2,6,33,0.226,0.273,0.258,0.531,151,73,-0.42,0.8,0.349,,-3.5,27,11,9.0,0,43,12,18,19,6,4,0,51,1,1,-0.078,0.5
MIA/MIA201906110,"Tuesday, June 11, 2019",7:10 p.m. Local,Marlins Park,6308,3:12,Night,Away,St. Louis Cardinals,STL,Miami Marlins,MIA,39,7,13,6,7.0,5,11,45,0.333,0.422,0.538,0.961,119,120,0.176,0.99,0.721,,2.5,27,12,9.0,0,71,25,24,12,16,6,0,69,0,0,0.323,3.5,32,1,5,1,1.0,2,9,35,0.156,0.229,0.156,0.385,187,82,-0.324,0.87,0.344,,-3.5,27,7,9.0,1,38,18,26,15,8,7,0,53,3,1,-0.177,-2.5
MIA/MIA201906120,"Wednesday, June 12, 2019",7:10 p.m. Local,Marlins Park,7001,2:34,Night,Home,Miami Marlins,MIA,St. Louis Cardinals,STL,27,0,3,0,0.0,3,7,30,0.111,0.2,0.148,0.348,137,76,-0.208,0.43,0.113,,-4.5,24,10,8.0,2,42,12,22,7,13,3,0,34,1,1,-0.292,-5.0,34,9,12,9,10.12,2,7,38,0.353,0.389,0.647,1.036,118,93,0.292,0.42,0.49,,5.0,27,9,9.0,0,51,15,27,13,16,5,0,74,0,0,0.208,4.5
MIA/MIA201906140,"Friday, June 14, 2019",7:10 p.m. Local,Marlins Park,8340,2:56,Night,Away,Pittsburgh Pirates,PIT,Miami Marlins,MIA,40,11,18,11,11.0,1,3,44,0.45,0.442,0.775,1.217,133,109,0.229,0.7,0.648,,6.5,27,13,9.0,0,78,14,17,16,24,13,0,62,0,0,0.272,4.5,35,0,9,0,0.0,1,9,37,0.257,0.297,0.257,0.554,153,86,-0.27,0.59,0.216,,-4.5,27,12,9.0,2,52,16,18,17,9,4,0,26,0,0,-0.228,-6.5
MIA/MIA201906150,"Saturday, June 15, 2019",6:09 p.m. Local,Marlins Park,11464,2:46,Night,Home,Miami Marlins,MIA,Pittsburgh Pirates,PIT,32,3,8,3,3.0,2,6,34,0.25,0.294,0.375,0.669,123,79,-0.389,1.23,0.703,,-1.5,24,11,8.0,0,47,17,15,16,10,4,0,43,0,0,-0.111,-0.0,33,4,10,3,3.38,2,7,37,0.303,0.378,0.333,0.712,117,90,0.11,1.32,0.824,,0.0,27,17,9.0,0,52,19,19,13,13,6,0,54,0,0,0.389,1.5
MIA/MIA201906160,"Sunday, June 16, 2019",1:11 p.m. Local,Marlins Park,12472,3:09,Day,Away,Pittsburgh Pirates,PIT,Miami Marlins,MIA,38,5,11,5,5.0,2,7,40,0.289,0.325,0.5,0.825,148,90,0.27,1.55,1.265,,0.5,27,7,9.0,1,57,19,14,12,19,11,0,42,1,0,0.228,0.5,34,4,9,4,4.0,4,11,38,0.265,0.342,0.412,0.754,129,95,-0.23,1.4,0.903,,-0.5,27,10,9.0,0,43,23,29,6,17,7,0,48,0,0,-0.272,-0.5
SLN/SLN201906170,"Monday, June 17, 2019",7:15 p.m. Local,Busch Stadium III,41274,2:39,Night,Home,St. Louis Cardinals,STL,Miami Marlins,MIA,33,0,8,0,0.0,0,6,33,0.242,0.242,0.273,0.515,136,89,-0.512,0.67,0.242,,-4.7,24,5,8.0,2,54,15,20,18,9,5,0,62,2,2,0.01,-0.9,33,5,8,4,4.5,0,8,33,0.242,0.242,0.455,0.697,127,102,-0.011,0.98,0.406,,0.9,27,14,9.0,0,59,14,29,9,16,6,0,64,0,0,0.512,4.7
SLN/SLN201906180,"Tuesday, June 18, 2019",7:16 p.m. Local,Busch Stadium III,41467,2:43,Night,Away,Miami Marlins,MIA,St. Louis Cardinals,STL,33,6,8,5,5.0,1,9,35,0.242,0.265,0.515,0.78,135,92,0.052,0.67,0.473,,1.3,27,6,9.0,0,49,23,20,11,14,7,0,78,3,0,0.449,4.7,28,0,2,0,0.0,4,7,33,0.071,0.212,0.107,0.319,134,78,-0.45,0.64,0.098,,-4.7,27,10,9.0,2,43,11,25,6,15,3,0,64,1,1,-0.051,-1.3
SLN/SLN201906190,"Wednesday, June 19, 2019",7:15 p.m. Local,Busch Stadium III,40126,3:34,Night,Home,St. Louis Cardinals,STL,Miami Marlins,MIA,37,1,5,1,0.82,1,10,38,0.135,0.158,0.189,0.347,178,104,-0.744,1.5,0.469,,-4.7,32,11,10.2,1,64,14,26,17,10,3,0,62,4,0,0.246,3.6,36,2,6,2,1.69,6,13,43,0.167,0.286,0.25,0.536,154,107,-0.246,1.45,1.158,,-3.6,33,11,11.0,0,51,19,37,11,13,6,0,73,2,0,0.746,4.7
SLN/SLN201906200,"Thursday, June 20, 2019",6:16 p.m. Local,Busch Stadium III,42446,4:31,Night,Away,Miami Marlins,MIA,St. Louis Cardinals,STL,42,7,11,7,4.91,3,11,47,0.262,0.34,0.476,0.817,206,111,0.368,1.75,1.4,,1.3,33,8,11.0,1,56,15,40,18,13,5,0,57,3,1,0.131,-0.3,48,6,16,6,4.91,2,9,51,0.333,0.373,0.458,0.831,174,132,-0.131,1.25,1.584,,0.3,33,16,11.0,2,83,20,29,17,22,9,0,49,4,1,-0.368,-1.3
PHI/PHI201906210,"Friday, June 21, 2019",7:30 p.m. Local,Citizens Bank Park,44420,2:56,Night,Away,Miami Marlins,MIA,Philadelphia Phillies,PHI,33,2,6,1,1.0,1,12,35,0.182,0.229,0.303,0.532,128,95,-0.242,1.79,0.506,,-2.9,27,8,9.0,0,47,22,26,12,9,3,0,61,2,0,0.741,3.9,35,1,9,0,1.0,4,8,39,0.257,0.333,0.371,0.705,125,86,-0.74,1.02,0.704,,-3.9,27,10,9.0,1,51,13,22,13,14,6,0,73,0,0,0.24,2.9
PHI/PHI201906220,"Saturday, June 22, 2019",4:08 p.m. Local,Citizens Bank Park,44722,2:43,Day,Away,Miami Marlins,MIA,Philadelphia Phillies,PHI,33,5,7,5,5.0,2,7,35,0.212,0.257,0.364,0.621,140,77,0.255,1.37,0.984,,0.1,27,8,9.0,2,40,13,24,12,14,3,0,51,2,0,0.246,1.9,32,3,7,3,3.0,4,9,36,0.219,0.306,0.438,0.743,111,88,-0.246,1.15,0.738,,-1.9,27,13,9.0,1,43,23,22,11,12,3,0,66,2,2,-0.255,-0.1
PHI/PHI201906230,"Sunday, June 23, 2019",1:09 p.m. Local,Citizens Bank Park,36749,2:59,Day,Away,Miami Marlins,MIA,Philadelphia Phillies,PHI,38,6,16,5,6.0,5,8,43,0.421,0.488,0.737,1.225,147,97,0.291,1.1,0.812,,1.1,27,6,9.0,0,53,18,26,13,17,10,0,58,0,0,0.208,0.9,29,4,4,4,4.0,5,10,36,0.138,0.25,0.172,0.422,146,86,-0.208,0.7,0.506,,-0.9,27,14,9.0,3,45,16,25,8,13,2,0,31,0,0,-0.291,-1.1
MIA/MIA201906250,"Tuesday, June 25, 2019",7:10 p.m. Local,Marlins Park,7327,2:27,Night,Away,Washington Nationals,WSN,Miami Marlins,MIA,35,6,8,6,6.0,2,11,37,0.229,0.27,0.314,0.585,105,95,0.267,0.54,0.481,,1.5,27,10,9.0,0,59,16,20,11,13,4,0,78,0,0,0.233,3.5,30,1,5,1,1.0,1,11,32,0.167,0.219,0.2,0.419,140,78,-0.235,0.58,0.124,,-3.5,27,6,9.0,1,39,18,21,11,8,3,0,30,0,0,-0.266,-1.5
MIA/MIA201906260,"Wednesday, June 26, 2019",7:10 p.m. Local,Marlins Park,6276,3:19,Night,Away,Washington Nationals,WSN,Miami Marlins,MIA,33,7,7,5,6.0,6,12,42,0.212,0.357,0.333,0.69,147,110,0.215,0.71,0.745,,2.5,27,7,9.0,0,66,23,21,9,13,5,0,75,3,3,0.284,-0.5,33,5,6,5,5.0,3,13,36,0.182,0.25,0.242,0.492,176,102,-0.283,0.78,0.241,,0.5,27,6,9.0,1,51,24,27,9,11,4,0,53,6,3,-0.217,-2.5
MIA/MIA201906270,"Thursday, June 27, 2019",7:10 p.m. Local,Marlins Park,7751,2:51,Night,Away,Washington Nationals,WSN,Miami Marlins,MIA,37,8,10,8,7.0,1,4,39,0.27,0.308,0.703,1.01,139,81,0.46,0.83,0.991,,3.5,27,9,9.0,0,50,11,20,12,21,7,0,51,0,0,0.04,-0.5,35,5,8,5,5.0,1,7,37,0.229,0.27,0.314,0.585,128,95,-0.041,0.72,0.536,,0.5,27,10,9.0,4,55,13,27,13,15,9,0,34,1,0,-0.461,-3.5
MIA/MIA201906280,"Friday, June 28, 2019",7:10 p.m. Local,Marlins Park,9469,2:56,Night,Home,Miami Marlins,MIA,Philadelphia Phillies,PHI,31,2,4,2,2.0,2,11,34,0.129,0.206,0.29,0.496,146,94,-0.243,0.65,0.29,,-2.5,24,9,8.0,2,53,20,21,6,14,4,0,39,2,0,-0.257,-2.0,31,6,8,6,6.75,3,10,34,0.258,0.324,0.516,0.84,137,87,0.256,0.76,0.625,,2.0,27,6,9.0,1,51,18,18,11,10,2,0,60,1,0,0.243,2.5
MIA/MIA201906290,"Saturday, June 29, 2019",4:10 p.m. Local,Marlins Park,14774,3:19,Day,Home,Miami Marlins,MIA,Philadelphia Phillies,PHI,34,6,7,6,4.0,4,7,40,0.206,0.3,0.324,0.624,143,108,0.207,1.22,0.677,,1.5,24,10,8.0,1,63,20,25,11,17,7,0,46,3,2,-0.708,-5.0,39,9,15,9,10.12,2,5,41,0.385,0.415,0.59,1.004,160,91,0.709,0.85,1.332,,5.0,27,6,9.0,1,60,12,19,12,22,17,0,46,0,0,-0.208,-1.5
MIA/MIA201906300,"Sunday, June 30, 2019",1:10 p.m. Local,Marlins Park,11742,3:36,Day,Away,Philadelphia Phillies,PHI,Miami Marlins,MIA,42,13,17,10,11.0,4,9,47,0.405,0.447,0.595,1.042,144,123,0.336,0.59,0.73,,8.5,27,12,9.0,1,70,21,32,4,30,17,0,45,0,0,0.162,-1.5,37,6,10,5,6.0,2,12,39,0.27,0.308,0.514,0.821,186,101,-0.162,0.55,0.262,,1.5,27,10,9.0,2,50,18,33,13,12,8,0,44,2,2,-0.338,-8.5
WAS/WAS201907020,"Tuesday, July 2, 2019",7:05 p.m. Local,Nationals Park,21361,3:01,Night,Home,Washington Nationals,WSN,Miami Marlins,MIA,31,2,7,2,2.0,1,9,33,0.226,0.242,0.258,0.5,161,80,-0.423,1.31,0.514,,-3.1,26,5,8.2,1,48,15,17,14,9,2,0,43,0,0,-0.08,1.7,35,3,8,3,2.08,2,8,37,0.229,0.27,0.429,0.699,118,104,0.081,1.41,0.957,,-1.7,27,12,9.0,0,69,15,20,8,19,7,0,68,0,0,0.42,3.1
WAS/WAS201907030,"Wednesday, July 3, 2019",6:05 p.m. Local,Nationals Park,25483,3:07,Night,Home,Washington Nationals,WSN,Miami Marlins,MIA,32,1,6,1,1.0,2,16,36,0.188,0.278,0.188,0.465,152,107,-0.57,0.94,0.548,,-4.1,24,11,8.0,2,56,28,23,12,4,4,0,54,1,0,0.07,1.5,29,3,7,3,3.38,5,6,35,0.241,0.371,0.517,0.889,148,94,-0.069,1.5,0.614,,-1.5,27,9,9.0,0,63,8,29,10,13,3,0,86,2,0,0.57,4.1
WAS/WAS201907040,"Thursday, July 4, 2019",11:06 a.m. Local,Nationals Park,27350,3:17,Day,Home,Washington Nationals,WSN,Miami Marlins,MIA,38,2,10,2,1.0,4,6,42,0.263,0.333,0.395,0.728,146,115,-0.306,0.94,0.613,,-3.1,24,2,8.0,2,76,18,21,18,14,9,0,46,1,0,-0.196,-0.5,32,5,8,5,5.62,2,9,36,0.25,0.333,0.5,0.833,167,91,0.194,1.22,0.737,,0.5,27,13,9.0,1,48,14,29,6,17,3,0,55,5,0,0.304,3.1
ATL/ATL201907050,"Friday, July 5, 2019",7:21 p.m. Local,SunTrust Park,41102,3:00,Night,Home,Atlanta Braves,ATL,Miami Marlins,MIA,33,0,7,0,0.0,3,12,36,0.212,0.278,0.273,0.551,129,102,-0.724,1.56,0.419,,-5.0,25,6,8.1,0,54,21,27,9,12,7,0,72,0,0,0.224,2.4,29,1,5,1,1.08,5,10,34,0.172,0.294,0.207,0.501,157,79,-0.226,1.39,0.62,,-2.4,27,7,9.0,0,41,15,23,6,13,9,0,66,0,0,0.724,5.0
ATL/ATL201907060,"Saturday, July 6, 2019",4:11 p.m. Local,SunTrust Park,37216,3:19,Day,Away,Miami Marlins,MIA,Atlanta Braves,ATL,42,5,15,5,5.0,1,11,43,0.357,0.372,0.548,0.92,150,113,0.055,1.61,0.951,,-0.0,27,10,9.0,2,60,25,28,13,18,12,0,53,0,0,0.445,1.0,34,4,9,4,3.0,1,9,35,0.265,0.286,0.559,0.845,156,97,-0.447,1.12,0.799,,-1.0,27,9,9.0,2,64,17,16,9,16,6,0,31,0,0,-0.056,0.0
ATL/ATL201907070,"Sunday, July 7, 2019",1:46 p.m. Local,SunTrust Park,30514,3:02,Day,Home,Atlanta Braves,ATL,Miami Marlins,MIA,35,3,9,3,3.0,2,5,37,0.257,0.297,0.371,0.669,141,92,-0.406,0.66,0.872,,-2.0,24,7,8.0,1,57,17,18,17,13,3,0,39,1,0,-0.093,0.4,32,4,9,4,4.5,6,10,38,0.281,0.395,0.406,0.801,139,89,0.094,1.6,0.514,,-0.4,27,13,9.0,1,57,20,12,9,13,4,0,63,2,2,0.407,2.0
MIA/MIA201907120,"Friday, July 12, 2019",7:11 p.m. Local,Marlins Park,11856,2:57,Night,Home,Miami Marlins,MIA,New York Mets,NYM,31,4,5,4,4.0,5,11,36,0.161,0.278,0.258,0.536,130,94,-0.133,0.51,0.415,,-0.5,24,12,8.0,3,50,20,24,5,15,6,0,33,2,1,-0.367,-4.0,29,8,8,8,9.0,2,3,34,0.276,0.353,0.69,1.043,154,76,0.366,0.85,0.596,,4.0,27,5,9.0,1,47,8,22,11,16,6,0,59,0,0,0.134,0.5
MIA/MIA201907130,"Saturday, July 13, 2019",6:10 p.m. Local,Marlins Park,12963,3:05,Night,Away,New York Mets,NYM,Miami Marlins,MIA,33,4,8,4,4.0,6,12,39,0.242,0.359,0.455,0.814,132,103,0.132,1.23,0.859,,-0.5,27,10,9.0,0,51,28,24,6,15,5,0,68,0,0,0.366,2.5,33,2,6,2,2.0,0,12,34,0.182,0.206,0.273,0.479,161,88,-0.367,0.98,0.502,,-2.5,27,7,9.0,2,38,26,24,14,7,6,0,51,0,0,-0.134,0.5
MIA/MIA201907140,"Sunday, July 14, 2019",1:11 p.m. Local,Marlins Park,14780,3:16,Day,Away,New York Mets,NYM,Miami Marlins,MIA,38,6,12,6,6.0,2,7,43,0.316,0.372,0.526,0.898,164,102,0.219,1.22,0.705,,1.5,27,11,9.0,1,60,29,13,14,18,5,0,54,3,0,0.282,2.5,36,2,11,2,2.0,5,9,41,0.306,0.39,0.417,0.807,145,102,-0.282,0.86,0.587,,-2.5,27,6,9.0,2,53,18,31,14,13,6,0,42,0,0,-0.218,-1.5
MIA/MIA201907160,"Tuesday, July 16, 2019",7:10 p.m. Local,Marlins Park,8151,3:14,Night,Home,Miami Marlins,MIA,San Diego Padres,SDP,37,7,11,6,6.0,3,8,41,0.297,0.366,0.514,0.879,161,119,0.046,0.46,0.447,,2.5,24,13,8.0,2,73,15,31,15,14,5,0,12,4,2,-0.547,-8.0,36,12,14,12,13.5,5,5,42,0.389,0.463,0.667,1.13,179,96,0.548,0.6,0.669,,8.0,27,12,9.0,2,54,15,27,16,16,9,0,51,0,0,-0.046,-2.5
MIA/MIA201907170,"Wednesday, July 17, 2019",7:10 p.m. Local,Marlins Park,7818,2:46,Night,Away,San Diego Padres,SDP,Miami Marlins,MIA,32,3,9,3,3.0,5,9,38,0.281,0.378,0.438,0.816,130,85,0.035,1.67,0.575,,-1.5,27,5,9.0,1,42,19,24,11,13,9,0,80,0,0,0.465,2.5,32,2,3,2,1.0,1,12,33,0.094,0.121,0.188,0.309,142,86,-0.466,0.74,0.55,,-2.5,27,11,9.0,1,39,20,27,9,11,4,0,41,0,0,-0.034,1.5
MIA/MIA201907180,"Thursday, July 18, 2019",12:10 p.m. Local,Marlins Park,21149,3:30,Day,Home,Miami Marlins,MIA,San Diego Padres,SDP,33,3,7,3,3.0,4,15,38,0.212,0.289,0.424,0.714,167,107,-0.304,1.48,0.667,,-1.5,25,9,8.1,1,53,30,24,6,13,5,0,45,0,0,-0.198,-0.2,37,4,11,3,2.16,3,11,40,0.297,0.35,0.459,0.809,168,111,0.2,1.4,1.236,,0.2,27,4,9.0,1,57,24,30,13,13,7,0,54,2,0,0.304,1.5
LAN/LAN201907190,"Friday, July 19, 2019",7:10 p.m. Local,Dodger Stadium,52471,3:00,Night,Home,Los Angeles Dodgers,LAD,Miami Marlins,MIA,30,1,4,1,1.0,3,12,35,0.133,0.235,0.2,0.435,146,82,-0.572,1.41,0.37,,-3.6,24,7,8.0,0,40,24,18,12,7,4,0,57,3,2,0.071,2.1,31,2,6,1,1.12,4,6,35,0.194,0.286,0.226,0.512,129,89,-0.071,1.26,0.683,,-2.1,27,11,9.0,0,52,16,21,11,14,3,0,69,0,0,0.572,3.6
LAN/LAN201907200,"Saturday, July 20, 2019",6:10 p.m. Local,Dodger Stadium,53778,3:27,Night,Home,Los Angeles Dodgers,LAD,Miami Marlins,MIA,33,6,6,5,3.0,3,13,38,0.182,0.263,0.333,0.596,175,106,0.089,0.65,0.593,,1.4,24,7,8.0,3,51,26,29,10,11,3,0,30,2,0,-0.591,-5.9,34,10,12,10,11.25,7,6,41,0.353,0.463,0.706,1.169,165,99,0.591,0.95,0.895,,5.9,27,4,9.0,1,58,19,22,7,21,8,0,77,7,5,-0.091,-1.4
LAN/LAN201907210,"Sunday, July 21, 2019",1:10 p.m. Local,Dodger Stadium,47469,2:41,Day,Home,Los Angeles Dodgers,LAD,Miami Marlins,MIA,33,0,6,0,0.0,0,14,33,0.182,0.182,0.242,0.424,167,94,-0.231,0.31,0.058,,-4.6,24,8,8.0,3,44,26,24,8,11,3,0,36,0,0,-0.269,-4.9,34,9,9,9,9.0,3,9,37,0.265,0.324,0.559,0.883,125,96,0.268,0.38,0.428,,4.9,27,6,9.0,0,52,14,30,11,14,6,0,78,0,0,0.232,4.6
CHA/CHA201907220,"Monday, July 22, 2019",7:10 p.m. Local,Guaranteed Rate Field,14741,2:29,Night,Home,Chicago White Sox,CHW,Miami Marlins,MIA,30,1,4,1,1.0,0,5,31,0.133,0.161,0.233,0.395,145,76,-0.185,0.41,0.153,,-3.8,24,3,8.0,4,47,12,17,14,11,5,0,31,0,0,-0.315,-4.7,34,9,10,9,10.12,1,11,35,0.294,0.314,0.735,1.05,112,96,0.315,0.44,0.502,,4.7,27,11,9.0,1,53,19,24,6,17,5,0,80,,,0.185,3.8
CHA/CHA201907230,"Tuesday, July 23, 2019",7:11 p.m. Local,Guaranteed Rate Field,14043,2:27,Night,Away,Miami Marlins,MIA,Chicago White Sox,CHW,33,5,6,5,5.0,0,9,33,0.182,0.182,0.424,0.606,119,80,0.182,0.56,0.477,,0.2,27,5,9.0,0,48,14,18,15,9,5,0,76,0,0,0.317,3.8,29,1,2,1,1.0,2,11,31,0.069,0.129,0.069,0.198,113,77,-0.318,0.54,0.085,,-3.8,27,14,9.0,2,41,9,27,7,11,2,0,47,0,0,-0.182,-0.2
CHA/CHA201907240,"Wednesday, July 24, 2019",7:11 p.m. Local,Guaranteed Rate Field,19098,2:38,Night,Away,Miami Marlins,MIA,Chicago White Sox,CHW,30,2,5,2,2.0,1,10,33,0.167,0.219,0.267,0.485,134,84,-0.149,1.53,0.535,,-2.8,27,5,9.0,0,43,19,22,11,10,5,0,81,0,0,0.65,4.8,32,0,5,0,0.0,1,10,35,0.156,0.229,0.188,0.416,109,93,-0.649,1.05,0.429,,-4.8,27,9,9.0,1,48,20,25,8,14,7,0,75,0,0,0.15,2.8
MIA/MIA201907260,"Friday, July 26, 2019",7:10 p.m. Local,Marlins Park,8867,3:10,Night,Home,Miami Marlins,MIA,Arizona Diamondbacks,ARI,31,2,6,2,2.0,4,8,35,0.194,0.286,0.29,0.576,144,89,-0.223,1.91,0.465,,-2.5,26,5,8.2,0,52,18,19,7,16,7,0,64,2,1,-0.278,1.2,29,3,7,3,3.12,2,7,34,0.241,0.265,0.345,0.61,148,88,0.277,1.03,1.17,,-1.2,27,6,9.0,0,46,20,22,7,18,8,0,55,0,0,0.223,2.5
MIA/MIA201907270,"Saturday, July 27, 2019",6:10 p.m. Local,Marlins Park,13047,2:49,Night,Away,Arizona Diamondbacks,ARI,Miami Marlins,MIA,33,9,7,9,9.0,3,7,38,0.212,0.316,0.455,0.77,126,96,0.401,0.36,0.588,,4.5,27,14,9.0,1,55,14,27,11,15,6,0,49,1,0,0.099,2.5,34,2,9,2,2.0,1,4,35,0.265,0.286,0.412,0.697,151,87,-0.101,0.55,0.18,,-2.5,27,10,9.0,2,50,10,27,16,14,5,0,34,0,0,-0.4,-4.5
MIA/MIA201907280,"Sunday, July 28, 2019",1:12 p.m. Local,Marlins Park,11538,3:11,Day,Home,Miami Marlins,MIA,Arizona Diamondbacks,ARI,29,1,4,0,1.0,6,9,35,0.138,0.286,0.138,0.424,142,86,-0.361,0.82,0.413,,-3.5,24,9,8.0,3,49,18,19,8,12,2,0,59,0,0,-0.14,-1.0,31,5,9,4,4.5,1,12,33,0.29,0.313,0.581,0.893,145,102,0.14,1.05,0.681,,1.0,27,9,9.0,0,62,17,23,10,10,4,0,52,0,0,0.36,3.5
MIA/MIA201907290,"Monday, July 29, 2019",7:10 p.m. Local,Marlins Park,7048,2:59,Night,Home,Miami Marlins,MIA,Arizona Diamondbacks,ARI,34,6,7,6,6.0,3,10,39,0.206,0.308,0.441,0.749,135,102,-0.128,0.45,0.289,,1.5,24,8,8.0,2,61,20,21,6,18,8,0,32,1,1,-0.373,-7.0,33,11,10,10,12.38,4,4,38,0.303,0.368,0.515,0.884,151,85,0.373,0.54,0.578,,7.0,27,7,9.0,2,54,9,22,11,19,9,0,61,2,0,0.128,-1.5
MIA/MIA201907300,"Tuesday, July 30, 2019",7:11 p.m. Local,Marlins Park,8064,3:11,Night,Away,Minnesota Twins,MIN,Miami Marlins,MIA,29,2,4,2,2.0,5,11,34,0.138,0.265,0.276,0.541,151,89,-0.215,1.34,0.437,,-2.5,27,7,9.0,0,47,19,23,6,12,5,0,61,1,0,0.714,3.5,31,1,4,1,1.0,1,9,33,0.129,0.182,0.194,0.375,142,99,-0.712,0.94,0.285,,-3.5,27,7,9.0,1,57,19,23,8,14,6,0,66,0,0,0.214,2.5
MIA/MIA201907310,"Wednesday, July 31, 2019",7:10 p.m. Local,Marlins Park,8567,2:41,Night,Away,Minnesota Twins,MIN,Miami Marlins,MIA,33,7,8,7,7.0,6,7,39,0.242,0.359,0.606,0.965,116,98,0.273,0.4,0.571,,2.5,27,6,9.0,1,54,17,27,8,18,4,0,84,0,0,0.227,0.5,33,4,6,4,4.0,0,16,33,0.182,0.182,0.273,0.455,154,81,-0.228,0.5,0.069,,-0.5,27,10,9.0,3,36,18,27,8,9,5,0,24,1,1,-0.273,-2.5
MIA/MIA201908010,"Thursday, August 1, 2019",12:10 p.m. Local,Marlins Park,10390,4:14,Day,Home,Miami Marlins,MIA,Minnesota Twins,MIN,43,4,9,4,3.0,1,15,47,0.209,0.255,0.349,0.604,187,129,-0.266,1.78,0.575,,-2.0,33,4,11.0,1,76,22,31,10,19,10,0,56,3,2,-0.232,0.5,44,5,11,5,4.09,6,9,51,0.25,0.34,0.409,0.749,193,124,0.233,0.95,1.727,,-0.5,36,10,12.0,1,73,16,35,10,26,10,0,50,0,0,0.268,2.0
TBA/TBA201908030,"Saturday, August 3, 2019",6:10 p.m. Local,Tropicana Field,14092,3:19,Night,Home,Tampa Bay Rays,TBR,Miami Marlins,MIA,32,6,9,6,4.0,2,7,39,0.281,0.359,0.5,0.859,186,84,0.187,1.17,1.2,,1.2,24,6,8.0,4,40,11,33,16,11,5,0,27,2,0,-0.688,-3.7,34,8,11,8,9.0,8,4,42,0.324,0.452,0.706,1.158,129,110,0.689,1.43,1.409,,3.7,27,14,9.0,1,67,15,28,11,19,5,0,51,0,0,-0.188,-1.2
TBA/TBA201908040,"Sunday, August 4, 2019",1:11 p.m. Local,Tropicana Field,14819,2:53,Day,Home,Tampa Bay Rays,TBR,Miami Marlins,MIA,31,2,6,2,1.0,2,8,33,0.194,0.242,0.387,0.63,181,79,-0.345,0.6,0.332,,-2.8,24,8,8.0,2,41,21,19,13,10,6,0,47,1,0,-0.155,-2.7,33,7,10,7,5.62,6,6,40,0.303,0.4,0.515,0.915,115,109,0.154,0.86,0.525,,2.7,27,13,9.0,1,68,16,25,12,16,4,0,62,2,0,0.345,2.8
NYN/NYN201908051,"Monday, August 5, 2019",4:10 p.m. Local,Citi Field,,2:51,Day,Home,New York Mets,NYM,Miami Marlins,MIA,32,2,6,2,2.0,2,12,35,0.188,0.257,0.375,0.632,133,94,-0.215,0.58,0.391,,-2.4,24,4,8.0,2,52,21,21,7,13,5,0,32,0,0,-0.287,-2.1,29,6,6,6,6.75,6,8,38,0.207,0.368,0.414,0.782,135,84,0.287,0.81,0.59,,2.1,27,7,9.0,1,49,19,16,7,15,7,0,66,0,0,0.213,2.4
NYN/NYN201908052,"Monday, August 5, 2019",7:36 p.m. Local,Citi Field,29645,3:09,Night,Home,New York Mets,NYM,Miami Marlins,MIA,33,4,9,4,4.0,3,8,36,0.273,0.333,0.485,0.818,162,88,-0.083,1.2,0.857,,-0.4,24,6,8.0,3,46,11,31,10,15,8,0,54,0,0,-0.417,-1.1,31,5,8,5,5.62,3,8,35,0.258,0.343,0.581,0.924,134,104,0.417,1.25,1.154,,1.1,27,11,9.0,1,63,17,24,8,15,4,0,34,2,2,0.082,0.4
NYN/NYN201908060,"Tuesday, August 6, 2019",7:10 p.m. Local,Citi Field,27479,2:38,Night,Home,New York Mets,NYM,Miami Marlins,MIA,33,0,9,0,0.0,1,5,35,0.273,0.314,0.333,0.648,136,79,-0.275,0.51,0.282,,-4.4,24,7,8.0,2,46,10,23,21,7,5,0,37,0,0,-0.226,-1.1,31,5,8,5,5.62,3,8,34,0.258,0.324,0.548,0.872,113,92,0.227,0.73,0.479,,1.1,27,18,9.0,0,56,22,14,8,15,5,0,70,0,0,0.274,4.4
NYN/NYN201908070,"Wednesday, August 7, 2019",12:10 p.m. Local,Citi Field,26349,2:26,Day,Home,New York Mets,NYM,Miami Marlins,MIA,32,2,8,2,2.0,3,9,35,0.25,0.314,0.375,0.689,116,94,-0.214,0.43,0.402,,-2.4,24,6,8.0,4,55,19,20,12,11,7,0,51,0,0,-0.285,-3.1,34,7,10,7,7.88,1,8,36,0.294,0.333,0.676,1.01,137,83,0.284,0.88,0.536,,3.1,27,12,9.0,1,56,15,12,5,21,12,0,57,1,0,0.215,2.4
MIA/MIA201908080,"Thursday, August 8, 2019",7:11 p.m. Local,Marlins Park,8948,3:04,Night,Home,Miami Marlins,MIA,Atlanta Braves,ATL,30,2,5,2,2.0,4,8,35,0.167,0.286,0.367,0.652,157,106,-0.189,0.28,0.159,,-2.5,24,11,8.0,3,59,18,30,10,12,4,0,12,0,0,-0.311,-5.0,38,9,15,9,10.12,1,6,40,0.395,0.425,0.684,1.109,158,98,0.312,0.46,0.464,,5.0,27,7,9.0,1,62,13,23,15,17,8,0,73,2,0,0.189,2.5
MIA/MIA201908090,"Friday, August 9, 2019",7:10 p.m. Local,Marlins Park,8057,3:19,Night,Away,Atlanta Braves,ATL,Miami Marlins,MIA,37,8,12,8,8.0,2,9,41,0.324,0.366,0.595,0.96,148,100,0.273,0.79,0.611,,3.5,27,8,9.0,1,67,15,18,13,16,8,0,69,1,1,0.228,0.5,35,4,9,4,4.0,2,11,37,0.257,0.297,0.343,0.64,149,99,-0.229,0.58,0.329,,-0.5,27,10,9.0,3,53,15,31,13,11,2,0,23,2,0,-0.271,-3.5
MIA/MIA201908100,"Saturday, August 10, 2019",6:10 p.m. Local,Marlins Park,29720,3:34,Night,Home,Miami Marlins,MIA,Atlanta Braves,ATL,36,6,7,6,5.4,6,10,42,0.194,0.31,0.306,0.615,154,111,-0.018,1.8,0.86,,1.0,28,10,9.1,1,63,25,23,9,17,8,0,76,4,4,-0.483,-2.3,38,7,13,7,5.79,3,8,42,0.342,0.381,0.474,0.855,161,100,0.482,1.18,1.466,,2.3,30,7,10.0,1,55,19,26,13,18,13,0,61,5,2,0.018,-1.0
MIA/MIA201908110,"Sunday, August 11, 2019",1:10 p.m. Local,Marlins Park,12338,3:23,Day,Away,Atlanta Braves,ATL,Miami Marlins,MIA,30,5,5,5,5.0,6,12,36,0.167,0.306,0.367,0.672,171,99,0.159,1.81,0.948,,0.5,27,9,9.0,0,50,26,23,7,11,5,0,45,2,0,0.341,0.5,37,4,12,4,4.0,4,11,42,0.324,0.39,0.405,0.796,160,111,-0.341,1.13,0.953,,-0.5,27,12,9.0,2,64,20,27,13,14,6,0,49,2,0,-0.158,-0.5
MIA/MIA201908130,"Tuesday, August 13, 2019",7:10 p.m. Local,Marlins Park,8729,3:22,Night,Away,Los Angeles Dodgers,LAD,Miami Marlins,MIA,43,15,15,14,15.0,5,7,48,0.349,0.417,0.953,1.37,134,126,0.281,0.58,0.541,,10.5,27,12,9.0,0,77,13,36,9,27,10,0,63,1,0,0.22,3.5,29,1,4,1,1.0,2,9,33,0.138,0.242,0.172,0.415,208,92,-0.219,0.35,0.204,,-3.5,27,7,9.0,6,49,16,27,10,10,4,0,43,5,0,-0.281,-10.5
MIA/MIA201908140,"Wednesday, August 14, 2019",7:10 p.m. Local,Marlins Park,8810,2:45,Night,Away,Los Angeles Dodgers,LAD,Miami Marlins,MIA,37,9,12,9,9.0,4,9,43,0.324,0.405,0.703,1.107,120,100,0.262,0.35,0.465,,4.5,27,5,9.0,1,62,17,21,9,20,6,0,83,0,0,0.238,3.5,30,1,3,1,1.0,1,13,31,0.1,0.129,0.2,0.329,154,83,-0.239,0.28,0.026,,-3.5,27,6,9.0,4,37,23,23,8,9,3,0,38,0,0,-0.263,-4.5
MIA/MIA201908150,"Thursday, August 15, 2019",3:05 p.m. Local,Marlins Park,8471,4:07,Day,Home,Miami Marlins,MIA,Los Angeles Dodgers,LAD,34,7,7,7,7.0,7,6,43,0.206,0.372,0.559,0.931,177,113,-0.138,0.64,0.337,,2.5,24,12,8.0,0,68,15,30,8,20,5,0,35,6,5,-0.362,-9.0,33,13,13,12,14.62,6,8,44,0.394,0.5,0.545,1.045,206,109,0.362,0.59,0.668,,9.0,27,7,9.0,4,68,15,26,13,14,9,0,62,1,0,0.138,-2.5
COL/COL201908160,"Friday, August 16, 2019",6:42 p.m. Local,Coors Field,35018,2:12,Night,Home,Colorado Rockies,COL,Miami Marlins,MIA,32,0,6,0,0.0,0,8,32,0.188,0.188,0.25,0.438,107,80,-0.589,0.69,0.257,,-5.6,24,9,8.0,2,43,17,20,15,9,5,0,61,0,0,0.087,2.0,28,3,5,3,3.38,4,3,32,0.179,0.281,0.393,0.674,112,67,-0.087,1.04,0.373,,-2.0,27,14,9.0,0,44,7,16,9,16,5,0,79,0,0,0.588,5.6
COL/COL201908170,"Saturday, August 17, 2019",6:11 p.m. Local,Coors Field,40199,3:08,Night,Home,Colorado Rockies,COL,Miami Marlins,MIA,34,4,8,4,4.0,3,11,37,0.235,0.297,0.441,0.738,147,117,-0.145,0.53,0.366,,-1.6,24,11,8.0,5,71,18,28,8,15,7,0,28,3,3,-0.355,-6.0,33,11,13,11,12.38,6,3,40,0.394,0.475,0.97,1.445,174,90,0.355,0.61,0.604,,6.0,27,9,9.0,2,61,15,14,12,19,6,0,56,0,0,0.146,1.6
COL/COL201908180,"Sunday, August 18, 2019",1:11 p.m. Local,Coors Field,38181,3:57,Day,Home,Colorado Rockies,COL,Miami Marlins,MIA,40,6,11,6,5.4,3,7,44,0.275,0.318,0.4,0.718,195,109,0.367,1.9,1.293,,-0.2,28,8,9.1,3,77,11,21,14,20,11,0,61,0,0,-0.867,-2.5,38,7,10,7,5.79,4,15,44,0.263,0.341,0.5,0.841,166,124,0.868,1.35,2.115,,2.5,30,10,10.0,0,68,28,28,10,14,5,0,49,2,2,-0.367,0.2
ATL/ATL201908200,"Tuesday, August 20, 2019",7:21 p.m. Local,SunTrust Park,21271,3:00,Night,Home,Atlanta Braves,ATL,Miami Marlins,MIA,34,1,8,1,1.0,2,13,36,0.235,0.278,0.353,0.631,135,90,-0.398,1.0,0.464,,-4.0,24,7,8.0,2,48,20,22,15,6,4,0,55,0,0,-0.101,-0.6,31,5,7,5,3.38,3,5,37,0.226,0.333,0.516,0.849,143,88,0.101,1.04,0.723,,0.6,27,11,9.0,1,55,13,20,10,17,8,0,61,0,0,0.399,4.0
ATL/ATL201908210,"Wednesday, August 21, 2019",7:22 p.m. Local,SunTrust Park,23537,2:44,Night,Home,Atlanta Braves,ATL,Miami Marlins,MIA,32,0,7,0,0.0,4,10,36,0.219,0.306,0.313,0.618,131,78,-0.318,0.46,0.216,,-5.0,24,7,8.0,2,41,17,20,6,15,8,1,49,0,0,-0.183,-0.6,24,5,3,5,5.62,5,10,30,0.125,0.276,0.458,0.734,125,76,0.183,0.67,0.421,,0.6,27,8,9.0,0,40,20,16,5,10,1,0,73,0,0,0.316,5.0
ATL/ATL201908220,"Thursday, August 22, 2019",7:21 p.m. Local,SunTrust Park,23967,2:40,Night,Home,Atlanta Braves,ATL,Miami Marlins,MIA,33,2,6,2,2.0,0,9,33,0.182,0.182,0.212,0.394,133,87,-0.285,1.44,0.542,,-3.0,26,7,8.2,1,49,10,28,15,9,5,0,74,0,0,-0.214,1.5,33,3,6,3,2.08,3,9,37,0.182,0.27,0.303,0.573,127,84,0.215,1.25,1.157,,-1.5,27,13,9.0,0,46,21,17,9,15,7,0,64,0,0,0.286,3.0
MIA/MIA201908230,"Friday, August 23, 2019",7:10 p.m. Local,Marlins Park,9065,4:10,Night,Home,Miami Marlins,MIA,Philadelphia Phillies,PHI,36,11,11,11,11.0,10,9,48,0.306,0.468,0.472,0.94,186,118,0.49,0.88,0.908,,6.5,24,8,8.0,4,66,19,33,10,18,9,0,20,3,1,-0.993,-15.0,43,19,19,18,16.88,3,8,48,0.442,0.5,0.791,1.291,207,119,0.994,0.6,1.478,,15.0,27,8,9.0,0,66,23,31,16,19,11,0,18,5,0,-0.493,-6.5
MIA/MIA201908240,"Saturday, August 24, 2019",6:11 p.m. Local,Marlins Park,12981,3:37,Night,Away,Philadelphia Phillies,PHI,Miami Marlins,MIA,38,9,12,9,9.0,10,10,48,0.316,0.458,0.579,1.037,132,129,0.399,0.52,0.884,,4.5,27,12,9.0,1,84,17,28,11,17,6,0,54,0,0,0.1,1.5,34,3,8,3,3.0,2,4,38,0.235,0.316,0.353,0.669,213,78,-0.101,0.74,0.262,,-1.5,27,10,9.0,1,43,10,25,16,14,10,0,24,3,3,-0.399,-4.5
MIA/MIA201908250,"Sunday, August 25, 2019",1:10 p.m. Local,Marlins Park,9286,2:38,Day,Home,Miami Marlins,MIA,Philadelphia Phillies,PHI,30,2,4,2,2.0,1,8,31,0.133,0.161,0.233,0.395,117,76,-0.409,1.0,0.48,,-2.5,24,9,8.0,0,41,6,29,8,14,4,0,61,0,0,-0.091,1.0,28,3,6,3,3.38,1,10,29,0.214,0.241,0.286,0.527,123,79,0.09,1.3,0.608,,-1.0,27,7,9.0,1,38,16,25,9,9,5,0,63,0,0,0.409,2.5
MIA/MIA201908260,"Monday, August 26, 2019",7:10 p.m. Local,Marlins Park,5297,3:03,Night,Away,Cincinnati Reds,CIN,Miami Marlins,MIA,35,6,10,6,6.0,2,5,40,0.286,0.359,0.6,0.959,147,101,0.258,1.14,0.75,,1.5,27,8,9.0,2,70,17,14,10,21,6,0,61,2,0,0.242,1.5,31,3,5,3,3.0,5,10,37,0.161,0.278,0.419,0.697,158,87,-0.243,0.81,0.541,,-1.5,27,7,9.0,3,46,11,30,10,12,2,0,43,0,0,-0.259,-1.5
MIA/MIA201908270,"Tuesday, August 27, 2019",7:11 p.m. Local,Marlins Park,6169,3:24,Night,Away,Cincinnati Reds,CIN,Miami Marlins,MIA,40,8,12,8,8.0,4,10,45,0.3,0.378,0.6,0.978,165,119,0.488,1.06,1.054,,3.5,27,10,9.0,1,68,22,29,7,23,7,0,47,2,0,0.013,-0.5,36,5,10,5,5.0,4,14,40,0.278,0.35,0.417,0.767,189,109,-0.015,0.89,0.721,,0.5,27,4,9.0,3,60,25,24,13,9,6,0,36,2,2,-0.488,-3.5
MIA/MIA201908280,"Wednesday, August 28, 2019",7:10 p.m. Local,Marlins Park,6409,2:41,Night,Away,Cincinnati Reds,CIN,Miami Marlins,MIA,33,5,7,5,5.0,1,14,34,0.212,0.235,0.455,0.69,141,99,0.192,0.51,0.399,,0.5,27,11,9.0,0,56,20,23,12,7,2,0,80,0,0,0.309,4.5,30,0,4,0,0.0,1,11,31,0.133,0.161,0.167,0.328,143,95,-0.309,0.39,0.077,,-4.5,27,10,9.0,2,56,12,27,13,6,3,0,51,0,0,-0.19,-0.5
MIA/MIA201908290,"Thursday, August 29, 2019",7:10 p.m. Local,Marlins Park,6466,3:35,Night,Home,Miami Marlins,MIA,Cincinnati Reds,CIN,41,3,6,3,0.75,4,9,45,0.146,0.222,0.22,0.442,160,109,-0.616,1.43,0.957,,-3.0,33,6,11.0,4,62,18,30,19,13,4,0,54,1,0,0.118,1.5,39,4,9,4,3.27,2,14,41,0.231,0.268,0.538,0.807,183,103,-0.117,1.64,1.133,,-1.5,36,18,12.0,1,51,23,29,5,20,7,0,73,1,1,0.617,3.0
WAS/WAS201908300,"Friday, August 30, 2019",7:06 p.m. Local,Nationals Park,26201,3:35,Night,Home,Washington Nationals,WSN,Miami Marlins,MIA,35,6,8,6,6.0,6,10,42,0.229,0.341,0.429,0.77,151,106,0.503,1.61,1.705,,0.9,25,7,8.1,0,67,23,16,13,13,2,0,45,2,1,-1.003,-2.5,33,7,9,7,6.48,5,6,39,0.273,0.368,0.394,0.762,160,98,1.004,1.8,1.688,,2.5,27,10,9.0,2,65,9,24,11,17,6,0,55,3,1,-0.504,-0.9
WAS/WAS201908310,"Saturday, August 31, 2019",7:05 p.m. Local,Nationals Park,27539,2:31,Night,Home,Washington Nationals,WSN,Miami Marlins,MIA,28,0,2,0,0.0,1,17,29,0.071,0.103,0.071,0.175,123,92,-0.224,0.35,0.058,,-5.1,24,10,8.0,4,43,24,25,7,4,3,0,24,0,0,-0.276,-2.5,30,7,8,7,7.88,0,3,33,0.267,0.313,0.733,1.046,128,83,0.278,0.38,0.467,,2.5,27,7,9.0,0,51,7,25,10,18,7,0,92,0,0,0.224,5.1
WAS/WAS201909010,"Sunday, September 1, 2019",1:36 p.m. Local,Nationals Park,29345,2:46,Day,Home,Washington Nationals,WSN,Miami Marlins,MIA,30,3,4,3,3.0,3,9,34,0.133,0.206,0.267,0.473,133,83,-0.038,0.67,0.485,,-2.1,24,6,8.0,4,51,19,13,9,13,5,0,32,0,0,-0.462,-4.5,34,9,9,8,9.0,2,7,37,0.265,0.324,0.706,1.03,127,89,0.465,0.88,0.825,,4.5,27,7,9.0,1,52,14,23,9,18,4,0,59,0,0,0.037,2.1
PIT/PIT201909030,"Tuesday, September 3, 2019",7:06 p.m. Local,PNC Park,9169,3:24,Night,Away,Miami Marlins,MIA,Pittsburgh Pirates,PIT,37,5,7,3,2.7,5,14,43,0.189,0.302,0.405,0.708,145,107,0.323,1.68,1.438,,-0.1,30,16,10.0,1,59,22,26,10,13,5,0,58,4,1,0.176,1.1,31,4,4,3,3.6,8,9,40,0.129,0.308,0.226,0.533,172,82,-0.175,1.36,0.875,,-1.1,30,9,10.0,2,48,14,20,15,8,3,0,58,1,0,-0.322,0.1
PIT/PIT201909040,"Wednesday, September 4, 2019",7:07 p.m. Local,PNC Park,9043,2:59,Night,Home,Pittsburgh Pirates,PIT,Miami Marlins,MIA,38,5,10,5,4.0,2,8,40,0.263,0.3,0.553,0.853,105,94,0.29,1.69,0.915,,0.4,24,12,8.0,1,61,16,17,11,19,5,0,48,0,0,-0.791,-2.3,33,6,10,6,5.62,3,4,38,0.303,0.395,0.545,0.94,150,67,0.791,0.88,1.771,,2.3,27,9,9.0,2,45,5,17,12,17,6,0,53,1,0,-0.291,-0.4
PIT/PIT201909050,"Thursday, September 5, 2019",7:07 p.m. Local,PNC Park,9642,3:38,Night,Away,Miami Marlins,MIA,Pittsburgh Pirates,PIT,39,10,16,9,9.0,6,6,47,0.41,0.5,0.538,1.038,159,105,0.614,0.85,1.217,,5.4,27,9,9.0,3,62,18,25,17,17,7,0,30,0,0,-0.113,-2.4,38,7,10,5,5.0,2,9,42,0.263,0.333,0.579,0.912,171,106,0.114,1.08,0.673,,2.4,27,17,9.0,1,68,20,18,12,17,9,0,22,5,2,-0.613,-5.4
MIA/MIA201909060,"Friday, September 6, 2019",7:11 p.m. Local,Marlins Park,8915,2:52,Night,Away,Kansas City Royals,KCR,Miami Marlins,MIA,33,3,9,3,3.0,4,9,38,0.273,0.351,0.394,0.745,141,85,-0.056,0.95,0.611,,-1.5,27,15,9.0,0,47,18,20,11,14,7,0,69,0,0,0.558,4.5,33,0,7,0,0.0,0,8,33,0.212,0.212,0.273,0.485,141,95,-0.558,0.9,0.157,,-4.5,27,7,9.0,1,50,17,28,15,10,5,0,55,1,0,0.058,1.5
MIA/MIA201909070,"Saturday, September 7, 2019",6:11 p.m. Local,Marlins Park,13112,3:24,Night,Away,Kansas City Royals,KCR,Miami Marlins,MIA,37,7,10,6,7.0,5,10,42,0.27,0.357,0.405,0.763,157,102,0.296,0.82,0.98,,2.5,27,10,9.0,0,61,20,21,9,18,7,0,65,2,0,0.203,2.5,30,2,4,2,2.0,7,7,38,0.133,0.316,0.167,0.482,158,92,-0.203,1.25,0.342,,-2.5,27,7,9.0,1,48,19,25,11,12,3,0,70,3,2,-0.297,-2.5
MIA/MIA201909080,"Sunday, September 8, 2019",1:11 p.m. Local,Marlins Park,10934,2:40,Day,Home,Miami Marlins,MIA,Kansas City Royals,KCR,30,0,4,0,0.0,2,8,32,0.133,0.188,0.133,0.321,158,74,-0.251,0.44,0.04,,-4.5,24,14,8.0,1,41,11,22,11,11,4,0,28,0,0,-0.251,-5.0,34,9,13,8,10.12,4,7,40,0.382,0.462,0.529,0.991,102,103,0.249,0.39,0.532,,5.0,27,12,9.0,0,57,22,24,17,11,6,0,85,,,0.25,4.5
MIA/MIA201909090,"Monday, September 9, 2019",7:10 p.m. Local,Marlins Park,6672,4:08,Night,Away,Milwaukee Brewers,MIL,Miami Marlins,MIA,37,8,12,8,8.0,7,9,47,0.324,0.435,0.541,0.975,171,119,0.418,1.3,0.799,,3.5,27,6,9.0,0,66,20,33,11,19,9,0,51,7,0,0.083,1.5,37,3,10,3,3.0,7,11,44,0.27,0.386,0.297,0.684,204,108,-0.083,0.84,0.837,,-1.5,27,7,9.0,1,63,18,27,14,12,4,0,42,5,1,-0.416,-3.5
MIA/MIA201909100,"Tuesday, September 10, 2019",7:11 p.m. Local,Marlins Park,7215,3:20,Night,Away,Milwaukee Brewers,MIL,Miami Marlins,MIA,32,4,6,4,4.0,2,8,35,0.188,0.229,0.375,0.604,145,92,0.228,2.04,0.771,,-0.5,27,6,9.0,1,54,14,24,13,12,4,0,48,1,0,0.273,1.5,34,3,8,3,3.0,4,9,38,0.235,0.316,0.412,0.728,147,97,-0.273,0.99,1.123,,-1.5,27,10,9.0,1,60,16,21,6,19,10,0,52,2,0,-0.228,0.5
MIA/MIA201909110,"Wednesday, September 11, 2019",7:10 p.m. Local,Marlins Park,7815,3:02,Night,Away,Milwaukee Brewers,MIL,Miami Marlins,MIA,33,7,8,7,7.0,6,9,40,0.242,0.359,0.545,0.904,155,88,0.469,1.14,1.292,,2.5,27,8,9.0,2,50,13,25,12,13,6,0,44,1,1,0.032,-0.5,34,5,8,5,5.0,2,8,37,0.235,0.27,0.471,0.741,156,99,-0.031,1.25,0.827,,0.5,27,10,9.0,3,53,17,29,11,16,4,0,35,2,0,-0.468,-2.5
MIA/MIA201909120,"Thursday, September 12, 2019",1:11 p.m. Local,Marlins Park,7375,2:59,Day,Away,Milwaukee Brewers,MIL,Miami Marlins,MIA,32,3,6,3,3.0,2,6,35,0.188,0.229,0.313,0.541,140,95,-0.109,1.44,0.448,,-1.5,27,8,9.0,0,55,11,29,9,18,9,0,43,0,0,0.609,2.5,33,2,7,2,2.0,0,13,34,0.212,0.212,0.273,0.485,146,96,-0.606,0.89,0.424,,-2.5,27,8,9.0,1,58,21,17,10,11,5,0,47,2,0,0.108,1.5
SFN/SFN201909130,"Friday, September 13, 2019",7:15 p.m. Local,Oracle Park,33418,2:22,Night,Home,San Francisco Giants,SFG,Miami Marlins,MIA,28,0,4,0,0.0,1,9,29,0.143,0.172,0.143,0.315,106,74,-0.731,1.03,0.288,,-4.5,24,6,8.0,0,40,14,20,10,9,5,0,61,0,0,0.231,3.0,32,1,9,1,1.12,0,8,33,0.281,0.303,0.375,0.678,120,74,-0.231,1.31,0.401,,-3.0,27,10,9.0,0,45,10,19,9,15,7,0,71,1,0,0.731,4.5
SFN/SFN201909140,"Saturday, September 14, 2019",6:05 p.m. Local,Oracle Park,38663,2:56,Night,Away,Miami Marlins,MIA,San Francisco Giants,SFG,32,4,7,4,4.0,0,4,33,0.219,0.242,0.375,0.617,126,74,0.253,1.63,0.948,,-0.5,27,11,9.0,0,44,10,20,12,16,8,0,56,4,2,0.245,2.5,33,2,8,2,2.0,2,5,37,0.242,0.306,0.364,0.669,107,82,-0.246,1.08,0.935,,-2.5,27,14,9.0,1,45,21,16,13,16,10,0,64,1,0,-0.254,0.5
SFN/SFN201909150,"Sunday, September 15, 2019",1:07 p.m. Local,Oracle Park,39663,2:51,Day,Home,San Francisco Giants,SFG,Miami Marlins,MIA,30,1,5,1,0.0,3,5,34,0.167,0.242,0.167,0.409,137,86,-0.522,1.45,0.609,,-3.5,24,4,8.0,1,53,15,18,15,11,3,0,65,2,1,0.023,2.0,30,2,7,1,2.25,3,12,33,0.233,0.303,0.333,0.636,129,90,-0.023,1.62,0.799,,-2.0,27,11,9.0,0,43,27,20,5,13,5,0,61,1,0,0.523,3.5
ARI/ARI201909160,"Monday, September 16, 2019",6:40 p.m. Local,Chase Field,15897,3:25,Night,Home,Arizona Diamondbacks,ARI,Miami Marlins,MIA,33,5,8,4,4.0,5,8,38,0.242,0.342,0.333,0.675,149,90,0.153,1.29,0.892,,0.2,24,7,8.0,1,51,15,24,10,15,6,0,56,4,2,-0.654,-2.7,32,7,9,7,7.88,3,8,38,0.281,0.395,0.438,0.832,147,94,0.654,1.19,1.298,,2.7,27,7,9.0,1,52,16,26,9,15,6,0,69,6,4,-0.154,-0.2
ARI/ARI201909170,"Tuesday, September 17, 2019",6:40 p.m. Local,Chase Field,19745,3:49,Night,Away,Miami Marlins,MIA,Arizona Diamondbacks,ARI,42,12,17,12,11.0,7,9,50,0.405,0.49,0.667,1.156,161,113,0.651,0.8,1.225,,7.2,27,6,9.0,1,62,21,30,16,18,11,0,38,0,0,-0.15,-1.2,38,6,13,6,6.0,2,7,41,0.342,0.39,0.579,0.969,183,100,0.152,0.91,0.734,,1.2,27,10,9.0,1,61,18,21,3,28,10,0,51,2,2,-0.651,-7.2
ARI/ARI201909180,"Wednesday, September 18, 2019",12:40 p.m. Local,Chase Field,17731,2:55,Day,Home,Arizona Diamondbacks,ARI,Miami Marlins,MIA,36,4,10,4,3.0,0,5,38,0.278,0.297,0.556,0.853,138,82,-0.301,0.79,0.693,,-0.8,24,9,8.0,2,51,11,19,14,17,7,0,38,4,0,-0.199,-0.7,33,5,9,5,4.5,2,5,36,0.273,0.314,0.545,0.86,118,88,0.2,1.27,0.675,,0.7,27,10,9.0,2,51,14,23,16,13,4,0,50,3,0,0.3,0.8
MIA/MIA201909200,"Friday, September 20, 2019",7:11 p.m. Local,Marlins Park,12775,3:13,Night,Away,Washington Nationals,WSN,Miami Marlins,MIA,33,6,7,6,6.0,3,6,36,0.212,0.278,0.485,0.763,141,92,0.323,1.62,0.703,,1.5,27,9,9.0,1,54,16,22,8,19,7,0,41,4,2,0.176,0.5,35,4,10,3,3.0,2,5,38,0.286,0.342,0.457,0.799,144,90,-0.179,0.65,0.998,,-0.5,27,9,9.0,3,57,8,25,12,18,6,0,47,0,0,-0.324,-1.5
MIA/MIA201909210,"Saturday, September 21, 2019",6:11 p.m. Local,Marlins Park,18085,4:20,Night,Away,Washington Nationals,WSN,Miami Marlins,MIA,45,10,16,10,9.0,6,10,51,0.356,0.431,0.422,0.854,174,133,0.373,1.43,1.382,,5.0,30,12,10.0,0,79,22,32,11,24,15,0,74,1,0,0.13,1.0,37,4,7,4,3.6,4,10,42,0.189,0.286,0.297,0.583,197,113,-0.131,1.39,0.904,,-1.0,30,11,10.0,0,61,21,31,19,8,5,0,43,6,3,-0.37,-5.0
MIA/MIA201909220,"Sunday, September 22, 2019",1:10 p.m. Local,Marlins Park,19709,3:13,Day,Home,Miami Marlins,MIA,Washington Nationals,WSN,32,3,6,3,3.0,7,5,39,0.188,0.333,0.188,0.521,134,105,-0.114,1.28,0.565,,-1.5,24,5,8.0,1,63,14,28,15,12,6,0,57,2,2,-0.388,-1.0,29,5,6,5,5.62,4,6,35,0.207,0.314,0.552,0.866,161,86,0.387,1.0,1.09,,1.0,27,13,9.0,0,53,10,23,6,18,7,0,40,0,0,0.112,1.5
NYN/NYN201909230,"Monday, September 23, 2019",7:10 p.m. Local,Citi Field,21189,3:25,Night,Away,Miami Marlins,MIA,New York Mets,NYM,37,8,13,8,8.0,2,6,40,0.351,0.385,0.541,0.925,168,91,0.288,0.91,0.637,,3.6,27,4,9.0,1,57,11,23,21,11,5,0,41,2,0,0.21,0.4,36,4,9,4,4.0,6,7,42,0.25,0.357,0.361,0.718,138,101,-0.21,0.61,0.469,,-0.4,27,15,9.0,2,64,16,21,8,21,8,0,28,4,2,-0.29,-3.6
NYN/NYN201909240,"Tuesday, September 24, 2019",7:11 p.m. Local,Citi Field,21766,3:51,Night,Home,New York Mets,NYM,Miami Marlins,MIA,43,4,11,4,3.27,3,15,46,0.256,0.304,0.395,0.7,172,120,-0.148,1.64,0.651,,-1.4,31,9,10.1,2,69,19,34,13,15,7,0,63,1,1,-0.351,-1.2,41,5,9,5,4.35,4,9,46,0.22,0.304,0.39,0.695,187,115,0.35,0.82,1.492,,1.2,33,9,11.0,1,73,22,20,15,17,10,0,38,2,0,0.149,1.4
NYN/NYN201909250,"Wednesday, September 25, 2019",7:10 p.m. Local,Citi Field,21471,2:48,Night,Home,New York Mets,NYM,Miami Marlins,MIA,31,3,4,3,0.0,2,10,33,0.129,0.182,0.258,0.44,146,80,-0.111,0.26,0.045,,-1.4,24,6,8.0,1,43,21,16,11,10,3,0,19,1,1,-0.388,-6.1,34,10,12,10,10.12,4,10,41,0.353,0.415,0.618,1.032,125,100,0.388,0.19,0.457,,6.1,27,10,9.0,1,61,18,21,11,15,8,0,79,0,0,0.111,1.4
NYN/NYN201909260,"Thursday, September 26, 2019",7:10 p.m. Local,Citi Field,21729,2:45,Night,Away,Miami Marlins,MIA,New York Mets,NYM,33,4,6,4,4.0,0,11,33,0.182,0.182,0.545,0.727,140,90,0.205,1.43,0.833,,-0.4,27,10,9.0,0,47,12,31,9,13,3,0,77,3,0,0.296,2.4,29,2,5,2,2.0,4,12,35,0.172,0.286,0.207,0.493,123,89,-0.295,0.97,0.583,,-2.4,27,8,9.0,3,51,20,19,10,8,4,0,70,0,0,-0.205,0.4
PHI/PHI201909270,"Friday, September 27, 2019",7:05 p.m. Local,Citizens Bank Park,24143,5:13,Night,Home,Philadelphia Phillies,PHI,Miami Marlins,MIA,57,4,17,3,2.4,0,13,61,0.298,0.322,0.368,0.69,227,144,-1.134,1.88,1.176,,-4.1,43,14,14.1,0,88,21,36,26,20,11,0,34,3,1,0.632,1.5,50,5,11,4,2.51,6,14,62,0.22,0.317,0.34,0.657,203,150,-0.635,1.88,1.384,,-1.5,45,22,15.0,1,87,32,31,17,23,12,0,35,0,0,1.132,4.1
PHI/PHI201909280,"Saturday, September 28, 2019",6:07 p.m. Local,Citizens Bank Park,25156,3:06,Night,Home,Philadelphia Phillies,PHI,Miami Marlins,MIA,33,3,7,3,3.0,3,8,36,0.212,0.278,0.394,0.672,152,85,-0.194,0.35,0.102,,-1.9,24,6,8.0,3,51,12,22,8,17,5,0,24,1,0,-0.307,-4.7,33,9,10,9,5.62,5,3,39,0.303,0.41,0.606,1.016,132,96,0.307,0.34,0.476,,4.7,27,8,9.0,1,63,11,22,8,22,6,0,59,0,0,0.193,1.9
PHI/PHI201909290,"Sunday, September 29, 2019",3:10 p.m. Local,Citizens Bank Park,31805,2:50,Day,Away,Miami Marlins,MIA,Philadelphia Phillies,PHI,33,4,7,4,4.0,0,9,33,0.212,0.212,0.515,0.727,164,80,0.019,1.9,0.42,,-0.9,27,6,9.0,2,44,12,24,8,16,7,0,56,0,0,0.482,1.9,40,3,13,3,3.0,3,10,43,0.325,0.372,0.5,0.872,120,108,-0.48,0.57,0.998,,-1.9,27,7,9.0,3,58,21,29,10,20,10,0,37,0,0,-0.02,0.9
