,date,time,venue,attendance,duration,time_of_day,winner,winning_name,winning_abbr,losing_name,losing_abbr,away_at_bats,away_runs,away_hits,away_rbi,away_earned_runs,away_bases_on_balls,away_strikeouts,away_plate_appearances,away_batting_average,away_on_base_percentage,away_slugging_percentage,away_on_base_plus,away_pitches,away_strikes,away_win_probability_for_offensive_player,away_average_leverage_index,away_win_probability_added,away_win_probability_subtracted,away_base_out_runs_added,away_putouts,away_assists,away_innings_pitched,away_home_runs,away_strikes_by_contact,away_strikes_swinging,away_strikes_looking,away_grounded_balls,away_fly_balls,away_line_drives,away_unknown_bat_type,away_game_score,away_inherited_runners,away_inherited_score,away_win_probability_by_pitcher,away_base_out_runs_saved,home_at_bats,home_runs,home_hits,home_rbi,home_earned_runs,home_bases_on_balls,home_strikeouts,home_plate_appearances,home_batting_average,home_on_base_percentage,home_slugging_percentage,home_on_base_plus,home_pitches,home_strikes,home_win_probability_for_offensive_player,home_average_leverage_index,home_win_probability_added,home_win_probability_subtracted,home_base_out_runs_added,home_putouts,home_assists,home_innings_pitched,home_home_runs,home_strikes_by_contact,home_strikes_swinging,home_strikes_looking,home_grounded_balls,home_fly_balls,home_line_drives,home_unknown_bat_type,home_game_score,home_inherited_runners,home_inherited_score,home_win_probability_by_pitcher,home_base_out_runs_saved
WAS/WAS201903280,"Thursday, March 28, 2019",1:07 p.m. Local,Nationals Park,42263,2:44,Day,Away,New York Mets,NYM,Washington Nationals,WSN,31,2,5,2,2.0,3,12,34,0.161,0.235,0.258,0.493,139,93,-0.227,1.38,0.31,,-3.1,27,5,9.0,0,49,22,23,8,11,6,0,71,0,0,0.725,5.1,31,0,5,0,0.0,1,14,33,0.161,0.212,0.194,0.406,135,89,-0.726,0.73,0.411,,-5.1,27,9,9.0,1,40,25,24,5,12,8,0,76,3,1,0.226,3.1
WAS/WAS201903300,"Saturday, March 30, 2019",1:05 p.m. Local,Nationals Park,33765,3:50,Day,Away,New York Mets,NYM,Washington Nationals,WSN,40,11,14,10,11.0,5,11,46,0.35,0.422,0.5,0.922,181,116,0.428,0.94,0.99,,5.9,27,9,9.0,1,59,29,28,15,15,12,0,49,4,0,0.072,-2.9,36,8,9,8,4.0,3,11,42,0.25,0.333,0.444,0.778,188,117,-0.069,0.9,0.654,,2.9,27,8,9.0,0,63,21,33,14,12,5,0,48,4,3,-0.429,-5.9
WAS/WAS201903310,"Sunday, March 31, 2019",1:35 p.m. Local,Nationals Park,23430,3:15,Day,Home,Washington Nationals,WSN,New York Mets,NYM,39,5,13,4,5.0,2,8,41,0.333,0.366,0.385,0.75,165,93,-0.052,0.87,0.979,,-0.1,25,8,8.1,2,51,23,19,10,21,11,0,45,3,0,-0.447,-1.2,36,6,11,6,6.48,1,11,38,0.306,0.342,0.556,0.898,152,101,0.447,1.38,1.031,,1.2,27,8,9.0,0,53,20,28,11,14,6,0,52,4,3,0.052,0.1
MIA/MIA201904010,"Monday, April 1, 2019",7:10 p.m. Local,Marlins Park,6489,3:10,Night,Away,New York Mets,NYM,Miami Marlins,MIA,36,7,10,6,7.0,2,16,40,0.278,0.35,0.5,0.85,135,100,0.35,1.33,1.374,,2.5,27,10,9.0,1,47,35,18,7,13,4,0,51,2,0,0.15,1.5,35,3,9,3,1.0,1,7,36,0.257,0.278,0.343,0.621,166,92,-0.149,1.47,0.774,,-1.5,27,6,9.0,2,50,21,21,12,16,8,0,58,0,0,-0.35,-2.5
MIA/MIA201904020,"Tuesday, April 2, 2019",7:10 p.m. Local,Marlins Park,5934,3:23,Night,Away,New York Mets,NYM,Miami Marlins,MIA,38,6,9,6,6.0,5,7,44,0.237,0.341,0.263,0.604,145,102,0.231,1.64,0.557,,1.5,27,9,9.0,1,64,17,21,18,13,6,0,44,3,1,0.269,-0.5,41,5,16,5,5.0,2,5,46,0.39,0.444,0.561,1.005,167,90,-0.271,0.69,1.045,,0.5,27,12,9.0,0,59,8,23,14,23,14,0,31,0,0,-0.23,-1.5
MIA/MIA201904030,"Wednesday, April 3, 2019",6:10 p.m. Local,Marlins Park,7486,3:07,Night,Away,New York Mets,NYM,Miami Marlins,MIA,38,6,10,6,4.0,3,10,41,0.263,0.317,0.474,0.791,164,104,0.148,0.71,0.492,,1.5,27,3,9.0,0,57,21,26,8,20,9,0,84,3,2,0.352,0.5,34,4,7,4,4.0,3,15,37,0.206,0.27,0.294,0.564,159,109,-0.354,0.47,0.206,,-0.5,27,5,9.0,1,58,31,20,4,15,8,0,54,0,0,-0.148,-1.5
NYN/NYN201904040,"Thursday, April 4, 2019",1:11 p.m. Local,Citi Field,44424,3:19,Day,Away,Washington Nationals,WSN,New York Mets,NYM,30,4,5,4,4.0,4,11,37,0.167,0.278,0.3,0.578,146,101,-0.055,1.18,0.356,,-0.4,27,6,9.0,0,51,21,29,8,13,3,0,76,3,0,0.556,4.4,32,0,4,0,0.0,2,14,34,0.125,0.176,0.125,0.301,167,93,-0.556,0.63,0.271,,-4.4,27,7,9.0,1,48,22,23,11,7,2,0,66,1,1,0.055,0.4
NYN/NYN201904060,"Saturday, April 6, 2019",1:10 p.m. Local,Citi Field,35156,3:13,Day,Home,New York Mets,NYM,Washington Nationals,WSN,32,5,7,4,4.0,6,11,39,0.219,0.342,0.438,0.78,130,112,0.276,1.08,1.186,,0.6,24,9,8.0,5,63,20,29,13,9,3,0,56,2,0,-0.775,-2.1,32,6,11,6,6.75,2,10,35,0.344,0.4,0.875,1.275,179,80,0.776,1.42,1.41,,2.1,27,11,9.0,2,42,15,24,6,16,9,0,67,2,1,-0.277,-0.6
NYN/NYN201904070,"Sunday, April 7, 2019",1:10 p.m. Local,Citi Field,40681,3:42,Day,Away,Washington Nationals,WSN,New York Mets,NYM,32,12,8,11,12.0,12,9,46,0.25,0.457,0.375,0.832,173,103,0.37,0.43,0.583,,7.6,27,7,9.0,2,59,14,30,11,13,6,0,48,4,2,0.131,-4.6,36,9,11,9,9.0,2,11,42,0.306,0.405,0.556,0.96,198,110,-0.131,0.5,0.262,,4.6,27,9,9.0,1,52,28,30,7,18,10,0,23,3,1,-0.369,-7.6
NYN/NYN201904090,"Tuesday, April 9, 2019",7:35 p.m. Local,Citi Field,22126,4:08,Night,Away,Minnesota Twins,MIN,New York Mets,NYM,43,14,17,12,11.0,2,7,46,0.395,0.422,0.93,1.352,219,117,0.483,0.81,0.792,,9.6,27,8,9.0,4,74,18,29,14,23,11,0,43,4,0,0.019,-3.6,38,8,11,8,8.0,7,8,45,0.289,0.4,0.684,1.084,186,126,-0.019,0.48,0.684,,3.6,27,10,9.0,6,74,26,26,12,18,6,0,24,0,0,-0.48,-9.6
NYN/NYN201904100,"Wednesday, April 10, 2019",7:11 p.m. Local,Citi Field,20946,3:15,Night,Home,New York Mets,NYM,Minnesota Twins,MIN,34,6,9,5,6.0,1,10,36,0.265,0.286,0.471,0.756,162,97,-0.169,1.01,0.283,,1.6,24,8,8.0,0,55,23,19,17,8,4,0,49,6,6,-0.33,-5.1,27,9,5,9,10.12,10,10,39,0.185,0.421,0.185,0.606,134,88,0.329,0.6,0.807,,5.1,27,12,9.0,1,43,26,19,11,7,3,0,58,1,1,0.17,-1.6
ATL/ATL201904110,"Thursday, April 11, 2019",7:22 p.m. Local,SunTrust Park,24015,3:14,Night,Away,New York Mets,NYM,Atlanta Braves,ATL,33,6,7,6,6.0,7,9,41,0.212,0.35,0.394,0.744,164,102,0.204,1.05,0.682,,1.0,27,6,9.0,2,60,19,23,12,13,7,0,63,0,0,0.297,2.0,36,3,9,3,3.0,3,14,39,0.25,0.308,0.528,0.835,166,104,-0.298,0.78,0.548,,-2.0,27,11,9.0,2,56,19,29,11,11,3,0,47,3,1,-0.203,-1.0
ATL/ATL201904120,"Friday, April 12, 2019",7:21 p.m. Local,SunTrust Park,33334,3:07,Night,Away,New York Mets,NYM,Atlanta Braves,ATL,37,6,10,6,6.0,6,9,43,0.27,0.372,0.486,0.859,153,94,0.265,0.8,0.705,,1.0,27,10,9.0,0,52,10,32,13,15,11,0,57,0,0,0.235,3.0,33,2,7,2,2.0,3,10,37,0.212,0.27,0.273,0.543,156,100,-0.235,0.63,0.302,,-3.0,27,9,9.0,1,57,17,26,12,12,5,0,20,2,0,-0.265,-1.0
ATL/ATL201904130,"Saturday, April 13, 2019",7:21 p.m. Local,SunTrust Park,40117,3:34,Night,Home,Atlanta Braves,ATL,New York Mets,NYM,35,7,11,6,6.0,5,9,42,0.314,0.39,0.429,0.819,194,97,0.084,0.6,0.496,,2.0,24,6,8.0,2,58,14,26,11,17,7,0,28,3,2,-0.585,-6.6,35,11,13,11,12.38,7,7,42,0.371,0.476,0.6,1.076,155,112,0.584,0.63,0.785,,6.6,27,7,9.0,0,70,14,28,9,19,7,0,26,3,1,-0.083,-2.0
ATL/ATL201904140,"Sunday, April 14, 2019",7:37 p.m. Local,SunTrust Park,23385,3:36,Night,Home,Atlanta Braves,ATL,New York Mets,NYM,38,3,11,3,3.0,2,10,40,0.289,0.325,0.421,0.746,194,96,-0.304,0.76,0.44,,-2.0,24,4,8.0,3,56,14,26,12,16,10,0,50,2,0,-0.196,-2.6,33,7,10,7,7.88,8,12,41,0.303,0.439,0.667,1.106,151,119,0.198,0.92,0.661,,2.6,27,8,9.0,1,72,20,27,7,14,4,0,60,2,2,0.304,2.0
PHI/PHI201904150,"Monday, April 15, 2019",7:07 p.m. Local,Citizens Bank Park,32423,4:29,Night,Away,New York Mets,NYM,Philadelphia Phillies,PHI,44,7,12,6,4.91,6,11,50,0.273,0.36,0.386,0.746,209,107,0.244,2.07,1.638,,1.1,33,9,11.0,1,59,20,28,15,18,12,0,35,3,1,0.258,-0.1,42,6,12,6,4.91,8,16,50,0.286,0.4,0.381,0.781,171,128,-0.257,1.54,1.582,,0.1,33,11,11.0,1,63,22,43,10,16,7,0,31,0,0,-0.244,-1.1
PHI/PHI201904160,"Tuesday, April 16, 2019",7:07 p.m. Local,Citizens Bank Park,43933,3:07,Night,Home,Philadelphia Phillies,PHI,New York Mets,NYM,33,3,10,3,3.0,3,8,39,0.303,0.368,0.545,0.914,171,97,-0.064,0.19,0.153,,-1.9,24,6,8.0,3,57,19,21,17,10,3,0,13,1,0,-0.437,-9.7,39,14,13,14,10.12,3,5,44,0.333,0.409,0.744,1.153,159,108,0.438,0.25,0.453,,9.7,27,12,9.0,2,69,12,27,11,23,8,0,40,0,0,0.064,1.9
PHI/PHI201904170,"Wednesday, April 17, 2019",1:06 p.m. Local,Citizens Bank Park,39861,2:52,Day,Home,Philadelphia Phillies,PHI,New York Mets,NYM,31,2,7,2,2.0,2,5,35,0.226,0.314,0.323,0.637,125,81,-0.518,0.76,0.675,,-2.9,24,10,8.0,2,47,14,20,18,8,3,0,57,0,0,0.018,1.3,28,3,5,3,3.38,3,6,32,0.179,0.25,0.393,0.643,125,83,-0.019,1.79,0.364,,-1.3,27,12,9.0,1,50,10,23,12,11,7,0,63,3,1,0.519,2.9
SLN/SLN201904190,"Friday, April 19, 2019",7:17 p.m. Local,Busch Stadium III,40413,3:31,Night,Away,New York Mets,NYM,St. Louis Cardinals,STL,37,5,11,5,4.0,5,8,44,0.297,0.381,0.459,0.84,174,98,0.114,1.73,0.59,,0.3,27,8,9.0,2,58,12,28,17,14,9,0,52,3,1,0.387,0.7,37,4,10,3,3.0,5,7,42,0.27,0.357,0.514,0.871,160,103,-0.387,0.76,1.056,,-0.7,27,12,9.0,1,63,14,26,13,17,7,0,29,5,1,-0.113,-0.3
SLN/SLN201904200,"Saturday, April 20, 2019",1:16 p.m. Local,Busch Stadium III,47059,2:45,Day,Home,St. Louis Cardinals,STL,New York Mets,NYM,31,2,4,2,2.0,2,5,33,0.129,0.182,0.194,0.375,166,81,-0.211,0.45,0.057,,-2.7,24,8,8.0,1,43,10,28,14,12,2,0,23,2,1,-0.289,-5.9,32,10,10,9,10.12,7,2,41,0.312,0.425,0.5,0.925,109,103,0.29,0.36,0.457,,5.9,27,11,9.0,0,62,11,30,10,22,12,0,68,0,0,0.212,2.7
SLN/SLN201904210,"Sunday, April 21, 2019",1:16 p.m. Local,Busch Stadium III,42765,3:07,Day,Home,St. Louis Cardinals,STL,New York Mets,NYM,35,4,7,4,4.0,3,12,39,0.2,0.282,0.543,0.825,133,102,-0.214,0.77,0.531,,-0.7,24,9,8.0,0,53,25,24,9,14,5,0,34,0,0,-0.284,-1.9,34,6,8,6,4.5,2,6,36,0.235,0.278,0.294,0.572,161,87,0.285,0.97,0.66,,1.9,27,7,9.0,4,49,16,22,14,14,7,0,48,1,0,0.215,0.7
NYN/NYN201904220,"Monday, April 22, 2019",8:45 p.m. Local,Citi Field,25293,2:46,Night,Home,New York Mets,NYM,Philadelphia Phillies,PHI,29,1,3,1,1.0,2,10,32,0.103,0.161,0.241,0.403,135,92,-0.342,0.74,0.268,,-3.4,24,9,8.0,1,44,20,28,9,11,6,0,50,4,2,-0.158,-1.1,32,5,9,5,3.38,2,8,37,0.281,0.351,0.406,0.758,141,87,0.156,0.91,0.597,,1.1,27,8,9.0,1,52,7,28,13,12,5,0,66,0,0,0.343,3.4
NYN/NYN201904230,"Tuesday, April 23, 2019",7:10 p.m. Local,Citi Field,26049,2:43,Night,Home,New York Mets,NYM,Philadelphia Phillies,PHI,30,0,5,0,0.0,2,13,32,0.167,0.219,0.2,0.419,156,92,-0.224,0.4,0.084,,-4.4,24,6,8.0,2,47,21,24,10,7,5,0,42,0,0,-0.275,-5.1,36,9,10,8,9.0,5,7,41,0.278,0.366,0.472,0.838,136,94,0.276,0.44,0.493,,5.1,27,8,9.0,0,54,19,21,10,19,10,0,78,0,0,0.225,4.4
NYN/NYN201904240,"Wednesday, April 24, 2019",7:11 p.m. Local,Citi Field,27685,3:21,Night,Away,Philadelphia Phillies,PHI,New York Mets,NYM,38,6,10,6,6.0,3,10,44,0.263,0.333,0.474,0.807,148,108,-0.024,1.28,0.558,,1.6,27,12,9.0,0,59,22,27,17,13,4,0,64,0,0,0.526,4.4,32,0,6,0,0.0,3,9,36,0.188,0.278,0.188,0.465,170,87,-0.524,0.82,0.462,,-4.4,27,8,9.0,1,47,18,22,15,8,2,0,56,3,0,0.025,-1.6
NYN/NYN201904260,"Friday, April 26, 2019",9:52 p.m. Local,Citi Field,28131,3:20,Night,Away,Milwaukee Brewers,MIL,New York Mets,NYM,37,10,10,10,10.0,6,14,45,0.27,0.4,0.378,0.778,150,112,0.37,0.35,0.752,,5.6,27,7,9.0,0,60,22,30,10,13,9,0,47,2,0,0.131,2.4,34,2,7,2,2.0,4,8,38,0.206,0.289,0.324,0.613,181,95,-0.131,0.69,0.135,,-2.4,27,7,9.0,0,55,18,22,7,19,12,0,36,0,0,-0.37,-5.6
NYN/NYN201904270,"Saturday, April 27, 2019",7:11 p.m. Local,Citi Field,40610,3:57,Night,Away,Milwaukee Brewers,MIL,New York Mets,NYM,38,8,14,7,8.0,6,11,44,0.368,0.455,0.553,1.007,164,109,0.452,1.35,0.932,,3.6,27,9,9.0,2,64,19,26,14,13,7,0,56,3,1,0.049,-1.6,36,6,12,5,6.0,3,13,40,0.333,0.4,0.5,0.9,171,108,-0.049,0.74,0.896,,1.6,27,12,9.0,2,60,26,22,10,13,8,0,29,0,0,-0.45,-3.6
NYN/NYN201904280,"Sunday, April 28, 2019",1:11 p.m. Local,Citi Field,25756,2:52,Day,Home,New York Mets,NYM,Milwaukee Brewers,MIL,30,2,5,2,2.0,0,8,30,0.167,0.167,0.267,0.433,157,80,-0.244,0.98,0.464,,-2.4,24,10,8.0,0,42,9,29,12,10,3,0,48,5,1,-0.257,-1.1,32,5,9,5,4.5,5,7,37,0.281,0.378,0.406,0.785,128,97,0.257,1.08,0.808,,1.1,27,11,9.0,1,54,20,23,11,14,8,0,63,0,0,0.244,2.4
NYN/NYN201904290,"Monday, April 29, 2019",7:10 p.m. Local,Citi Field,20766,3:15,Night,Away,Cincinnati Reds,CIN,New York Mets,NYM,32,5,9,5,5.0,6,6,41,0.281,0.4,0.469,0.869,161,96,0.177,1.53,1.213,,0.6,27,6,9.0,0,65,9,22,11,17,7,0,36,5,1,0.32,0.4,33,4,6,4,4.0,7,10,41,0.182,0.341,0.273,0.614,137,92,-0.32,1.5,0.718,,-0.4,27,6,9.0,1,45,15,32,7,16,6,0,43,0,0,-0.179,-0.6
NYN/NYN201904300,"Tuesday, April 30, 2019",7:11 p.m. Local,Citi Field,20836,3:24,Night,Home,New York Mets,NYM,Cincinnati Reds,CIN,37,3,8,3,2.7,6,13,44,0.216,0.341,0.324,0.665,148,108,-0.237,1.2,1.121,,-1.9,28,11,9.1,1,58,18,32,7,17,5,0,60,3,1,-0.263,0.4,33,4,9,4,3.86,3,12,38,0.273,0.324,0.424,0.749,171,96,0.263,1.71,0.99,,-0.4,30,5,10.0,1,45,25,26,13,10,4,0,60,5,0,0.236,1.9
NYN/NYN201905010,"Wednesday, May 1, 2019",7:10 p.m. Local,Citi Field,22119,2:46,Night,Away,Cincinnati Reds,CIN,New York Mets,NYM,31,1,4,1,1.0,3,8,35,0.129,0.229,0.226,0.454,125,93,-0.238,1.35,0.79,,-3.4,27,8,9.0,0,59,18,16,10,13,5,0,70,3,0,0.738,4.4,32,0,5,0,0.0,1,10,33,0.156,0.182,0.219,0.401,135,85,-0.737,1.41,0.228,,-4.4,27,8,9.0,1,51,14,20,9,13,4,0,75,1,0,0.238,3.4
NYN/NYN201905020,"Thursday, May 2, 2019",12:11 p.m. Local,Citi Field,21445,2:10,Day,Home,New York Mets,NYM,Cincinnati Reds,CIN,30,0,4,0,0.0,1,10,31,0.133,0.161,0.133,0.295,118,74,-0.735,0.78,0.193,,-4.4,24,9,8.0,1,41,10,23,10,10,5,0,62,0,0,0.235,2.9,27,1,4,1,1.12,1,9,28,0.148,0.179,0.296,0.475,104,86,-0.235,1.27,0.239,,-2.9,27,8,9.0,0,53,11,22,7,11,5,0,88,,,0.734,4.4
MIL/MIL201905030,"Friday, May 3, 2019",7:11 p.m. Local,Miller Park,32550,3:01,Night,Home,Milwaukee Brewers,MIL,New York Mets,NYM,32,1,7,1,1.0,3,12,35,0.219,0.286,0.25,0.536,134,102,-0.489,0.98,0.553,,-3.8,24,10,8.0,2,60,22,20,13,7,3,0,41,1,0,-0.011,1.3,33,3,10,3,3.38,2,4,35,0.303,0.343,0.545,0.888,154,89,0.012,1.37,0.62,,-1.3,27,11,9.0,0,53,9,27,14,15,5,0,56,0,0,0.489,3.8
MIL/MIL201905040,"Saturday, May 4, 2019",6:10 p.m. Local,Miller Park,39565,5:22,Night,Home,Milwaukee Brewers,MIL,New York Mets,NYM,62,3,10,3,1.5,1,17,64,0.161,0.188,0.242,0.429,247,163,-1.164,2.08,1.174,,-6.6,52,16,17.1,0,97,29,37,31,14,8,0,66,1,0,0.663,4.7,62,4,11,4,2.08,7,18,69,0.177,0.261,0.226,0.487,253,162,-0.662,1.66,1.904,,-4.7,54,27,18.0,1,85,36,41,19,25,8,0,65,2,0,1.164,6.6
MIL/MIL201905050,"Sunday, May 5, 2019",1:10 p.m. Local,Miller Park,36016,2:39,Day,Home,Milwaukee Brewers,MIL,New York Mets,NYM,31,2,6,2,2.0,1,9,32,0.194,0.219,0.355,0.574,109,88,-0.521,0.75,0.357,,-2.8,24,7,8.0,1,55,12,22,9,13,6,0,49,2,0,0.021,1.3,27,3,5,3,3.38,1,8,30,0.185,0.233,0.407,0.641,136,71,-0.02,1.17,0.423,,-1.3,27,10,9.0,1,40,14,17,6,14,5,0,63,0,0,0.522,2.8
SDN/SDN201905060,"Monday, May 6, 2019",7:11 p.m. Local,Petco Park,20176,2:14,Night,Home,San Diego Padres,SDP,New York Mets,NYM,31,0,4,0,0.0,1,12,32,0.129,0.156,0.129,0.285,124,75,-0.545,0.7,0.124,,-4.5,24,10,8.0,1,36,21,18,13,6,3,0,67,0,0,0.046,0.0,30,4,7,4,4.5,1,8,32,0.233,0.25,0.4,0.65,104,86,-0.047,0.99,0.357,,-0.0,27,9,9.0,0,47,22,17,12,11,8,0,81,1,0,0.546,4.5
SDN/SDN201905070,"Tuesday, May 7, 2019",7:11 p.m. Local,Petco Park,23129,3:38,Night,Away,New York Mets,NYM,San Diego Padres,SDP,37,7,12,7,7.0,5,12,44,0.324,0.409,0.541,0.95,157,106,0.482,1.72,1.424,,2.5,27,13,9.0,2,62,20,24,16,10,6,0,40,0,0,0.019,-1.5,37,6,12,5,5.0,4,9,41,0.324,0.39,0.541,0.931,180,103,-0.019,1.42,1.147,,1.5,27,10,9.0,1,53,19,31,16,12,5,0,44,5,2,-0.482,-2.5
SDN/SDN201905080,"Wednesday, May 8, 2019",12:41 p.m. Local,Petco Park,21952,2:44,Day,Home,San Diego Padres,SDP,New York Mets,NYM,33,2,7,2,2.0,2,13,35,0.212,0.257,0.364,0.621,124,97,-0.51,0.94,0.623,,-2.5,24,10,8.0,2,53,21,23,11,9,2,0,49,0,0,0.009,1.0,29,3,5,3,3.38,1,7,30,0.172,0.2,0.414,0.614,137,82,-0.01,1.57,0.568,,-1.0,27,8,9.0,1,46,20,16,10,12,3,0,59,2,0,0.509,2.5
NYN/NYN201905100,"Friday, May 10, 2019",7:10 p.m. Local,Citi Field,25194,3:04,Night,Home,New York Mets,NYM,Miami Marlins,MIA,37,2,10,2,2.0,3,12,41,0.27,0.317,0.27,0.587,165,101,-0.06,0.31,0.055,,-2.4,24,10,8.0,3,58,19,24,16,10,6,0,0,0,0,-0.44,-7.1,36,11,15,10,12.38,8,8,46,0.417,0.543,0.667,1.21,143,102,0.441,0.15,0.49,,7.1,27,9,9.0,0,58,17,27,12,16,7,0,61,0,0,0.06,2.4
NYN/NYN201905110,"Saturday, May 11, 2019",7:10 p.m. Local,Citi Field,32501,2:41,Night,Home,New York Mets,NYM,Miami Marlins,MIA,33,1,6,1,1.0,2,10,35,0.182,0.229,0.273,0.501,128,98,-0.337,0.89,0.297,,-3.4,24,12,8.0,2,54,23,21,14,9,6,0,36,2,0,-0.164,-0.1,31,4,9,4,4.5,3,3,35,0.29,0.371,0.516,0.888,139,84,0.165,0.88,0.689,,0.1,27,10,9.0,0,57,14,13,13,15,7,0,70,0,0,0.336,3.4
WAS/WAS201905140,"Tuesday, May 14, 2019",7:06 p.m. Local,Nationals Park,23315,2:38,Night,Away,New York Mets,NYM,Washington Nationals,WSN,34,6,8,6,6.0,5,5,39,0.235,0.333,0.441,0.775,122,82,0.19,0.73,0.477,,0.9,27,10,9.0,1,48,8,26,11,18,9,0,71,0,0,0.309,3.1,30,2,5,2,2.0,1,9,32,0.167,0.219,0.3,0.519,136,76,-0.31,0.47,0.26,,-3.1,27,10,9.0,2,37,9,30,11,10,3,0,34,2,1,-0.191,-0.9
WAS/WAS201905150,"Wednesday, May 15, 2019",7:05 p.m. Local,Nationals Park,29673,2:28,Night,Home,Washington Nationals,WSN,New York Mets,NYM,30,1,4,1,1.0,1,13,32,0.133,0.161,0.167,0.328,119,84,-0.261,0.45,0.151,,-4.1,24,9,8.0,1,52,19,13,10,8,5,0,25,1,0,-0.237,-0.5,31,5,9,5,5.62,2,5,33,0.29,0.333,0.484,0.817,122,77,0.237,0.59,0.44,,0.5,27,9,9.0,0,53,8,19,10,16,5,0,80,0,0,0.262,4.1
WAS/WAS201905160,"Thursday, May 16, 2019",1:05 p.m. Local,Nationals Park,28807,3:16,Day,Home,Washington Nationals,WSN,New York Mets,NYM,38,6,11,6,6.0,2,10,40,0.289,0.325,0.421,0.746,147,109,-0.164,0.78,0.87,,0.9,24,7,8.0,1,66,22,21,10,18,7,0,30,1,1,-0.335,-2.5,35,7,12,6,7.88,5,8,40,0.343,0.425,0.514,0.939,161,91,0.334,1.58,0.791,,2.5,27,6,9.0,1,53,14,24,13,14,6,0,53,2,0,0.166,-0.9
MIA/MIA201905170,"Friday, May 17, 2019",7:10 p.m. Local,Marlins Park,9870,3:01,Night,Home,Miami Marlins,MIA,New York Mets,NYM,36,6,12,6,6.0,5,6,42,0.333,0.405,0.694,1.099,143,88,-0.175,0.64,0.624,,1.5,24,8,8.0,1,53,14,21,12,19,7,0,26,0,0,-0.326,-4.0,34,8,10,8,7.88,0,7,36,0.294,0.286,0.471,0.756,138,100,0.327,1.03,0.602,,4.0,27,9,9.0,3,67,16,17,14,15,6,0,50,3,2,0.174,-1.5
MIA/MIA201905180,"Saturday, May 18, 2019",4:10 p.m. Local,Marlins Park,13474,2:38,Day,Home,Miami Marlins,MIA,New York Mets,NYM,26,0,1,0,0.0,3,9,29,0.038,0.138,0.077,0.215,143,80,-0.554,0.62,0.178,,-4.5,24,7,8.0,1,56,10,14,11,6,3,0,47,3,0,0.054,2.0,29,2,5,2,2.25,4,10,33,0.172,0.273,0.276,0.549,122,92,-0.054,1.02,0.302,,-2.0,27,12,9.0,0,53,15,24,10,9,4,0,80,0,0,0.554,4.5
MIA/MIA201905190,"Sunday, May 19, 2019",1:10 p.m. Local,Marlins Park,15983,1:59,Day,Home,Miami Marlins,MIA,New York Mets,NYM,27,0,2,0,0.0,1,8,28,0.074,0.107,0.074,0.181,104,55,-0.556,0.78,0.214,,-4.5,24,10,8.0,1,25,19,11,10,9,5,0,61,0,0,0.056,1.0,27,3,6,2,3.38,1,5,30,0.222,0.267,0.407,0.674,89,69,-0.056,1.11,0.385,,-1.0,27,11,9.0,0,41,9,19,9,14,6,0,90,,,0.556,4.5
NYN/NYN201905200,"Monday, May 20, 2019",7:10 p.m. Local,Citi Field,22335,3:12,Night,Home,New York Mets,NYM,Washington Nationals,WSN,32,3,7,3,3.0,5,6,38,0.219,0.342,0.375,0.717,152,98,-0.321,0.58,0.729,,-1.4,24,8,8.0,2,55,12,31,9,17,8,0,43,1,1,-0.179,-1.1,32,5,8,5,4.5,4,11,37,0.25,0.351,0.5,0.851,150,97,0.179,1.45,0.529,,1.1,27,10,9.0,1,60,22,15,10,11,3,0,47,2,1,0.321,1.4
NYN/NYN201905210,"Tuesday, May 21, 2019",7:10 p.m. Local,Citi Field,24631,3:05,Night,Home,New York Mets,NYM,Washington Nationals,WSN,32,5,8,5,5.0,3,9,37,0.25,0.314,0.5,0.814,137,102,0.4,1.78,1.27,,0.6,26,11,8.2,2,62,11,29,8,17,8,0,55,2,1,-0.901,-2.1,32,6,8,6,6.23,4,7,38,0.25,0.368,0.469,0.837,153,79,0.902,1.46,1.884,,2.1,27,7,9.0,2,43,16,20,14,11,4,0,61,4,1,-0.401,-0.6
NYN/NYN201905220,"Wednesday, May 22, 2019",7:10 p.m. Local,Citi Field,27188,2:59,Night,Home,New York Mets,NYM,Washington Nationals,WSN,30,1,3,1,1.0,3,10,33,0.1,0.182,0.2,0.382,152,86,-0.3,1.72,0.228,,-3.4,24,8,8.0,1,43,18,25,9,11,3,0,71,2,2,-0.202,-2.1,32,6,7,6,6.75,4,11,37,0.219,0.324,0.438,0.762,133,103,0.201,0.78,1.179,,2.1,27,8,9.0,1,53,31,19,12,9,4,0,69,0,0,0.3,3.4
NYN/NYN201905230,"Thursday, May 23, 2019",12:10 p.m. Local,Citi Field,29962,2:53,Day,Home,New York Mets,NYM,Washington Nationals,WSN,37,4,13,3,4.0,3,11,40,0.351,0.4,0.514,0.914,125,108,0.246,1.39,1.335,,-0.4,24,6,8.0,1,59,13,36,14,12,6,0,60,0,0,-0.745,-2.1,28,6,7,6,5.62,3,8,34,0.25,0.324,0.393,0.716,150,81,0.747,1.47,1.419,,2.1,27,10,9.0,0,52,15,14,7,15,7,0,53,0,0,-0.245,0.4
NYN/NYN201905240,"Friday, May 24, 2019",7:11 p.m. Local,Citi Field,27082,3:12,Night,Away,Detroit Tigers,DET,New York Mets,NYM,40,9,14,9,9.0,3,11,45,0.35,0.378,0.6,0.978,149,109,0.826,1.21,1.494,,4.6,27,14,9.0,5,61,24,24,10,21,12,0,32,0,0,-0.327,-3.6,37,8,11,8,8.0,2,7,39,0.297,0.333,0.784,1.117,161,100,0.327,1.1,1.24,,3.6,27,5,9.0,2,59,23,18,13,17,10,0,32,2,1,-0.828,-4.6
NYN/NYN201905250,"Saturday, May 25, 2019",4:10 p.m. Local,Citi Field,40691,4:11,Day,Home,New York Mets,NYM,Detroit Tigers,DET,49,4,14,4,2.77,7,11,57,0.286,0.368,0.367,0.736,164,145,-0.513,1.67,1.776,,-2.3,36,13,12.0,3,82,22,41,19,20,6,0,62,0,0,0.014,0.8,44,5,7,5,3.0,3,8,48,0.159,0.229,0.364,0.593,242,102,-0.014,2.07,1.524,,-0.8,39,16,13.0,1,60,20,22,15,21,6,0,53,1,1,0.513,2.3
NYN/NYN201905260,"Sunday, May 26, 2019",1:10 p.m. Local,Citi Field,31414,2:33,Day,Home,New York Mets,NYM,Detroit Tigers,DET,33,3,6,3,3.0,2,13,35,0.182,0.229,0.273,0.501,107,101,-0.378,1.07,0.871,,-1.4,24,10,8.0,1,57,20,24,10,10,5,0,54,1,0,-0.122,-0.1,30,4,8,4,4.5,1,8,32,0.267,0.313,0.4,0.713,143,74,0.121,2.03,0.733,,0.1,27,9,9.0,1,51,14,9,13,9,3,0,63,2,0,0.378,1.4
LAN/LAN201905270,"Monday, May 27, 2019",5:10 p.m. Local,Dodger Stadium,47816,3:42,Night,Home,Los Angeles Dodgers,LAD,New York Mets,NYM,40,5,15,5,5.0,2,9,42,0.375,0.405,0.65,1.055,167,100,0.034,1.0,0.841,,0.4,24,12,8.0,3,66,17,17,14,17,5,0,46,4,2,-0.532,-4.9,40,9,17,9,10.12,2,3,44,0.425,0.455,0.675,1.13,160,110,0.532,1.04,1.105,,4.9,27,11,9.0,2,71,13,26,20,18,8,0,44,4,0,-0.032,-0.4
LAN/LAN201905280,"Tuesday, May 28, 2019",7:10 p.m. Local,Dodger Stadium,45713,3:22,Night,Away,New York Mets,NYM,Los Angeles Dodgers,LAD,36,7,10,7,6.0,6,9,43,0.278,0.381,0.583,0.964,150,121,0.342,0.99,1.082,,2.4,27,8,9.0,1,71,14,36,13,15,9,0,59,0,0,0.161,1.6,34,3,8,3,3.0,5,9,39,0.235,0.333,0.382,0.716,183,97,-0.162,1.09,0.603,,-1.6,27,11,9.0,2,52,19,26,11,14,7,0,57,4,3,-0.34,-2.4
LAN/LAN201905290,"Wednesday, May 29, 2019",7:10 p.m. Local,Dodger Stadium,40559,3:31,Night,Home,Los Angeles Dodgers,LAD,New York Mets,NYM,38,8,13,8,8.0,3,8,42,0.342,0.39,0.763,1.153,176,111,0.414,1.27,0.779,,3.4,25,7,8.1,3,71,25,15,9,22,11,0,49,0,0,-0.914,-5.3,38,9,15,9,9.72,4,5,43,0.395,0.442,0.842,1.284,168,118,0.915,0.57,1.543,,5.3,27,11,9.0,4,72,22,24,9,25,10,0,38,0,0,-0.415,-3.4
LAN/LAN201905300,"Thursday, May 30, 2019",7:10 p.m. Local,Dodger Stadium,47848,2:47,Night,Home,Los Angeles Dodgers,LAD,New York Mets,NYM,31,0,4,0,0.0,1,9,33,0.129,0.182,0.161,0.343,126,84,-0.664,0.88,0.313,,-4.6,24,10,8.0,0,44,20,20,10,12,9,0,64,2,0,0.163,2.1,31,2,9,2,2.25,3,7,34,0.29,0.353,0.419,0.772,126,75,-0.162,1.33,0.439,,-2.1,27,8,9.0,0,41,7,27,10,14,8,0,77,1,0,0.663,4.6
ARI/ARI201905310,"Friday, May 31, 2019",6:40 p.m. Local,Chase Field,24664,3:14,Night,Away,New York Mets,NYM,Arizona Diamondbacks,ARI,37,5,13,5,5.0,3,8,41,0.351,0.4,0.459,0.859,135,93,0.308,1.64,1.162,,0.2,27,3,9.0,2,54,17,22,15,14,8,1,56,0,0,0.191,0.8,35,4,8,4,4.0,2,9,37,0.229,0.27,0.457,0.727,147,95,-0.191,1.33,0.976,,-0.8,27,13,9.0,0,56,15,24,7,19,6,0,45,0,0,-0.309,-0.2
ARI/ARI201906010,"Saturday, June 1, 2019",7:09 p.m. Local,Chase Field,34888,3:42,Night,Home,Arizona Diamondbacks,ARI,New York Mets,NYM,40,5,9,5,4.09,2,9,42,0.225,0.262,0.4,0.662,159,107,-0.274,1.63,0.503,,-0.9,31,7,10.1,1,62,18,27,18,13,7,0,66,4,1,-0.227,-1.3,38,6,11,5,5.23,3,13,45,0.289,0.349,0.447,0.796,163,103,0.226,0.9,1.315,,1.3,33,17,11.0,2,56,25,22,12,16,5,0,33,0,0,0.273,0.9
ARI/ARI201906020,"Sunday, June 2, 2019",1:10 p.m. Local,Chase Field,26945,2:37,Day,Home,Arizona Diamondbacks,ARI,New York Mets,NYM,32,1,6,1,1.0,0,11,32,0.188,0.188,0.281,0.469,137,75,-0.289,0.48,0.21,,-3.8,24,9,8.0,2,45,15,15,13,8,3,0,39,2,2,-0.211,-2.7,34,7,10,7,7.88,4,5,38,0.294,0.368,0.529,0.898,118,86,0.21,0.69,0.484,,2.7,27,11,9.0,1,49,15,22,13,16,4,0,73,1,0,0.29,3.8
NYN/NYN201906040,"Tuesday, June 4, 2019",7:11 p.m. Local,Citi Field,24878,3:35,Night,Away,San Francisco Giants,SFG,New York Mets,NYM,43,9,14,9,8.1,5,9,48,0.326,0.396,0.419,0.814,158,119,0.341,1.22,1.311,,4.1,30,10,10.0,2,64,22,33,17,17,9,0,51,0,0,0.158,1.9,38,3,10,3,2.7,2,9,41,0.263,0.317,0.421,0.738,186,104,-0.158,1.46,0.821,,-1.9,30,13,10.0,0,60,21,23,12,17,9,0,53,3,3,-0.342,-4.1
NYN/NYN201906050,"Wednesday, June 5, 2019",7:10 p.m. Local,Citi Field,23357,2:41,Night,Home,New York Mets,NYM,San Francisco Giants,SFG,30,0,5,0,0.0,1,8,31,0.167,0.194,0.2,0.394,154,79,-0.264,0.43,0.17,,-4.4,24,7,8.0,3,44,10,25,11,11,7,0,36,0,0,-0.237,-3.1,31,7,8,7,6.75,4,9,37,0.258,0.351,0.581,0.932,117,96,0.24,0.59,0.473,,3.1,27,14,9.0,0,58,21,17,8,15,6,0,84,,,0.263,4.4
NYN/NYN201906060,"Thursday, June 6, 2019",12:10 p.m. Local,Citi Field,28857,2:43,Day,Home,New York Mets,NYM,San Francisco Giants,SFG,30,3,3,3,3.0,1,9,32,0.1,0.156,0.3,0.456,124,94,-0.095,1.27,0.453,,-1.4,24,15,8.0,3,61,16,17,5,16,3,0,48,3,1,-0.404,-3.1,33,7,13,7,7.88,4,3,39,0.394,0.474,0.697,1.171,131,73,0.405,0.82,1.187,,3.1,27,4,9.0,2,51,8,14,18,13,7,0,64,0,0,0.096,1.4
NYN/NYN201906070,"Friday, June 7, 2019",7:10 p.m. Local,Citi Field,27520,3:03,Night,Away,Colorado Rockies,COL,New York Mets,NYM,37,5,10,5,5.0,1,15,39,0.27,0.308,0.514,0.821,134,109,0.118,0.98,0.648,,0.6,27,14,9.0,1,68,27,17,5,17,6,0,58,0,0,0.382,3.4,32,1,6,1,1.0,2,3,34,0.188,0.235,0.344,0.579,163,84,-0.381,0.73,0.398,,-3.4,27,4,9.0,2,57,7,20,15,14,8,0,61,2,0,-0.119,-0.6
NYN/NYN201906080,"Saturday, June 8, 2019",7:16 p.m. Local,Citi Field,29077,2:59,Night,Home,New York Mets,NYM,Colorado Rockies,COL,33,3,7,2,2.0,2,15,38,0.212,0.297,0.212,0.509,125,103,-0.243,0.95,0.702,,-1.4,24,8,8.0,2,53,21,29,10,9,5,0,42,2,0,-0.258,-1.1,31,5,9,4,5.62,4,10,36,0.29,0.389,0.548,0.937,156,85,0.259,1.43,0.795,,1.1,27,8,9.0,0,41,24,20,8,13,6,0,58,0,0,0.243,1.4
NYN/NYN201906090,"Sunday, June 9, 2019",1:11 p.m. Local,Citi Field,29531,2:32,Day,Home,New York Mets,NYM,Colorado Rockies,COL,28,1,2,1,1.0,3,9,31,0.071,0.161,0.107,0.268,101,92,-0.239,0.35,0.068,,-3.4,24,9,8.0,1,54,21,17,8,11,3,0,31,1,0,-0.262,-2.1,31,6,8,6,6.75,2,11,33,0.258,0.303,0.484,0.787,131,71,0.262,0.41,0.433,,2.1,27,7,9.0,0,40,14,17,7,13,7,0,80,0,0,0.238,3.4
NYA/NYA201906111,"Tuesday, June 11, 2019",1:09 p.m. Local,Yankee Stadium III,41538,3:09,Day,Home,New York Yankees,NYY,New York Mets,NYM,38,5,9,5,4.0,0,9,38,0.237,0.237,0.342,0.579,167,103,0.123,0.68,0.525,,0.1,24,10,8.0,3,58,19,26,16,13,8,0,21,1,0,-0.623,-7.7,40,12,15,12,9.0,3,7,43,0.375,0.419,0.775,1.194,140,104,0.622,0.63,1.027,,7.7,27,8,9.0,1,60,18,26,12,21,10,0,49,1,0,-0.123,-0.1
NYA/NYA201906112,"Tuesday, June 11, 2019",7:09 p.m. Local,Yankee Stadium III,44698,3:20,Night,Away,New York Mets,NYM,New York Yankees,NYY,38,10,11,10,9.0,5,6,44,0.289,0.386,0.579,0.965,144,115,0.429,0.6,0.603,,5.1,27,7,9.0,1,85,11,19,13,19,7,0,47,0,0,0.073,0.9,36,4,9,4,4.0,3,8,39,0.25,0.308,0.333,0.641,190,90,-0.072,0.36,0.282,,-0.9,27,12,9.0,3,48,18,24,13,15,8,0,19,2,0,-0.428,-5.1
NYN/NYN201906130,"Thursday, June 13, 2019",7:11 p.m. Local,Citi Field,31862,3:02,Night,Away,St. Louis Cardinals,STL,New York Mets,NYM,37,5,10,5,4.5,1,10,39,0.27,0.308,0.405,0.713,149,114,0.389,1.01,1.245,,0.1,30,8,10.0,1,70,21,23,14,13,8,0,46,3,1,0.11,0.9,34,4,6,4,3.6,2,15,37,0.176,0.216,0.294,0.51,172,95,-0.111,1.4,0.578,,-0.9,30,14,10.0,1,45,27,23,6,13,7,1,65,0,0,-0.389,-0.1
NYN/NYN201906140,"Friday, June 14, 2019",7:10 p.m. Local,Citi Field,28560,3:05,Night,Away,St. Louis Cardinals,STL,New York Mets,NYM,33,9,8,9,8.0,4,7,39,0.242,0.316,0.697,1.013,140,109,0.839,1.44,1.328,,4.6,27,12,9.0,1,65,13,31,7,21,9,0,53,4,3,-0.338,-0.6,36,5,9,5,3.0,4,6,41,0.25,0.341,0.361,0.703,177,89,0.337,0.97,1.259,,0.6,27,7,9.0,4,53,10,26,17,13,6,0,56,0,0,-0.839,-4.6
NYN/NYN201906150,"Saturday, June 15, 2019",7:11 p.m. Local,Citi Field,32589,3:33,Night,Home,New York Mets,NYM,St. Louis Cardinals,STL,35,7,12,7,6.0,4,9,42,0.343,0.405,0.486,0.89,140,96,-0.095,0.47,0.811,,2.6,24,4,8.0,2,47,18,31,12,16,7,0,29,5,0,-0.405,-4.1,34,8,10,8,7.88,3,8,41,0.294,0.39,0.529,0.92,157,87,0.407,1.21,0.623,,4.1,27,8,9.0,1,59,13,15,8,19,7,0,45,2,2,0.097,-2.6
NYN/NYN201906160,"Sunday, June 16, 2019",1:10 p.m. Local,Citi Field,37054,3:09,Day,Away,St. Louis Cardinals,STL,New York Mets,NYM,31,4,3,3,3.0,4,9,35,0.097,0.2,0.29,0.49,146,99,0.071,1.54,0.786,,-0.4,27,14,9.0,0,53,14,32,10,12,3,0,44,0,0,0.429,1.4,33,3,10,3,3.0,3,6,36,0.303,0.361,0.364,0.725,162,86,-0.429,1.1,0.778,,-1.4,27,9,9.0,2,59,11,16,11,16,11,0,51,0,0,-0.073,0.4
ATL/ATL201906170,"Monday, June 17, 2019",7:21 p.m. Local,SunTrust Park,24660,3:05,Night,Home,Atlanta Braves,ATL,New York Mets,NYM,32,3,7,3,3.0,4,5,36,0.219,0.306,0.344,0.649,177,77,-0.135,0.77,0.497,,-2.0,24,9,8.0,3,51,11,15,15,12,8,0,36,4,3,-0.364,-7.6,40,12,16,11,12.38,7,5,47,0.4,0.489,0.625,1.114,116,106,0.366,0.95,0.892,,7.6,27,14,9.0,1,73,14,19,12,23,13,0,49,1,0,0.135,2.0
ATL/ATL201906180,"Tuesday, June 18, 2019",7:30 p.m. Local,SunTrust Park,24791,3:04,Night,Away,New York Mets,NYM,Atlanta Braves,ATL,40,10,15,10,10.0,8,10,48,0.375,0.479,0.75,1.229,123,106,0.297,0.3,0.608,,5.0,27,6,9.0,2,62,24,20,14,16,5,0,75,0,0,0.203,3.0,32,2,5,2,2.0,0,12,33,0.156,0.182,0.375,0.557,170,83,-0.204,0.49,0.046,,-3.0,27,8,9.0,3,50,16,17,7,13,5,0,22,0,0,-0.297,-5.0
ATL/ATL201906190,"Wednesday, June 19, 2019",7:20 p.m. Local,SunTrust Park,37104,3:03,Night,Home,Atlanta Braves,ATL,New York Mets,NYM,34,2,9,2,2.0,2,8,36,0.265,0.306,0.382,0.688,153,90,-0.269,0.73,0.43,,-3.0,24,12,8.0,2,52,15,23,12,14,11,0,33,3,2,-0.232,-2.6,32,7,9,7,7.88,5,5,37,0.281,0.378,0.563,0.941,144,89,0.231,1.01,0.71,,2.6,27,13,9.0,0,56,16,17,12,15,8,0,53,1,0,0.269,3.0
CHN/CHN201906200,"Thursday, June 20, 2019",7:06 p.m. Local,Wrigley Field,38956,2:59,Night,Home,Chicago Cubs,CHC,New York Mets,NYM,32,4,7,3,3.0,3,8,36,0.219,0.306,0.406,0.712,152,88,-0.091,0.7,0.582,,-0.9,24,9,8.0,1,47,14,27,14,10,6,0,24,1,1,-0.41,-2.7,30,7,7,6,7.88,5,11,36,0.233,0.343,0.467,0.81,140,97,0.409,0.93,0.761,,2.7,27,12,9.0,2,48,27,22,12,8,3,0,40,1,0,0.092,0.9
CHN/CHN201906210,"Friday, June 21, 2019",1:23 p.m. Local,Wrigley Field,41078,3:11,Day,Away,New York Mets,NYM,Chicago Cubs,CHC,33,5,7,4,5.0,4,11,37,0.212,0.297,0.424,0.722,150,88,0.164,1.4,0.888,,0.1,27,10,9.0,1,45,18,25,10,12,4,0,45,1,0,0.335,0.9,33,4,6,4,2.0,2,6,35,0.182,0.229,0.303,0.532,137,96,-0.336,1.08,0.653,,-0.9,27,9,9.0,2,59,15,24,11,16,7,0,52,1,1,-0.166,-0.1
CHN/CHN201906220,"Saturday, June 22, 2019",1:23 p.m. Local,Wrigley Field,41106,3:01,Day,Away,New York Mets,NYM,Chicago Cubs,CHC,37,10,12,10,8.0,4,5,42,0.324,0.39,0.649,1.039,134,97,0.335,0.44,0.575,,5.1,27,10,9.0,0,58,14,25,19,14,7,0,67,0,0,0.164,2.9,31,2,6,0,1.0,4,7,36,0.194,0.286,0.226,0.512,148,85,-0.165,0.35,0.198,,-2.9,27,17,9.0,3,63,10,12,12,13,6,0,11,0,0,-0.337,-5.1
CHN/CHN201906230,"Sunday, June 23, 2019",1:23 p.m. Local,Wrigley Field,39077,2:49,Day,Home,Chicago Cubs,CHC,New York Mets,NYM,29,3,7,3,3.0,3,7,34,0.241,0.313,0.517,0.83,161,80,-0.156,1.46,0.594,,-1.9,24,9,8.0,1,44,18,19,10,14,4,0,57,0,0,-0.345,-0.7,33,5,12,5,5.62,2,11,35,0.364,0.4,0.515,0.915,121,105,0.344,1.05,1.209,,0.7,27,9,9.0,2,59,28,18,12,10,5,0,54,0,0,0.156,1.9
PHI/PHI201906240,"Monday, June 24, 2019",7:06 p.m. Local,Citizens Bank Park,29117,3:18,Night,Home,Philadelphia Phillies,PHI,New York Mets,NYM,39,7,15,7,7.0,3,6,44,0.385,0.432,0.744,1.175,162,105,0.299,0.72,0.922,,2.1,24,4,8.0,4,66,17,22,12,22,12,0,13,0,0,-0.8,-8.7,43,13,19,13,14.62,4,2,47,0.442,0.489,0.837,1.327,156,101,0.801,0.95,1.256,,8.7,27,8,9.0,4,65,13,23,14,27,15,0,24,0,0,-0.3,-2.1
PHI/PHI201906250,"Tuesday, June 25, 2019",7:07 p.m. Local,Citizens Bank Park,28125,3:07,Night,Home,Philadelphia Phillies,PHI,New York Mets,NYM,38,5,12,5,5.0,4,6,43,0.316,0.372,0.526,0.898,134,85,-0.009,0.84,0.977,,0.1,24,10,8.0,4,51,15,19,16,17,10,0,44,3,2,-0.492,-2.7,33,7,8,7,7.88,3,7,37,0.242,0.324,0.636,0.961,148,86,0.492,1.28,1.0,,2.7,27,9,9.0,2,43,11,32,13,13,4,0,34,2,0,0.008,-0.1
PHI/PHI201906260,"Wednesday, June 26, 2019",7:06 p.m. Local,Citizens Bank Park,29822,3:21,Night,Home,Philadelphia Phillies,PHI,New York Mets,NYM,39,4,10,4,3.6,4,6,43,0.256,0.326,0.462,0.787,146,93,-0.324,1.58,0.675,,-1.4,27,4,9.0,1,65,14,16,10,23,9,0,67,1,1,-0.176,-1.6,37,5,9,5,5.0,5,15,42,0.243,0.333,0.432,0.766,151,97,0.175,1.09,1.121,,1.6,30,8,10.0,2,47,24,26,6,16,6,0,35,3,0,0.325,1.4
PHI/PHI201906270,"Thursday, June 27, 2019",1:07 p.m. Local,Citizens Bank Park,39161,3:24,Day,Home,Philadelphia Phillies,PHI,New York Mets,NYM,33,3,5,3,3.0,1,11,35,0.152,0.2,0.242,0.442,177,90,0.139,1.34,0.978,,-1.9,25,7,8.1,3,48,16,26,14,8,4,0,69,0,0,-0.638,-1.4,30,6,6,6,6.48,5,10,38,0.2,0.333,0.5,0.833,140,114,0.637,1.31,1.385,,1.4,27,9,9.0,1,73,15,26,11,11,4,0,84,2,1,-0.139,1.9
NYN/NYN201906280,"Friday, June 28, 2019",7:13 p.m. Local,Citi Field,36421,2:55,Night,Away,Atlanta Braves,ATL,New York Mets,NYM,35,6,9,6,6.0,2,11,39,0.257,0.308,0.4,0.708,138,98,0.244,1.39,0.636,,1.6,27,9,9.0,1,56,19,23,9,16,9,0,55,2,0,0.255,2.4,36,2,9,2,2.0,0,8,36,0.25,0.25,0.333,0.583,149,96,-0.255,0.8,0.668,,-2.4,27,7,9.0,1,69,13,14,16,12,6,0,53,0,0,-0.245,-1.6
NYN/NYN201906290,"Saturday, June 29, 2019",4:32 p.m. Local,Citi Field,40809,3:39,Day,Away,Atlanta Braves,ATL,New York Mets,NYM,38,5,13,5,5.0,1,9,41,0.342,0.39,0.579,0.969,166,92,0.353,1.99,1.098,,0.6,27,9,9.0,1,60,16,16,13,16,10,0,43,3,1,0.147,0.4,36,4,8,4,4.0,4,9,42,0.222,0.333,0.389,0.722,143,107,-0.148,1.08,1.315,,-0.4,27,10,9.0,2,69,15,23,13,14,7,0,45,1,0,-0.354,-0.6
NYN/NYN201906300,"Sunday, June 30, 2019",7:08 p.m. Local,Citi Field,31743,3:27,Night,Home,New York Mets,NYM,Atlanta Braves,ATL,36,5,10,5,5.0,3,10,39,0.278,0.333,0.444,0.778,132,104,0.27,1.86,1.082,,0.6,24,8,8.0,1,57,28,22,10,16,6,0,44,3,2,-0.767,-4.1,35,8,13,8,9.0,2,9,39,0.371,0.41,0.486,0.896,159,90,0.768,1.31,1.634,,4.1,27,8,9.0,1,45,19,26,16,11,5,0,45,4,0,-0.268,-0.6
NYN/NYN201907020,"Tuesday, July 2, 2019",7:11 p.m. Local,Citi Field,42150,3:11,Night,Home,New York Mets,NYM,New York Yankees,NYY,31,2,6,2,2.0,2,10,35,0.194,0.242,0.226,0.468,139,105,-0.207,1.67,0.432,,-2.4,24,10,8.0,1,62,14,29,16,7,3,0,53,3,2,-0.295,-0.1,33,4,11,4,3.38,3,5,36,0.333,0.389,0.485,0.874,166,83,0.295,1.01,1.275,,0.1,27,11,9.0,0,51,17,15,17,11,6,0,62,0,0,0.206,2.4
NYN/NYN201907030,"Wednesday, July 3, 2019",7:12 p.m. Local,Citi Field,43323,3:17,Night,Away,New York Yankees,NYY,New York Mets,NYM,36,5,10,5,5.0,4,11,40,0.278,0.35,0.528,0.878,137,103,0.166,0.77,0.694,,0.6,27,8,9.0,1,50,20,33,13,12,7,0,64,0,0,0.332,3.4,33,1,7,1,1.0,0,10,34,0.212,0.212,0.333,0.545,181,97,-0.333,0.73,0.227,,-3.4,27,10,9.0,2,53,23,21,13,11,4,0,46,2,0,-0.168,-0.6
NYN/NYN201907050,"Friday, July 5, 2019",7:10 p.m. Local,Citi Field,32546,3:15,Night,Away,Philadelphia Phillies,PHI,New York Mets,NYM,36,7,9,7,7.0,5,13,41,0.25,0.341,0.444,0.786,127,102,0.271,1.07,1.19,,2.6,27,5,9.0,1,58,24,20,10,13,4,0,50,0,0,0.229,2.4,33,2,7,2,2.0,1,7,35,0.212,0.257,0.333,0.59,156,85,-0.23,1.28,0.519,,-2.4,27,4,9.0,1,50,16,21,7,19,8,0,70,4,2,-0.271,-2.6
NYN/NYN201907060,"Saturday, July 6, 2019",8:01 p.m. Local,Citi Field,31350,3:22,Night,Home,New York Mets,NYM,Philadelphia Phillies,PHI,38,5,12,5,5.0,3,7,42,0.316,0.381,0.5,0.881,129,101,-0.123,1.28,1.166,,0.6,24,13,8.0,0,58,13,30,16,15,9,0,23,1,0,-0.378,-2.1,34,6,12,5,5.62,1,5,38,0.353,0.421,0.471,0.892,154,78,0.378,1.66,1.092,,2.1,27,11,9.0,2,54,8,18,13,16,9,0,37,2,1,0.121,-0.6
NYN/NYN201907070,"Sunday, July 7, 2019",1:10 p.m. Local,Citi Field,34247,3:20,Day,Away,Philadelphia Phillies,PHI,New York Mets,NYM,38,8,13,8,8.0,2,10,41,0.342,0.39,0.632,1.022,134,105,0.288,0.52,0.484,,3.6,27,10,9.0,2,64,10,31,8,20,8,0,65,2,0,0.211,1.4,33,3,5,3,2.0,4,6,37,0.152,0.243,0.364,0.607,166,91,-0.212,0.39,0.182,,-1.4,27,7,9.0,3,50,15,26,12,15,5,0,32,0,0,-0.289,-3.6
MIA/MIA201907120,"Friday, July 12, 2019",7:11 p.m. Local,Marlins Park,11856,2:57,Night,Home,Miami Marlins,MIA,New York Mets,NYM,31,4,5,4,4.0,5,11,36,0.161,0.278,0.258,0.536,130,94,-0.133,0.51,0.415,,-0.5,24,12,8.0,3,50,20,24,5,15,6,0,33,2,1,-0.367,-4.0,29,8,8,8,9.0,2,3,34,0.276,0.353,0.69,1.043,154,76,0.366,0.85,0.596,,4.0,27,5,9.0,1,47,8,22,11,16,6,0,59,0,0,0.134,0.5
MIA/MIA201907130,"Saturday, July 13, 2019",6:10 p.m. Local,Marlins Park,12963,3:05,Night,Away,New York Mets,NYM,Miami Marlins,MIA,33,4,8,4,4.0,6,12,39,0.242,0.359,0.455,0.814,132,103,0.132,1.23,0.859,,-0.5,27,10,9.0,0,51,28,24,6,15,5,0,68,0,0,0.366,2.5,33,2,6,2,2.0,0,12,34,0.182,0.206,0.273,0.479,161,88,-0.367,0.98,0.502,,-2.5,27,7,9.0,2,38,26,24,14,7,6,0,51,0,0,-0.134,0.5
MIA/MIA201907140,"Sunday, July 14, 2019",1:11 p.m. Local,Marlins Park,14780,3:16,Day,Away,New York Mets,NYM,Miami Marlins,MIA,38,6,12,6,6.0,2,7,43,0.316,0.372,0.526,0.898,164,102,0.219,1.22,0.705,,1.5,27,11,9.0,1,60,29,13,14,18,5,0,54,3,0,0.282,2.5,36,2,11,2,2.0,5,9,41,0.306,0.39,0.417,0.807,145,102,-0.282,0.86,0.587,,-2.5,27,6,9.0,2,53,18,31,14,13,6,0,42,0,0,-0.218,-1.5
MIN/MIN201907160,"Tuesday, July 16, 2019",7:11 p.m. Local,Target Field,28712,3:13,Night,Away,New York Mets,NYM,Minnesota Twins,MIN,32,3,7,2,1.0,2,5,35,0.219,0.257,0.25,0.507,163,76,-0.147,2.16,0.595,,-2.0,27,10,9.0,1,50,13,13,15,13,8,0,45,3,0,0.649,3.0,33,2,8,2,2.0,5,5,39,0.242,0.359,0.394,0.753,123,91,-0.645,1.0,0.929,,-3.0,27,14,9.0,0,58,18,17,11,17,9,0,55,1,0,0.146,2.0
MIN/MIN201907170,"Wednesday, July 17, 2019",12:47 p.m. Local,Target Field,35124,3:16,Day,Away,New York Mets,NYM,Minnesota Twins,MIN,45,14,17,11,7.0,2,8,48,0.378,0.417,0.756,1.172,136,118,0.442,0.77,1.198,,9.0,27,9,9.0,2,78,18,22,21,16,6,0,53,0,0,0.057,1.0,34,4,8,4,4.0,2,7,36,0.235,0.278,0.471,0.748,166,93,-0.057,0.95,0.52,,-1.0,27,14,9.0,3,59,10,24,9,18,9,0,59,0,0,-0.442,-9.0
SFN/SFN201907180,"Thursday, July 18, 2019",6:45 p.m. Local,Oracle Park,36862,4:47,Night,Home,San Francisco Giants,SFG,New York Mets,NYM,56,2,11,1,1.12,4,16,60,0.196,0.25,0.304,0.554,242,139,-1.078,1.99,1.241,,-5.9,45,14,15.0,0,78,29,32,20,20,9,0,68,0,0,0.578,2.6,56,3,14,3,1.8,4,18,62,0.25,0.306,0.375,0.681,211,166,-0.577,1.91,1.709,,-2.6,48,19,16.0,1,104,35,27,15,24,10,0,78,2,0,1.078,5.9
SFN/SFN201907190,"Friday, July 19, 2019",7:14 p.m. Local,Oracle Park,32861,2:51,Night,Home,San Francisco Giants,SFG,New York Mets,NYM,33,0,3,0,0.0,1,9,35,0.091,0.143,0.121,0.264,165,78,-0.82,1.69,0.183,,-5.0,29,6,9.2,0,41,19,18,11,13,5,0,78,0,0,0.321,3.7,31,1,3,0,0.0,7,13,39,0.097,0.263,0.129,0.392,113,100,-0.321,1.27,0.907,,-3.7,30,10,10.0,0,62,24,17,5,14,3,0,80,0,0,0.822,5.0
SFN/SFN201907200,"Saturday, July 20, 2019",1:06 p.m. Local,Oracle Park,33860,2:50,Day,Away,New York Mets,NYM,San Francisco Giants,SFG,42,11,17,11,11.0,1,10,44,0.405,0.432,0.738,1.17,114,112,0.276,0.62,0.652,,6.5,27,14,9.0,2,74,17,21,12,20,6,0,56,0,0,0.223,0.5,34,4,9,4,4.0,0,7,35,0.265,0.286,0.441,0.727,164,81,-0.227,0.49,0.233,,-0.5,27,7,9.0,4,46,12,23,12,15,7,0,46,0,0,-0.275,-6.5
SFN/SFN201907210,"Sunday, July 21, 2019",1:05 p.m. Local,Oracle Park,35406,3:28,Day,Home,San Francisco Giants,SFG,New York Mets,NYM,39,2,5,2,1.5,4,14,44,0.128,0.209,0.308,0.517,164,121,-0.864,1.64,0.546,,-4.0,34,12,11.1,1,69,23,29,11,15,5,0,57,2,0,0.363,2.7,40,3,7,3,2.38,3,10,44,0.175,0.25,0.3,0.55,186,107,-0.362,1.51,1.151,,-2.7,36,11,12.0,2,61,18,28,12,18,7,0,57,0,0,0.863,4.0
NYN/NYN201907230,"Tuesday, July 23, 2019",7:12 p.m. Local,Citi Field,33199,3:02,Night,Home,New York Mets,NYM,San Diego Padres,SDP,30,2,5,2,2.0,7,9,38,0.167,0.316,0.2,0.516,123,100,-0.424,0.59,0.406,,-2.4,24,6,8.0,3,53,18,29,9,13,3,0,47,1,0,-0.077,-1.1,31,5,8,5,5.62,3,4,35,0.258,0.343,0.548,0.891,171,83,0.077,1.05,0.437,,1.1,27,6,9.0,0,57,11,15,8,19,8,0,74,4,1,0.423,2.4
NYN/NYN201907240,"Wednesday, July 24, 2019",7:10 p.m. Local,Citi Field,32252,3:20,Night,Away,San Diego Padres,SDP,New York Mets,NYM,35,7,14,7,6.0,6,9,43,0.4,0.465,0.514,0.979,169,97,0.233,1.18,0.831,,2.6,27,8,9.0,0,48,16,33,13,15,7,0,51,0,0,0.265,2.4,31,2,5,2,2.0,5,13,36,0.161,0.278,0.258,0.536,145,107,-0.265,0.81,0.482,,-2.4,27,11,9.0,0,61,21,25,8,10,6,0,50,3,1,-0.236,-2.6
NYN/NYN201907250,"Thursday, July 25, 2019",12:10 p.m. Local,Citi Field,37822,2:49,Day,Home,New York Mets,NYM,San Diego Padres,SDP,33,0,6,0,0.0,1,13,34,0.182,0.206,0.182,0.388,134,93,-0.277,0.34,0.094,,-4.4,24,10,8.0,0,50,23,20,9,11,6,0,27,2,0,-0.225,-0.1,34,4,12,4,4.5,6,6,42,0.353,0.452,0.412,0.864,140,82,0.224,0.5,0.403,,0.1,27,7,9.0,0,53,10,19,16,13,7,0,77,1,0,0.276,4.4
NYN/NYN201907260,"Friday, July 26, 2019",7:11 p.m. Local,Citi Field,33776,2:21,Night,Home,New York Mets,NYM,Pittsburgh Pirates,PIT,34,3,7,3,3.0,1,10,35,0.206,0.229,0.324,0.552,108,81,-0.141,0.53,0.613,,-1.4,24,6,8.0,4,50,13,18,9,15,5,0,41,0,0,-0.36,-2.1,30,6,6,6,6.75,0,4,31,0.2,0.226,0.667,0.892,117,78,0.36,1.11,0.615,,2.1,27,7,9.0,1,50,7,21,6,20,2,0,53,1,0,0.14,1.4
NYN/NYN201907270,"Saturday, July 27, 2019",7:11 p.m. Local,Citi Field,39944,2:10,Night,Home,New York Mets,NYM,Pittsburgh Pirates,PIT,31,0,5,0,0.0,0,7,31,0.161,0.161,0.226,0.387,115,67,-0.519,0.75,0.337,,-4.4,24,7,8.0,2,41,7,19,14,10,4,0,66,0,0,0.018,0.9,28,3,3,3,2.25,2,8,30,0.107,0.167,0.357,0.524,99,77,-0.019,1.1,0.415,,-0.9,27,15,9.0,0,41,21,15,7,13,2,0,84,,,0.518,4.4
NYN/NYN201907280,"Sunday, July 28, 2019",1:12 p.m. Local,Citi Field,32976,3:21,Day,Home,New York Mets,NYM,Pittsburgh Pirates,PIT,37,7,9,6,7.0,5,8,42,0.243,0.333,0.514,0.847,153,102,-0.116,0.37,0.369,,2.6,24,6,8.0,1,55,21,26,12,17,4,0,35,0,0,-0.384,-4.1,32,8,8,7,5.62,5,7,40,0.25,0.375,0.375,0.75,166,96,0.384,0.63,0.504,,4.1,27,5,9.0,3,53,16,27,10,16,5,0,47,2,1,0.117,-2.6
CHA/CHA201907300,"Tuesday, July 30, 2019",7:12 p.m. Local,Guaranteed Rate Field,15947,3:51,Night,Away,New York Mets,NYM,Chicago White Sox,CHW,43,5,12,5,4.09,4,8,49,0.279,0.354,0.442,0.796,158,118,0.083,2.33,1.013,,-0.9,33,12,11.0,0,77,18,23,19,17,10,0,76,5,0,0.417,3.9,37,2,6,1,0.82,3,15,42,0.162,0.238,0.189,0.427,187,103,-0.416,1.2,1.336,,-3.9,33,17,11.0,2,55,29,19,16,7,3,0,50,1,1,-0.084,0.9
CHA/CHA201907310,"Wednesday, July 31, 2019",7:11 p.m. Local,Guaranteed Rate Field,25812,3:27,Night,Away,New York Mets,NYM,Chicago White Sox,CHW,34,4,6,4,1.0,5,11,39,0.176,0.282,0.206,0.488,159,90,0.038,1.54,1.028,,-0.8,27,6,9.0,1,53,19,18,9,14,5,0,72,0,0,0.462,2.8,34,2,8,2,2.0,3,15,38,0.235,0.289,0.353,0.642,144,103,-0.462,1.51,0.511,,-2.8,27,8,9.0,0,52,26,25,8,12,6,0,73,2,0,-0.038,0.8
CHA/CHA201908010,"Thursday, August 1, 2019",1:11 p.m. Local,Guaranteed Rate Field,23477,2:32,Day,Away,New York Mets,NYM,Chicago White Sox,CHW,32,4,8,4,4.0,3,7,35,0.25,0.314,0.375,0.689,115,82,0.06,0.75,0.55,,-0.8,27,11,9.0,0,51,13,18,13,12,7,0,76,0,0,0.44,4.8,30,0,4,0,0.0,1,8,31,0.133,0.161,0.133,0.295,140,78,-0.44,0.72,0.11,,-4.8,27,13,9.0,1,38,20,20,13,9,4,0,51,0,0,-0.061,0.8
PIT/PIT201908020,"Friday, August 2, 2019",7:07 p.m. Local,PNC Park,24311,3:11,Night,Home,Pittsburgh Pirates,PIT,New York Mets,NYM,35,4,9,3,3.0,3,6,39,0.257,0.316,0.343,0.659,151,102,-0.003,0.75,0.625,,-0.6,24,7,8.0,1,61,16,25,15,15,9,0,32,1,0,-0.497,-3.9,32,8,10,8,9.0,6,6,39,0.312,0.421,0.438,0.859,155,86,0.497,0.91,0.84,,3.9,27,13,9.0,0,51,12,23,11,16,6,0,47,1,1,0.003,0.6
PIT/PIT201908030,"Saturday, August 3, 2019",7:07 p.m. Local,PNC Park,37335,3:21,Night,Away,New York Mets,NYM,Pittsburgh Pirates,PIT,38,7,11,7,4.0,3,10,42,0.289,0.357,0.553,0.91,163,105,0.359,1.19,1.287,,2.4,27,11,9.0,1,59,23,23,15,13,7,0,38,5,1,0.143,-0.4,35,5,10,5,5.0,5,9,41,0.286,0.39,0.4,0.79,148,97,-0.143,1.34,0.748,,0.4,27,9,9.0,2,54,17,26,10,16,11,0,62,1,0,-0.358,-2.4
PIT/PIT201908040,"Sunday, August 4, 2019",1:37 p.m. Local,PNC Park,22716,2:51,Day,Away,New York Mets,NYM,Pittsburgh Pirates,PIT,43,13,16,11,11.0,2,11,46,0.372,0.413,0.721,1.134,110,107,0.369,0.28,0.5,,8.4,27,13,9.0,1,58,23,26,15,17,8,0,69,0,0,0.13,2.6,31,2,4,2,2.0,1,5,32,0.129,0.156,0.258,0.414,151,80,-0.129,0.23,0.052,,-2.6,27,9,9.0,3,49,14,17,16,10,1,0,13,1,0,-0.37,-8.4
NYN/NYN201908051,"Monday, August 5, 2019",4:10 p.m. Local,Citi Field,,2:51,Day,Home,New York Mets,NYM,Miami Marlins,MIA,32,2,6,2,2.0,2,12,35,0.188,0.257,0.375,0.632,133,94,-0.215,0.58,0.391,,-2.4,24,4,8.0,2,52,21,21,7,13,5,0,32,0,0,-0.287,-2.1,29,6,6,6,6.75,6,8,38,0.207,0.368,0.414,0.782,135,84,0.287,0.81,0.59,,2.1,27,7,9.0,1,49,19,16,7,15,7,0,66,0,0,0.213,2.4
NYN/NYN201908052,"Monday, August 5, 2019",7:36 p.m. Local,Citi Field,29645,3:09,Night,Home,New York Mets,NYM,Miami Marlins,MIA,33,4,9,4,4.0,3,8,36,0.273,0.333,0.485,0.818,162,88,-0.083,1.2,0.857,,-0.4,24,6,8.0,3,46,11,31,10,15,8,0,54,0,0,-0.417,-1.1,31,5,8,5,5.62,3,8,35,0.258,0.343,0.581,0.924,134,104,0.417,1.25,1.154,,1.1,27,11,9.0,1,63,17,24,8,15,4,0,34,2,2,0.082,0.4
NYN/NYN201908060,"Tuesday, August 6, 2019",7:10 p.m. Local,Citi Field,27479,2:38,Night,Home,New York Mets,NYM,Miami Marlins,MIA,33,0,9,0,0.0,1,5,35,0.273,0.314,0.333,0.648,136,79,-0.275,0.51,0.282,,-4.4,24,7,8.0,2,46,10,23,21,7,5,0,37,0,0,-0.226,-1.1,31,5,8,5,5.62,3,8,34,0.258,0.324,0.548,0.872,113,92,0.227,0.73,0.479,,1.1,27,18,9.0,0,56,22,14,8,15,5,0,70,0,0,0.274,4.4
NYN/NYN201908070,"Wednesday, August 7, 2019",12:10 p.m. Local,Citi Field,26349,2:26,Day,Home,New York Mets,NYM,Miami Marlins,MIA,32,2,8,2,2.0,3,9,35,0.25,0.314,0.375,0.689,116,94,-0.214,0.43,0.402,,-2.4,24,6,8.0,4,55,19,20,12,11,7,0,51,0,0,-0.285,-3.1,34,7,10,7,7.88,1,8,36,0.294,0.333,0.676,1.01,137,83,0.284,0.88,0.536,,3.1,27,12,9.0,1,56,15,12,5,21,12,0,57,1,0,0.215,2.4
NYN/NYN201908090,"Friday, August 9, 2019",7:11 p.m. Local,Citi Field,39602,3:20,Night,Home,New York Mets,NYM,Washington Nationals,WSN,38,6,13,5,6.0,3,14,41,0.342,0.39,0.579,0.969,139,104,0.299,1.5,1.164,,1.6,26,9,8.2,3,50,25,29,13,11,6,0,61,0,0,-0.798,-3.0,37,7,11,7,7.27,2,7,39,0.297,0.333,0.595,0.928,164,94,0.797,1.11,1.756,,3.0,27,11,9.0,2,64,12,18,13,17,8,0,44,3,2,-0.298,-1.6
NYN/NYN201908100,"Saturday, August 10, 2019",7:11 p.m. Local,Citi Field,43875,2:34,Night,Home,New York Mets,NYM,Washington Nationals,WSN,33,3,8,3,3.0,2,8,35,0.242,0.286,0.424,0.71,126,84,-0.142,1.24,0.701,,-1.4,24,9,8.0,3,47,10,27,11,14,5,0,65,2,1,-0.359,-0.1,29,4,5,4,3.38,2,9,32,0.172,0.219,0.483,0.702,129,86,0.358,1.07,0.864,,0.1,27,9,9.0,2,44,19,23,12,9,2,0,58,0,0,0.141,1.4
NYN/NYN201908110,"Sunday, August 11, 2019",1:10 p.m. Local,Citi Field,41000,3:35,Day,Away,Washington Nationals,WSN,New York Mets,NYM,37,7,10,4,4.0,3,15,41,0.27,0.341,0.378,0.72,155,115,0.32,1.55,1.129,,2.6,27,7,9.0,0,61,22,32,8,14,9,0,43,4,1,0.18,0.4,35,4,9,4,4.0,2,8,39,0.257,0.308,0.343,0.651,176,97,-0.18,1.33,0.861,,-0.4,27,6,9.0,1,67,16,14,10,18,8,0,59,4,2,-0.32,-2.6
ATL/ATL201908130,"Tuesday, August 13, 2019",7:22 p.m. Local,SunTrust Park,27627,3:18,Night,Home,Atlanta Braves,ATL,New York Mets,NYM,35,3,10,3,3.0,3,8,39,0.286,0.359,0.343,0.702,138,97,-0.306,0.7,0.419,,-2.0,24,12,8.0,1,64,12,21,13,14,9,0,23,2,0,-0.194,-0.6,35,5,13,5,5.62,2,4,38,0.371,0.421,0.514,0.935,150,87,0.194,0.94,0.622,,0.6,27,11,9.0,0,55,15,17,14,17,7,0,57,3,2,0.304,2.0
ATL/ATL201908140,"Wednesday, August 14, 2019",8:32 p.m. Local,SunTrust Park,23582,3:15,Night,Home,Atlanta Braves,ATL,New York Mets,NYM,38,4,12,4,4.0,2,10,41,0.316,0.366,0.342,0.708,136,100,-0.122,1.03,1.02,,-1.0,24,7,8.0,0,52,22,26,14,14,6,0,68,2,1,-0.377,-1.6,31,6,8,6,6.75,4,7,35,0.258,0.343,0.29,0.633,157,81,0.377,1.52,0.796,,1.6,27,9,9.0,0,49,15,17,9,15,11,0,67,4,1,0.122,1.0
ATL/ATL201908150,"Thursday, August 15, 2019",7:22 p.m. Local,SunTrust Park,25424,3:33,Night,Away,New York Mets,NYM,Atlanta Braves,ATL,46,10,23,10,10.0,4,6,51,0.5,0.54,0.717,1.257,159,115,0.403,0.45,0.603,,5.0,27,8,9.0,6,83,19,13,18,23,14,0,51,0,0,0.095,-3.0,37,8,11,8,7.0,5,8,42,0.297,0.381,0.784,1.165,180,97,-0.095,0.35,0.264,,3.0,27,11,9.0,2,57,18,22,10,19,8,0,13,4,1,-0.404,-5.0
KCA/KCA201908160,"Friday, August 16, 2019",7:16 p.m. Local,Kauffman Stadium,21439,3:01,Night,Home,Kansas City Royals,KCR,New York Mets,NYM,33,1,8,1,0.0,3,6,37,0.242,0.324,0.242,0.567,134,85,-0.508,0.98,0.602,,-4.0,24,11,8.0,0,49,13,23,17,10,3,0,58,3,2,0.009,0.5,31,4,8,4,4.5,4,8,35,0.258,0.343,0.387,0.73,133,87,-0.009,1.39,0.62,,-0.5,27,12,9.0,0,55,15,17,12,11,6,0,61,1,0,0.508,4.0
KCA/KCA201908170,"Saturday, August 17, 2019",6:16 p.m. Local,Kauffman Stadium,28697,2:35,Night,Away,New York Mets,NYM,Kansas City Royals,KCR,36,4,11,4,4.0,3,9,41,0.306,0.39,0.389,0.779,133,86,0.064,1.18,0.956,,-1.0,27,10,9.0,0,45,18,23,15,12,8,0,70,0,0,0.437,4.0,30,1,4,1,1.0,2,6,32,0.133,0.188,0.133,0.321,131,82,-0.438,1.24,0.414,,-4.0,27,11,9.0,0,45,19,18,11,13,7,0,52,5,2,-0.064,1.0
KCA/KCA201908180,"Sunday, August 18, 2019",1:16 p.m. Local,Kauffman Stadium,20661,3:01,Day,Away,New York Mets,NYM,Kansas City Royals,KCR,39,11,16,11,11.0,2,6,42,0.41,0.439,0.744,1.183,148,101,0.649,0.97,1.133,,6.0,27,11,9.0,0,65,15,21,15,19,10,0,46,0,0,-0.149,0.0,32,5,6,5,4.0,1,6,36,0.188,0.206,0.25,0.456,154,96,0.149,0.88,0.558,,-0.0,27,11,9.0,2,67,10,18,13,15,6,0,51,3,1,-0.65,-6.0
NYN/NYN201908200,"Tuesday, August 20, 2019",7:10 p.m. Local,Citi Field,33800,2:41,Night,Home,New York Mets,NYM,Cleveland Indians,CLE,34,2,6,2,1.0,2,12,36,0.176,0.222,0.324,0.546,134,79,-0.187,0.64,0.51,,-2.4,24,7,8.0,2,41,11,27,10,12,6,0,58,2,2,-0.312,-5.1,34,9,9,9,7.88,3,8,37,0.265,0.324,0.5,0.824,129,94,0.311,1.04,0.724,,5.1,27,6,9.0,1,59,14,21,11,15,4,0,62,2,0,0.189,2.4
NYN/NYN201908210,"Wednesday, August 21, 2019",7:16 p.m. Local,Citi Field,28349,3:22,Night,Home,New York Mets,NYM,Cleveland Indians,CLE,37,3,9,3,2.7,2,7,40,0.243,0.282,0.405,0.687,159,96,-0.059,1.88,1.091,,-1.9,29,7,9.2,0,56,11,29,16,15,6,0,60,1,0,-0.44,0.4,37,4,9,4,3.72,4,8,42,0.243,0.317,0.324,0.641,144,106,0.439,1.52,1.441,,-0.4,30,13,10.0,1,64,17,25,9,21,7,0,48,0,0,0.06,1.9
NYN/NYN201908220,"Thursday, August 22, 2019",7:11 p.m. Local,Citi Field,30998,2:08,Night,Home,New York Mets,NYM,Cleveland Indians,CLE,26,0,2,0,0.0,1,7,27,0.077,0.111,0.077,0.188,101,66,-0.477,0.69,0.083,,-3.9,21,8,7.0,0,37,11,18,8,11,3,0,56,1,0,0.002,0.1,26,2,5,2,2.57,1,3,28,0.192,0.25,0.269,0.519,102,63,-0.001,0.91,0.38,,-0.1,24,6,8.0,0,42,5,16,10,13,7,0,73,0,0,0.477,3.9
NYN/NYN201908230,"Friday, August 23, 2019",7:10 p.m. Local,Citi Field,31437,4:37,Night,Away,Atlanta Braves,ATL,New York Mets,NYM,49,2,8,2,1.29,5,26,56,0.163,0.255,0.184,0.438,219,142,-0.725,1.99,1.196,,-4.8,42,14,14.0,1,59,48,35,11,13,6,0,74,0,0,1.225,5.8,47,1,6,1,0.64,4,14,52,0.128,0.212,0.213,0.424,220,141,-1.224,1.81,0.83,,-5.8,42,3,14.0,0,79,22,40,18,15,6,0,77,0,0,0.726,4.8
NYN/NYN201908240,"Saturday, August 24, 2019",7:10 p.m. Local,Citi Field,38300,3:14,Night,Away,Atlanta Braves,ATL,New York Mets,NYM,37,9,11,8,9.0,6,6,44,0.297,0.395,0.622,1.017,144,96,0.596,1.14,1.156,,4.6,27,11,9.0,1,59,16,21,10,21,9,1,38,0,0,-0.095,-0.6,37,5,11,5,5.0,0,8,37,0.297,0.297,0.459,0.757,166,97,0.095,0.91,0.905,,0.6,27,10,9.0,3,55,17,25,17,12,5,0,39,1,1,-0.594,-4.6
NYN/NYN201908250,"Sunday, August 25, 2019",1:11 p.m. Local,Citi Field,30170,2:45,Day,Away,Atlanta Braves,ATL,New York Mets,NYM,30,2,3,2,2.0,2,12,32,0.1,0.156,0.333,0.49,146,98,-0.141,1.79,0.309,,-2.4,27,16,9.0,0,51,19,28,7,11,4,0,73,0,0,0.64,3.4,31,1,7,1,1.0,3,7,35,0.226,0.314,0.258,0.572,146,91,-0.641,0.65,0.62,,-3.4,27,7,9.0,2,46,19,26,16,8,5,0,69,0,0,0.14,2.4
NYN/NYN201908270,"Tuesday, August 27, 2019",7:12 p.m. Local,Citi Field,34158,2:54,Night,Away,Chicago Cubs,CHC,New York Mets,NYM,35,5,11,5,5.0,2,10,37,0.314,0.351,0.629,0.98,119,91,0.208,0.85,0.607,,0.6,27,13,9.0,2,47,18,26,14,11,7,0,74,0,0,0.291,2.4,32,2,6,2,2.0,1,7,34,0.188,0.212,0.438,0.65,146,82,-0.292,0.64,0.337,,-2.4,27,15,9.0,2,52,12,18,15,11,4,0,49,0,0,-0.208,-0.6
NYN/NYN201908280,"Wednesday, August 28, 2019",7:22 p.m. Local,Citi Field,33987,3:24,Night,Away,Chicago Cubs,CHC,New York Mets,NYM,38,10,12,9,9.0,2,13,42,0.316,0.366,0.605,0.971,164,103,0.441,0.79,0.54,,5.6,27,11,9.0,2,53,27,24,10,16,6,0,26,5,1,0.061,-2.6,40,7,14,7,6.0,3,6,45,0.35,0.422,0.575,0.997,153,105,-0.063,0.3,0.561,,2.6,27,7,9.0,3,69,16,20,13,21,11,0,7,0,0,-0.439,-5.6
NYN/NYN201908290,"Thursday, August 29, 2019",7:10 p.m. Local,Citi Field,38389,2:35,Night,Away,Chicago Cubs,CHC,New York Mets,NYM,32,4,6,4,4.0,1,10,33,0.188,0.212,0.375,0.587,136,88,0.114,0.85,0.565,,-0.4,27,6,9.0,1,55,12,21,10,12,3,0,59,0,0,0.385,3.4,32,1,5,1,1.0,3,7,35,0.156,0.229,0.281,0.51,127,83,-0.385,0.76,0.251,,-3.4,27,4,9.0,2,51,16,16,7,18,9,0,58,0,0,-0.115,0.4
PHI/PHI201908300,"Friday, August 30, 2019",7:07 p.m. Local,Citizens Bank Park,30503,3:28,Night,Away,New York Mets,NYM,Philadelphia Phillies,PHI,39,11,12,11,11.0,4,9,44,0.308,0.386,0.59,0.976,145,97,0.206,0.94,1.092,,6.1,27,10,9.0,0,51,21,25,12,18,9,0,55,0,0,0.293,-0.1,34,5,12,5,5.0,4,7,41,0.353,0.4,0.471,0.871,158,102,-0.292,1.38,0.417,,0.1,27,8,9.0,3,67,12,23,11,19,15,0,66,5,2,-0.206,-6.1
PHI/PHI201908310,"Saturday, August 31, 2019",4:06 p.m. Local,Citizens Bank Park,40690,3:41,Day,Away,New York Mets,NYM,Philadelphia Phillies,PHI,41,6,13,6,6.0,3,6,45,0.317,0.378,0.415,0.792,156,117,0.185,1.35,0.86,,1.1,27,8,9.0,1,73,18,26,15,20,13,0,48,4,1,0.315,1.9,36,3,9,3,2.0,2,12,38,0.25,0.289,0.417,0.706,182,107,-0.317,0.96,0.758,,-1.9,27,9,9.0,0,63,17,27,9,15,6,0,23,2,0,-0.183,-1.1
PHI/PHI201909010,"Sunday, September 1, 2019",7:07 p.m. Local,Citizens Bank Park,33492,2:52,Night,Home,Philadelphia Phillies,PHI,New York Mets,NYM,29,2,4,1,2.0,3,5,33,0.138,0.219,0.276,0.495,130,79,-0.283,1.23,0.615,,-2.9,24,8,8.0,1,42,16,21,14,11,5,0,54,3,1,-0.215,-0.7,32,5,9,5,5.62,4,7,36,0.281,0.361,0.5,0.861,118,86,0.217,1.43,0.801,,0.7,27,13,9.0,1,46,18,22,10,15,10,0,69,2,1,0.284,2.9
WAS/WAS201909020,"Monday, September 2, 2019",1:06 p.m. Local,Nationals Park,25329,3:08,Day,Away,New York Mets,NYM,Washington Nationals,WSN,38,7,11,7,7.0,5,12,43,0.289,0.372,0.447,0.819,123,107,0.28,0.37,0.611,,1.9,27,7,9.0,1,64,21,22,12,14,7,0,81,0,0,0.22,2.1,32,3,5,3,3.0,1,12,33,0.156,0.182,0.281,0.463,170,84,-0.221,0.5,0.064,,-2.1,27,7,9.0,1,48,18,18,9,11,5,0,18,1,1,-0.28,-1.9
WAS/WAS201909030,"Tuesday, September 3, 2019",7:06 p.m. Local,Nationals Park,20759,3:17,Night,Home,Washington Nationals,WSN,New York Mets,NYM,35,10,11,10,6.0,3,7,39,0.314,0.359,0.714,1.073,142,100,0.342,1.3,0.78,,4.9,25,9,8.1,2,61,18,22,10,19,8,0,48,5,3,-0.842,-6.2,37,11,15,11,11.88,3,6,42,0.405,0.463,0.703,1.166,147,91,0.841,0.69,1.739,,6.2,27,11,9.0,4,53,15,23,11,21,10,0,52,1,1,-0.342,-4.9
WAS/WAS201909040,"Wednesday, September 4, 2019",1:07 p.m. Local,Nationals Park,20237,3:24,Day,Away,New York Mets,NYM,Washington Nationals,WSN,37,8,13,7,8.0,6,2,43,0.351,0.442,0.649,1.091,170,87,0.281,0.94,0.718,,2.9,27,6,9.0,0,62,10,15,17,18,7,0,50,1,0,0.218,1.1,38,4,11,4,4.0,5,6,43,0.289,0.372,0.342,0.714,143,109,-0.218,0.62,0.518,,-1.1,27,13,9.0,3,64,15,30,12,20,11,0,22,1,1,-0.281,-2.9
NYN/NYN201909060,"Friday, September 6, 2019",7:10 p.m. Local,Citi Field,28107,3:32,Night,Home,New York Mets,NYM,Philadelphia Phillies,PHI,35,4,9,4,4.0,4,11,40,0.257,0.35,0.457,0.807,159,114,0.028,1.44,1.088,,-0.4,26,11,8.2,1,53,28,33,11,13,7,0,53,4,3,-0.528,-1.4,32,5,10,5,5.19,3,9,38,0.312,0.389,0.406,0.795,177,101,0.527,1.52,1.159,,1.4,27,9,9.0,1,63,16,22,13,12,6,0,50,5,0,-0.027,0.4
NYN/NYN201909070,"Saturday, September 7, 2019",7:11 p.m. Local,Citi Field,28848,2:59,Night,Away,Philadelphia Phillies,PHI,New York Mets,NYM,39,5,11,5,4.0,0,11,39,0.282,0.282,0.385,0.667,136,99,0.222,0.9,0.624,,0.6,27,9,9.0,0,56,16,27,9,19,8,0,71,0,0,0.278,4.4,33,0,6,0,0.0,3,7,36,0.182,0.25,0.212,0.462,146,88,-0.279,0.7,0.324,,-4.4,27,5,9.0,1,47,18,23,13,13,8,0,30,0,0,-0.222,-0.6
NYN/NYN201909080,"Sunday, September 8, 2019",1:11 p.m. Local,Citi Field,30264,4:29,Day,Away,Philadelphia Phillies,PHI,New York Mets,NYM,38,10,13,10,10.0,4,10,44,0.342,0.395,0.658,1.053,207,128,0.785,1.45,1.296,,5.6,27,8,9.0,2,78,23,27,10,20,8,0,36,6,1,-0.286,-2.6,39,7,14,7,7.0,7,11,48,0.359,0.458,0.538,0.997,183,135,0.287,0.94,1.281,,2.6,27,11,9.0,3,97,14,24,12,17,10,0,43,4,1,-0.786,-5.6
NYN/NYN201909090,"Monday, September 9, 2019",7:10 p.m. Local,Citi Field,21337,2:45,Night,Home,New York Mets,NYM,Arizona Diamondbacks,ARI,29,1,3,1,1.0,1,15,30,0.103,0.133,0.207,0.34,122,87,-0.448,0.69,0.208,,-3.4,24,13,8.0,2,38,24,25,9,5,0,0,49,2,0,-0.053,0.9,29,3,9,3,3.38,2,7,32,0.31,0.375,0.586,0.961,129,78,0.053,0.94,0.5,,-0.9,27,10,9.0,1,52,12,14,12,10,6,0,77,0,0,0.447,3.4
NYN/NYN201909100,"Tuesday, September 10, 2019",7:10 p.m. Local,Citi Field,20843,3:02,Night,Home,New York Mets,NYM,Arizona Diamondbacks,ARI,35,2,10,2,2.0,3,8,38,0.286,0.342,0.4,0.742,115,98,-0.458,0.83,0.761,,-2.4,24,7,8.0,0,57,19,22,16,11,3,0,57,0,0,-0.042,0.9,29,3,5,3,3.38,2,12,31,0.172,0.226,0.31,0.536,147,81,0.043,1.62,0.521,,-0.9,27,10,9.0,1,42,21,18,9,8,4,0,64,0,0,0.458,2.4
NYN/NYN201909110,"Wednesday, September 11, 2019",7:11 p.m. Local,Citi Field,21841,3:06,Night,Home,New York Mets,NYM,Arizona Diamondbacks,ARI,33,0,7,0,0.0,4,9,38,0.212,0.316,0.273,0.589,141,105,-0.118,0.27,0.189,,-4.4,24,8,8.0,5,59,21,25,11,13,8,0,23,1,0,-0.382,-5.1,34,9,11,9,10.12,4,5,39,0.324,0.41,0.882,1.293,163,88,0.379,0.39,0.46,,5.1,27,7,9.0,0,56,10,22,9,20,9,0,68,0,0,0.119,4.4
NYN/NYN201909120,"Thursday, September 12, 2019",1:10 p.m. Local,Citi Field,21856,3:25,Day,Home,New York Mets,NYM,Arizona Diamondbacks,ARI,31,1,4,1,1.0,5,7,37,0.129,0.27,0.194,0.464,164,87,-0.185,0.4,0.108,,-3.4,24,9,8.0,6,45,17,25,15,9,7,0,35,2,1,-0.314,-7.1,35,11,11,11,6.75,3,7,38,0.314,0.368,0.829,1.197,142,103,0.314,0.38,0.493,,7.1,27,9,9.0,0,64,17,22,12,16,9,0,63,5,0,0.186,3.4
NYN/NYN201909130,"Friday, September 13, 2019",7:11 p.m. Local,Citi Field,36097,3:22,Night,Away,Los Angeles Dodgers,LAD,New York Mets,NYM,38,9,11,9,9.0,3,6,41,0.289,0.341,0.474,0.815,151,110,0.31,0.62,0.641,,4.6,27,9,9.0,1,72,16,22,18,14,8,0,59,3,1,0.188,2.4,32,2,5,2,2.0,4,6,36,0.156,0.25,0.25,0.5,174,93,-0.189,0.56,0.25,,-2.4,27,10,9.0,2,53,17,23,15,11,4,0,43,1,1,-0.311,-4.6
NYN/NYN201909140,"Saturday, September 14, 2019",7:10 p.m. Local,Citi Field,39264,2:40,Night,Home,New York Mets,NYM,Los Angeles Dodgers,LAD,30,0,3,0,0.0,0,12,31,0.1,0.129,0.1,0.229,120,83,-0.574,1.19,0.113,,-4.4,24,9,8.0,0,39,18,26,12,6,3,0,79,1,1,0.074,0.9,27,3,3,3,3.38,1,9,30,0.111,0.2,0.148,0.348,130,79,-0.074,1.06,0.497,,-0.9,27,10,9.0,0,48,15,16,9,9,5,0,79,0,0,0.575,4.4
NYN/NYN201909150,"Sunday, September 15, 2019",7:07 p.m. Local,Citi Field,31521,3:12,Night,Away,Los Angeles Dodgers,LAD,New York Mets,NYM,36,3,9,3,3.0,2,13,38,0.25,0.289,0.361,0.651,128,91,0.106,1.15,1.35,,-1.4,27,11,9.0,0,45,20,26,7,16,6,0,54,0,0,0.394,2.4,29,2,3,2,2.0,3,5,33,0.103,0.212,0.172,0.385,140,96,-0.393,1.9,0.393,,-2.4,27,6,9.0,0,62,15,19,12,12,4,0,70,2,0,-0.106,1.4
COL/COL201909160,"Monday, September 16, 2019",6:42 p.m. Local,Coors Field,28505,3:09,Night,Home,Colorado Rockies,COL,New York Mets,NYM,36,4,9,4,4.0,3,9,39,0.25,0.308,0.472,0.78,148,96,-0.041,0.75,0.627,,-1.6,24,8,8.0,2,53,17,26,13,14,7,0,24,2,1,-0.459,-4.0,37,9,13,9,10.12,3,5,40,0.351,0.4,0.541,0.941,152,96,0.46,0.84,0.863,,4.0,27,10,9.0,2,62,11,23,14,18,7,0,43,0,0,0.041,1.6
COL/COL201909170,"Tuesday, September 17, 2019",6:40 p.m. Local,Coors Field,33118,2:50,Night,Away,New York Mets,NYM,Colorado Rockies,COL,33,6,11,6,6.0,3,4,36,0.333,0.389,0.636,1.025,130,81,0.069,0.74,0.549,,0.4,27,8,9.0,1,50,13,18,15,14,5,0,75,0,0,0.431,4.6,31,1,6,1,1.0,1,8,32,0.194,0.219,0.323,0.541,133,83,-0.43,0.62,0.157,,-4.6,27,16,9.0,3,48,14,21,10,13,6,0,42,1,0,-0.07,-0.4
COL/COL201909180,"Wednesday, September 18, 2019",1:11 p.m. Local,Coors Field,30174,3:43,Day,Away,New York Mets,NYM,Colorado Rockies,COL,35,7,10,6,6.0,6,4,42,0.286,0.405,0.486,0.89,160,100,0.467,0.95,1.46,,1.4,27,7,9.0,2,65,12,23,16,15,8,0,37,2,0,0.032,1.6,36,4,11,4,4.0,2,11,39,0.306,0.333,0.472,0.806,163,107,-0.032,1.71,0.692,,-1.6,27,14,9.0,2,63,12,32,10,16,8,0,52,10,4,-0.468,-1.4
CIN/CIN201909200,"Friday, September 20, 2019",7:11 p.m. Local,Great American Ball Park,20576,3:06,Night,Away,New York Mets,NYM,Cincinnati Reds,CIN,37,8,10,8,8.0,6,9,43,0.27,0.372,0.568,0.94,137,109,0.044,0.79,0.554,,3.1,27,9,9.0,1,62,29,18,15,13,7,0,78,3,0,0.458,3.9,33,1,7,1,1.0,1,11,34,0.212,0.235,0.303,0.538,167,93,-0.459,0.58,0.173,,-3.9,27,11,9.0,3,55,18,20,9,13,4,0,63,0,0,-0.041,-3.1
CIN/CIN201909210,"Saturday, September 21, 2019",4:12 p.m. Local,Great American Ball Park,30487,2:48,Day,Home,Cincinnati Reds,CIN,New York Mets,NYM,30,2,3,2,1.0,1,12,33,0.1,0.156,0.133,0.29,136,86,-0.514,1.41,0.446,,-2.9,24,5,8.0,0,52,17,17,10,9,3,0,62,2,1,0.015,1.4,33,3,9,3,2.25,2,8,36,0.273,0.333,0.303,0.636,122,89,-0.014,1.51,0.86,,-1.4,27,8,9.0,0,48,17,24,8,17,6,0,66,0,0,0.514,2.9
CIN/CIN201909220,"Sunday, September 22, 2019",1:11 p.m. Local,Great American Ball Park,21335,3:08,Day,Away,New York Mets,NYM,Cincinnati Reds,CIN,36,6,9,6,6.0,2,9,40,0.25,0.325,0.639,0.964,161,94,0.217,1.08,0.541,,1.1,27,9,9.0,2,57,17,20,13,14,5,0,49,3,0,0.283,1.9,32,3,6,3,3.0,6,8,39,0.188,0.308,0.375,0.683,140,99,-0.283,0.47,0.488,,-1.9,27,8,9.0,3,54,12,33,14,11,4,0,53,0,0,-0.216,-1.1
NYN/NYN201909230,"Monday, September 23, 2019",7:10 p.m. Local,Citi Field,21189,3:25,Night,Away,Miami Marlins,MIA,New York Mets,NYM,37,8,13,8,8.0,2,6,40,0.351,0.385,0.541,0.925,168,91,0.288,0.91,0.637,,3.6,27,4,9.0,1,57,11,23,21,11,5,0,41,2,0,0.21,0.4,36,4,9,4,4.0,6,7,42,0.25,0.357,0.361,0.718,138,101,-0.21,0.61,0.469,,-0.4,27,15,9.0,2,64,16,21,8,21,8,0,28,4,2,-0.29,-3.6
NYN/NYN201909240,"Tuesday, September 24, 2019",7:11 p.m. Local,Citi Field,21766,3:51,Night,Home,New York Mets,NYM,Miami Marlins,MIA,43,4,11,4,3.27,3,15,46,0.256,0.304,0.395,0.7,172,120,-0.148,1.64,0.651,,-1.4,31,9,10.1,2,69,19,34,13,15,7,0,63,1,1,-0.351,-1.2,41,5,9,5,4.35,4,9,46,0.22,0.304,0.39,0.695,187,115,0.35,0.82,1.492,,1.2,33,9,11.0,1,73,22,20,15,17,10,0,38,2,0,0.149,1.4
NYN/NYN201909250,"Wednesday, September 25, 2019",7:10 p.m. Local,Citi Field,21471,2:48,Night,Home,New York Mets,NYM,Miami Marlins,MIA,31,3,4,3,0.0,2,10,33,0.129,0.182,0.258,0.44,146,80,-0.111,0.26,0.045,,-1.4,24,6,8.0,1,43,21,16,11,10,3,0,19,1,1,-0.388,-6.1,34,10,12,10,10.12,4,10,41,0.353,0.415,0.618,1.032,125,100,0.388,0.19,0.457,,6.1,27,10,9.0,1,61,18,21,11,15,8,0,79,0,0,0.111,1.4
NYN/NYN201909260,"Thursday, September 26, 2019",7:10 p.m. Local,Citi Field,21729,2:45,Night,Away,Miami Marlins,MIA,New York Mets,NYM,33,4,6,4,4.0,0,11,33,0.182,0.182,0.545,0.727,140,90,0.205,1.43,0.833,,-0.4,27,10,9.0,0,47,12,31,9,13,3,0,77,3,0,0.296,2.4,29,2,5,2,2.0,4,12,35,0.172,0.286,0.207,0.493,123,89,-0.295,0.97,0.583,,-2.4,27,8,9.0,3,51,20,19,10,8,4,0,70,0,0,-0.205,0.4
NYN/NYN201909270,"Friday, September 27, 2019",7:10 p.m. Local,Citi Field,26264,3:09,Night,Home,New York Mets,NYM,Atlanta Braves,ATL,35,2,9,2,2.0,1,11,39,0.257,0.316,0.257,0.573,134,102,-0.331,1.08,0.585,,-2.4,24,11,8.0,2,62,15,25,15,10,7,0,37,0,0,-0.168,-0.1,31,4,9,4,4.5,4,7,36,0.29,0.389,0.581,0.97,165,84,0.168,1.29,0.78,,0.1,27,11,9.0,0,57,14,13,11,13,9,0,59,0,0,0.332,2.4
NYN/NYN201909280,"Saturday, September 28, 2019",7:16 p.m. Local,Citi Field,32210,2:33,Night,Home,New York Mets,NYM,Atlanta Braves,ATL,31,0,4,0,0.0,5,12,37,0.129,0.27,0.194,0.464,107,85,-0.408,0.48,0.25,,-4.4,24,8,8.0,2,42,23,20,9,10,4,0,48,0,0,-0.094,0.9,26,3,4,3,3.38,2,11,28,0.154,0.214,0.385,0.599,134,68,0.092,0.89,0.339,,-0.9,27,8,9.0,0,34,12,24,7,8,4,0,70,0,0,0.407,4.4
NYN/NYN201909290,"Sunday, September 29, 2019",3:12 p.m. Local,Citi Field,31523,3:44,Day,Home,New York Mets,NYM,Atlanta Braves,ATL,42,6,11,6,4.91,3,13,45,0.262,0.311,0.571,0.883,161,114,0.287,1.5,1.514,,0.6,32,7,10.2,3,65,23,26,10,19,6,0,46,3,2,-0.787,-1.7,44,7,15,7,5.91,2,13,47,0.341,0.362,0.568,0.93,172,106,0.786,1.38,2.085,,1.7,33,10,11.0,4,62,24,20,8,24,13,0,62,2,0,-0.287,-0.6
