,date,time,venue,attendance,duration,time_of_day,winner,winning_name,winning_abbr,losing_name,losing_abbr,away_at_bats,away_runs,away_hits,away_rbi,away_earned_runs,away_bases_on_balls,away_strikeouts,away_plate_appearances,away_batting_average,away_on_base_percentage,away_slugging_percentage,away_on_base_plus,away_pitches,away_strikes,away_win_probability_for_offensive_player,away_average_leverage_index,away_win_probability_added,away_win_probability_subtracted,away_base_out_runs_added,away_putouts,away_assists,away_innings_pitched,away_home_runs,away_strikes_by_contact,away_strikes_swinging,away_strikes_looking,away_grounded_balls,away_fly_balls,away_line_drives,away_unknown_bat_type,away_game_score,away_inherited_runners,away_inherited_score,away_win_probability_by_pitcher,away_base_out_runs_saved,home_at_bats,home_runs,home_hits,home_rbi,home_earned_runs,home_bases_on_balls,home_strikeouts,home_plate_appearances,home_batting_average,home_on_base_percentage,home_slugging_percentage,home_on_base_plus,home_pitches,home_strikes,home_win_probability_for_offensive_player,home_average_leverage_index,home_win_probability_added,home_win_probability_subtracted,home_base_out_runs_added,home_putouts,home_assists,home_innings_pitched,home_home_runs,home_strikes_by_contact,home_strikes_swinging,home_strikes_looking,home_grounded_balls,home_fly_balls,home_line_drives,home_unknown_bat_type,home_game_score,home_inherited_runners,home_inherited_score,home_win_probability_by_pitcher,home_base_out_runs_saved
CIN/CIN201903280,"Thursday, March 28, 2019",4:11 p.m. Local,Great American Ball Park,44049,2:54,Day,Home,Cincinnati Reds,CIN,Pittsburgh Pirates,PIT,31,3,5,3,3.0,7,11,39,0.161,0.316,0.258,0.574,115,98,-0.201,0.9,0.755,,-1.9,24,6,8.0,2,56,16,26,10,11,4,0,48,2,2,-0.299,-0.6,31,5,6,5,5.62,3,8,34,0.194,0.265,0.484,0.749,167,83,0.298,1.42,0.832,,0.6,27,8,9.0,1,49,16,18,9,14,7,0,66,5,1,0.202,1.9
CIN/CIN201903310,"Sunday, March 31, 2019",1:13 p.m. Local,Great American Ball Park,18737,3:15,Day,Away,Pittsburgh Pirates,PIT,Cincinnati Reds,CIN,36,5,10,5,3.0,7,5,44,0.278,0.409,0.333,0.742,139,102,0.084,0.78,0.608,,0.1,27,10,9.0,0,60,17,25,14,17,11,0,71,2,0,0.415,4.9,30,0,4,0,0.0,2,9,32,0.133,0.188,0.167,0.354,181,93,-0.417,0.73,0.156,,-4.9,27,16,9.0,0,58,13,22,10,11,3,0,34,3,0,-0.084,-0.1
PIT/PIT201904010,"Monday, April 1, 2019",1:09 p.m. Local,PNC Park,37336,4:50,Day,Away,St. Louis Cardinals,STL,Pittsburgh Pirates,PIT,40,6,8,5,3.27,8,17,51,0.2,0.373,0.325,0.698,191,142,0.408,1.09,2.074,,0.4,33,15,11.0,1,69,39,36,10,13,6,0,37,4,0,0.092,0.6,35,5,6,5,4.09,8,9,47,0.171,0.348,0.314,0.662,238,107,-0.091,2.04,0.846,,-0.6,33,8,11.0,1,59,22,26,13,15,8,0,68,9,2,-0.408,-0.4
PIT/PIT201904030,"Wednesday, April 3, 2019",7:07 p.m. Local,PNC Park,23954,3:30,Night,Away,St. Louis Cardinals,STL,Pittsburgh Pirates,PIT,37,5,7,4,4.5,3,8,40,0.189,0.25,0.432,0.682,189,100,0.239,1.73,1.087,,-0.1,30,16,10.0,1,55,20,25,13,16,4,0,41,3,1,0.262,1.1,38,4,8,4,3.6,7,7,45,0.211,0.333,0.421,0.754,158,116,-0.261,1.2,1.219,,-1.1,30,11,10.0,2,68,16,32,18,13,7,0,72,2,1,-0.238,0.1
PIT/PIT201904040,"Thursday, April 4, 2019",7:07 p.m. Local,PNC Park,8523,2:40,Night,Home,Pittsburgh Pirates,PIT,Cincinnati Reds,CIN,33,0,6,0,0.0,4,8,37,0.182,0.27,0.273,0.543,116,92,-0.642,1.04,0.473,,-4.6,24,12,8.0,0,53,18,21,11,14,6,0,67,1,0,0.142,2.1,32,2,10,2,2.25,0,5,32,0.312,0.313,0.344,0.656,143,76,-0.142,1.39,0.454,,-2.1,27,11,9.0,0,44,12,20,16,11,5,0,60,0,0,0.642,4.6
PIT/PIT201904050,"Friday, April 5, 2019",7:11 p.m. Local,PNC Park,12497,2:25,Night,Home,Pittsburgh Pirates,PIT,Cincinnati Reds,CIN,28,0,3,0,0.0,1,10,30,0.107,0.167,0.179,0.345,103,80,-0.643,0.97,0.18,,-4.6,24,8,8.0,0,39,22,19,9,9,5,0,71,5,1,0.141,2.1,29,2,5,2,2.25,0,8,30,0.172,0.172,0.241,0.414,111,66,-0.141,1.09,0.487,,-2.1,27,14,9.0,0,35,11,20,10,12,6,0,78,0,0,0.642,4.6
PIT/PIT201904060,"Saturday, April 6, 2019",1:36 p.m. Local,PNC Park,15798,3:11,Day,Home,Pittsburgh Pirates,PIT,Cincinnati Reds,CIN,38,5,8,5,3.6,0,9,38,0.211,0.211,0.421,0.632,158,94,-0.074,1.46,0.825,,-0.1,28,12,9.1,1,57,18,19,14,15,6,0,43,3,2,-0.423,-1.6,38,6,12,6,5.79,3,8,42,0.316,0.366,0.5,0.866,134,100,0.422,1.2,1.402,,1.6,30,13,10.0,2,69,12,19,14,17,9,0,47,0,0,0.076,0.1
PIT/PIT201904070,"Sunday, April 7, 2019",1:37 p.m. Local,PNC Park,14750,2:54,Day,Home,Pittsburgh Pirates,PIT,Cincinnati Reds,CIN,34,5,7,5,5.0,2,10,36,0.206,0.25,0.471,0.721,123,91,-0.054,0.7,0.577,,0.4,24,8,8.0,2,53,19,19,8,16,6,0,29,4,2,-0.447,-2.9,34,7,12,7,7.88,3,9,38,0.353,0.421,0.706,1.127,142,78,0.447,0.85,0.849,,2.9,27,9,9.0,3,47,14,17,6,19,8,0,55,0,0,0.054,-0.4
CHN/CHN201904080,"Monday, April 8, 2019",1:20 p.m. Local,Wrigley Field,40692,3:12,Day,Home,Chicago Cubs,CHC,Pittsburgh Pirates,PIT,32,0,7,0,0.0,3,12,36,0.219,0.306,0.219,0.524,173,99,-0.137,0.37,0.098,,-4.9,24,8,8.0,1,50,14,35,10,10,8,0,38,0,0,-0.364,-5.7,34,10,8,8,4.5,4,11,40,0.235,0.333,0.412,0.745,158,110,0.364,0.29,0.509,,5.7,27,12,9.0,0,54,23,33,13,11,8,0,53,2,0,0.137,4.9
CHN/CHN201904100,"Wednesday, April 10, 2019",7:05 p.m. Local,Wrigley Field,32798,3:10,Night,Away,Pittsburgh Pirates,PIT,Chicago Cubs,CHC,35,5,9,4,4.0,2,7,38,0.257,0.316,0.429,0.744,154,90,0.178,1.05,0.513,,0.1,27,5,9.0,1,58,18,14,14,14,10,0,71,2,0,0.322,2.9,34,2,6,2,2.0,3,15,37,0.176,0.243,0.294,0.537,146,100,-0.324,0.48,0.526,,-2.9,27,11,9.0,2,52,24,24,7,12,6,0,44,2,2,-0.178,-0.1
CHN/CHN201904110,"Thursday, April 11, 2019",6:36 p.m. Local,Wrigley Field,31906,2:38,Night,Home,Chicago Cubs,CHC,Pittsburgh Pirates,PIT,32,0,5,0,0.0,1,14,33,0.156,0.182,0.188,0.369,120,84,-0.616,1.12,0.239,,-4.9,24,7,8.0,0,38,19,27,9,9,3,0,65,1,1,0.117,2.3,29,2,5,2,0.0,3,9,32,0.172,0.25,0.241,0.491,134,74,-0.115,1.09,0.616,,-2.3,27,8,9.0,0,44,12,18,6,14,7,0,79,0,0,0.618,4.9
WAS/WAS201904120,"Friday, April 12, 2019",7:06 p.m. Local,Nationals Park,27084,3:28,Night,Away,Pittsburgh Pirates,PIT,Washington Nationals,WSN,39,6,10,6,4.5,2,14,42,0.256,0.293,0.487,0.78,156,105,0.329,1.14,1.589,,0.4,30,5,10.0,2,55,23,27,13,13,4,0,57,1,0,0.172,2.6,36,3,7,3,2.7,3,6,41,0.194,0.275,0.444,0.719,167,99,-0.171,1.47,0.79,,-2.6,30,11,10.0,2,61,13,25,8,23,10,0,75,4,4,-0.329,-0.4
WAS/WAS201904130,"Saturday, April 13, 2019",4:06 p.m. Local,Nationals Park,32103,2:22,Day,Home,Washington Nationals,WSN,Pittsburgh Pirates,PIT,34,2,8,2,2.0,2,3,37,0.235,0.278,0.441,0.719,116,79,-0.376,1.2,0.687,,-3.1,24,8,8.0,2,50,7,22,12,20,11,0,72,0,0,-0.124,1.5,28,3,6,3,3.38,2,10,30,0.214,0.267,0.464,0.731,127,74,0.123,1.52,0.976,,-1.5,27,10,9.0,1,38,13,23,8,10,2,0,56,0,0,0.376,3.1
WAS/WAS201904140,"Sunday, April 14, 2019",1:35 p.m. Local,Nationals Park,22347,2:47,Day,Away,Pittsburgh Pirates,PIT,Washington Nationals,WSN,33,4,8,4,4.0,3,8,36,0.242,0.306,0.364,0.669,143,85,0.003,2.23,0.915,,-1.1,27,10,9.0,0,45,16,24,16,9,4,0,49,0,0,0.497,2.1,36,3,11,3,3.0,3,8,39,0.306,0.359,0.333,0.692,121,92,-0.499,1.43,1.093,,-2.1,27,14,9.0,0,48,16,28,14,14,6,0,62,0,0,-0.002,1.1
DET/DET201904160,"Tuesday, April 16, 2019",6:40 p.m. Local,Comerica Park,13251,3:03,Night,Away,Pittsburgh Pirates,PIT,Detroit Tigers,DET,37,5,8,5,4.5,1,11,39,0.216,0.237,0.378,0.615,162,100,0.209,1.7,0.975,,-0.6,30,9,10.0,0,57,21,22,16,11,4,0,62,0,0,0.291,2.6,38,3,9,2,2.7,1,10,39,0.237,0.256,0.342,0.599,147,114,-0.291,1.17,1.083,,-2.6,30,10,10.0,2,64,21,29,9,19,10,0,59,0,0,-0.21,0.6
DET/DET201904170,"Wednesday, April 17, 2019",6:41 p.m. Local,Comerica Park,12994,3:21,Night,Away,Pittsburgh Pirates,PIT,Detroit Tigers,DET,35,3,6,2,1.8,5,9,42,0.171,0.286,0.2,0.486,143,106,-0.109,1.6,1.028,,-2.6,30,11,10.0,0,64,15,27,19,8,2,0,56,0,0,0.61,3.6,35,2,7,2,1.8,1,9,39,0.2,0.256,0.257,0.514,162,102,-0.611,1.7,0.604,,-3.6,30,14,10.0,0,67,19,16,15,12,5,0,69,5,1,0.11,2.6
PIT/PIT201904190,"Friday, April 19, 2019",8:30 p.m. Local,PNC Park,15049,2:48,Night,Home,Pittsburgh Pirates,PIT,San Francisco Giants,SFG,31,1,7,1,1.0,3,13,34,0.226,0.294,0.258,0.552,126,99,-0.293,0.32,0.268,,-3.6,24,9,8.0,0,54,13,32,7,11,4,0,50,0,0,-0.208,0.1,30,4,6,4,4.5,2,9,32,0.2,0.25,0.233,0.483,150,79,0.209,0.71,0.36,,-0.1,27,7,9.0,0,46,15,19,10,11,7,0,69,4,1,0.292,3.6
PIT/PIT201904200,"Saturday, April 20, 2019",4:06 p.m. Local,PNC Park,17663,1:32,Day,Home,Pittsburgh Pirates,PIT,San Francisco Giants,SFG,19,1,4,1,1.8,1,3,20,0.211,0.25,0.211,0.461,78,56,-0.142,0.92,0.296,,-1.5,15,6,5.0,2,36,8,12,7,9,5,0,53,,,-0.139,-0.5,17,3,4,3,5.4,1,7,20,0.235,0.278,0.588,0.866,79,50,0.138,1.12,0.454,,0.5,15,6,5.0,0,20,13,17,7,5,1,0,57,,,0.142,1.5
PIT/PIT201904210,"Sunday, April 21, 2019",1:37 p.m. Local,PNC Park,12396,2:47,Day,Away,San Francisco Giants,SFG,Pittsburgh Pirates,PIT,35,3,9,3,3.0,4,6,39,0.257,0.333,0.4,0.733,133,94,-0.078,1.59,0.693,,-1.6,27,13,9.0,1,57,19,18,10,19,9,0,58,1,0,0.58,2.6,31,2,5,2,2.0,3,7,34,0.161,0.235,0.323,0.558,146,85,-0.58,1.06,0.56,,-2.6,27,9,9.0,1,48,14,23,13,11,3,0,43,0,0,0.08,1.6
PIT/PIT201904220,"Monday, April 22, 2019",7:07 p.m. Local,PNC Park,9233,3:35,Night,Away,Arizona Diamondbacks,ARI,Pittsburgh Pirates,PIT,44,12,17,12,12.0,4,6,48,0.386,0.438,0.614,1.051,162,121,0.644,0.84,1.214,,7.4,27,8,9.0,0,76,17,28,17,21,8,0,30,1,0,-0.142,0.6,36,4,9,4,4.0,5,8,41,0.25,0.341,0.417,0.758,174,95,0.141,0.92,0.682,,-0.6,27,11,9.0,2,60,14,21,13,15,8,0,53,6,6,-0.643,-7.4
PIT/PIT201904230,"Tuesday, April 23, 2019",7:06 p.m. Local,PNC Park,8558,2:53,Night,Away,Arizona Diamondbacks,ARI,Pittsburgh Pirates,PIT,32,2,6,2,2.0,2,6,34,0.188,0.235,0.25,0.485,131,99,-0.201,1.92,0.477,,-2.6,27,9,9.0,0,63,13,23,15,11,6,0,63,1,0,0.703,3.6,32,1,7,1,1.0,3,10,35,0.219,0.286,0.281,0.567,145,86,-0.701,1.02,0.69,,-3.6,27,13,9.0,0,44,15,27,10,12,4,0,64,0,0,0.202,2.6
PIT/PIT201904240,"Wednesday, April 24, 2019",7:06 p.m. Local,PNC Park,9450,2:49,Night,Away,Arizona Diamondbacks,ARI,Pittsburgh Pirates,PIT,39,11,15,10,10.0,1,8,42,0.385,0.39,0.769,1.159,136,99,0.348,0.61,0.571,,6.4,27,10,9.0,2,60,15,25,12,21,9,0,60,0,0,0.152,2.6,35,2,9,2,2.0,2,5,37,0.257,0.297,0.514,0.812,152,85,-0.152,0.41,0.294,,-2.6,27,10,9.0,3,47,8,30,15,15,10,0,36,0,0,-0.348,-6.4
PIT/PIT201904250,"Thursday, April 25, 2019",1:06 p.m. Local,PNC Park,9365,2:41,Day,Away,Arizona Diamondbacks,ARI,Pittsburgh Pirates,PIT,34,5,9,5,5.0,1,9,37,0.265,0.297,0.5,0.797,139,96,0.196,0.57,0.43,,0.4,27,10,9.0,0,55,23,18,11,15,8,0,79,0,0,0.306,4.6,32,0,5,0,0.0,1,9,33,0.156,0.182,0.156,0.338,132,93,-0.306,0.49,0.098,,-4.6,27,9,9.0,0,51,18,24,12,11,7,0,40,0,0,-0.194,-0.4
LAN/LAN201904260,"Friday, April 26, 2019",7:10 p.m. Local,Dodger Stadium,50748,2:52,Night,Home,Los Angeles Dodgers,LAD,Pittsburgh Pirates,PIT,35,2,9,1,2.0,0,11,35,0.257,0.257,0.371,0.629,165,78,-0.142,0.43,0.409,,-2.6,24,6,8.0,2,38,20,20,11,13,7,0,26,0,0,-0.358,-1.9,31,6,9,6,6.75,5,10,37,0.29,0.389,0.516,0.905,119,99,0.358,0.73,0.598,,1.9,27,11,9.0,1,54,16,29,9,13,6,0,63,1,0,0.142,2.6
LAN/LAN201904270,"Saturday, April 27, 2019",6:10 p.m. Local,Dodger Stadium,47877,2:58,Night,Home,Los Angeles Dodgers,LAD,Pittsburgh Pirates,PIT,31,1,5,1,1.0,2,9,34,0.161,0.212,0.194,0.406,119,91,-0.402,1.39,0.506,,-3.6,24,12,8.0,0,53,19,19,11,12,6,0,58,1,0,-0.099,1.1,29,3,6,3,1.12,2,7,33,0.207,0.273,0.276,0.549,139,80,0.099,1.4,0.831,,-1.1,27,9,9.0,0,46,11,23,14,9,3,0,73,3,0,0.401,3.6
LAN/LAN201904280,"Sunday, April 28, 2019",1:11 p.m. Local,Dodger Stadium,52875,3:07,Day,Home,Los Angeles Dodgers,LAD,Pittsburgh Pirates,PIT,36,6,9,6,2.0,2,11,39,0.25,0.289,0.472,0.762,145,110,-0.027,1.21,0.968,,1.4,24,6,8.0,1,63,18,29,13,13,3,0,41,2,1,-0.475,-2.9,32,7,10,7,6.75,2,7,36,0.312,0.343,0.5,0.843,152,102,0.476,1.51,1.114,,2.9,27,6,9.0,2,65,13,24,8,19,8,0,56,0,0,0.026,-1.4
TEX/TEX201904300,"Tuesday, April 30, 2019",7:07 p.m. Local,Globe Life Park in Arlington,18641,4:14,Night,Away,Pittsburgh Pirates,PIT,Texas Rangers,TEX,47,6,14,6,4.09,2,12,50,0.298,0.34,0.489,0.829,220,128,0.039,1.25,1.448,,-0.7,33,12,11.0,1,75,21,32,15,20,8,0,49,3,1,0.462,2.7,39,4,7,4,2.45,7,13,46,0.179,0.304,0.256,0.561,191,124,-0.462,1.52,0.634,,-2.7,33,10,11.0,2,66,21,39,13,13,5,0,64,2,0,-0.04,0.7
TEX/TEX201905010,"Wednesday, May 1, 2019",1:09 p.m. Local,Globe Life Park in Arlington,23562,3:10,Day,Away,Pittsburgh Pirates,PIT,Texas Rangers,TEX,34,7,8,7,7.0,5,7,40,0.235,0.333,0.353,0.686,147,90,0.298,1.36,0.917,,1.5,27,9,9.0,3,51,13,26,14,14,6,0,52,1,1,0.202,0.5,35,5,7,5,4.0,3,8,38,0.2,0.263,0.543,0.806,152,96,-0.203,1.0,0.891,,-0.5,27,11,9.0,0,56,17,23,12,15,5,0,37,3,0,-0.297,-1.5
PIT/PIT201905030,"Friday, May 3, 2019",7:46 p.m. Local,PNC Park,16428,3:26,Night,Away,Oakland Athletics,OAK,Pittsburgh Pirates,PIT,43,14,16,14,12.0,6,7,50,0.372,0.46,0.581,1.041,152,131,0.489,0.28,0.634,,9.4,27,10,9.0,0,72,23,36,16,20,10,0,62,0,0,0.012,3.6,36,1,7,1,1.0,2,8,38,0.194,0.237,0.194,0.431,203,99,-0.012,0.39,0.121,,-3.6,27,10,9.0,2,57,15,27,15,13,10,0,21,3,0,-0.489,-9.4
PIT/PIT201905040,"Saturday, May 4, 2019",7:06 p.m. Local,PNC Park,26447,3:08,Night,Home,Pittsburgh Pirates,PIT,Oakland Athletics,OAK,36,4,10,4,4.0,2,8,38,0.278,0.316,0.444,0.76,149,98,-0.07,1.5,0.617,,-0.6,24,5,8.0,2,56,11,31,14,14,8,0,49,0,0,-0.43,-1.9,35,6,12,6,6.75,4,8,40,0.343,0.41,0.6,1.01,149,99,0.429,0.95,1.283,,1.9,27,11,9.0,0,65,12,22,9,19,8,0,44,1,0,0.071,0.6
PIT/PIT201905050,"Sunday, May 5, 2019",1:36 p.m. Local,PNC Park,18517,3:58,Day,Home,Pittsburgh Pirates,PIT,Oakland Athletics,OAK,46,3,9,3,2.08,6,8,53,0.196,0.302,0.239,0.541,177,129,-0.52,1.57,1.036,,-3.6,37,7,12.1,1,69,15,45,20,18,10,0,63,0,0,0.021,1.3,43,5,8,5,3.65,3,12,47,0.186,0.234,0.302,0.536,213,112,-0.021,1.68,1.33,,-1.3,39,21,13.0,0,65,24,23,7,25,11,0,60,1,0,0.52,3.6
PIT/PIT201905070,"Tuesday, May 7, 2019",7:06 p.m. Local,PNC Park,13032,2:50,Night,Home,Pittsburgh Pirates,PIT,Texas Rangers,TEX,30,4,5,4,4.0,7,12,39,0.167,0.342,0.367,0.709,120,86,-0.256,0.96,0.919,,-0.6,24,8,8.0,1,38,19,29,9,10,5,0,33,0,0,-0.245,-0.9,30,5,8,5,5.62,4,3,36,0.267,0.389,0.5,0.889,153,70,0.244,1.48,0.786,,0.9,27,9,9.0,1,47,8,16,10,17,10,0,52,2,2,0.255,0.6
PIT/PIT201905080,"Wednesday, May 8, 2019",12:36 p.m. Local,PNC Park,13905,3:18,Day,Away,Texas Rangers,TEX,Pittsburgh Pirates,PIT,35,9,9,9,9.0,8,9,43,0.257,0.395,0.571,0.967,142,115,0.689,0.92,1.551,,4.4,27,7,9.0,2,71,17,27,8,18,5,0,51,0,0,-0.187,-1.4,37,6,10,5,6.0,1,8,38,0.27,0.289,0.459,0.749,184,96,0.187,1.2,0.816,,1.4,27,6,9.0,3,61,17,18,10,19,11,0,50,1,0,-0.688,-4.4
SLN/SLN201905090,"Thursday, May 9, 2019",6:45 p.m. Local,Busch Stadium III,38925,3:30,Night,Home,St. Louis Cardinals,STL,Pittsburgh Pirates,PIT,37,4,10,4,4.0,2,6,39,0.27,0.308,0.432,0.74,189,88,-0.005,0.42,0.303,,-0.7,24,8,8.0,0,55,13,20,13,18,10,0,13,2,2,-0.497,-12.9,41,17,16,15,18.0,8,10,50,0.39,0.5,0.537,1.037,135,116,0.496,0.41,0.668,,12.9,27,9,9.0,1,62,21,33,14,17,12,0,36,2,0,0.005,0.7
SLN/SLN201905100,"Friday, May 10, 2019",7:16 p.m. Local,Busch Stadium III,45060,2:54,Night,Away,Pittsburgh Pirates,PIT,St. Louis Cardinals,STL,34,2,9,2,2.0,1,11,35,0.265,0.286,0.353,0.639,132,83,-0.114,1.9,0.613,,-2.7,27,9,9.0,0,45,10,28,15,8,5,0,59,0,0,0.613,3.7,35,1,10,1,1.0,2,7,38,0.286,0.324,0.286,0.61,132,90,-0.613,1.06,0.965,,-3.7,27,13,9.0,1,51,19,20,13,16,6,0,71,0,0,0.113,2.7
SLN/SLN201905110,"Saturday, May 11, 2019",4:11 p.m. Local,Busch Stadium III,43011,2:42,Day,Away,Pittsburgh Pirates,PIT,St. Louis Cardinals,STL,31,2,4,2,2.0,1,11,32,0.129,0.156,0.194,0.35,146,83,-0.224,1.66,0.327,,-2.7,27,5,9.0,0,41,17,25,12,8,5,0,69,0,0,0.724,3.7,29,1,2,1,1.0,5,8,34,0.069,0.206,0.103,0.309,123,88,-0.722,0.85,0.415,,-3.7,27,9,9.0,0,51,12,25,7,14,6,0,69,0,0,0.224,2.7
SLN/SLN201905120,"Sunday, May 12, 2019",1:16 p.m. Local,Busch Stadium III,48555,3:29,Day,Away,Pittsburgh Pirates,PIT,St. Louis Cardinals,STL,38,10,14,10,10.0,6,6,46,0.368,0.478,0.553,1.031,166,104,0.75,0.78,1.354,,5.3,27,7,9.0,2,64,16,25,18,14,8,0,19,2,0,-0.25,-1.3,39,6,12,5,6.0,3,6,43,0.308,0.372,0.487,0.859,163,108,0.251,1.0,0.802,,1.3,27,14,9.0,1,62,11,35,10,23,11,0,42,2,2,-0.75,-5.3
ARI/ARI201905130,"Monday, May 13, 2019",6:40 p.m. Local,Chase Field,15418,3:27,Night,Home,Arizona Diamondbacks,ARI,Pittsburgh Pirates,PIT,40,3,13,3,2.0,2,14,42,0.325,0.357,0.4,0.757,160,113,-0.048,0.58,0.442,,-1.8,24,9,8.0,2,59,19,35,11,15,9,0,15,0,0,-0.453,-4.7,35,9,13,8,10.12,4,7,41,0.371,0.436,0.714,1.15,172,101,0.452,0.66,0.746,,4.7,27,8,9.0,0,60,14,27,11,19,8,0,53,0,0,0.047,1.8
ARI/ARI201905140,"Tuesday, May 14, 2019",6:40 p.m. Local,Chase Field,21047,2:45,Night,Away,Pittsburgh Pirates,PIT,Arizona Diamondbacks,ARI,38,6,11,6,6.0,3,8,41,0.289,0.341,0.579,0.92,117,99,0.084,0.67,0.622,,1.2,27,9,9.0,1,58,20,21,12,18,7,0,78,0,0,0.417,2.8,30,2,4,2,2.0,2,9,32,0.133,0.188,0.233,0.421,153,76,-0.417,0.77,0.106,,-2.8,27,6,9.0,3,39,14,23,8,13,6,0,49,0,0,-0.083,-1.2
ARI/ARI201905150,"Wednesday, May 15, 2019",12:40 p.m. Local,Chase Field,17258,2:58,Day,Home,Arizona Diamondbacks,ARI,Pittsburgh Pirates,PIT,32,1,6,1,1.0,1,7,33,0.188,0.212,0.219,0.431,155,84,-0.208,0.47,0.113,,-3.8,24,5,8.0,3,50,7,27,15,10,5,0,28,0,0,-0.293,-6.7,35,11,11,11,11.25,4,12,40,0.314,0.375,0.657,1.032,127,97,0.293,0.39,0.453,,6.7,27,11,9.0,0,50,19,28,9,15,6,0,76,2,1,0.208,3.8
SDN/SDN201905160,"Thursday, May 16, 2019",7:12 p.m. Local,Petco Park,20877,3:05,Night,Home,San Diego Padres,SDP,Pittsburgh Pirates,PIT,37,3,8,2,2.0,1,6,38,0.216,0.237,0.324,0.561,143,96,-0.29,1.11,0.691,,-1.5,24,7,8.0,2,56,14,26,16,15,5,0,57,0,0,-0.21,0.0,26,4,5,4,4.5,3,9,32,0.192,0.323,0.423,0.746,155,93,0.209,1.37,0.826,,-0.0,27,10,9.0,1,48,15,30,6,12,4,0,52,2,1,0.291,1.5
SDN/SDN201905170,"Friday, May 17, 2019",7:11 p.m. Local,Petco Park,28913,3:00,Night,Away,Pittsburgh Pirates,PIT,San Diego Padres,SDP,35,5,9,5,5.0,3,7,38,0.257,0.316,0.371,0.687,141,89,0.024,1.17,0.617,,0.5,27,7,9.0,2,56,10,23,19,9,4,0,74,0,0,0.476,1.5,34,3,7,3,3.0,2,15,36,0.206,0.25,0.412,0.662,140,97,-0.477,0.83,0.45,,-1.5,27,11,9.0,1,46,23,28,11,8,4,0,65,5,1,-0.025,-0.5
SDN/SDN201905180,"Saturday, May 18, 2019",5:40 p.m. Local,Petco Park,39856,3:24,Night,Away,Pittsburgh Pirates,PIT,San Diego Padres,SDP,37,7,12,7,7.0,4,8,43,0.324,0.405,0.676,1.08,160,105,0.28,0.81,0.55,,2.5,27,8,9.0,0,57,23,25,13,17,9,0,57,3,0,0.222,2.5,34,2,8,2,2.0,5,13,39,0.235,0.333,0.294,0.627,169,98,-0.221,0.38,0.394,,-2.5,27,10,9.0,4,43,24,31,11,10,5,0,23,3,1,-0.28,-2.5
SDN/SDN201905190,"Sunday, May 19, 2019",1:36 p.m. Local,Petco Park,29863,2:56,Day,Away,Pittsburgh Pirates,PIT,San Diego Padres,SDP,36,6,11,6,6.0,2,6,39,0.306,0.342,0.444,0.787,127,98,0.328,0.9,0.609,,1.5,27,12,9.0,1,63,20,15,14,17,6,0,54,0,0,0.171,0.5,30,4,5,4,3.0,3,7,33,0.167,0.242,0.3,0.542,152,78,-0.171,0.51,0.472,,-0.5,27,9,9.0,1,43,11,24,12,11,3,0,31,2,0,-0.328,-1.5
PIT/PIT201905210,"Tuesday, May 21, 2019",7:08 p.m. Local,PNC Park,12265,2:41,Night,Away,Colorado Rockies,COL,Pittsburgh Pirates,PIT,35,5,10,4,4.0,4,5,40,0.286,0.359,0.457,0.816,124,91,0.164,0.63,0.533,,0.4,27,12,9.0,0,59,16,16,9,22,10,0,82,0,0,0.335,4.6,31,0,3,0,0.0,2,8,33,0.097,0.152,0.129,0.281,146,74,-0.335,0.6,0.115,,-4.6,27,9,9.0,1,38,15,21,14,9,5,0,42,0,0,-0.165,-0.4
PIT/PIT201905220,"Wednesday, May 22, 2019",7:08 p.m. Local,PNC Park,9534,3:25,Night,Away,Colorado Rockies,COL,Pittsburgh Pirates,PIT,40,9,16,9,9.0,6,10,47,0.4,0.478,0.625,1.103,137,112,0.478,0.45,0.766,,4.4,27,14,9.0,1,69,19,24,12,19,8,0,57,0,0,0.023,1.6,33,3,8,3,3.0,2,7,36,0.242,0.306,0.364,0.669,179,89,-0.022,0.42,0.297,,-1.6,27,9,9.0,2,52,14,23,15,11,5,0,34,3,1,-0.478,-4.4
PIT/PIT201905230,"Thursday, May 23, 2019",12:37 p.m. Local,PNC Park,15490,3:01,Day,Home,Pittsburgh Pirates,PIT,Colorado Rockies,COL,37,6,11,6,6.0,2,10,39,0.297,0.333,0.351,0.685,153,93,-0.062,0.35,0.442,,1.4,24,12,8.0,4,52,16,25,12,15,10,0,9,1,0,-0.437,-9.9,37,14,15,14,13.5,4,5,42,0.405,0.476,0.838,1.314,137,97,0.437,0.69,0.584,,9.9,27,10,9.0,0,68,9,20,15,17,8,0,36,2,2,0.062,-1.4
PIT/PIT201905240,"Friday, May 24, 2019",7:07 p.m. Local,PNC Park,32388,3:15,Night,Away,Los Angeles Dodgers,LAD,Pittsburgh Pirates,PIT,39,10,13,10,10.0,5,6,44,0.333,0.409,0.641,1.05,156,108,0.406,0.36,0.567,,5.4,27,11,9.0,0,62,20,26,9,24,16,0,63,0,0,0.093,2.6,34,2,7,2,2.0,1,6,36,0.206,0.25,0.353,0.603,176,109,-0.091,0.34,0.169,,-2.6,27,8,9.0,2,67,12,30,14,14,6,0,22,0,0,-0.406,-5.4
PIT/PIT201905250,"Saturday, May 25, 2019",9:03 p.m. Local,PNC Park,25852,3:12,Night,Away,Los Angeles Dodgers,LAD,Pittsburgh Pirates,PIT,37,7,13,7,7.0,4,3,43,0.351,0.405,0.568,0.972,132,104,0.393,1.0,0.746,,2.4,27,17,9.0,0,69,15,20,16,20,15,0,47,0,0,0.108,2.6,36,2,11,1,2.0,0,5,37,0.306,0.306,0.389,0.694,157,93,-0.106,0.61,0.675,,-2.6,27,11,9.0,0,61,14,18,20,12,9,0,24,0,0,-0.392,-2.4
PIT/PIT201905260,"Sunday, May 26, 2019",1:38 p.m. Local,PNC Park,25260,3:44,Day,Away,Los Angeles Dodgers,LAD,Pittsburgh Pirates,PIT,36,11,12,11,8.0,8,4,50,0.333,0.479,0.528,1.007,147,113,0.581,0.63,1.157,,6.4,27,10,9.0,2,71,11,31,17,18,6,0,49,0,0,-0.08,-2.4,39,7,12,7,7.0,2,7,41,0.308,0.341,0.487,0.829,194,102,0.081,0.97,0.535,,2.4,27,9,9.0,2,68,19,15,17,15,3,0,36,3,3,-0.58,-6.4
CIN/CIN201905271,"Monday, May 27, 2019",1:11 p.m. Local,Great American Ball Park,20569,3:51,Day,Away,Pittsburgh Pirates,PIT,Cincinnati Reds,CIN,37,8,12,8,6.0,4,9,44,0.324,0.409,0.568,0.977,170,105,0.616,1.42,1.42,,3.1,27,9,9.0,0,54,26,25,18,11,6,0,42,7,1,-0.116,-0.1,34,5,12,5,5.0,5,9,42,0.353,0.415,0.471,0.885,174,107,0.115,1.36,1.006,,0.1,27,15,9.0,2,62,20,25,10,18,8,0,48,3,1,-0.615,-3.1
CIN/CIN201905272,"Monday, May 27, 2019",7:11 p.m. Local,Great American Ball Park,27489,2:57,Night,Home,Cincinnati Reds,CIN,Pittsburgh Pirates,PIT,34,1,8,1,1.0,2,8,36,0.235,0.278,0.324,0.601,147,96,-0.153,0.38,0.137,,-3.9,24,4,8.0,3,55,18,23,14,12,6,0,29,0,0,-0.346,-3.6,33,8,10,8,9.0,2,11,36,0.303,0.361,0.606,0.967,144,102,0.346,0.37,0.469,,3.6,27,8,9.0,0,66,13,23,4,18,9,0,63,0,0,0.155,3.9
CIN/CIN201905280,"Tuesday, May 28, 2019",6:41 p.m. Local,Great American Ball Park,13824,2:42,Night,Home,Cincinnati Reds,CIN,Pittsburgh Pirates,PIT,33,6,8,6,6.0,2,11,36,0.242,0.306,0.424,0.73,140,88,-0.283,0.38,0.076,,1.1,24,8,8.0,4,42,28,18,4,18,8,0,45,0,0,-0.217,-6.6,34,11,11,11,12.38,3,8,37,0.324,0.378,0.853,1.231,130,89,0.219,0.36,0.422,,6.6,27,5,9.0,1,63,12,14,9,17,9,0,58,0,0,0.283,-1.1
CIN/CIN201905290,"Wednesday, May 29, 2019",2:48 p.m. Local,Great American Ball Park,15252,3:09,Day,Away,Pittsburgh Pirates,PIT,Cincinnati Reds,CIN,39,7,15,7,7.0,1,7,42,0.385,0.4,0.564,0.964,134,101,0.138,0.84,0.718,,2.1,27,10,9.0,1,64,16,21,15,19,12,0,65,2,0,0.364,2.9,33,2,7,2,2.0,3,7,38,0.212,0.297,0.303,0.6,148,82,-0.365,0.75,0.249,,-2.9,27,13,9.0,2,50,12,20,13,14,7,0,43,1,0,-0.137,-2.1
PIT/PIT201905300,"Thursday, May 30, 2019",7:07 p.m. Local,PNC Park,13059,3:39,Night,Away,Milwaukee Brewers,MIL,Pittsburgh Pirates,PIT,44,11,18,11,11.0,6,7,50,0.409,0.48,0.864,1.344,156,118,0.352,0.98,0.787,,6.4,27,8,9.0,1,75,23,20,13,24,9,0,51,1,0,0.147,-0.4,37,5,10,5,5.0,2,10,40,0.27,0.325,0.405,0.73,182,106,-0.147,0.52,0.598,,0.4,27,10,9.0,4,66,18,22,12,15,7,0,34,0,0,-0.352,-6.4
PIT/PIT201905310,"Friday, May 31, 2019",7:08 p.m. Local,PNC Park,28465,2:54,Night,Home,Pittsburgh Pirates,PIT,Milwaukee Brewers,MIL,33,4,6,4,4.0,2,9,35,0.182,0.229,0.394,0.623,154,79,-0.086,0.68,0.29,,-0.6,24,11,8.0,0,38,20,21,13,11,6,0,16,3,2,-0.416,-4.9,38,9,13,8,9.0,5,5,43,0.342,0.419,0.342,0.761,119,100,0.417,0.51,0.732,,4.9,27,12,9.0,2,61,16,23,16,17,10,0,56,0,0,0.084,0.6
PIT/PIT201906010,"Saturday, June 1, 2019",4:09 p.m. Local,PNC Park,28770,5:23,Day,Away,Milwaukee Brewers,MIL,Pittsburgh Pirates,PIT,53,12,14,12,8.31,8,19,63,0.264,0.381,0.642,1.022,237,178,0.754,1.98,2.337,,5.4,39,13,13.0,2,94,29,55,15,19,5,0,21,4,3,-0.253,-3.4,53,10,18,10,6.92,6,16,61,0.34,0.417,0.528,0.945,276,158,0.257,1.65,2.285,,3.4,39,12,13.0,5,95,37,26,20,18,7,0,29,2,2,-0.754,-5.4
PIT/PIT201906020,"Sunday, June 2, 2019",1:36 p.m. Local,PNC Park,19442,2:41,Day,Away,Milwaukee Brewers,MIL,Pittsburgh Pirates,PIT,36,4,9,4,4.0,1,10,37,0.25,0.27,0.389,0.659,121,104,0.078,1.66,0.636,,-0.6,27,13,9.0,0,62,14,28,14,12,6,0,60,3,0,0.423,2.6,33,2,8,2,2.0,1,4,37,0.242,0.257,0.364,0.621,147,75,-0.423,0.82,0.772,,-2.6,27,10,9.0,1,43,9,21,16,14,8,0,44,0,0,-0.078,0.6
PIT/PIT201906040,"Tuesday, June 4, 2019",7:06 p.m. Local,PNC Park,13963,3:46,Night,Away,Atlanta Braves,ATL,Pittsburgh Pirates,PIT,41,12,13,11,9.0,7,5,49,0.317,0.429,0.634,1.063,170,109,0.643,0.77,1.478,,7.4,27,10,9.0,1,73,18,18,19,17,5,0,25,1,0,-0.142,-0.4,37,5,10,5,5.0,5,8,44,0.27,0.372,0.432,0.805,192,112,0.143,1.16,0.684,,0.4,27,13,9.0,3,66,21,25,15,15,10,0,46,3,1,-0.643,-7.4
PIT/PIT201906050,"Wednesday, June 5, 2019",9:09 p.m. Local,PNC Park,13904,2:48,Night,Home,Pittsburgh Pirates,PIT,Atlanta Braves,ATL,32,4,6,4,4.0,2,8,34,0.188,0.235,0.469,0.704,132,77,-0.105,0.39,0.196,,-0.6,24,12,8.0,2,44,12,21,8,16,6,0,18,0,0,-0.394,-2.9,37,7,14,7,7.88,0,5,38,0.378,0.395,0.649,1.043,117,93,0.394,0.47,0.561,,2.9,27,9,9.0,2,61,18,14,16,16,11,0,65,0,0,0.105,0.6
PIT/PIT201906060,"Thursday, June 6, 2019",12:39 p.m. Local,PNC Park,18232,2:58,Day,Home,Pittsburgh Pirates,PIT,Atlanta Braves,ATL,33,1,7,1,1.0,4,8,38,0.212,0.297,0.333,0.631,141,90,-0.382,0.54,0.482,,-3.6,24,8,8.0,2,54,17,19,11,15,8,0,52,1,1,-0.119,-1.9,31,6,9,6,3.38,1,7,33,0.29,0.313,0.645,0.958,137,90,0.119,1.04,0.483,,1.9,27,9,9.0,1,48,27,15,10,15,7,0,60,3,0,0.382,3.6
MIL/MIL201906070,"Friday, June 7, 2019",7:11 p.m. Local,Miller Park,30296,3:33,Night,Home,Milwaukee Brewers,MIL,Pittsburgh Pirates,PIT,32,4,7,4,4.0,2,14,34,0.219,0.265,0.438,0.702,183,89,-0.106,0.73,0.47,,-0.8,24,11,8.0,2,52,17,23,9,9,4,0,36,2,2,-0.396,-5.7,37,10,15,10,11.25,5,6,44,0.405,0.465,0.676,1.141,144,113,0.394,0.78,0.81,,5.7,27,9,9.0,1,78,13,22,15,18,11,0,61,0,0,0.105,0.8
MIL/MIL201906080,"Saturday, June 8, 2019",3:10 p.m. Local,Miller Park,40704,3:29,Day,Home,Milwaukee Brewers,MIL,Pittsburgh Pirates,PIT,33,3,8,3,3.0,1,8,35,0.242,0.257,0.364,0.621,208,92,-0.354,1.02,0.505,,-1.8,24,6,8.0,2,51,17,24,11,15,10,0,38,3,0,-0.148,-0.7,33,5,10,5,5.62,9,9,42,0.303,0.452,0.576,1.028,144,120,0.147,1.24,0.847,,0.7,27,11,9.0,1,64,23,33,8,16,5,0,43,0,0,0.352,1.8
MIL/MIL201906090,"Sunday, June 9, 2019",1:10 p.m. Local,Miller Park,45375,2:52,Day,Home,Milwaukee Brewers,MIL,Pittsburgh Pirates,PIT,32,2,5,2,2.0,3,12,35,0.156,0.229,0.25,0.479,121,98,-0.268,1.33,0.367,,-2.8,24,11,8.0,2,55,26,17,10,10,4,0,57,4,2,-0.234,-0.7,31,5,9,5,5.62,5,5,37,0.29,0.378,0.484,0.862,154,76,0.231,0.84,1.058,,0.7,27,7,9.0,1,53,7,16,13,14,5,0,61,0,0,0.267,2.8
ATL/ATL201906100,"Monday, June 10, 2019",7:22 p.m. Local,SunTrust Park,21822,3:35,Night,Home,Atlanta Braves,ATL,Pittsburgh Pirates,PIT,38,7,10,7,5.0,3,12,41,0.263,0.317,0.447,0.764,166,108,0.043,0.58,0.576,,2.0,24,7,8.0,5,63,27,18,9,17,11,0,51,2,0,-0.544,-8.6,37,13,13,13,12.38,4,10,43,0.351,0.442,0.811,1.253,168,102,0.544,0.71,0.789,,8.6,27,8,9.0,2,65,20,17,10,17,6,0,38,4,1,-0.044,-2.0
ATL/ATL201906110,"Tuesday, June 11, 2019",7:21 p.m. Local,SunTrust Park,31305,3:15,Night,Home,Atlanta Braves,ATL,Pittsburgh Pirates,PIT,32,5,9,5,5.62,4,8,36,0.281,0.361,0.375,0.736,148,91,-0.003,0.72,0.8,,0.6,24,8,8.0,5,57,18,16,9,15,5,0,34,0,0,-0.416,-2.6,33,7,10,7,7.88,3,11,36,0.303,0.361,0.788,1.149,140,90,0.416,1.28,0.835,,2.6,24,5,8.0,0,50,16,24,7,15,8,0,42,2,1,0.002,-0.6
ATL/ATL201906120,"Wednesday, June 12, 2019",7:21 p.m. Local,SunTrust Park,24428,4:17,Night,Home,Atlanta Braves,ATL,Pittsburgh Pirates,PIT,44,7,13,7,5.73,5,6,50,0.295,0.36,0.455,0.815,204,132,-0.012,1.59,1.357,,0.9,30,11,10.0,1,92,21,19,15,24,12,0,15,0,0,-0.487,-3.1,43,8,15,8,7.2,7,8,52,0.349,0.462,0.558,1.02,203,123,0.489,1.58,1.79,,3.1,33,9,11.0,2,75,19,29,15,20,12,0,29,0,0,0.013,-0.9
ATL/ATL201906130,"Thursday, June 13, 2019",12:12 p.m. Local,SunTrust Park,35108,3:30,Day,Home,Atlanta Braves,ATL,Pittsburgh Pirates,PIT,35,5,9,5,3.0,4,5,40,0.257,0.333,0.4,0.733,137,85,-0.19,0.94,0.753,,-0.0,24,10,8.0,0,56,6,23,17,14,5,0,21,1,1,-0.312,-1.6,34,6,10,6,6.75,3,6,39,0.294,0.385,0.412,0.796,148,94,0.31,1.23,0.813,,1.6,27,15,9.0,0,55,20,19,14,14,8,0,59,2,0,0.189,0.0
MIA/MIA201906140,"Friday, June 14, 2019",7:10 p.m. Local,Marlins Park,8340,2:56,Night,Away,Pittsburgh Pirates,PIT,Miami Marlins,MIA,40,11,18,11,11.0,1,3,44,0.45,0.442,0.775,1.217,133,109,0.229,0.7,0.648,,6.5,27,13,9.0,0,78,14,17,16,24,13,0,62,0,0,0.272,4.5,35,0,9,0,0.0,1,9,37,0.257,0.297,0.257,0.554,153,86,-0.27,0.59,0.216,,-4.5,27,12,9.0,2,52,16,18,17,9,4,0,26,0,0,-0.228,-6.5
MIA/MIA201906150,"Saturday, June 15, 2019",6:09 p.m. Local,Marlins Park,11464,2:46,Night,Home,Miami Marlins,MIA,Pittsburgh Pirates,PIT,32,3,8,3,3.0,2,6,34,0.25,0.294,0.375,0.669,123,79,-0.389,1.23,0.703,,-1.5,24,11,8.0,0,47,17,15,16,10,4,0,43,0,0,-0.111,-0.0,33,4,10,3,3.38,2,7,37,0.303,0.378,0.333,0.712,117,90,0.11,1.32,0.824,,0.0,27,17,9.0,0,52,19,19,13,13,6,0,54,0,0,0.389,1.5
MIA/MIA201906160,"Sunday, June 16, 2019",1:11 p.m. Local,Marlins Park,12472,3:09,Day,Away,Pittsburgh Pirates,PIT,Miami Marlins,MIA,38,5,11,5,5.0,2,7,40,0.289,0.325,0.5,0.825,148,90,0.27,1.55,1.265,,0.5,27,7,9.0,1,57,19,14,12,19,11,0,42,1,0,0.228,0.5,34,4,9,4,4.0,4,11,38,0.265,0.342,0.412,0.754,129,95,-0.23,1.4,0.903,,-0.5,27,10,9.0,0,43,23,29,6,17,7,0,48,0,0,-0.272,-0.5
PIT/PIT201906180,"Tuesday, June 18, 2019",7:06 p.m. Local,PNC Park,18301,3:09,Night,Away,Detroit Tigers,DET,Pittsburgh Pirates,PIT,31,5,6,3,3.0,4,9,37,0.194,0.306,0.226,0.531,161,99,0.295,2.08,0.807,,0.4,27,16,9.0,1,56,20,24,9,14,5,0,59,2,2,0.206,0.6,35,4,8,4,2.0,4,6,40,0.229,0.325,0.457,0.782,154,94,-0.207,1.03,1.315,,-0.6,27,10,9.0,0,61,11,22,18,11,3,0,51,0,0,-0.294,-0.4
PIT/PIT201906190,"Wednesday, June 19, 2019",7:06 p.m. Local,PNC Park,18088,2:52,Night,Home,Pittsburgh Pirates,PIT,Detroit Tigers,DET,37,7,11,7,7.0,1,12,38,0.297,0.316,0.541,0.856,143,90,-0.03,1.2,0.632,,2.4,24,7,8.0,2,56,17,17,13,12,5,0,43,0,0,-0.47,-3.9,35,8,11,8,9.0,1,7,37,0.314,0.351,0.543,0.894,125,101,0.471,0.96,1.113,,3.9,27,9,9.0,2,69,10,22,12,16,5,0,28,0,0,0.03,-2.4
PIT/PIT201906210,"Friday, June 21, 2019",7:07 p.m. Local,PNC Park,33437,2:35,Night,Home,Pittsburgh Pirates,PIT,San Diego Padres,SDP,34,1,7,1,1.0,2,9,36,0.206,0.25,0.382,0.632,91,93,-0.608,0.93,0.542,,-3.6,24,10,8.0,0,58,18,17,8,17,9,0,64,0,0,0.109,2.1,28,2,6,2,1.12,1,5,30,0.214,0.241,0.25,0.491,140,65,-0.11,1.64,0.416,,-2.1,27,6,9.0,1,38,8,19,14,10,7,0,71,0,0,0.609,3.6
PIT/PIT201906220,"Saturday, June 22, 2019",4:07 p.m. Local,PNC Park,26929,3:18,Day,Home,Pittsburgh Pirates,PIT,San Diego Padres,SDP,31,3,6,3,3.0,7,12,40,0.194,0.333,0.323,0.656,149,98,-0.233,1.48,0.582,,-1.6,24,13,8.0,1,48,25,25,14,7,4,0,47,0,0,-0.268,-1.9,29,6,10,6,6.75,6,3,37,0.345,0.444,0.552,0.996,167,94,0.267,1.23,1.171,,1.9,27,12,9.0,1,64,11,19,16,12,4,0,61,1,0,0.234,1.6
PIT/PIT201906230,"Sunday, June 23, 2019",1:37 p.m. Local,PNC Park,25294,4:58,Day,Home,Pittsburgh Pirates,PIT,San Diego Padres,SDP,46,10,13,10,8.18,8,13,54,0.283,0.389,0.391,0.78,205,136,0.78,2.21,1.901,,4.4,32,9,10.2,0,79,29,31,9,24,7,0,43,2,2,-1.279,-6.2,47,11,17,11,7.59,4,9,55,0.362,0.407,0.468,0.875,229,133,1.28,1.41,2.52,,6.2,33,6,11.0,0,80,26,27,16,25,15,0,44,1,1,-0.78,-4.4
HOU/HOU201906250,"Tuesday, June 25, 2019",7:10 p.m. Local,Minute Maid Park,37193,2:57,Night,Home,Houston Astros,HOU,Pittsburgh Pirates,PIT,33,1,8,1,1.0,2,6,36,0.242,0.286,0.303,0.589,133,92,-0.403,0.61,0.436,,-4.1,24,3,8.0,2,55,17,20,13,15,11,0,46,1,0,-0.098,-0.4,33,5,10,5,5.62,1,7,36,0.303,0.314,0.606,0.92,134,88,0.097,1.15,0.532,,0.4,27,11,9.0,0,52,13,22,9,18,5,0,55,0,0,0.403,4.1
HOU/HOU201906260,"Wednesday, June 26, 2019",7:10 p.m. Local,Minute Maid Park,39312,3:17,Night,Away,Pittsburgh Pirates,PIT,Houston Astros,HOU,41,14,15,14,14.0,7,6,49,0.366,0.449,0.78,1.229,153,111,0.364,0.47,0.611,,8.9,27,13,9.0,1,70,19,22,13,23,12,0,58,0,0,0.136,3.1,34,2,9,2,2.0,3,6,37,0.265,0.324,0.412,0.736,194,94,-0.138,0.35,0.258,,-3.1,27,9,9.0,4,59,9,26,12,16,10,0,20,2,0,-0.364,-8.9
HOU/HOU201906270,"Thursday, June 27, 2019",1:10 p.m. Local,Minute Maid Park,38943,2:51,Day,Away,Pittsburgh Pirates,PIT,Houston Astros,HOU,39,10,14,10,10.0,2,6,41,0.359,0.39,0.846,1.236,121,99,0.34,0.32,0.492,,4.9,27,11,9.0,0,60,15,24,14,19,8,0,59,0,0,0.162,5.1,35,0,9,0,0.0,0,8,35,0.257,0.257,0.257,0.514,151,85,-0.159,0.29,0.091,,-5.1,27,12,9.0,5,51,11,23,16,11,7,0,22,0,0,-0.339,-4.9
MIL/MIL201906280,"Friday, June 28, 2019",7:10 p.m. Local,Miller Park,33931,3:00,Night,Away,Pittsburgh Pirates,PIT,Milwaukee Brewers,MIL,34,3,9,3,3.0,4,6,38,0.265,0.342,0.382,0.724,134,90,0.044,1.11,0.977,,-1.8,27,7,9.0,0,48,23,19,15,13,7,0,52,0,0,0.456,2.8,30,2,6,1,2.0,3,12,33,0.2,0.273,0.3,0.573,136,87,-0.459,1.65,0.396,,-2.8,27,12,9.0,1,42,21,24,6,12,6,0,53,0,0,-0.043,1.8
MIL/MIL201906290,"Saturday, June 29, 2019",7:17 p.m. Local,Miller Park,37821,2:52,Night,Home,Milwaukee Brewers,MIL,Pittsburgh Pirates,PIT,31,1,6,1,1.0,0,7,32,0.194,0.219,0.29,0.509,137,91,-0.489,0.78,0.323,,-3.8,24,11,8.0,1,58,21,12,13,11,6,0,53,0,0,-0.012,1.3,28,3,5,2,3.38,3,6,33,0.179,0.281,0.393,0.674,128,88,0.012,1.15,0.497,,-1.3,27,14,9.0,0,53,14,21,13,10,6,0,69,1,0,0.489,3.8
MIL/MIL201906300,"Sunday, June 30, 2019",1:11 p.m. Local,Miller Park,41257,3:40,Day,Home,Milwaukee Brewers,MIL,Pittsburgh Pirates,PIT,30,1,7,1,1.0,2,4,32,0.233,0.281,0.267,0.548,168,92,-0.616,1.41,0.369,,-3.8,24,10,8.0,1,59,12,21,10,16,8,0,52,5,0,0.117,2.3,31,2,8,2,2.25,7,10,39,0.258,0.395,0.419,0.814,145,102,-0.119,1.26,0.881,,-2.3,27,14,9.0,0,55,23,23,12,9,2,0,52,1,0,0.618,3.8
PIT/PIT201907010,"Monday, July 1, 2019",7:08 p.m. Local,PNC Park,17772,3:15,Night,Home,Pittsburgh Pirates,PIT,Chicago Cubs,CHC,38,5,13,5,5.0,3,7,42,0.342,0.405,0.474,0.878,154,91,0.024,0.37,0.265,,0.4,24,9,8.0,5,54,15,22,14,17,8,0,12,2,0,-0.526,-13.9,46,18,23,18,19.12,3,7,50,0.5,0.54,0.978,1.518,141,101,0.525,0.4,0.675,,13.9,27,11,9.0,1,65,18,18,11,28,16,0,32,2,0,-0.026,-0.4
PIT/PIT201907020,"Tuesday, July 2, 2019",7:07 p.m. Local,PNC Park,14573,2:43,Night,Home,Pittsburgh Pirates,PIT,Chicago Cubs,CHC,31,1,6,1,1.0,2,13,33,0.194,0.242,0.258,0.5,119,92,-0.294,0.55,0.117,,-3.6,24,12,8.0,1,48,19,27,14,4,1,0,46,2,2,-0.207,-0.9,29,5,7,5,5.62,3,6,33,0.241,0.303,0.414,0.717,132,76,0.206,0.53,0.444,,0.9,27,11,9.0,0,47,14,15,12,12,6,0,61,0,0,0.293,3.6
PIT/PIT201907030,"Wednesday, July 3, 2019",7:08 p.m. Local,PNC Park,17831,3:19,Night,Home,Pittsburgh Pirates,PIT,Chicago Cubs,CHC,36,5,9,5,5.0,3,11,40,0.25,0.325,0.5,0.825,116,102,0.265,1.61,1.069,,0.4,26,13,8.2,2,48,27,27,10,15,8,0,50,1,0,-0.765,-1.7,35,6,11,6,6.23,1,7,38,0.314,0.342,0.6,0.942,153,83,0.767,1.06,1.698,,1.7,27,9,9.0,3,55,12,16,15,14,8,0,50,0,0,-0.265,-0.4
PIT/PIT201907040,"Thursday, July 4, 2019",4:08 p.m. Local,PNC Park,29238,3:04,Day,Away,Chicago Cubs,CHC,Pittsburgh Pirates,PIT,41,11,15,11,11.0,2,13,44,0.366,0.409,0.854,1.263,124,107,0.565,0.81,0.94,,6.4,27,11,9.0,0,58,28,21,11,17,8,0,58,0,0,-0.065,1.6,31,3,6,3,3.0,1,7,34,0.194,0.206,0.258,0.464,158,79,0.066,0.62,0.491,,-1.6,27,12,9.0,4,51,9,19,11,15,7,0,20,2,2,-0.565,-6.4
PIT/PIT201907050,"Friday, July 5, 2019",7:06 p.m. Local,PNC Park,23229,4:13,Night,Away,Milwaukee Brewers,MIL,Pittsburgh Pirates,PIT,41,7,13,7,6.3,6,10,48,0.317,0.404,0.61,1.014,185,115,0.426,1.58,1.252,,1.9,30,9,10.0,2,66,17,32,14,18,10,0,62,3,0,0.073,-0.9,42,6,13,6,4.5,3,7,47,0.31,0.362,0.452,0.814,182,117,-0.073,1.11,1.203,,0.9,30,11,10.0,3,79,21,17,14,22,13,0,54,1,0,-0.426,-1.9
PIT/PIT201907060,"Saturday, July 6, 2019",6:35 p.m. Local,PNC Park,28038,3:26,Night,Home,Pittsburgh Pirates,PIT,Milwaukee Brewers,MIL,33,2,7,2,2.0,2,3,36,0.212,0.278,0.424,0.702,194,93,-0.14,0.51,0.369,,-2.6,24,8,8.0,2,58,6,29,12,18,6,0,30,0,0,-0.36,-7.9,39,12,17,12,13.5,5,9,44,0.436,0.5,0.718,1.218,140,128,0.358,0.7,0.683,,7.9,27,10,9.0,2,84,23,21,13,17,9,0,53,0,0,0.14,2.6
PIT/PIT201907070,"Sunday, July 7, 2019",1:37 p.m. Local,PNC Park,17624,3:04,Day,Home,Pittsburgh Pirates,PIT,Milwaukee Brewers,MIL,34,5,8,5,5.0,3,9,37,0.235,0.297,0.559,0.856,134,98,-0.104,0.82,0.937,,0.4,24,11,8.0,1,57,15,26,7,18,6,0,47,1,0,-0.396,-1.9,32,6,10,6,6.75,4,9,37,0.312,0.389,0.531,0.92,147,84,0.398,1.38,0.782,,1.9,27,6,9.0,3,47,16,21,15,9,4,0,54,0,0,0.103,-0.4
CHN/CHN201907120,"Friday, July 12, 2019",1:21 p.m. Local,Wrigley Field,40740,3:25,Day,Home,Chicago Cubs,CHC,Pittsburgh Pirates,PIT,32,3,5,3,3.0,2,10,34,0.156,0.206,0.281,0.487,143,95,-0.315,1.14,0.519,,-1.9,24,5,8.0,1,55,18,22,7,15,6,0,62,2,2,-0.185,0.3,28,4,6,4,4.5,5,11,34,0.214,0.324,0.321,0.645,147,94,0.184,1.19,0.782,,-0.3,27,6,9.0,1,45,23,26,6,12,5,0,75,1,0,0.316,1.9
CHN/CHN201907130,"Saturday, July 13, 2019",1:22 p.m. Local,Wrigley Field,40286,3:12,Day,Home,Chicago Cubs,CHC,Pittsburgh Pirates,PIT,37,4,11,4,4.0,0,7,37,0.297,0.297,0.568,0.865,158,80,-0.096,0.25,0.079,,-0.9,24,9,8.0,2,54,7,19,14,16,8,0,14,2,1,-0.403,-5.7,36,10,13,10,11.25,6,9,42,0.361,0.452,0.639,1.091,129,93,0.403,0.23,0.484,,5.7,27,13,9.0,3,52,21,20,13,14,8,0,52,3,0,0.097,0.9
CHN/CHN201907140,"Sunday, July 14, 2019",1:22 p.m. Local,Wrigley Field,39291,2:52,Day,Home,Chicago Cubs,CHC,Pittsburgh Pirates,PIT,32,3,9,3,3.0,2,4,36,0.281,0.314,0.344,0.658,130,80,-0.035,0.85,0.467,,-1.9,24,7,8.0,3,52,5,23,12,18,12,0,15,1,1,-0.464,-3.7,33,8,13,8,9.0,5,6,40,0.394,0.45,0.727,1.177,131,77,0.464,0.86,0.945,,3.7,27,14,9.0,0,48,17,12,8,21,11,0,50,0,0,0.035,1.9
SLN/SLN201907150,"Monday, July 15, 2019",7:16 p.m. Local,Busch Stadium III,41965,3:00,Night,Home,St. Louis Cardinals,STL,Pittsburgh Pirates,PIT,32,0,8,0,0.0,0,3,32,0.25,0.25,0.313,0.563,163,73,-0.298,0.42,0.171,,-4.7,24,6,8.0,2,51,9,13,20,9,3,0,40,2,0,-0.202,-2.9,30,7,8,6,6.75,4,10,37,0.267,0.378,0.5,0.878,100,104,0.201,0.6,0.445,,2.9,27,19,9.0,0,62,26,16,8,13,4,0,74,,,0.297,4.7
SLN/SLN201907160,"Tuesday, July 16, 2019",7:16 p.m. Local,Busch Stadium III,43777,3:04,Night,Away,Pittsburgh Pirates,PIT,St. Louis Cardinals,STL,30,3,5,3,3.0,4,9,35,0.167,0.286,0.2,0.486,126,81,-0.002,1.35,0.781,,-1.7,27,12,9.0,0,49,19,13,12,9,3,0,55,2,0,0.502,3.7,30,1,5,1,1.0,3,3,33,0.167,0.242,0.267,0.509,135,79,-0.503,1.42,0.544,,-3.7,27,11,9.0,0,58,5,16,12,15,3,0,72,0,0,0.003,1.7
SLN/SLN201907170,"Wednesday, July 17, 2019",12:15 p.m. Local,Busch Stadium III,43186,3:11,Day,Home,St. Louis Cardinals,STL,Pittsburgh Pirates,PIT,37,5,11,5,5.0,2,9,39,0.297,0.333,0.378,0.712,148,98,-0.054,1.19,0.919,,0.3,24,1,8.0,2,58,18,22,13,15,8,0,56,2,2,-0.447,-1.9,31,6,7,6,6.75,3,10,35,0.226,0.286,0.452,0.737,144,92,0.448,1.46,1.014,,1.9,27,10,9.0,1,51,20,21,5,17,5,0,30,2,0,0.054,-0.3
PIT/PIT201907190,"Friday, July 19, 2019",7:06 p.m. Local,PNC Park,34117,3:36,Night,Away,Philadelphia Phillies,PHI,Pittsburgh Pirates,PIT,41,6,15,5,6.0,5,9,46,0.366,0.435,0.512,0.947,134,125,0.074,1.01,0.984,,1.4,27,14,9.0,0,71,22,32,16,16,5,0,55,3,0,0.429,3.6,33,1,7,1,1.0,2,5,35,0.212,0.257,0.242,0.5,192,88,-0.428,1.25,0.277,,-3.6,27,10,9.0,1,61,9,18,17,11,4,0,57,5,0,-0.073,-1.4
PIT/PIT201907200,"Saturday, July 20, 2019",7:06 p.m. Local,PNC Park,38380,2:57,Night,Home,Pittsburgh Pirates,PIT,Philadelphia Phillies,PHI,29,1,3,1,0.0,3,11,33,0.103,0.212,0.103,0.316,131,87,-0.328,0.57,0.345,,-3.6,24,11,8.0,0,46,17,24,11,7,2,0,43,0,0,-0.172,-0.9,37,5,13,4,5.62,1,5,39,0.351,0.385,0.514,0.898,136,87,0.171,0.98,0.544,,0.9,27,11,9.0,0,60,13,14,15,17,9,0,72,0,0,0.328,3.6
PIT/PIT201907210,"Sunday, July 21, 2019",1:38 p.m. Local,PNC Park,24830,3:41,Day,Away,Philadelphia Phillies,PHI,Pittsburgh Pirates,PIT,38,2,6,2,1.64,2,8,42,0.158,0.238,0.289,0.528,176,114,-0.413,2.05,0.847,,-3.6,33,15,11.0,0,69,14,31,13,17,6,0,66,0,0,0.912,4.6,36,1,6,1,0.82,4,13,43,0.167,0.286,0.222,0.508,172,112,-0.913,1.43,0.667,,-4.6,33,12,11.0,1,68,23,23,15,9,6,0,65,0,0,0.412,3.6
PIT/PIT201907220,"Monday, July 22, 2019",7:06 p.m. Local,PNC Park,13096,4:05,Night,Away,St. Louis Cardinals,STL,Pittsburgh Pirates,PIT,37,6,8,6,4.5,5,14,44,0.216,0.318,0.432,0.751,211,106,0.042,1.93,1.016,,0.9,30,13,10.0,1,59,17,30,9,15,6,0,48,2,1,0.457,0.1,39,5,12,5,4.5,5,8,46,0.308,0.4,0.462,0.862,170,125,-0.458,1.39,1.162,,-0.1,30,9,10.0,2,81,20,24,17,15,9,0,56,3,0,-0.042,-0.9
PIT/PIT201907230,"Tuesday, July 23, 2019",7:07 p.m. Local,PNC Park,15778,2:46,Night,Away,St. Louis Cardinals,STL,Pittsburgh Pirates,PIT,34,4,7,4,4.0,2,10,36,0.206,0.25,0.441,0.691,122,85,-0.036,1.41,0.571,,-0.6,27,9,9.0,1,47,14,24,10,14,9,0,51,0,0,0.536,1.6,32,3,6,3,3.0,3,8,35,0.188,0.257,0.344,0.601,127,79,-0.537,0.89,0.568,,-1.6,27,11,9.0,2,49,14,16,9,15,8,0,46,0,0,0.036,0.6
PIT/PIT201907240,"Wednesday, July 24, 2019",7:07 p.m. Local,PNC Park,18675,3:17,Night,Away,St. Louis Cardinals,STL,Pittsburgh Pirates,PIT,39,14,15,14,10.0,5,6,47,0.385,0.457,0.923,1.38,162,104,0.646,0.4,0.774,,9.4,27,9,9.0,0,65,12,27,13,22,8,0,42,0,0,-0.147,-3.4,37,8,11,8,8.0,5,5,43,0.297,0.372,0.459,0.832,169,101,0.146,0.29,0.338,,3.4,27,10,9.0,5,64,11,26,13,20,8,0,17,1,0,-0.646,-9.4
PIT/PIT201907250,"Thursday, July 25, 2019",12:36 p.m. Local,PNC Park,24534,2:45,Day,Away,St. Louis Cardinals,STL,Pittsburgh Pirates,PIT,35,6,8,6,5.0,2,5,38,0.229,0.263,0.571,0.835,115,97,0.268,0.95,0.537,,1.4,27,9,9.0,0,68,9,20,12,19,7,0,54,0,0,0.232,1.6,31,3,7,3,3.0,1,8,36,0.226,0.286,0.258,0.544,144,85,-0.231,0.47,0.372,,-1.6,27,11,9.0,3,52,15,18,15,10,4,0,32,1,0,-0.269,-1.4
NYN/NYN201907260,"Friday, July 26, 2019",7:11 p.m. Local,Citi Field,33776,2:21,Night,Home,New York Mets,NYM,Pittsburgh Pirates,PIT,34,3,7,3,3.0,1,10,35,0.206,0.229,0.324,0.552,108,81,-0.141,0.53,0.613,,-1.4,24,6,8.0,4,50,13,18,9,15,5,0,41,0,0,-0.36,-2.1,30,6,6,6,6.75,0,4,31,0.2,0.226,0.667,0.892,117,78,0.36,1.11,0.615,,2.1,27,7,9.0,1,50,7,21,6,20,2,0,53,1,0,0.14,1.4
NYN/NYN201907270,"Saturday, July 27, 2019",7:11 p.m. Local,Citi Field,39944,2:10,Night,Home,New York Mets,NYM,Pittsburgh Pirates,PIT,31,0,5,0,0.0,0,7,31,0.161,0.161,0.226,0.387,115,67,-0.519,0.75,0.337,,-4.4,24,7,8.0,2,41,7,19,14,10,4,0,66,0,0,0.018,0.9,28,3,3,3,2.25,2,8,30,0.107,0.167,0.357,0.524,99,77,-0.019,1.1,0.415,,-0.9,27,15,9.0,0,41,21,15,7,13,2,0,84,,,0.518,4.4
NYN/NYN201907280,"Sunday, July 28, 2019",1:12 p.m. Local,Citi Field,32976,3:21,Day,Home,New York Mets,NYM,Pittsburgh Pirates,PIT,37,7,9,6,7.0,5,8,42,0.243,0.333,0.514,0.847,153,102,-0.116,0.37,0.369,,2.6,24,6,8.0,1,55,21,26,12,17,4,0,35,0,0,-0.384,-4.1,32,8,8,7,5.62,5,7,40,0.25,0.375,0.375,0.75,166,96,0.384,0.63,0.504,,4.1,27,5,9.0,3,53,16,27,10,16,5,0,47,2,1,0.117,-2.6
CIN/CIN201907290,"Monday, July 29, 2019",7:11 p.m. Local,Great American Ball Park,15944,3:13,Night,Home,Cincinnati Reds,CIN,Pittsburgh Pirates,PIT,34,6,9,6,6.0,3,7,37,0.265,0.324,0.588,0.913,150,90,-0.029,0.44,0.176,,1.1,24,6,8.0,1,54,19,17,11,16,8,0,16,5,4,-0.47,-6.6,38,11,13,9,6.75,4,7,42,0.342,0.405,0.474,0.878,144,92,0.47,0.24,0.634,,6.6,27,11,9.0,3,56,20,16,10,21,9,0,42,3,2,0.03,-1.1
CIN/CIN201907300,"Tuesday, July 30, 2019",7:10 p.m. Local,Great American Ball Park,18786,3:35,Night,Away,Pittsburgh Pirates,PIT,Cincinnati Reds,CIN,38,11,12,11,11.0,5,7,44,0.316,0.409,0.632,1.041,136,111,0.35,0.56,0.664,,6.1,27,9,9.0,2,70,16,25,11,20,9,0,58,0,0,0.153,0.9,36,4,8,4,3.0,2,10,38,0.222,0.263,0.417,0.68,183,93,-0.152,0.5,0.338,,-0.9,27,8,9.0,3,50,21,22,11,15,4,0,26,3,1,-0.348,-6.1
CIN/CIN201907310,"Wednesday, July 31, 2019",12:37 p.m. Local,Great American Ball Park,20886,2:45,Day,Home,Cincinnati Reds,CIN,Pittsburgh Pirates,PIT,33,1,6,1,1.0,1,8,34,0.182,0.206,0.212,0.418,120,84,-0.41,0.55,0.214,,-3.9,24,12,8.0,2,46,27,11,15,10,3,0,42,3,0,-0.09,0.4,32,4,10,4,4.5,2,7,36,0.312,0.389,0.594,0.983,129,81,0.089,0.84,0.444,,-0.4,27,8,9.0,0,48,11,22,11,14,8,0,68,2,1,0.411,3.9
PIT/PIT201908020,"Friday, August 2, 2019",7:07 p.m. Local,PNC Park,24311,3:11,Night,Home,Pittsburgh Pirates,PIT,New York Mets,NYM,35,4,9,3,3.0,3,6,39,0.257,0.316,0.343,0.659,151,102,-0.003,0.75,0.625,,-0.6,24,7,8.0,1,61,16,25,15,15,9,0,32,1,0,-0.497,-3.9,32,8,10,8,9.0,6,6,39,0.312,0.421,0.438,0.859,155,86,0.497,0.91,0.84,,3.9,27,13,9.0,0,51,12,23,11,16,6,0,47,1,1,0.003,0.6
PIT/PIT201908030,"Saturday, August 3, 2019",7:07 p.m. Local,PNC Park,37335,3:21,Night,Away,New York Mets,NYM,Pittsburgh Pirates,PIT,38,7,11,7,4.0,3,10,42,0.289,0.357,0.553,0.91,163,105,0.359,1.19,1.287,,2.4,27,11,9.0,1,59,23,23,15,13,7,0,38,5,1,0.143,-0.4,35,5,10,5,5.0,5,9,41,0.286,0.39,0.4,0.79,148,97,-0.143,1.34,0.748,,0.4,27,9,9.0,2,54,17,26,10,16,11,0,62,1,0,-0.358,-2.4
PIT/PIT201908040,"Sunday, August 4, 2019",1:37 p.m. Local,PNC Park,22716,2:51,Day,Away,New York Mets,NYM,Pittsburgh Pirates,PIT,43,13,16,11,11.0,2,11,46,0.372,0.413,0.721,1.134,110,107,0.369,0.28,0.5,,8.4,27,13,9.0,1,58,23,26,15,17,8,0,69,0,0,0.13,2.6,31,2,4,2,2.0,1,5,32,0.129,0.156,0.258,0.414,151,80,-0.129,0.23,0.052,,-2.6,27,9,9.0,3,49,14,17,16,10,1,0,13,1,0,-0.37,-8.4
PIT/PIT201908050,"Monday, August 5, 2019",7:07 p.m. Local,PNC Park,11208,3:32,Night,Away,Milwaukee Brewers,MIL,Pittsburgh Pirates,PIT,39,9,13,9,7.0,3,9,43,0.333,0.372,0.564,0.936,180,98,0.299,0.96,0.659,,4.4,27,11,9.0,2,54,14,30,14,17,6,0,54,2,0,0.202,-2.4,35,7,8,7,5.0,5,7,40,0.229,0.325,0.543,0.868,157,111,-0.2,0.61,0.581,,2.4,27,7,9.0,3,70,12,31,15,13,6,0,30,2,1,-0.3,-4.4
PIT/PIT201908060,"Tuesday, August 6, 2019",7:06 p.m. Local,PNC Park,13965,3:19,Night,Away,Milwaukee Brewers,MIL,Pittsburgh Pirates,PIT,32,4,7,2,3.0,3,12,37,0.219,0.297,0.313,0.61,146,102,0.116,1.88,0.753,,-0.6,27,11,9.0,1,64,11,27,12,9,6,0,52,2,0,0.384,1.6,35,3,10,3,3.0,1,5,37,0.286,0.306,0.457,0.763,163,95,-0.384,1.14,1.014,,-1.6,27,10,9.0,0,69,14,12,16,15,8,0,59,1,0,-0.115,0.6
PIT/PIT201908070,"Wednesday, August 7, 2019",7:08 p.m. Local,PNC Park,12885,3:09,Night,Away,Milwaukee Brewers,MIL,Pittsburgh Pirates,PIT,38,8,10,8,7.0,3,8,43,0.263,0.326,0.553,0.878,145,105,0.327,0.5,0.502,,3.4,27,8,9.0,1,58,20,27,17,14,6,0,55,2,1,0.175,1.6,34,3,6,3,1.0,3,9,37,0.176,0.243,0.265,0.508,161,97,-0.173,0.3,0.199,,-1.6,27,13,9.0,2,59,17,21,13,12,4,0,27,0,0,-0.325,-3.4
SLN/SLN201908090,"Friday, August 9, 2019",7:15 p.m. Local,Busch Stadium III,42757,2:52,Night,Home,St. Louis Cardinals,STL,Pittsburgh Pirates,PIT,30,2,7,2,2.0,3,5,36,0.233,0.306,0.333,0.639,139,78,-0.337,1.19,0.519,,-2.7,24,8,8.0,1,49,9,20,13,14,8,0,59,1,1,-0.162,-1.9,32,6,10,5,5.62,1,10,34,0.312,0.324,0.531,0.855,120,92,0.163,1.21,0.883,,1.9,27,13,9.0,0,51,16,25,11,12,7,0,42,2,0,0.339,2.7
SLN/SLN201908100,"Saturday, August 10, 2019",6:16 p.m. Local,Busch Stadium III,45026,2:40,Night,Home,St. Louis Cardinals,STL,Pittsburgh Pirates,PIT,33,1,6,1,1.0,2,9,35,0.182,0.229,0.273,0.501,119,86,-0.484,0.91,0.418,,-3.7,24,9,8.0,0,51,17,18,8,16,8,0,47,2,1,-0.015,1.1,26,3,7,1,3.38,3,9,30,0.269,0.345,0.346,0.691,123,80,0.014,1.24,0.55,,-1.1,27,7,9.0,1,35,18,27,7,11,5,0,62,0,0,0.485,3.7
SLN/SLN201908110,"Sunday, August 11, 2019",1:16 p.m. Local,Busch Stadium III,43912,3:40,Day,Home,St. Louis Cardinals,STL,Pittsburgh Pirates,PIT,37,9,13,8,8.0,1,8,39,0.351,0.385,0.676,1.06,172,97,0.379,1.15,1.201,,4.3,24,8,8.0,3,59,17,21,8,21,9,0,38,4,0,-0.879,-6.9,38,11,14,11,12.38,4,7,44,0.368,0.455,0.658,1.112,149,110,0.879,1.09,1.593,,6.9,27,12,9.0,3,68,16,26,11,20,9,0,34,2,2,-0.378,-4.3
ANA/ANA201908120,"Monday, August 12, 2019",7:07 p.m. Local,Angel Stadium of Anaheim,33527,3:08,Night,Away,Pittsburgh Pirates,PIT,Los Angeles Angels,LAA,42,10,13,8,8.0,0,7,43,0.31,0.326,0.667,0.992,153,103,0.373,0.45,0.601,,5.1,27,10,9.0,0,65,19,19,14,21,11,0,53,0,0,0.128,2.9,35,2,9,1,1.0,2,8,39,0.257,0.308,0.257,0.565,150,105,-0.129,0.45,0.208,,-2.9,27,11,9.0,4,63,19,23,14,14,9,0,27,0,0,-0.373,-5.1
ANA/ANA201908130,"Tuesday, August 13, 2019",7:08 p.m. Local,Angel Stadium of Anaheim,33568,3:46,Night,Away,Pittsburgh Pirates,PIT,Los Angeles Angels,LAA,41,10,17,9,10.0,5,6,48,0.415,0.479,0.634,1.113,158,122,0.6,0.88,1.179,,5.1,27,12,9.0,0,70,24,28,14,22,7,0,30,1,0,-0.1,-2.1,34,7,10,7,7.0,7,6,41,0.294,0.415,0.441,0.856,188,92,0.1,0.89,0.756,,2.1,27,12,9.0,2,47,20,25,15,13,6,0,37,1,0,-0.6,-5.1
ANA/ANA201908140,"Wednesday, August 14, 2019",5:08 p.m. Local,Angel Stadium of Anaheim,33544,3:06,Night,Home,Los Angeles Angels,LAA,Pittsburgh Pirates,PIT,31,4,6,2,3.0,2,10,36,0.194,0.306,0.258,0.564,149,80,-0.232,0.77,0.62,,-0.9,24,7,8.0,0,40,20,20,16,5,4,0,51,0,0,-0.269,-2.7,32,7,10,6,6.75,2,14,35,0.312,0.353,0.375,0.728,130,94,0.27,1.1,0.714,,2.7,27,15,9.0,0,51,20,26,9,10,7,0,61,0,0,0.231,0.9
PIT/PIT201908160,"Friday, August 16, 2019",7:07 p.m. Local,PNC Park,29746,2:49,Night,Home,Pittsburgh Pirates,PIT,Chicago Cubs,CHC,31,2,5,2,2.0,2,10,33,0.161,0.212,0.258,0.47,127,81,-0.061,1.93,0.735,,-2.6,26,12,8.2,0,49,13,19,10,11,6,0,67,1,1,-0.439,0.8,30,3,5,3,3.12,4,3,34,0.167,0.265,0.167,0.431,121,80,0.437,1.22,1.213,,-0.8,27,9,9.0,0,61,8,11,15,12,7,0,71,2,2,0.061,2.6
PIT/PIT201908170,"Saturday, August 17, 2019",1:37 p.m. Local,PNC Park,28359,2:45,Day,Away,Chicago Cubs,CHC,Pittsburgh Pirates,PIT,29,2,4,1,2.0,2,10,33,0.138,0.242,0.241,0.484,139,75,-0.147,1.98,0.461,,-2.6,27,13,9.0,0,46,13,16,10,9,1,0,62,3,0,0.649,4.6,31,0,4,0,0.0,6,5,38,0.129,0.289,0.161,0.451,114,85,-0.65,0.86,0.829,,-4.6,27,9,9.0,1,54,9,22,14,12,9,0,76,0,0,0.149,2.6
PIT/PIT201908180,"Sunday, August 18, 2019",7:11 p.m. Local,BB&T Park,2503,3:20,Night,Away,Chicago Cubs,CHC,Pittsburgh Pirates,PIT,35,7,9,7,7.0,7,14,42,0.257,0.381,0.6,0.981,131,104,0.266,0.49,0.491,,2.4,27,8,9.0,1,50,28,26,10,11,3,0,74,1,0,0.235,3.6,34,1,7,1,1.0,1,11,36,0.206,0.25,0.353,0.603,179,90,-0.234,0.32,0.178,,-3.6,27,7,9.0,3,57,12,21,11,12,5,0,28,1,1,-0.266,-2.4
PIT/PIT201908190,"Monday, August 19, 2019",7:06 p.m. Local,PNC Park,11284,3:16,Night,Away,Washington Nationals,WSN,Pittsburgh Pirates,PIT,39,13,15,13,11.0,4,11,45,0.385,0.444,0.872,1.316,143,111,0.436,0.09,0.479,,8.4,27,12,9.0,0,68,12,31,10,19,6,0,56,2,0,0.064,4.6,30,0,4,0,0.0,2,4,32,0.133,0.188,0.167,0.354,181,94,-0.064,0.22,0.007,,-4.6,27,12,9.0,4,64,9,21,13,13,5,0,14,0,0,-0.436,-8.4
PIT/PIT201908200,"Tuesday, August 20, 2019",7:08 p.m. Local,PNC Park,10449,3:00,Night,Home,Pittsburgh Pirates,PIT,Washington Nationals,WSN,30,1,6,1,1.0,5,8,36,0.2,0.333,0.233,0.567,115,80,-0.327,1.61,0.495,,-3.6,24,11,8.0,1,41,12,27,6,16,9,0,74,3,3,-0.173,0.1,29,4,7,4,4.5,3,6,33,0.241,0.303,0.345,0.648,136,72,0.173,1.0,0.964,,-0.1,27,8,9.0,0,35,17,20,13,11,5,0,51,2,1,0.327,3.6
PIT/PIT201908210,"Wednesday, August 21, 2019",7:08 p.m. Local,PNC Park,10577,2:54,Night,Away,Washington Nationals,WSN,Pittsburgh Pirates,PIT,40,11,12,11,10.0,7,3,47,0.3,0.404,0.5,0.904,106,107,0.312,0.4,0.596,,6.4,27,13,9.0,0,66,10,31,15,22,9,0,78,0,0,0.187,3.6,31,1,5,1,1.0,2,4,33,0.161,0.212,0.194,0.406,169,72,-0.187,0.4,0.07,,-3.6,27,11,9.0,1,47,11,14,17,10,4,0,30,5,1,-0.314,-6.4
PIT/PIT201908220,"Thursday, August 22, 2019",7:15 p.m. Local,PNC Park,10587,3:19,Night,Away,Washington Nationals,WSN,Pittsburgh Pirates,PIT,41,7,14,6,7.0,3,9,44,0.341,0.386,0.61,0.996,152,111,0.09,1.08,0.603,,2.4,27,8,9.0,1,59,24,28,15,17,9,0,52,0,0,0.408,3.6,34,1,7,1,1.0,1,7,35,0.206,0.229,0.324,0.552,174,102,-0.407,0.69,0.387,,-3.6,27,8,9.0,2,62,19,21,11,16,7,0,53,0,0,-0.092,-2.4
PIT/PIT201908230,"Friday, August 23, 2019",7:06 p.m. Local,PNC Park,20091,2:53,Night,Home,Pittsburgh Pirates,PIT,Cincinnati Reds,CIN,34,2,8,2,2.0,2,14,36,0.235,0.278,0.412,0.69,120,102,-0.132,1.96,0.777,,-2.6,25,13,8.1,0,51,32,19,7,13,5,0,60,0,0,-0.368,0.4,33,3,9,3,3.24,2,6,36,0.273,0.314,0.303,0.617,145,82,0.367,1.22,1.256,,-0.4,27,5,9.0,1,54,10,18,16,12,6,0,64,2,0,0.132,2.6
PIT/PIT201908240,"Saturday, August 24, 2019",7:07 p.m. Local,PNC Park,26776,2:45,Night,Home,Pittsburgh Pirates,PIT,Cincinnati Reds,CIN,31,0,7,0,0.0,3,8,34,0.226,0.294,0.258,0.552,152,87,-0.343,0.5,0.124,,-4.6,24,11,8.0,2,48,16,23,10,13,5,0,44,5,5,-0.158,-9.9,33,14,10,13,14.62,4,5,40,0.303,0.41,0.545,0.956,141,91,0.158,0.55,0.419,,9.9,27,10,9.0,0,59,16,16,16,13,5,0,68,0,0,0.343,4.6
PIT/PIT201908250,"Sunday, August 25, 2019",1:38 p.m. Local,PNC Park,22349,3:25,Day,Home,Pittsburgh Pirates,PIT,Cincinnati Reds,CIN,37,8,11,8,8.0,2,11,42,0.297,0.357,0.595,0.952,167,111,0.064,0.74,0.846,,3.4,24,9,8.0,0,68,13,30,7,20,8,0,13,0,0,-0.563,-4.9,34,9,12,8,9.0,3,8,40,0.353,0.41,0.588,0.998,163,100,0.564,1.15,0.871,,4.9,27,4,9.0,3,59,15,26,13,15,6,0,40,0,0,-0.064,-3.4
PHI/PHI201908260,"Monday, August 26, 2019",7:07 p.m. Local,Citizens Bank Park,27932,3:57,Night,Home,Philadelphia Phillies,PHI,Pittsburgh Pirates,PIT,41,5,13,5,4.09,4,7,46,0.317,0.378,0.439,0.817,174,94,0.055,1.69,1.372,,-0.9,30,6,10.0,4,58,17,19,12,23,10,0,60,0,0,-0.555,-0.6,40,6,11,6,5.4,4,11,44,0.275,0.341,0.575,0.916,156,112,0.555,1.63,1.933,,0.6,33,12,11.0,1,58,24,30,9,20,11,0,45,5,2,-0.056,0.9
PHI/PHI201908270,"Tuesday, August 27, 2019",7:08 p.m. Local,Citizens Bank Park,26200,3:19,Night,Away,Pittsburgh Pirates,PIT,Philadelphia Phillies,PHI,35,5,11,4,4.0,3,5,39,0.314,0.368,0.6,0.968,155,80,0.252,1.49,1.092,,0.1,27,10,9.0,1,50,15,16,13,18,11,0,39,1,0,0.248,0.9,37,4,11,4,4.0,1,4,39,0.297,0.333,0.486,0.82,141,97,-0.248,1.27,0.979,,-0.9,27,11,9.0,2,63,8,26,12,21,12,0,39,0,0,-0.254,-0.1
PHI/PHI201908280,"Wednesday, August 28, 2019",6:07 p.m. Local,Citizens Bank Park,24224,3:20,Night,Home,Philadelphia Phillies,PHI,Pittsburgh Pirates,PIT,35,3,9,3,3.0,0,7,35,0.257,0.257,0.457,0.714,189,90,-0.112,0.45,0.325,,-1.9,24,8,8.0,2,60,11,19,12,16,6,0,15,2,1,-0.388,-7.7,41,12,17,11,12.38,3,12,44,0.415,0.455,0.756,1.211,122,118,0.387,0.64,0.695,,7.7,27,7,9.0,2,72,17,29,15,14,9,0,54,0,0,0.113,1.9
COL/COL201908290,"Thursday, August 29, 2019",6:41 p.m. Local,Coors Field,33408,3:14,Night,Away,Pittsburgh Pirates,PIT,Colorado Rockies,COL,40,11,15,11,11.0,2,8,45,0.375,0.432,0.675,1.107,150,93,0.461,0.37,0.607,,5.4,27,6,9.0,1,51,15,27,12,21,11,0,57,3,1,0.038,-2.4,38,8,12,8,8.0,2,10,40,0.316,0.35,0.553,0.903,152,102,-0.039,0.32,0.256,,2.4,27,10,9.0,3,59,17,26,8,20,8,0,9,1,0,-0.461,-5.4
COL/COL201908300,"Friday, August 30, 2019",6:42 p.m. Local,Coors Field,27789,3:18,Night,Away,Pittsburgh Pirates,PIT,Colorado Rockies,COL,39,9,16,9,8.0,1,4,42,0.41,0.429,0.59,1.018,155,104,0.299,0.81,0.707,,3.4,27,10,9.0,2,70,11,23,23,13,4,0,39,1,0,0.202,1.6,36,4,10,4,4.0,1,9,38,0.278,0.297,0.5,0.797,153,98,-0.201,0.65,0.409,,-1.6,27,20,9.0,1,57,16,25,17,11,4,0,24,0,0,-0.299,-3.4
COL/COL201908310,"Saturday, August 31, 2019",6:11 p.m. Local,Coors Field,37293,3:26,Night,Away,Pittsburgh Pirates,PIT,Colorado Rockies,COL,44,11,18,10,9.0,3,6,49,0.409,0.438,0.682,1.119,139,121,0.362,0.63,0.671,,5.4,27,10,9.0,2,80,19,22,19,21,12,0,48,0,0,0.135,1.6,33,4,9,4,4.0,1,10,37,0.273,0.297,0.545,0.843,184,89,-0.136,0.47,0.323,,-1.6,27,13,9.0,3,46,20,23,13,12,5,0,21,0,0,-0.365,-5.4
COL/COL201909010,"Sunday, September 1, 2019",1:10 p.m. Local,Coors Field,32685,3:19,Day,Away,Pittsburgh Pirates,PIT,Colorado Rockies,COL,39,6,14,5,3.0,2,8,42,0.359,0.39,0.538,0.929,127,95,0.079,1.32,0.737,,0.4,27,11,9.0,1,60,16,19,21,11,4,0,58,2,0,0.423,3.6,32,2,5,2,2.0,3,9,36,0.156,0.25,0.25,0.5,147,85,-0.422,0.92,0.637,,-3.6,27,17,9.0,2,46,16,23,12,11,5,0,43,1,0,-0.077,-0.4
PIT/PIT201909030,"Tuesday, September 3, 2019",7:06 p.m. Local,PNC Park,9169,3:24,Night,Away,Miami Marlins,MIA,Pittsburgh Pirates,PIT,37,5,7,3,2.7,5,14,43,0.189,0.302,0.405,0.708,145,107,0.323,1.68,1.438,,-0.1,30,16,10.0,1,59,22,26,10,13,5,0,58,4,1,0.176,1.1,31,4,4,3,3.6,8,9,40,0.129,0.308,0.226,0.533,172,82,-0.175,1.36,0.875,,-1.1,30,9,10.0,2,48,14,20,15,8,3,0,58,1,0,-0.322,0.1
PIT/PIT201909040,"Wednesday, September 4, 2019",7:07 p.m. Local,PNC Park,9043,2:59,Night,Home,Pittsburgh Pirates,PIT,Miami Marlins,MIA,38,5,10,5,4.0,2,8,40,0.263,0.3,0.553,0.853,105,94,0.29,1.69,0.915,,0.4,24,12,8.0,1,61,16,17,11,19,5,0,48,0,0,-0.791,-2.3,33,6,10,6,5.62,3,4,38,0.303,0.395,0.545,0.94,150,67,0.791,0.88,1.771,,2.3,27,9,9.0,2,45,5,17,12,17,6,0,53,1,0,-0.291,-0.4
PIT/PIT201909050,"Thursday, September 5, 2019",7:07 p.m. Local,PNC Park,9642,3:38,Night,Away,Miami Marlins,MIA,Pittsburgh Pirates,PIT,39,10,16,9,9.0,6,6,47,0.41,0.5,0.538,1.038,159,105,0.614,0.85,1.217,,5.4,27,9,9.0,3,62,18,25,17,17,7,0,30,0,0,-0.113,-2.4,38,7,10,5,5.0,2,9,42,0.263,0.333,0.579,0.912,171,106,0.114,1.08,0.673,,2.4,27,17,9.0,1,68,20,18,12,17,9,0,22,5,2,-0.613,-5.4
PIT/PIT201909060,"Friday, September 6, 2019",7:06 p.m. Local,PNC Park,19090,3:28,Night,Home,Pittsburgh Pirates,PIT,St. Louis Cardinals,STL,35,4,9,4,4.0,4,6,39,0.257,0.333,0.486,0.819,163,99,0.044,1.34,0.621,,-0.6,24,9,8.0,0,57,10,32,13,16,9,0,60,4,4,-0.544,-4.9,34,9,12,9,10.12,6,11,41,0.353,0.463,0.471,0.934,168,104,0.541,0.74,1.302,,4.9,27,10,9.0,2,66,18,20,12,11,7,0,52,3,0,-0.045,0.6
PIT/PIT201909070,"Saturday, September 7, 2019",7:06 p.m. Local,PNC Park,23996,3:24,Night,Away,St. Louis Cardinals,STL,Pittsburgh Pirates,PIT,39,10,11,10,9.0,5,7,46,0.282,0.391,0.462,0.853,129,107,0.285,0.55,0.612,,5.4,27,13,9.0,0,62,13,32,14,18,8,0,63,0,0,0.217,3.6,31,1,6,1,1.0,2,7,33,0.194,0.242,0.258,0.5,181,80,-0.217,0.48,0.184,,-3.6,27,12,9.0,1,47,14,19,15,9,4,0,34,2,0,-0.284,-5.4
PIT/PIT201909080,"Sunday, September 8, 2019",1:36 p.m. Local,PNC Park,18363,2:50,Day,Away,St. Louis Cardinals,STL,Pittsburgh Pirates,PIT,30,2,5,2,2.0,4,4,35,0.167,0.265,0.233,0.498,120,87,-0.13,1.41,0.438,,-2.6,27,9,9.0,0,51,16,20,13,14,10,0,81,0,0,0.63,4.6,30,0,5,0,0.0,1,11,32,0.167,0.219,0.233,0.452,143,79,-0.629,0.81,0.388,,-4.6,27,14,9.0,0,42,18,19,11,8,5,0,51,1,0,0.129,2.6
SFN/SFN201909090,"Monday, September 9, 2019",6:45 p.m. Local,Oracle Park,26826,3:09,Night,Away,Pittsburgh Pirates,PIT,San Francisco Giants,SFG,37,6,10,6,5.0,3,5,41,0.27,0.317,0.432,0.75,137,88,0.591,1.04,1.538,,1.5,27,16,9.0,0,53,11,24,13,20,8,0,40,2,0,-0.091,0.5,33,4,9,4,4.0,3,10,38,0.273,0.351,0.333,0.685,141,87,0.093,1.71,0.753,,-0.5,27,10,9.0,1,46,17,26,16,8,5,0,60,4,3,-0.59,-1.5
SFN/SFN201909100,"Tuesday, September 10, 2019",6:45 p.m. Local,Oracle Park,26877,2:57,Night,Home,San Francisco Giants,SFG,Pittsburgh Pirates,PIT,32,4,7,4,4.0,3,7,36,0.219,0.286,0.344,0.629,128,93,-0.31,0.46,0.378,,-0.5,24,11,8.0,1,62,12,19,12,14,9,0,36,0,0,-0.19,-1.0,33,5,9,5,5.62,0,9,33,0.273,0.273,0.424,0.697,149,95,0.191,0.93,0.453,,1.0,27,10,9.0,1,59,15,21,19,5,2,0,68,4,2,0.309,0.5
SFN/SFN201909110,"Wednesday, September 11, 2019",6:45 p.m. Local,Oracle Park,26627,2:51,Night,Away,Pittsburgh Pirates,PIT,San Francisco Giants,SFG,35,6,9,5,5.0,4,11,41,0.257,0.325,0.343,0.668,128,97,0.268,1.34,0.687,,1.5,27,10,9.0,0,53,20,24,10,16,9,0,47,2,1,0.234,1.5,31,3,3,3,2.0,3,9,34,0.097,0.176,0.097,0.273,157,86,-0.232,0.67,0.593,,-1.5,27,7,9.0,0,51,14,21,13,9,4,0,37,3,0,-0.267,-1.5
SFN/SFN201909120,"Thursday, September 12, 2019",12:45 p.m. Local,Oracle Park,30918,2:57,Day,Away,Pittsburgh Pirates,PIT,San Francisco Giants,SFG,32,4,8,4,4.0,1,4,35,0.25,0.265,0.5,0.765,149,76,0.109,1.58,0.52,,-0.5,27,7,9.0,1,51,13,14,11,19,7,0,66,0,0,0.39,2.5,35,2,8,2,2.0,2,13,38,0.229,0.289,0.371,0.661,121,99,-0.391,0.69,0.76,,-2.5,27,11,9.0,1,48,24,27,11,11,4,0,42,0,0,-0.11,0.5
CHN/CHN201909130,"Friday, September 13, 2019",3:07 p.m. Local,Wrigley Field,39080,3:52,Day,Home,Chicago Cubs,CHC,Pittsburgh Pirates,PIT,40,8,13,5,5.0,2,9,42,0.325,0.357,0.525,0.882,206,105,0.24,0.41,0.61,,3.1,24,7,8.0,5,61,18,26,14,17,8,0,1,1,1,-0.74,-12.7,40,17,16,17,19.12,10,9,51,0.4,0.529,0.85,1.379,160,111,0.741,0.56,0.922,,12.7,27,8,9.0,0,67,17,27,11,20,11,0,23,0,0,-0.241,-3.1
CHN/CHN201909140,"Saturday, September 14, 2019",1:22 p.m. Local,Wrigley Field,39928,3:23,Day,Home,Chicago Cubs,CHC,Pittsburgh Pirates,PIT,34,1,8,1,1.0,1,6,38,0.235,0.289,0.324,0.613,162,93,-0.151,0.48,0.208,,-3.9,24,10,8.0,4,57,10,26,11,18,10,0,18,2,1,-0.348,-9.7,36,14,14,14,15.75,2,7,43,0.389,0.476,0.778,1.254,145,92,0.348,0.44,0.608,,9.7,27,8,9.0,0,59,11,24,13,17,10,0,56,2,0,0.151,3.9
CHN/CHN201909150,"Sunday, September 15, 2019",1:21 p.m. Local,Wrigley Field,39103,3:28,Day,Home,Chicago Cubs,CHC,Pittsburgh Pirates,PIT,39,6,14,6,6.0,2,6,41,0.359,0.39,0.436,0.826,158,99,0.327,0.52,0.809,,1.1,24,7,8.0,5,66,13,20,20,13,10,0,14,3,2,-0.827,-11.7,41,16,19,15,16.88,3,5,46,0.463,0.478,0.976,1.454,163,109,0.827,0.8,1.043,,11.7,27,14,9.0,0,74,11,24,14,24,13,0,21,2,0,-0.326,-1.1
PIT/PIT201909170,"Tuesday, September 17, 2019",7:07 p.m. Local,PNC Park,10933,2:58,Night,Away,Seattle Mariners,SEA,Pittsburgh Pirates,PIT,34,6,10,6,6.0,5,11,40,0.294,0.375,0.618,0.993,127,97,0.143,0.62,0.525,,1.4,27,12,9.0,0,59,9,29,13,11,6,0,69,0,0,0.357,4.6,33,0,8,0,0.0,1,5,34,0.242,0.265,0.273,0.537,163,76,-0.357,0.61,0.134,,-4.6,27,11,9.0,3,52,8,19,13,15,8,0,52,1,0,-0.144,-1.4
PIT/PIT201909180,"Wednesday, September 18, 2019",7:07 p.m. Local,PNC Park,9875,2:47,Night,Away,Seattle Mariners,SEA,Pittsburgh Pirates,PIT,32,4,7,4,4.0,4,10,36,0.219,0.306,0.469,0.774,117,93,0.137,0.96,0.474,,-0.6,27,12,9.0,0,48,17,28,9,13,7,0,52,0,0,0.362,3.6,31,1,6,1,1.0,3,2,34,0.194,0.265,0.29,0.555,151,74,-0.362,0.52,0.326,,-3.6,27,7,9.0,2,48,8,18,12,17,8,0,44,3,0,-0.137,0.6
PIT/PIT201909190,"Thursday, September 19, 2019",12:37 p.m. Local,PNC Park,12543,4:16,Day,Away,Seattle Mariners,SEA,Pittsburgh Pirates,PIT,43,6,13,5,2.45,5,12,49,0.302,0.375,0.326,0.701,160,137,0.028,1.56,1.57,,0.4,33,13,11.0,0,78,25,34,20,12,8,0,30,0,0,0.473,0.6,43,5,11,5,4.09,3,10,46,0.256,0.304,0.349,0.653,212,106,-0.472,1.92,0.883,,-0.6,33,14,11.0,0,68,17,21,20,13,9,0,49,0,0,-0.026,-0.4
MIL/MIL201909200,"Friday, September 20, 2019",7:10 p.m. Local,Miller Park,43390,2:59,Night,Home,Milwaukee Brewers,MIL,Pittsburgh Pirates,PIT,33,1,6,1,1.0,2,7,35,0.182,0.229,0.333,0.562,144,88,-0.29,0.44,0.195,,-3.8,24,11,8.0,0,55,12,21,9,17,4,0,39,8,2,-0.208,-5.7,31,10,10,8,9.0,6,8,39,0.323,0.436,0.452,0.888,134,87,0.207,0.55,0.523,,5.7,27,7,9.0,1,43,20,24,14,10,6,0,69,0,0,0.292,3.8
MIL/MIL201909210,"Saturday, September 21, 2019",6:10 p.m. Local,Miller Park,42888,3:10,Night,Home,Milwaukee Brewers,MIL,Pittsburgh Pirates,PIT,33,1,6,0,0.0,1,6,34,0.182,0.206,0.182,0.388,167,74,-0.194,0.58,0.182,,-3.8,24,7,8.0,2,45,11,18,12,15,9,0,29,3,1,-0.308,-5.7,34,10,10,10,11.25,6,8,42,0.294,0.429,0.529,0.958,120,96,0.306,0.52,0.631,,5.7,27,10,9.0,0,54,20,22,13,13,5,0,56,1,0,0.192,3.8
MIL/MIL201909220,"Sunday, September 22, 2019",1:11 p.m. Local,Miller Park,43321,2:54,Day,Home,Milwaukee Brewers,MIL,Pittsburgh Pirates,PIT,32,3,4,2,0.0,0,14,32,0.125,0.125,0.125,0.25,134,97,-0.456,0.62,0.198,,-1.8,24,6,8.0,3,56,22,19,12,6,3,0,57,0,0,-0.043,0.3,30,4,7,4,4.5,4,9,35,0.233,0.324,0.533,0.857,144,82,0.044,0.89,0.46,,-0.3,27,8,9.0,0,40,17,24,6,16,3,0,59,3,2,0.457,1.8
PIT/PIT201909240,"Tuesday, September 24, 2019",7:05 p.m. Local,PNC Park,9989,3:10,Night,Home,Pittsburgh Pirates,PIT,Chicago Cubs,CHC,36,2,9,2,2.0,4,11,40,0.25,0.325,0.361,0.686,149,96,-0.252,0.92,0.439,,-2.6,24,7,8.0,1,44,27,25,10,15,10,0,45,6,2,-0.25,-4.9,37,9,10,7,6.75,1,7,38,0.27,0.289,0.405,0.695,150,105,0.251,0.85,0.751,,4.9,27,8,9.0,0,69,14,22,11,19,7,0,54,0,0,0.251,2.6
PIT/PIT201909250,"Wednesday, September 25, 2019",7:07 p.m. Local,PNC Park,10592,2:54,Night,Home,Pittsburgh Pirates,PIT,Chicago Cubs,CHC,31,2,6,2,2.0,3,6,35,0.194,0.286,0.355,0.641,160,76,-0.319,1.21,0.678,,-2.6,24,10,8.0,0,39,9,28,14,11,4,0,52,2,1,-0.183,0.1,31,4,9,3,4.5,3,6,35,0.29,0.343,0.419,0.762,118,102,0.183,1.42,0.855,,-0.1,27,13,9.0,1,62,16,24,13,13,4,0,57,0,0,0.317,2.6
PIT/PIT201909260,"Thursday, September 26, 2019",7:07 p.m. Local,PNC Park,10529,3:15,Night,Home,Pittsburgh Pirates,PIT,Chicago Cubs,CHC,32,5,6,5,4.0,3,12,36,0.188,0.257,0.25,0.507,149,104,-0.19,0.37,0.163,,0.4,24,9,8.0,0,53,22,28,8,12,8,0,23,0,0,-0.309,-4.9,39,9,16,7,7.88,1,7,40,0.41,0.425,0.564,0.989,149,99,0.31,0.47,0.503,,4.9,27,8,9.0,0,59,10,30,15,17,13,0,62,2,0,0.191,-0.4
PIT/PIT201909270,"Friday, September 27, 2019",7:06 p.m. Local,PNC Park,18544,3:13,Night,Home,Pittsburgh Pirates,PIT,Cincinnati Reds,CIN,34,5,7,4,5.0,8,16,42,0.206,0.357,0.294,0.651,147,98,0.167,1.91,0.87,,0.4,26,11,8.2,2,47,25,26,9,9,4,0,41,2,1,-0.669,-1.5,34,6,10,5,5.19,1,6,37,0.294,0.333,0.471,0.804,173,93,0.669,1.1,1.722,,1.5,27,6,9.0,0,59,13,23,16,13,6,0,49,0,0,-0.17,-0.4
PIT/PIT201909280,"Saturday, September 28, 2019",8:10 p.m. Local,PNC Park,21084,4:27,Night,Away,Cincinnati Reds,CIN,Pittsburgh Pirates,PIT,46,4,13,4,3.0,8,7,55,0.283,0.4,0.478,0.878,168,135,-0.33,1.67,1.793,,-2.1,36,15,12.0,0,78,23,34,21,18,8,0,44,0,0,0.831,4.1,40,2,5,1,1.5,5,7,45,0.125,0.222,0.175,0.397,231,101,-0.83,2.06,0.682,,-4.1,36,14,12.0,1,58,17,28,14,19,8,0,47,5,0,0.332,2.1
PIT/PIT201909290,"Sunday, September 29, 2019",3:07 p.m. Local,PNC Park,23617,2:43,Day,Away,Cincinnati Reds,CIN,Pittsburgh Pirates,PIT,32,3,8,3,3.0,3,7,37,0.25,0.333,0.563,0.896,129,81,-0.038,1.46,0.553,,-1.6,27,10,9.0,0,47,16,18,10,16,6,0,66,2,1,0.539,3.6,32,1,7,1,1.0,1,6,34,0.219,0.235,0.219,0.454,129,87,-0.538,0.8,0.429,,-3.6,27,8,9.0,3,50,16,21,12,15,7,0,62,0,0,0.039,1.6
