,date,time,venue,attendance,duration,time_of_day,winner,winning_name,winning_abbr,losing_name,losing_abbr,away_at_bats,away_runs,away_hits,away_rbi,away_earned_runs,away_bases_on_balls,away_strikeouts,away_plate_appearances,away_batting_average,away_on_base_percentage,away_slugging_percentage,away_on_base_plus,away_pitches,away_strikes,away_win_probability_for_offensive_player,away_average_leverage_index,away_win_probability_added,away_win_probability_subtracted,away_base_out_runs_added,away_putouts,away_assists,away_innings_pitched,away_home_runs,away_strikes_by_contact,away_strikes_swinging,away_strikes_looking,away_grounded_balls,away_fly_balls,away_line_drives,away_unknown_bat_type,away_game_score,away_inherited_runners,away_inherited_score,away_win_probability_by_pitcher,away_base_out_runs_saved,home_at_bats,home_runs,home_hits,home_rbi,home_earned_runs,home_bases_on_balls,home_strikeouts,home_plate_appearances,home_batting_average,home_on_base_percentage,home_slugging_percentage,home_on_base_plus,home_pitches,home_strikes,home_win_probability_for_offensive_player,home_average_leverage_index,home_win_probability_added,home_win_probability_subtracted,home_base_out_runs_added,home_putouts,home_assists,home_innings_pitched,home_home_runs,home_strikes_by_contact,home_strikes_swinging,home_strikes_looking,home_grounded_balls,home_fly_balls,home_line_drives,home_unknown_bat_type,home_game_score,home_inherited_runners,home_inherited_score,home_win_probability_by_pitcher,home_base_out_runs_saved
SDN/SDN201903280,"Thursday, March 28, 2019",1:12 p.m. Local,Petco Park,44655,2:18,Day,Home,San Diego Padres,SDP,San Francisco Giants,SFG,30,0,5,0,0.0,1,5,31,0.167,0.194,0.167,0.36,102,67,-0.586,0.65,0.131,,-4.5,24,7,8.0,1,41,10,16,8,17,6,0,67,0,0,0.085,2.0,27,2,6,2,2.25,1,9,28,0.222,0.25,0.37,0.62,108,71,-0.086,1.0,0.319,,-2.0,27,10,9.0,0,40,16,17,6,12,4,0,66,2,0,0.585,4.5
SDN/SDN201903290,"Friday, March 29, 2019",7:11 p.m. Local,Petco Park,33769,3:07,Night,Home,San Diego Padres,SDP,San Francisco Giants,SFG,33,1,6,1,1.0,3,12,37,0.182,0.27,0.364,0.634,142,95,-0.342,0.5,0.322,,-3.5,24,8,8.0,1,44,21,30,11,10,6,0,45,2,0,-0.158,0.0,28,4,8,4,4.5,4,9,34,0.286,0.382,0.464,0.847,149,93,0.157,0.87,0.406,,-0.0,27,11,9.0,1,50,18,25,7,13,7,0,67,1,0,0.342,3.5
SDN/SDN201903300,"Saturday, March 30, 2019",5:43 p.m. Local,Petco Park,41899,3:10,Night,Away,San Francisco Giants,SFG,San Diego Padres,SDP,34,3,9,3,3.0,2,9,39,0.265,0.359,0.382,0.741,134,96,-0.085,1.84,0.694,,-1.5,27,10,9.0,0,53,14,29,12,13,7,0,53,3,2,0.585,2.5,35,2,8,2,2.0,0,9,35,0.229,0.229,0.314,0.543,152,92,-0.585,1.15,0.755,,-2.5,27,11,9.0,0,50,21,21,14,12,6,0,62,3,2,0.085,1.5
SDN/SDN201903310,"Sunday, March 31, 2019",1:11 p.m. Local,Petco Park,38444,2:47,Day,Home,San Diego Padres,SDP,San Francisco Giants,SFG,27,1,2,1,1.0,2,10,29,0.074,0.138,0.111,0.249,124,86,-0.484,1.41,0.264,,-3.5,24,9,8.0,0,53,12,21,7,10,3,0,57,3,1,-0.015,1.0,32,3,8,3,1.12,5,4,37,0.25,0.351,0.344,0.695,129,75,0.016,1.05,0.779,,-1.0,27,8,9.0,0,51,9,15,12,16,7,0,65,0,0,0.485,3.5
SDN/SDN201904010,"Monday, April 1, 2019",7:11 p.m. Local,Petco Park,18683,3:04,Night,Away,Arizona Diamondbacks,ARI,San Diego Padres,SDP,40,10,15,9,9.0,4,8,45,0.375,0.422,0.575,0.997,121,107,0.344,0.34,0.586,,5.5,27,9,9.0,1,64,14,29,13,20,11,0,51,0,0,0.158,1.5,31,3,6,3,3.0,2,5,34,0.194,0.235,0.323,0.558,161,80,-0.158,0.42,0.081,,-1.5,27,7,9.0,1,48,8,24,12,15,7,0,21,1,0,-0.342,-5.5
SDN/SDN201904020,"Tuesday, April 2, 2019",7:12 p.m. Local,Petco Park,22504,3:21,Night,Away,Arizona Diamondbacks,ARI,San Diego Padres,SDP,41,8,14,7,8.0,4,8,45,0.341,0.4,0.78,1.18,159,99,0.438,0.81,0.944,,3.5,27,7,9.0,3,54,18,27,16,17,7,0,58,1,0,0.063,-0.5,38,5,11,5,5.0,1,13,39,0.289,0.308,0.526,0.834,150,105,-0.062,0.73,0.572,,0.5,27,13,9.0,5,51,20,34,10,15,8,0,34,0,0,-0.437,-3.5
SDN/SDN201904030,"Wednesday, April 3, 2019",12:41 p.m. Local,Petco Park,19376,2:59,Day,Home,San Diego Padres,SDP,Arizona Diamondbacks,ARI,33,1,7,1,1.0,1,11,34,0.212,0.235,0.364,0.599,125,91,-0.469,0.91,0.246,,-3.5,24,9,8.0,1,51,17,23,7,15,8,0,54,2,1,-0.031,0.0,28,4,5,4,4.5,6,7,34,0.179,0.324,0.321,0.645,138,76,0.031,0.89,0.555,,-0.0,27,5,9.0,0,45,11,20,8,13,8,0,64,0,0,0.469,3.5
SLN/SLN201904050,"Friday, April 5, 2019",3:18 p.m. Local,Busch Stadium III,46615,2:54,Day,Away,San Diego Padres,SDP,St. Louis Cardinals,STL,35,5,9,5,5.0,6,10,42,0.257,0.357,0.457,0.814,121,100,0.313,1.02,1.175,,0.3,27,10,9.0,2,58,22,20,9,17,7,0,61,0,0,0.189,1.7,31,3,4,3,3.0,2,7,33,0.129,0.182,0.355,0.537,170,74,-0.188,1.23,0.487,,-1.7,27,8,9.0,2,44,11,19,12,12,3,0,59,0,0,-0.311,-0.3
SLN/SLN201904060,"Saturday, April 6, 2019",1:15 p.m. Local,Busch Stadium III,44492,3:37,Day,Away,San Diego Padres,SDP,St. Louis Cardinals,STL,35,6,9,6,4.0,10,8,45,0.257,0.422,0.6,1.022,198,109,0.419,1.38,1.331,,1.3,27,9,9.0,1,62,15,32,11,16,6,0,57,2,0,0.082,0.7,34,4,9,4,3.0,6,10,42,0.265,0.366,0.412,0.778,189,124,-0.083,1.2,0.855,,-0.7,27,8,9.0,3,70,20,34,12,14,6,0,58,2,0,-0.417,-1.3
SLN/SLN201904070,"Sunday, April 7, 2019",1:16 p.m. Local,Busch Stadium III,44340,3:08,Day,Home,St. Louis Cardinals,STL,San Diego Padres,SDP,32,1,6,1,1.0,2,12,34,0.188,0.235,0.313,0.548,150,92,-0.449,0.98,0.47,,-3.7,24,7,8.0,0,47,19,26,7,13,6,0,53,2,1,-0.051,0.1,32,4,10,4,3.38,3,6,36,0.312,0.361,0.438,0.799,149,93,0.051,1.17,0.692,,-0.1,27,6,9.0,0,54,14,25,8,19,11,0,67,2,0,0.449,3.7
SFN/SFN201904080,"Monday, April 8, 2019",6:45 p.m. Local,Oracle Park,28625,2:55,Night,Away,San Diego Padres,SDP,San Francisco Giants,SFG,32,6,7,6,6.0,2,4,37,0.219,0.306,0.531,0.837,141,86,0.23,1.69,0.836,,1.5,27,9,9.0,1,52,11,23,15,14,4,0,49,0,0,0.271,-0.5,33,5,5,5,5.0,4,13,38,0.152,0.263,0.273,0.536,129,91,-0.27,0.93,0.946,,0.5,27,14,9.0,3,53,15,23,12,8,4,0,46,2,2,-0.23,-1.5
SFN/SFN201904090,"Tuesday, April 9, 2019",6:46 p.m. Local,Oracle Park,28506,2:39,Night,Home,San Francisco Giants,SFG,San Diego Padres,SDP,31,2,7,2,2.0,2,10,33,0.226,0.273,0.355,0.628,138,95,-0.161,0.37,0.078,,-2.5,24,10,8.0,0,51,10,34,7,14,6,0,22,0,0,-0.34,-3.0,29,7,7,7,7.88,3,9,34,0.241,0.303,0.345,0.648,147,85,0.339,0.31,0.454,,3.0,27,9,9.0,1,40,22,23,11,11,6,0,70,0,0,0.16,2.5
SFN/SFN201904100,"Wednesday, April 10, 2019",12:45 p.m. Local,Oracle Park,28584,2:37,Day,Away,San Diego Padres,SDP,San Francisco Giants,SFG,31,3,6,3,3.0,2,7,35,0.194,0.265,0.355,0.62,114,81,-0.075,1.67,0.529,,-1.5,27,11,9.0,1,48,9,24,16,9,2,0,64,1,0,0.575,3.5,34,1,7,1,1.0,1,8,35,0.206,0.229,0.382,0.611,128,80,-0.574,0.88,0.734,,-3.5,27,14,9.0,1,48,14,18,12,14,5,0,65,0,0,0.074,1.5
ARI/ARI201904110,"Thursday, April 11, 2019",6:39 p.m. Local,Chase Field,15449,3:13,Night,Away,San Diego Padres,SDP,Arizona Diamondbacks,ARI,31,7,8,7,7.0,3,14,37,0.258,0.333,0.581,0.914,171,94,0.404,1.56,1.078,,2.2,27,9,9.0,1,45,30,19,7,12,4,0,59,6,3,0.098,-1.2,36,6,8,6,2.0,6,11,43,0.222,0.349,0.306,0.654,138,102,-0.097,1.05,1.067,,1.2,27,8,9.0,3,46,17,39,11,14,9,0,41,1,0,-0.403,-2.2
ARI/ARI201904120,"Friday, April 12, 2019",6:40 p.m. Local,Chase Field,22209,2:38,Night,Away,San Diego Padres,SDP,Arizona Diamondbacks,ARI,32,2,5,2,2.0,2,12,34,0.156,0.206,0.344,0.55,141,82,-0.225,1.29,0.449,,-2.8,27,10,9.0,0,41,17,24,8,12,5,0,62,0,0,0.725,3.8,30,1,3,1,1.0,1,9,31,0.1,0.129,0.167,0.296,128,101,-0.725,0.96,0.219,,-3.8,27,7,9.0,1,58,16,27,13,8,4,0,63,1,0,0.225,2.8
ARI/ARI201904130,"Saturday, April 13, 2019",5:10 p.m. Local,Chase Field,27256,3:41,Night,Away,San Diego Padres,SDP,Arizona Diamondbacks,ARI,35,5,10,5,5.0,1,10,36,0.286,0.306,0.543,0.848,178,96,0.197,1.89,0.743,,0.2,27,8,9.0,0,55,20,21,11,14,5,0,61,4,2,0.303,0.8,35,4,10,4,4.0,4,9,41,0.286,0.39,0.4,0.79,150,105,-0.304,0.68,1.312,,-0.8,27,12,9.0,2,60,17,28,11,15,6,0,39,0,0,-0.197,-0.2
ARI/ARI201904140,"Sunday, April 14, 2019",1:10 p.m. Local,Chase Field,25489,2:49,Day,Home,Arizona Diamondbacks,ARI,San Diego Padres,SDP,32,4,7,4,4.0,1,9,33,0.219,0.242,0.438,0.68,129,87,-0.164,0.86,0.354,,-0.8,24,6,8.0,3,51,12,24,6,17,9,0,44,0,0,-0.335,-3.7,35,8,13,7,9.0,1,8,36,0.371,0.389,0.714,1.103,130,91,0.337,0.71,0.913,,3.7,27,8,9.0,2,50,16,25,12,15,3,0,66,1,0,0.165,0.8
SDN/SDN201904150,"Monday, April 15, 2019",7:11 p.m. Local,Petco Park,24867,2:38,Night,Away,Colorado Rockies,COL,San Diego Padres,SDP,33,5,8,5,5.0,2,7,36,0.242,0.286,0.545,0.831,134,80,0.167,0.9,0.552,,0.5,27,11,9.0,2,46,9,25,14,13,7,0,61,2,0,0.334,2.5,33,2,8,2,2.0,2,7,36,0.242,0.306,0.455,0.76,117,79,-0.333,0.67,0.372,,-2.5,27,14,9.0,2,42,13,24,13,13,7,0,45,0,0,-0.167,-0.5
SDN/SDN201904160,"Tuesday, April 16, 2019",6:11 p.m. Local,Petco Park,24963,3:01,Night,Away,Colorado Rockies,COL,San Diego Padres,SDP,39,8,12,8,8.0,3,13,43,0.308,0.349,0.615,0.964,125,106,0.28,0.55,0.541,,3.5,27,15,9.0,1,52,24,30,9,18,9,0,69,2,1,0.221,2.5,29,2,5,2,2.0,5,7,34,0.172,0.294,0.31,0.604,169,80,-0.221,0.39,0.185,,-2.5,27,6,9.0,2,38,18,24,14,8,3,0,34,0,0,-0.28,-3.5
SDN/SDN201904180,"Thursday, April 18, 2019",7:13 p.m. Local,Petco Park,26577,2:45,Night,Away,Cincinnati Reds,CIN,San Diego Padres,SDP,31,4,5,4,4.0,1,7,32,0.161,0.188,0.452,0.639,138,91,0.028,1.37,0.408,,-0.5,27,7,9.0,0,48,21,24,6,18,6,0,59,4,1,0.473,3.5,30,1,6,1,1.0,2,13,32,0.2,0.25,0.267,0.517,138,89,-0.473,0.57,0.491,,-3.5,27,6,9.0,3,41,21,27,5,12,7,0,58,0,0,-0.027,0.5
SDN/SDN201904190,"Friday, April 19, 2019",7:11 p.m. Local,Petco Park,33442,3:04,Night,Away,Cincinnati Reds,CIN,San Diego Padres,SDP,38,3,4,3,1.64,0,7,38,0.105,0.105,0.263,0.368,151,89,-0.302,1.52,0.652,,-2.5,33,12,11.0,1,53,13,23,17,14,1,0,69,0,0,0.804,3.5,37,2,4,2,1.64,3,13,40,0.108,0.175,0.216,0.391,124,102,-0.804,1.31,0.579,,-3.5,33,15,11.0,2,54,25,23,12,12,3,0,79,0,0,0.303,2.5
SDN/SDN201904200,"Saturday, April 20, 2019",5:42 p.m. Local,Petco Park,37137,3:04,Night,Away,Cincinnati Reds,CIN,San Diego Padres,SDP,32,4,7,4,3.0,4,11,37,0.219,0.297,0.344,0.641,139,91,0.09,1.3,0.574,,-0.5,27,4,9.0,1,51,16,24,11,11,3,0,68,4,1,0.41,2.5,33,2,7,2,2.0,2,14,36,0.212,0.278,0.364,0.641,154,83,-0.409,0.84,0.551,,-2.5,27,9,9.0,1,40,19,24,8,11,4,0,48,0,0,-0.09,0.5
SDN/SDN201904210,"Sunday, April 21, 2019",1:12 p.m. Local,Petco Park,25932,2:50,Day,Home,San Diego Padres,SDP,Cincinnati Reds,CIN,35,3,9,3,3.0,2,10,37,0.257,0.297,0.457,0.754,114,87,-0.356,0.64,0.559,,-1.5,24,6,8.0,1,46,17,24,15,10,5,0,51,1,0,-0.144,0.0,32,4,9,4,4.5,0,9,32,0.281,0.281,0.438,0.719,134,77,0.144,1.21,0.513,,-0.0,27,11,9.0,2,43,12,22,9,14,5,0,61,2,0,0.355,1.5
SDN/SDN201904230,"Tuesday, April 23, 2019",7:10 p.m. Local,Petco Park,25154,2:54,Night,Home,San Diego Padres,SDP,Seattle Mariners,SEA,31,3,7,3,3.0,6,8,38,0.226,0.342,0.323,0.665,117,96,-0.215,0.5,0.492,,-1.5,24,5,8.0,3,49,14,33,10,14,5,0,40,1,1,-0.284,-2.0,33,6,8,6,4.5,0,6,33,0.242,0.242,0.545,0.788,164,85,0.286,1.1,0.552,,2.0,27,11,9.0,0,53,18,14,10,17,3,0,50,0,0,0.216,1.5
SDN/SDN201904240,"Wednesday, April 24, 2019",12:41 p.m. Local,Petco Park,23417,2:05,Day,Home,San Diego Padres,SDP,Seattle Mariners,SEA,28,0,2,0,0.0,1,10,30,0.071,0.133,0.071,0.205,90,75,-0.747,0.7,0.167,,-4.5,24,10,8.0,1,41,16,18,9,9,0,0,74,0,0,0.247,3.0,27,1,4,1,1.12,1,9,29,0.148,0.179,0.296,0.475,107,65,-0.247,1.34,0.207,,-3.0,27,7,9.0,0,31,15,19,12,7,2,0,83,0,0,0.748,4.5
WAS/WAS201904260,"Friday, April 26, 2019",7:05 p.m. Local,Nationals Park,27193,3:02,Night,Away,San Diego Padres,SDP,Washington Nationals,WSN,32,4,6,3,3.0,1,12,33,0.188,0.212,0.406,0.618,138,105,0.273,1.79,1.177,,-1.1,27,7,9.0,2,54,24,27,11,9,2,0,64,0,0,0.23,2.1,33,3,6,3,3.0,2,13,36,0.182,0.25,0.364,0.614,155,87,-0.23,1.41,0.904,,-2.1,27,8,9.0,2,41,13,33,9,11,2,0,71,2,1,-0.27,1.1
WAS/WAS201904270,"Saturday, April 27, 2019",4:05 p.m. Local,Nationals Park,35422,3:45,Day,Away,San Diego Padres,SDP,Washington Nationals,WSN,35,8,8,7,6.3,5,13,43,0.229,0.326,0.371,0.697,165,112,0.063,1.22,0.939,,2.4,30,9,10.0,2,57,33,22,9,15,6,0,60,5,0,0.437,2.6,34,3,5,3,2.7,6,11,41,0.147,0.275,0.324,0.599,183,95,-0.438,1.21,0.581,,-2.6,30,7,10.0,1,46,13,36,11,13,5,0,69,5,5,-0.063,-2.4
WAS/WAS201904280,"Sunday, April 28, 2019",1:35 p.m. Local,Nationals Park,30186,4:03,Day,Home,Washington Nationals,WSN,San Diego Padres,SDP,43,6,11,6,4.09,3,13,46,0.256,0.304,0.419,0.723,194,121,-0.524,1.6,0.808,,-0.2,30,6,10.0,4,59,27,35,16,14,4,0,30,2,0,0.025,-1.4,46,7,14,7,5.4,4,14,50,0.304,0.36,0.565,0.925,183,119,-0.024,1.42,1.45,,1.4,33,11,11.0,2,74,19,26,12,20,8,0,28,0,0,0.524,0.2
ATL/ATL201904290,"Monday, April 29, 2019",7:22 p.m. Local,SunTrust Park,19353,2:33,Night,Home,Atlanta Braves,ATL,San Diego Padres,SDP,30,1,5,0,1.0,2,10,33,0.167,0.219,0.167,0.385,135,82,-0.499,0.73,0.402,,-4.0,24,12,8.0,1,39,12,31,9,12,5,0,53,3,0,0.0,1.4,32,3,6,2,1.12,4,3,36,0.188,0.278,0.281,0.559,119,87,-0.001,1.34,0.508,,-1.4,27,8,9.0,0,53,16,18,18,11,5,0,67,0,0,0.5,4.0
ATL/ATL201904300,"Tuesday, April 30, 2019",7:21 p.m. Local,SunTrust Park,18626,2:42,Night,Away,San Diego Padres,SDP,Atlanta Braves,ATL,31,4,6,4,4.0,1,9,32,0.194,0.219,0.516,0.735,136,75,0.022,1.73,0.585,,-1.0,27,4,9.0,0,45,13,17,11,11,6,0,60,0,0,0.478,2.0,34,3,8,3,3.0,1,9,36,0.235,0.278,0.265,0.542,111,100,-0.478,0.78,0.786,,-2.0,27,12,9.0,3,59,17,24,9,16,7,0,58,0,0,-0.022,1.0
ATL/ATL201905010,"Wednesday, May 1, 2019",7:20 p.m. Local,SunTrust Park,20394,2:39,Night,Home,Atlanta Braves,ATL,San Diego Padres,SDP,32,1,5,1,1.0,2,11,34,0.156,0.206,0.25,0.456,128,81,-0.406,0.88,0.48,,-4.0,24,6,8.0,1,46,15,20,12,9,7,0,51,1,0,-0.094,-0.6,31,5,8,5,5.62,2,4,34,0.258,0.294,0.548,0.843,122,70,0.095,1.17,0.652,,0.6,27,11,9.0,1,41,14,15,12,16,5,0,72,3,0,0.405,4.0
ATL/ATL201905020,"Thursday, May 2, 2019",12:11 p.m. Local,SunTrust Park,23746,2:53,Day,Away,San Diego Padres,SDP,Atlanta Braves,ATL,43,11,17,10,7.0,2,10,48,0.395,0.426,0.651,1.077,119,117,0.243,0.38,0.565,,6.0,27,5,9.0,0,75,12,30,12,23,10,0,54,0,0,0.256,3.0,36,2,10,2,2.0,1,7,37,0.278,0.297,0.278,0.575,179,86,-0.257,0.49,0.061,,-3.0,27,4,9.0,2,48,10,28,7,22,12,0,35,2,1,-0.243,-6.0
SDN/SDN201905030,"Friday, May 3, 2019",7:10 p.m. Local,Petco Park,44425,3:13,Night,Away,Los Angeles Dodgers,LAD,San Diego Padres,SDP,35,4,9,4,4.0,2,13,38,0.257,0.289,0.486,0.775,142,105,0.168,1.22,1.143,,-0.5,27,11,9.0,2,53,17,35,8,15,6,0,53,0,0,0.331,1.5,32,3,6,3,3.0,2,10,35,0.188,0.235,0.438,0.673,154,97,-0.331,1.48,0.53,,-1.5,27,4,9.0,2,53,18,26,11,12,5,0,54,3,1,-0.169,0.5
SDN/SDN201905040,"Saturday, May 4, 2019",5:42 p.m. Local,Petco Park,44558,4:12,Night,Away,Los Angeles Dodgers,LAD,San Diego Padres,SDP,38,7,11,7,7.0,5,10,44,0.289,0.386,0.421,0.807,190,118,0.563,1.62,1.406,,2.5,27,11,9.0,2,64,20,34,18,10,2,0,38,5,2,-0.062,-1.5,35,6,10,6,6.0,4,8,42,0.286,0.381,0.486,0.867,197,121,0.061,1.5,1.192,,1.5,27,10,9.0,1,69,23,29,14,14,7,0,45,4,3,-0.563,-2.5
SDN/SDN201905050,"Sunday, May 5, 2019",1:10 p.m. Local,Petco Park,44473,2:58,Day,Home,San Diego Padres,SDP,Los Angeles Dodgers,LAD,33,5,8,5,5.0,4,3,39,0.242,0.342,0.515,0.857,132,78,0.21,1.75,1.009,,0.5,26,4,8.2,2,44,15,19,14,17,8,0,53,0,0,-0.709,-3.6,32,8,7,8,8.31,3,12,36,0.219,0.278,0.5,0.778,129,90,0.71,1.18,1.634,,3.6,27,10,9.0,2,48,20,22,6,15,6,0,40,1,0,-0.21,-0.5
SDN/SDN201905060,"Monday, May 6, 2019",7:11 p.m. Local,Petco Park,20176,2:14,Night,Home,San Diego Padres,SDP,New York Mets,NYM,31,0,4,0,0.0,1,12,32,0.129,0.156,0.129,0.285,124,75,-0.545,0.7,0.124,,-4.5,24,10,8.0,1,36,21,18,13,6,3,0,67,0,0,0.046,0.0,30,4,7,4,4.5,1,8,32,0.233,0.25,0.4,0.65,104,86,-0.047,0.99,0.357,,-0.0,27,9,9.0,0,47,22,17,12,11,8,0,81,1,0,0.546,4.5
SDN/SDN201905070,"Tuesday, May 7, 2019",7:11 p.m. Local,Petco Park,23129,3:38,Night,Away,New York Mets,NYM,San Diego Padres,SDP,37,7,12,7,7.0,5,12,44,0.324,0.409,0.541,0.95,157,106,0.482,1.72,1.424,,2.5,27,13,9.0,2,62,20,24,16,10,6,0,40,0,0,0.019,-1.5,37,6,12,5,5.0,4,9,41,0.324,0.39,0.541,0.931,180,103,-0.019,1.42,1.147,,1.5,27,10,9.0,1,53,19,31,16,12,5,0,44,5,2,-0.482,-2.5
SDN/SDN201905080,"Wednesday, May 8, 2019",12:41 p.m. Local,Petco Park,21952,2:44,Day,Home,San Diego Padres,SDP,New York Mets,NYM,33,2,7,2,2.0,2,13,35,0.212,0.257,0.364,0.621,124,97,-0.51,0.94,0.623,,-2.5,24,10,8.0,2,53,21,23,11,9,2,0,49,0,0,0.009,1.0,29,3,5,3,3.38,1,7,30,0.172,0.2,0.414,0.614,137,82,-0.01,1.57,0.568,,-1.0,27,8,9.0,1,46,20,16,10,12,3,0,59,2,0,0.509,2.5
COL/COL201905100,"Friday, May 10, 2019",6:41 p.m. Local,Coors Field,27594,3:10,Night,Home,Colorado Rockies,COL,San Diego Padres,SDP,40,2,12,2,2.0,0,9,41,0.3,0.317,0.325,0.642,158,89,-0.252,0.36,0.191,,-3.6,24,11,8.0,1,51,17,21,20,11,7,0,10,2,2,-0.251,-7.0,40,12,17,12,13.5,3,9,43,0.425,0.465,0.6,1.065,130,102,0.25,0.54,0.463,,7.0,27,12,9.0,0,65,17,20,15,16,12,0,48,1,0,0.25,3.6
COL/COL201905110,"Saturday, May 11, 2019",6:12 p.m. Local,Coors Field,37118,3:05,Night,Away,San Diego Padres,SDP,Colorado Rockies,COL,34,4,9,4,4.0,3,12,38,0.265,0.324,0.471,0.795,122,95,0.147,1.34,0.997,,-1.6,27,7,9.0,1,55,19,21,12,11,6,0,61,1,1,0.353,2.6,32,3,6,3,3.0,1,8,34,0.188,0.206,0.375,0.581,145,84,-0.353,1.37,0.606,,-2.6,27,10,9.0,2,45,19,20,9,16,3,0,51,2,0,-0.147,1.6
COL/COL201905120,"Sunday, May 12, 2019",1:13 p.m. Local,Coors Field,40234,3:06,Day,Home,Colorado Rockies,COL,San Diego Padres,SDP,36,7,10,7,7.0,3,10,40,0.278,0.325,0.417,0.742,162,88,-0.187,0.47,0.305,,1.4,24,4,8.0,3,50,16,22,10,17,12,0,35,3,3,-0.313,-5.0,35,10,13,10,11.25,3,9,40,0.371,0.436,0.743,1.179,148,104,0.314,0.65,0.556,,5.0,27,8,9.0,1,59,25,20,6,21,9,0,59,2,2,0.186,-1.4
LAN/LAN201905140,"Tuesday, May 14, 2019",7:10 p.m. Local,Dodger Stadium,46460,2:32,Night,Home,Los Angeles Dodgers,LAD,San Diego Padres,SDP,31,3,7,3,3.0,1,7,32,0.226,0.25,0.484,0.734,130,83,-0.144,0.61,0.43,,-1.6,24,5,8.0,2,40,21,22,14,10,3,0,38,0,0,-0.355,-1.9,32,6,8,6,3.38,1,5,35,0.25,0.294,0.5,0.794,126,90,0.355,0.77,0.65,,1.9,27,12,9.0,2,58,8,24,12,16,7,0,59,0,0,0.145,1.6
LAN/LAN201905150,"Wednesday, May 15, 2019",7:10 p.m. Local,Dodger Stadium,41671,3:06,Night,Home,Los Angeles Dodgers,LAD,San Diego Padres,SDP,32,0,4,0,0.0,1,16,33,0.125,0.152,0.156,0.308,124,96,-0.556,0.8,0.318,,-4.6,24,8,8.0,0,47,27,22,9,7,2,0,48,1,0,0.056,2.1,32,2,8,2,2.25,2,6,37,0.25,0.333,0.313,0.646,131,85,-0.057,1.27,0.47,,-2.1,27,7,9.0,0,53,9,23,12,15,7,0,80,2,0,0.556,4.6
SDN/SDN201905160,"Thursday, May 16, 2019",7:12 p.m. Local,Petco Park,20877,3:05,Night,Home,San Diego Padres,SDP,Pittsburgh Pirates,PIT,37,3,8,2,2.0,1,6,38,0.216,0.237,0.324,0.561,143,96,-0.29,1.11,0.691,,-1.5,24,7,8.0,2,56,14,26,16,15,5,0,57,0,0,-0.21,0.0,26,4,5,4,4.5,3,9,32,0.192,0.323,0.423,0.746,155,93,0.209,1.37,0.826,,-0.0,27,10,9.0,1,48,15,30,6,12,4,0,52,2,1,0.291,1.5
SDN/SDN201905170,"Friday, May 17, 2019",7:11 p.m. Local,Petco Park,28913,3:00,Night,Away,Pittsburgh Pirates,PIT,San Diego Padres,SDP,35,5,9,5,5.0,3,7,38,0.257,0.316,0.371,0.687,141,89,0.024,1.17,0.617,,0.5,27,7,9.0,2,56,10,23,19,9,4,0,74,0,0,0.476,1.5,34,3,7,3,3.0,2,15,36,0.206,0.25,0.412,0.662,140,97,-0.477,0.83,0.45,,-1.5,27,11,9.0,1,46,23,28,11,8,4,0,65,5,1,-0.025,-0.5
SDN/SDN201905180,"Saturday, May 18, 2019",5:40 p.m. Local,Petco Park,39856,3:24,Night,Away,Pittsburgh Pirates,PIT,San Diego Padres,SDP,37,7,12,7,7.0,4,8,43,0.324,0.405,0.676,1.08,160,105,0.28,0.81,0.55,,2.5,27,8,9.0,0,57,23,25,13,17,9,0,57,3,0,0.222,2.5,34,2,8,2,2.0,5,13,39,0.235,0.333,0.294,0.627,169,98,-0.221,0.38,0.394,,-2.5,27,10,9.0,4,43,24,31,11,10,5,0,23,3,1,-0.28,-2.5
SDN/SDN201905190,"Sunday, May 19, 2019",1:36 p.m. Local,Petco Park,29863,2:56,Day,Away,Pittsburgh Pirates,PIT,San Diego Padres,SDP,36,6,11,6,6.0,2,6,39,0.306,0.342,0.444,0.787,127,98,0.328,0.9,0.609,,1.5,27,12,9.0,1,63,20,15,14,17,6,0,54,0,0,0.171,0.5,30,4,5,4,3.0,3,7,33,0.167,0.242,0.3,0.542,152,78,-0.171,0.51,0.472,,-0.5,27,9,9.0,1,43,11,24,12,11,3,0,31,2,0,-0.328,-1.5
SDN/SDN201905200,"Monday, May 20, 2019",7:12 p.m. Local,Petco Park,17578,2:40,Night,Home,San Diego Padres,SDP,Arizona Diamondbacks,ARI,31,1,5,1,1.0,3,12,35,0.161,0.257,0.194,0.451,110,89,-0.572,0.87,0.502,,-3.5,24,4,8.0,1,43,18,28,12,7,2,0,63,3,0,0.072,2.0,30,2,6,2,2.25,1,12,31,0.2,0.226,0.3,0.526,140,74,-0.072,1.56,0.506,,-2.0,27,8,9.0,0,41,11,22,6,12,4,0,65,2,0,0.572,3.5
SDN/SDN201905210,"Tuesday, May 21, 2019",7:10 p.m. Local,Petco Park,19969,2:21,Night,Home,San Diego Padres,SDP,Arizona Diamondbacks,ARI,31,2,5,2,2.0,0,8,32,0.161,0.161,0.355,0.516,111,79,-0.422,0.91,0.375,,-2.5,24,9,8.0,1,48,10,21,12,12,6,0,61,0,0,-0.079,1.0,27,3,4,3,3.38,1,6,29,0.148,0.179,0.259,0.438,114,74,0.078,1.14,0.579,,-1.0,27,9,9.0,2,44,12,18,10,12,3,0,58,0,0,0.422,2.5
SDN/SDN201905220,"Wednesday, May 22, 2019",12:41 p.m. Local,Petco Park,18715,2:57,Day,Home,San Diego Padres,SDP,Arizona Diamondbacks,ARI,32,2,6,2,2.0,0,9,33,0.188,0.212,0.25,0.462,157,91,-0.24,0.43,0.184,,-2.5,24,13,8.0,0,54,10,27,10,13,6,0,25,3,0,-0.263,-1.0,30,5,12,5,5.62,5,5,38,0.4,0.486,0.5,0.986,127,91,0.26,0.58,0.424,,1.0,27,9,9.0,0,58,11,24,11,16,8,0,72,1,0,0.237,2.5
TOR/TOR201905240,"Friday, May 24, 2019",7:08 p.m. Local,Rogers Centre,19480,2:49,Night,Away,San Diego Padres,SDP,Toronto Blue Jays,TOR,34,6,7,6,5.0,4,12,38,0.206,0.289,0.529,0.819,122,95,0.309,0.87,0.964,,1.2,27,4,9.0,2,44,21,30,10,12,1,0,66,1,0,0.191,1.8,30,3,3,3,3.0,1,13,32,0.1,0.156,0.3,0.456,162,85,-0.192,0.96,0.417,,-1.8,27,11,9.0,3,36,20,29,4,13,3,0,59,0,0,-0.309,-1.2
TOR/TOR201905250,"Saturday, May 25, 2019",3:08 p.m. Local,Rogers Centre,24212,3:04,Day,Away,San Diego Padres,SDP,Toronto Blue Jays,TOR,45,19,20,19,18.0,6,11,54,0.444,0.537,0.956,1.493,128,126,0.451,0.32,0.753,,14.2,27,9,9.0,2,61,26,39,16,18,6,0,63,0,0,0.048,0.8,30,4,4,4,3.0,2,12,32,0.133,0.188,0.333,0.521,213,84,-0.048,0.4,0.172,,-0.8,27,8,9.0,7,38,21,25,9,9,2,0,21,2,0,-0.453,-14.2
TOR/TOR201905260,"Sunday, May 26, 2019",1:08 p.m. Local,Rogers Centre,24462,3:08,Day,Home,Toronto Blue Jays,TOR,San Diego Padres,SDP,35,1,10,1,1.0,1,7,36,0.286,0.306,0.4,0.706,165,102,-0.232,0.47,0.236,,-3.8,24,8,8.0,4,61,20,21,16,12,7,0,47,0,0,-0.267,-5.7,40,10,17,10,11.25,1,10,41,0.425,0.439,0.8,1.239,161,101,0.267,0.63,0.578,,5.7,27,11,9.0,1,52,24,25,12,18,9,0,54,2,0,0.232,3.8
NYA/NYA201905270,"Monday, May 27, 2019",1:09 p.m. Local,Yankee Stadium III,46254,2:40,Day,Home,New York Yankees,NYY,San Diego Padres,SDP,32,2,6,2,2.0,1,11,33,0.188,0.212,0.281,0.493,132,78,-0.436,0.72,0.426,,-2.9,24,8,8.0,3,37,15,26,11,10,5,0,59,1,0,-0.066,-0.7,31,5,7,4,4.5,4,12,35,0.226,0.314,0.581,0.895,124,85,0.067,1.12,0.564,,0.7,27,8,9.0,0,37,22,26,9,10,3,0,56,0,0,0.434,2.9
NYA/NYA201905280,"Tuesday, May 28, 2019",6:38 p.m. Local,Yankee Stadium III,37028,3:15,Night,Away,San Diego Padres,SDP,New York Yankees,NYY,35,5,10,5,4.0,5,11,42,0.286,0.405,0.4,0.805,149,94,0.119,1.53,0.607,,0.1,27,8,9.0,1,48,18,28,12,12,6,0,60,8,3,0.38,0.9,34,4,8,4,4.0,2,7,37,0.235,0.297,0.324,0.621,148,100,-0.381,0.73,0.657,,-0.9,27,9,9.0,1,62,8,30,12,15,8,0,41,3,0,-0.119,-0.1
NYA/NYA201905290,"Wednesday, May 29, 2019",1:10 p.m. Local,Yankee Stadium III,40918,2:39,Day,Home,New York Yankees,NYY,San Diego Padres,SDP,31,0,4,0,0.0,3,10,34,0.129,0.206,0.161,0.367,155,83,-0.304,0.39,0.111,,-4.9,24,8,8.0,4,46,22,15,7,14,5,0,44,1,0,-0.195,-2.7,34,7,10,6,6.75,2,9,38,0.294,0.342,0.706,1.048,134,100,0.195,0.54,0.418,,2.7,27,7,9.0,0,57,15,28,11,15,7,0,67,0,0,0.304,4.9
SDN/SDN201905310,"Friday, May 31, 2019",7:11 p.m. Local,Petco Park,25019,2:59,Night,Home,San Diego Padres,SDP,Miami Marlins,MIA,32,2,4,2,2.0,1,7,33,0.125,0.152,0.25,0.402,164,77,-0.392,0.51,0.322,,-2.5,24,4,8.0,3,39,16,22,12,13,4,0,59,1,0,-0.108,-1.0,33,5,9,4,5.62,3,13,36,0.273,0.333,0.576,0.909,119,99,0.107,0.98,0.466,,1.0,27,11,9.0,1,45,21,33,9,11,3,0,69,3,1,0.393,2.5
SDN/SDN201906010,"Saturday, June 1, 2019",7:10 p.m. Local,Petco Park,26858,2:43,Night,Away,Miami Marlins,MIA,San Diego Padres,SDP,38,9,11,9,8.0,4,9,42,0.289,0.357,0.421,0.778,128,95,0.413,0.62,0.757,,4.5,27,10,9.0,1,52,15,31,15,14,10,0,57,0,0,0.086,1.5,30,3,4,3,3.0,3,11,33,0.133,0.212,0.233,0.445,167,79,-0.085,0.69,0.349,,-1.5,27,13,9.0,1,39,16,24,14,5,2,0,29,2,1,-0.414,-4.5
SDN/SDN201906020,"Sunday, June 2, 2019",3:12 p.m. Local,Petco Park,31650,3:04,Day,Away,Miami Marlins,MIA,San Diego Padres,SDP,38,9,13,9,9.0,1,7,41,0.342,0.366,0.579,0.945,154,110,0.301,0.4,0.478,,4.5,27,4,9.0,2,68,17,25,14,18,9,0,71,0,0,0.201,1.5,31,3,4,3,3.0,2,12,33,0.129,0.182,0.323,0.504,168,108,-0.2,0.28,0.085,,-1.5,27,9,9.0,2,65,20,23,5,14,7,0,26,2,2,-0.3,-4.5
SDN/SDN201906030,"Monday, June 3, 2019",7:10 p.m. Local,Petco Park,21654,2:54,Night,Home,San Diego Padres,SDP,Philadelphia Phillies,PHI,30,2,6,2,2.0,3,6,34,0.2,0.294,0.333,0.627,140,83,-0.219,0.94,0.272,,-2.5,24,12,8.0,2,51,8,24,10,14,8,0,30,2,2,-0.281,-4.0,32,8,9,8,9.0,8,6,40,0.281,0.425,0.5,0.925,130,82,0.281,0.63,0.889,,4.0,27,14,9.0,1,40,9,25,14,12,6,0,64,0,0,0.219,2.5
SDN/SDN201906040,"Tuesday, June 4, 2019",7:12 p.m. Local,Petco Park,25821,3:03,Night,Away,Philadelphia Phillies,PHI,San Diego Padres,SDP,40,9,13,9,8.0,1,5,41,0.325,0.341,0.7,1.041,156,110,0.471,0.7,0.797,,4.5,27,7,9.0,3,73,9,29,13,22,7,0,57,2,0,0.027,-1.5,36,6,10,6,6.0,1,10,39,0.278,0.316,0.583,0.899,162,102,-0.028,0.58,0.428,,1.5,27,12,9.0,4,56,23,23,12,15,4,0,29,2,2,-0.472,-4.5
SDN/SDN201906050,"Wednesday, June 5, 2019",12:41 p.m. Local,Petco Park,23004,3:30,Day,Away,Philadelphia Phillies,PHI,San Diego Padres,SDP,38,7,11,7,7.0,2,11,40,0.289,0.325,0.553,0.878,164,102,0.513,1.21,1.137,,2.5,27,10,9.0,2,52,24,26,15,12,5,0,28,4,0,-0.012,-0.5,34,5,8,5,5.0,7,8,42,0.235,0.366,0.471,0.836,158,99,0.012,0.94,0.883,,0.5,27,9,9.0,1,50,14,35,15,12,5,0,56,1,1,-0.511,-2.5
SDN/SDN201906060,"Thursday, June 6, 2019",7:11 p.m. Local,Petco Park,19908,3:07,Night,Home,San Diego Padres,SDP,Washington Nationals,WSN,32,4,4,4,4.0,3,11,35,0.125,0.2,0.281,0.481,143,92,-0.292,1.22,0.44,,-0.5,24,10,8.0,1,40,19,33,11,10,2,0,42,2,0,-0.208,-1.0,27,5,6,4,3.38,7,9,35,0.222,0.371,0.333,0.705,141,86,0.208,0.99,0.824,,1.0,27,9,9.0,1,43,18,25,11,8,3,0,45,0,0,0.292,0.5
SDN/SDN201906070,"Friday, June 7, 2019",7:11 p.m. Local,Petco Park,21645,2:46,Night,Home,San Diego Padres,SDP,Washington Nationals,WSN,33,4,10,3,4.0,0,6,36,0.303,0.324,0.424,0.748,135,93,0.131,1.48,1.108,,-0.5,26,8,8.2,1,59,11,23,13,16,8,0,55,0,0,-0.631,-0.7,33,5,8,5,5.19,1,9,34,0.242,0.265,0.394,0.659,141,87,0.63,1.65,1.504,,0.7,27,11,9.0,0,44,14,29,10,14,6,0,58,2,0,-0.131,0.5
SDN/SDN201906080,"Saturday, June 8, 2019",7:11 p.m. Local,Petco Park,30319,2:39,Night,Away,Washington Nationals,WSN,San Diego Padres,SDP,32,4,7,4,3.0,3,7,36,0.219,0.286,0.344,0.629,136,85,0.127,0.82,0.441,,-0.5,27,10,9.0,0,51,9,25,9,17,6,0,73,1,0,0.373,3.5,34,1,7,1,1.0,2,11,36,0.206,0.25,0.235,0.485,128,92,-0.374,0.58,0.219,,-3.5,27,6,9.0,1,44,14,34,12,11,5,0,51,0,0,-0.127,0.5
SDN/SDN201906090,"Sunday, June 9, 2019",1:11 p.m. Local,Petco Park,30518,2:56,Day,Away,Washington Nationals,WSN,San Diego Padres,SDP,34,5,8,5,4.0,1,5,36,0.235,0.278,0.618,0.895,149,80,0.134,1.06,0.701,,0.5,27,10,9.0,0,52,7,21,13,16,4,0,67,1,1,0.366,2.5,33,2,7,2,2.0,0,7,33,0.212,0.212,0.242,0.455,117,100,-0.365,0.83,0.451,,-2.5,27,14,9.0,4,55,16,29,16,10,3,0,54,1,0,-0.135,-0.5
SFN/SFN201906110,"Tuesday, June 11, 2019",6:44 p.m. Local,Oracle Park,28535,3:01,Night,Home,San Francisco Giants,SFG,San Diego Padres,SDP,34,5,7,5,5.0,3,12,37,0.206,0.27,0.382,0.653,149,100,-0.017,1.52,0.782,,0.5,24,5,8.0,1,55,18,27,10,12,5,0,48,2,0,-0.483,-2.0,30,6,9,6,6.75,4,10,36,0.3,0.371,0.433,0.805,155,92,0.485,1.31,1.352,,2.0,27,6,9.0,2,55,16,21,6,16,11,0,43,3,2,0.015,-0.5
SFN/SFN201906120,"Wednesday, June 12, 2019",6:45 p.m. Local,Oracle Park,31188,2:52,Night,Home,San Francisco Giants,SFG,San Diego Padres,SDP,32,2,6,2,2.0,4,9,36,0.188,0.278,0.281,0.559,125,83,-0.332,0.89,0.511,,-2.5,24,7,8.0,1,44,12,27,15,7,3,1,56,1,0,-0.168,-0.0,32,4,8,4,2.25,2,10,34,0.25,0.294,0.375,0.669,135,78,0.166,1.28,0.681,,0.0,27,14,9.0,0,43,16,19,10,12,5,0,59,0,0,0.332,2.5
COL/COL201906130,"Thursday, June 13, 2019",6:42 p.m. Local,Coors Field,35504,3:26,Night,Home,Colorado Rockies,COL,San Diego Padres,SDP,40,6,13,6,6.0,0,12,40,0.325,0.325,0.6,0.925,176,94,-0.076,0.71,0.593,,0.4,24,7,8.0,3,50,25,19,13,15,5,0,22,3,2,-0.423,-4.0,35,9,13,9,10.12,6,8,42,0.371,0.463,0.743,1.206,137,102,0.425,0.93,0.877,,4.0,27,10,9.0,2,63,18,22,13,15,4,0,48,0,0,0.077,-0.4
COL/COL201906140,"Friday, June 14, 2019",6:42 p.m. Local,Coors Field,38077,5:04,Night,Away,San Diego Padres,SDP,Colorado Rockies,COL,56,16,21,15,12.0,6,10,62,0.375,0.435,0.714,1.15,220,156,0.392,0.88,1.658,,8.5,36,15,12.0,3,93,21,42,20,26,14,0,39,2,0,0.109,-4.5,53,12,18,11,9.0,2,9,58,0.34,0.379,0.566,0.945,240,144,-0.106,1.35,0.829,,4.5,36,17,12.0,4,92,20,32,22,23,13,0,57,2,1,-0.394,-8.5
COL/COL201906150,"Saturday, June 15, 2019",6:40 p.m. Local,Coors Field,46133,3:39,Night,Home,Colorado Rockies,COL,San Diego Padres,SDP,39,8,13,6,7.0,5,11,44,0.333,0.409,0.41,0.819,174,98,0.095,0.83,0.812,,2.4,24,8,8.0,1,54,17,29,17,11,7,0,18,2,0,-0.593,-9.0,38,14,19,14,15.75,5,6,47,0.5,0.543,0.737,1.28,158,112,0.592,0.87,1.081,,9.0,27,11,9.0,0,71,22,19,12,23,12,0,25,3,0,-0.093,-2.4
COL/COL201906160,"Sunday, June 16, 2019",1:12 p.m. Local,Coors Field,47526,3:31,Day,Away,San Diego Padres,SDP,Colorado Rockies,COL,39,14,15,14,14.0,6,7,46,0.385,0.457,0.744,1.2,156,110,0.95,0.92,1.681,,8.4,27,7,9.0,2,54,17,39,18,15,8,0,-4,2,1,-0.448,-7.4,46,13,19,13,13.0,2,14,48,0.413,0.438,0.652,1.09,186,118,0.449,1.32,1.082,,7.4,27,12,9.0,2,65,26,27,11,21,16,0,12,1,1,-0.949,-8.4
SDN/SDN201906170,"Monday, June 17, 2019",7:11 p.m. Local,Petco Park,24914,2:55,Night,Home,San Diego Padres,SDP,Milwaukee Brewers,MIL,29,0,4,0,0.0,3,8,32,0.138,0.219,0.172,0.391,152,80,-0.558,0.78,0.207,,-4.5,24,5,8.0,1,42,15,23,12,9,5,0,48,3,0,0.058,2.0,30,2,7,1,2.25,3,11,35,0.233,0.324,0.4,0.724,129,89,-0.059,1.02,0.413,,-2.0,27,11,9.0,0,46,14,29,8,12,4,0,73,0,0,0.559,4.5
SDN/SDN201906180,"Tuesday, June 18, 2019",7:11 p.m. Local,Petco Park,29112,2:43,Night,Home,San Diego Padres,SDP,Milwaukee Brewers,MIL,27,1,4,0,1.0,3,7,32,0.148,0.258,0.185,0.443,130,76,-0.416,0.89,0.357,,-3.5,24,8,8.0,1,37,14,25,15,6,3,0,47,0,0,-0.084,0.0,33,4,8,3,4.5,3,11,36,0.242,0.306,0.394,0.699,121,90,0.084,1.03,0.551,,-0.0,27,16,9.0,0,46,16,28,9,13,7,0,74,0,0,0.415,3.5
SDN/SDN201906190,"Wednesday, June 19, 2019",12:40 p.m. Local,Petco Park,28144,3:24,Day,Home,San Diego Padres,SDP,Milwaukee Brewers,MIL,36,7,9,7,7.0,5,5,41,0.25,0.341,0.528,0.869,141,103,0.264,1.07,1.433,,2.5,24,10,8.0,2,57,17,29,12,19,7,0,20,2,0,-0.765,-4.0,35,8,13,8,9.0,4,7,39,0.371,0.436,0.6,1.036,162,82,0.765,1.75,1.283,,4.0,27,11,9.0,3,47,12,23,11,17,7,0,42,2,2,-0.266,-2.5
PIT/PIT201906210,"Friday, June 21, 2019",7:07 p.m. Local,PNC Park,33437,2:35,Night,Home,Pittsburgh Pirates,PIT,San Diego Padres,SDP,34,1,7,1,1.0,2,9,36,0.206,0.25,0.382,0.632,91,93,-0.608,0.93,0.542,,-3.6,24,10,8.0,0,58,18,17,8,17,9,0,64,0,0,0.109,2.1,28,2,6,2,1.12,1,5,30,0.214,0.241,0.25,0.491,140,65,-0.11,1.64,0.416,,-2.1,27,6,9.0,1,38,8,19,14,10,7,0,71,0,0,0.609,3.6
PIT/PIT201906220,"Saturday, June 22, 2019",4:07 p.m. Local,PNC Park,26929,3:18,Day,Home,Pittsburgh Pirates,PIT,San Diego Padres,SDP,31,3,6,3,3.0,7,12,40,0.194,0.333,0.323,0.656,149,98,-0.233,1.48,0.582,,-1.6,24,13,8.0,1,48,25,25,14,7,4,0,47,0,0,-0.268,-1.9,29,6,10,6,6.75,6,3,37,0.345,0.444,0.552,0.996,167,94,0.267,1.23,1.171,,1.9,27,12,9.0,1,64,11,19,16,12,4,0,61,1,0,0.234,1.6
PIT/PIT201906230,"Sunday, June 23, 2019",1:37 p.m. Local,PNC Park,25294,4:58,Day,Home,Pittsburgh Pirates,PIT,San Diego Padres,SDP,46,10,13,10,8.18,8,13,54,0.283,0.389,0.391,0.78,205,136,0.78,2.21,1.901,,4.4,32,9,10.2,0,79,29,31,9,24,7,0,43,2,2,-1.279,-6.2,47,11,17,11,7.59,4,9,55,0.362,0.407,0.468,0.875,229,133,1.28,1.41,2.52,,6.2,33,6,11.0,0,80,26,27,16,25,15,0,44,1,1,-0.78,-4.4
BAL/BAL201906250,"Tuesday, June 25, 2019",7:08 p.m. Local,Oriole Park at Camden Yards,21644,2:47,Night,Away,San Diego Padres,SDP,Baltimore Orioles,BAL,37,8,12,8,8.0,3,6,41,0.324,0.39,0.676,1.066,135,84,0.422,0.62,0.678,,3.1,27,14,9.0,1,53,11,20,14,17,5,0,51,0,0,0.078,1.9,36,3,11,3,3.0,2,9,38,0.306,0.342,0.444,0.787,133,89,-0.078,0.42,0.367,,-1.9,27,10,9.0,4,48,21,20,14,13,9,0,29,0,0,-0.421,-3.1
BAL/BAL201906260,"Wednesday, June 26, 2019",3:07 p.m. Local,Oriole Park at Camden Yards,13408,3:18,Day,Away,San Diego Padres,SDP,Baltimore Orioles,BAL,37,10,11,10,10.0,3,10,42,0.297,0.381,0.703,1.084,159,108,0.493,0.69,0.914,,5.1,27,4,9.0,2,66,27,15,10,17,5,0,55,3,0,0.008,-0.1,36,5,8,5,5.0,3,15,39,0.222,0.282,0.472,0.754,167,110,-0.009,0.64,0.522,,0.1,27,7,9.0,5,63,18,29,7,14,4,0,31,1,1,-0.491,-5.1
SDN/SDN201906280,"Friday, June 28, 2019",7:11 p.m. Local,Petco Park,33329,2:49,Night,Home,San Diego Padres,SDP,St. Louis Cardinals,STL,36,1,9,1,1.0,2,8,38,0.25,0.289,0.306,0.595,97,108,-0.478,0.96,0.617,,-3.5,24,12,8.0,2,57,15,38,15,13,7,0,58,0,0,-0.022,1.0,27,3,7,3,3.38,2,3,30,0.259,0.31,0.556,0.866,171,60,0.022,1.51,0.607,,-1.0,27,11,9.0,0,37,9,14,12,13,5,0,48,2,0,0.479,3.5
SDN/SDN201906290,"Saturday, June 29, 2019",7:12 p.m. Local,Petco Park,44407,3:05,Night,Home,San Diego Padres,SDP,St. Louis Cardinals,STL,34,2,5,2,1.0,2,12,36,0.147,0.194,0.265,0.459,167,109,-0.038,0.46,0.124,,-2.5,24,8,8.0,5,54,24,31,9,13,4,0,30,0,0,-0.462,-8.0,36,12,12,12,6.75,4,11,41,0.333,0.415,0.806,1.22,154,104,0.462,0.22,0.655,,8.0,27,6,9.0,1,55,26,23,12,13,2,0,71,1,0,0.038,2.5
SDN/SDN201906300,"Sunday, June 30, 2019",1:12 p.m. Local,Petco Park,32575,4:07,Day,Away,St. Louis Cardinals,STL,San Diego Padres,SDP,40,5,9,4,3.27,4,11,45,0.225,0.311,0.3,0.611,189,109,0.034,1.18,1.431,,-0.5,33,11,11.0,1,64,15,31,17,12,4,0,48,4,0,0.465,2.5,41,3,10,3,2.45,4,13,45,0.244,0.311,0.341,0.653,177,119,-0.465,1.69,0.676,,-2.5,33,13,11.0,1,61,25,33,11,17,12,0,55,5,2,-0.036,0.5
SDN/SDN201907010,"Monday, July 1, 2019",7:12 p.m. Local,Petco Park,25274,3:12,Night,Away,San Francisco Giants,SFG,San Diego Padres,SDP,41,13,14,12,13.0,3,6,46,0.341,0.4,0.732,1.132,128,119,0.264,0.47,0.584,,8.5,27,15,9.0,0,74,17,28,15,21,11,0,68,0,0,0.235,2.5,33,2,5,2,2.0,2,7,36,0.152,0.194,0.273,0.467,182,83,-0.236,0.5,0.127,,-2.5,27,10,9.0,3,49,12,22,18,9,4,0,25,2,1,-0.265,-8.5
SDN/SDN201907020,"Tuesday, July 2, 2019",7:11 p.m. Local,Petco Park,24007,3:12,Night,Away,San Francisco Giants,SFG,San Diego Padres,SDP,44,10,17,10,10.0,4,11,48,0.386,0.438,0.705,1.142,147,111,0.333,0.46,0.711,,5.5,27,9,9.0,2,60,19,32,7,26,15,0,69,0,0,0.167,0.5,34,4,9,4,4.0,0,6,35,0.265,0.257,0.471,0.728,162,91,-0.168,0.48,0.191,,-0.5,27,3,9.0,3,57,16,18,13,16,5,0,22,0,0,-0.332,-5.5
SDN/SDN201907030,"Wednesday, July 3, 2019",6:11 p.m. Local,Petco Park,33905,3:00,Night,Away,San Francisco Giants,SFG,San Diego Padres,SDP,35,7,9,7,7.0,3,7,39,0.257,0.333,0.514,0.848,138,100,0.502,0.99,1.168,,2.5,27,11,9.0,2,57,17,26,8,20,10,0,32,0,0,-0.001,-0.5,37,5,11,5,5.0,1,9,38,0.297,0.316,0.486,0.802,148,95,0.001,0.95,0.664,,0.5,27,7,9.0,2,56,21,18,13,15,8,0,44,4,0,-0.502,-2.5
LAN/LAN201907040,"Thursday, July 4, 2019",6:10 p.m. Local,Dodger Stadium,53801,3:02,Night,Home,Los Angeles Dodgers,LAD,San Diego Padres,SDP,31,1,5,1,0.0,3,12,34,0.161,0.235,0.161,0.397,131,95,-0.375,0.6,0.188,,-3.6,24,5,8.0,2,49,22,24,12,7,3,0,54,0,0,-0.126,-0.9,28,5,6,5,4.5,2,11,34,0.214,0.294,0.464,0.758,141,83,0.126,0.78,0.423,,0.9,27,6,9.0,0,40,19,24,6,13,6,0,68,1,0,0.374,3.6
LAN/LAN201907050,"Friday, July 5, 2019",7:10 p.m. Local,Dodger Stadium,49790,2:58,Night,Away,San Diego Padres,SDP,Los Angeles Dodgers,LAD,32,3,6,3,2.0,1,12,36,0.188,0.235,0.313,0.548,141,89,-0.019,1.78,0.636,,-1.6,27,8,9.0,0,47,18,23,10,11,5,0,63,1,0,0.519,2.6,34,2,6,2,1.0,1,9,37,0.176,0.222,0.206,0.428,123,95,-0.519,1.07,0.788,,-2.6,27,9,9.0,1,55,15,25,11,15,6,0,69,0,0,0.018,1.6
LAN/LAN201907060,"Saturday, July 6, 2019",7:11 p.m. Local,Dodger Stadium,53610,2:52,Night,Away,San Diego Padres,SDP,Los Angeles Dodgers,LAD,30,3,4,3,3.0,1,8,32,0.133,0.188,0.333,0.521,145,76,-0.069,1.17,0.559,,-1.6,27,10,9.0,0,37,20,19,14,8,2,0,68,0,0,0.57,3.6,33,1,6,0,0.0,1,8,35,0.182,0.229,0.242,0.471,110,104,-0.569,0.87,0.303,,-3.6,27,15,9.0,2,69,14,21,13,12,8,0,64,1,0,0.069,1.6
LAN/LAN201907070,"Sunday, July 7, 2019",1:10 p.m. Local,Dodger Stadium,44171,2:58,Day,Away,San Diego Padres,SDP,Los Angeles Dodgers,LAD,34,5,8,5,5.0,0,11,34,0.235,0.235,0.529,0.765,126,96,0.168,0.97,0.602,,0.4,27,10,9.0,2,53,17,26,11,12,2,0,53,1,0,0.333,1.6,33,3,7,3,3.0,0,7,33,0.212,0.212,0.424,0.636,138,83,-0.331,0.62,0.389,,-1.6,27,6,9.0,3,43,19,21,12,14,4,0,38,2,2,-0.167,-0.4
SDN/SDN201907120,"Friday, July 12, 2019",7:11 p.m. Local,Petco Park,34692,3:03,Night,Away,Atlanta Braves,ATL,San Diego Padres,SDP,32,5,8,5,5.0,3,9,35,0.25,0.314,0.563,0.877,146,81,0.174,1.02,0.452,,0.5,27,14,9.0,1,43,18,20,11,12,2,0,62,1,0,0.327,1.5,33,3,9,3,3.0,6,7,39,0.273,0.385,0.364,0.748,123,90,-0.326,0.5,0.504,,-1.5,27,11,9.0,3,54,17,19,18,8,3,0,46,0,0,-0.173,-0.5
SDN/SDN201907130,"Saturday, July 13, 2019",5:42 p.m. Local,Petco Park,43148,4:05,Night,Away,Atlanta Braves,ATL,San Diego Padres,SDP,40,7,11,7,6.3,5,10,46,0.275,0.348,0.45,0.798,174,114,0.444,1.7,1.325,,2.0,30,8,10.0,3,70,17,27,18,13,7,0,61,0,0,0.057,0.0,32,5,5,4,3.6,8,11,44,0.156,0.349,0.438,0.786,183,107,-0.058,1.41,1.125,,-0.0,30,13,10.0,2,49,18,40,10,13,2,0,55,1,1,-0.443,-2.0
SDN/SDN201907140,"Sunday, July 14, 2019",1:13 p.m. Local,Petco Park,34739,3:15,Day,Away,Atlanta Braves,ATL,San Diego Padres,SDP,35,4,7,4,4.0,2,8,38,0.2,0.263,0.286,0.549,130,97,0.006,1.26,0.84,,-0.5,27,9,9.0,0,56,20,21,16,11,7,0,73,6,1,0.495,3.5,36,1,10,1,1.0,2,10,38,0.278,0.316,0.278,0.594,148,90,-0.495,1.15,0.461,,-3.5,27,12,9.0,1,54,19,17,13,13,4,0,68,1,0,-0.005,0.5
MIA/MIA201907160,"Tuesday, July 16, 2019",7:10 p.m. Local,Marlins Park,8151,3:14,Night,Home,Miami Marlins,MIA,San Diego Padres,SDP,37,7,11,6,6.0,3,8,41,0.297,0.366,0.514,0.879,161,119,0.046,0.46,0.447,,2.5,24,13,8.0,2,73,15,31,15,14,5,0,12,4,2,-0.547,-8.0,36,12,14,12,13.5,5,5,42,0.389,0.463,0.667,1.13,179,96,0.548,0.6,0.669,,8.0,27,12,9.0,2,54,15,27,16,16,9,0,51,0,0,-0.046,-2.5
MIA/MIA201907170,"Wednesday, July 17, 2019",7:10 p.m. Local,Marlins Park,7818,2:46,Night,Away,San Diego Padres,SDP,Miami Marlins,MIA,32,3,9,3,3.0,5,9,38,0.281,0.378,0.438,0.816,130,85,0.035,1.67,0.575,,-1.5,27,5,9.0,1,42,19,24,11,13,9,0,80,0,0,0.465,2.5,32,2,3,2,1.0,1,12,33,0.094,0.121,0.188,0.309,142,86,-0.466,0.74,0.55,,-2.5,27,11,9.0,1,39,20,27,9,11,4,0,41,0,0,-0.034,1.5
MIA/MIA201907180,"Thursday, July 18, 2019",12:10 p.m. Local,Marlins Park,21149,3:30,Day,Home,Miami Marlins,MIA,San Diego Padres,SDP,33,3,7,3,3.0,4,15,38,0.212,0.289,0.424,0.714,167,107,-0.304,1.48,0.667,,-1.5,25,9,8.1,1,53,30,24,6,13,5,0,45,0,0,-0.198,-0.2,37,4,11,3,2.16,3,11,40,0.297,0.35,0.459,0.809,168,111,0.2,1.4,1.236,,0.2,27,4,9.0,1,57,24,30,13,13,7,0,54,2,0,0.304,1.5
CHN/CHN201907190,"Friday, July 19, 2019",1:22 p.m. Local,Wrigley Field,39526,3:12,Day,Home,Chicago Cubs,CHC,San Diego Padres,SDP,39,5,13,5,5.0,3,11,43,0.333,0.372,0.538,0.911,123,101,-0.076,1.15,1.143,,0.1,24,6,8.0,2,60,13,28,11,18,11,0,36,1,0,-0.425,-1.7,31,6,7,5,5.62,4,11,35,0.226,0.314,0.452,0.766,165,77,0.424,1.54,0.994,,1.7,27,5,9.0,2,39,15,23,6,14,5,0,38,0,0,0.076,-0.1
CHN/CHN201907200,"Saturday, July 20, 2019",1:22 p.m. Local,Wrigley Field,40314,3:25,Day,Home,Chicago Cubs,CHC,San Diego Padres,SDP,34,5,9,5,5.0,3,8,39,0.265,0.316,0.618,0.933,140,92,-0.207,1.17,0.921,,0.1,24,8,8.0,1,51,11,30,13,15,4,0,19,2,0,-0.293,-1.7,33,6,11,6,6.75,3,8,36,0.333,0.389,0.576,0.965,150,90,0.293,1.54,1.078,,1.7,27,11,9.0,3,57,17,16,13,12,4,0,37,0,0,0.207,-0.1
CHN/CHN201907210,"Sunday, July 21, 2019",1:52 p.m. Local,Wrigley Field,39954,2:49,Day,Away,San Diego Padres,SDP,Chicago Cubs,CHC,31,5,6,5,5.0,5,6,38,0.194,0.324,0.323,0.647,124,97,-0.018,0.95,0.661,,0.1,27,6,9.0,0,54,18,25,16,10,4,0,48,1,0,0.517,3.9,32,1,6,1,1.0,0,10,32,0.188,0.188,0.219,0.406,150,81,-0.516,1.01,0.184,,-3.9,27,14,9.0,1,43,18,20,6,16,9,0,64,2,2,0.017,-0.1
NYN/NYN201907230,"Tuesday, July 23, 2019",7:12 p.m. Local,Citi Field,33199,3:02,Night,Home,New York Mets,NYM,San Diego Padres,SDP,30,2,5,2,2.0,7,9,38,0.167,0.316,0.2,0.516,123,100,-0.424,0.59,0.406,,-2.4,24,6,8.0,3,53,18,29,9,13,3,0,47,1,0,-0.077,-1.1,31,5,8,5,5.62,3,4,35,0.258,0.343,0.548,0.891,171,83,0.077,1.05,0.437,,1.1,27,6,9.0,0,57,11,15,8,19,8,0,74,4,1,0.423,2.4
NYN/NYN201907240,"Wednesday, July 24, 2019",7:10 p.m. Local,Citi Field,32252,3:20,Night,Away,San Diego Padres,SDP,New York Mets,NYM,35,7,14,7,6.0,6,9,43,0.4,0.465,0.514,0.979,169,97,0.233,1.18,0.831,,2.6,27,8,9.0,0,48,16,33,13,15,7,0,51,0,0,0.265,2.4,31,2,5,2,2.0,5,13,36,0.161,0.278,0.258,0.536,145,107,-0.265,0.81,0.482,,-2.4,27,11,9.0,0,61,21,25,8,10,6,0,50,3,1,-0.236,-2.6
NYN/NYN201907250,"Thursday, July 25, 2019",12:10 p.m. Local,Citi Field,37822,2:49,Day,Home,New York Mets,NYM,San Diego Padres,SDP,33,0,6,0,0.0,1,13,34,0.182,0.206,0.182,0.388,134,93,-0.277,0.34,0.094,,-4.4,24,10,8.0,0,50,23,20,9,11,6,0,27,2,0,-0.225,-0.1,34,4,12,4,4.5,6,6,42,0.353,0.452,0.412,0.864,140,82,0.224,0.5,0.403,,0.1,27,7,9.0,0,53,10,19,16,13,7,0,77,1,0,0.276,4.4
SDN/SDN201907260,"Friday, July 26, 2019",7:11 p.m. Local,Petco Park,41951,3:32,Night,Away,San Francisco Giants,SFG,San Diego Padres,SDP,39,2,5,2,1.64,5,14,44,0.128,0.227,0.256,0.484,149,107,-0.383,1.38,1.091,,-3.5,33,12,11.0,1,53,21,33,11,14,5,0,63,0,0,0.884,4.5,37,1,5,1,0.82,3,10,40,0.135,0.2,0.243,0.443,164,98,-0.885,1.53,0.422,,-4.5,33,9,11.0,1,51,18,29,11,16,9,0,68,0,0,0.384,3.5
SDN/SDN201907270,"Saturday, July 27, 2019",5:42 p.m. Local,Petco Park,41371,3:11,Night,Home,San Diego Padres,SDP,San Francisco Giants,SFG,32,1,5,1,1.0,5,8,37,0.156,0.27,0.188,0.458,152,89,-0.331,0.79,0.348,,-3.5,24,10,8.0,1,56,12,21,12,12,5,0,42,1,1,-0.169,-1.0,28,5,9,5,5.62,5,8,35,0.321,0.441,0.5,0.941,144,86,0.168,1.03,0.609,,1.0,27,10,9.0,0,52,14,23,10,11,4,0,58,3,0,0.332,3.5
SDN/SDN201907280,"Sunday, July 28, 2019",1:12 p.m. Local,Petco Park,35087,3:00,Day,Away,San Francisco Giants,SFG,San Diego Padres,SDP,38,7,16,7,7.0,4,7,44,0.421,0.476,0.579,1.055,116,103,0.296,1.4,1.118,,2.5,27,8,9.0,2,66,12,25,18,15,12,0,57,0,0,0.205,-1.5,31,6,7,6,6.0,2,7,35,0.226,0.286,0.419,0.705,152,82,-0.206,1.16,0.765,,1.5,27,15,9.0,0,51,11,20,8,17,4,0,42,2,0,-0.295,-2.5
SDN/SDN201907290,"Monday, July 29, 2019",7:12 p.m. Local,Petco Park,34290,2:50,Night,Home,San Diego Padres,SDP,Baltimore Orioles,BAL,36,1,7,1,1.0,4,10,40,0.194,0.275,0.222,0.497,133,100,-0.212,0.31,0.326,,-3.5,24,7,8.0,5,52,18,30,10,16,9,0,39,2,0,-0.287,-4.0,34,8,10,8,9.0,2,10,38,0.294,0.368,0.794,1.163,160,87,0.287,0.71,0.471,,4.0,27,6,9.0,0,52,16,19,8,16,7,0,61,2,0,0.214,3.5
SDN/SDN201907300,"Tuesday, July 30, 2019",12:43 p.m. Local,Petco Park,30286,3:22,Day,Away,Baltimore Orioles,BAL,San Diego Padres,SDP,40,8,13,8,8.0,3,14,43,0.325,0.372,0.475,0.847,146,121,0.561,0.79,1.333,,3.5,27,5,9.0,2,61,27,33,9,17,11,0,36,0,0,-0.06,-0.5,37,5,10,5,4.0,2,12,39,0.27,0.308,0.486,0.794,171,97,0.062,1.21,0.567,,0.5,27,5,9.0,1,52,20,25,8,17,6,0,48,2,2,-0.561,-3.5
LAN/LAN201908010,"Thursday, August 1, 2019",7:10 p.m. Local,Dodger Stadium,53181,3:25,Night,Home,Los Angeles Dodgers,LAD,San Diego Padres,SDP,31,2,8,2,2.0,7,6,40,0.258,0.395,0.387,0.782,157,84,-0.123,0.98,0.486,,-2.6,24,9,8.0,2,45,15,24,12,15,4,0,46,3,3,-0.377,-3.9,32,8,11,8,9.0,4,8,37,0.344,0.417,0.656,1.073,144,96,0.377,0.92,0.893,,3.9,27,10,9.0,1,51,13,32,10,15,9,0,52,0,0,0.123,2.6
LAN/LAN201908020,"Friday, August 2, 2019",7:10 p.m. Local,Dodger Stadium,50780,3:06,Night,Away,San Diego Padres,SDP,Los Angeles Dodgers,LAD,38,5,14,5,4.0,1,9,39,0.368,0.385,0.447,0.832,140,107,0.278,0.75,1.022,,0.4,27,7,9.0,1,62,14,31,13,16,10,0,64,0,0,0.223,2.6,31,2,4,2,2.0,0,8,31,0.129,0.129,0.226,0.355,163,87,-0.222,1.02,0.317,,-2.6,27,12,9.0,0,43,15,29,9,14,2,0,40,1,0,-0.277,-0.4
LAN/LAN201908030,"Saturday, August 3, 2019",6:10 p.m. Local,Dodger Stadium,54010,2:18,Night,Home,Los Angeles Dodgers,LAD,San Diego Padres,SDP,31,1,5,1,1.0,0,15,31,0.161,0.161,0.258,0.419,118,80,-0.39,0.64,0.196,,-3.6,24,9,8.0,1,39,17,24,9,7,4,0,46,0,0,-0.111,0.1,30,4,7,4,2.25,2,5,33,0.233,0.281,0.4,0.681,110,83,0.111,0.79,0.488,,-0.1,27,7,9.0,1,52,11,20,12,14,4,0,88,,,0.389,3.6
LAN/LAN201908040,"Sunday, August 4, 2019",1:11 p.m. Local,Dodger Stadium,44110,3:54,Day,Home,Los Angeles Dodgers,LAD,San Diego Padres,SDP,37,10,12,10,9.0,3,11,42,0.324,0.357,0.514,0.871,163,110,0.747,1.78,1.337,,5.4,25,7,8.1,3,59,24,27,11,17,10,0,31,3,0,-1.244,-7.1,36,11,11,11,10.8,3,10,40,0.306,0.375,0.694,1.069,178,103,1.247,1.17,2.393,,7.1,27,10,9.0,2,50,18,35,8,18,9,0,31,2,0,-0.745,-5.4
SEA/SEA201908060,"Tuesday, August 6, 2019",7:10 p.m. Local,T-Mobile Park,24020,2:55,Night,Away,San Diego Padres,SDP,Seattle Mariners,SEA,35,9,9,9,9.0,2,9,39,0.257,0.316,0.543,0.859,149,96,0.216,0.65,0.494,,4.4,27,5,9.0,1,53,16,27,16,11,4,0,81,0,0,0.285,0.6,32,4,6,3,4.0,5,15,37,0.188,0.297,0.313,0.61,152,95,-0.286,0.5,0.247,,-0.6,27,12,9.0,3,41,21,33,6,11,5,0,53,0,0,-0.216,-4.4
SEA/SEA201908070,"Wednesday, August 7, 2019",3:40 p.m. Local,T-Mobile Park,20142,3:05,Day,Home,Seattle Mariners,SEA,San Diego Padres,SDP,34,2,8,2,2.0,3,13,37,0.235,0.297,0.441,0.738,138,96,-0.458,1.14,0.656,,-2.6,24,7,8.0,1,46,26,24,12,9,2,0,57,0,0,-0.042,1.1,30,3,7,3,3.38,1,11,32,0.233,0.258,0.433,0.691,157,94,0.042,1.45,0.717,,-1.1,27,8,9.0,2,44,20,30,10,10,6,0,60,0,0,0.458,2.6
SDN/SDN201908080,"Thursday, August 8, 2019",7:14 p.m. Local,Petco Park,27806,3:14,Night,Home,San Diego Padres,SDP,Colorado Rockies,COL,36,3,13,3,3.0,1,8,38,0.361,0.395,0.5,0.895,128,97,-0.047,0.86,0.825,,-1.5,24,10,8.0,2,57,17,23,16,12,7,0,39,2,2,-0.451,-5.0,33,9,8,6,4.5,3,8,38,0.242,0.324,0.485,0.809,142,77,0.454,1.1,0.87,,5.0,27,13,9.0,1,45,18,14,15,11,5,0,32,3,0,0.048,1.5
SDN/SDN201908090,"Friday, August 9, 2019",7:13 p.m. Local,Petco Park,27882,3:02,Night,Home,San Diego Padres,SDP,Colorado Rockies,COL,32,1,6,1,1.0,2,6,35,0.188,0.235,0.188,0.423,142,88,-0.41,0.62,0.159,,-3.5,24,15,8.0,1,58,12,18,10,17,7,0,45,0,0,-0.091,-3.0,32,7,11,7,7.88,4,6,37,0.344,0.417,0.469,0.885,137,91,0.091,0.72,0.523,,3.0,27,8,9.0,0,55,12,24,18,9,6,0,72,2,1,0.409,3.5
SDN/SDN201908100,"Saturday, August 10, 2019",5:43 p.m. Local,Petco Park,42564,2:55,Night,Home,San Diego Padres,SDP,Colorado Rockies,COL,36,5,8,5,5.0,3,10,39,0.222,0.282,0.472,0.754,141,102,0.073,0.97,0.85,,0.5,24,9,8.0,3,65,13,24,11,15,10,0,32,0,0,-0.573,-4.0,35,8,11,8,9.0,3,8,38,0.314,0.368,0.771,1.14,147,91,0.573,1.16,1.123,,4.0,27,7,9.0,2,53,18,20,12,15,7,0,54,0,0,-0.074,-0.5
SDN/SDN201908110,"Sunday, August 11, 2019",12:43 p.m. Local,Petco Park,28930,3:03,Day,Away,Colorado Rockies,COL,San Diego Padres,SDP,37,8,12,8,8.0,6,10,46,0.324,0.432,0.486,0.918,117,108,0.415,0.83,1.067,,3.5,27,13,9.0,2,57,20,31,11,18,13,0,67,0,0,0.087,1.5,32,3,6,2,3.0,3,10,35,0.188,0.257,0.406,0.663,165,83,-0.086,0.97,0.524,,-1.5,27,9,9.0,1,42,13,28,13,9,5,0,57,2,0,-0.414,-3.5
SDN/SDN201908120,"Monday, August 12, 2019",7:11 p.m. Local,Petco Park,21301,3:47,Night,Away,Tampa Bay Rays,TBR,San Diego Padres,SDP,40,10,14,9,10.0,8,9,49,0.35,0.469,0.45,0.919,132,123,0.283,0.97,0.841,,5.5,27,11,9.0,1,77,22,24,13,18,9,0,47,0,0,0.22,0.5,37,4,10,4,3.0,1,11,38,0.27,0.289,0.405,0.695,204,92,-0.218,0.69,0.474,,-0.5,27,8,9.0,1,52,17,23,15,11,7,0,45,3,1,-0.282,-5.5
SDN/SDN201908130,"Tuesday, August 13, 2019",7:11 p.m. Local,Petco Park,25261,3:44,Night,Away,Tampa Bay Rays,TBR,San Diego Padres,SDP,39,7,11,6,6.0,5,8,44,0.282,0.364,0.564,0.928,172,107,0.452,1.22,1.262,,2.5,27,7,9.0,0,60,11,36,14,17,7,0,37,2,0,0.048,-0.5,32,5,7,4,4.0,9,18,41,0.219,0.39,0.281,0.671,175,99,-0.047,1.11,0.822,,0.5,27,10,9.0,2,41,21,37,7,7,1,0,45,2,0,-0.452,-2.5
SDN/SDN201908140,"Wednesday, August 14, 2019",12:42 p.m. Local,Petco Park,22886,3:10,Day,Home,San Diego Padres,SDP,Tampa Bay Rays,TBR,31,2,6,2,2.0,1,7,33,0.194,0.242,0.29,0.533,157,106,-0.185,0.66,0.291,,-2.5,24,6,8.0,1,56,17,33,8,16,9,0,35,0,0,-0.315,-3.0,34,7,10,7,7.88,5,10,40,0.294,0.4,0.412,0.812,164,99,0.316,0.72,0.693,,3.0,27,9,9.0,1,53,21,25,10,14,8,0,57,2,0,0.186,2.5
PHI/PHI201908160,"Friday, August 16, 2019",7:07 p.m. Local,Citizens Bank Park,26084,3:20,Night,Home,Philadelphia Phillies,PHI,San Diego Padres,SDP,32,4,7,3,4.0,2,6,35,0.219,0.265,0.344,0.608,164,103,-0.193,0.53,0.27,,-0.9,24,4,8.0,3,64,16,23,13,14,7,0,33,3,0,-0.308,-3.7,36,8,12,7,7.88,2,9,39,0.333,0.385,0.639,1.024,159,112,0.309,0.76,0.654,,3.7,27,8,9.0,0,75,20,17,11,16,6,0,49,1,1,0.191,0.9
PHI/PHI201908170,"Saturday, August 17, 2019",7:07 p.m. Local,Citizens Bank Park,31332,3:16,Night,Away,San Diego Padres,SDP,Philadelphia Phillies,PHI,37,5,12,5,5.0,3,5,41,0.324,0.375,0.405,0.78,140,102,0.16,1.27,0.863,,0.1,27,9,9.0,1,63,8,33,17,16,8,0,53,0,0,0.341,1.9,33,3,6,3,3.0,1,9,35,0.182,0.229,0.364,0.592,152,91,-0.341,1.03,0.605,,-1.9,27,14,9.0,0,52,23,16,9,15,5,0,35,1,0,-0.161,-0.1
PHI/PHI201908180,"Sunday, August 18, 2019",1:10 p.m. Local,Citizens Bank Park,36210,3:21,Day,Away,San Diego Padres,SDP,Philadelphia Phillies,PHI,34,3,9,3,3.0,2,8,36,0.265,0.306,0.471,0.776,163,91,-0.064,1.34,0.659,,-1.9,27,6,9.0,0,53,15,23,9,17,10,0,60,1,0,0.564,2.9,31,2,4,2,2.0,2,8,33,0.129,0.182,0.194,0.375,141,105,-0.562,0.97,0.44,,-2.9,27,10,9.0,2,68,12,25,8,15,5,0,51,1,0,0.063,1.9
CIN/CIN201908190,"Monday, August 19, 2019",7:11 p.m. Local,Great American Ball Park,10176,3:00,Night,Away,San Diego Padres,SDP,Cincinnati Reds,CIN,33,3,5,2,2.0,1,14,34,0.152,0.176,0.242,0.419,169,83,-0.058,1.82,0.485,,-1.9,27,9,9.0,1,38,18,27,4,15,5,0,53,0,0,0.557,2.9,34,2,8,2,2.0,3,14,39,0.235,0.333,0.353,0.686,127,108,-0.556,0.78,0.785,,-2.9,27,3,9.0,1,60,20,28,11,9,3,0,67,0,0,0.057,1.9
CIN/CIN201908200,"Tuesday, August 20, 2019",7:21 p.m. Local,Great American Ball Park,12468,2:56,Night,Home,Cincinnati Reds,CIN,San Diego Padres,SDP,30,2,4,1,1.0,5,12,35,0.133,0.257,0.233,0.49,149,91,-0.476,0.78,0.512,,-2.9,24,2,8.0,1,42,22,27,6,12,3,0,59,0,0,-0.025,1.4,30,3,5,3,3.38,1,12,31,0.167,0.194,0.267,0.46,149,98,0.026,1.48,0.488,,-1.4,27,7,9.0,1,57,14,27,4,14,6,0,67,2,1,0.476,2.9
CIN/CIN201908210,"Wednesday, August 21, 2019",12:36 p.m. Local,Great American Ball Park,13397,2:52,Day,Home,Cincinnati Reds,CIN,San Diego Padres,SDP,31,2,6,2,2.0,0,9,32,0.194,0.194,0.323,0.516,136,96,-0.361,0.94,0.296,,-2.9,24,10,8.0,1,54,19,23,12,11,4,0,54,3,2,-0.14,0.4,34,4,10,4,2.25,3,9,38,0.294,0.351,0.412,0.763,148,92,0.139,0.9,0.66,,-0.4,27,11,9.0,1,53,17,22,14,12,6,0,62,0,0,0.36,2.9
SDN/SDN201908230,"Friday, August 23, 2019",7:13 p.m. Local,Petco Park,42904,3:04,Night,Away,Boston Red Sox,BOS,San Diego Padres,SDP,40,11,14,11,10.0,2,3,45,0.35,0.364,0.575,0.939,114,109,0.386,0.23,0.506,,6.5,27,15,9.0,0,71,14,24,21,19,8,0,72,0,0,0.114,4.5,29,0,5,0,0.0,1,7,30,0.172,0.2,0.172,0.372,178,75,-0.113,0.29,0.081,,-4.5,27,14,9.0,2,35,15,25,14,8,6,0,18,3,2,-0.386,-6.5
SDN/SDN201908240,"Saturday, August 24, 2019",5:42 p.m. Local,Petco Park,42625,3:48,Night,Away,Boston Red Sox,BOS,San Diego Padres,SDP,35,5,10,5,5.0,5,9,41,0.286,0.39,0.429,0.819,180,93,0.228,2.01,1.059,,0.5,27,8,9.0,1,48,15,30,13,13,6,0,45,2,1,0.27,0.5,32,4,7,4,4.0,6,12,40,0.219,0.359,0.344,0.703,155,103,-0.272,1.17,0.972,,-0.5,27,11,9.0,1,50,24,29,10,11,5,0,41,0,0,-0.229,-0.5
SDN/SDN201908250,"Sunday, August 25, 2019",1:11 p.m. Local,Petco Park,38026,2:54,Day,Home,San Diego Padres,SDP,Boston Red Sox,BOS,31,1,4,1,1.0,3,9,34,0.129,0.206,0.226,0.432,138,91,-0.451,0.51,0.363,,-3.5,24,11,8.0,1,48,15,28,14,8,3,0,37,0,0,-0.048,1.0,26,3,5,3,3.38,5,7,32,0.192,0.323,0.423,0.746,138,79,0.049,1.06,0.317,,-1.0,27,11,9.0,1,39,14,26,8,12,3,0,58,0,0,0.452,3.5
SDN/SDN201908260,"Monday, August 26, 2019",7:11 p.m. Local,Petco Park,26172,2:52,Night,Home,San Diego Padres,SDP,Los Angeles Dodgers,LAD,34,3,7,3,3.0,4,13,39,0.206,0.308,0.441,0.749,116,95,-0.294,0.98,0.802,,-1.5,24,7,8.0,0,57,14,24,6,15,6,0,49,0,0,-0.206,0.0,28,4,4,3,2.25,1,5,29,0.143,0.172,0.179,0.351,141,72,0.204,1.41,0.64,,-0.0,27,4,9.0,2,43,11,18,8,15,6,0,52,0,0,0.294,1.5
SDN/SDN201908270,"Tuesday, August 27, 2019",7:12 p.m. Local,Petco Park,27952,3:02,Night,Away,Los Angeles Dodgers,LAD,San Diego Padres,SDP,39,9,14,9,9.0,3,4,42,0.359,0.405,0.564,0.969,132,97,0.274,0.58,0.588,,4.5,27,6,9.0,0,64,10,23,16,19,7,0,73,0,0,0.226,4.5,30,0,5,0,0.0,2,13,33,0.167,0.242,0.233,0.476,159,86,-0.228,0.54,0.203,,-4.5,27,10,9.0,2,49,12,26,7,10,4,0,13,3,3,-0.273,-4.5
SDN/SDN201908280,"Wednesday, August 28, 2019",6:12 p.m. Local,Petco Park,26871,4:05,Night,Away,Los Angeles Dodgers,LAD,San Diego Padres,SDP,38,6,9,5,3.6,8,11,47,0.237,0.383,0.289,0.672,155,116,0.41,1.7,1.164,,1.0,30,6,10.0,1,61,18,37,14,13,6,0,55,1,0,0.091,1.0,33,4,5,3,3.6,5,10,41,0.152,0.275,0.303,0.578,194,92,-0.091,1.2,1.041,,-1.0,30,12,10.0,0,51,19,22,11,14,2,0,40,5,2,-0.409,-1.0
SFN/SFN201908290,"Thursday, August 29, 2019",6:45 p.m. Local,Oracle Park,33135,2:28,Night,Away,San Diego Padres,SDP,San Francisco Giants,SFG,33,5,8,5,5.0,0,6,34,0.242,0.265,0.545,0.81,139,76,0.206,0.89,0.51,,0.5,27,5,9.0,1,47,8,21,13,14,4,0,71,0,0,0.295,1.5,34,3,8,2,3.0,2,10,36,0.235,0.278,0.382,0.66,111,96,-0.294,0.5,0.415,,-1.5,27,14,9.0,2,61,16,19,5,19,10,0,34,0,0,-0.205,-0.5
SFN/SFN201908300,"Friday, August 30, 2019",7:15 p.m. Local,Oracle Park,34293,2:54,Night,Home,San Francisco Giants,SFG,San Diego Padres,SDP,31,3,6,3,2.0,2,10,33,0.194,0.242,0.323,0.565,161,89,-0.315,0.47,0.278,,-1.5,24,5,8.0,2,51,16,22,9,12,7,0,59,0,0,-0.185,-4.0,37,8,13,8,7.88,2,11,41,0.351,0.39,0.622,1.012,133,102,0.184,0.74,0.51,,4.0,27,9,9.0,1,59,19,24,9,18,9,0,72,0,0,0.315,1.5
SFN/SFN201908310,"Saturday, August 31, 2019",6:05 p.m. Local,Oracle Park,36424,2:58,Night,Away,San Diego Padres,SDP,San Francisco Giants,SFG,37,4,11,4,4.0,2,10,39,0.297,0.333,0.459,0.793,146,89,0.031,1.14,0.928,,-0.5,27,7,9.0,1,47,13,29,17,10,7,0,54,0,0,0.468,3.5,34,1,9,1,1.0,1,8,36,0.265,0.306,0.382,0.688,136,91,-0.467,1.23,0.435,,-3.5,27,15,9.0,1,52,15,24,10,16,5,0,57,3,0,-0.033,0.5
SFN/SFN201909010,"Sunday, September 1, 2019",1:06 p.m. Local,Oracle Park,38701,3:02,Day,Away,San Diego Padres,SDP,San Francisco Giants,SFG,38,8,13,8,8.0,2,7,40,0.342,0.375,0.737,1.112,158,105,0.325,0.84,0.81,,3.5,27,6,9.0,2,70,10,25,11,20,10,0,53,0,0,0.175,0.5,34,4,7,4,4.0,0,12,34,0.206,0.206,0.382,0.588,164,108,-0.175,0.67,0.396,,-0.5,27,7,9.0,3,65,19,24,10,12,4,0,27,4,2,-0.326,-3.5
ARI/ARI201909020,"Monday, September 2, 2019",1:10 p.m. Local,Chase Field,23477,3:26,Day,Home,Arizona Diamondbacks,ARI,San Diego Padres,SDP,37,7,12,7,3.0,6,3,43,0.324,0.419,0.432,0.851,165,107,-0.119,0.33,0.167,,2.2,24,6,8.0,4,71,11,25,17,17,8,0,18,1,0,-0.382,-9.7,43,14,18,13,15.75,2,9,46,0.419,0.457,0.791,1.247,162,107,0.38,0.33,0.536,,9.7,27,14,9.0,1,70,15,22,14,20,7,0,49,5,0,0.12,-2.2
ARI/ARI201909030,"Tuesday, September 3, 2019",6:40 p.m. Local,Chase Field,15402,3:08,Night,Home,Arizona Diamondbacks,ARI,San Diego Padres,SDP,34,1,7,1,1.0,4,14,38,0.206,0.289,0.206,0.495,135,99,-0.573,0.71,0.571,,-3.8,24,5,8.0,0,52,19,28,14,6,3,0,56,4,0,0.074,2.3,31,2,7,2,2.25,4,6,35,0.226,0.314,0.355,0.669,160,80,-0.073,1.8,0.354,,-2.3,27,10,9.0,0,47,15,18,9,16,5,0,78,2,0,0.574,3.8
ARI/ARI201909040,"Wednesday, September 4, 2019",6:40 p.m. Local,Chase Field,18096,2:55,Night,Home,Arizona Diamondbacks,ARI,San Diego Padres,SDP,29,1,3,1,1.0,2,8,32,0.103,0.188,0.207,0.394,138,92,-0.497,1.2,0.255,,-3.8,24,9,8.0,1,50,12,31,9,12,6,0,66,4,2,-0.003,0.3,32,4,9,4,4.5,4,9,37,0.281,0.378,0.375,0.753,142,87,0.003,1.01,0.731,,-0.3,27,11,9.0,1,53,12,22,13,10,3,0,82,1,0,0.498,3.8
SDN/SDN201909060,"Friday, September 6, 2019",7:12 p.m. Local,Petco Park,26073,3:05,Night,Away,Colorado Rockies,COL,San Diego Padres,SDP,32,3,7,2,1.0,2,7,35,0.219,0.265,0.25,0.515,146,95,-0.131,1.6,0.505,,-1.5,27,8,9.0,0,57,13,25,14,12,5,0,57,3,0,0.632,2.5,31,2,5,2,2.0,4,10,36,0.161,0.278,0.194,0.471,144,92,-0.63,1.0,0.604,,-2.5,27,11,9.0,0,45,14,33,10,11,5,0,55,1,0,0.132,1.5
SDN/SDN201909070,"Saturday, September 7, 2019",5:40 p.m. Local,Petco Park,29709,2:49,Night,Home,San Diego Padres,SDP,Colorado Rockies,COL,29,0,3,0,0.0,5,11,34,0.103,0.235,0.103,0.339,128,78,-0.484,0.61,0.33,,-4.5,24,8,8.0,2,45,8,25,8,10,3,0,53,1,0,-0.016,1.0,29,3,6,3,3.38,4,9,33,0.207,0.303,0.414,0.717,128,80,0.017,1.11,0.421,,-1.0,27,6,9.0,0,38,12,30,9,11,4,0,71,0,0,0.484,4.5
SDN/SDN201909080,"Sunday, September 8, 2019",1:13 p.m. Local,Petco Park,26834,3:15,Day,Home,San Diego Padres,SDP,Colorado Rockies,COL,31,1,4,1,0.9,2,11,34,0.129,0.176,0.194,0.37,158,87,-0.697,1.63,0.2,,-4.0,28,13,9.1,0,54,17,16,5,16,6,0,54,6,1,0.196,2.1,33,2,7,2,1.93,7,7,41,0.212,0.366,0.273,0.639,134,96,-0.197,1.16,0.956,,-2.1,30,7,10.0,0,54,14,28,14,12,4,0,62,0,0,0.697,4.0
SDN/SDN201909090,"Monday, September 9, 2019",7:12 p.m. Local,Petco Park,22420,3:13,Night,Away,Chicago Cubs,CHC,San Diego Padres,SDP,42,10,15,9,10.0,3,10,46,0.357,0.4,0.548,0.948,147,109,0.462,0.57,0.777,,5.5,27,11,9.0,0,66,15,28,23,10,4,0,53,2,0,0.039,2.5,36,2,9,1,1.0,1,9,38,0.25,0.263,0.25,0.513,165,100,-0.036,0.56,0.365,,-2.5,27,11,9.0,2,61,13,26,18,10,6,0,14,1,1,-0.462,-5.5
SDN/SDN201909100,"Tuesday, September 10, 2019",7:11 p.m. Local,Petco Park,25497,3:50,Night,Home,San Diego Padres,SDP,Chicago Cubs,CHC,38,8,9,8,7.2,5,12,45,0.237,0.333,0.579,0.912,170,114,0.09,1.21,1.159,,3.0,28,10,9.1,1,56,23,35,11,16,7,0,26,3,0,-0.588,-5.6,39,9,11,7,6.75,6,6,46,0.282,0.37,0.41,0.78,173,100,0.588,1.28,1.189,,5.6,30,9,10.0,4,54,14,32,17,17,7,0,38,0,0,-0.089,-3.0
SDN/SDN201909110,"Wednesday, September 11, 2019",7:13 p.m. Local,Petco Park,24203,3:00,Night,Home,San Diego Padres,SDP,Chicago Cubs,CHC,30,0,3,0,0.0,1,12,31,0.1,0.129,0.167,0.296,160,93,-0.468,1.0,0.175,,-4.5,24,7,8.0,1,47,28,18,5,13,6,0,53,3,1,-0.031,0.0,30,4,7,3,3.38,6,11,36,0.233,0.361,0.333,0.694,127,94,0.031,0.92,0.65,,-0.0,27,4,9.0,0,47,22,25,11,8,3,0,72,0,0,0.47,4.5
SDN/SDN201909120,"Thursday, September 12, 2019",12:40 p.m. Local,Petco Park,22501,3:29,Day,Away,Chicago Cubs,CHC,San Diego Padres,SDP,33,4,8,4,4.0,2,11,37,0.242,0.297,0.273,0.57,168,97,0.097,0.98,0.48,,-0.5,27,4,9.0,0,62,23,12,8,15,7,0,80,0,0,0.404,3.5,30,1,5,1,1.0,4,19,35,0.167,0.286,0.267,0.552,142,104,-0.405,0.67,0.358,,-3.5,27,5,9.0,0,43,24,37,5,6,2,0,52,2,1,-0.095,0.5
COL/COL201909130,"Friday, September 13, 2019",6:40 p.m. Local,Coors Field,31654,3:28,Night,Home,Colorado Rockies,COL,San Diego Padres,SDP,33,8,9,8,8.0,8,8,43,0.273,0.442,0.485,0.927,134,113,-0.056,0.71,1.092,,2.4,24,6,8.0,4,71,13,29,9,16,9,0,13,0,0,-0.444,-5.0,35,10,14,10,11.25,4,7,42,0.4,0.439,0.914,1.353,184,83,0.443,1.42,0.863,,5.0,27,11,9.0,1,56,11,16,9,22,8,0,42,4,4,0.055,-2.4
COL/COL201909140,"Saturday, September 14, 2019",6:11 p.m. Local,Coors Field,47370,3:29,Night,Home,Colorado Rockies,COL,San Diego Padres,SDP,35,10,10,10,10.0,7,4,43,0.286,0.419,0.543,0.961,147,90,-0.055,0.53,0.717,,4.4,24,5,8.0,1,54,17,21,17,14,6,0,25,1,1,-0.447,-6.0,36,11,12,10,6.75,3,9,42,0.333,0.415,0.556,0.97,157,100,0.446,0.93,0.719,,6.0,27,15,9.0,1,62,14,24,10,18,8,0,34,8,3,0.053,-4.4
COL/COL201909150,"Sunday, September 15, 2019",1:11 p.m. Local,Coors Field,30699,3:44,Day,Home,Colorado Rockies,COL,San Diego Padres,SDP,33,5,8,5,5.0,7,8,41,0.242,0.375,0.576,0.951,179,111,-0.223,0.75,0.667,,-0.6,24,8,8.0,3,68,15,28,10,16,3,0,31,4,2,-0.275,-5.0,36,10,12,10,11.25,8,9,44,0.333,0.455,0.639,1.093,179,106,0.275,1.11,0.756,,5.0,27,9,9.0,3,68,15,23,13,14,4,0,50,1,0,0.226,0.6
MIL/MIL201909160,"Monday, September 16, 2019",6:40 p.m. Local,Miller Park,33215,2:35,Night,Home,Milwaukee Brewers,MIL,San Diego Padres,SDP,29,1,2,1,1.0,3,11,32,0.069,0.156,0.103,0.26,126,78,-0.288,0.68,0.273,,-3.8,24,9,8.0,1,32,20,26,8,10,5,0,44,1,0,-0.213,-0.7,32,5,8,5,5.62,1,10,33,0.25,0.273,0.5,0.773,132,86,0.213,0.82,0.669,,0.7,27,5,9.0,0,43,10,33,10,12,9,0,61,0,0,0.288,3.8
MIL/MIL201909170,"Tuesday, September 17, 2019",6:40 p.m. Local,Miller Park,34565,2:37,Night,Home,Milwaukee Brewers,MIL,San Diego Padres,SDP,30,1,4,1,1.0,2,15,32,0.133,0.188,0.233,0.421,137,93,-0.483,0.74,0.334,,-3.8,24,6,8.0,2,44,21,28,8,7,1,0,69,0,0,-0.019,1.3,26,3,4,3,3.38,1,14,29,0.154,0.179,0.423,0.602,155,91,0.02,1.09,0.426,,-1.3,27,7,9.0,1,46,20,25,7,7,2,0,59,0,0,0.481,3.8
MIL/MIL201909180,"Wednesday, September 18, 2019",6:40 p.m. Local,Miller Park,38235,3:01,Night,Away,San Diego Padres,SDP,Milwaukee Brewers,MIL,32,2,8,2,2.0,1,10,34,0.25,0.273,0.375,0.648,138,86,-0.216,1.78,0.447,,-2.8,27,4,9.0,1,39,22,25,15,8,3,0,73,0,0,0.717,3.8,29,1,3,1,1.0,5,16,35,0.103,0.235,0.207,0.442,126,90,-0.717,0.92,0.56,,-3.8,27,11,9.0,1,42,23,25,6,8,2,0,58,1,0,0.217,2.8
MIL/MIL201909190,"Thursday, September 19, 2019",3:10 p.m. Local,Miller Park,31687,3:05,Day,Home,Milwaukee Brewers,MIL,San Diego Padres,SDP,32,1,5,1,1.0,4,16,36,0.156,0.25,0.25,0.5,138,105,-0.325,0.7,0.379,,-3.8,24,7,8.0,1,52,29,24,7,9,4,0,43,0,0,-0.177,-0.7,32,5,7,3,4.5,3,12,35,0.219,0.286,0.406,0.692,161,88,0.177,0.96,0.606,,0.7,27,6,9.0,1,51,14,23,9,11,4,0,60,4,0,0.322,3.8
SDN/SDN201909200,"Friday, September 20, 2019",7:11 p.m. Local,Petco Park,27023,3:11,Night,Away,Arizona Diamondbacks,ARI,San Diego Padres,SDP,36,9,7,9,9.0,7,13,45,0.194,0.341,0.25,0.591,123,120,0.057,0.76,0.57,,4.5,27,10,9.0,0,63,30,27,6,18,7,0,79,0,0,0.442,4.5,29,0,3,0,0.0,3,12,32,0.103,0.188,0.103,0.291,184,76,-0.443,0.76,0.136,,-4.5,27,2,9.0,0,27,13,36,8,9,5,0,65,6,5,-0.057,-4.5
SDN/SDN201909210,"Saturday, September 21, 2019",5:42 p.m. Local,Petco Park,30191,3:12,Night,Away,Arizona Diamondbacks,ARI,San Diego Padres,SDP,34,4,8,4,4.0,1,9,36,0.235,0.25,0.382,0.632,135,91,0.058,1.66,0.55,,-0.5,27,10,9.0,1,61,7,23,8,18,10,0,57,6,1,0.441,2.5,33,2,5,2,1.0,3,9,37,0.152,0.243,0.242,0.486,134,86,-0.441,0.83,0.698,,-2.5,27,6,9.0,0,49,16,21,12,12,6,0,65,1,0,-0.058,0.5
SDN/SDN201909220,"Sunday, September 22, 2019",1:15 p.m. Local,Petco Park,31293,3:42,Day,Home,San Diego Padres,SDP,Arizona Diamondbacks,ARI,37,4,8,4,3.6,4,10,42,0.216,0.293,0.405,0.698,159,109,-0.312,1.62,0.585,,-1.0,27,6,9.0,2,61,18,30,12,16,6,0,52,4,2,-0.187,-1.5,37,6,10,6,6.0,5,14,44,0.27,0.386,0.541,0.927,167,96,0.186,1.1,1.34,,1.5,30,10,10.0,1,44,25,27,9,14,6,0,31,2,0,0.314,1.0
SDN/SDN201909240,"Tuesday, September 24, 2019",7:12 p.m. Local,Petco Park,29708,2:58,Night,Away,Los Angeles Dodgers,LAD,San Diego Padres,SDP,33,6,7,6,6.0,5,8,39,0.212,0.333,0.455,0.788,139,79,0.165,0.95,0.656,,1.5,27,8,9.0,0,44,12,23,7,18,8,0,59,2,0,0.334,1.5,32,3,5,2,3.0,4,12,36,0.156,0.25,0.25,0.5,141,87,-0.333,0.84,0.358,,-1.5,27,6,9.0,2,43,20,24,9,11,5,0,38,3,3,-0.166,-1.5
SDN/SDN201909250,"Wednesday, September 25, 2019",7:12 p.m. Local,Petco Park,30552,3:20,Night,Away,Los Angeles Dodgers,LAD,San Diego Padres,SDP,34,6,10,6,6.0,2,13,38,0.294,0.342,0.706,1.048,151,97,0.28,1.44,0.932,,1.5,27,9,9.0,0,49,18,30,10,12,3,0,45,2,0,0.22,0.5,34,4,7,3,4.0,3,14,39,0.206,0.289,0.235,0.525,148,101,-0.219,1.02,0.759,,-0.5,27,8,9.0,4,45,20,36,12,9,5,0,47,0,0,-0.28,-1.5
SDN/SDN201909260,"Thursday, September 26, 2019",12:40 p.m. Local,Petco Park,26285,2:55,Day,Away,Los Angeles Dodgers,LAD,San Diego Padres,SDP,30,1,5,1,1.0,2,11,33,0.167,0.219,0.2,0.419,138,79,-0.32,1.92,0.49,,-3.5,27,6,9.0,0,36,16,27,14,6,3,0,74,1,0,0.819,4.5,30,0,3,0,0.0,2,12,32,0.1,0.156,0.133,0.29,119,98,-0.818,1.05,0.446,,-4.5,27,10,9.0,0,52,20,26,7,11,6,0,66,1,0,0.318,3.5
ARI/ARI201909270,"Friday, September 27, 2019",6:39 p.m. Local,Chase Field,32244,3:03,Night,Home,Arizona Diamondbacks,ARI,San Diego Padres,SDP,33,3,7,3,3.0,2,10,36,0.212,0.25,0.333,0.583,143,86,-0.043,1.72,0.638,,-1.8,24,10,8.0,1,50,10,26,12,12,8,0,56,3,1,-0.458,-1.7,32,6,6,5,5.62,5,8,39,0.188,0.333,0.344,0.677,130,93,0.458,0.98,1.217,,1.7,27,10,9.0,1,59,11,23,13,11,6,0,54,0,0,0.042,1.8
ARI/ARI201909280,"Saturday, September 28, 2019",5:10 p.m. Local,Chase Field,46477,3:05,Night,Home,Arizona Diamondbacks,ARI,San Diego Padres,SDP,34,5,10,5,5.0,3,12,38,0.294,0.351,0.676,1.028,134,87,-0.116,1.2,0.762,,0.2,24,10,8.0,2,43,27,19,5,18,8,0,54,2,0,-0.386,-1.7,28,6,5,6,6.75,7,6,35,0.179,0.343,0.464,0.807,144,77,0.387,1.1,1.088,,1.7,27,6,9.0,3,42,16,19,11,11,4,0,47,0,0,0.114,-0.2
ARI/ARI201909290,"Sunday, September 29, 2019",12:10 p.m. Local,Chase Field,45446,2:46,Day,Home,Arizona Diamondbacks,ARI,San Diego Padres,SDP,33,0,8,0,0.0,0,7,34,0.242,0.265,0.303,0.568,120,92,-0.711,1.32,0.431,,-4.8,26,14,8.2,0,61,11,20,18,8,2,0,59,0,0,0.212,3.6,32,1,7,1,1.04,1,8,33,0.219,0.242,0.281,0.524,135,80,-0.209,1.55,0.713,,-3.6,27,14,9.0,0,47,16,17,17,7,3,0,52,1,0,0.711,4.8
