,date,time,venue,attendance,duration,time_of_day,winner,winning_name,winning_abbr,losing_name,losing_abbr,away_at_bats,away_runs,away_hits,away_rbi,away_earned_runs,away_bases_on_balls,away_strikeouts,away_plate_appearances,away_batting_average,away_on_base_percentage,away_slugging_percentage,away_on_base_plus,away_pitches,away_strikes,away_win_probability_for_offensive_player,away_average_leverage_index,away_win_probability_added,away_win_probability_subtracted,away_base_out_runs_added,away_putouts,away_assists,away_innings_pitched,away_home_runs,away_strikes_by_contact,away_strikes_swinging,away_strikes_looking,away_grounded_balls,away_fly_balls,away_line_drives,away_unknown_bat_type,away_game_score,away_inherited_runners,away_inherited_score,away_win_probability_by_pitcher,away_base_out_runs_saved,home_at_bats,home_runs,home_hits,home_rbi,home_earned_runs,home_bases_on_balls,home_strikeouts,home_plate_appearances,home_batting_average,home_on_base_percentage,home_slugging_percentage,home_on_base_plus,home_pitches,home_strikes,home_win_probability_for_offensive_player,home_average_leverage_index,home_win_probability_added,home_win_probability_subtracted,home_base_out_runs_added,home_putouts,home_assists,home_innings_pitched,home_home_runs,home_strikes_by_contact,home_strikes_swinging,home_strikes_looking,home_grounded_balls,home_fly_balls,home_line_drives,home_unknown_bat_type,home_game_score,home_inherited_runners,home_inherited_score,home_win_probability_by_pitcher,home_base_out_runs_saved
SDN/SDN201903280,"Thursday, March 28, 2019",1:12 p.m. Local,Petco Park,44655,2:18,Day,Home,San Diego Padres,SDP,San Francisco Giants,SFG,30,0,5,0,0.0,1,5,31,0.167,0.194,0.167,0.36,102,67,-0.586,0.65,0.131,,-4.5,24,7,8.0,1,41,10,16,8,17,6,0,67,0,0,0.085,2.0,27,2,6,2,2.25,1,9,28,0.222,0.25,0.37,0.62,108,71,-0.086,1.0,0.319,,-2.0,27,10,9.0,0,40,16,17,6,12,4,0,66,2,0,0.585,4.5
SDN/SDN201903290,"Friday, March 29, 2019",7:11 p.m. Local,Petco Park,33769,3:07,Night,Home,San Diego Padres,SDP,San Francisco Giants,SFG,33,1,6,1,1.0,3,12,37,0.182,0.27,0.364,0.634,142,95,-0.342,0.5,0.322,,-3.5,24,8,8.0,1,44,21,30,11,10,6,0,45,2,0,-0.158,0.0,28,4,8,4,4.5,4,9,34,0.286,0.382,0.464,0.847,149,93,0.157,0.87,0.406,,-0.0,27,11,9.0,1,50,18,25,7,13,7,0,67,1,0,0.342,3.5
SDN/SDN201903300,"Saturday, March 30, 2019",5:43 p.m. Local,Petco Park,41899,3:10,Night,Away,San Francisco Giants,SFG,San Diego Padres,SDP,34,3,9,3,3.0,2,9,39,0.265,0.359,0.382,0.741,134,96,-0.085,1.84,0.694,,-1.5,27,10,9.0,0,53,14,29,12,13,7,0,53,3,2,0.585,2.5,35,2,8,2,2.0,0,9,35,0.229,0.229,0.314,0.543,152,92,-0.585,1.15,0.755,,-2.5,27,11,9.0,0,50,21,21,14,12,6,0,62,3,2,0.085,1.5
SDN/SDN201903310,"Sunday, March 31, 2019",1:11 p.m. Local,Petco Park,38444,2:47,Day,Home,San Diego Padres,SDP,San Francisco Giants,SFG,27,1,2,1,1.0,2,10,29,0.074,0.138,0.111,0.249,124,86,-0.484,1.41,0.264,,-3.5,24,9,8.0,0,53,12,21,7,10,3,0,57,3,1,-0.015,1.0,32,3,8,3,1.12,5,4,37,0.25,0.351,0.344,0.695,129,75,0.016,1.05,0.779,,-1.0,27,8,9.0,0,51,9,15,12,16,7,0,65,0,0,0.485,3.5
LAN/LAN201904010,"Monday, April 1, 2019",7:11 p.m. Local,Dodger Stadium,40477,2:59,Night,Away,San Francisco Giants,SFG,Los Angeles Dodgers,LAD,36,4,9,4,4.0,0,11,37,0.25,0.27,0.444,0.715,136,97,0.186,1.06,0.869,,-0.6,27,12,9.0,2,51,22,24,11,14,7,0,52,0,0,0.314,2.6,32,2,7,2,2.0,2,8,34,0.219,0.265,0.406,0.671,145,87,-0.313,1.12,0.512,,-2.6,27,6,9.0,1,44,12,31,11,13,6,0,68,3,2,-0.187,0.6
LAN/LAN201904020,"Tuesday, April 2, 2019",7:11 p.m. Local,Dodger Stadium,42887,2:50,Night,Home,Los Angeles Dodgers,LAD,San Francisco Giants,SFG,34,5,9,5,4.0,2,8,36,0.265,0.306,0.382,0.688,134,83,-0.248,0.68,0.696,,0.4,24,8,8.0,1,55,10,18,17,9,4,0,54,0,0,-0.252,-1.9,30,6,7,6,1.12,3,5,34,0.233,0.294,0.367,0.661,131,79,0.251,1.15,0.573,,1.9,27,12,9.0,1,45,10,24,12,14,6,0,62,2,2,0.248,-0.4
LAN/LAN201904030,"Wednesday, April 3, 2019",7:10 p.m. Local,Dodger Stadium,51170,2:59,Night,Home,Los Angeles Dodgers,LAD,San Francisco Giants,SFG,32,3,6,3,3.0,1,5,34,0.188,0.235,0.375,0.61,163,83,-0.207,1.22,0.461,,-1.6,24,7,8.0,1,48,12,23,14,13,3,0,56,2,0,-0.293,-0.9,31,5,7,5,5.62,5,10,36,0.226,0.333,0.452,0.785,115,100,0.294,0.99,1.016,,0.9,27,11,9.0,2,53,14,33,9,12,3,0,51,0,0,0.207,1.6
SFN/SFN201904050,"Friday, April 5, 2019",1:36 p.m. Local,Oracle Park,41067,3:06,Day,Away,Tampa Bay Rays,TBR,San Francisco Giants,SFG,38,5,11,5,5.0,1,8,40,0.289,0.325,0.553,0.878,134,106,0.211,1.27,0.44,,0.5,27,8,9.0,0,59,22,25,10,20,7,0,71,4,0,0.288,2.5,36,2,8,2,2.0,2,8,39,0.222,0.282,0.306,0.588,156,94,-0.287,0.35,0.689,,-2.5,27,8,9.0,2,49,18,27,13,15,8,0,43,3,1,-0.212,-0.5
SFN/SFN201904060,"Saturday, April 6, 2019",1:05 p.m. Local,Oracle Park,31828,2:51,Day,Home,San Francisco Giants,SFG,Tampa Bay Rays,TBR,35,4,9,4,4.0,2,5,38,0.257,0.289,0.286,0.575,137,92,-0.069,0.84,0.694,,-0.5,24,7,8.0,1,57,10,25,12,19,10,0,58,0,0,-0.431,-2.0,30,6,8,6,6.75,3,4,35,0.267,0.324,0.4,0.724,146,86,0.431,1.23,0.787,,2.0,27,10,9.0,0,52,15,19,11,17,4,0,43,2,0,0.067,0.5
SFN/SFN201904070,"Sunday, April 7, 2019",1:05 p.m. Local,Oracle Park,31574,3:06,Day,Away,Tampa Bay Rays,TBR,San Francisco Giants,SFG,36,3,10,2,3.0,3,10,39,0.278,0.333,0.417,0.75,129,106,-0.036,1.09,0.524,,-1.5,27,8,9.0,0,57,16,33,15,11,7,0,67,3,0,0.558,4.7,30,0,5,0,0.0,2,12,32,0.167,0.219,0.167,0.385,153,89,-0.539,0.86,0.256,,-4.5,27,11,9.0,1,61,22,23,10,12,5,0,44,1,0,0.037,1.5
SFN/SFN201904080,"Monday, April 8, 2019",6:45 p.m. Local,Oracle Park,28625,2:55,Night,Away,San Diego Padres,SDP,San Francisco Giants,SFG,32,6,7,6,6.0,2,4,37,0.219,0.306,0.531,0.837,141,86,0.23,1.69,0.836,,1.5,27,9,9.0,1,52,11,23,15,14,4,0,49,0,0,0.271,-0.5,33,5,5,5,5.0,4,13,38,0.152,0.263,0.273,0.536,129,91,-0.27,0.93,0.946,,0.5,27,14,9.0,3,53,15,23,12,8,4,0,46,2,2,-0.23,-1.5
SFN/SFN201904090,"Tuesday, April 9, 2019",6:46 p.m. Local,Oracle Park,28506,2:39,Night,Home,San Francisco Giants,SFG,San Diego Padres,SDP,31,2,7,2,2.0,2,10,33,0.226,0.273,0.355,0.628,138,95,-0.161,0.37,0.078,,-2.5,24,10,8.0,0,51,10,34,7,14,6,0,22,0,0,-0.34,-3.0,29,7,7,7,7.88,3,9,34,0.241,0.303,0.345,0.648,147,85,0.339,0.31,0.454,,3.0,27,9,9.0,1,40,22,23,11,11,6,0,70,0,0,0.16,2.5
SFN/SFN201904100,"Wednesday, April 10, 2019",12:45 p.m. Local,Oracle Park,28584,2:37,Day,Away,San Diego Padres,SDP,San Francisco Giants,SFG,31,3,6,3,3.0,2,7,35,0.194,0.265,0.355,0.62,114,81,-0.075,1.67,0.529,,-1.5,27,11,9.0,1,48,9,24,16,9,2,0,64,1,0,0.575,3.5,34,1,7,1,1.0,1,8,35,0.206,0.229,0.382,0.611,128,80,-0.574,0.88,0.734,,-3.5,27,14,9.0,1,48,14,18,12,14,5,0,65,0,0,0.074,1.5
SFN/SFN201904110,"Thursday, April 11, 2019",6:45 p.m. Local,Oracle Park,29727,2:34,Night,Home,San Francisco Giants,SFG,Colorado Rockies,COL,29,0,3,0,0.0,1,8,30,0.103,0.133,0.103,0.237,128,73,-0.724,1.03,0.088,,-4.5,24,12,8.0,1,33,19,21,10,11,4,0,63,4,0,0.223,3.0,29,1,6,1,1.12,4,7,33,0.207,0.303,0.379,0.682,107,81,-0.224,1.13,0.483,,-3.0,27,8,9.0,0,48,15,18,13,9,5,0,77,0,0,0.723,4.5
SFN/SFN201904120,"Friday, April 12, 2019",7:15 p.m. Local,Oracle Park,33616,5:35,Night,Home,San Francisco Giants,SFG,Colorado Rockies,COL,62,2,11,1,1.0,3,24,67,0.177,0.215,0.226,0.441,238,178,-1.626,1.77,1.2,,-6.9,52,15,17.1,0,94,37,49,19,21,11,0,49,4,1,1.125,4.4,56,3,8,2,1.56,5,17,62,0.143,0.21,0.214,0.424,265,154,-1.126,1.9,0.995,,-4.4,54,13,18.0,0,87,30,37,19,21,6,0,55,0,0,1.625,6.9
SFN/SFN201904130,"Saturday, April 13, 2019",1:05 p.m. Local,Oracle Park,32607,2:48,Day,Home,San Francisco Giants,SFG,Colorado Rockies,COL,32,2,6,2,2.0,0,10,32,0.188,0.188,0.344,0.531,115,88,-0.376,0.93,0.474,,-2.5,24,7,8.0,1,53,16,19,11,11,6,0,41,3,2,-0.124,-1.0,31,5,11,5,5.62,3,7,38,0.355,0.378,0.581,0.959,130,72,0.126,1.19,0.64,,1.0,27,10,9.0,1,46,9,17,10,18,9,0,64,1,0,0.376,2.5
SFN/SFN201904140,"Sunday, April 14, 2019",1:05 p.m. Local,Oracle Park,35513,2:25,Day,Away,Colorado Rockies,COL,San Francisco Giants,SFG,30,4,5,4,4.0,4,9,35,0.167,0.265,0.3,0.565,105,90,0.123,0.63,0.509,,-0.5,27,8,9.0,0,50,17,25,10,12,5,0,94,,,0.377,4.5,28,0,1,0,0.0,0,9,29,0.036,0.069,0.036,0.105,145,75,-0.379,0.66,0.05,,-4.5,27,10,9.0,1,39,12,24,11,8,5,0,50,0,0,-0.121,0.5
WAS/WAS201904160,"Tuesday, April 16, 2019",7:05 p.m. Local,Nationals Park,22334,3:16,Night,Away,San Francisco Giants,SFG,Washington Nationals,WSN,37,7,10,7,7.0,2,11,40,0.27,0.325,0.568,0.893,154,103,0.249,0.84,0.739,,1.9,27,7,9.0,1,57,16,30,12,14,7,0,56,2,0,0.252,2.1,33,3,8,3,3.0,5,10,38,0.242,0.342,0.424,0.766,161,93,-0.254,0.65,0.451,,-2.1,27,9,9.0,3,55,8,30,8,15,8,0,52,1,1,-0.249,-1.9
WAS/WAS201904170,"Wednesday, April 17, 2019",7:05 p.m. Local,Nationals Park,22611,3:07,Night,Home,Washington Nationals,WSN,San Francisco Giants,SFG,37,6,10,6,6.0,5,4,42,0.27,0.357,0.541,0.898,144,93,-0.264,0.5,0.469,,0.9,24,8,8.0,4,57,12,24,16,17,7,0,46,1,1,-0.238,-4.5,33,9,11,9,10.12,5,8,40,0.333,0.436,0.697,1.133,142,89,0.236,0.96,0.563,,4.5,27,11,9.0,2,51,14,24,10,16,8,0,47,1,0,0.263,-0.9
WAS/WAS201904180,"Thursday, April 18, 2019",1:06 p.m. Local,Nationals Park,26085,2:52,Day,Home,Washington Nationals,WSN,San Francisco Giants,SFG,31,2,5,2,2.0,1,11,33,0.161,0.212,0.226,0.438,135,90,-0.394,0.51,0.226,,-3.1,24,8,8.0,1,50,11,29,8,12,7,0,40,5,0,-0.106,0.5,30,4,8,4,4.5,5,12,37,0.267,0.389,0.533,0.922,129,80,0.105,0.82,0.47,,-0.5,27,9,9.0,0,39,16,25,9,10,5,0,79,1,0,0.394,3.1
PIT/PIT201904190,"Friday, April 19, 2019",8:30 p.m. Local,PNC Park,15049,2:48,Night,Home,Pittsburgh Pirates,PIT,San Francisco Giants,SFG,31,1,7,1,1.0,3,13,34,0.226,0.294,0.258,0.552,126,99,-0.293,0.32,0.268,,-3.6,24,9,8.0,0,54,13,32,7,11,4,0,50,0,0,-0.208,0.1,30,4,6,4,4.5,2,9,32,0.2,0.25,0.233,0.483,150,79,0.209,0.71,0.36,,-0.1,27,7,9.0,0,46,15,19,10,11,7,0,69,4,1,0.292,3.6
PIT/PIT201904200,"Saturday, April 20, 2019",4:06 p.m. Local,PNC Park,17663,1:32,Day,Home,Pittsburgh Pirates,PIT,San Francisco Giants,SFG,19,1,4,1,1.8,1,3,20,0.211,0.25,0.211,0.461,78,56,-0.142,0.92,0.296,,-1.5,15,6,5.0,2,36,8,12,7,9,5,0,53,,,-0.139,-0.5,17,3,4,3,5.4,1,7,20,0.235,0.278,0.588,0.866,79,50,0.138,1.12,0.454,,0.5,15,6,5.0,0,20,13,17,7,5,1,0,57,,,0.142,1.5
PIT/PIT201904210,"Sunday, April 21, 2019",1:37 p.m. Local,PNC Park,12396,2:47,Day,Away,San Francisco Giants,SFG,Pittsburgh Pirates,PIT,35,3,9,3,3.0,4,6,39,0.257,0.333,0.4,0.733,133,94,-0.078,1.59,0.693,,-1.6,27,13,9.0,1,57,19,18,10,19,9,0,58,1,0,0.58,2.6,31,2,5,2,2.0,3,7,34,0.161,0.235,0.323,0.558,146,85,-0.58,1.06,0.56,,-2.6,27,9,9.0,1,48,14,23,13,11,3,0,43,0,0,0.08,1.6
TOR/TOR201904230,"Tuesday, April 23, 2019",7:08 p.m. Local,Rogers Centre,20384,3:06,Night,Away,San Francisco Giants,SFG,Toronto Blue Jays,TOR,37,7,10,7,7.0,0,8,37,0.27,0.27,0.622,0.892,140,104,0.188,1.25,0.587,,2.2,27,7,9.0,2,63,18,25,12,17,8,0,53,5,3,0.311,-1.2,36,6,9,6,6.0,2,9,38,0.25,0.289,0.5,0.789,149,99,-0.311,0.59,0.638,,1.2,27,10,9.0,4,60,12,27,10,17,4,0,44,0,0,-0.19,-2.2
TOR/TOR201904240,"Wednesday, April 24, 2019",4:09 p.m. Local,Rogers Centre,19652,2:41,Day,Away,San Francisco Giants,SFG,Toronto Blue Jays,TOR,33,4,7,4,4.0,5,3,38,0.212,0.316,0.424,0.74,136,87,0.075,0.77,0.505,,-0.8,27,11,9.0,0,54,18,15,16,14,8,0,71,0,0,0.426,4.8,28,0,2,0,0.0,2,9,30,0.071,0.133,0.071,0.205,141,84,-0.425,0.63,0.095,,-4.8,27,14,9.0,1,41,17,26,8,11,6,0,41,1,1,-0.075,0.8
SFN/SFN201904260,"Friday, April 26, 2019",7:15 p.m. Local,Oracle Park,34950,3:26,Night,Away,New York Yankees,NYY,San Francisco Giants,SFG,38,7,15,7,7.0,1,7,41,0.395,0.41,0.579,0.989,181,105,0.222,1.24,0.692,,2.5,27,4,9.0,0,65,14,26,16,17,10,0,53,4,0,0.278,1.5,31,3,5,3,3.0,7,14,39,0.161,0.308,0.226,0.533,160,107,-0.277,0.72,0.571,,-1.5,27,12,9.0,1,55,22,30,5,13,5,0,32,2,0,-0.223,-2.5
SFN/SFN201904270,"Saturday, April 27, 2019",1:05 p.m. Local,Oracle Park,33971,2:35,Day,Away,New York Yankees,NYY,San Francisco Giants,SFG,31,6,8,6,6.0,5,8,38,0.258,0.378,0.452,0.83,128,81,0.224,0.55,0.596,,1.5,27,7,9.0,2,45,10,26,14,10,5,0,69,0,0,0.276,0.5,36,4,9,4,4.0,0,5,36,0.25,0.25,0.417,0.667,138,90,-0.276,0.69,0.13,,-0.5,27,13,9.0,1,60,13,17,9,22,10,0,34,0,0,-0.225,-1.5
SFN/SFN201904280,"Sunday, April 28, 2019",1:05 p.m. Local,Oracle Park,34540,3:16,Day,Away,New York Yankees,NYY,San Francisco Giants,SFG,40,11,14,10,9.0,5,11,46,0.35,0.435,0.5,0.935,145,118,0.34,0.35,0.594,,6.5,27,8,9.0,1,66,12,40,10,19,10,0,49,0,0,0.16,-0.5,34,5,6,5,5.0,3,10,37,0.176,0.243,0.294,0.537,184,98,-0.16,0.46,0.134,,0.5,27,7,9.0,2,52,14,32,12,12,5,0,24,2,0,-0.34,-6.5
SFN/SFN201904290,"Monday, April 29, 2019",6:45 p.m. Local,Oracle Park,32212,3:14,Night,Home,San Francisco Giants,SFG,Los Angeles Dodgers,LAD,34,2,9,2,2.0,3,4,37,0.265,0.324,0.294,0.618,125,102,-0.349,1.55,0.709,,-2.5,24,8,8.0,0,64,11,27,11,19,9,0,54,4,3,-0.151,1.0,33,3,11,3,3.38,5,6,38,0.333,0.421,0.455,0.876,156,75,0.152,1.54,1.112,,-1.0,27,8,9.0,0,46,12,17,11,16,10,0,63,2,0,0.347,2.5
SFN/SFN201904300,"Tuesday, April 30, 2019",6:46 p.m. Local,Oracle Park,32017,2:45,Night,Away,Los Angeles Dodgers,LAD,San Francisco Giants,SFG,37,10,10,10,10.0,5,6,42,0.27,0.357,0.568,0.925,142,97,0.338,0.63,0.636,,5.5,27,11,9.0,0,56,6,35,12,19,7,0,49,1,0,0.161,1.5,32,3,6,3,3.0,1,9,33,0.188,0.212,0.281,0.493,158,96,-0.162,0.56,0.221,,-1.5,27,9,9.0,3,55,14,27,14,9,5,0,45,2,0,-0.339,-5.5
SFN/SFN201905010,"Wednesday, May 1, 2019",6:45 p.m. Local,Oracle Park,31960,3:01,Night,Home,San Francisco Giants,SFG,Los Angeles Dodgers,LAD,34,1,6,1,1.0,2,12,36,0.176,0.222,0.206,0.428,123,111,-0.532,1.36,0.77,,-3.5,26,11,8.2,0,65,21,25,8,14,5,0,76,2,1,0.029,2.0,30,2,7,2,2.08,0,7,31,0.233,0.226,0.267,0.492,165,76,-0.029,1.87,0.725,,-2.0,27,7,9.0,0,43,10,23,12,12,4,0,66,0,0,0.529,3.5
CIN/CIN201905030,"Friday, May 3, 2019",7:11 p.m. Local,Great American Ball Park,23478,4:29,Night,Away,San Francisco Giants,SFG,Cincinnati Reds,CIN,47,12,17,12,9.82,4,10,53,0.362,0.404,0.596,1.0,238,121,0.324,1.07,1.308,,6.0,33,6,11.0,3,72,22,27,18,21,10,0,14,5,0,0.175,-5.0,49,11,13,9,7.36,7,16,57,0.265,0.368,0.51,0.879,180,149,-0.177,1.05,0.896,,5.0,33,12,11.0,3,81,30,38,17,16,5,0,46,5,3,-0.324,-6.0
CIN/CIN201905040,"Saturday, May 4, 2019",7:10 p.m. Local,Great American Ball Park,24104,2:26,Night,Home,Cincinnati Reds,CIN,San Francisco Giants,SFG,32,2,5,2,2.0,2,11,34,0.156,0.206,0.188,0.393,125,91,-0.119,0.4,0.153,,-2.9,24,11,8.0,5,49,19,23,10,11,5,0,16,0,0,-0.381,-4.6,31,9,9,9,10.12,5,3,36,0.29,0.389,0.806,1.195,141,69,0.381,0.39,0.536,,4.6,27,7,9.0,0,43,8,20,10,18,6,0,63,1,0,0.12,2.9
CIN/CIN201905050,"Sunday, May 5, 2019",4:10 p.m. Local,Great American Ball Park,23654,2:38,Day,Away,San Francisco Giants,SFG,Cincinnati Reds,CIN,31,6,6,6,6.0,2,12,33,0.194,0.242,0.419,0.662,170,78,0.33,0.93,0.984,,1.1,27,6,9.0,4,33,26,19,14,5,2,0,45,0,0,0.169,-0.1,33,5,6,5,5.0,3,9,36,0.182,0.25,0.545,0.795,121,112,-0.167,1.04,0.467,,0.1,27,12,9.0,2,62,17,33,8,16,5,0,60,0,0,-0.33,-1.1
CIN/CIN201905060,"Monday, May 6, 2019",12:53 p.m. Local,Great American Ball Park,19476,2:57,Day,Home,Cincinnati Reds,CIN,San Francisco Giants,SFG,32,4,5,3,3.0,3,11,35,0.156,0.229,0.313,0.541,169,89,-0.037,0.28,0.231,,-0.9,24,13,8.0,3,48,19,22,7,14,4,0,10,5,1,-0.464,-7.6,37,12,14,12,13.5,4,7,46,0.378,0.5,0.703,1.203,134,107,0.464,0.36,0.568,,7.6,27,6,9.0,1,65,13,29,15,15,7,0,56,0,0,0.037,0.9
COL/COL201905070,"Tuesday, May 7, 2019",6:43 p.m. Local,Coors Field,21707,3:23,Night,Away,San Francisco Giants,SFG,Colorado Rockies,COL,41,14,16,14,14.0,5,6,47,0.39,0.468,0.707,1.175,149,120,0.329,0.68,0.689,,8.4,27,8,9.0,2,74,16,30,16,19,10,0,51,0,0,0.171,1.6,36,4,10,4,4.0,3,11,39,0.278,0.333,0.611,0.944,202,96,-0.171,0.48,0.39,,-1.6,27,15,9.0,3,53,16,27,10,15,5,0,22,1,1,-0.329,-8.4
COL/COL201905090,"Thursday, May 9, 2019",1:11 p.m. Local,Coors Field,25368,3:56,Day,Home,Colorado Rockies,COL,San Francisco Giants,SFG,37,11,9,10,9.0,7,10,44,0.243,0.364,0.486,0.85,195,109,0.126,0.73,0.979,,5.4,24,8,8.0,3,58,24,27,10,17,8,0,14,2,1,-0.628,-7.0,37,12,14,12,13.5,9,11,48,0.378,0.511,0.757,1.267,191,121,0.628,1.1,1.06,,7.0,27,11,9.0,2,59,27,35,12,15,3,0,42,1,0,-0.128,-5.4
SFN/SFN201905100,"Friday, May 10, 2019",7:15 p.m. Local,Oracle Park,32191,2:47,Night,Away,Cincinnati Reds,CIN,San Francisco Giants,SFG,38,7,9,7,3.0,4,6,43,0.237,0.326,0.316,0.641,156,89,0.198,0.72,0.536,,2.5,27,13,9.0,0,54,13,22,17,15,5,0,74,2,0,0.301,4.5,31,0,4,0,0.0,7,12,38,0.129,0.289,0.194,0.483,147,95,-0.301,0.54,0.246,,-4.5,27,10,9.0,0,46,26,23,15,4,3,0,47,0,0,-0.198,-2.5
SFN/SFN201905110,"Saturday, May 11, 2019",6:05 p.m. Local,Oracle Park,32829,2:59,Night,Away,Cincinnati Reds,CIN,San Francisco Giants,SFG,37,5,10,5,5.0,3,10,40,0.27,0.325,0.514,0.839,141,106,0.174,1.45,0.989,,0.5,27,10,9.0,1,57,16,33,8,19,7,0,32,0,0,0.324,0.5,35,4,9,4,4.0,2,10,38,0.257,0.289,0.4,0.689,158,98,-0.324,1.1,0.733,,-0.5,27,4,9.0,2,55,22,21,9,17,10,0,42,0,0,-0.176,-0.5
SFN/SFN201905120,"Sunday, May 12, 2019",1:05 p.m. Local,Oracle Park,35824,3:01,Day,Home,San Francisco Giants,SFG,Cincinnati Reds,CIN,36,5,11,5,4.0,2,12,39,0.306,0.342,0.444,0.787,120,111,0.149,1.42,1.029,,0.5,24,7,8.0,2,66,23,21,8,16,10,0,52,0,0,-0.648,-2.0,34,6,10,6,6.75,1,10,35,0.294,0.314,0.559,0.873,172,87,0.648,1.31,1.411,,2.0,27,9,9.0,1,50,14,23,8,16,10,0,49,3,1,-0.149,-0.5
SFN/SFN201905140,"Tuesday, May 14, 2019",6:45 p.m. Local,Oracle Park,31230,3:02,Night,Away,Toronto Blue Jays,TOR,San Francisco Giants,SFG,36,7,10,7,7.0,6,8,43,0.278,0.395,0.5,0.895,155,100,0.36,0.67,0.724,,2.5,27,10,9.0,1,58,18,27,10,18,3,0,57,2,0,0.142,1.5,33,3,5,3,3.0,6,11,39,0.152,0.282,0.303,0.585,170,91,-0.14,0.62,0.368,,-1.5,27,6,9.0,2,45,25,21,12,10,7,0,33,3,0,-0.359,-2.5
SFN/SFN201905150,"Wednesday, May 15, 2019",12:45 p.m. Local,Oracle Park,31828,3:01,Day,Home,San Francisco Giants,SFG,Toronto Blue Jays,TOR,32,3,5,2,2.0,3,11,35,0.156,0.229,0.219,0.447,133,102,-0.388,0.97,0.802,,-1.5,24,12,8.0,2,56,13,33,11,10,5,0,46,0,0,-0.111,-0.0,31,4,8,4,3.38,2,6,34,0.258,0.324,0.613,0.936,148,83,0.111,1.52,0.832,,0.0,27,7,9.0,0,54,13,16,12,13,7,0,55,0,0,0.388,1.5
ARI/ARI201905170,"Friday, May 17, 2019",6:40 p.m. Local,Chase Field,26806,3:06,Night,Home,Arizona Diamondbacks,ARI,San Francisco Giants,SFG,36,0,9,0,0.0,1,9,37,0.25,0.27,0.361,0.631,131,96,-0.427,0.67,0.371,,-4.8,24,9,8.0,1,54,19,23,6,21,8,0,43,2,1,-0.074,-2.7,33,7,10,7,7.88,4,3,38,0.303,0.395,0.545,0.94,144,83,0.076,1.05,0.555,,2.7,27,2,9.0,0,51,12,20,8,22,12,0,59,3,0,0.428,4.8
ARI/ARI201905180,"Saturday, May 18, 2019",7:10 p.m. Local,Chase Field,25014,3:24,Night,Away,San Francisco Giants,SFG,Arizona Diamondbacks,ARI,35,8,11,8,8.0,5,11,41,0.314,0.39,0.6,0.99,149,112,0.347,1.11,0.725,,3.2,27,8,9.0,2,69,22,21,14,11,7,0,50,2,1,0.154,-0.2,33,5,6,5,5.0,3,10,38,0.182,0.27,0.424,0.695,176,98,-0.155,0.65,0.623,,0.2,27,9,9.0,2,56,16,26,9,15,5,0,33,1,0,-0.347,-3.2
ARI/ARI201905190,"Sunday, May 19, 2019",1:10 p.m. Local,Chase Field,24061,3:28,Day,Away,San Francisco Giants,SFG,Arizona Diamondbacks,ARI,35,3,5,3,2.7,5,11,40,0.143,0.25,0.229,0.479,161,110,-0.179,1.63,0.744,,-2.3,30,10,10.0,0,58,22,30,10,14,4,0,49,1,0,0.68,3.3,32,2,3,1,1.8,6,9,40,0.094,0.256,0.125,0.381,170,99,-0.678,1.23,0.592,,-3.3,30,8,10.0,1,55,21,23,9,15,7,0,50,0,0,0.181,2.3
SFN/SFN201905200,"Monday, May 20, 2019",6:45 p.m. Local,Oracle Park,29815,2:23,Night,Away,Atlanta Braves,ATL,San Francisco Giants,SFG,32,4,6,4,4.0,6,7,38,0.188,0.316,0.5,0.816,114,105,0.074,0.89,0.544,,-0.5,27,10,9.0,1,61,21,23,9,16,8,0,81,0,0,0.426,3.5,29,1,2,1,1.0,0,8,29,0.069,0.069,0.172,0.241,161,76,-0.426,0.59,0.176,,-3.5,27,10,9.0,3,43,14,19,12,9,3,0,53,0,0,-0.074,0.5
SFN/SFN201905210,"Tuesday, May 21, 2019",6:45 p.m. Local,Oracle Park,28030,3:16,Night,Home,San Francisco Giants,SFG,Atlanta Braves,ATL,35,3,11,3,3.0,3,5,39,0.314,0.359,0.343,0.702,150,88,-0.023,1.82,0.574,,-1.5,26,8,8.2,0,48,14,26,9,22,13,0,62,1,0,-0.476,0.2,33,4,9,4,4.15,3,8,37,0.273,0.333,0.303,0.636,148,97,0.476,1.02,1.423,,-0.2,27,8,9.0,0,53,18,26,11,15,5,0,46,4,2,0.023,1.5
SFN/SFN201905220,"Wednesday, May 22, 2019",6:45 p.m. Local,Oracle Park,31402,2:48,Night,Away,Atlanta Braves,ATL,San Francisco Giants,SFG,36,9,7,8,3.0,4,10,41,0.194,0.293,0.444,0.737,131,102,0.38,0.31,0.545,,4.5,27,11,9.0,1,54,23,25,9,17,7,0,59,0,0,0.119,2.5,31,2,6,2,2.0,2,9,33,0.194,0.242,0.323,0.565,160,89,-0.12,0.45,0.102,,-2.5,27,7,9.0,3,44,21,24,13,9,5,0,57,0,0,-0.381,-4.5
SFN/SFN201905230,"Thursday, May 23, 2019",12:45 p.m. Local,Oracle Park,32463,4:21,Day,Away,Atlanta Braves,ATL,San Francisco Giants,SFG,49,5,11,5,3.46,3,16,52,0.224,0.269,0.347,0.616,212,141,-0.19,1.58,1.402,,-1.5,39,6,13.0,1,73,32,36,13,20,10,0,56,2,0,0.69,2.5,45,4,7,3,2.77,6,15,53,0.156,0.264,0.267,0.531,216,132,-0.69,1.59,0.929,,-2.5,39,13,13.0,2,71,28,33,9,22,7,0,56,0,0,0.189,1.5
SFN/SFN201905240,"Friday, May 24, 2019",7:15 p.m. Local,Oracle Park,31777,3:35,Night,Away,Arizona Diamondbacks,ARI,San Francisco Giants,SFG,49,18,21,17,14.0,3,12,55,0.429,0.491,0.694,1.185,156,142,0.535,0.38,0.9,,13.5,27,4,9.0,1,84,28,30,15,22,10,0,57,2,0,-0.033,2.5,34,2,7,2,2.0,2,12,37,0.206,0.27,0.382,0.653,225,107,0.034,0.6,0.304,,-2.5,27,5,9.0,4,62,20,25,6,16,7,0,27,5,2,-0.534,-13.5
SFN/SFN201905250,"Saturday, May 25, 2019",1:05 p.m. Local,Oracle Park,31531,3:06,Day,Away,Arizona Diamondbacks,ARI,San Francisco Giants,SFG,38,10,13,8,7.0,3,5,43,0.342,0.372,0.605,0.977,150,93,0.423,0.61,0.577,,5.5,27,10,9.0,0,62,12,19,13,22,13,0,54,2,2,0.077,0.5,34,4,8,3,3.0,5,7,40,0.235,0.35,0.294,0.644,140,94,-0.08,0.42,0.328,,-0.5,27,10,9.0,1,60,13,21,12,15,8,0,11,2,2,-0.422,-5.5
SFN/SFN201905260,"Sunday, May 26, 2019",1:09 p.m. Local,Oracle Park,37017,3:17,Day,Away,Arizona Diamondbacks,ARI,San Francisco Giants,SFG,35,6,10,5,4.0,2,6,40,0.286,0.333,0.371,0.705,159,95,0.346,0.79,0.526,,1.5,27,7,9.0,0,59,14,22,15,16,9,0,55,4,0,0.155,2.5,35,2,10,2,2.0,3,8,38,0.286,0.342,0.4,0.742,146,95,-0.155,0.46,0.416,,-2.5,27,11,9.0,1,60,14,21,10,17,8,0,29,0,0,-0.344,-1.5
MIA/MIA201905280,"Tuesday, May 28, 2019",7:10 p.m. Local,Marlins Park,6407,2:51,Night,Home,Miami Marlins,MIA,San Francisco Giants,SFG,32,3,6,3,3.0,2,5,35,0.188,0.229,0.313,0.541,172,84,-0.176,0.66,0.18,,-1.5,24,9,8.0,3,48,14,22,13,15,4,0,29,3,3,-0.325,-7.0,37,11,14,11,12.38,4,6,41,0.378,0.439,0.649,1.088,130,109,0.324,0.49,0.715,,7.0,27,9,9.0,1,68,13,28,13,18,9,0,73,0,0,0.175,1.5
MIA/MIA201905290,"Wednesday, May 29, 2019",7:10 p.m. Local,Marlins Park,6487,2:38,Night,Home,Miami Marlins,MIA,San Francisco Giants,SFG,33,2,6,2,2.0,2,9,35,0.182,0.229,0.333,0.562,108,93,-0.422,1.1,0.405,,-2.5,24,11,8.0,0,58,13,22,11,13,5,0,55,1,1,-0.078,-0.0,31,4,11,4,4.5,1,5,35,0.355,0.371,0.484,0.855,137,73,0.079,1.2,0.647,,0.0,27,10,9.0,1,52,7,14,12,16,9,0,64,0,0,0.422,2.5
MIA/MIA201905300,"Thursday, May 30, 2019",1:10 p.m. Local,Marlins Park,7371,3:05,Day,Away,San Francisco Giants,SFG,Miami Marlins,MIA,30,3,6,3,3.0,8,5,39,0.2,0.385,0.267,0.651,138,89,0.064,1.16,1.001,,-1.5,27,13,9.0,0,56,13,20,8,17,7,0,59,0,0,0.435,3.5,31,1,7,1,1.0,4,6,35,0.226,0.314,0.258,0.572,157,86,-0.435,1.54,0.454,,-3.5,27,6,9.0,0,49,14,23,14,11,4,0,66,6,2,-0.065,1.5
BAL/BAL201905310,"Friday, May 31, 2019",7:06 p.m. Local,Oriole Park at Camden Yards,17545,3:09,Night,Home,Baltimore Orioles,BAL,San Francisco Giants,SFG,33,6,9,6,6.0,6,3,41,0.273,0.39,0.424,0.814,162,93,-0.008,0.75,0.73,,1.1,24,14,8.0,3,59,14,20,16,15,5,0,10,0,0,-0.491,-4.6,31,9,9,9,10.12,5,6,37,0.29,0.405,0.613,1.018,163,99,0.493,1.03,0.868,,4.6,27,9,9.0,1,56,20,24,16,9,3,0,22,1,0,0.007,-1.1
BAL/BAL201906010,"Saturday, June 1, 2019",4:07 p.m. Local,Oriole Park at Camden Yards,19352,2:48,Day,Away,San Francisco Giants,SFG,Baltimore Orioles,BAL,33,8,8,8,8.0,4,8,39,0.242,0.308,0.455,0.762,131,98,0.302,0.53,0.564,,3.1,27,13,9.0,1,58,15,25,7,20,10,0,62,0,0,0.198,2.9,32,2,6,2,2.0,1,4,33,0.188,0.212,0.281,0.493,152,89,-0.199,0.51,0.205,,-2.9,27,6,9.0,1,65,5,19,15,13,5,0,23,3,3,-0.303,-3.1
BAL/BAL201906020,"Sunday, June 2, 2019",1:08 p.m. Local,Oriole Park at Camden Yards,16991,3:01,Day,Away,San Francisco Giants,SFG,Baltimore Orioles,BAL,37,8,11,8,6.0,5,7,43,0.297,0.372,0.649,1.021,168,97,0.259,0.56,0.731,,3.1,27,9,9.0,1,59,18,20,13,18,6,0,68,0,0,0.24,3.9,32,1,4,1,1.0,2,13,34,0.125,0.176,0.25,0.426,156,111,-0.24,0.64,0.184,,-3.9,27,8,9.0,3,66,20,25,11,8,3,0,47,0,0,-0.26,-3.1
NYN/NYN201906040,"Tuesday, June 4, 2019",7:11 p.m. Local,Citi Field,24878,3:35,Night,Away,San Francisco Giants,SFG,New York Mets,NYM,43,9,14,9,8.1,5,9,48,0.326,0.396,0.419,0.814,158,119,0.341,1.22,1.311,,4.1,30,10,10.0,2,64,22,33,17,17,9,0,51,0,0,0.158,1.9,38,3,10,3,2.7,2,9,41,0.263,0.317,0.421,0.738,186,104,-0.158,1.46,0.821,,-1.9,30,13,10.0,0,60,21,23,12,17,9,0,53,3,3,-0.342,-4.1
NYN/NYN201906050,"Wednesday, June 5, 2019",7:10 p.m. Local,Citi Field,23357,2:41,Night,Home,New York Mets,NYM,San Francisco Giants,SFG,30,0,5,0,0.0,1,8,31,0.167,0.194,0.2,0.394,154,79,-0.264,0.43,0.17,,-4.4,24,7,8.0,3,44,10,25,11,11,7,0,36,0,0,-0.237,-3.1,31,7,8,7,6.75,4,9,37,0.258,0.351,0.581,0.932,117,96,0.24,0.59,0.473,,3.1,27,14,9.0,0,58,21,17,8,15,6,0,84,,,0.263,4.4
NYN/NYN201906060,"Thursday, June 6, 2019",12:10 p.m. Local,Citi Field,28857,2:43,Day,Home,New York Mets,NYM,San Francisco Giants,SFG,30,3,3,3,3.0,1,9,32,0.1,0.156,0.3,0.456,124,94,-0.095,1.27,0.453,,-1.4,24,15,8.0,3,61,16,17,5,16,3,0,48,3,1,-0.404,-3.1,33,7,13,7,7.88,4,3,39,0.394,0.474,0.697,1.171,131,73,0.405,0.82,1.187,,3.1,27,4,9.0,2,51,8,14,18,13,7,0,64,0,0,0.096,1.4
SFN/SFN201906070,"Friday, June 7, 2019",7:16 p.m. Local,Oracle Park,35157,2:31,Night,Home,San Francisco Giants,SFG,Los Angeles Dodgers,LAD,32,1,6,1,1.0,2,11,34,0.188,0.235,0.281,0.517,110,95,-0.589,1.06,0.389,,-3.5,24,12,8.0,0,49,16,30,7,14,6,0,60,0,0,0.088,2.0,30,2,7,2,2.25,2,4,32,0.233,0.281,0.233,0.515,146,77,-0.088,1.32,0.51,,-2.0,27,4,9.0,1,51,11,15,14,12,4,0,67,0,0,0.587,3.5
SFN/SFN201906080,"Saturday, June 8, 2019",4:16 p.m. Local,Oracle Park,37784,3:41,Day,Away,Los Angeles Dodgers,LAD,San Francisco Giants,SFG,39,7,11,7,7.0,6,10,47,0.282,0.383,0.436,0.819,163,108,0.266,1.54,0.994,,2.5,27,6,9.0,1,58,24,26,14,16,8,0,48,0,0,0.233,2.5,35,2,8,2,2.0,5,12,40,0.229,0.325,0.343,0.668,173,102,-0.234,1.25,0.922,,-2.5,27,9,9.0,0,49,21,32,8,15,9,0,45,8,3,-0.267,-2.5
SFN/SFN201906090,"Sunday, June 9, 2019",1:05 p.m. Local,Oracle Park,34098,2:31,Day,Away,Los Angeles Dodgers,LAD,San Francisco Giants,SFG,30,1,6,1,1.0,2,7,32,0.2,0.25,0.3,0.55,129,79,-0.338,1.52,0.264,,-3.5,27,4,9.0,0,49,14,16,9,13,6,1,75,0,0,0.839,4.5,32,0,5,0,0.0,2,12,34,0.156,0.206,0.188,0.393,124,93,-0.839,0.79,0.374,,-4.5,27,10,9.0,1,56,19,18,6,14,8,0,69,0,0,0.339,3.5
SFN/SFN201906110,"Tuesday, June 11, 2019",6:44 p.m. Local,Oracle Park,28535,3:01,Night,Home,San Francisco Giants,SFG,San Diego Padres,SDP,34,5,7,5,5.0,3,12,37,0.206,0.27,0.382,0.653,149,100,-0.017,1.52,0.782,,0.5,24,5,8.0,1,55,18,27,10,12,5,0,48,2,0,-0.483,-2.0,30,6,9,6,6.75,4,10,36,0.3,0.371,0.433,0.805,155,92,0.485,1.31,1.352,,2.0,27,6,9.0,2,55,16,21,6,16,11,0,43,3,2,0.015,-0.5
SFN/SFN201906120,"Wednesday, June 12, 2019",6:45 p.m. Local,Oracle Park,31188,2:52,Night,Home,San Francisco Giants,SFG,San Diego Padres,SDP,32,2,6,2,2.0,4,9,36,0.188,0.278,0.281,0.559,125,83,-0.332,0.89,0.511,,-2.5,24,7,8.0,1,44,12,27,15,7,3,1,56,1,0,-0.168,-0.0,32,4,8,4,2.25,2,10,34,0.25,0.294,0.375,0.669,135,78,0.166,1.28,0.681,,0.0,27,14,9.0,0,43,16,19,10,12,5,0,59,0,0,0.332,2.5
SFN/SFN201906140,"Friday, June 14, 2019",7:15 p.m. Local,Oracle Park,35106,3:01,Night,Home,San Francisco Giants,SFG,Milwaukee Brewers,MIL,34,3,8,1,1.0,7,7,41,0.235,0.366,0.235,0.601,115,98,-0.264,0.83,0.886,,-1.5,24,11,8.0,3,60,16,22,15,12,4,0,44,1,1,-0.236,-1.0,31,5,10,5,5.62,1,4,33,0.323,0.344,0.645,0.989,162,70,0.236,1.47,0.704,,1.0,27,10,9.0,0,45,7,19,12,16,7,0,55,1,0,0.263,1.5
SFN/SFN201906150,"Saturday, June 15, 2019",1:05 p.m. Local,Oracle Park,34560,3:06,Day,Home,San Francisco Giants,SFG,Milwaukee Brewers,MIL,33,7,8,7,5.0,4,9,40,0.242,0.3,0.455,0.755,150,109,0.14,1.43,0.75,,2.5,24,7,8.0,0,62,20,27,5,22,8,0,39,5,3,-0.64,-4.0,36,8,15,7,7.88,4,9,42,0.417,0.452,0.583,1.036,159,89,0.639,1.06,1.383,,4.0,27,4,9.0,2,53,15,21,10,19,11,0,49,0,0,-0.139,-2.5
SFN/SFN201906160,"Sunday, June 16, 2019",1:05 p.m. Local,Oracle Park,34603,3:18,Day,Away,Milwaukee Brewers,MIL,San Francisco Giants,SFG,38,5,12,5,5.0,2,9,41,0.316,0.366,0.526,0.892,161,114,0.216,1.54,0.926,,0.5,27,4,9.0,0,65,16,33,13,16,6,0,39,3,1,0.285,1.5,32,3,7,3,3.0,5,9,38,0.219,0.316,0.313,0.628,176,94,-0.286,0.93,0.751,,-1.5,27,11,9.0,2,55,20,19,8,16,4,0,36,0,0,-0.215,-0.5
LAN/LAN201906170,"Monday, June 17, 2019",7:10 p.m. Local,Dodger Stadium,42479,3:11,Night,Away,San Francisco Giants,SFG,Los Angeles Dodgers,LAD,30,3,3,2,2.0,5,8,35,0.1,0.229,0.133,0.362,133,94,-0.062,1.53,0.446,,-1.6,27,9,9.0,1,56,17,21,7,15,7,0,64,0,0,0.561,2.6,32,2,5,2,2.0,5,9,37,0.156,0.27,0.281,0.552,155,82,-0.561,0.84,0.495,,-2.6,27,7,9.0,0,42,14,26,11,12,5,0,55,0,0,0.061,1.6
LAN/LAN201906180,"Tuesday, June 18, 2019",7:10 p.m. Local,Dodger Stadium,48219,2:59,Night,Home,Los Angeles Dodgers,LAD,San Francisco Giants,SFG,30,0,4,0,0.0,3,10,33,0.133,0.212,0.167,0.379,142,94,-0.381,0.52,0.164,,-4.6,24,9,8.0,2,54,12,29,12,8,4,0,42,4,2,-0.119,-4.9,36,9,14,9,10.12,5,4,43,0.389,0.463,0.639,1.102,137,91,0.12,0.76,0.479,,4.9,27,13,9.0,0,69,5,17,16,18,10,0,75,0,0,0.381,4.6
LAN/LAN201906190,"Wednesday, June 19, 2019",7:10 p.m. Local,Dodger Stadium,43802,2:47,Night,Home,Los Angeles Dodgers,LAD,San Francisco Giants,SFG,30,2,4,2,2.0,0,9,31,0.133,0.161,0.367,0.528,165,78,-0.168,0.28,0.061,,-2.6,24,4,8.0,4,41,14,23,8,13,3,0,20,0,0,-0.333,-4.9,35,9,13,9,10.12,1,7,37,0.371,0.378,0.771,1.15,110,99,0.333,0.31,0.461,,4.9,27,6,9.0,2,56,14,29,6,23,11,0,55,0,0,0.166,2.6
LAN/LAN201906200,"Thursday, June 20, 2019",7:10 p.m. Local,Dodger Stadium,43742,3:25,Night,Home,Los Angeles Dodgers,LAD,San Francisco Giants,SFG,36,8,9,8,5.0,3,11,40,0.25,0.3,0.417,0.717,155,110,-0.215,0.47,0.584,,3.4,24,11,8.0,3,62,24,24,12,14,9,0,19,3,0,-0.284,-4.9,38,9,16,9,10.12,2,8,43,0.421,0.476,0.763,1.239,167,103,0.284,1.08,0.563,,4.9,27,6,9.0,1,63,19,21,13,18,12,0,62,1,1,0.216,-3.4
ARI/ARI201906210,"Friday, June 21, 2019",6:40 p.m. Local,Chase Field,29312,3:09,Night,Away,San Francisco Giants,SFG,Arizona Diamondbacks,ARI,37,11,11,11,11.0,5,8,43,0.297,0.395,0.622,1.017,149,96,0.464,0.8,0.891,,6.2,27,10,9.0,1,55,11,30,14,15,8,0,38,3,0,0.038,-0.2,35,5,10,5,5.0,3,9,40,0.286,0.359,0.486,0.845,150,92,-0.037,0.81,0.542,,0.2,27,14,9.0,2,53,12,27,14,13,4,0,22,3,2,-0.461,-6.2
ARI/ARI201906220,"Saturday, June 22, 2019",7:10 p.m. Local,Chase Field,32082,3:20,Night,Away,San Francisco Giants,SFG,Arizona Diamondbacks,ARI,36,7,10,7,7.0,3,5,39,0.278,0.333,0.417,0.75,177,93,0.189,1.39,0.817,,2.2,27,8,9.0,0,57,11,25,14,17,7,0,34,1,0,0.312,0.8,34,4,8,2,4.0,5,8,39,0.235,0.333,0.265,0.598,139,111,-0.311,0.92,0.816,,-0.8,27,8,9.0,1,66,18,27,9,17,8,0,22,0,0,-0.188,-2.2
ARI/ARI201906230,"Sunday, June 23, 2019",1:11 p.m. Local,Chase Field,25071,3:13,Day,Home,Arizona Diamondbacks,ARI,San Francisco Giants,SFG,34,2,4,2,1.8,2,12,36,0.118,0.167,0.265,0.431,143,96,-0.556,1.61,0.449,,-3.3,28,12,9.1,0,52,17,27,12,10,3,0,55,2,0,0.054,0.7,33,3,7,3,2.89,3,4,37,0.212,0.278,0.242,0.52,152,90,-0.055,1.29,1.004,,-0.7,30,12,10.0,1,60,9,21,13,17,12,0,63,0,0,0.555,3.3
SFN/SFN201906240,"Monday, June 24, 2019",7:08 p.m. Local,Oracle Park,30018,2:45,Night,Away,Colorado Rockies,COL,San Francisco Giants,SFG,32,2,5,2,2.0,3,13,35,0.156,0.229,0.25,0.479,141,90,-0.114,1.23,0.35,,-2.5,27,12,9.0,0,44,18,28,8,11,4,0,68,0,0,0.615,4.5,32,0,6,0,0.0,2,9,34,0.188,0.235,0.313,0.548,141,92,-0.614,0.68,0.277,,-4.5,27,8,9.0,1,52,19,21,12,11,5,0,58,0,0,0.114,2.5
SFN/SFN201906250,"Tuesday, June 25, 2019",6:45 p.m. Local,Oracle Park,31458,2:43,Night,Home,San Francisco Giants,SFG,Colorado Rockies,COL,30,2,3,2,2.0,3,15,33,0.1,0.182,0.267,0.448,126,89,-0.349,0.93,0.442,,-2.5,24,11,8.0,1,45,23,21,8,7,1,0,43,0,0,-0.151,-0.0,29,4,8,4,4.5,5,5,35,0.276,0.371,0.414,0.785,132,75,0.15,1.18,0.648,,0.0,27,8,9.0,1,47,10,18,11,14,10,0,66,0,0,0.348,2.5
SFN/SFN201906260,"Wednesday, June 26, 2019",12:45 p.m. Local,Oracle Park,33765,2:54,Day,Away,Colorado Rockies,COL,San Francisco Giants,SFG,32,6,7,6,6.0,2,11,36,0.219,0.257,0.406,0.663,151,93,0.326,1.05,0.733,,1.5,27,13,9.0,1,61,18,14,11,12,7,0,43,0,0,0.175,1.5,32,3,8,3,2.0,3,5,36,0.25,0.314,0.531,0.846,148,91,-0.174,0.83,0.67,,-1.5,27,7,9.0,1,58,18,17,11,17,6,0,45,1,0,-0.324,-1.5
SFN/SFN201906270,"Thursday, June 27, 2019",6:45 p.m. Local,Oracle Park,30790,2:42,Night,Away,Arizona Diamondbacks,ARI,San Francisco Giants,SFG,33,5,8,5,5.0,4,6,37,0.242,0.324,0.515,0.839,118,92,0.138,1.16,0.631,,0.5,27,7,9.0,1,56,10,26,12,15,5,0,61,2,0,0.363,3.5,30,1,3,1,1.0,2,6,33,0.1,0.182,0.233,0.415,143,74,-0.363,0.8,0.416,,-3.5,27,12,9.0,2,44,10,20,9,15,4,0,52,2,0,-0.137,-0.5
SFN/SFN201906280,"Friday, June 28, 2019",7:15 p.m. Local,Oracle Park,35391,3:07,Night,Home,San Francisco Giants,SFG,Arizona Diamondbacks,ARI,38,3,11,3,3.0,2,6,40,0.289,0.325,0.368,0.693,113,101,-0.244,0.82,0.676,,-1.5,24,11,8.0,1,59,16,26,11,21,13,0,42,2,1,-0.256,-2.0,34,6,12,5,6.75,3,2,38,0.353,0.405,0.559,0.964,155,74,0.255,1.25,0.69,,2.0,27,8,9.0,0,55,7,12,14,19,7,0,49,1,0,0.245,1.5
SFN/SFN201906290,"Saturday, June 29, 2019",7:05 p.m. Local,Oracle Park,31600,3:18,Night,Away,Arizona Diamondbacks,ARI,San Francisco Giants,SFG,36,4,11,3,2.0,3,8,41,0.306,0.375,0.361,0.736,131,106,-0.007,1.21,0.947,,-0.5,27,8,9.0,1,68,14,24,15,14,6,0,73,5,2,0.508,1.5,32,3,7,3,2.0,2,9,35,0.219,0.286,0.344,0.629,164,82,-0.507,1.22,0.433,,-1.5,27,9,9.0,0,41,15,26,12,11,3,0,62,0,0,0.008,0.5
SFN/SFN201906300,"Sunday, June 30, 2019",1:06 p.m. Local,Oracle Park,31778,3:09,Day,Home,San Francisco Giants,SFG,Arizona Diamondbacks,ARI,34,4,8,4,4.0,2,11,37,0.235,0.27,0.324,0.594,154,102,-0.267,0.48,0.147,,-0.5,24,8,8.0,1,66,13,23,10,14,8,0,36,3,3,-0.234,-6.0,35,10,13,10,11.25,6,10,42,0.371,0.452,0.571,1.024,154,102,0.234,0.52,0.514,,6.0,27,8,9.0,0,59,20,23,9,17,12,0,74,2,0,0.266,0.5
SDN/SDN201907010,"Monday, July 1, 2019",7:12 p.m. Local,Petco Park,25274,3:12,Night,Away,San Francisco Giants,SFG,San Diego Padres,SDP,41,13,14,12,13.0,3,6,46,0.341,0.4,0.732,1.132,128,119,0.264,0.47,0.584,,8.5,27,15,9.0,0,74,17,28,15,21,11,0,68,0,0,0.235,2.5,33,2,5,2,2.0,2,7,36,0.152,0.194,0.273,0.467,182,83,-0.236,0.5,0.127,,-2.5,27,10,9.0,3,49,12,22,18,9,4,0,25,2,1,-0.265,-8.5
SDN/SDN201907020,"Tuesday, July 2, 2019",7:11 p.m. Local,Petco Park,24007,3:12,Night,Away,San Francisco Giants,SFG,San Diego Padres,SDP,44,10,17,10,10.0,4,11,48,0.386,0.438,0.705,1.142,147,111,0.333,0.46,0.711,,5.5,27,9,9.0,2,60,19,32,7,26,15,0,69,0,0,0.167,0.5,34,4,9,4,4.0,0,6,35,0.265,0.257,0.471,0.728,162,91,-0.168,0.48,0.191,,-0.5,27,3,9.0,3,57,16,18,13,16,5,0,22,0,0,-0.332,-5.5
SDN/SDN201907030,"Wednesday, July 3, 2019",6:11 p.m. Local,Petco Park,33905,3:00,Night,Away,San Francisco Giants,SFG,San Diego Padres,SDP,35,7,9,7,7.0,3,7,39,0.257,0.333,0.514,0.848,138,100,0.502,0.99,1.168,,2.5,27,11,9.0,2,57,17,26,8,20,10,0,32,0,0,-0.001,-0.5,37,5,11,5,5.0,1,9,38,0.297,0.316,0.486,0.802,148,95,0.001,0.95,0.664,,0.5,27,7,9.0,2,56,21,18,13,15,8,0,44,4,0,-0.502,-2.5
SFN/SFN201907050,"Friday, July 5, 2019",7:16 p.m. Local,Oracle Park,37603,3:23,Night,Away,St. Louis Cardinals,STL,San Francisco Giants,SFG,38,9,14,9,9.0,6,10,45,0.368,0.455,0.737,1.191,148,120,0.436,1.02,0.918,,4.5,27,6,9.0,1,72,8,40,16,13,5,0,46,0,0,0.064,0.5,32,4,7,4,4.0,3,8,36,0.219,0.278,0.344,0.622,190,93,-0.064,0.76,0.563,,-0.5,27,13,9.0,3,51,20,22,6,19,9,0,33,1,1,-0.436,-4.5
SFN/SFN201907060,"Saturday, July 6, 2019",7:05 p.m. Local,Oracle Park,32487,3:13,Night,Home,San Francisco Giants,SFG,St. Louis Cardinals,STL,35,4,10,4,4.0,0,8,38,0.286,0.324,0.371,0.696,153,95,-0.211,0.76,0.364,,-0.5,24,2,8.0,2,57,19,19,12,16,3,0,38,1,0,-0.291,-4.0,35,8,11,8,7.88,1,12,38,0.314,0.342,0.543,0.885,136,100,0.292,0.8,0.601,,4.0,27,10,9.0,1,58,20,22,8,16,8,0,46,0,0,0.21,0.5
SFN/SFN201907070,"Sunday, July 7, 2019",1:06 p.m. Local,Oracle Park,33841,2:19,Day,Home,San Francisco Giants,SFG,St. Louis Cardinals,STL,31,0,6,0,0.0,0,5,32,0.194,0.219,0.226,0.445,96,78,-0.723,0.88,0.335,,-4.5,24,6,8.0,1,51,10,18,11,15,8,0,74,0,0,0.224,3.0,25,1,2,1,1.12,2,7,27,0.08,0.148,0.2,0.348,120,64,-0.223,1.42,0.304,,-3.0,27,10,9.0,0,32,20,12,5,13,4,0,71,0,0,0.723,4.5
MIL/MIL201907120,"Friday, July 12, 2019",7:10 p.m. Local,Miller Park,40186,3:33,Night,Away,San Francisco Giants,SFG,Milwaukee Brewers,MIL,40,10,10,10,9.0,1,10,41,0.25,0.268,0.65,0.918,164,122,0.987,1.27,1.747,,4.7,30,13,10.0,1,75,24,23,13,17,6,0,44,2,2,-0.486,-1.7,41,7,13,7,6.3,4,14,46,0.317,0.391,0.537,0.928,169,107,0.486,1.25,1.478,,1.7,30,10,10.0,5,53,19,35,15,12,7,0,58,0,0,-0.987,-4.7
MIL/MIL201907130,"Saturday, July 13, 2019",6:15 p.m. Local,Miller Park,42324,3:54,Night,Home,Milwaukee Brewers,MIL,San Francisco Giants,SFG,32,4,7,3,2.0,5,13,39,0.219,0.316,0.25,0.566,183,108,0.117,1.68,1.058,,-0.8,26,10,8.2,0,61,13,34,9,12,5,0,56,2,1,-0.616,-0.8,39,5,15,4,3.12,3,11,43,0.385,0.419,0.59,1.008,182,116,0.615,1.48,1.885,,0.8,27,6,9.0,0,69,21,28,11,18,11,0,69,1,1,-0.115,0.8
MIL/MIL201907140,"Sunday, July 14, 2019",1:11 p.m. Local,Miller Park,43259,3:26,Day,Away,San Francisco Giants,SFG,Milwaukee Brewers,MIL,36,8,11,8,7.0,6,11,43,0.306,0.395,0.472,0.868,142,117,0.374,0.81,0.902,,3.2,27,7,9.0,1,62,23,32,13,13,5,0,55,4,0,0.127,1.8,35,3,8,3,3.0,1,10,37,0.229,0.27,0.343,0.613,181,96,-0.127,0.9,0.42,,-1.8,27,8,9.0,1,51,19,26,9,16,10,0,56,2,2,-0.374,-3.2
COL/COL201907151,"Monday, July 15, 2019",12:12 p.m. Local,Coors Field,26434,3:15,Day,Away,San Francisco Giants,SFG,Colorado Rockies,COL,46,19,21,19,18.0,3,5,52,0.457,0.5,0.848,1.348,145,117,0.411,0.1,0.466,,13.4,27,4,9.0,2,78,13,26,21,22,11,0,66,1,0,0.088,3.6,33,2,6,2,2.0,3,13,36,0.182,0.25,0.364,0.614,199,96,-0.088,0.21,0.005,,-3.6,27,15,9.0,4,62,16,18,4,16,7,0,-5,2,1,-0.411,-13.4
COL/COL201907152,"Monday, July 15, 2019",7:01 p.m. Local,Coors Field,34424,2:42,Night,Away,San Francisco Giants,SFG,Colorado Rockies,COL,32,2,6,2,2.0,3,9,35,0.188,0.257,0.406,0.663,120,96,-0.316,1.73,0.417,,-3.6,27,15,9.0,0,57,19,20,13,10,5,0,61,0,0,0.815,4.6,30,1,5,1,1.0,2,10,32,0.167,0.219,0.233,0.452,145,81,-0.816,0.94,0.408,,-4.6,27,10,9.0,2,48,14,19,11,9,7,0,50,2,0,0.315,3.6
COL/COL201907160,"Tuesday, July 16, 2019",6:41 p.m. Local,Coors Field,47413,3:33,Night,Away,San Francisco Giants,SFG,Colorado Rockies,COL,41,8,14,7,6.3,3,6,44,0.341,0.386,0.463,0.85,149,104,0.408,1.37,1.175,,1.8,30,7,10.0,2,69,16,19,17,18,10,0,60,2,1,0.092,2.2,36,4,7,4,3.6,2,8,39,0.194,0.256,0.361,0.618,173,95,-0.091,1.08,0.998,,-2.2,30,13,10.0,1,60,13,22,11,17,5,0,55,3,2,-0.408,-1.8
COL/COL201907170,"Wednesday, July 17, 2019",1:11 p.m. Local,Coors Field,40157,3:28,Day,Away,San Francisco Giants,SFG,Colorado Rockies,COL,44,11,18,10,9.0,3,8,48,0.409,0.447,0.682,1.129,143,108,0.551,0.9,1.238,,5.4,27,12,9.0,2,64,23,21,15,22,12,0,26,2,0,-0.05,-2.4,37,8,11,8,8.0,3,5,40,0.297,0.35,0.622,0.972,167,88,0.052,0.99,0.735,,2.4,27,14,9.0,2,60,13,15,16,16,8,0,22,3,0,-0.551,-5.4
SFN/SFN201907180,"Thursday, July 18, 2019",6:45 p.m. Local,Oracle Park,36862,4:47,Night,Home,San Francisco Giants,SFG,New York Mets,NYM,56,2,11,1,1.12,4,16,60,0.196,0.25,0.304,0.554,242,139,-1.078,1.99,1.241,,-5.9,45,14,15.0,0,78,29,32,20,20,9,0,68,0,0,0.578,2.6,56,3,14,3,1.8,4,18,62,0.25,0.306,0.375,0.681,211,166,-0.577,1.91,1.709,,-2.6,48,19,16.0,1,104,35,27,15,24,10,0,78,2,0,1.078,5.9
SFN/SFN201907190,"Friday, July 19, 2019",7:14 p.m. Local,Oracle Park,32861,2:51,Night,Home,San Francisco Giants,SFG,New York Mets,NYM,33,0,3,0,0.0,1,9,35,0.091,0.143,0.121,0.264,165,78,-0.82,1.69,0.183,,-5.0,29,6,9.2,0,41,19,18,11,13,5,0,78,0,0,0.321,3.7,31,1,3,0,0.0,7,13,39,0.097,0.263,0.129,0.392,113,100,-0.321,1.27,0.907,,-3.7,30,10,10.0,0,62,24,17,5,14,3,0,80,0,0,0.822,5.0
SFN/SFN201907200,"Saturday, July 20, 2019",1:06 p.m. Local,Oracle Park,33860,2:50,Day,Away,New York Mets,NYM,San Francisco Giants,SFG,42,11,17,11,11.0,1,10,44,0.405,0.432,0.738,1.17,114,112,0.276,0.62,0.652,,6.5,27,14,9.0,2,74,17,21,12,20,6,0,56,0,0,0.223,0.5,34,4,9,4,4.0,0,7,35,0.265,0.286,0.441,0.727,164,81,-0.227,0.49,0.233,,-0.5,27,7,9.0,4,46,12,23,12,15,7,0,46,0,0,-0.275,-6.5
SFN/SFN201907210,"Sunday, July 21, 2019",1:05 p.m. Local,Oracle Park,35406,3:28,Day,Home,San Francisco Giants,SFG,New York Mets,NYM,39,2,5,2,1.5,4,14,44,0.128,0.209,0.308,0.517,164,121,-0.864,1.64,0.546,,-4.0,34,12,11.1,1,69,23,29,11,15,5,0,57,2,0,0.363,2.7,40,3,7,3,2.38,3,10,44,0.175,0.25,0.3,0.55,186,107,-0.362,1.51,1.151,,-2.7,36,11,12.0,2,61,18,28,12,18,7,0,57,0,0,0.863,4.0
SFN/SFN201907220,"Monday, July 22, 2019",6:46 p.m. Local,Oracle Park,37119,2:50,Night,Home,San Francisco Giants,SFG,Chicago Cubs,CHC,33,4,6,4,4.0,3,10,37,0.182,0.27,0.394,0.664,141,90,-0.086,1.64,0.601,,-0.5,24,14,8.0,0,50,21,19,9,14,5,0,45,2,0,-0.413,-1.0,35,5,13,4,5.62,1,7,36,0.371,0.389,0.486,0.875,141,96,0.412,1.03,1.459,,1.0,27,8,9.0,2,54,20,22,14,14,10,0,52,0,0,0.087,0.5
SFN/SFN201907230,"Tuesday, July 23, 2019",6:46 p.m. Local,Oracle Park,39747,3:45,Night,Home,San Francisco Giants,SFG,Chicago Cubs,CHC,46,4,9,4,2.77,2,15,49,0.196,0.245,0.261,0.506,161,113,-0.611,1.59,0.996,,-2.5,37,8,12.1,2,61,24,28,20,11,7,0,49,1,0,0.111,1.2,42,5,8,5,3.65,4,11,48,0.19,0.271,0.405,0.676,173,114,-0.109,1.56,1.257,,-1.2,39,16,13.0,0,66,22,26,10,22,7,0,59,2,1,0.611,2.5
SFN/SFN201907240,"Wednesday, July 24, 2019",12:45 p.m. Local,Oracle Park,37746,2:58,Day,Away,Chicago Cubs,CHC,San Francisco Giants,SFG,37,4,11,4,4.0,1,10,38,0.297,0.316,0.568,0.883,134,97,0.126,0.94,0.516,,-0.5,27,6,9.0,0,56,26,15,9,18,7,0,54,1,0,0.372,3.5,34,1,7,1,1.0,2,10,37,0.206,0.27,0.294,0.564,144,90,-0.371,0.53,0.34,,-3.5,27,7,9.0,3,52,16,22,7,17,12,0,39,3,0,-0.129,0.5
SDN/SDN201907260,"Friday, July 26, 2019",7:11 p.m. Local,Petco Park,41951,3:32,Night,Away,San Francisco Giants,SFG,San Diego Padres,SDP,39,2,5,2,1.64,5,14,44,0.128,0.227,0.256,0.484,149,107,-0.383,1.38,1.091,,-3.5,33,12,11.0,1,53,21,33,11,14,5,0,63,0,0,0.884,4.5,37,1,5,1,0.82,3,10,40,0.135,0.2,0.243,0.443,164,98,-0.885,1.53,0.422,,-4.5,33,9,11.0,1,51,18,29,11,16,9,0,68,0,0,0.384,3.5
SDN/SDN201907270,"Saturday, July 27, 2019",5:42 p.m. Local,Petco Park,41371,3:11,Night,Home,San Diego Padres,SDP,San Francisco Giants,SFG,32,1,5,1,1.0,5,8,37,0.156,0.27,0.188,0.458,152,89,-0.331,0.79,0.348,,-3.5,24,10,8.0,1,56,12,21,12,12,5,0,42,1,1,-0.169,-1.0,28,5,9,5,5.62,5,8,35,0.321,0.441,0.5,0.941,144,86,0.168,1.03,0.609,,1.0,27,10,9.0,0,52,14,23,10,11,4,0,58,3,0,0.332,3.5
SDN/SDN201907280,"Sunday, July 28, 2019",1:12 p.m. Local,Petco Park,35087,3:00,Day,Away,San Francisco Giants,SFG,San Diego Padres,SDP,38,7,16,7,7.0,4,7,44,0.421,0.476,0.579,1.055,116,103,0.296,1.4,1.118,,2.5,27,8,9.0,2,66,12,25,18,15,12,0,57,0,0,0.205,-1.5,31,6,7,6,6.0,2,7,35,0.226,0.286,0.419,0.705,152,82,-0.206,1.16,0.765,,1.5,27,15,9.0,0,51,11,20,8,17,4,0,42,2,0,-0.295,-2.5
PHI/PHI201907300,"Tuesday, July 30, 2019",7:07 p.m. Local,Citizens Bank Park,32217,2:47,Night,Home,Philadelphia Phillies,PHI,San Francisco Giants,SFG,30,2,6,2,2.0,1,8,31,0.2,0.226,0.4,0.626,134,93,-0.405,0.75,0.196,,-2.9,24,7,8.0,1,55,17,21,10,12,3,0,33,0,0,-0.095,0.3,35,4,11,4,4.5,3,10,38,0.314,0.368,0.457,0.826,135,88,0.095,0.79,0.537,,-0.3,27,12,9.0,2,45,18,25,12,13,6,0,73,0,0,0.405,2.9
PHI/PHI201907310,"Wednesday, July 31, 2019",7:07 p.m. Local,Citizens Bank Park,31313,3:02,Night,Away,San Francisco Giants,SFG,Philadelphia Phillies,PHI,33,5,8,5,5.0,5,12,39,0.242,0.342,0.545,0.888,130,107,0.128,0.74,0.674,,0.1,27,8,9.0,0,63,17,27,6,16,7,0,70,0,0,0.372,3.9,31,1,5,1,1.0,2,8,33,0.161,0.212,0.194,0.406,165,87,-0.373,0.8,0.195,,-3.9,27,6,9.0,3,48,15,24,8,15,7,0,54,0,0,-0.128,-0.1
PHI/PHI201908010,"Thursday, August 1, 2019",1:06 p.m. Local,Citizens Bank Park,28524,3:04,Day,Home,Philadelphia Phillies,PHI,San Francisco Giants,SFG,37,2,10,2,1.0,2,9,39,0.27,0.308,0.297,0.605,154,91,-0.181,0.51,0.172,,-2.9,24,8,8.0,3,57,13,21,13,15,9,0,19,1,1,-0.319,-5.7,36,10,12,9,7.88,5,3,41,0.333,0.415,0.639,1.054,146,94,0.318,0.43,0.546,,5.7,27,8,9.0,0,60,14,20,11,22,10,0,52,2,1,0.182,2.9
COL/COL201908020,"Friday, August 2, 2019",6:40 p.m. Local,Coors Field,40672,2:50,Night,Home,Colorado Rockies,COL,San Francisco Giants,SFG,35,4,9,4,4.0,3,8,38,0.257,0.316,0.457,0.773,124,82,-0.313,1.1,0.912,,-1.6,24,11,8.0,2,57,9,16,12,15,8,0,37,3,1,-0.189,-0.0,33,5,12,5,5.62,4,3,37,0.364,0.432,0.606,1.038,123,72,0.19,1.48,0.963,,0.0,27,12,9.0,1,51,7,18,14,16,6,0,46,0,0,0.311,1.6
COL/COL201908030,"Saturday, August 3, 2019",6:12 p.m. Local,Coors Field,47540,3:42,Night,Away,San Francisco Giants,SFG,Colorado Rockies,COL,40,6,14,6,6.0,5,9,46,0.35,0.435,0.575,1.01,157,116,0.209,1.65,1.245,,0.4,27,7,9.0,2,66,16,34,15,16,8,0,32,0,0,0.292,0.6,38,5,12,4,5.0,2,8,40,0.316,0.35,0.579,0.929,194,100,-0.292,1.33,0.988,,-0.6,27,12,9.0,1,59,15,26,8,22,6,0,32,6,0,-0.21,-0.4
COL/COL201908040,"Sunday, August 4, 2019",1:11 p.m. Local,Coors Field,40084,2:52,Day,Home,Colorado Rockies,COL,San Francisco Giants,SFG,32,2,7,2,2.0,1,8,33,0.219,0.242,0.406,0.649,145,88,-0.23,0.49,0.307,,-3.6,24,15,8.0,3,50,12,26,11,13,6,0,26,2,0,-0.27,-1.0,34,6,13,5,6.75,3,3,37,0.382,0.432,0.735,1.168,133,91,0.268,0.68,0.558,,1.0,27,10,9.0,2,64,9,18,17,14,5,0,53,0,0,0.231,3.6
SFN/SFN201908050,"Monday, August 5, 2019",6:45 p.m. Local,Oracle Park,32366,3:12,Night,Away,Washington Nationals,WSN,San Francisco Giants,SFG,33,4,6,2,4.0,8,8,41,0.182,0.341,0.212,0.554,113,117,0.047,0.83,0.548,,-0.5,27,9,9.0,0,70,17,30,11,14,5,0,62,0,0,0.453,4.5,33,0,7,0,0.0,0,3,33,0.212,0.212,0.242,0.455,214,75,-0.452,0.81,0.176,,-4.5,27,8,9.0,0,48,7,20,11,19,14,0,52,0,0,-0.047,0.5
SFN/SFN201908060,"Tuesday, August 6, 2019",6:45 p.m. Local,Oracle Park,31628,2:45,Night,Away,Washington Nationals,WSN,San Francisco Giants,SFG,32,5,8,5,5.0,3,5,36,0.25,0.306,0.469,0.774,134,85,0.171,1.17,0.568,,0.5,27,7,9.0,0,54,9,22,11,17,7,0,60,0,0,0.328,1.5,35,3,8,3,2.0,1,7,36,0.229,0.25,0.343,0.593,136,93,-0.327,0.67,0.502,,-1.5,27,10,9.0,2,56,18,19,12,16,4,0,41,0,0,-0.171,-0.5
SFN/SFN201908070,"Wednesday, August 7, 2019",12:45 p.m. Local,Oracle Park,30958,2:59,Day,Away,Washington Nationals,WSN,San Francisco Giants,SFG,33,4,9,4,4.0,3,5,38,0.273,0.368,0.394,0.762,158,85,0.164,0.78,0.48,,-0.5,27,7,9.0,0,52,14,19,14,14,9,0,69,0,0,0.338,3.5,33,1,6,1,1.0,2,11,36,0.182,0.25,0.273,0.523,145,103,-0.338,0.64,0.244,,-3.5,27,13,9.0,1,58,25,20,7,15,6,0,34,0,0,-0.162,0.5
SFN/SFN201908080,"Thursday, August 8, 2019",6:45 p.m. Local,Oracle Park,37667,2:49,Night,Home,San Francisco Giants,SFG,Philadelphia Phillies,PHI,27,0,1,0,0.0,2,5,29,0.037,0.103,0.037,0.14,154,74,-0.339,0.57,0.059,,-4.5,24,13,8.0,1,40,11,23,10,12,3,0,42,0,0,-0.162,-1.0,31,5,10,4,4.5,5,6,37,0.323,0.432,0.484,0.916,113,94,0.16,0.57,0.45,,1.0,27,10,9.0,0,58,10,26,17,8,3,0,77,0,0,0.339,4.5
SFN/SFN201908090,"Friday, August 9, 2019",7:15 p.m. Local,Oracle Park,36275,3:05,Night,Away,Philadelphia Phillies,PHI,San Francisco Giants,SFG,35,9,10,9,9.0,5,9,42,0.286,0.357,0.543,0.9,149,94,0.839,1.13,1.181,,4.5,27,12,9.0,3,55,16,23,14,14,6,0,36,1,1,-0.337,-1.5,37,6,11,6,4.0,3,6,40,0.297,0.35,0.622,0.972,155,99,0.338,0.82,1.12,,1.5,27,8,9.0,2,56,16,27,12,19,13,0,44,2,1,-0.838,-4.5
SFN/SFN201908100,"Saturday, August 10, 2019",1:05 p.m. Local,Oracle Park,39106,2:32,Day,Home,San Francisco Giants,SFG,Philadelphia Phillies,PHI,29,1,3,1,1.0,1,7,30,0.103,0.133,0.207,0.34,117,76,-0.461,0.7,0.233,,-3.5,24,9,8.0,2,47,14,15,6,16,4,0,51,0,0,-0.04,1.0,28,3,5,3,3.38,2,6,31,0.179,0.258,0.429,0.687,122,78,0.04,0.99,0.456,,-1.0,27,5,9.0,1,46,13,19,10,12,2,0,79,0,0,0.46,3.5
SFN/SFN201908110,"Sunday, August 11, 2019",4:08 p.m. Local,Oracle Park,36637,3:31,Day,Home,San Francisco Giants,SFG,Philadelphia Phillies,PHI,36,6,10,6,6.0,11,10,48,0.278,0.438,0.333,0.771,142,115,0.185,1.03,1.414,,1.5,24,6,8.0,2,65,17,33,9,18,6,0,29,1,1,-0.683,-5.0,35,9,12,9,10.12,3,10,38,0.343,0.395,0.657,1.052,190,85,0.684,1.82,1.285,,5.0,27,4,9.0,0,42,16,27,8,17,6,0,40,11,3,-0.184,-1.5
SFN/SFN201908130,"Tuesday, August 13, 2019",6:45 p.m. Local,Oracle Park,36663,2:45,Night,Home,San Francisco Giants,SFG,Oakland Athletics,OAK,31,2,5,2,2.0,1,13,32,0.161,0.188,0.258,0.446,132,98,-0.421,1.04,0.588,,-2.5,24,15,8.0,0,42,19,37,8,10,2,0,56,2,1,-0.079,1.0,27,3,6,3,3.38,3,4,32,0.222,0.29,0.333,0.624,151,87,0.08,1.73,0.644,,-1.0,27,8,9.0,1,58,7,22,16,9,6,0,78,0,0,0.421,2.5
SFN/SFN201908140,"Wednesday, August 14, 2019",12:45 p.m. Local,Oracle Park,39511,3:15,Day,Away,Oakland Athletics,OAK,San Francisco Giants,SFG,39,9,15,9,9.0,2,11,44,0.385,0.432,0.718,1.15,142,115,0.307,0.57,0.587,,4.5,27,6,9.0,1,75,13,27,12,17,6,0,79,1,0,0.193,-0.5,34,5,7,4,5.0,3,10,37,0.206,0.27,0.353,0.623,183,99,-0.195,0.44,0.254,,0.5,27,10,9.0,3,46,22,31,12,12,6,0,35,2,0,-0.307,-4.5
ARI/ARI201908150,"Thursday, August 15, 2019",6:40 p.m. Local,Chase Field,19037,2:44,Night,Away,San Francisco Giants,SFG,Arizona Diamondbacks,ARI,37,7,13,7,7.0,5,6,44,0.351,0.455,0.541,0.995,115,100,0.208,0.45,0.549,,2.2,27,8,9.0,0,66,8,26,16,15,7,0,74,0,0,0.291,4.8,30,0,3,0,0.0,1,5,31,0.1,0.129,0.1,0.229,164,74,-0.292,0.53,0.041,,-4.8,27,15,9.0,1,43,10,21,8,17,6,0,31,0,0,-0.209,-2.2
ARI/ARI201908160,"Friday, August 16, 2019",6:40 p.m. Local,Chase Field,23642,4:05,Night,Away,San Francisco Giants,SFG,Arizona Diamondbacks,ARI,45,10,15,10,8.18,3,9,50,0.333,0.388,0.756,1.143,189,126,0.841,1.64,1.413,,4.1,33,11,11.0,6,82,18,26,18,19,7,0,52,8,3,-0.341,-3.1,46,9,13,9,7.36,3,9,49,0.283,0.327,0.717,1.044,197,124,0.341,0.76,1.812,,3.1,33,17,11.0,6,71,26,27,14,23,11,0,43,0,0,-0.841,-4.1
ARI/ARI201908170,"Saturday, August 17, 2019",5:10 p.m. Local,Chase Field,35366,3:40,Night,Away,San Francisco Giants,SFG,Arizona Diamondbacks,ARI,44,11,18,10,9.0,2,8,47,0.409,0.426,0.5,0.926,154,125,0.444,0.58,0.677,,6.2,27,11,9.0,2,80,18,27,16,21,8,0,57,0,0,0.056,-1.2,36,6,12,5,5.0,2,8,39,0.333,0.359,0.556,0.915,192,97,-0.058,0.54,0.38,,1.2,27,8,9.0,1,57,13,27,13,16,9,0,29,4,0,-0.443,-6.2
ARI/ARI201908180,"Sunday, August 18, 2019",1:10 p.m. Local,Chase Field,26079,3:19,Day,Home,Arizona Diamondbacks,ARI,San Francisco Giants,SFG,33,1,7,1,1.0,4,9,37,0.212,0.297,0.303,0.6,150,92,-0.314,0.39,0.275,,-3.8,24,5,8.0,2,55,14,23,13,11,6,0,51,3,0,-0.187,-1.7,32,6,8,6,6.75,5,10,37,0.25,0.351,0.531,0.883,154,95,0.185,0.77,0.414,,1.7,27,9,9.0,0,52,17,26,8,14,9,0,56,4,0,0.313,3.8
CHN/CHN201908200,"Tuesday, August 20, 2019",7:05 p.m. Local,Wrigley Field,36969,2:57,Night,Home,Chicago Cubs,CHC,San Francisco Giants,SFG,33,3,6,3,3.0,2,9,35,0.182,0.229,0.364,0.592,151,88,-0.317,1.0,0.48,,-1.9,24,8,8.0,3,55,14,19,10,14,3,0,39,1,0,-0.182,-0.7,31,5,9,5,5.62,7,5,39,0.29,0.41,0.613,1.023,140,94,0.183,1.11,0.799,,0.7,27,8,9.0,2,56,17,21,12,15,5,0,53,0,0,0.319,1.9
CHN/CHN201908210,"Wednesday, August 21, 2019",7:05 p.m. Local,Wrigley Field,38619,3:31,Night,Home,Chicago Cubs,CHC,San Francisco Giants,SFG,39,11,13,11,10.0,3,13,43,0.333,0.372,0.744,1.116,153,98,0.754,1.14,1.429,,6.1,24,9,8.0,3,53,21,24,10,17,6,0,25,2,1,-1.253,-7.7,37,12,14,12,13.5,5,6,43,0.378,0.465,0.649,1.114,151,98,1.254,1.21,1.766,,7.7,27,10,9.0,4,61,20,17,12,19,11,0,36,2,1,-0.753,-6.1
CHN/CHN201908220,"Thursday, August 22, 2019",1:21 p.m. Local,Wrigley Field,36366,2:29,Day,Home,Chicago Cubs,CHC,San Francisco Giants,SFG,30,0,4,0,0.0,0,10,30,0.133,0.133,0.233,0.367,108,90,-0.769,0.83,0.191,,-4.9,24,12,8.0,0,55,17,18,14,6,1,0,72,0,0,0.269,3.3,25,1,2,1,1.12,1,5,26,0.08,0.115,0.08,0.195,132,70,-0.269,1.31,0.243,,-3.3,27,12,9.0,0,43,8,19,11,9,3,0,78,1,0,0.77,4.9
OAK/OAK201908240,"Saturday, August 24, 2019",6:07 p.m. Local,Oakland-Alameda County Coliseum,53367,3:50,Night,Away,San Francisco Giants,SFG,Oakland Athletics,OAK,41,10,13,9,10.0,1,9,43,0.317,0.349,0.512,0.861,179,112,0.667,0.88,1.314,,5.3,27,8,9.0,1,66,16,30,9,23,13,0,55,5,1,-0.165,-0.3,35,5,10,5,5.0,5,7,42,0.286,0.39,0.457,0.847,167,112,0.166,1.16,0.736,,0.3,27,5,9.0,2,66,14,32,8,21,9,0,58,7,5,-0.665,-5.3
OAK/OAK201908250,"Sunday, August 25, 2019",1:07 p.m. Local,Oakland-Alameda County Coliseum,47321,3:02,Day,Away,San Francisco Giants,SFG,Oakland Athletics,OAK,33,5,8,5,4.0,4,5,39,0.242,0.333,0.394,0.727,129,89,0.175,1.33,1.065,,0.3,27,13,9.0,2,60,12,17,16,13,8,0,36,5,0,0.324,0.7,32,4,7,4,4.0,4,7,37,0.219,0.324,0.5,0.824,151,79,-0.324,1.3,0.729,,-0.7,27,12,9.0,1,43,10,26,12,13,5,0,47,3,2,-0.175,-0.3
SFN/SFN201908260,"Monday, August 26, 2019",6:45 p.m. Local,Oracle Park,29169,3:30,Night,Away,Arizona Diamondbacks,ARI,San Francisco Giants,SFG,38,6,11,4,4.0,2,5,40,0.289,0.325,0.368,0.693,174,103,0.277,1.22,0.821,,1.5,27,12,9.0,0,62,13,28,15,18,7,0,56,5,0,0.223,0.5,38,4,9,4,1.0,3,11,42,0.237,0.286,0.263,0.549,163,107,-0.222,0.92,0.6,,-0.5,27,9,9.0,1,55,23,29,13,15,7,0,53,4,2,-0.279,-1.5
SFN/SFN201908270,"Tuesday, August 27, 2019",6:45 p.m. Local,Oracle Park,28262,2:46,Night,Away,Arizona Diamondbacks,ARI,San Francisco Giants,SFG,34,3,7,3,3.0,4,6,39,0.206,0.308,0.294,0.602,113,102,-0.008,1.35,0.754,,-1.5,27,12,9.0,0,62,14,26,12,16,8,0,63,2,1,0.51,2.5,31,2,5,2,2.0,2,3,34,0.161,0.235,0.194,0.429,161,78,-0.511,1.08,0.464,,-2.5,27,9,9.0,1,49,10,19,15,13,4,0,57,2,0,0.011,1.5
SFN/SFN201908290,"Thursday, August 29, 2019",6:45 p.m. Local,Oracle Park,33135,2:28,Night,Away,San Diego Padres,SDP,San Francisco Giants,SFG,33,5,8,5,5.0,0,6,34,0.242,0.265,0.545,0.81,139,76,0.206,0.89,0.51,,0.5,27,5,9.0,1,47,8,21,13,14,4,0,71,0,0,0.295,1.5,34,3,8,2,3.0,2,10,36,0.235,0.278,0.382,0.66,111,96,-0.294,0.5,0.415,,-1.5,27,14,9.0,2,61,16,19,5,19,10,0,34,0,0,-0.205,-0.5
SFN/SFN201908300,"Friday, August 30, 2019",7:15 p.m. Local,Oracle Park,34293,2:54,Night,Home,San Francisco Giants,SFG,San Diego Padres,SDP,31,3,6,3,2.0,2,10,33,0.194,0.242,0.323,0.565,161,89,-0.315,0.47,0.278,,-1.5,24,5,8.0,2,51,16,22,9,12,7,0,59,0,0,-0.185,-4.0,37,8,13,8,7.88,2,11,41,0.351,0.39,0.622,1.012,133,102,0.184,0.74,0.51,,4.0,27,9,9.0,1,59,19,24,9,18,9,0,72,0,0,0.315,1.5
SFN/SFN201908310,"Saturday, August 31, 2019",6:05 p.m. Local,Oracle Park,36424,2:58,Night,Away,San Diego Padres,SDP,San Francisco Giants,SFG,37,4,11,4,4.0,2,10,39,0.297,0.333,0.459,0.793,146,89,0.031,1.14,0.928,,-0.5,27,7,9.0,1,47,13,29,17,10,7,0,54,0,0,0.468,3.5,34,1,9,1,1.0,1,8,36,0.265,0.306,0.382,0.688,136,91,-0.467,1.23,0.435,,-3.5,27,15,9.0,1,52,15,24,10,16,5,0,57,3,0,-0.033,0.5
SFN/SFN201909010,"Sunday, September 1, 2019",1:06 p.m. Local,Oracle Park,38701,3:02,Day,Away,San Diego Padres,SDP,San Francisco Giants,SFG,38,8,13,8,8.0,2,7,40,0.342,0.375,0.737,1.112,158,105,0.325,0.84,0.81,,3.5,27,6,9.0,2,70,10,25,11,20,10,0,53,0,0,0.175,0.5,34,4,7,4,4.0,0,12,34,0.206,0.206,0.382,0.588,164,108,-0.175,0.67,0.396,,-0.5,27,7,9.0,3,65,19,24,10,12,4,0,27,4,2,-0.326,-3.5
SLN/SLN201909020,"Monday, September 2, 2019",1:16 p.m. Local,Busch Stadium III,40732,2:43,Day,Home,St. Louis Cardinals,STL,San Francisco Giants,SFG,32,1,5,1,1.0,1,5,33,0.156,0.182,0.281,0.463,126,87,-0.43,0.47,0.191,,-3.7,24,7,8.0,0,48,11,28,10,17,7,0,41,0,0,-0.069,1.1,30,3,6,3,3.38,3,6,33,0.2,0.273,0.333,0.606,139,75,0.07,0.83,0.34,,-1.1,27,10,9.0,1,45,8,22,10,14,5,0,70,1,0,0.431,3.7
SLN/SLN201909030,"Tuesday, September 3, 2019",6:47 p.m. Local,Busch Stadium III,38259,2:11,Night,Home,St. Louis Cardinals,STL,San Francisco Giants,SFG,29,0,2,0,0.0,1,9,30,0.069,0.1,0.069,0.169,106,91,-0.747,0.85,0.138,,-4.7,24,6,8.0,1,53,20,18,4,16,5,0,69,0,0,0.246,3.1,28,1,5,1,1.12,1,8,29,0.179,0.207,0.286,0.493,123,71,-0.247,1.27,0.299,,-3.1,27,4,9.0,0,36,15,20,9,11,3,0,87,0,0,0.746,4.7
SLN/SLN201909040,"Wednesday, September 4, 2019",6:46 p.m. Local,Busch Stadium III,41945,4:05,Night,Away,San Francisco Giants,SFG,St. Louis Cardinals,STL,43,9,15,8,6.0,5,9,48,0.349,0.417,0.605,1.021,169,125,0.798,1.81,1.656,,4.3,27,9,9.0,1,70,23,32,18,16,8,0,26,6,3,-0.298,-3.3,39,8,13,8,6.0,3,5,44,0.333,0.372,0.615,0.987,196,111,0.297,1.19,1.574,,3.3,27,10,9.0,3,75,11,25,14,22,11,0,53,5,3,-0.797,-4.3
SLN/SLN201909050,"Thursday, September 5, 2019",12:15 p.m. Local,Busch Stadium III,36800,2:54,Day,Home,St. Louis Cardinals,STL,San Francisco Giants,SFG,31,0,4,0,0.0,2,5,33,0.129,0.182,0.129,0.311,159,90,-0.161,0.33,0.066,,-4.7,24,8,8.0,2,53,17,20,17,9,5,0,12,2,1,-0.34,-5.9,36,10,12,9,10.12,6,7,43,0.333,0.429,0.556,0.984,136,94,0.34,0.33,0.488,,5.9,27,13,9.0,0,58,14,22,14,16,6,0,70,0,0,0.16,4.7
LAN/LAN201909060,"Friday, September 6, 2019",7:10 p.m. Local,Dodger Stadium,53317,3:22,Night,Away,San Francisco Giants,SFG,Los Angeles Dodgers,LAD,35,5,9,5,5.0,5,12,40,0.257,0.35,0.4,0.75,132,118,0.182,1.11,0.923,,0.4,27,6,9.0,3,74,20,24,9,14,7,0,53,0,0,0.32,0.6,33,4,6,4,4.0,2,8,35,0.182,0.229,0.485,0.713,168,89,-0.319,1.18,0.491,,-0.6,27,7,9.0,1,52,12,25,8,17,4,0,39,2,2,-0.18,-0.4
LAN/LAN201909070,"Saturday, September 7, 2019",6:12 p.m. Local,Dodger Stadium,53870,3:21,Night,Away,San Francisco Giants,SFG,Los Angeles Dodgers,LAD,31,1,5,1,1.0,8,11,39,0.161,0.333,0.194,0.527,125,103,-0.35,1.93,0.406,,-3.6,27,10,9.0,0,55,29,19,5,15,6,0,61,1,0,0.848,4.6,29,0,4,0,0.0,4,7,34,0.138,0.265,0.138,0.403,168,73,-0.848,1.12,0.523,,-4.6,27,5,9.0,0,36,17,20,8,14,9,0,55,2,0,0.35,3.6
LAN/LAN201909080,"Sunday, September 8, 2019",1:11 p.m. Local,Dodger Stadium,52310,2:46,Day,Home,Los Angeles Dodgers,LAD,San Francisco Giants,SFG,31,0,4,0,0.0,1,11,32,0.129,0.156,0.129,0.285,125,91,-0.333,0.52,0.15,,-4.6,24,6,8.0,2,52,22,17,10,10,6,0,45,1,0,-0.168,-0.9,28,5,5,5,2.25,3,7,33,0.179,0.258,0.429,0.687,129,81,0.168,0.68,0.458,,0.9,27,6,9.0,0,42,11,28,11,12,4,0,54,0,0,0.332,4.6
SFN/SFN201909090,"Monday, September 9, 2019",6:45 p.m. Local,Oracle Park,26826,3:09,Night,Away,Pittsburgh Pirates,PIT,San Francisco Giants,SFG,37,6,10,6,5.0,3,5,41,0.27,0.317,0.432,0.75,137,88,0.591,1.04,1.538,,1.5,27,16,9.0,0,53,11,24,13,20,8,0,40,2,0,-0.091,0.5,33,4,9,4,4.0,3,10,38,0.273,0.351,0.333,0.685,141,87,0.093,1.71,0.753,,-0.5,27,10,9.0,1,46,17,26,16,8,5,0,60,4,3,-0.59,-1.5
SFN/SFN201909100,"Tuesday, September 10, 2019",6:45 p.m. Local,Oracle Park,26877,2:57,Night,Home,San Francisco Giants,SFG,Pittsburgh Pirates,PIT,32,4,7,4,4.0,3,7,36,0.219,0.286,0.344,0.629,128,93,-0.31,0.46,0.378,,-0.5,24,11,8.0,1,62,12,19,12,14,9,0,36,0,0,-0.19,-1.0,33,5,9,5,5.62,0,9,33,0.273,0.273,0.424,0.697,149,95,0.191,0.93,0.453,,1.0,27,10,9.0,1,59,15,21,19,5,2,0,68,4,2,0.309,0.5
SFN/SFN201909110,"Wednesday, September 11, 2019",6:45 p.m. Local,Oracle Park,26627,2:51,Night,Away,Pittsburgh Pirates,PIT,San Francisco Giants,SFG,35,6,9,5,5.0,4,11,41,0.257,0.325,0.343,0.668,128,97,0.268,1.34,0.687,,1.5,27,10,9.0,0,53,20,24,10,16,9,0,47,2,1,0.234,1.5,31,3,3,3,2.0,3,9,34,0.097,0.176,0.097,0.273,157,86,-0.232,0.67,0.593,,-1.5,27,7,9.0,0,51,14,21,13,9,4,0,37,3,0,-0.267,-1.5
SFN/SFN201909120,"Thursday, September 12, 2019",12:45 p.m. Local,Oracle Park,30918,2:57,Day,Away,Pittsburgh Pirates,PIT,San Francisco Giants,SFG,32,4,8,4,4.0,1,4,35,0.25,0.265,0.5,0.765,149,76,0.109,1.58,0.52,,-0.5,27,7,9.0,1,51,13,14,11,19,7,0,66,0,0,0.39,2.5,35,2,8,2,2.0,2,13,38,0.229,0.289,0.371,0.661,121,99,-0.391,0.69,0.76,,-2.5,27,11,9.0,1,48,24,27,11,11,4,0,42,0,0,-0.11,0.5
SFN/SFN201909130,"Friday, September 13, 2019",7:15 p.m. Local,Oracle Park,33418,2:22,Night,Home,San Francisco Giants,SFG,Miami Marlins,MIA,28,0,4,0,0.0,1,9,29,0.143,0.172,0.143,0.315,106,74,-0.731,1.03,0.288,,-4.5,24,6,8.0,0,40,14,20,10,9,5,0,61,0,0,0.231,3.0,32,1,9,1,1.12,0,8,33,0.281,0.303,0.375,0.678,120,74,-0.231,1.31,0.401,,-3.0,27,10,9.0,0,45,10,19,9,15,7,0,71,1,0,0.731,4.5
SFN/SFN201909140,"Saturday, September 14, 2019",6:05 p.m. Local,Oracle Park,38663,2:56,Night,Away,Miami Marlins,MIA,San Francisco Giants,SFG,32,4,7,4,4.0,0,4,33,0.219,0.242,0.375,0.617,126,74,0.253,1.63,0.948,,-0.5,27,11,9.0,0,44,10,20,12,16,8,0,56,4,2,0.245,2.5,33,2,8,2,2.0,2,5,37,0.242,0.306,0.364,0.669,107,82,-0.246,1.08,0.935,,-2.5,27,14,9.0,1,45,21,16,13,16,10,0,64,1,0,-0.254,0.5
SFN/SFN201909150,"Sunday, September 15, 2019",1:07 p.m. Local,Oracle Park,39663,2:51,Day,Home,San Francisco Giants,SFG,Miami Marlins,MIA,30,1,5,1,0.0,3,5,34,0.167,0.242,0.167,0.409,137,86,-0.522,1.45,0.609,,-3.5,24,4,8.0,1,53,15,18,15,11,3,0,65,2,1,0.023,2.0,30,2,7,1,2.25,3,12,33,0.233,0.303,0.333,0.636,129,90,-0.023,1.62,0.799,,-2.0,27,11,9.0,0,43,27,20,5,13,5,0,61,1,0,0.523,3.5
BOS/BOS201909170,"Tuesday, September 17, 2019",7:12 p.m. Local,Fenway Park,35925,5:54,Night,Away,San Francisco Giants,SFG,Boston Red Sox,BOS,56,7,14,7,4.2,7,19,64,0.25,0.328,0.429,0.757,294,159,-0.207,2.49,1.7,,-1.7,45,20,15.0,1,77,36,46,19,19,6,0,48,13,2,0.709,2.7,57,6,14,5,3.6,10,14,68,0.246,0.358,0.368,0.727,253,174,-0.706,1.64,2.292,,-2.7,45,18,15.0,2,95,22,57,25,19,14,0,31,2,0,0.208,1.7
BOS/BOS201909180,"Wednesday, September 18, 2019",7:11 p.m. Local,Fenway Park,35697,3:34,Night,Away,San Francisco Giants,SFG,Boston Red Sox,BOS,42,11,15,10,8.0,2,13,45,0.357,0.378,0.5,0.878,146,132,0.237,0.81,0.528,,5.8,27,13,9.0,2,80,21,31,16,14,9,0,62,1,0,0.26,2.2,31,3,6,3,3.0,4,3,35,0.194,0.286,0.387,0.673,206,98,-0.262,0.44,0.36,,-2.2,27,7,9.0,1,63,7,28,15,13,4,0,36,5,3,-0.239,-5.8
BOS/BOS201909190,"Thursday, September 19, 2019",1:06 p.m. Local,Fenway Park,35816,3:17,Day,Home,Boston Red Sox,BOS,San Francisco Giants,SFG,33,4,7,4,3.0,6,17,40,0.212,0.325,0.242,0.567,140,111,-0.268,0.6,0.776,,-1.2,24,6,8.0,0,58,27,28,10,7,4,0,34,0,0,-0.233,-0.4,36,5,10,5,5.62,3,9,39,0.278,0.333,0.361,0.694,177,92,0.233,1.6,0.554,,0.4,27,6,9.0,0,52,18,22,9,18,4,0,70,1,0,0.268,1.2
ATL/ATL201909200,"Friday, September 20, 2019",7:21 p.m. Local,SunTrust Park,37419,2:21,Night,Home,Atlanta Braves,ATL,San Francisco Giants,SFG,32,0,4,0,0.0,1,7,33,0.125,0.152,0.156,0.308,125,72,-0.345,0.47,0.155,,-5.0,24,8,8.0,2,44,10,18,13,12,3,0,37,2,0,-0.155,-1.6,29,6,7,6,6.75,5,5,35,0.241,0.343,0.483,0.826,105,75,0.156,0.7,0.425,,1.6,27,9,9.0,0,44,11,20,10,15,4,0,82,0,0,0.345,5.0
ATL/ATL201909210,"Saturday, September 21, 2019",7:21 p.m. Local,SunTrust Park,40899,2:35,Night,Home,Atlanta Braves,ATL,San Francisco Giants,SFG,33,1,7,1,1.0,0,6,33,0.212,0.212,0.212,0.424,145,90,-0.242,0.44,0.207,,-4.0,24,8,8.0,2,52,14,24,14,13,6,0,42,0,0,-0.259,-3.6,29,8,5,8,9.0,7,10,36,0.172,0.333,0.448,0.782,124,81,0.258,0.57,0.427,,3.6,27,12,9.0,0,41,15,25,9,10,1,0,60,0,0,0.241,4.0
ATL/ATL201909220,"Sunday, September 22, 2019",1:20 p.m. Local,SunTrust Park,33674,3:07,Day,Away,San Francisco Giants,SFG,Atlanta Braves,ATL,38,4,10,4,3.0,2,8,41,0.263,0.3,0.342,0.642,144,108,0.058,0.99,0.672,,-1.0,27,8,9.0,0,69,18,21,13,18,10,0,69,0,0,0.441,4.0,32,1,5,1,1.0,2,12,34,0.156,0.206,0.25,0.456,159,97,-0.444,0.87,0.257,,-4.0,27,9,9.0,0,52,21,24,9,11,4,0,52,0,0,-0.06,1.0
SFN/SFN201909240,"Tuesday, September 24, 2019",6:45 p.m. Local,Oracle Park,27870,5:31,Night,Away,Colorado Rockies,COL,San Francisco Giants,SFG,58,8,12,8,4.5,11,20,71,0.207,0.343,0.483,0.826,224,176,-0.251,1.73,1.987,,0.1,48,14,16.0,3,85,49,42,17,22,8,0,42,2,0,0.751,2.9,53,5,8,5,2.81,6,15,60,0.151,0.233,0.34,0.573,283,136,-0.752,1.81,1.202,,-2.9,48,14,16.0,5,82,27,28,14,25,8,0,56,8,0,0.251,-0.1
SFN/SFN201909250,"Wednesday, September 25, 2019",6:46 p.m. Local,Oracle Park,29175,3:13,Night,Home,San Francisco Giants,SFG,Colorado Rockies,COL,36,1,8,0,0.0,1,11,38,0.222,0.263,0.222,0.485,124,106,-0.497,1.33,0.893,,-3.5,25,12,8.1,1,59,27,20,8,17,11,0,55,1,0,-0.001,2.2,31,2,7,2,2.16,2,3,34,0.226,0.273,0.323,0.595,170,82,0.002,1.87,0.821,,-2.2,27,3,9.0,0,53,15,14,15,14,7,0,66,4,0,0.499,3.5
SFN/SFN201909260,"Thursday, September 26, 2019",12:45 p.m. Local,Oracle Park,30350,3:21,Day,Home,San Francisco Giants,SFG,Colorado Rockies,COL,35,3,8,2,3.0,1,16,38,0.229,0.25,0.343,0.593,138,110,-0.198,0.78,0.654,,-1.5,24,10,8.0,2,53,23,34,11,10,7,0,48,2,2,-0.302,-4.0,33,8,12,7,9.0,3,5,36,0.364,0.417,0.727,1.144,165,86,0.302,1.28,0.795,,4.0,27,8,9.0,0,59,11,16,9,19,9,0,67,4,1,0.197,1.5
SFN/SFN201909270,"Friday, September 27, 2019",7:20 p.m. Local,Oracle Park,36554,3:42,Night,Away,Los Angeles Dodgers,LAD,San Francisco Giants,SFG,35,9,9,9,9.0,3,10,39,0.257,0.333,0.629,0.962,209,97,0.276,0.98,0.565,,4.5,27,3,9.0,0,48,17,32,13,12,6,0,53,2,0,0.223,2.5,35,2,8,2,2.0,8,13,46,0.229,0.37,0.286,0.655,154,130,-0.225,0.42,0.551,,-2.5,27,13,9.0,3,86,26,18,9,15,8,0,27,2,0,-0.276,-4.5
SFN/SFN201909280,"Saturday, September 28, 2019",1:05 p.m. Local,Oracle Park,37518,2:40,Day,Away,Los Angeles Dodgers,LAD,San Francisco Giants,SFG,32,2,7,2,2.0,1,9,33,0.219,0.242,0.375,0.617,135,86,-0.119,1.52,0.439,,-2.5,27,7,9.0,0,45,9,32,13,10,5,0,74,0,0,0.62,4.5,34,0,7,0,0.0,0,12,35,0.206,0.229,0.206,0.434,133,93,-0.62,0.79,0.43,,-4.5,27,12,9.0,1,49,22,22,12,10,6,0,56,0,0,0.12,2.5
SFN/SFN201909290,"Sunday, September 29, 2019",12:06 p.m. Local,Oracle Park,41909,3:23,Day,Away,Los Angeles Dodgers,LAD,San Francisco Giants,SFG,37,9,12,9,9.0,9,8,48,0.324,0.479,0.432,0.912,132,117,0.32,0.3,0.486,,4.5,27,10,9.0,0,66,19,32,17,12,3,0,59,0,0,0.179,4.5,28,0,3,0,0.0,3,8,31,0.107,0.194,0.107,0.301,198,90,-0.181,0.34,0.04,,-4.5,27,10,9.0,1,48,18,24,9,11,5,0,25,7,0,-0.321,-4.5
