,date,time,venue,attendance,duration,time_of_day,winner,winning_name,winning_abbr,losing_name,losing_abbr,away_at_bats,away_runs,away_hits,away_rbi,away_earned_runs,away_bases_on_balls,away_strikeouts,away_plate_appearances,away_batting_average,away_on_base_percentage,away_slugging_percentage,away_on_base_plus,away_pitches,away_strikes,away_win_probability_for_offensive_player,away_average_leverage_index,away_win_probability_added,away_win_probability_subtracted,away_base_out_runs_added,away_putouts,away_assists,away_innings_pitched,away_home_runs,away_strikes_by_contact,away_strikes_swinging,away_strikes_looking,away_grounded_balls,away_fly_balls,away_line_drives,away_unknown_bat_type,away_game_score,away_inherited_runners,away_inherited_score,away_win_probability_by_pitcher,away_base_out_runs_saved,home_at_bats,home_runs,home_hits,home_rbi,home_earned_runs,home_bases_on_balls,home_strikeouts,home_plate_appearances,home_batting_average,home_on_base_percentage,home_slugging_percentage,home_on_base_plus,home_pitches,home_strikes,home_win_probability_for_offensive_player,home_average_leverage_index,home_win_probability_added,home_win_probability_subtracted,home_base_out_runs_added,home_putouts,home_assists,home_innings_pitched,home_home_runs,home_strikes_by_contact,home_strikes_swinging,home_strikes_looking,home_grounded_balls,home_fly_balls,home_line_drives,home_unknown_bat_type,home_game_score,home_inherited_runners,home_inherited_score,home_win_probability_by_pitcher,home_base_out_runs_saved
TOR/TOR201903280,"Thursday, March 28, 2019",4:08 p.m. Local,Rogers Centre,45048,2:25,Day,Away,Detroit Tigers,DET,Toronto Blue Jays,TOR,32,2,4,2,1.8,4,15,37,0.125,0.243,0.25,0.493,108,85,-0.309,1.17,0.66,,-3.4,30,8,10.0,0,32,28,25,7,10,3,0,79,0,0,0.81,5.4,32,0,2,0,0.0,1,7,33,0.062,0.091,0.063,0.153,137,71,-0.811,1.27,0.101,,-5.4,30,11,10.0,1,43,12,16,9,16,5,0,76,0,0,0.31,3.4
TOR/TOR201903290,"Friday, March 29, 2019",7:07 p.m. Local,Rogers Centre,18054,2:28,Night,Home,Toronto Blue Jays,TOR,Detroit Tigers,DET,29,0,2,0,0.0,2,9,31,0.069,0.129,0.172,0.301,138,77,-0.333,0.71,0.14,,-4.8,24,7,8.0,0,45,17,15,10,10,3,0,52,0,0,-0.168,-1.7,31,6,7,5,5.62,3,12,34,0.226,0.294,0.29,0.584,114,83,0.168,0.68,0.556,,1.7,27,11,9.0,0,44,18,21,11,8,2,0,78,0,0,0.332,4.8
TOR/TOR201903300,"Saturday, March 30, 2019",3:07 p.m. Local,Rogers Centre,25429,3:00,Day,Home,Toronto Blue Jays,TOR,Detroit Tigers,DET,31,0,5,0,0.0,4,13,36,0.161,0.278,0.161,0.439,135,101,-0.452,0.51,0.299,,-4.8,24,8,8.0,1,57,25,19,8,10,3,0,50,2,0,-0.047,1.3,28,3,6,3,3.38,4,6,35,0.214,0.353,0.393,0.746,164,81,0.049,0.99,0.352,,-1.3,27,7,9.0,0,52,11,18,8,15,6,0,64,4,0,0.452,4.8
TOR/TOR201903310,"Sunday, March 31, 2019",1:07 p.m. Local,Rogers Centre,16098,3:17,Day,Away,Detroit Tigers,DET,Toronto Blue Jays,TOR,43,4,10,4,3.27,4,13,48,0.233,0.313,0.302,0.615,139,113,-0.016,1.76,1.249,,-1.9,33,13,11.0,1,68,20,25,11,19,7,0,78,0,0,0.516,2.9,39,3,8,3,2.45,1,10,41,0.205,0.244,0.333,0.577,180,94,-0.515,1.66,0.921,,-2.9,33,8,11.0,0,49,19,26,12,17,10,0,71,4,2,0.015,1.9
TOR/TOR201904010,"Monday, April 1, 2019",7:08 p.m. Local,Rogers Centre,10460,2:46,Night,Away,Baltimore Orioles,BAL,Toronto Blue Jays,TOR,32,6,6,5,4.0,3,12,38,0.188,0.289,0.375,0.664,126,101,0.267,0.81,0.482,,1.2,27,7,9.0,2,51,19,31,6,15,5,0,80,1,1,0.232,-0.2,31,5,6,5,5.0,2,10,34,0.194,0.235,0.484,0.719,156,80,-0.233,0.41,0.37,,0.2,27,6,9.0,2,47,14,19,4,18,6,0,33,0,0,-0.268,-1.2
TOR/TOR201904020,"Tuesday, April 2, 2019",7:09 p.m. Local,Rogers Centre,12110,2:45,Night,Away,Baltimore Orioles,BAL,Toronto Blue Jays,TOR,34,2,10,2,2.0,2,8,36,0.294,0.333,0.441,0.775,127,98,-0.146,1.37,0.567,,-2.8,27,11,9.0,1,56,17,25,13,13,8,0,64,0,0,0.645,3.8,31,1,6,1,1.0,4,4,35,0.194,0.286,0.29,0.576,152,83,-0.644,0.85,0.427,,-3.8,27,9,9.0,0,48,12,23,14,13,3,0,47,1,0,0.145,2.8
TOR/TOR201904030,"Wednesday, April 3, 2019",4:08 p.m. Local,Rogers Centre,11436,2:42,Day,Home,Toronto Blue Jays,TOR,Baltimore Orioles,BAL,31,3,6,3,3.0,1,10,33,0.194,0.242,0.323,0.565,123,95,-0.51,0.56,0.195,,-1.8,24,6,8.0,2,48,24,23,10,11,7,0,52,1,0,0.009,-0.7,31,5,10,4,4.5,2,5,33,0.323,0.364,0.613,0.977,142,81,-0.007,0.88,0.411,,0.7,27,11,9.0,1,46,20,15,7,19,10,0,80,0,0,0.509,1.8
CLE/CLE201904040,"Thursday, April 4, 2019",6:11 p.m. Local,Progressive Field,10375,3:06,Night,Home,Cleveland Indians,CLE,Toronto Blue Jays,TOR,30,1,3,1,1.0,8,13,40,0.1,0.325,0.133,0.458,133,103,-0.486,0.76,0.499,,-4.2,24,6,8.0,0,44,24,35,8,9,5,0,57,3,0,-0.013,0.6,28,4,7,4,3.38,5,7,36,0.25,0.343,0.286,0.629,166,80,0.014,1.19,0.385,,-0.6,27,6,9.0,0,49,15,17,11,13,4,0,79,3,0,0.486,4.2
CLE/CLE201904050,"Friday, April 5, 2019",7:10 p.m. Local,Progressive Field,12881,2:42,Night,Home,Cleveland Indians,CLE,Toronto Blue Jays,TOR,30,2,3,2,2.0,3,14,33,0.1,0.182,0.233,0.415,131,90,-0.472,1.27,0.456,,-3.2,25,9,8.1,2,40,25,25,7,9,3,0,60,1,0,-0.029,1.9,28,3,4,3,3.24,3,10,31,0.143,0.226,0.393,0.619,139,75,0.028,1.3,0.863,,-1.9,27,5,9.0,1,41,17,17,7,11,5,0,67,0,0,0.471,3.2
CLE/CLE201904060,"Saturday, April 6, 2019",4:11 p.m. Local,Progressive Field,18429,3:20,Day,Home,Cleveland Indians,CLE,Toronto Blue Jays,TOR,37,2,10,2,2.0,1,14,39,0.27,0.308,0.459,0.767,162,106,-0.205,0.7,0.364,,-3.2,24,5,8.0,0,53,17,36,7,16,8,0,36,4,1,-0.295,-2.4,33,7,8,5,6.75,6,13,39,0.242,0.359,0.333,0.692,158,99,0.296,0.7,0.652,,2.4,27,7,9.0,1,54,20,25,11,9,5,0,58,1,0,0.206,3.2
CLE/CLE201904070,"Sunday, April 7, 2019",1:11 p.m. Local,Progressive Field,17264,2:36,Day,Home,Cleveland Indians,CLE,Toronto Blue Jays,TOR,29,1,3,1,1.0,2,16,31,0.103,0.161,0.172,0.334,122,90,-0.491,0.55,0.377,,-4.2,24,6,8.0,0,38,29,23,6,7,2,0,53,0,0,-0.009,1.6,30,3,6,3,3.38,1,9,31,0.2,0.226,0.3,0.526,124,80,0.01,1.09,0.328,,-1.6,27,6,9.0,0,43,15,22,11,10,3,0,74,4,1,0.491,4.2
BOS/BOS201904090,"Tuesday, April 9, 2019",2:12 p.m. Local,Fenway Park,36179,3:36,Day,Away,Toronto Blue Jays,TOR,Boston Red Sox,BOS,35,7,10,5,7.0,2,9,40,0.286,0.333,0.343,0.676,160,106,0.349,1.46,0.874,,1.8,27,12,9.0,2,57,21,28,14,14,7,0,49,2,1,0.153,0.2,35,5,8,3,3.0,3,7,38,0.229,0.289,0.457,0.747,164,96,-0.152,0.95,0.963,,-0.2,27,8,9.0,0,52,11,33,13,15,8,0,31,2,1,-0.348,-1.8
BOS/BOS201904110,"Thursday, April 11, 2019",7:10 p.m. Local,Fenway Park,36510,3:21,Night,Home,Boston Red Sox,BOS,Toronto Blue Jays,TOR,31,6,8,6,6.0,5,10,37,0.258,0.378,0.548,0.927,168,91,0.171,1.79,0.931,,0.8,25,12,8.1,1,48,22,21,13,8,0,0,48,1,0,-0.67,-3.4,33,7,8,6,4.32,8,9,42,0.242,0.405,0.424,0.829,154,100,0.67,1.02,1.766,,3.4,27,10,9.0,3,55,16,29,12,12,5,0,35,0,0,-0.171,-0.8
TOR/TOR201904120,"Friday, April 12, 2019",7:08 p.m. Local,Rogers Centre,17326,3:21,Night,Away,Tampa Bay Rays,TBR,Toronto Blue Jays,TOR,40,11,16,11,11.0,6,8,49,0.4,0.5,0.95,1.45,132,108,0.395,1.2,0.727,,6.2,27,11,9.0,1,60,19,29,16,17,7,0,59,1,0,0.105,-2.2,35,7,9,6,6.0,4,11,39,0.257,0.333,0.429,0.762,174,84,-0.104,0.44,0.663,,2.2,27,11,9.0,5,50,15,20,14,10,4,0,24,2,0,-0.395,-6.2
TOR/TOR201904130,"Saturday, April 13, 2019",3:07 p.m. Local,Rogers Centre,20771,2:44,Day,Home,Toronto Blue Jays,TOR,Tampa Bay Rays,TBR,33,1,8,1,1.0,1,8,34,0.242,0.265,0.333,0.598,134,76,-0.454,1.11,0.741,,-3.8,24,7,8.0,0,47,17,12,13,12,6,0,78,1,0,-0.047,1.3,28,3,5,3,3.38,3,14,31,0.179,0.258,0.25,0.508,117,82,0.046,1.43,0.679,,-1.3,27,12,9.0,0,34,26,22,7,7,3,0,58,2,0,0.454,3.8
TOR/TOR201904140,"Sunday, April 14, 2019",1:09 p.m. Local,Rogers Centre,20512,3:41,Day,Away,Tampa Bay Rays,TBR,Toronto Blue Jays,TOR,37,8,9,8,5.0,6,10,43,0.243,0.349,0.378,0.727,175,113,0.261,1.2,0.807,,3.2,27,9,9.0,2,68,17,28,18,9,6,0,53,4,0,0.24,0.8,35,4,8,4,4.0,4,11,40,0.229,0.325,0.457,0.782,181,109,-0.24,1.02,0.678,,-0.8,27,14,9.0,1,53,22,34,10,14,6,0,51,4,2,-0.261,-3.2
MIN/MIN201904150,"Monday, April 15, 2019",6:42 p.m. Local,Target Field,11727,3:00,Night,Away,Toronto Blue Jays,TOR,Minnesota Twins,MIN,35,5,11,5,5.0,2,9,38,0.314,0.342,0.514,0.856,134,101,0.348,0.94,1.031,,0.0,27,10,9.0,1,57,16,28,10,17,8,0,52,0,0,0.151,2.0,32,3,5,3,3.0,4,8,36,0.156,0.25,0.281,0.531,144,81,-0.15,1.12,0.495,,-2.0,27,11,9.0,1,44,20,17,12,12,5,0,57,0,0,-0.348,-0.0
MIN/MIN201904160,"Tuesday, April 16, 2019",6:40 p.m. Local,Target Field,13365,3:06,Night,Away,Toronto Blue Jays,TOR,Minnesota Twins,MIN,34,6,9,6,6.0,6,8,40,0.265,0.375,0.294,0.669,134,94,0.394,1.52,1.06,,1.0,27,17,9.0,3,49,13,32,13,13,6,0,49,1,0,0.108,-0.0,30,5,6,5,5.0,6,6,36,0.2,0.333,0.533,0.867,159,74,-0.105,1.32,0.953,,0.0,27,13,9.0,0,36,13,25,13,11,6,0,45,5,4,-0.392,-1.0
MIN/MIN201904170,"Wednesday, April 17, 2019",7:34 p.m. Local,Target Field,11465,2:57,Night,Home,Minnesota Twins,MIN,Toronto Blue Jays,TOR,33,1,8,1,1.0,1,10,34,0.242,0.265,0.242,0.507,140,88,-0.38,0.71,0.351,,-4.0,24,6,8.0,0,42,17,31,7,16,10,0,36,1,1,-0.121,0.4,31,4,9,3,4.5,4,6,35,0.29,0.371,0.387,0.759,141,86,0.121,0.99,0.509,,-0.4,27,7,9.0,0,54,9,23,7,18,10,0,58,1,0,0.379,4.0
MIN/MIN201904180,"Thursday, April 18, 2019",12:11 p.m. Local,Target Field,12523,3:00,Day,Away,Toronto Blue Jays,TOR,Minnesota Twins,MIN,35,7,9,7,7.0,1,6,36,0.257,0.278,0.543,0.821,139,99,0.37,1.02,0.817,,2.0,27,5,9.0,2,55,20,24,7,22,7,0,41,2,0,0.129,1.0,35,4,8,4,4.0,3,9,38,0.229,0.289,0.429,0.718,143,87,-0.13,0.79,0.565,,-1.0,27,7,9.0,3,57,12,18,6,20,7,0,23,1,0,-0.37,-2.0
OAK/OAK201904190,"Friday, April 19, 2019",7:07 p.m. Local,Oakland-Alameda County Coliseum,15128,2:36,Night,Away,Toronto Blue Jays,TOR,Oakland Athletics,OAK,33,5,7,5,5.0,3,10,36,0.212,0.278,0.394,0.672,123,86,0.248,0.65,0.565,,0.3,27,8,9.0,0,47,9,30,9,14,7,0,70,1,0,0.254,3.7,33,1,6,1,1.0,2,8,35,0.182,0.229,0.242,0.471,138,77,-0.254,0.64,0.233,,-3.7,27,8,9.0,1,35,16,26,14,11,4,0,38,0,0,-0.247,-0.3
OAK/OAK201904200,"Saturday, April 20, 2019",1:08 p.m. Local,Oakland-Alameda County Coliseum,31140,3:05,Day,Away,Toronto Blue Jays,TOR,Oakland Athletics,OAK,40,10,15,10,10.0,3,12,46,0.375,0.422,0.675,1.097,129,113,0.299,0.36,0.57,,5.3,27,8,9.0,0,72,16,25,6,24,13,0,54,0,0,0.2,3.7,31,1,6,1,1.0,2,7,34,0.194,0.235,0.226,0.461,165,86,-0.201,0.49,0.075,,-3.7,27,3,9.0,3,47,13,28,11,14,4,0,22,2,1,-0.299,-5.3
OAK/OAK201904210,"Sunday, April 21, 2019",1:07 p.m. Local,Oakland-Alameda County Coliseum,16015,3:19,Day,Away,Toronto Blue Jays,TOR,Oakland Athletics,OAK,37,5,13,5,4.0,2,9,41,0.351,0.375,0.486,0.861,136,116,0.117,1.84,0.736,,0.3,27,10,9.0,0,75,18,23,12,18,11,0,53,1,1,0.385,0.7,30,4,7,3,4.0,5,6,37,0.233,0.351,0.267,0.618,168,85,-0.384,0.94,0.879,,-0.7,27,9,9.0,1,52,12,21,11,14,6,0,43,3,0,-0.116,-0.3
TOR/TOR201904230,"Tuesday, April 23, 2019",7:08 p.m. Local,Rogers Centre,20384,3:06,Night,Away,San Francisco Giants,SFG,Toronto Blue Jays,TOR,37,7,10,7,7.0,0,8,37,0.27,0.27,0.622,0.892,140,104,0.188,1.25,0.587,,2.2,27,7,9.0,2,63,18,25,12,17,8,0,53,5,3,0.311,-1.2,36,6,9,6,6.0,2,9,38,0.25,0.289,0.5,0.789,149,99,-0.311,0.59,0.638,,1.2,27,10,9.0,4,60,12,27,10,17,4,0,44,0,0,-0.19,-2.2
TOR/TOR201904240,"Wednesday, April 24, 2019",4:09 p.m. Local,Rogers Centre,19652,2:41,Day,Away,San Francisco Giants,SFG,Toronto Blue Jays,TOR,33,4,7,4,4.0,5,3,38,0.212,0.316,0.424,0.74,136,87,0.075,0.77,0.505,,-0.8,27,11,9.0,0,54,18,15,16,14,8,0,71,0,0,0.426,4.8,28,0,2,0,0.0,2,9,30,0.071,0.133,0.071,0.205,141,84,-0.425,0.63,0.095,,-4.8,27,14,9.0,1,41,17,26,8,11,6,0,41,1,1,-0.075,0.8
TOR/TOR201904260,"Friday, April 26, 2019",7:09 p.m. Local,Rogers Centre,28688,2:50,Night,Home,Toronto Blue Jays,TOR,Oakland Athletics,OAK,32,2,5,2,2.0,2,10,34,0.156,0.206,0.281,0.487,136,87,-0.321,1.12,0.596,,-2.8,26,3,8.2,2,48,19,20,9,13,5,0,62,0,0,-0.18,0.7,33,4,8,4,4.15,1,6,35,0.242,0.265,0.455,0.719,132,87,0.178,1.3,0.881,,-0.7,27,6,9.0,1,53,13,21,11,17,5,0,80,1,0,0.32,2.8
TOR/TOR201904270,"Saturday, April 27, 2019",3:08 p.m. Local,Rogers Centre,22254,2:50,Day,Home,Toronto Blue Jays,TOR,Oakland Athletics,OAK,31,1,4,0,0.0,5,7,36,0.129,0.25,0.194,0.444,146,85,-0.206,0.48,0.197,,-3.8,24,7,8.0,0,51,11,23,8,16,6,0,19,2,1,-0.293,-2.7,34,7,12,6,7.88,5,9,41,0.353,0.425,0.471,0.896,139,83,0.293,0.61,0.506,,2.7,27,6,9.0,0,46,21,16,13,14,7,0,61,0,0,0.206,3.8
TOR/TOR201904280,"Sunday, April 28, 2019",1:08 p.m. Local,Rogers Centre,18557,3:56,Day,Home,Toronto Blue Jays,TOR,Oakland Athletics,OAK,38,4,6,4,3.27,9,13,49,0.158,0.327,0.211,0.537,167,116,-0.291,1.73,1.049,,-1.9,32,10,10.2,2,56,27,33,9,17,5,0,76,0,0,-0.207,0.4,45,5,11,5,4.22,2,11,47,0.244,0.277,0.422,0.699,205,110,0.207,1.54,1.616,,-0.4,33,8,11.0,0,64,22,24,15,19,5,0,61,3,1,0.293,1.9
ANA/ANA201904300,"Tuesday, April 30, 2019",7:08 p.m. Local,Angel Stadium of Anaheim,38797,2:56,Night,Home,Los Angeles Angels,LAA,Toronto Blue Jays,TOR,31,3,5,2,3.0,3,10,34,0.161,0.235,0.29,0.526,133,84,-0.369,1.13,0.666,,-1.9,24,9,8.0,2,35,25,24,9,12,4,0,44,0,0,-0.131,0.3,29,4,7,4,4.5,2,6,32,0.241,0.29,0.483,0.773,139,80,0.133,1.48,0.812,,-0.3,27,8,9.0,1,35,12,32,7,16,6,0,48,1,1,0.368,1.9
ANA/ANA201905010,"Wednesday, May 1, 2019",7:10 p.m. Local,Angel Stadium of Anaheim,33082,3:32,Night,Home,Los Angeles Angels,LAA,Toronto Blue Jays,TOR,36,3,6,3,3.0,1,12,37,0.167,0.189,0.361,0.55,180,97,-0.313,0.76,0.293,,-1.9,24,9,8.0,0,45,26,26,10,14,4,0,31,4,0,-0.186,-1.7,32,6,8,5,4.5,7,5,41,0.25,0.375,0.313,0.688,149,103,0.185,0.78,0.592,,1.7,27,8,9.0,2,56,10,36,16,12,5,0,55,1,0,0.313,1.9
ANA/ANA201905020,"Thursday, May 2, 2019",7:10 p.m. Local,Angel Stadium of Anaheim,40064,3:01,Night,Home,Los Angeles Angels,LAA,Toronto Blue Jays,TOR,32,2,6,2,2.0,3,11,35,0.188,0.257,0.281,0.538,147,89,-0.269,0.53,0.294,,-2.9,24,12,8.0,2,51,22,16,9,12,8,0,26,0,0,-0.231,-1.7,35,6,11,5,5.62,2,4,37,0.314,0.351,0.6,0.951,138,91,0.232,0.77,0.499,,1.7,27,10,9.0,0,59,10,22,14,17,7,0,58,1,0,0.269,2.9
TEX/TEX201905030,"Friday, May 3, 2019",7:08 p.m. Local,Globe Life Park in Arlington,26179,4:00,Night,Away,Toronto Blue Jays,TOR,Texas Rangers,TEX,43,1,11,0,0.0,4,14,49,0.256,0.319,0.279,0.598,184,132,-0.82,2.13,0.975,,-6.4,36,14,12.0,0,83,17,32,17,14,8,0,78,1,0,1.322,7.4,38,0,4,0,0.0,5,12,43,0.105,0.209,0.132,0.341,202,110,-1.322,1.79,0.483,,-7.4,36,14,12.0,0,71,18,21,12,14,5,0,75,0,0,0.822,6.4
TEX/TEX201905040,"Saturday, May 4, 2019",7:08 p.m. Local,Globe Life Park in Arlington,31787,2:59,Night,Home,Texas Rangers,TEX,Toronto Blue Jays,TOR,32,5,9,5,5.0,5,6,38,0.281,0.368,0.375,0.743,162,89,-0.178,0.6,0.511,,-0.5,24,10,8.0,1,54,11,24,12,15,8,0,17,2,2,-0.322,-3.1,31,8,7,8,7.88,7,7,38,0.226,0.368,0.387,0.756,138,94,0.323,0.98,0.606,,3.1,27,11,9.0,0,48,16,30,13,11,6,0,34,0,0,0.178,0.5
TEX/TEX201905050,"Sunday, May 5, 2019",2:08 p.m. Local,Globe Life Park in Arlington,30934,2:50,Day,Home,Texas Rangers,TEX,Toronto Blue Jays,TOR,30,2,6,2,2.0,3,6,33,0.2,0.273,0.367,0.639,149,83,-0.155,0.38,0.166,,-3.5,24,11,8.0,2,42,16,25,12,12,6,0,18,1,0,-0.346,-5.1,35,10,12,10,11.25,2,4,37,0.343,0.378,0.6,0.978,132,90,0.343,0.38,0.543,,5.1,27,13,9.0,1,54,9,27,17,14,8,0,57,0,0,0.154,3.5
TOR/TOR201905060,"Monday, May 6, 2019",7:09 p.m. Local,Rogers Centre,12292,2:52,Night,Away,Minnesota Twins,MIN,Toronto Blue Jays,TOR,36,8,12,8,7.0,3,5,41,0.333,0.39,0.694,1.085,125,98,0.267,0.43,0.48,,3.2,27,8,9.0,0,65,10,23,16,16,6,0,80,0,0,0.232,4.8,29,0,3,0,0.0,2,10,31,0.103,0.161,0.103,0.265,154,80,-0.231,0.42,0.083,,-4.8,27,12,9.0,3,40,15,25,8,11,6,0,26,3,1,-0.27,-3.2
TOR/TOR201905070,"Tuesday, May 7, 2019",7:08 p.m. Local,Rogers Centre,14039,2:30,Night,Away,Minnesota Twins,MIN,Toronto Blue Jays,TOR,34,3,8,3,3.0,3,7,37,0.235,0.297,0.353,0.65,119,82,-0.031,1.04,0.537,,-1.8,27,6,9.0,0,45,22,15,14,13,5,0,74,0,0,0.531,4.8,33,0,6,0,0.0,0,6,33,0.182,0.182,0.212,0.394,126,83,-0.531,0.87,0.224,,-4.8,27,11,9.0,1,49,13,21,11,16,8,0,56,0,0,0.03,1.8
TOR/TOR201905080,"Wednesday, May 8, 2019",7:07 p.m. Local,Rogers Centre,14372,3:06,Night,Away,Minnesota Twins,MIN,Toronto Blue Jays,TOR,44,9,18,9,9.0,3,12,48,0.409,0.438,0.705,1.142,128,125,0.356,0.28,0.585,,4.2,27,9,9.0,1,69,20,36,8,25,10,0,74,0,0,0.145,3.8,29,1,2,1,1.0,2,14,31,0.069,0.129,0.172,0.301,183,86,-0.146,0.37,0.055,,-3.8,27,4,9.0,4,35,26,25,7,8,2,0,21,0,0,-0.356,-4.2
TOR/TOR201905100,"Friday, May 10, 2019",7:09 p.m. Local,Rogers Centre,20402,3:08,Night,Home,Toronto Blue Jays,TOR,Chicago White Sox,CHW,32,3,6,3,3.0,2,9,35,0.188,0.235,0.344,0.579,137,89,-0.412,0.64,0.513,,-1.8,24,9,8.0,2,50,21,18,14,10,3,0,40,1,0,-0.089,0.3,28,4,4,4,4.5,7,6,35,0.143,0.314,0.393,0.707,138,79,0.09,1.41,0.518,,-0.3,27,11,9.0,1,48,8,23,8,14,5,0,46,2,0,0.412,1.8
TOR/TOR201905110,"Saturday, May 11, 2019",3:08 p.m. Local,Rogers Centre,24563,3:20,Day,Away,Chicago White Sox,CHW,Toronto Blue Jays,TOR,37,7,11,7,6.0,5,8,44,0.297,0.395,0.459,0.855,135,104,0.108,0.9,0.532,,2.2,27,12,9.0,1,57,25,23,18,12,5,0,58,1,0,0.392,2.8,32,2,8,2,2.0,3,5,35,0.25,0.314,0.469,0.783,174,88,-0.39,0.57,0.354,,-2.8,27,11,9.0,1,58,15,15,9,18,6,0,47,4,3,-0.109,-2.2
TOR/TOR201905120,"Sunday, May 12, 2019",1:09 p.m. Local,Rogers Centre,24222,2:47,Day,Away,Chicago White Sox,CHW,Toronto Blue Jays,TOR,36,5,10,5,5.0,2,16,39,0.278,0.333,0.444,0.778,124,96,0.245,0.75,0.611,,0.2,27,2,9.0,0,52,22,23,10,10,5,0,72,0,0,0.255,3.8,31,1,4,1,1.0,1,10,32,0.129,0.156,0.161,0.318,145,82,-0.255,0.54,0.265,,-3.8,27,5,9.0,2,42,16,24,2,19,7,0,43,0,0,-0.245,-0.2
SFN/SFN201905140,"Tuesday, May 14, 2019",6:45 p.m. Local,Oracle Park,31230,3:02,Night,Away,Toronto Blue Jays,TOR,San Francisco Giants,SFG,36,7,10,7,7.0,6,8,43,0.278,0.395,0.5,0.895,155,100,0.36,0.67,0.724,,2.5,27,10,9.0,1,58,18,27,10,18,3,0,57,2,0,0.142,1.5,33,3,5,3,3.0,6,11,39,0.152,0.282,0.303,0.585,170,91,-0.14,0.62,0.368,,-1.5,27,6,9.0,2,45,25,21,12,10,7,0,33,3,0,-0.359,-2.5
SFN/SFN201905150,"Wednesday, May 15, 2019",12:45 p.m. Local,Oracle Park,31828,3:01,Day,Home,San Francisco Giants,SFG,Toronto Blue Jays,TOR,32,3,5,2,2.0,3,11,35,0.156,0.229,0.219,0.447,133,102,-0.388,0.97,0.802,,-1.5,24,12,8.0,2,56,13,33,11,10,5,0,46,0,0,-0.111,-0.0,31,4,8,4,3.38,2,6,34,0.258,0.324,0.613,0.936,148,83,0.111,1.52,0.832,,0.0,27,7,9.0,0,54,13,16,12,13,7,0,55,0,0,0.388,1.5
CHA/CHA201905160,"Thursday, May 16, 2019",7:10 p.m. Local,Guaranteed Rate Field,20119,3:16,Night,Home,Chicago White Sox,CHW,Toronto Blue Jays,TOR,29,2,2,1,1.0,4,3,34,0.069,0.182,0.172,0.354,157,74,-0.391,1.51,0.462,,-2.8,24,6,8.0,0,39,11,24,14,13,3,0,57,0,0,-0.107,0.3,33,4,10,4,3.38,3,9,38,0.303,0.351,0.333,0.685,123,103,0.108,1.31,0.972,,-0.3,27,12,9.0,1,57,20,26,13,13,10,0,58,1,0,0.393,2.8
CHA/CHA201905170,"Friday, May 17, 2019",7:10 p.m. Local,Guaranteed Rate Field,17078,3:14,Night,Away,Toronto Blue Jays,TOR,Chicago White Sox,CHW,40,10,15,9,9.0,6,7,47,0.375,0.447,0.7,1.147,128,120,0.4,0.39,0.578,,5.2,27,7,9.0,0,74,15,31,15,19,10,0,47,2,0,0.102,2.8,32,2,6,2,2.0,3,7,36,0.188,0.278,0.188,0.465,186,83,-0.101,0.33,0.173,,-2.8,27,10,9.0,3,48,12,23,10,15,9,0,6,1,0,-0.398,-5.2
CHA/CHA201905180,"Saturday, May 18, 2019",1:10 p.m. Local,Guaranteed Rate Field,22908,1:31,Day,Home,Chicago White Sox,CHW,Toronto Blue Jays,TOR,17,1,3,1,1.8,2,4,19,0.176,0.263,0.235,0.498,74,47,-0.153,0.83,0.215,,-1.7,12,7,4.0,1,30,8,9,7,6,2,0,33,,,-0.228,-1.9,19,4,7,4,9.0,1,2,20,0.368,0.4,0.579,0.979,78,51,0.228,1.04,0.478,,1.9,15,6,5.0,0,37,5,9,8,9,5,0,59,,,0.153,1.7
CHA/CHA201905190,"Sunday, May 19, 2019",1:11 p.m. Local,Guaranteed Rate Field,18605,3:06,Day,Away,Toronto Blue Jays,TOR,Chicago White Sox,CHW,35,5,8,5,4.0,2,4,37,0.229,0.27,0.486,0.756,145,101,0.12,1.31,0.855,,0.2,27,11,9.0,0,63,14,24,7,24,9,0,65,1,1,0.381,2.8,32,2,7,2,2.0,2,8,35,0.219,0.286,0.313,0.598,150,91,-0.382,1.1,0.627,,-2.8,27,5,9.0,3,46,18,27,13,11,6,0,59,0,0,-0.119,-0.2
TOR/TOR201905200,"Monday, May 20, 2019",1:07 p.m. Local,Rogers Centre,26794,2:56,Day,Away,Boston Red Sox,BOS,Toronto Blue Jays,TOR,41,12,16,11,11.0,4,6,46,0.39,0.435,0.756,1.191,129,110,0.455,0.55,0.692,,7.2,27,11,9.0,1,72,18,20,13,23,11,0,61,0,0,0.046,2.8,31,2,3,2,0.0,1,10,32,0.097,0.125,0.194,0.319,174,87,-0.047,0.41,0.317,,-2.8,27,6,9.0,4,43,20,24,11,10,5,0,34,2,1,-0.454,-7.2
TOR/TOR201905210,"Tuesday, May 21, 2019",7:08 p.m. Local,Rogers Centre,14407,3:17,Night,Home,Toronto Blue Jays,TOR,Boston Red Sox,BOS,32,3,7,3,3.0,8,10,40,0.219,0.375,0.5,0.875,166,92,-0.278,0.43,0.378,,-1.8,24,5,8.0,3,47,21,24,12,10,3,0,33,0,0,-0.223,-5.7,34,10,11,10,11.25,5,10,40,0.324,0.425,0.618,1.043,161,97,0.222,0.77,0.521,,5.7,27,11,9.0,3,55,13,29,7,17,5,0,56,5,0,0.277,1.8
TOR/TOR201905220,"Wednesday, May 22, 2019",7:07 p.m. Local,Rogers Centre,18285,4:30,Night,Away,Boston Red Sox,BOS,Toronto Blue Jays,TOR,46,6,10,6,4.15,5,9,53,0.217,0.321,0.435,0.756,207,133,0.328,2.12,1.562,,-1.0,39,10,13.0,3,76,24,34,23,14,7,0,66,0,0,0.173,2.0,50,5,11,5,3.46,3,13,53,0.22,0.264,0.46,0.724,211,134,-0.173,1.28,1.864,,-2.0,39,19,13.0,3,74,26,34,14,23,10,0,59,1,0,-0.327,1.0
TOR/TOR201905230,"Thursday, May 23, 2019",12:36 p.m. Local,Rogers Centre,36526,3:01,Day,Away,Boston Red Sox,BOS,Toronto Blue Jays,TOR,41,8,15,8,8.0,2,7,44,0.366,0.409,0.537,0.946,134,102,0.153,0.93,0.769,,3.2,27,13,9.0,1,68,18,16,13,21,11,0,66,0,0,0.348,2.8,32,2,5,2,2.0,0,6,33,0.156,0.182,0.344,0.526,157,89,-0.347,0.81,0.333,,-2.8,27,8,9.0,1,52,8,29,13,13,4,0,54,1,0,-0.153,-3.2
TOR/TOR201905240,"Friday, May 24, 2019",7:08 p.m. Local,Rogers Centre,19480,2:49,Night,Away,San Diego Padres,SDP,Toronto Blue Jays,TOR,34,6,7,6,5.0,4,12,38,0.206,0.289,0.529,0.819,122,95,0.309,0.87,0.964,,1.2,27,4,9.0,2,44,21,30,10,12,1,0,66,1,0,0.191,1.8,30,3,3,3,3.0,1,13,32,0.1,0.156,0.3,0.456,162,85,-0.192,0.96,0.417,,-1.8,27,11,9.0,3,36,20,29,4,13,3,0,59,0,0,-0.309,-1.2
TOR/TOR201905250,"Saturday, May 25, 2019",3:08 p.m. Local,Rogers Centre,24212,3:04,Day,Away,San Diego Padres,SDP,Toronto Blue Jays,TOR,45,19,20,19,18.0,6,11,54,0.444,0.537,0.956,1.493,128,126,0.451,0.32,0.753,,14.2,27,9,9.0,2,61,26,39,16,18,6,0,63,0,0,0.048,0.8,30,4,4,4,3.0,2,12,32,0.133,0.188,0.333,0.521,213,84,-0.048,0.4,0.172,,-0.8,27,8,9.0,7,38,21,25,9,9,2,0,21,2,0,-0.453,-14.2
TOR/TOR201905260,"Sunday, May 26, 2019",1:08 p.m. Local,Rogers Centre,24462,3:08,Day,Home,Toronto Blue Jays,TOR,San Diego Padres,SDP,35,1,10,1,1.0,1,7,36,0.286,0.306,0.4,0.706,165,102,-0.232,0.47,0.236,,-3.8,24,8,8.0,4,61,20,21,16,12,7,0,47,0,0,-0.267,-5.7,40,10,17,10,11.25,1,10,41,0.425,0.439,0.8,1.239,161,101,0.267,0.63,0.578,,5.7,27,11,9.0,1,52,24,25,12,18,9,0,54,2,0,0.232,3.8
TBA/TBA201905270,"Monday, May 27, 2019",1:12 p.m. Local,Tropicana Field,15883,3:20,Day,Home,Tampa Bay Rays,TBR,Toronto Blue Jays,TOR,30,3,4,3,3.0,5,11,35,0.133,0.257,0.367,0.624,165,83,-0.323,0.75,0.283,,-1.8,24,10,8.0,1,40,19,24,6,13,7,0,42,2,2,-0.178,-3.7,37,8,14,7,7.88,3,8,41,0.378,0.439,0.622,1.061,143,102,0.176,0.8,0.71,,3.7,27,8,9.0,2,64,15,23,16,13,7,0,72,2,0,0.323,1.8
TBA/TBA201905280,"Tuesday, May 28, 2019",7:10 p.m. Local,Tropicana Field,5786,2:49,Night,Home,Tampa Bay Rays,TBR,Toronto Blue Jays,TOR,32,1,6,1,1.0,2,5,35,0.188,0.229,0.25,0.479,145,81,-0.506,0.76,0.344,,-3.8,24,9,8.0,2,43,11,27,11,17,7,0,47,1,0,0.006,1.3,28,3,6,3,3.38,6,8,35,0.214,0.343,0.429,0.771,127,88,-0.004,1.02,0.406,,-1.3,27,11,9.0,0,53,15,20,10,11,5,0,54,0,0,0.506,3.8
TBA/TBA201905290,"Wednesday, May 29, 2019",7:10 p.m. Local,Tropicana Field,6166,4:03,Night,Home,Tampa Bay Rays,TBR,Toronto Blue Jays,TOR,42,3,12,3,2.45,5,9,47,0.286,0.362,0.429,0.79,187,104,-0.531,2.09,1.454,,-2.9,31,7,10.1,0,50,30,24,12,21,13,0,40,2,0,0.032,0.3,44,4,14,4,3.48,8,10,52,0.318,0.423,0.364,0.787,171,111,-0.032,2.0,1.511,,-0.3,33,11,11.0,1,63,18,30,12,22,12,0,55,4,0,0.533,2.9
COL/COL201905310,"Friday, May 31, 2019",6:41 p.m. Local,Coors Field,32990,3:10,Night,Home,Colorado Rockies,COL,Toronto Blue Jays,TOR,34,6,11,6,6.0,5,9,41,0.324,0.39,0.559,0.949,162,91,-0.038,0.38,0.323,,0.4,24,11,8.0,2,55,14,22,11,16,10,0,-2,1,0,-0.463,-8.0,40,13,17,13,14.62,5,7,45,0.425,0.489,0.75,1.239,146,102,0.463,0.44,0.618,,8.0,27,14,9.0,2,60,18,24,12,21,13,0,61,3,2,0.038,-0.4
COL/COL201906010,"Saturday, June 1, 2019",7:12 p.m. Local,Coors Field,34025,2:28,Night,Home,Colorado Rockies,COL,Toronto Blue Jays,TOR,32,2,4,2,1.0,3,9,35,0.125,0.2,0.281,0.481,107,79,-0.394,0.48,0.206,,-3.6,24,12,8.0,0,38,13,28,15,8,2,0,51,0,0,-0.105,1.0,31,4,8,3,3.38,0,5,31,0.258,0.258,0.355,0.613,124,74,0.105,0.75,0.356,,-1.0,27,10,9.0,1,50,8,16,15,11,6,0,74,3,0,0.395,3.6
COL/COL201906020,"Sunday, June 2, 2019",1:13 p.m. Local,Coors Field,37861,2:43,Day,Home,Colorado Rockies,COL,Toronto Blue Jays,TOR,33,1,6,1,1.0,4,8,37,0.182,0.27,0.182,0.452,118,87,-0.397,0.72,0.399,,-4.6,24,12,8.0,2,46,18,23,14,11,6,0,41,0,0,-0.103,-0.0,32,5,9,5,5.62,4,3,36,0.281,0.361,0.531,0.892,146,77,0.102,1.02,0.521,,0.0,27,12,9.0,0,52,6,19,12,17,7,0,61,1,0,0.396,4.6
TOR/TOR201906040,"Tuesday, June 4, 2019",7:07 p.m. Local,Rogers Centre,20671,3:00,Night,Home,Toronto Blue Jays,TOR,New York Yankees,NYY,34,3,8,3,3.0,7,10,41,0.235,0.366,0.5,0.866,129,100,-0.335,0.88,0.942,,-1.8,24,10,8.0,2,53,15,32,11,13,6,0,44,0,0,-0.165,0.3,31,4,8,4,4.5,2,5,34,0.258,0.324,0.484,0.807,167,83,0.165,1.63,0.697,,-0.3,27,9,9.0,2,47,15,21,11,15,3,0,49,6,0,0.335,1.8
TOR/TOR201906050,"Wednesday, June 5, 2019",7:08 p.m. Local,Rogers Centre,16609,3:22,Night,Home,Toronto Blue Jays,TOR,New York Yankees,NYY,36,7,9,7,7.0,4,9,40,0.25,0.325,0.417,0.742,179,102,0.442,1.36,1.07,,2.2,24,8,8.0,4,48,21,33,13,14,9,0,43,4,0,-0.94,-6.7,35,11,10,10,9.0,6,7,42,0.286,0.405,0.686,1.09,161,114,0.942,1.1,1.716,,6.7,27,10,9.0,2,63,20,31,10,18,5,0,42,0,0,-0.441,-2.2
TOR/TOR201906060,"Thursday, June 6, 2019",7:09 p.m. Local,Rogers Centre,25657,3:07,Night,Away,New York Yankees,NYY,Toronto Blue Jays,TOR,36,6,8,6,2.0,4,7,40,0.222,0.3,0.472,0.772,133,97,0.278,0.62,0.52,,1.2,27,11,9.0,1,58,15,24,9,20,8,0,69,3,1,0.222,2.8,34,2,8,1,2.0,0,4,34,0.235,0.235,0.353,0.588,163,89,-0.222,0.44,0.25,,-2.8,27,6,9.0,2,57,11,21,12,18,8,0,33,1,0,-0.277,-1.2
TOR/TOR201906070,"Friday, June 7, 2019",7:08 p.m. Local,Rogers Centre,16555,2:50,Night,Away,Arizona Diamondbacks,ARI,Toronto Blue Jays,TOR,36,8,10,8,8.0,3,8,39,0.278,0.333,0.556,0.889,126,96,0.268,0.42,0.541,,3.2,27,12,9.0,1,49,17,30,10,18,7,0,68,0,0,0.234,2.8,31,2,5,1,1.0,2,4,33,0.161,0.212,0.258,0.47,152,79,-0.234,0.48,0.098,,-2.8,27,8,9.0,3,50,9,20,14,13,5,0,33,1,0,-0.267,-3.2
TOR/TOR201906080,"Saturday, June 8, 2019",3:08 p.m. Local,Rogers Centre,22954,3:09,Day,Away,Arizona Diamondbacks,ARI,Toronto Blue Jays,TOR,35,6,10,6,6.0,4,4,40,0.286,0.35,0.486,0.836,146,86,0.199,0.57,0.478,,1.2,27,6,9.0,0,51,8,27,17,15,5,0,69,2,0,0.302,4.8,31,0,5,0,0.0,3,11,34,0.161,0.235,0.226,0.461,138,89,-0.302,0.54,0.144,,-4.8,27,11,9.0,2,48,20,21,5,15,9,0,39,0,0,-0.199,-1.2
TOR/TOR201906090,"Sunday, June 9, 2019",1:07 p.m. Local,Rogers Centre,19661,3:04,Day,Away,Arizona Diamondbacks,ARI,Toronto Blue Jays,TOR,37,8,10,8,8.0,7,7,44,0.27,0.386,0.514,0.9,135,115,0.498,0.4,0.748,,3.2,27,7,9.0,1,72,14,29,11,19,4,0,65,1,0,0.002,2.8,34,2,7,2,2.0,1,13,35,0.206,0.229,0.382,0.611,194,85,-0.002,0.55,0.265,,-2.8,27,6,9.0,2,40,20,25,10,11,4,0,16,1,1,-0.498,-3.2
BAL/BAL201906110,"Tuesday, June 11, 2019",7:07 p.m. Local,Oriole Park at Camden Yards,12524,2:55,Night,Home,Baltimore Orioles,BAL,Toronto Blue Jays,TOR,31,2,5,2,2.0,4,13,35,0.161,0.257,0.29,0.547,148,102,-0.411,0.95,0.394,,-2.9,24,9,8.0,0,57,23,22,6,12,3,0,42,2,0,-0.089,0.4,33,4,11,4,4.5,4,7,37,0.333,0.405,0.515,0.921,169,84,0.089,1.04,0.723,,-0.4,27,6,9.0,1,49,17,21,9,17,7,0,59,1,0,0.411,2.9
BAL/BAL201906120,"Wednesday, June 12, 2019",7:07 p.m. Local,Oriole Park at Camden Yards,11153,4:05,Night,Away,Toronto Blue Jays,TOR,Baltimore Orioles,BAL,38,8,10,7,3.0,6,9,44,0.263,0.364,0.421,0.785,180,109,0.354,1.31,0.924,,3.1,27,16,9.0,1,63,14,32,14,15,8,0,50,6,3,0.146,-1.1,32,6,8,5,6.0,7,7,40,0.25,0.4,0.469,0.869,194,91,-0.147,0.95,0.881,,1.1,27,8,9.0,1,58,17,20,13,12,7,0,43,3,3,-0.353,-3.1
BAL/BAL201906130,"Thursday, June 13, 2019",7:37 p.m. Local,Oriole Park at Camden Yards,14910,3:23,Night,Away,Toronto Blue Jays,TOR,Baltimore Orioles,BAL,42,12,17,12,12.0,4,4,47,0.405,0.447,0.69,1.137,160,120,0.434,0.78,0.863,,7.1,27,11,9.0,1,77,17,26,12,27,9,0,57,0,0,0.064,1.9,37,3,10,3,2.0,0,10,37,0.27,0.27,0.378,0.649,201,102,-0.065,0.67,0.45,,-1.9,27,7,9.0,3,61,21,20,16,11,3,0,42,1,1,-0.435,-7.1
HOU/HOU201906140,"Friday, June 14, 2019",7:10 p.m. Local,Minute Maid Park,34719,2:53,Night,Home,Houston Astros,HOU,Toronto Blue Jays,TOR,32,2,5,2,2.0,2,13,35,0.156,0.229,0.188,0.416,158,91,-0.138,0.31,0.105,,-3.1,24,5,8.0,4,48,19,24,4,15,9,0,16,3,3,-0.363,-10.4,35,15,12,15,16.88,7,11,44,0.343,0.455,0.714,1.169,145,94,0.363,0.37,0.456,,10.4,27,3,9.0,0,48,12,34,9,16,7,0,66,0,0,0.137,3.1
HOU/HOU201906150,"Saturday, June 15, 2019",3:10 p.m. Local,Minute Maid Park,38012,2:26,Day,Home,Houston Astros,HOU,Toronto Blue Jays,TOR,31,2,6,2,2.0,2,10,34,0.194,0.235,0.194,0.429,123,73,-0.255,0.54,0.281,,-3.1,24,16,8.0,2,38,16,19,15,7,3,0,32,0,0,-0.245,-2.4,33,7,12,7,7.88,2,3,36,0.364,0.417,0.697,1.114,116,76,0.246,0.76,0.579,,2.4,27,11,9.0,0,51,7,18,16,14,11,0,62,0,0,0.255,3.1
HOU/HOU201906160,"Sunday, June 16, 2019",1:10 p.m. Local,Minute Maid Park,42174,3:02,Day,Away,Toronto Blue Jays,TOR,Houston Astros,HOU,40,12,14,12,12.0,4,6,45,0.35,0.4,0.85,1.25,141,106,0.22,0.54,0.545,,6.9,27,8,9.0,0,64,14,28,14,21,5,0,66,2,0,0.28,5.1,31,0,7,0,0.0,6,9,37,0.226,0.351,0.226,0.577,174,81,-0.282,0.44,0.168,,-5.1,27,9,9.0,5,34,15,32,7,15,7,0,43,0,0,-0.221,-6.9
TOR/TOR201906170,"Monday, June 17, 2019",7:07 p.m. Local,Rogers Centre,16486,3:06,Night,Away,Los Angeles Angels,LAA,Toronto Blue Jays,TOR,38,10,13,10,10.0,6,6,45,0.342,0.422,0.763,1.185,129,102,0.479,0.26,0.606,,5.2,27,11,9.0,3,60,10,32,11,22,9,0,48,2,0,0.021,-0.2,34,5,8,5,5.0,3,8,37,0.235,0.297,0.5,0.797,169,81,-0.022,0.31,0.17,,0.2,27,9,9.0,4,40,18,23,13,13,1,0,55,1,0,-0.478,-5.2
TOR/TOR201906180,"Tuesday, June 18, 2019",7:08 p.m. Local,Rogers Centre,17259,2:30,Night,Away,Los Angeles Angels,LAA,Toronto Blue Jays,TOR,32,3,6,3,3.0,1,5,34,0.188,0.235,0.406,0.642,109,87,-0.056,1.12,0.517,,-1.8,27,10,9.0,1,49,10,28,17,10,2,0,74,0,0,0.557,3.8,29,1,3,1,1.0,0,8,29,0.103,0.103,0.207,0.31,129,75,-0.556,0.85,0.238,,-3.8,27,15,9.0,2,45,11,19,11,10,5,0,59,2,1,0.057,1.8
TOR/TOR201906190,"Wednesday, June 19, 2019",7:08 p.m. Local,Rogers Centre,16225,3:46,Night,Away,Los Angeles Angels,LAA,Toronto Blue Jays,TOR,43,11,16,10,9.0,3,7,48,0.372,0.426,0.651,1.077,177,110,0.539,1.02,1.031,,6.2,27,7,9.0,2,59,14,36,16,20,10,0,31,3,0,-0.038,-1.2,33,6,6,6,6.0,7,9,40,0.182,0.325,0.424,0.749,184,106,0.038,0.78,0.77,,1.2,27,11,9.0,3,59,16,31,9,15,3,0,15,3,0,-0.538,-6.2
TOR/TOR201906200,"Thursday, June 20, 2019",7:06 p.m. Local,Rogers Centre,24291,3:34,Night,Home,Toronto Blue Jays,TOR,Los Angeles Angels,LAA,40,5,12,5,4.5,3,8,44,0.3,0.341,0.425,0.766,159,111,-0.27,1.25,1.196,,-0.4,27,6,9.0,4,63,17,31,17,16,10,0,34,2,0,-0.231,-2.2,36,7,12,7,7.0,6,12,43,0.333,0.419,0.75,1.169,173,90,0.231,1.77,1.232,,2.2,30,13,10.0,1,49,18,25,5,20,9,0,39,9,2,0.27,0.4
BOS/BOS201906210,"Friday, June 21, 2019",7:11 p.m. Local,Fenway Park,36911,3:58,Night,Home,Boston Red Sox,BOS,Toronto Blue Jays,TOR,40,5,11,5,3.6,5,15,46,0.275,0.37,0.35,0.72,177,118,-0.221,1.57,0.686,,-0.8,29,7,9.2,1,59,19,40,11,14,6,0,55,2,2,-0.277,-1.3,41,7,14,7,6.52,2,13,45,0.341,0.378,0.537,0.914,190,113,0.277,1.11,1.481,,1.3,30,7,10.0,1,63,20,30,9,20,10,0,45,1,0,0.222,0.8
BOS/BOS201906220,"Saturday, June 22, 2019",4:30 p.m. Local,Fenway Park,36712,3:50,Day,Away,Toronto Blue Jays,TOR,Boston Red Sox,BOS,37,8,10,6,7.0,5,12,42,0.27,0.357,0.432,0.79,172,114,0.513,0.86,1.111,,2.8,27,10,9.0,1,60,20,34,9,16,4,0,32,1,1,-0.013,-1.8,35,7,9,7,7.0,5,8,40,0.257,0.35,0.457,0.807,197,106,0.013,1.24,0.614,,1.8,27,4,9.0,2,61,15,30,14,13,5,0,61,3,2,-0.513,-2.8
BOS/BOS201906230,"Sunday, June 23, 2019",1:08 p.m. Local,Fenway Park,36495,3:04,Day,Away,Toronto Blue Jays,TOR,Boston Red Sox,BOS,36,6,10,5,6.0,5,6,41,0.278,0.366,0.472,0.838,145,89,0.124,0.77,0.515,,0.8,27,9,9.0,0,54,12,23,14,16,11,0,67,0,0,0.378,4.2,34,1,7,0,0.0,1,10,36,0.206,0.25,0.235,0.485,146,91,-0.377,0.58,0.202,,-4.2,27,11,9.0,1,44,23,24,13,11,4,0,34,0,0,-0.122,-0.8
NYA/NYA201906240,"Monday, June 24, 2019",7:10 p.m. Local,Yankee Stadium III,37204,3:42,Night,Home,New York Yankees,NYY,Toronto Blue Jays,TOR,40,8,14,8,7.0,2,14,43,0.35,0.372,0.575,0.947,167,118,-0.121,0.74,0.547,,3.1,24,9,8.0,2,60,22,36,11,16,8,0,23,4,2,-0.38,-5.7,37,10,13,10,11.25,7,7,44,0.351,0.455,0.568,1.022,175,102,0.378,0.84,0.846,,5.7,27,4,9.0,2,60,17,25,14,16,8,0,59,2,0,0.12,-3.1
NYA/NYA201906250,"Tuesday, June 25, 2019",7:09 p.m. Local,Yankee Stadium III,40119,2:47,Night,Home,New York Yankees,NYY,Toronto Blue Jays,TOR,33,3,7,3,3.0,0,12,35,0.212,0.206,0.273,0.479,115,106,-0.428,0.74,0.644,,-1.9,24,13,8.0,4,56,22,27,9,13,6,0,44,0,0,-0.07,0.3,31,4,10,4,4.5,2,4,34,0.323,0.382,0.774,1.157,160,71,0.07,1.62,0.56,,-0.3,27,7,9.0,0,46,9,16,12,15,6,0,54,1,0,0.43,1.9
NYA/NYA201906260,"Wednesday, June 26, 2019",1:10 p.m. Local,Yankee Stadium III,40578,3:43,Day,Home,New York Yankees,NYY,Toronto Blue Jays,TOR,36,7,13,7,7.0,4,9,40,0.361,0.425,0.639,1.064,193,104,0.195,1.35,1.276,,2.1,25,4,8.1,2,54,18,32,10,17,9,0,28,1,0,-0.696,-4.1,40,8,16,8,8.64,3,10,44,0.4,0.432,0.6,1.032,161,115,0.695,1.4,1.486,,4.1,27,11,9.0,3,69,20,26,10,21,10,0,22,1,0,-0.196,-2.1
TOR/TOR201906280,"Friday, June 28, 2019",7:07 p.m. Local,Rogers Centre,18399,2:47,Night,Home,Toronto Blue Jays,TOR,Kansas City Royals,KCR,35,2,9,2,2.0,2,12,37,0.257,0.297,0.457,0.754,130,87,-0.295,0.94,0.762,,-2.8,24,7,8.0,4,48,19,20,9,14,9,0,55,1,1,-0.205,-1.7,33,6,9,6,6.75,2,8,35,0.273,0.314,0.636,0.951,135,80,0.206,1.32,0.814,,1.7,27,8,9.0,1,43,13,24,9,16,3,0,52,4,0,0.296,2.8
TOR/TOR201906290,"Saturday, June 29, 2019",4:08 p.m. Local,Rogers Centre,24906,3:22,Day,Home,Toronto Blue Jays,TOR,Kansas City Royals,KCR,32,5,7,4,5.0,5,10,40,0.219,0.333,0.375,0.708,162,88,0.061,1.19,0.976,,0.2,25,11,8.1,3,49,17,22,16,8,4,0,39,0,0,-0.56,-2.5,29,7,6,7,7.56,7,11,36,0.207,0.361,0.517,0.878,154,90,0.56,1.6,1.247,,2.5,27,13,9.0,1,49,15,26,11,7,2,0,44,2,0,-0.061,-0.2
TOR/TOR201906300,"Sunday, June 30, 2019",1:08 p.m. Local,Rogers Centre,21727,3:09,Day,Away,Kansas City Royals,KCR,Toronto Blue Jays,TOR,36,7,11,6,7.0,5,8,41,0.306,0.39,0.472,0.862,142,94,0.219,1.75,1.027,,2.2,27,8,9.0,2,54,15,25,13,15,8,0,28,0,0,0.282,-1.2,34,6,8,6,6.0,3,5,38,0.235,0.297,0.471,0.768,153,91,-0.282,1.13,0.967,,1.2,27,9,9.0,1,56,15,20,13,17,3,0,20,3,0,-0.218,-2.2
TOR/TOR201907010,"Monday, July 1, 2019",1:21 p.m. Local,Rogers Centre,29339,2:32,Day,Home,Toronto Blue Jays,TOR,Kansas City Royals,KCR,34,4,9,4,4.0,1,8,35,0.265,0.286,0.324,0.609,157,79,-0.101,0.29,0.13,,-0.8,24,10,8.0,3,47,12,20,11,15,8,0,9,0,0,-0.398,-6.7,39,11,18,11,12.38,4,3,43,0.462,0.512,0.795,1.306,110,94,0.396,0.28,0.51,,6.7,27,11,9.0,0,60,9,25,15,21,11,0,49,0,0,0.102,0.8
TOR/TOR201907020,"Tuesday, July 2, 2019",7:09 p.m. Local,Rogers Centre,18415,3:18,Night,Away,Boston Red Sox,BOS,Toronto Blue Jays,TOR,41,10,15,10,10.0,2,8,43,0.366,0.395,0.659,1.054,164,108,0.399,0.48,0.599,,5.2,27,6,9.0,1,65,20,23,14,19,10,0,59,0,0,0.1,-1.2,33,6,8,6,6.0,6,10,40,0.242,0.35,0.424,0.774,158,99,-0.1,0.39,0.226,,1.2,27,8,9.0,3,55,12,32,7,17,5,0,8,2,0,-0.401,-5.2
TOR/TOR201907030,"Wednesday, July 3, 2019",7:08 p.m. Local,Rogers Centre,16883,3:01,Night,Home,Toronto Blue Jays,TOR,Boston Red Sox,BOS,34,3,8,3,3.0,1,9,35,0.235,0.257,0.412,0.669,149,91,-0.208,0.85,0.668,,-1.8,24,10,8.0,3,54,20,17,12,13,4,0,34,0,0,-0.292,-1.7,32,6,11,6,6.75,5,8,39,0.344,0.436,0.719,1.155,125,96,0.294,1.13,0.969,,1.7,27,12,9.0,1,58,19,19,12,13,6,0,53,3,0,0.207,1.8
TOR/TOR201907040,"Thursday, July 4, 2019",7:08 p.m. Local,Rogers Centre,22217,3:35,Night,Away,Boston Red Sox,BOS,Toronto Blue Jays,TOR,35,8,8,8,8.0,4,7,39,0.229,0.308,0.486,0.793,161,100,0.579,1.66,1.218,,3.2,27,8,9.0,3,61,13,26,10,18,8,0,34,1,0,-0.078,-2.2,38,7,11,7,7.0,5,7,43,0.289,0.372,0.658,1.03,168,96,0.078,1.05,1.312,,2.2,27,8,9.0,3,55,17,24,10,21,6,0,44,3,2,-0.578,-3.2
TOR/TOR201907050,"Friday, July 5, 2019",7:07 p.m. Local,Rogers Centre,20530,2:48,Night,Away,Baltimore Orioles,BAL,Toronto Blue Jays,TOR,30,4,6,4,4.0,5,9,36,0.2,0.314,0.3,0.614,129,95,-0.031,1.24,0.492,,-0.8,27,9,9.0,1,56,10,29,6,16,9,0,68,1,0,0.531,3.8,31,1,4,1,1.0,2,8,33,0.129,0.182,0.323,0.504,149,84,-0.533,0.76,0.419,,-3.8,27,7,9.0,1,48,15,21,12,11,2,0,54,0,0,0.031,0.8
TOR/TOR201907060,"Saturday, July 6, 2019",3:07 p.m. Local,Rogers Centre,22405,2:30,Day,Away,Baltimore Orioles,BAL,Toronto Blue Jays,TOR,36,8,10,8,5.0,4,4,40,0.278,0.35,0.528,0.878,115,93,0.25,0.47,0.547,,3.2,27,8,9.0,0,62,6,26,20,12,6,0,71,0,0,0.251,3.8,30,1,3,1,1.0,1,8,31,0.1,0.129,0.1,0.229,149,78,-0.25,0.51,0.086,,-3.8,27,17,9.0,2,41,11,26,10,12,6,0,41,1,0,-0.25,-3.2
TOR/TOR201907070,"Sunday, July 7, 2019",1:09 p.m. Local,Rogers Centre,22487,2:44,Day,Home,Toronto Blue Jays,TOR,Baltimore Orioles,BAL,33,1,6,1,1.0,1,5,34,0.182,0.206,0.333,0.539,134,99,-0.334,0.47,0.137,,-3.8,24,5,8.0,1,65,12,22,7,21,6,0,46,4,2,-0.165,-1.7,32,6,9,6,6.75,4,9,36,0.281,0.361,0.531,0.892,147,88,0.165,0.62,0.454,,1.7,27,5,9.0,1,52,24,12,8,15,7,0,71,0,0,0.336,3.8
NYA/NYA201907120,"Friday, July 12, 2019",7:10 p.m. Local,Yankee Stadium III,47162,2:41,Night,Home,New York Yankees,NYY,Toronto Blue Jays,TOR,32,0,6,0,0.0,0,10,32,0.188,0.188,0.188,0.375,142,78,-0.398,0.76,0.167,,-4.9,24,9,8.0,0,43,18,17,8,14,7,0,37,0,0,-0.102,0.3,33,4,10,4,4.5,2,5,36,0.303,0.361,0.515,0.876,117,87,0.102,0.8,0.533,,-0.3,27,6,9.0,0,53,11,23,13,15,8,0,73,0,0,0.398,4.9
NYA/NYA201907130,"Saturday, July 13, 2019",1:09 p.m. Local,Yankee Stadium III,43472,3:32,Day,Away,Toronto Blue Jays,TOR,New York Yankees,NYY,35,2,8,2,2.0,2,9,37,0.229,0.27,0.257,0.527,158,95,-0.149,1.54,0.502,,-2.9,27,6,9.0,0,51,19,25,12,14,4,0,53,2,0,0.649,3.9,34,1,8,1,1.0,3,8,39,0.235,0.333,0.235,0.569,148,98,-0.648,0.97,0.538,,-3.9,27,9,9.0,0,56,19,23,13,13,5,0,54,3,2,0.148,2.9
NYA/NYA201907140,"Sunday, July 14, 2019",1:09 p.m. Local,Yankee Stadium III,42303,2:50,Day,Home,New York Yankees,NYY,Toronto Blue Jays,TOR,35,2,6,2,2.0,1,10,36,0.171,0.194,0.343,0.537,136,82,-0.379,0.94,0.538,,-2.9,24,8,8.0,1,45,20,17,14,11,2,0,51,2,0,-0.121,0.3,32,4,10,3,4.5,2,10,34,0.312,0.353,0.438,0.79,121,84,0.122,1.25,0.68,,-0.3,27,9,9.0,2,38,18,28,13,9,4,0,61,1,0,0.38,2.9
BOS/BOS201907150,"Monday, July 15, 2019",7:11 p.m. Local,Fenway Park,35616,3:28,Night,Home,Boston Red Sox,BOS,Toronto Blue Jays,TOR,40,8,13,8,8.0,0,2,42,0.325,0.333,0.475,0.808,161,104,0.034,0.6,0.527,,2.8,24,7,8.0,1,68,12,24,15,24,11,0,21,5,2,-0.535,-5.4,36,10,13,10,11.25,8,8,44,0.361,0.477,0.583,1.061,160,93,0.533,0.66,0.771,,5.4,27,10,9.0,1,47,15,31,7,21,9,0,42,2,2,-0.034,-2.8
BOS/BOS201907160,"Tuesday, July 16, 2019",7:10 p.m. Local,Fenway Park,36341,3:45,Night,Away,Toronto Blue Jays,TOR,Boston Red Sox,BOS,38,10,14,9,9.0,3,5,42,0.368,0.429,0.711,1.139,166,97,0.386,1.31,1.004,,4.8,27,10,9.0,1,66,11,20,13,20,12,0,35,5,0,0.114,1.2,34,4,9,4,4.0,7,6,41,0.265,0.39,0.441,0.831,158,96,-0.114,0.79,0.888,,-1.2,27,14,9.0,2,53,14,29,12,16,6,0,29,2,2,-0.386,-4.8
BOS/BOS201907170,"Wednesday, July 17, 2019",7:43 p.m. Local,Fenway Park,34853,3:35,Night,Home,Boston Red Sox,BOS,Toronto Blue Jays,TOR,32,4,5,4,4.0,7,10,40,0.156,0.325,0.438,0.763,150,106,-0.351,0.89,1.003,,-1.2,24,7,8.0,1,56,23,27,8,14,4,0,38,0,0,-0.148,-0.4,36,5,14,5,5.62,3,6,40,0.389,0.45,0.556,1.006,173,96,0.147,1.88,0.718,,0.4,27,6,9.0,3,55,16,25,10,20,10,0,60,4,0,0.352,1.2
BOS/BOS201907180,"Thursday, July 18, 2019",1:07 p.m. Local,Fenway Park,35357,2:50,Day,Home,Boston Red Sox,BOS,Toronto Blue Jays,TOR,28,0,2,0,0.0,2,15,31,0.071,0.161,0.071,0.233,145,88,-0.395,0.64,0.177,,-5.2,24,4,8.0,2,38,26,24,9,4,4,0,38,2,0,-0.106,-0.4,31,5,7,5,5.62,5,9,36,0.226,0.333,0.452,0.785,136,99,0.105,0.85,0.5,,0.4,27,9,9.0,0,55,19,25,6,16,7,0,78,0,0,0.394,5.2
DET/DET201907190,"Friday, July 19, 2019",7:10 p.m. Local,Comerica Park,26498,3:20,Night,Away,Toronto Blue Jays,TOR,Detroit Tigers,DET,42,12,15,11,12.0,5,12,47,0.357,0.426,0.476,0.902,135,124,0.285,0.55,0.563,,6.9,27,9,9.0,0,67,17,40,17,13,10,0,70,0,0,0.215,4.1,35,1,8,1,1.0,0,7,35,0.229,0.229,0.286,0.514,198,86,-0.215,0.51,0.255,,-4.1,27,10,9.0,1,49,11,26,12,16,8,0,24,5,2,-0.286,-6.9
DET/DET201907200,"Saturday, July 20, 2019",6:10 p.m. Local,Comerica Park,28784,2:45,Night,Away,Toronto Blue Jays,TOR,Detroit Tigers,DET,37,7,12,7,7.0,2,8,39,0.324,0.359,0.568,0.927,136,103,0.323,1.1,0.913,,1.9,27,4,9.0,2,64,16,23,12,17,9,0,39,1,1,0.176,0.1,35,5,7,5,5.0,1,11,36,0.2,0.222,0.457,0.679,148,95,-0.177,0.95,0.634,,-0.1,27,13,9.0,2,49,23,23,6,18,7,0,50,0,0,-0.323,-1.9
DET/DET201907210,"Sunday, July 21, 2019",1:11 p.m. Local,Comerica Park,22562,2:58,Day,Home,Detroit Tigers,DET,Toronto Blue Jays,TOR,34,3,5,3,1.8,2,6,36,0.147,0.194,0.294,0.489,149,90,-0.311,0.99,0.848,,-2.6,27,4,9.0,2,55,16,19,9,19,6,0,45,2,0,-0.188,1.1,37,4,12,3,4.0,1,13,39,0.324,0.359,0.568,0.927,136,99,0.188,1.29,0.94,,-1.1,30,8,10.0,1,58,18,23,8,16,9,0,67,0,0,0.312,2.6
TOR/TOR201907220,"Monday, July 22, 2019",7:09 p.m. Local,Rogers Centre,22295,2:55,Night,Away,Cleveland Indians,CLE,Toronto Blue Jays,TOR,37,7,12,7,5.0,7,5,46,0.324,0.422,0.595,1.017,124,92,0.351,0.85,0.831,,2.2,27,12,9.0,2,56,10,26,14,20,8,0,60,0,0,0.15,1.8,28,3,5,3,3.0,2,7,31,0.179,0.258,0.393,0.651,169,76,-0.15,0.8,0.484,,-1.8,27,11,9.0,1,36,14,26,10,11,4,0,37,4,1,-0.351,-2.2
TOR/TOR201907230,"Tuesday, July 23, 2019",7:08 p.m. Local,Rogers Centre,22186,3:19,Night,Home,Toronto Blue Jays,TOR,Cleveland Indians,CLE,35,1,6,1,0.9,2,12,38,0.171,0.237,0.229,0.465,162,94,-0.51,2.0,0.443,,-4.4,29,11,9.2,1,49,16,30,11,12,6,0,79,2,0,0.012,2.8,35,2,8,2,1.86,4,11,39,0.229,0.308,0.343,0.651,151,99,-0.012,1.32,1.364,,-2.8,30,8,10.0,0,45,20,34,11,13,6,0,59,0,0,0.51,4.4
TOR/TOR201907240,"Wednesday, July 24, 2019",7:09 p.m. Local,Rogers Centre,25385,2:24,Night,Away,Cleveland Indians,CLE,Toronto Blue Jays,TOR,34,4,9,4,4.0,1,8,36,0.265,0.278,0.353,0.631,102,85,-0.111,1.21,0.477,,-0.8,27,5,9.0,0,50,11,24,9,18,9,0,94,,,0.612,4.8,27,0,1,0,0.0,1,10,29,0.037,0.103,0.074,0.178,137,68,-0.613,0.82,0.204,,-4.8,27,8,9.0,0,32,18,18,4,13,6,0,68,0,0,0.112,0.8
TOR/TOR201907260,"Friday, July 26, 2019",7:08 p.m. Local,Rogers Centre,22767,2:56,Night,Away,Tampa Bay Rays,TBR,Toronto Blue Jays,TOR,34,3,9,3,3.0,3,4,37,0.265,0.324,0.382,0.707,112,86,-0.021,1.25,0.578,,-1.8,27,8,9.0,0,53,10,23,18,12,3,0,54,0,0,0.522,3.8,30,1,4,1,1.0,3,7,33,0.133,0.212,0.2,0.412,144,74,-0.52,0.93,0.392,,-3.8,27,14,9.0,0,46,8,20,8,15,5,0,42,2,0,0.021,1.8
TOR/TOR201907270,"Saturday, July 27, 2019",3:09 p.m. Local,Rogers Centre,28204,4:07,Day,Home,Toronto Blue Jays,TOR,Tampa Bay Rays,TBR,47,9,13,9,6.75,5,11,53,0.277,0.34,0.468,0.808,210,132,0.038,1.02,0.8,,2.6,33,12,11.0,6,64,24,44,16,21,11,0,48,0,0,-0.539,-4.1,49,10,16,10,8.18,5,14,54,0.327,0.389,0.755,1.144,195,132,0.54,0.74,1.463,,4.1,36,12,12.0,2,64,26,42,15,20,7,0,17,0,0,-0.04,-2.6
TOR/TOR201907280,"Sunday, July 28, 2019",1:08 p.m. Local,Rogers Centre,24542,4:10,Day,Away,Tampa Bay Rays,TBR,Toronto Blue Jays,TOR,41,10,16,10,10.0,4,17,45,0.39,0.444,0.659,1.103,182,132,0.482,0.73,1.096,,5.2,27,4,9.0,2,74,27,31,10,14,6,0,19,1,1,0.017,-4.2,39,9,12,8,9.0,6,11,45,0.308,0.4,0.513,0.913,200,111,-0.016,1.1,0.622,,4.2,27,8,9.0,3,62,21,28,14,14,6,0,51,6,2,-0.484,-5.2
KCA/KCA201907290,"Monday, July 29, 2019",7:16 p.m. Local,Kauffman Stadium,18306,2:55,Night,Away,Toronto Blue Jays,TOR,Kansas City Royals,KCR,38,7,11,7,7.0,3,9,41,0.289,0.341,0.579,0.92,148,104,0.296,1.11,0.977,,2.0,27,8,9.0,0,58,14,32,10,19,9,0,57,0,0,0.203,2.0,32,3,5,2,2.0,3,8,36,0.156,0.25,0.25,0.5,151,91,-0.205,0.93,0.629,,-2.0,27,6,9.0,3,52,16,23,10,14,7,0,50,5,2,-0.296,-2.0
KCA/KCA201907300,"Tuesday, July 30, 2019",7:15 p.m. Local,Kauffman Stadium,18379,3:37,Night,Away,Toronto Blue Jays,TOR,Kansas City Royals,KCR,38,9,10,8,4.0,5,6,44,0.263,0.364,0.368,0.732,171,113,0.129,0.99,0.497,,4.0,27,12,9.0,0,64,18,31,19,13,4,0,59,0,0,0.371,3.0,38,2,11,2,2.0,5,6,43,0.289,0.372,0.395,0.767,178,110,-0.372,0.54,0.452,,-3.0,27,11,9.0,1,75,14,21,16,16,11,0,36,1,0,-0.128,-4.0
KCA/KCA201907310,"Wednesday, July 31, 2019",12:16 p.m. Local,Kauffman Stadium,14480,2:23,Day,Away,Toronto Blue Jays,TOR,Kansas City Royals,KCR,35,4,9,4,4.0,4,7,39,0.257,0.333,0.514,0.848,114,86,0.055,0.91,0.705,,-1.0,27,9,9.0,1,45,18,23,13,15,7,0,62,0,0,0.446,4.0,29,1,3,1,1.0,2,5,32,0.103,0.188,0.207,0.394,126,73,-0.446,0.87,0.233,,-4.0,27,9,9.0,2,47,8,18,9,15,8,0,53,1,1,-0.054,1.0
BAL/BAL201908010,"Thursday, August 1, 2019",7:08 p.m. Local,Oriole Park at Camden Yards,9716,3:17,Night,Away,Toronto Blue Jays,TOR,Baltimore Orioles,BAL,41,11,14,11,11.0,5,11,47,0.341,0.426,0.756,1.182,143,122,0.278,0.8,0.639,,6.1,27,10,9.0,1,79,11,32,8,22,9,0,60,0,0,0.222,2.9,33,2,8,2,2.0,0,5,35,0.242,0.286,0.333,0.619,182,95,-0.221,0.48,0.366,,-2.9,27,5,9.0,5,57,10,28,13,15,3,0,38,2,0,-0.277,-6.1
BAL/BAL201908020,"Friday, August 2, 2019",7:08 p.m. Local,Oriole Park at Camden Yards,16331,3:04,Night,Away,Toronto Blue Jays,TOR,Baltimore Orioles,BAL,34,5,8,5,5.0,4,6,38,0.235,0.316,0.471,0.786,152,96,0.106,1.09,0.483,,0.1,27,9,9.0,1,64,12,20,14,14,6,0,56,1,0,0.396,2.9,34,2,7,2,2.0,4,7,38,0.206,0.289,0.324,0.613,155,94,-0.395,0.55,0.443,,-2.9,27,14,9.0,2,59,11,24,14,13,4,0,46,3,0,-0.104,-0.1
BAL/BAL201908030,"Saturday, August 3, 2019",7:07 p.m. Local,Oriole Park at Camden Yards,12951,2:59,Night,Home,Baltimore Orioles,BAL,Toronto Blue Jays,TOR,35,4,12,4,4.0,1,11,37,0.343,0.361,0.6,0.961,137,106,-0.045,1.05,0.917,,-0.9,24,3,8.0,2,52,27,27,13,12,8,0,56,2,2,-0.455,-1.6,31,6,6,6,6.75,4,10,35,0.194,0.286,0.419,0.705,154,82,0.454,1.35,1.01,,1.6,27,12,9.0,2,45,13,24,3,18,7,0,56,3,1,0.046,0.9
BAL/BAL201908040,"Sunday, August 4, 2019",1:09 p.m. Local,Oriole Park at Camden Yards,18837,3:08,Day,Home,Baltimore Orioles,BAL,Toronto Blue Jays,TOR,39,5,13,5,5.0,4,9,43,0.333,0.395,0.59,0.985,153,99,-0.258,0.82,1.178,,0.1,24,7,8.0,0,59,18,22,12,18,7,0,42,3,0,-0.241,-1.6,29,6,6,5,3.38,9,5,38,0.207,0.395,0.276,0.671,158,87,0.242,1.7,0.649,,1.6,27,10,9.0,2,55,14,18,9,15,4,0,49,0,0,0.26,-0.1
TBA/TBA201908050,"Monday, August 5, 2019",7:10 p.m. Local,Tropicana Field,11948,2:45,Night,Away,Toronto Blue Jays,TOR,Tampa Bay Rays,TBR,35,2,9,2,2.0,0,10,36,0.257,0.257,0.4,0.657,130,90,-0.154,1.56,0.37,,-2.8,27,10,9.0,0,49,17,24,12,14,9,0,67,0,0,0.656,4.8,32,0,5,0,0.0,2,5,34,0.156,0.206,0.156,0.362,136,82,-0.655,0.75,0.523,,-4.8,27,9,9.0,1,54,10,18,18,9,2,0,64,0,0,0.155,2.8
TBA/TBA201908060,"Tuesday, August 6, 2019",7:10 p.m. Local,Tropicana Field,9434,3:50,Night,Home,Tampa Bay Rays,TBR,Toronto Blue Jays,TOR,39,6,8,4,3.6,2,17,41,0.205,0.244,0.41,0.654,205,103,-0.337,1.58,0.832,,0.6,29,9,9.2,3,53,29,21,8,14,8,0,22,0,0,-0.163,-2.1,42,7,12,6,6.52,4,10,47,0.286,0.348,0.548,0.895,153,124,0.162,1.28,1.44,,2.1,30,8,10.0,2,69,19,39,14,19,6,0,45,2,0,0.337,-0.6
TBA/TBA201908070,"Wednesday, August 7, 2019",1:10 p.m. Local,Tropicana Field,10299,3:15,Day,Away,Toronto Blue Jays,TOR,Tampa Bay Rays,TBR,34,4,7,4,4.0,2,13,36,0.206,0.25,0.529,0.779,145,112,0.065,1.21,0.552,,-0.8,27,7,9.0,1,63,21,28,4,17,3,0,60,1,0,0.436,1.8,34,3,8,3,3.0,2,12,38,0.235,0.316,0.382,0.698,158,95,-0.437,0.72,0.47,,-1.8,27,3,9.0,3,50,20,25,8,14,7,0,50,2,1,-0.064,0.8
TOR/TOR201908080,"Thursday, August 8, 2019",7:08 p.m. Local,Rogers Centre,34108,3:06,Night,Away,New York Yankees,NYY,Toronto Blue Jays,TOR,42,12,15,11,12.0,0,5,44,0.357,0.386,0.667,1.053,154,108,0.411,0.52,0.54,,7.2,27,8,9.0,3,60,15,33,11,26,11,0,39,0,0,0.09,-1.2,40,6,12,6,5.0,2,11,42,0.3,0.333,0.6,0.933,167,108,-0.091,0.34,0.328,,1.2,27,8,9.0,3,57,21,30,12,17,6,0,18,2,1,-0.411,-7.2
TOR/TOR201908090,"Friday, August 9, 2019",7:08 p.m. Local,Rogers Centre,25782,2:56,Night,Home,Toronto Blue Jays,TOR,New York Yankees,NYY,33,2,7,2,2.0,2,9,35,0.212,0.257,0.455,0.712,157,98,-0.199,0.41,0.261,,-2.8,24,10,8.0,4,56,15,27,9,15,6,0,36,0,0,-0.301,-3.7,29,8,6,8,9.0,5,7,34,0.207,0.324,0.69,1.013,150,91,0.302,0.62,0.5,,3.7,27,9,9.0,2,48,14,29,9,13,4,0,56,0,0,0.199,2.8
TOR/TOR201908100,"Saturday, August 10, 2019",3:08 p.m. Local,Rogers Centre,33903,3:27,Day,Home,Toronto Blue Jays,TOR,New York Yankees,NYY,30,4,5,4,4.0,6,9,37,0.167,0.297,0.4,0.697,176,108,-0.125,1.12,0.814,,-0.8,24,4,8.0,1,60,23,25,7,15,5,0,53,2,2,-0.376,-0.7,29,5,5,5,5.62,8,14,37,0.172,0.351,0.345,0.696,185,101,0.376,1.29,1.011,,0.7,27,8,9.0,2,41,31,29,5,10,3,0,59,2,1,0.124,0.8
TOR/TOR201908110,"Sunday, August 11, 2019",1:08 p.m. Local,Rogers Centre,27790,2:42,Day,Away,New York Yankees,NYY,Toronto Blue Jays,TOR,30,1,5,1,1.0,1,8,32,0.167,0.219,0.233,0.452,121,84,-0.357,1.58,0.37,,-3.8,27,13,9.0,0,49,15,20,9,13,5,0,80,1,0,0.856,4.8,29,0,4,0,0.0,0,5,29,0.138,0.138,0.138,0.276,136,84,-0.856,0.97,0.346,,-4.8,27,10,9.0,0,53,13,18,15,9,2,0,67,0,0,0.356,3.8
TOR/TOR201908120,"Monday, August 12, 2019",7:09 p.m. Local,Rogers Centre,16492,3:02,Night,Home,Toronto Blue Jays,TOR,Texas Rangers,TEX,35,4,8,4,4.0,1,6,37,0.229,0.27,0.514,0.785,171,84,-0.092,0.41,0.126,,-0.8,24,10,8.0,4,47,11,26,15,14,4,0,9,2,2,-0.407,-14.7,43,19,21,19,21.38,4,7,47,0.488,0.532,0.977,1.509,120,112,0.408,0.26,0.652,,14.7,27,11,9.0,3,68,15,29,11,25,18,0,53,2,0,0.093,0.8
TOR/TOR201908130,"Tuesday, August 13, 2019",7:08 p.m. Local,Rogers Centre,22958,2:48,Night,Home,Toronto Blue Jays,TOR,Texas Rangers,TEX,32,0,5,0,0.0,5,10,37,0.156,0.27,0.25,0.52,145,87,-0.509,0.78,0.403,,-4.8,24,8,8.0,3,50,15,22,9,13,5,0,58,0,0,0.008,1.3,30,3,6,3,3.38,4,8,34,0.2,0.294,0.533,0.827,144,97,-0.007,1.14,0.467,,-1.3,27,7,9.0,0,53,17,27,9,13,7,0,54,0,0,0.509,4.8
TOR/TOR201908140,"Wednesday, August 14, 2019",12:37 p.m. Local,Rogers Centre,34666,3:22,Day,Away,Texas Rangers,TEX,Toronto Blue Jays,TOR,37,7,10,7,7.0,7,9,45,0.27,0.4,0.514,0.914,155,123,0.274,1.04,0.794,,2.2,27,6,9.0,0,65,26,32,13,15,4,0,51,2,2,0.226,1.8,34,3,6,2,3.0,4,13,39,0.176,0.282,0.294,0.576,198,97,-0.227,0.75,0.53,,-1.8,27,6,9.0,2,50,22,25,10,11,4,0,40,4,3,-0.273,-2.2
TOR/TOR201908160,"Friday, August 16, 2019",7:07 p.m. Local,Rogers Centre,20844,2:37,Night,Home,Toronto Blue Jays,TOR,Seattle Mariners,SEA,30,3,7,3,3.0,3,7,33,0.233,0.303,0.333,0.636,108,106,-0.118,0.42,0.348,,-1.8,24,10,8.0,4,66,12,28,14,9,4,0,55,0,0,-0.384,-2.7,33,7,11,7,7.88,1,5,34,0.333,0.353,0.758,1.111,153,74,0.385,0.71,0.623,,2.7,27,14,9.0,0,41,17,16,11,17,6,0,54,2,0,0.117,1.8
TOR/TOR201908170,"Saturday, August 17, 2019",3:08 p.m. Local,Rogers Centre,22073,2:48,Day,Away,Seattle Mariners,SEA,Toronto Blue Jays,TOR,28,4,6,4,4.0,5,5,35,0.214,0.314,0.464,0.779,148,71,0.111,1.46,0.744,,-0.8,27,15,9.0,2,40,11,24,13,12,8,0,45,2,0,0.389,1.8,34,3,9,3,3.0,3,6,37,0.265,0.324,0.529,0.854,122,98,-0.386,1.03,0.817,,-1.8,27,15,9.0,2,58,14,26,14,14,10,0,49,0,0,-0.112,0.8
TOR/TOR201908180,"Sunday, August 18, 2019",1:09 p.m. Local,Rogers Centre,23604,2:25,Day,Away,Seattle Mariners,SEA,Toronto Blue Jays,TOR,35,7,11,7,7.0,4,7,39,0.314,0.385,0.714,1.099,96,94,0.168,0.65,0.504,,2.2,27,5,9.0,0,57,12,25,11,17,7,0,90,,,0.331,4.8,28,0,2,0,0.0,1,8,29,0.071,0.103,0.107,0.211,151,65,-0.329,0.44,0.129,,-4.8,27,10,9.0,4,39,11,15,5,15,5,0,49,1,0,-0.168,-2.2
LAN/LAN201908200,"Tuesday, August 20, 2019",7:10 p.m. Local,Dodger Stadium,52030,3:20,Night,Home,Los Angeles Dodgers,LAD,Toronto Blue Jays,TOR,30,3,7,3,3.0,4,8,34,0.233,0.324,0.567,0.89,202,82,0.004,0.41,0.404,,-1.6,24,8,8.0,5,45,10,27,11,11,3,0,53,1,0,-0.505,-11.9,37,16,15,16,18.0,10,8,47,0.405,0.532,0.946,1.478,128,109,0.505,0.49,0.796,,11.9,27,13,9.0,3,61,22,26,7,22,9,0,51,0,0,-0.004,1.6
LAN/LAN201908210,"Wednesday, August 21, 2019",7:11 p.m. Local,Dodger Stadium,44106,3:10,Night,Home,Los Angeles Dodgers,LAD,Toronto Blue Jays,TOR,36,1,6,1,0.9,1,11,37,0.167,0.189,0.306,0.495,143,97,-0.524,1.03,0.576,,-4.1,28,10,9.1,2,55,19,23,10,15,6,0,56,0,0,0.025,2.8,31,2,6,2,1.93,7,10,38,0.194,0.342,0.484,0.826,140,89,-0.026,1.36,0.851,,-2.8,30,6,10.0,1,47,11,31,7,14,5,0,75,0,0,0.525,4.1
LAN/LAN201908220,"Thursday, August 22, 2019",7:10 p.m. Local,Dodger Stadium,49796,2:46,Night,Home,Los Angeles Dodgers,LAD,Toronto Blue Jays,TOR,31,2,5,2,2.0,1,15,32,0.161,0.188,0.258,0.446,128,83,-0.144,1.37,0.262,,-2.6,25,6,8.1,0,35,21,27,8,8,4,0,79,1,0,-0.357,1.0,29,3,4,3,3.24,3,6,33,0.138,0.242,0.207,0.449,124,78,0.356,0.71,1.099,,-1.0,27,7,9.0,1,50,13,15,7,16,10,0,64,0,0,0.143,2.6
SEA/SEA201908230,"Friday, August 23, 2019",7:10 p.m. Local,T-Mobile Park,34706,3:51,Night,Home,Seattle Mariners,SEA,Toronto Blue Jays,TOR,38,4,11,4,3.0,3,8,41,0.289,0.341,0.342,0.684,185,102,0.004,1.17,0.845,,-0.6,24,3,8.0,2,59,15,28,15,15,8,0,33,9,2,-0.504,-2.9,35,7,12,5,6.75,8,8,44,0.343,0.465,0.657,1.122,151,103,0.504,1.26,1.303,,2.9,27,9,9.0,0,61,11,31,7,21,11,0,36,2,1,-0.004,0.6
SEA/SEA201908240,"Saturday, August 24, 2019",6:10 p.m. Local,T-Mobile Park,34590,3:38,Night,Away,Toronto Blue Jays,TOR,Seattle Mariners,SEA,32,7,7,7,7.0,8,8,41,0.219,0.39,0.531,0.921,165,95,0.482,1.54,1.091,,2.4,27,9,9.0,1,53,15,28,7,17,8,0,41,4,0,0.016,-0.4,36,5,8,5,4.0,6,8,42,0.222,0.333,0.417,0.75,171,98,-0.018,1.1,1.163,,0.4,27,9,9.0,2,54,16,28,12,16,6,0,56,4,1,-0.483,-2.4
SEA/SEA201908250,"Sunday, August 25, 2019",1:10 p.m. Local,T-Mobile Park,29698,2:28,Day,Home,Seattle Mariners,SEA,Toronto Blue Jays,TOR,32,1,5,1,1.0,3,8,35,0.156,0.229,0.25,0.479,92,87,-0.49,0.66,0.488,,-3.6,24,7,8.0,1,53,16,18,8,16,5,0,61,0,0,-0.011,1.1,26,3,4,3,2.25,0,6,27,0.154,0.148,0.308,0.456,135,64,0.01,1.24,0.384,,-1.1,27,5,9.0,0,37,11,16,8,13,5,0,70,0,0,0.489,3.6
TOR/TOR201908270,"Tuesday, August 27, 2019",7:07 p.m. Local,Rogers Centre,24578,2:57,Night,Home,Toronto Blue Jays,TOR,Atlanta Braves,ATL,34,1,7,1,1.0,5,10,39,0.206,0.308,0.294,0.602,131,95,-0.474,0.75,0.643,,-3.8,24,11,8.0,1,49,19,27,11,13,6,0,49,0,0,-0.024,1.3,30,3,10,3,3.38,4,4,34,0.333,0.412,0.433,0.845,154,82,0.025,1.51,0.504,,-1.3,27,6,9.0,0,49,9,24,8,18,13,0,58,3,1,0.475,3.8
TOR/TOR201908280,"Wednesday, August 28, 2019",7:07 p.m. Local,Rogers Centre,23112,3:33,Night,Away,Atlanta Braves,ATL,Toronto Blue Jays,TOR,37,9,11,9,7.0,5,8,43,0.297,0.395,0.541,0.936,164,103,0.453,0.99,0.764,,4.2,27,8,9.0,0,60,17,26,11,18,7,0,39,2,0,0.048,0.8,37,4,10,3,3.0,3,9,40,0.27,0.325,0.351,0.676,175,106,-0.047,0.64,0.644,,-0.8,27,9,9.0,2,64,16,26,8,20,16,0,31,4,3,-0.452,-4.2
TOR/TOR201908300,"Friday, August 30, 2019",7:09 p.m. Local,Rogers Centre,25289,3:22,Night,Away,Houston Astros,HOU,Toronto Blue Jays,TOR,39,7,13,7,6.0,4,8,44,0.333,0.386,0.487,0.874,194,107,0.298,0.85,0.74,,2.2,27,7,9.0,3,68,20,19,10,22,10,0,55,1,0,0.202,0.8,33,4,8,4,3.0,7,10,41,0.242,0.375,0.545,0.92,173,113,-0.204,0.69,0.47,,-0.8,27,7,9.0,1,63,15,34,7,16,5,0,47,0,0,-0.298,-2.2
TOR/TOR201908310,"Saturday, August 31, 2019",3:08 p.m. Local,Rogers Centre,26414,3:04,Day,Home,Toronto Blue Jays,TOR,Houston Astros,HOU,28,4,6,4,4.0,9,9,39,0.214,0.41,0.25,0.66,139,89,-0.223,0.62,0.854,,-0.8,24,13,8.0,2,43,10,36,11,9,2,0,29,1,1,-0.276,-1.7,33,6,10,6,6.75,4,7,37,0.303,0.378,0.515,0.894,154,86,0.278,1.53,0.613,,1.7,27,12,9.0,0,41,19,26,15,11,4,0,53,6,2,0.224,0.8
TOR/TOR201909010,"Sunday, September 1, 2019",1:08 p.m. Local,Rogers Centre,24104,2:29,Day,Away,Houston Astros,HOU,Toronto Blue Jays,TOR,32,2,5,2,2.0,1,9,34,0.156,0.206,0.313,0.518,120,88,-0.166,0.99,0.796,,-2.8,27,6,9.0,0,49,18,21,12,11,3,0,100,,,0.666,4.8,27,0,0,0,0.0,1,14,28,0.0,0.036,0.0,0.036,128,79,-0.666,1.41,0.024,,-4.8,27,12,9.0,1,38,22,19,6,7,1,0,56,0,0,0.166,2.8
ATL/ATL201909020,"Monday, September 2, 2019",1:21 p.m. Local,SunTrust Park,28987,2:52,Day,Home,Atlanta Braves,ATL,Toronto Blue Jays,TOR,31,3,5,3,3.0,2,12,34,0.161,0.206,0.387,0.593,158,86,-0.367,0.75,0.341,,-2.0,24,9,8.0,2,45,13,28,8,12,5,0,47,0,0,-0.133,-1.6,29,6,4,4,3.38,6,10,35,0.138,0.286,0.345,0.631,135,103,0.131,0.99,0.606,,1.6,27,7,9.0,2,57,22,24,10,9,2,0,49,0,0,0.368,2.0
ATL/ATL201909030,"Tuesday, September 3, 2019",7:20 p.m. Local,SunTrust Park,25427,2:46,Night,Home,Atlanta Braves,ATL,Toronto Blue Jays,TOR,30,2,6,2,2.0,3,5,33,0.2,0.273,0.4,0.673,153,81,-0.351,0.57,0.362,,-3.0,24,8,8.0,0,41,12,28,13,12,6,0,38,2,1,-0.149,-2.6,31,7,8,7,7.88,5,8,37,0.258,0.378,0.419,0.798,124,89,0.148,0.91,0.513,,2.6,27,15,9.0,1,55,13,21,10,13,9,0,62,1,0,0.351,3.0
TBA/TBA201909050,"Thursday, September 5, 2019",7:10 p.m. Local,Tropicana Field,5962,3:32,Night,Home,Tampa Bay Rays,TBR,Toronto Blue Jays,TOR,34,4,8,4,4.0,3,12,38,0.235,0.316,0.5,0.816,150,114,-0.12,1.16,0.881,,-0.8,24,12,8.0,1,65,23,26,10,12,5,0,49,3,0,-0.38,-1.7,31,6,9,5,4.5,3,6,39,0.29,0.385,0.613,0.998,163,87,0.38,1.36,1.077,,1.7,27,8,9.0,2,51,11,25,10,17,9,0,58,2,1,0.12,0.8
TBA/TBA201909060,"Friday, September 6, 2019",7:10 p.m. Local,Tropicana Field,10853,2:35,Night,Home,Tampa Bay Rays,TBR,Toronto Blue Jays,TOR,29,0,2,0,0.0,2,13,31,0.069,0.129,0.138,0.267,127,78,-0.333,0.41,0.093,,-4.8,24,14,8.0,1,38,19,21,8,8,0,0,47,0,0,-0.168,-0.7,32,5,9,4,3.38,0,6,32,0.281,0.281,0.438,0.719,122,84,0.167,0.6,0.409,,0.7,27,7,9.0,0,47,17,22,16,10,4,0,66,3,0,0.332,4.8
TBA/TBA201909070,"Saturday, September 7, 2019",6:10 p.m. Local,Tropicana Field,12663,3:06,Night,Home,Tampa Bay Rays,TBR,Toronto Blue Jays,TOR,32,3,6,3,3.0,3,15,38,0.188,0.289,0.281,0.571,151,98,-0.161,1.5,0.697,,-1.8,24,5,8.0,0,48,22,28,5,13,6,0,58,6,2,-0.339,-0.7,30,5,8,5,5.62,5,11,37,0.267,0.378,0.333,0.712,145,88,0.34,1.38,1.147,,0.7,27,4,9.0,0,55,16,17,8,12,7,0,58,0,0,0.16,1.8
TBA/TBA201909080,"Sunday, September 8, 2019",1:11 p.m. Local,Tropicana Field,14071,2:36,Day,Home,Tampa Bay Rays,TBR,Toronto Blue Jays,TOR,33,3,6,3,3.0,2,10,35,0.182,0.229,0.303,0.532,119,95,-0.163,0.72,0.296,,-1.8,24,8,8.0,2,50,20,25,6,17,6,0,25,2,2,-0.336,-3.7,32,8,10,8,9.0,2,5,36,0.312,0.361,0.688,1.049,137,80,0.336,0.65,0.731,,3.7,27,4,9.0,1,50,10,20,8,20,8,0,49,1,0,0.164,1.8
TOR/TOR201909100,"Tuesday, September 10, 2019",7:07 p.m. Local,Rogers Centre,17819,3:37,Night,Home,Toronto Blue Jays,TOR,Boston Red Sox,BOS,34,3,8,3,3.0,4,6,38,0.235,0.316,0.382,0.698,165,110,-0.374,1.07,0.715,,-1.8,24,6,8.0,3,80,15,15,17,10,6,1,43,3,1,-0.128,0.3,32,4,9,4,4.5,5,10,38,0.281,0.378,0.594,0.972,179,101,0.127,1.52,0.819,,-0.3,27,15,9.0,1,59,20,22,9,14,6,0,37,2,1,0.372,1.8
TOR/TOR201909110,"Wednesday, September 11, 2019",7:08 p.m. Local,Rogers Centre,14463,2:49,Night,Home,Toronto Blue Jays,TOR,Boston Red Sox,BOS,30,0,2,0,0.0,1,9,31,0.067,0.097,0.067,0.163,144,88,-0.294,0.54,0.05,,-4.8,24,6,8.0,2,53,16,19,11,10,2,0,58,5,2,-0.207,-3.7,32,8,11,8,9.0,3,8,36,0.344,0.389,0.594,0.983,127,93,0.207,0.47,0.476,,3.7,27,9,9.0,0,63,15,15,5,20,9,0,56,0,0,0.294,4.8
TOR/TOR201909120,"Thursday, September 12, 2019",7:07 p.m. Local,Rogers Centre,17420,3:32,Night,Away,Boston Red Sox,BOS,Toronto Blue Jays,TOR,38,7,12,7,5.0,2,8,40,0.316,0.35,0.421,0.771,167,109,0.255,0.95,0.63,,2.2,27,6,9.0,0,63,17,29,11,19,10,0,55,6,1,0.245,0.8,33,4,7,4,3.0,6,9,41,0.212,0.341,0.333,0.675,166,96,-0.244,0.6,0.478,,-0.8,27,8,9.0,0,49,19,28,9,16,4,0,35,1,0,-0.255,-2.2
TOR/TOR201909130,"Friday, September 13, 2019",7:07 p.m. Local,Rogers Centre,23915,4:08,Night,Home,Toronto Blue Jays,TOR,New York Yankees,NYY,44,5,9,5,3.75,5,8,49,0.205,0.286,0.25,0.536,167,131,-0.493,1.66,0.897,,-1.4,33,12,11.0,2,79,22,30,22,14,7,0,41,0,0,-0.005,-0.1,44,6,13,4,4.91,2,10,46,0.295,0.326,0.477,0.803,210,120,0.006,1.46,1.502,,0.1,36,17,12.0,0,72,24,24,17,17,8,0,30,4,2,0.493,1.4
TOR/TOR201909140,"Saturday, September 14, 2019",3:08 p.m. Local,Rogers Centre,26308,3:47,Day,Away,New York Yankees,NYY,Toronto Blue Jays,TOR,44,13,19,13,13.0,4,6,50,0.432,0.5,0.864,1.364,181,121,0.272,0.53,0.795,,8.2,27,2,9.0,0,67,23,31,13,25,13,0,58,0,0,0.227,1.8,35,3,9,3,3.0,3,9,40,0.257,0.325,0.343,0.668,195,110,-0.226,0.52,0.229,,-1.8,27,10,9.0,5,62,15,33,7,20,7,0,37,4,0,-0.274,-8.2
TOR/TOR201909150,"Sunday, September 15, 2019",1:09 p.m. Local,Rogers Centre,22562,2:47,Day,Home,Toronto Blue Jays,TOR,New York Yankees,NYY,33,4,6,3,3.0,4,10,38,0.182,0.289,0.333,0.623,143,89,-0.164,0.77,0.728,,-0.8,24,3,8.0,2,41,21,27,13,10,3,0,53,0,0,-0.337,-1.7,31,6,8,6,6.75,3,14,35,0.258,0.324,0.548,0.872,148,90,0.335,1.2,0.775,,1.7,27,11,9.0,1,39,25,26,5,13,8,0,48,1,1,0.164,0.8
BAL/BAL201909170,"Tuesday, September 17, 2019",7:09 p.m. Local,Oriole Park at Camden Yards,9280,3:27,Night,Away,Toronto Blue Jays,TOR,Baltimore Orioles,BAL,37,8,12,7,7.0,3,12,41,0.324,0.366,0.649,1.015,159,106,0.475,1.18,1.22,,3.1,27,7,9.0,2,63,23,21,9,17,2,0,40,3,0,0.024,-0.1,33,5,8,5,5.0,4,6,39,0.242,0.316,0.515,0.831,173,98,-0.025,1.12,0.704,,0.1,27,6,9.0,3,56,15,27,8,21,8,0,45,2,1,-0.475,-3.1
BAL/BAL201909180,"Wednesday, September 18, 2019",7:09 p.m. Local,Oriole Park at Camden Yards,9066,4:08,Night,Away,Toronto Blue Jays,TOR,Baltimore Orioles,BAL,42,11,15,11,10.0,9,13,51,0.357,0.471,0.548,1.018,192,119,0.793,1.23,1.574,,6.1,27,6,9.0,2,63,24,32,14,15,7,0,17,0,0,-0.292,-5.1,42,10,16,10,9.0,2,8,47,0.381,0.404,0.69,1.095,201,120,0.292,1.04,1.215,,5.1,27,9,9.0,2,68,22,30,16,20,10,0,56,5,1,-0.792,-6.1
BAL/BAL201909190,"Thursday, September 19, 2019",7:10 p.m. Local,Oriole Park at Camden Yards,10148,2:53,Night,Away,Toronto Blue Jays,TOR,Baltimore Orioles,BAL,35,8,10,8,8.0,3,6,39,0.286,0.359,0.543,0.902,146,87,0.357,0.82,1.048,,3.1,27,10,9.0,1,47,16,24,10,19,5,0,55,0,0,0.143,0.9,36,4,8,4,4.0,3,8,40,0.222,0.3,0.361,0.661,143,98,-0.143,1.18,0.424,,-0.9,27,8,9.0,2,55,21,22,14,14,7,0,50,4,3,-0.357,-3.1
NYA/NYA201909200,"Friday, September 20, 2019",7:10 p.m. Local,Yankee Stadium III,45270,3:08,Night,Away,Toronto Blue Jays,TOR,New York Yankees,NYY,33,4,7,4,4.0,2,12,35,0.212,0.257,0.515,0.772,150,95,0.113,1.46,0.778,,-0.9,27,4,9.0,2,51,22,22,6,15,6,0,52,0,0,0.386,1.9,32,3,6,3,3.0,2,12,34,0.188,0.235,0.438,0.673,144,91,-0.385,0.95,0.699,,-1.9,27,5,9.0,2,45,23,23,6,14,5,0,56,0,0,-0.114,0.9
NYA/NYA201909210,"Saturday, September 21, 2019",1:08 p.m. Local,Yankee Stadium III,43602,3:01,Day,Home,New York Yankees,NYY,Toronto Blue Jays,TOR,33,2,6,2,1.0,0,15,33,0.182,0.182,0.273,0.455,163,100,-0.274,0.78,0.294,,-2.9,24,7,8.0,1,48,19,33,9,9,5,0,52,0,0,-0.225,-2.7,34,7,11,7,7.88,3,11,38,0.324,0.395,0.559,0.954,134,103,0.227,0.79,0.75,,2.7,27,6,9.0,0,55,27,21,8,15,8,0,71,0,0,0.275,2.9
NYA/NYA201909220,"Sunday, September 22, 2019",1:38 p.m. Local,Yankee Stadium III,44583,2:45,Day,Home,New York Yankees,NYY,Toronto Blue Jays,TOR,36,3,9,3,3.0,2,15,40,0.25,0.325,0.444,0.769,138,108,-0.156,0.24,0.07,,-1.9,24,9,8.0,3,59,22,27,7,14,8,0,32,0,0,-0.343,-3.7,30,8,7,8,9.0,2,6,33,0.233,0.273,0.533,0.806,170,86,0.346,0.25,0.42,,3.7,27,6,9.0,2,51,15,20,13,12,2,0,70,0,0,0.156,1.9
TOR/TOR201909230,"Monday, September 23, 2019",7:08 p.m. Local,Rogers Centre,13193,5:21,Night,Home,Toronto Blue Jays,TOR,Baltimore Orioles,BAL,59,10,16,10,6.0,6,11,66,0.271,0.348,0.559,0.908,271,180,0.165,2.19,1.889,,2.0,44,13,14.2,5,106,28,46,25,23,10,0,24,1,0,-0.664,-3.1,52,11,13,11,6.14,6,7,64,0.25,0.359,0.538,0.898,259,158,0.663,1.42,2.916,,3.1,45,19,15.0,5,108,19,31,14,33,10,0,27,3,1,-0.164,-2.0
TOR/TOR201909240,"Tuesday, September 24, 2019",7:07 p.m. Local,Rogers Centre,12625,3:12,Night,Away,Baltimore Orioles,BAL,Toronto Blue Jays,TOR,42,11,15,11,11.0,4,11,47,0.357,0.426,0.643,1.068,127,121,0.339,0.36,0.582,,6.2,27,7,9.0,1,65,26,30,9,22,12,0,67,0,0,0.162,0.8,33,4,6,4,4.0,2,10,36,0.182,0.25,0.333,0.583,184,79,-0.162,0.36,0.135,,-0.8,27,7,9.0,3,33,21,25,11,12,2,0,33,4,1,-0.339,-6.2
TOR/TOR201909250,"Wednesday, September 25, 2019",7:08 p.m. Local,Rogers Centre,13853,2:54,Night,Home,Toronto Blue Jays,TOR,Baltimore Orioles,BAL,32,2,7,2,2.0,5,11,38,0.219,0.342,0.219,0.561,155,83,-0.513,0.59,0.588,,-2.8,24,10,8.0,3,44,19,20,7,14,9,0,49,0,0,0.013,1.3,28,3,5,3,3.38,4,9,32,0.179,0.281,0.5,0.781,147,95,-0.014,1.62,0.346,,-1.3,27,6,9.0,0,46,17,32,9,10,5,0,67,3,1,0.513,2.8
TOR/TOR201909270,"Friday, September 27, 2019",7:07 p.m. Local,Rogers Centre,16348,3:04,Night,Away,Tampa Bay Rays,TBR,Toronto Blue Jays,TOR,37,6,10,5,5.0,4,12,41,0.27,0.341,0.486,0.828,130,105,0.221,0.93,0.744,,1.2,27,5,9.0,1,49,26,30,8,17,11,0,65,1,1,0.278,2.8,31,2,4,2,2.0,2,11,33,0.129,0.182,0.29,0.472,166,81,-0.279,0.76,0.392,,-2.8,27,8,9.0,2,31,22,28,11,9,1,0,48,5,0,-0.222,-1.2
TOR/TOR201909280,"Saturday, September 28, 2019",3:08 p.m. Local,Rogers Centre,20293,3:17,Day,Home,Toronto Blue Jays,TOR,Tampa Bay Rays,TBR,29,1,3,1,1.0,6,12,35,0.103,0.257,0.207,0.464,148,98,-0.367,0.53,0.339,,-3.8,24,8,8.0,1,51,15,32,8,9,3,0,46,2,0,-0.135,0.3,29,4,8,4,4.5,5,9,36,0.276,0.417,0.517,0.934,160,86,0.134,0.94,0.44,,-0.3,27,6,9.0,1,46,16,24,10,10,3,0,69,0,0,0.366,3.8
TOR/TOR201909290,"Sunday, September 29, 2019",3:08 p.m. Local,Rogers Centre,25738,3:07,Day,Home,Toronto Blue Jays,TOR,Tampa Bay Rays,TBR,36,3,9,3,3.0,1,10,37,0.25,0.27,0.417,0.687,152,96,-0.208,0.63,0.336,,-1.8,24,4,8.0,2,55,16,25,11,15,8,0,45,0,0,-0.292,-3.7,35,8,11,8,9.0,3,9,39,0.314,0.385,0.6,0.985,146,96,0.293,0.67,0.624,,3.7,27,10,9.0,1,57,16,23,7,19,6,0,60,1,0,0.209,1.8
