,date,time,venue,attendance,duration,time_of_day,winner,winning_name,winning_abbr,losing_name,losing_abbr,away_at_bats,away_runs,away_hits,away_rbi,away_earned_runs,away_bases_on_balls,away_strikeouts,away_plate_appearances,away_batting_average,away_on_base_percentage,away_slugging_percentage,away_on_base_plus,away_pitches,away_strikes,away_win_probability_for_offensive_player,away_average_leverage_index,away_win_probability_added,away_win_probability_subtracted,away_base_out_runs_added,away_putouts,away_assists,away_innings_pitched,away_home_runs,away_strikes_by_contact,away_strikes_swinging,away_strikes_looking,away_grounded_balls,away_fly_balls,away_line_drives,away_unknown_bat_type,away_game_score,away_inherited_runners,away_inherited_score,away_win_probability_by_pitcher,away_base_out_runs_saved,home_at_bats,home_runs,home_hits,home_rbi,home_earned_runs,home_bases_on_balls,home_strikeouts,home_plate_appearances,home_batting_average,home_on_base_percentage,home_slugging_percentage,home_on_base_plus,home_pitches,home_strikes,home_win_probability_for_offensive_player,home_average_leverage_index,home_win_probability_added,home_win_probability_subtracted,home_base_out_runs_added,home_putouts,home_assists,home_innings_pitched,home_home_runs,home_strikes_by_contact,home_strikes_swinging,home_strikes_looking,home_grounded_balls,home_fly_balls,home_line_drives,home_unknown_bat_type,home_game_score,home_inherited_runners,home_inherited_score,home_win_probability_by_pitcher,home_base_out_runs_saved
ARI/ARI201604040,"Monday, April 4, 2016",6:42 p.m. Local,Chase Field,48165,4:11,Night,Away,Colorado Rockies,COL,Arizona Diamondbacks,ARI,42,10,15,10,10.0,4,7,47,0.357,0.426,0.738,1.164,162,125,0.434,1.1,0.827,,5.2,27,7,9.0,1,80,22,23,10,25,15,0,34,3,0,0.065,-0.2,39,5,12,5,5.0,3,13,42,0.308,0.357,0.436,0.793,200,108,-0.065,0.59,0.865,,0.2,27,8,9.0,4,66,20,22,11,15,12,0,17,5,2,-0.434,-5.2
ARI/ARI201604050,"Tuesday, April 5, 2016",6:42 p.m. Local,Chase Field,21830,3:14,Night,Home,Arizona Diamondbacks,ARI,Colorado Rockies,COL,35,6,9,6,6.0,1,2,36,0.257,0.278,0.571,0.849,168,82,0.301,1.27,0.712,,1.2,24,5,8.0,2,56,2,24,17,16,11,0,35,5,5,-0.802,-6.8,38,11,15,11,12.38,4,8,44,0.395,0.455,0.737,1.191,129,106,0.803,0.69,1.482,,6.8,27,13,9.0,3,66,11,29,11,20,14,0,33,0,0,-0.301,-1.2
ARI/ARI201604060,"Wednesday, April 6, 2016",12:40 p.m. Local,Chase Field,18572,2:39,Day,Away,Colorado Rockies,COL,Arizona Diamondbacks,ARI,32,4,8,4,4.0,0,7,32,0.25,0.25,0.531,0.781,130,72,0.024,1.67,0.478,,-0.8,27,12,9.0,1,42,13,18,17,8,2,0,56,5,0,0.475,1.8,36,3,8,3,2.0,1,6,38,0.222,0.263,0.306,0.569,112,87,-0.474,0.65,0.61,,-1.8,27,15,9.0,3,49,13,25,18,12,5,0,51,0,0,-0.025,0.8
ARI/ARI201604070,"Thursday, April 7, 2016",6:41 p.m. Local,Chase Field,24656,3:29,Night,Away,Chicago Cubs,CHC,Arizona Diamondbacks,ARI,41,14,14,11,13.0,10,5,52,0.341,0.481,0.585,1.066,124,100,0.714,0.72,1.263,,9.2,27,8,9.0,2,63,12,25,17,19,10,0,35,0,0,-0.212,-1.2,33,6,8,6,6.0,2,10,36,0.242,0.278,0.545,0.823,195,85,0.214,0.9,0.727,,1.2,27,9,9.0,1,45,19,21,8,16,9,0,21,4,3,-0.712,-9.2
ARI/ARI201604080,"Friday, April 8, 2016",6:40 p.m. Local,Chase Field,27539,2:48,Night,Home,Arizona Diamondbacks,ARI,Chicago Cubs,CHC,30,2,5,2,2.0,4,6,35,0.167,0.286,0.233,0.519,132,74,-0.313,1.61,0.493,,-2.8,26,12,8.2,0,39,13,22,9,15,7,0,63,0,0,-0.186,1.5,31,3,8,3,3.12,3,8,34,0.258,0.324,0.323,0.646,134,76,0.185,1.2,1.127,,-1.5,27,13,9.0,0,39,14,23,12,11,7,0,55,0,0,0.314,2.8
ARI/ARI201604090,"Saturday, April 9, 2016",5:10 p.m. Local,Chase Field,32185,2:46,Night,Away,Chicago Cubs,CHC,Arizona Diamondbacks,ARI,35,4,10,4,4.0,5,10,42,0.286,0.381,0.4,0.781,124,92,0.076,1.07,0.494,,-0.8,27,12,9.0,0,54,15,23,16,10,4,0,62,1,0,0.423,2.8,30,2,4,1,2.0,1,7,32,0.133,0.161,0.167,0.328,146,81,-0.424,0.64,0.308,,-2.8,27,10,9.0,0,47,6,28,14,10,5,0,47,0,0,-0.077,0.8
ARI/ARI201604100,"Sunday, April 10, 2016",1:10 p.m. Local,Chase Field,33258,3:21,Day,Away,Chicago Cubs,CHC,Arizona Diamondbacks,ARI,37,7,12,7,7.0,5,11,44,0.324,0.409,0.541,0.95,122,107,0.367,0.86,0.98,,2.2,27,13,9.0,2,56,19,32,14,13,8,0,55,0,0,0.136,1.8,35,3,8,3,3.0,0,9,35,0.229,0.229,0.457,0.686,178,86,-0.135,0.87,0.463,,-1.8,27,4,9.0,2,44,16,26,16,10,6,0,41,2,0,-0.365,-2.2
LAN/LAN201604120,"Tuesday, April 12, 2016",1:15 p.m. Local,Dodger Stadium,53279,3:00,Day,Away,Arizona Diamondbacks,ARI,Los Angeles Dodgers,LAD,35,4,9,4,4.0,3,6,40,0.257,0.35,0.571,0.921,110,92,0.076,1.47,1.009,,-0.3,27,10,9.0,0,53,14,26,10,19,9,0,56,0,0,0.425,2.3,34,2,9,2,2.0,1,4,37,0.265,0.306,0.324,0.629,156,74,-0.426,1.2,0.58,,-2.3,27,11,9.0,2,48,8,18,12,19,10,0,65,3,0,-0.075,0.3
LAN/LAN201604130,"Wednesday, April 13, 2016",7:10 p.m. Local,Dodger Stadium,44244,3:12,Night,Home,Los Angeles Dodgers,LAD,Arizona Diamondbacks,ARI,29,1,5,1,1.0,4,5,33,0.172,0.273,0.276,0.549,140,82,-0.417,0.87,0.433,,-3.3,24,12,8.0,1,44,15,25,14,10,5,0,46,2,0,-0.084,0.8,31,3,7,2,2.25,1,8,35,0.226,0.314,0.355,0.669,128,85,0.084,1.21,0.598,,-0.8,27,15,9.0,1,45,18,22,15,9,4,0,63,3,0,0.416,3.3
LAN/LAN201604140,"Thursday, April 14, 2016",7:09 p.m. Local,Dodger Stadium,40879,2:36,Night,Home,Los Angeles Dodgers,LAD,Arizona Diamondbacks,ARI,32,2,6,2,2.0,1,9,33,0.188,0.212,0.25,0.462,118,88,-0.134,1.23,0.397,,-2.3,24,10,8.0,0,50,14,24,16,7,6,0,58,3,3,-0.365,-1.2,29,5,8,5,5.62,5,6,34,0.276,0.382,0.31,0.693,141,73,0.364,0.84,0.995,,1.2,27,16,9.0,0,39,14,20,12,11,5,0,58,0,0,0.136,2.3
SDN/SDN201604150,"Friday, April 15, 2016",7:40 p.m. Local,Petco Park,28955,3:08,Night,Away,Arizona Diamondbacks,ARI,San Diego Padres,SDP,32,3,8,3,2.0,4,8,36,0.25,0.333,0.406,0.74,128,79,0.084,1.86,0.995,,-1.2,27,9,9.0,0,45,16,19,13,11,5,0,62,1,0,0.415,2.2,34,2,8,2,2.0,3,7,37,0.235,0.297,0.265,0.562,128,78,-0.416,1.43,1.036,,-2.2,27,15,9.0,1,51,16,11,13,14,6,0,59,0,0,-0.085,1.2
SDN/SDN201604160,"Saturday, April 16, 2016",5:40 p.m. Local,Petco Park,34051,5:25,Night,Home,San Diego Padres,SDP,Arizona Diamondbacks,ARI,52,3,11,2,1.29,4,17,58,0.212,0.276,0.288,0.564,238,146,-0.831,1.76,1.14,,-3.6,41,14,13.2,2,81,27,38,18,18,11,0,41,3,0,0.33,1.5,54,5,14,5,3.29,5,14,59,0.259,0.322,0.407,0.729,233,155,-0.332,1.97,1.491,,-1.5,42,15,14.0,0,88,30,37,18,22,12,0,63,2,0,0.831,3.6
SDN/SDN201604170,"Sunday, April 17, 2016",1:42 p.m. Local,Petco Park,30520,2:37,Day,Away,Arizona Diamondbacks,ARI,San Diego Padres,SDP,36,7,11,7,7.0,1,5,37,0.306,0.324,0.722,1.047,131,79,0.407,0.89,0.809,,2.8,27,13,9.0,0,46,11,22,12,19,9,0,58,2,0,0.093,1.2,31,3,6,2,1.0,3,10,35,0.194,0.257,0.29,0.547,117,87,-0.094,0.63,0.525,,-1.2,27,11,9.0,4,46,13,28,12,10,7,0,35,0,0,-0.408,-2.8
SFN/SFN201604180,"Monday, April 18, 2016",7:16 p.m. Local,AT&T Park,41432,4:35,Night,Away,Arizona Diamondbacks,ARI,San Francisco Giants,SFG,43,9,16,8,7.36,2,7,50,0.372,0.396,0.605,1.0,223,119,0.735,1.36,1.896,,3.8,33,15,11.0,1,73,19,27,22,18,9,0,27,2,2,-0.233,-1.8,44,7,13,5,5.73,7,10,51,0.295,0.392,0.455,0.847,182,128,0.234,1.63,1.432,,1.8,33,16,11.0,2,77,21,30,18,16,9,0,39,4,1,-0.732,-3.8
SFN/SFN201604190,"Tuesday, April 19, 2016",7:15 p.m. Local,AT&T Park,41218,3:08,Night,Away,Arizona Diamondbacks,ARI,San Francisco Giants,SFG,32,3,8,3,3.0,6,8,40,0.25,0.359,0.375,0.734,148,88,0.051,0.99,0.527,,-1.3,27,12,9.0,0,53,14,21,10,16,8,0,68,0,0,0.449,4.3,32,0,6,0,0.0,4,10,37,0.188,0.297,0.188,0.485,148,89,-0.45,0.8,0.345,,-4.3,27,12,9.0,0,51,15,23,15,7,5,0,40,4,0,-0.05,1.3
SFN/SFN201604200,"Wednesday, April 20, 2016",7:15 p.m. Local,AT&T Park,41497,2:54,Night,Away,Arizona Diamondbacks,ARI,San Francisco Giants,SFG,32,2,7,2,2.0,1,8,34,0.219,0.265,0.344,0.608,139,81,-0.139,1.64,0.555,,-2.3,27,11,9.0,0,46,13,22,14,10,5,0,64,1,0,0.638,3.3,34,1,7,1,1.0,1,11,35,0.206,0.229,0.353,0.582,118,98,-0.637,1.01,0.594,,-3.3,27,14,9.0,1,59,15,24,13,11,6,0,66,0,0,0.138,2.3
SFN/SFN201604210,"Thursday, April 21, 2016",12:46 p.m. Local,AT&T Park,41052,3:10,Day,Away,Arizona Diamondbacks,ARI,San Francisco Giants,SFG,35,6,10,6,6.0,3,3,39,0.286,0.359,0.486,0.845,139,89,0.097,1.35,0.646,,1.7,27,11,9.0,0,58,9,24,15,17,6,0,42,3,1,0.401,2.3,28,2,3,1,2.0,6,2,34,0.107,0.265,0.107,0.372,129,72,-0.4,0.81,0.498,,-2.3,27,17,9.0,1,47,5,20,12,14,6,0,52,4,0,-0.098,-1.7
ARI/ARI201604220,"Friday, April 22, 2016",6:40 p.m. Local,Chase Field,27829,3:12,Night,Away,Pittsburgh Pirates,PIT,Arizona Diamondbacks,ARI,36,8,13,8,7.0,2,3,39,0.361,0.395,0.722,1.117,148,96,0.337,1.66,0.82,,3.2,27,13,9.0,3,65,11,20,15,19,8,0,32,3,1,0.161,-2.2,41,7,15,6,5.0,2,4,43,0.366,0.395,0.683,1.078,150,96,-0.163,0.74,1.156,,2.2,27,16,9.0,3,61,13,22,19,18,10,0,42,2,0,-0.338,-3.2
ARI/ARI201604230,"Saturday, April 23, 2016",5:10 p.m. Local,Chase Field,32935,2:58,Night,Home,Arizona Diamondbacks,ARI,Pittsburgh Pirates,PIT,30,1,4,1,1.0,2,7,34,0.133,0.235,0.267,0.502,144,76,-0.492,0.83,0.445,,-3.8,24,11,8.0,2,35,16,25,16,7,4,0,53,0,0,-0.008,-2.8,32,7,7,6,6.75,5,7,37,0.219,0.324,0.438,0.762,123,95,0.009,1.27,0.58,,2.8,27,15,9.0,1,52,12,31,14,11,4,0,67,1,0,0.492,3.8
ARI/ARI201604240,"Sunday, April 24, 2016",1:10 p.m. Local,Chase Field,27573,5:25,Day,Away,Pittsburgh Pirates,PIT,Arizona Diamondbacks,ARI,55,12,20,11,7.62,8,17,64,0.364,0.444,0.527,0.972,261,155,1.087,1.89,2.109,,5.1,39,14,13.0,4,79,31,45,19,20,15,0,49,1,1,-0.586,-3.1,52,10,15,10,6.92,8,17,62,0.288,0.383,0.615,0.999,249,161,0.589,1.22,2.534,,3.1,39,15,13.0,0,88,31,42,17,20,12,0,26,2,2,-1.088,-5.1
ARI/ARI201604250,"Monday, April 25, 2016",6:40 p.m. Local,Chase Field,18208,3:26,Night,Home,Arizona Diamondbacks,ARI,St. Louis Cardinals,STL,35,7,11,7,7.0,1,5,38,0.314,0.333,0.657,0.99,176,84,0.26,1.04,0.662,,2.2,24,16,8.0,1,55,16,13,17,15,10,0,37,5,5,-0.76,-7.8,40,12,18,11,11.25,6,4,46,0.45,0.522,0.725,1.247,126,109,0.761,0.68,1.429,,7.8,27,15,9.0,2,67,13,30,21,15,12,0,26,1,0,-0.26,-2.2
ARI/ARI201604260,"Tuesday, April 26, 2016",6:40 p.m. Local,Chase Field,19074,2:47,Night,Away,St. Louis Cardinals,STL,Arizona Diamondbacks,ARI,35,8,11,8,8.0,6,7,43,0.314,0.405,0.543,0.948,122,96,0.218,0.54,0.593,,3.2,27,14,9.0,2,61,10,25,13,17,7,0,79,0,0,0.281,2.8,31,2,5,2,2.0,1,6,33,0.161,0.212,0.387,0.599,156,75,-0.282,0.71,0.116,,-2.8,27,11,9.0,2,37,10,28,16,9,4,0,39,1,0,-0.219,-3.2
ARI/ARI201604270,"Wednesday, April 27, 2016",6:40 p.m. Local,Chase Field,18339,3:32,Night,Away,St. Louis Cardinals,STL,Arizona Diamondbacks,ARI,41,11,14,11,11.0,7,7,48,0.341,0.438,0.512,0.95,145,102,0.564,0.64,1.22,,6.2,27,10,9.0,2,55,18,29,22,12,8,0,42,2,0,-0.064,0.8,35,4,10,4,4.0,2,10,37,0.286,0.324,0.457,0.781,177,97,0.064,0.98,0.551,,-0.8,27,16,9.0,1,49,16,32,14,11,8,0,24,3,3,-0.565,-6.2
ARI/ARI201604280,"Thursday, April 28, 2016",6:40 p.m. Local,Chase Field,18933,2:25,Night,Home,Arizona Diamondbacks,ARI,St. Louis Cardinals,STL,30,0,3,0,0.0,3,11,33,0.1,0.182,0.133,0.315,131,84,-0.443,0.41,0.237,,-4.8,24,9,8.0,2,44,18,22,11,8,4,0,62,0,0,-0.058,1.2,29,3,6,3,3.38,3,9,32,0.207,0.281,0.517,0.798,123,84,0.058,0.89,0.342,,-1.2,27,8,9.0,0,46,15,23,11,9,2,0,81,0,0,0.443,4.8
ARI/ARI201604290,"Friday, April 29, 2016",6:40 p.m. Local,Chase Field,23004,3:21,Night,Away,Colorado Rockies,COL,Arizona Diamondbacks,ARI,39,9,12,9,9.0,3,10,43,0.308,0.372,0.718,1.09,163,106,0.199,0.73,0.564,,4.2,27,5,9.0,0,62,25,19,11,18,10,0,64,1,0,0.3,4.8,29,0,5,0,0.0,4,7,33,0.172,0.273,0.241,0.514,173,95,-0.3,0.52,0.303,,-4.8,27,7,9.0,4,67,11,18,7,15,6,0,31,0,0,-0.2,-4.2
ARI/ARI201604300,"Saturday, April 30, 2016",5:10 p.m. Local,Chase Field,32987,3:16,Night,Away,Colorado Rockies,COL,Arizona Diamondbacks,ARI,37,5,13,5,5.0,4,9,41,0.351,0.415,0.486,0.901,143,95,0.199,1.16,1.08,,0.2,27,15,9.0,1,48,16,31,12,16,13,0,68,0,0,0.301,2.8,30,2,5,2,2.0,3,6,33,0.167,0.242,0.3,0.542,144,87,-0.299,1.32,0.521,,-2.8,27,14,9.0,0,43,14,30,13,11,4,0,59,2,0,-0.199,-0.2
ARI/ARI201605010,"Sunday, May 1, 2016",1:11 p.m. Local,Chase Field,25458,3:23,Day,Away,Colorado Rockies,COL,Arizona Diamondbacks,ARI,34,6,7,6,6.0,5,7,39,0.206,0.308,0.382,0.69,143,94,0.328,1.36,0.809,,1.2,27,11,9.0,1,58,11,25,12,15,7,0,46,7,0,0.172,1.8,38,3,11,3,3.0,2,8,40,0.289,0.325,0.368,0.693,153,97,-0.171,0.88,0.776,,-1.8,27,10,9.0,2,56,12,29,16,14,9,0,40,3,0,-0.327,-1.2
MIA/MIA201605030,"Tuesday, May 3, 2016",7:12 p.m. Local,Marlins Park,16323,3:11,Night,Home,Miami Marlins,MIA,Arizona Diamondbacks,ARI,33,4,9,4,4.0,3,6,38,0.273,0.324,0.364,0.688,156,86,-0.019,1.19,0.717,,-0.1,24,12,8.0,2,49,12,25,14,15,6,0,49,2,2,-0.482,-3.3,30,7,8,7,7.88,5,7,38,0.267,0.378,0.5,0.878,132,94,0.483,1.27,1.048,,3.3,27,11,9.0,1,52,17,25,14,11,4,0,39,0,0,0.019,0.1
MIA/MIA201605040,"Wednesday, May 4, 2016",7:10 p.m. Local,Marlins Park,17043,2:48,Night,Home,Miami Marlins,MIA,Arizona Diamondbacks,ARI,34,3,9,3,3.0,3,11,38,0.265,0.342,0.412,0.754,129,104,-0.435,0.84,0.701,,-1.1,24,8,8.0,1,49,19,36,11,12,8,0,39,2,0,-0.064,-0.3,32,4,8,4,4.5,2,5,34,0.25,0.294,0.406,0.7,162,79,0.064,1.46,0.536,,0.3,27,10,9.0,1,46,8,25,10,17,9,0,48,0,0,0.437,1.1
MIA/MIA201605050,"Thursday, May 5, 2016",7:12 p.m. Local,Marlins Park,16704,2:47,Night,Home,Miami Marlins,MIA,Arizona Diamondbacks,ARI,31,0,5,0,0.0,1,9,33,0.161,0.212,0.161,0.373,144,87,-0.477,0.57,0.164,,-4.1,24,8,8.0,1,50,17,20,8,14,6,0,52,4,0,-0.022,-0.3,33,4,9,4,4.5,2,7,35,0.273,0.314,0.424,0.739,129,95,0.02,0.86,0.363,,0.3,27,7,9.0,0,55,14,26,13,13,7,0,69,1,0,0.478,4.1
ATL/ATL201605060,"Friday, May 6, 2016",7:35 p.m. Local,Turner Field,23514,3:18,Night,Away,Arizona Diamondbacks,ARI,Atlanta Braves,ATL,36,7,10,6,4.0,5,4,42,0.278,0.357,0.417,0.774,133,103,0.201,1.11,0.661,,2.6,27,10,9.0,0,64,9,30,16,17,10,0,57,0,0,0.299,2.4,33,2,10,2,2.0,1,11,34,0.303,0.324,0.303,0.627,174,90,-0.298,0.66,0.547,,-2.4,27,13,9.0,1,49,22,19,9,13,10,0,44,1,1,-0.201,-2.6
ATL/ATL201605070,"Saturday, May 7, 2016",7:10 p.m. Local,Turner Field,22178,3:17,Night,Away,Arizona Diamondbacks,ARI,Atlanta Braves,ATL,35,4,10,3,3.0,6,9,42,0.286,0.39,0.4,0.79,117,102,0.02,1.31,0.961,,-0.4,27,13,9.0,1,55,16,31,13,15,12,0,55,0,0,0.48,2.4,28,2,4,2,2.0,3,2,34,0.143,0.242,0.25,0.492,186,75,-0.482,1.27,0.395,,-2.4,27,10,9.0,0,53,7,15,17,11,4,0,54,0,0,-0.021,0.4
ATL/ATL201605080,"Sunday, May 8, 2016",1:35 p.m. Local,Turner Field,17106,3:48,Day,Away,Arizona Diamondbacks,ARI,Atlanta Braves,ATL,42,5,9,5,4.09,1,16,43,0.214,0.233,0.429,0.661,182,128,0.111,1.93,1.064,,-0.3,33,13,11.0,0,67,15,46,11,15,4,0,71,5,2,0.389,2.3,41,3,11,3,2.45,5,8,48,0.268,0.362,0.293,0.654,186,112,-0.39,1.19,1.201,,-2.3,33,7,11.0,2,64,27,21,17,17,11,0,67,0,0,-0.112,0.3
COL/COL201605090,"Monday, May 9, 2016",6:41 p.m. Local,Coors Field,22053,3:23,Night,Away,Arizona Diamondbacks,ARI,Colorado Rockies,COL,36,10,12,10,10.0,5,5,43,0.333,0.395,0.694,1.09,165,93,0.455,1.07,1.036,,4.8,27,9,9.0,0,60,14,19,19,14,8,0,43,0,0,0.045,0.2,38,5,13,5,5.0,3,8,42,0.342,0.381,0.5,0.881,144,106,-0.045,0.86,0.775,,-0.2,27,14,9.0,2,63,9,34,13,17,12,1,34,0,0,-0.455,-4.8
COL/COL201605100,"Tuesday, May 10, 2016",6:41 p.m. Local,Coors Field,23363,3:08,Night,Away,Arizona Diamondbacks,ARI,Colorado Rockies,COL,37,5,14,5,5.0,3,6,42,0.378,0.425,0.541,0.966,117,93,0.101,0.86,0.65,,-0.2,27,14,9.0,0,58,12,25,18,15,10,0,71,1,0,0.399,4.2,31,1,4,0,1.0,1,6,33,0.129,0.156,0.161,0.318,144,82,-0.4,0.85,0.219,,-4.2,27,14,9.0,1,50,10,22,16,10,5,0,35,1,0,-0.101,0.2
COL/COL201605110,"Wednesday, May 11, 2016",1:09 p.m. Local,Coors Field,34890,3:19,Day,Home,Colorado Rockies,COL,Arizona Diamondbacks,ARI,39,7,13,7,7.0,0,11,39,0.333,0.333,0.564,0.897,168,97,-0.082,0.69,0.729,,1.8,24,5,8.0,2,53,19,25,12,16,12,0,36,2,0,-0.419,-3.4,38,8,14,8,6.75,3,11,42,0.368,0.415,0.605,1.02,146,106,0.421,1.02,0.881,,3.4,27,8,9.0,0,61,18,29,12,16,8,0,47,4,1,0.081,-1.8
ARI/ARI201605120,"Thursday, May 12, 2016",6:40 p.m. Local,Chase Field,19461,3:13,Night,Away,San Francisco Giants,SFG,Arizona Diamondbacks,ARI,33,4,8,4,4.0,3,8,37,0.242,0.306,0.364,0.669,153,82,0.083,1.57,0.611,,-0.8,27,11,9.0,0,53,13,16,12,14,9,0,60,4,0,0.418,2.8,36,2,10,2,2.0,4,12,40,0.278,0.35,0.389,0.739,135,96,-0.419,0.87,0.811,,-2.8,27,9,9.0,1,49,17,30,14,10,7,0,41,0,0,-0.083,0.8
ARI/ARI201605130,"Friday, May 13, 2016",6:40 p.m. Local,Chase Field,21753,3:00,Night,Away,San Francisco Giants,SFG,Arizona Diamondbacks,ARI,30,3,8,3,3.0,4,3,34,0.267,0.353,0.4,0.753,128,92,0.019,1.12,0.638,,-1.8,27,12,9.0,0,59,12,21,12,15,9,0,65,0,0,0.484,3.8,33,1,8,1,1.0,0,5,33,0.242,0.242,0.333,0.576,142,90,-0.482,0.94,0.404,,-3.8,27,16,9.0,1,53,10,27,15,13,5,0,43,1,0,-0.018,1.8
ARI/ARI201605140,"Saturday, May 14, 2016",5:10 p.m. Local,Chase Field,32448,3:05,Night,Away,San Francisco Giants,SFG,Arizona Diamondbacks,ARI,37,5,12,5,5.0,3,6,41,0.324,0.39,0.486,0.877,130,84,0.357,1.69,1.208,,0.2,27,11,9.0,0,48,8,28,12,19,10,0,65,1,0,0.142,1.8,35,3,8,3,3.0,2,8,38,0.229,0.263,0.286,0.549,140,87,-0.141,1.35,0.942,,-1.8,27,9,9.0,1,49,11,27,19,9,6,0,46,3,0,-0.358,-0.2
ARI/ARI201605150,"Sunday, May 15, 2016",1:10 p.m. Local,Chase Field,25007,3:00,Day,Away,San Francisco Giants,SFG,Arizona Diamondbacks,ARI,30,2,4,2,2.0,5,8,35,0.133,0.257,0.233,0.49,138,76,-0.149,1.81,0.629,,-2.8,27,13,9.0,0,43,16,17,12,10,4,0,62,1,0,0.649,3.8,29,1,8,1,1.0,4,6,36,0.276,0.353,0.31,0.663,126,89,-0.651,1.22,0.858,,-3.8,27,8,9.0,1,48,12,29,12,14,7,0,71,2,0,0.148,2.8
ARI/ARI201605160,"Monday, May 16, 2016",6:50 p.m. Local,Chase Field,32718,3:00,Night,Home,Arizona Diamondbacks,ARI,New York Yankees,NYY,34,2,8,1,2.0,1,10,35,0.235,0.257,0.324,0.581,161,90,-0.083,0.54,0.402,,-2.8,24,13,8.0,2,50,16,24,12,12,9,0,30,1,1,-0.417,-7.8,39,12,15,11,9.0,5,8,47,0.385,0.468,0.744,1.212,140,95,0.417,0.81,0.733,,7.8,27,11,9.0,0,59,14,22,15,17,13,0,62,0,0,0.083,2.8
ARI/ARI201605170,"Tuesday, May 17, 2016",6:40 p.m. Local,Chase Field,30913,2:47,Night,Home,Arizona Diamondbacks,ARI,New York Yankees,NYY,33,3,6,3,3.0,1,10,34,0.182,0.206,0.273,0.479,129,86,-0.288,0.7,0.305,,-1.8,24,7,8.0,1,45,11,30,15,8,3,0,37,0,0,-0.21,-0.8,34,5,10,5,5.62,1,13,35,0.294,0.314,0.441,0.755,133,95,0.21,0.81,0.647,,0.8,27,12,9.0,1,46,29,20,13,8,4,0,62,2,2,0.289,1.8
ARI/ARI201605180,"Wednesday, May 18, 2016",6:40 p.m. Local,Chase Field,32191,3:12,Night,Away,New York Yankees,NYY,Arizona Diamondbacks,ARI,36,4,11,3,4.0,4,10,41,0.306,0.375,0.444,0.819,147,103,0.02,1.37,0.648,,-0.8,27,12,9.0,1,58,15,30,14,14,8,0,71,0,0,0.479,2.8,29,2,2,2,2.0,2,11,31,0.069,0.129,0.207,0.336,160,94,-0.481,0.94,0.388,,-2.8,27,7,9.0,1,41,21,32,12,6,1,0,40,1,0,-0.021,0.8
SLN/SLN201605200,"Friday, May 20, 2016",7:15 p.m. Local,Busch Stadium III,43301,3:46,Night,Away,Arizona Diamondbacks,ARI,St. Louis Cardinals,STL,38,11,15,11,11.0,5,5,45,0.395,0.477,0.605,1.083,182,109,0.274,0.79,0.703,,6.6,27,13,9.0,0,66,11,32,18,16,8,0,60,6,1,0.226,-2.6,38,7,11,7,4.0,8,9,46,0.289,0.413,0.368,0.781,189,109,-0.227,0.69,0.454,,2.6,27,14,9.0,2,65,24,21,15,14,8,0,37,2,2,-0.274,-6.6
SLN/SLN201605210,"Saturday, May 21, 2016",3:05 p.m. Local,Busch Stadium III,45117,2:53,Day,Home,St. Louis Cardinals,STL,Arizona Diamondbacks,ARI,35,2,8,2,2.0,1,7,37,0.229,0.27,0.343,0.613,181,97,-0.381,0.58,0.179,,-2.4,24,9,8.0,3,51,8,38,18,10,5,0,56,0,0,-0.121,-2.1,35,6,10,6,5.62,6,8,41,0.286,0.39,0.629,1.019,138,113,0.119,0.66,0.481,,2.1,27,15,9.0,1,69,17,27,13,14,10,0,72,0,0,0.38,2.4
SLN/SLN201605220,"Sunday, May 22, 2016",1:16 p.m. Local,Busch Stadium III,43829,2:44,Day,Away,Arizona Diamondbacks,ARI,St. Louis Cardinals,STL,37,7,13,6,7.0,2,1,41,0.351,0.39,0.405,0.796,127,90,0.33,0.38,0.528,,2.6,27,11,9.0,1,58,8,24,27,10,5,0,74,0,0,0.17,2.4,32,2,6,2,2.0,2,8,35,0.188,0.235,0.344,0.579,136,85,-0.17,0.44,0.116,,-2.4,27,17,9.0,0,56,10,19,11,14,4,0,16,1,1,-0.33,-2.6
PIT/PIT201605240,"Tuesday, May 24, 2016",7:08 p.m. Local,PNC Park,18415,3:23,Night,Home,Pittsburgh Pirates,PIT,Arizona Diamondbacks,ARI,31,1,6,1,1.0,6,3,39,0.194,0.359,0.226,0.585,182,85,-0.167,0.31,0.111,,-3.4,24,17,8.0,1,47,8,30,17,11,7,0,26,1,1,-0.334,-8.1,38,12,17,11,13.5,5,5,45,0.447,0.523,0.579,1.102,157,113,0.333,0.35,0.472,,8.1,27,12,9.0,0,75,10,28,18,16,9,0,58,6,0,0.166,3.4
PIT/PIT201605250,"Wednesday, May 25, 2016",7:07 p.m. Local,PNC Park,20696,3:05,Night,Home,Pittsburgh Pirates,PIT,Arizona Diamondbacks,ARI,34,4,9,4,4.0,1,2,35,0.265,0.286,0.529,0.815,145,78,-0.244,1.06,0.692,,-0.4,24,12,8.0,2,53,7,18,16,16,5,0,29,0,0,-0.257,-1.1,36,5,11,5,5.62,1,8,37,0.306,0.324,0.556,0.88,118,98,0.257,1.22,0.889,,1.1,27,11,9.0,2,60,15,23,16,12,6,0,43,1,0,0.243,0.4
PIT/PIT201605260,"Thursday, May 26, 2016",12:39 p.m. Local,PNC Park,30861,3:40,Day,Home,Pittsburgh Pirates,PIT,Arizona Diamondbacks,ARI,38,3,13,3,2.0,5,7,43,0.342,0.419,0.421,0.84,167,114,-0.093,0.88,1.016,,-1.4,24,9,8.0,1,78,13,23,17,14,7,0,42,8,5,-0.408,-4.1,37,8,12,8,7.88,5,9,42,0.324,0.405,0.541,0.945,176,95,0.407,1.35,0.913,,4.1,27,13,9.0,0,57,19,19,14,14,8,0,53,2,0,0.094,1.4
ARI/ARI201605270,"Friday, May 27, 2016",6:40 p.m. Local,Chase Field,24935,3:19,Night,Away,San Diego Padres,SDP,Arizona Diamondbacks,ARI,43,10,18,10,10.0,5,11,48,0.419,0.479,0.767,1.247,139,117,0.25,0.65,0.719,,5.2,27,8,9.0,2,66,15,36,10,22,7,0,75,0,0,0.251,1.8,34,3,6,3,3.0,1,9,36,0.176,0.222,0.353,0.575,185,85,-0.254,0.53,0.21,,-1.8,27,6,9.0,4,51,12,22,14,12,4,0,32,3,1,-0.25,-5.2
ARI/ARI201605280,"Saturday, May 28, 2016",7:10 p.m. Local,Chase Field,23927,3:21,Night,Home,Arizona Diamondbacks,ARI,San Diego Padres,SDP,34,7,10,6,6.0,1,4,36,0.294,0.306,0.5,0.806,172,88,-0.095,0.37,0.414,,2.2,24,12,8.0,1,56,12,20,19,12,5,0,14,2,0,-0.405,-3.8,33,8,10,7,9.0,7,8,41,0.303,0.415,0.515,0.93,137,105,0.404,0.68,0.561,,3.8,27,18,9.0,1,58,15,32,13,13,6,0,45,0,0,0.096,-2.2
ARI/ARI201605290,"Sunday, May 29, 2016",1:10 p.m. Local,Chase Field,21458,2:39,Day,Home,Arizona Diamondbacks,ARI,San Diego Padres,SDP,32,3,5,3,3.0,1,11,34,0.156,0.206,0.313,0.518,142,89,-0.159,0.48,0.281,,-1.8,24,7,8.0,1,44,16,29,8,13,5,0,38,0,0,-0.341,-1.8,33,6,9,6,6.75,5,14,38,0.273,0.368,0.455,0.823,124,89,0.34,0.66,0.545,,1.8,27,9,9.0,1,39,19,31,12,7,3,0,66,1,1,0.16,1.8
ARI/ARI201605300,"Monday, May 30, 2016",1:10 p.m. Local,Chase Field,24798,2:54,Day,Away,Houston Astros,HOU,Arizona Diamondbacks,ARI,36,8,13,7,7.0,3,3,44,0.361,0.452,0.472,0.925,107,111,0.424,0.26,0.657,,3.2,27,12,9.0,2,77,13,21,17,18,8,0,72,,,0.077,1.8,32,3,5,3,3.0,1,8,33,0.156,0.182,0.406,0.588,179,74,-0.077,0.47,0.122,,-1.8,27,12,9.0,0,47,8,19,12,12,4,0,11,1,0,-0.423,-3.2
ARI/ARI201605310,"Tuesday, May 31, 2016",12:41 p.m. Local,Chase Field,15556,3:11,Day,Away,Houston Astros,HOU,Arizona Diamondbacks,ARI,35,8,12,8,8.0,6,6,42,0.343,0.452,0.571,1.024,163,84,0.427,0.84,0.764,,3.2,27,12,9.0,0,53,15,16,13,16,10,0,46,1,0,0.072,-0.2,35,5,9,4,4.0,5,12,40,0.257,0.35,0.286,0.636,154,98,-0.073,0.64,0.482,,0.2,27,12,9.0,2,47,17,34,14,9,7,0,15,2,2,-0.427,-3.2
HOU/HOU201606010,"Wednesday, June 1, 2016",7:10 p.m. Local,Minute Maid Park,22642,3:43,Night,Home,Houston Astros,HOU,Arizona Diamondbacks,ARI,37,4,8,3,3.27,2,15,40,0.216,0.275,0.324,0.599,174,116,-0.258,1.2,0.802,,-1.3,32,11,10.2,2,48,28,40,9,13,7,0,47,2,1,-0.242,0.2,40,5,9,5,4.22,3,12,46,0.225,0.289,0.5,0.789,180,107,0.24,1.25,1.297,,-0.2,33,13,11.0,1,62,24,21,14,16,9,0,65,0,0,0.257,1.3
HOU/HOU201606020,"Thursday, June 2, 2016",1:11 p.m. Local,Minute Maid Park,21764,2:36,Day,Away,Arizona Diamondbacks,ARI,Houston Astros,HOU,31,3,7,3,3.0,2,9,35,0.226,0.286,0.258,0.544,134,83,0.013,0.94,0.547,,-1.3,27,10,9.0,0,47,8,28,16,7,1,0,80,0,0,0.486,4.3,32,0,5,0,0.0,0,14,32,0.156,0.156,0.156,0.313,130,94,-0.487,0.88,0.16,,-4.3,27,12,9.0,0,48,20,26,11,7,3,0,53,2,1,-0.014,1.3
CHN/CHN201606030,"Friday, June 3, 2016",1:21 p.m. Local,Wrigley Field,38813,3:00,Day,Home,Chicago Cubs,CHC,Arizona Diamondbacks,ARI,31,0,6,0,0.0,2,12,33,0.194,0.242,0.226,0.468,166,89,-0.574,0.83,0.203,,-4.5,24,8,8.0,0,38,17,34,9,10,4,0,67,2,2,0.074,-2.0,30,6,7,5,5.62,6,13,38,0.233,0.395,0.4,0.795,137,101,-0.074,1.08,0.522,,2.0,27,7,9.0,0,45,24,32,8,9,7,0,71,2,0,0.575,4.5
CHN/CHN201606040,"Saturday, June 4, 2016",1:23 p.m. Local,Wrigley Field,40415,2:46,Day,Home,Chicago Cubs,CHC,Arizona Diamondbacks,ARI,31,3,4,3,3.0,3,7,34,0.129,0.206,0.323,0.528,144,82,-0.265,0.85,0.477,,-1.5,24,8,8.0,2,46,15,21,7,17,8,0,34,2,0,-0.236,-1.0,32,5,7,5,5.62,3,6,35,0.219,0.286,0.438,0.723,130,77,0.237,1.16,0.709,,1.0,27,7,9.0,2,43,13,21,11,15,5,0,71,5,0,0.264,1.5
CHN/CHN201606050,"Sunday, June 5, 2016",1:20 p.m. Local,Wrigley Field,41596,3:00,Day,Away,Arizona Diamondbacks,ARI,Chicago Cubs,CHC,34,3,10,3,3.0,5,18,40,0.294,0.385,0.324,0.708,121,110,-0.089,1.44,0.604,,-1.5,27,16,9.0,1,43,36,31,12,5,4,0,64,0,0,0.59,2.5,31,2,5,2,2.0,2,6,35,0.161,0.235,0.29,0.526,178,81,-0.591,0.98,0.474,,-2.5,27,10,9.0,0,49,12,20,19,7,3,0,48,1,0,0.09,1.5
ARI/ARI201606060,"Monday, June 6, 2016",6:39 p.m. Local,Chase Field,17176,3:30,Night,Away,Tampa Bay Rays,TBR,Arizona Diamondbacks,ARI,35,6,10,6,6.0,7,13,43,0.286,0.395,0.514,0.91,174,106,0.303,1.27,0.835,,1.2,27,8,9.0,2,51,19,40,10,13,5,0,59,5,1,0.198,0.8,34,4,7,4,4.0,5,15,40,0.206,0.325,0.412,0.737,185,107,-0.199,0.82,0.71,,-0.8,27,7,9.0,2,56,23,28,10,9,4,0,30,2,1,-0.302,-1.2
ARI/ARI201606070,"Tuesday, June 7, 2016",6:40 p.m. Local,Chase Field,17964,2:15,Night,Home,Arizona Diamondbacks,ARI,Tampa Bay Rays,TBR,29,0,3,0,0.0,2,2,31,0.103,0.161,0.103,0.265,106,64,-0.356,0.62,0.083,,-4.8,24,9,8.0,2,42,10,12,13,14,6,0,45,1,0,-0.144,-0.8,29,5,8,5,5.62,2,5,32,0.276,0.323,0.552,0.874,104,74,0.145,0.57,0.51,,0.8,27,14,9.0,0,41,13,20,11,14,4,0,81,,,0.356,4.8
ARI/ARI201606080,"Wednesday, June 8, 2016",12:41 p.m. Local,Chase Field,16954,3:00,Day,Away,Tampa Bay Rays,TBR,Arizona Diamondbacks,ARI,36,6,10,6,6.0,5,7,41,0.278,0.366,0.583,0.949,146,81,0.265,1.55,0.867,,1.2,27,10,9.0,1,49,12,20,6,23,12,0,50,0,0,0.236,1.8,35,3,10,3,3.0,5,11,40,0.286,0.375,0.371,0.746,149,91,-0.236,0.92,0.923,,-1.8,27,7,9.0,3,54,13,24,14,11,8,0,44,2,1,-0.267,-1.2
ARI/ARI201606100,"Friday, June 10, 2016",6:40 p.m. Local,Chase Field,26970,3:10,Night,Away,Miami Marlins,MIA,Arizona Diamondbacks,ARI,36,8,9,8,8.0,4,8,40,0.25,0.325,0.444,0.769,147,81,0.549,0.88,1.04,,3.2,27,13,9.0,0,44,19,18,14,14,8,0,30,1,0,-0.049,-1.2,37,6,13,6,6.0,4,11,43,0.351,0.405,0.486,0.891,136,95,0.047,0.9,0.714,,1.2,27,12,9.0,1,51,19,25,16,12,8,0,51,6,6,-0.548,-3.2
ARI/ARI201606110,"Saturday, June 11, 2016",7:10 p.m. Local,Chase Field,33442,2:33,Night,Home,Arizona Diamondbacks,ARI,Miami Marlins,MIA,36,3,9,3,3.0,3,6,40,0.25,0.325,0.472,0.797,116,84,-0.229,0.73,0.798,,-1.8,24,4,8.0,2,46,17,21,16,14,10,0,54,0,0,-0.271,-0.8,31,5,7,5,5.62,0,12,31,0.226,0.226,0.516,0.742,142,83,0.273,1.34,0.698,,0.8,27,11,9.0,2,45,17,21,4,15,11,0,56,0,0,0.227,1.8
ARI/ARI201606120,"Sunday, June 12, 2016",1:11 p.m. Local,Chase Field,27741,2:41,Day,Home,Arizona Diamondbacks,ARI,Miami Marlins,MIA,27,0,3,0,0.0,2,6,29,0.111,0.172,0.111,0.284,145,84,-0.191,0.37,0.043,,-4.8,24,8,8.0,1,52,6,26,12,9,4,0,24,0,0,-0.31,-1.8,35,6,12,6,5.62,2,6,39,0.343,0.368,0.486,0.854,131,94,0.311,0.32,0.435,,1.8,27,14,9.0,0,60,15,18,16,14,3,0,78,0,0,0.19,4.8
ARI/ARI201606130,"Monday, June 13, 2016",6:40 p.m. Local,Chase Field,21374,3:21,Night,Home,Arizona Diamondbacks,ARI,Los Angeles Dodgers,LAD,34,2,7,2,2.0,5,7,39,0.206,0.308,0.382,0.69,129,99,-0.527,0.79,0.839,,-2.8,24,7,8.0,2,60,13,26,9,18,6,0,47,4,0,0.027,1.2,28,3,6,3,3.38,2,8,30,0.214,0.267,0.429,0.695,160,76,-0.028,1.81,0.479,,-1.2,27,8,9.0,1,34,15,29,7,13,8,0,59,3,0,0.527,2.8
ARI/ARI201606140,"Tuesday, June 14, 2016",6:41 p.m. Local,Chase Field,23458,3:10,Night,Away,Los Angeles Dodgers,LAD,Arizona Diamondbacks,ARI,35,7,9,7,7.0,4,12,40,0.257,0.333,0.629,0.962,126,101,0.498,0.88,0.993,,2.2,27,8,9.0,0,59,16,26,7,17,9,0,51,1,1,0.001,0.8,34,4,9,3,3.0,1,11,35,0.265,0.286,0.294,0.58,168,87,-0.002,0.8,0.523,,-0.8,27,4,9.0,4,41,16,30,11,12,9,0,47,0,0,-0.498,-2.2
ARI/ARI201606150,"Wednesday, June 15, 2016",12:40 p.m. Local,Chase Field,27792,2:51,Day,Away,Los Angeles Dodgers,LAD,Arizona Diamondbacks,ARI,32,3,7,3,3.0,3,10,35,0.219,0.286,0.344,0.629,138,90,-0.056,1.44,0.656,,-1.8,27,10,9.0,1,50,15,25,10,12,6,0,70,0,0,0.557,2.8,32,2,5,2,2.0,1,13,33,0.156,0.182,0.313,0.494,146,92,-0.559,1.02,0.519,,-2.8,27,11,9.0,1,45,25,22,9,10,7,0,51,0,0,0.057,1.8
PHI/PHI201606170,"Friday, June 17, 2016",7:08 p.m. Local,Citizens Bank Park,19282,3:04,Night,Away,Arizona Diamondbacks,ARI,Philadelphia Phillies,PHI,42,10,16,8,7.0,1,15,44,0.381,0.395,0.833,1.229,136,116,0.428,0.65,0.815,,5.6,27,6,9.0,0,61,22,33,10,18,8,0,56,0,0,0.073,2.4,33,2,7,2,2.0,1,10,35,0.212,0.235,0.303,0.538,167,96,-0.071,0.66,0.338,,-2.4,27,9,9.0,6,52,21,23,11,13,5,0,29,0,0,-0.428,-5.6
PHI/PHI201606180,"Saturday, June 18, 2016",3:07 p.m. Local,Citizens Bank Park,33797,2:37,Day,Away,Arizona Diamondbacks,ARI,Philadelphia Phillies,PHI,38,4,11,4,4.0,1,11,40,0.289,0.325,0.526,0.851,102,102,0.142,0.89,0.76,,-0.4,27,9,9.0,1,55,22,25,7,20,11,0,77,0,0,0.357,3.4,30,1,4,1,1.0,1,7,31,0.133,0.161,0.267,0.428,146,74,-0.358,0.85,0.292,,-3.4,27,7,9.0,3,34,20,20,12,11,4,0,44,3,0,-0.143,0.4
PHI/PHI201606190,"Sunday, June 19, 2016",1:38 p.m. Local,Citizens Bank Park,40214,2:59,Day,Away,Arizona Diamondbacks,ARI,Philadelphia Phillies,PHI,37,5,10,4,5.0,4,9,42,0.27,0.333,0.459,0.793,122,99,0.069,1.29,0.593,,0.6,27,10,9.0,0,61,20,18,9,19,10,1,67,0,0,0.431,3.4,30,1,3,0,0.0,3,8,33,0.1,0.182,0.1,0.282,155,81,-0.43,0.76,0.429,,-3.4,27,8,9.0,0,43,13,25,13,9,3,0,55,4,1,-0.07,-0.6
PHI/PHI201606200,"Monday, June 20, 2016",1:08 p.m. Local,Citizens Bank Park,22118,2:40,Day,Away,Arizona Diamondbacks,ARI,Philadelphia Phillies,PHI,32,3,7,3,3.0,0,10,32,0.219,0.219,0.406,0.625,124,82,-0.019,1.34,0.357,,-1.4,27,12,9.0,0,44,19,19,13,9,5,0,64,2,0,0.518,3.4,32,1,6,1,1.0,1,7,33,0.188,0.212,0.25,0.462,111,85,-0.52,0.57,0.523,,-3.4,27,14,9.0,1,52,17,16,14,11,4,0,59,0,0,0.018,1.4
TOR/TOR201606210,"Tuesday, June 21, 2016",7:07 p.m. Local,Rogers Centre,41838,2:42,Night,Away,Arizona Diamondbacks,ARI,Toronto Blue Jays,TOR,30,4,3,4,4.0,3,14,33,0.1,0.182,0.3,0.482,130,84,0.05,1.25,0.506,,-0.7,27,16,9.0,0,41,24,19,6,10,1,0,47,2,0,0.45,2.7,33,2,9,2,2.0,3,4,36,0.273,0.333,0.333,0.667,130,77,-0.45,0.7,0.604,,-2.7,27,5,9.0,2,54,7,17,14,15,9,0,61,0,0,-0.05,0.7
TOR/TOR201606220,"Wednesday, June 22, 2016",4:07 p.m. Local,Rogers Centre,46967,2:54,Day,Home,Toronto Blue Jays,TOR,Arizona Diamondbacks,ARI,34,2,8,1,2.0,4,12,38,0.235,0.316,0.294,0.61,133,91,-0.297,0.68,0.537,,-2.7,24,7,8.0,3,49,20,22,11,11,5,0,50,0,0,-0.202,-0.9,27,5,5,5,5.62,3,11,31,0.185,0.29,0.556,0.846,151,83,0.202,1.14,0.579,,0.9,27,8,9.0,0,46,12,25,6,10,3,0,51,0,0,0.298,2.7
COL/COL201606230,"Thursday, June 23, 2016",6:40 p.m. Local,Coors Field,36558,3:42,Night,Away,Arizona Diamondbacks,ARI,Colorado Rockies,COL,40,7,15,7,7.0,3,8,43,0.375,0.419,0.525,0.944,168,115,0.545,1.77,1.188,,1.8,27,14,9.0,1,74,20,21,18,14,10,0,45,3,1,-0.045,-0.8,40,6,13,6,6.0,3,8,44,0.325,0.372,0.45,0.822,175,111,0.046,1.01,1.308,,0.8,27,15,9.0,2,65,21,25,19,14,13,0,23,0,0,-0.546,-1.8
COL/COL201606240,"Friday, June 24, 2016",6:42 p.m. Local,Coors Field,35216,4:30,Night,Away,Arizona Diamondbacks,ARI,Colorado Rockies,COL,42,10,16,10,10.0,5,9,49,0.381,0.438,0.69,1.128,211,111,1.08,2.12,1.97,,4.8,27,11,9.0,0,64,21,26,17,18,11,0,54,9,4,-0.58,-3.8,42,9,14,6,6.0,8,7,52,0.333,0.431,0.5,0.931,170,124,0.58,1.35,2.425,,3.8,27,8,9.0,2,82,14,28,18,19,10,0,51,5,4,-1.08,-4.8
COL/COL201606250,"Saturday, June 25, 2016",2:10 p.m. Local,Coors Field,33337,3:35,Day,Home,Colorado Rockies,COL,Arizona Diamondbacks,ARI,33,6,10,6,6.0,9,7,43,0.303,0.452,0.424,0.877,147,106,-0.117,0.59,0.724,,0.8,24,11,8.0,3,61,19,26,17,10,5,0,26,0,0,-0.382,-6.4,37,11,15,11,12.38,4,6,42,0.405,0.463,0.811,1.274,178,93,0.381,1.07,0.735,,6.4,27,11,9.0,1,57,10,26,11,21,13,0,57,1,1,0.119,-0.8
COL/COL201606260,"Sunday, June 26, 2016",2:11 p.m. Local,Coors Field,32435,3:35,Day,Home,Colorado Rockies,COL,Arizona Diamondbacks,ARI,39,7,15,7,7.0,3,9,44,0.385,0.429,0.462,0.89,152,96,0.136,1.54,1.024,,1.8,26,8,8.2,4,49,19,28,20,12,10,0,21,3,0,-0.637,-3.9,33,9,11,9,9.35,8,4,43,0.333,0.465,0.727,1.192,140,79,0.637,1.25,1.736,,3.9,27,11,9.0,0,48,13,18,11,19,9,0,15,1,0,-0.137,-1.8
ARI/ARI201606270,"Monday, June 27, 2016",6:40 p.m. Local,Chase Field,22567,3:18,Night,Away,Philadelphia Phillies,PHI,Arizona Diamondbacks,ARI,43,8,16,8,8.0,2,10,45,0.372,0.4,0.465,0.865,146,112,0.129,0.63,0.729,,3.2,27,9,9.0,0,70,17,25,16,17,11,0,64,0,0,0.37,4.8,32,0,7,0,0.0,2,13,34,0.219,0.265,0.219,0.483,161,98,-0.37,0.85,0.168,,-4.8,27,9,9.0,0,48,23,27,12,7,5,0,45,4,3,-0.131,-3.2
ARI/ARI201606280,"Tuesday, June 28, 2016",6:40 p.m. Local,Chase Field,19645,3:34,Night,Away,Philadelphia Phillies,PHI,Arizona Diamondbacks,ARI,36,4,11,4,4.0,4,10,41,0.306,0.39,0.472,0.862,159,106,0.317,1.61,1.436,,-0.8,27,8,9.0,2,61,21,24,13,13,6,0,48,1,0,0.182,1.8,33,3,10,3,3.0,3,11,38,0.303,0.368,0.545,0.914,165,100,-0.183,1.55,1.066,,-1.8,27,12,9.0,1,48,14,40,8,15,8,0,46,0,0,-0.317,0.8
ARI/ARI201606290,"Wednesday, June 29, 2016",12:41 p.m. Local,Chase Field,18603,3:53,Day,Away,Philadelphia Phillies,PHI,Arizona Diamondbacks,ARI,45,9,17,8,6.3,3,4,50,0.378,0.4,0.511,0.911,171,113,0.796,1.74,1.822,,3.7,30,12,10.0,1,75,14,24,25,18,12,0,49,5,2,-0.295,-2.7,44,8,15,8,6.3,1,7,47,0.341,0.362,0.5,0.862,178,108,0.295,1.74,1.618,,2.7,30,13,10.0,1,68,11,29,19,20,10,0,47,4,2,-0.796,-3.7
ARI/ARI201607010,"Friday, July 1, 2016",6:40 p.m. Local,Chase Field,24859,2:52,Night,Away,San Francisco Giants,SFG,Arizona Diamondbacks,ARI,36,6,10,6,6.0,2,8,38,0.278,0.316,0.472,0.788,145,85,0.246,1.3,1.016,,1.2,27,9,9.0,2,52,9,24,14,14,5,0,56,0,0,0.255,0.8,34,4,9,4,4.0,1,11,36,0.265,0.286,0.5,0.786,128,98,-0.253,1.05,0.822,,-0.8,27,5,9.0,1,53,17,28,13,11,5,0,39,0,0,-0.246,-1.2
ARI/ARI201607020,"Saturday, July 2, 2016",7:10 p.m. Local,Chase Field,30683,2:55,Night,Home,Arizona Diamondbacks,ARI,San Francisco Giants,SFG,33,5,7,4,2.0,2,7,36,0.212,0.278,0.424,0.702,115,87,-0.032,1.27,0.648,,0.2,24,11,8.0,1,51,17,19,15,11,5,0,51,3,2,-0.469,-1.8,33,6,9,6,6.75,2,6,35,0.273,0.314,0.515,0.829,143,78,0.467,1.04,1.205,,1.8,27,10,9.0,2,50,7,21,16,11,8,0,47,2,0,0.032,-0.2
ARI/ARI201607030,"Sunday, July 3, 2016",1:12 p.m. Local,Chase Field,26171,3:47,Day,Away,San Francisco Giants,SFG,Arizona Diamondbacks,ARI,41,5,9,5,4.09,5,15,48,0.22,0.319,0.293,0.612,179,120,0.105,1.85,1.131,,-0.8,33,18,11.0,2,68,24,28,12,15,11,0,57,0,0,0.393,1.8,40,4,9,4,2.45,3,9,45,0.225,0.279,0.45,0.729,185,108,-0.392,1.26,1.218,,-1.8,33,9,11.0,0,67,18,23,20,13,7,0,46,1,0,-0.106,0.8
ARI/ARI201607040,"Monday, July 4, 2016",6:10 p.m. Local,Chase Field,39203,3:25,Night,Away,San Diego Padres,SDP,Arizona Diamondbacks,ARI,35,8,9,8,8.0,4,11,40,0.257,0.35,0.543,0.893,143,105,0.412,1.14,1.029,,3.2,27,12,9.0,0,55,15,35,10,14,9,0,49,3,0,0.089,0.8,38,4,11,3,2.0,0,10,39,0.289,0.282,0.395,0.677,177,97,-0.088,0.93,0.752,,-0.8,27,8,9.0,2,49,12,36,17,12,9,0,44,1,0,-0.411,-3.2
ARI/ARI201607050,"Tuesday, July 5, 2016",6:40 p.m. Local,Chase Field,14110,2:52,Night,Home,Arizona Diamondbacks,ARI,San Diego Padres,SDP,35,5,12,5,5.0,3,8,39,0.343,0.395,0.543,0.938,134,92,-0.073,0.84,0.938,,0.2,24,10,8.0,1,49,15,28,15,13,10,0,40,0,0,-0.428,-2.8,33,7,10,7,7.88,0,8,35,0.303,0.314,0.606,0.92,142,88,0.429,1.42,0.851,,2.8,27,14,9.0,1,53,10,25,12,14,7,0,34,0,0,0.073,-0.2
ARI/ARI201607060,"Wednesday, July 6, 2016",6:40 p.m. Local,Chase Field,17091,3:10,Night,Away,San Diego Padres,SDP,Arizona Diamondbacks,ARI,41,13,14,13,13.0,3,12,44,0.341,0.386,0.634,1.021,167,96,0.463,0.88,0.873,,8.2,27,8,9.0,2,49,19,28,11,18,9,0,33,3,0,0.038,-1.2,38,6,12,6,6.0,3,6,43,0.316,0.381,0.632,1.013,144,103,-0.039,0.69,0.595,,1.2,27,8,9.0,3,67,9,27,14,19,13,0,33,1,0,-0.461,-8.2
SFN/SFN201607080,"Friday, July 8, 2016",7:15 p.m. Local,AT&T Park,41576,3:27,Night,Home,San Francisco Giants,SFG,Arizona Diamondbacks,ARI,33,2,7,2,2.0,3,10,37,0.212,0.297,0.303,0.6,157,100,-0.186,0.75,0.48,,-2.3,24,12,8.0,2,55,15,30,12,11,7,0,34,5,0,-0.314,-2.2,33,6,8,5,4.5,7,4,40,0.242,0.375,0.515,0.89,158,94,0.314,0.93,0.728,,2.2,27,10,9.0,1,64,12,18,15,14,7,0,58,2,0,0.187,2.3
SFN/SFN201607090,"Saturday, July 9, 2016",1:05 p.m. Local,AT&T Park,41571,3:03,Day,Home,San Francisco Giants,SFG,Arizona Diamondbacks,ARI,36,2,8,2,2.0,2,5,38,0.222,0.263,0.278,0.541,131,95,-0.296,0.9,0.74,,-2.3,24,8,8.0,1,62,10,23,11,20,10,0,47,2,0,-0.206,-0.2,30,4,8,4,4.5,4,7,34,0.267,0.353,0.467,0.82,141,78,0.204,1.55,0.744,,0.2,27,6,9.0,0,44,14,20,5,18,10,0,43,6,0,0.294,2.3
SFN/SFN201607100,"Sunday, July 10, 2016",5:08 p.m. Local,AT&T Park,42075,2:54,Night,Home,San Francisco Giants,SFG,Arizona Diamondbacks,ARI,27,0,1,0,0.0,1,14,28,0.037,0.071,0.037,0.108,155,81,-0.425,0.66,0.056,,-4.3,24,7,8.0,0,44,19,18,9,4,1,0,54,0,0,-0.075,-0.2,33,4,11,4,4.5,3,8,37,0.333,0.378,0.455,0.833,117,96,0.076,0.7,0.531,,0.2,27,11,9.0,0,53,16,27,11,15,9,0,98,,,0.424,4.3
ARI/ARI201607150,"Friday, July 15, 2016",6:40 p.m. Local,Chase Field,30639,3:51,Night,Away,Los Angeles Dodgers,LAD,Arizona Diamondbacks,ARI,45,13,18,12,12.0,4,11,51,0.4,0.471,0.622,1.093,166,113,0.633,0.68,1.075,,8.2,27,14,9.0,2,67,21,25,16,18,14,0,40,0,0,-0.132,-2.2,39,7,12,7,7.0,0,8,39,0.308,0.308,0.513,0.821,189,114,0.132,0.66,0.557,,2.2,27,11,9.0,2,64,16,34,17,14,9,0,26,4,2,-0.633,-8.2
ARI/ARI201607160,"Saturday, July 16, 2016",5:11 p.m. Local,Chase Field,38899,4:31,Night,Home,Arizona Diamondbacks,ARI,Los Angeles Dodgers,LAD,44,1,10,1,0.75,8,7,52,0.227,0.346,0.295,0.642,176,118,-0.79,1.89,0.878,,-5.4,33,11,11.0,0,71,8,39,17,20,11,0,74,0,0,0.291,2.0,39,2,8,2,1.64,4,16,43,0.205,0.279,0.308,0.587,202,111,-0.291,1.6,1.197,,-2.0,36,19,12.0,0,50,22,39,13,10,6,0,56,5,0,0.79,5.4
ARI/ARI201607170,"Sunday, July 17, 2016",1:11 p.m. Local,Chase Field,29459,3:14,Day,Home,Arizona Diamondbacks,ARI,Los Angeles Dodgers,LAD,37,5,11,5,5.0,3,12,42,0.297,0.381,0.486,0.867,133,102,-0.265,0.37,0.724,,0.2,24,11,8.0,1,62,20,20,13,12,9,0,33,2,0,-0.235,-1.8,32,6,9,5,6.75,3,6,35,0.281,0.343,0.469,0.812,152,86,0.237,1.16,0.41,,1.8,27,11,9.0,1,50,10,26,12,14,11,0,74,2,2,0.265,-0.2
ARI/ARI201607190,"Tuesday, July 19, 2016",6:40 p.m. Local,Chase Field,26626,2:58,Night,Away,Toronto Blue Jays,TOR,Arizona Diamondbacks,ARI,35,5,8,5,3.0,3,9,38,0.229,0.289,0.314,0.604,122,100,0.139,1.15,0.535,,0.2,27,15,9.0,0,57,18,25,15,11,5,0,66,0,0,0.361,3.8,31,1,6,1,1.0,1,5,34,0.194,0.265,0.258,0.523,162,75,-0.361,0.59,0.442,,-3.8,27,11,9.0,1,46,8,21,17,9,5,0,47,0,0,-0.139,-0.2
ARI/ARI201607200,"Wednesday, July 20, 2016",12:40 p.m. Local,Chase Field,20076,2:52,Day,Away,Toronto Blue Jays,TOR,Arizona Diamondbacks,ARI,39,10,13,10,4.0,3,5,44,0.333,0.372,0.667,1.039,118,88,0.277,0.62,0.586,,5.2,27,14,9.0,1,53,17,19,15,21,9,0,68,0,0,0.223,0.8,36,4,11,3,4.0,0,8,36,0.306,0.306,0.417,0.722,145,78,-0.224,0.53,0.275,,-0.8,27,11,9.0,2,48,10,20,20,8,4,0,35,1,0,-0.277,-5.2
CIN/CIN201607220,"Friday, July 22, 2016",7:10 p.m. Local,Great American Ball Park,24252,3:15,Night,Home,Cincinnati Reds,CIN,Arizona Diamondbacks,ARI,30,2,5,2,2.0,4,12,36,0.167,0.278,0.367,0.644,179,86,-0.296,0.89,0.469,,-2.5,24,9,8.0,2,43,12,31,5,14,6,0,44,2,1,-0.204,-2.0,30,6,8,6,6.75,9,8,40,0.267,0.45,0.533,0.983,136,101,0.204,1.19,0.805,,2.0,27,5,9.0,1,63,11,27,8,14,8,0,59,0,0,0.296,2.5
CIN/CIN201607230,"Saturday, July 23, 2016",7:10 p.m. Local,Great American Ball Park,23963,3:00,Night,Home,Cincinnati Reds,CIN,Arizona Diamondbacks,ARI,31,1,4,1,1.0,3,11,34,0.129,0.206,0.129,0.335,150,96,-0.149,0.5,0.239,,-3.5,24,6,8.0,1,52,15,29,16,4,2,0,46,0,0,-0.352,-2.0,34,6,10,4,3.38,1,14,35,0.294,0.314,0.471,0.785,144,97,0.351,0.62,0.568,,2.0,27,12,9.0,0,52,24,21,9,11,7,0,55,1,0,0.149,3.5
CIN/CIN201607240,"Sunday, July 24, 2016",1:11 p.m. Local,Great American Ball Park,25304,3:32,Day,Away,Arizona Diamondbacks,ARI,Cincinnati Reds,CIN,38,9,13,8,9.0,3,5,42,0.342,0.39,0.684,1.074,165,96,0.588,1.52,1.075,,4.5,27,11,9.0,1,59,15,22,13,21,14,0,30,2,0,-0.088,-3.5,37,8,11,8,8.0,6,8,44,0.297,0.409,0.378,0.787,152,100,0.088,0.81,1.184,,3.5,27,10,9.0,4,64,17,19,19,10,8,0,30,0,0,-0.589,-4.5
MIL/MIL201607250,"Monday, July 25, 2016",6:22 p.m. Local,Miller Park,25347,3:09,Night,Home,Milwaukee Brewers,MIL,Arizona Diamondbacks,ARI,36,2,9,2,2.0,3,9,39,0.25,0.308,0.306,0.613,152,91,-0.161,0.75,0.543,,-2.6,24,9,8.0,4,49,17,25,11,16,8,0,28,0,0,-0.34,-3.0,34,7,12,7,7.88,4,8,38,0.353,0.421,0.735,1.156,155,98,0.34,0.95,0.808,,3.0,27,9,9.0,0,57,16,25,11,15,10,0,49,0,0,0.16,2.6
MIL/MIL201607260,"Tuesday, July 26, 2016",7:11 p.m. Local,Miller Park,24074,3:35,Night,Home,Milwaukee Brewers,MIL,Arizona Diamondbacks,ARI,36,4,8,4,3.0,4,8,40,0.222,0.3,0.333,0.633,156,96,-0.045,1.31,0.86,,-0.6,24,8,8.0,0,52,13,31,20,8,7,0,42,6,3,-0.456,-5.0,31,9,11,9,10.12,7,10,38,0.355,0.474,0.387,0.861,146,97,0.456,1.44,1.217,,5.0,27,14,9.0,0,49,17,31,15,6,3,0,50,2,1,0.044,0.6
MIL/MIL201607270,"Wednesday, July 27, 2016",7:10 p.m. Local,Miller Park,22581,2:56,Night,Away,Arizona Diamondbacks,ARI,Milwaukee Brewers,MIL,40,8,11,7,2.0,2,12,42,0.275,0.31,0.475,0.785,127,114,0.388,0.26,0.493,,3.5,27,6,9.0,0,61,17,36,20,8,5,0,68,0,0,0.113,3.5,29,1,5,1,1.0,3,7,33,0.172,0.242,0.241,0.484,154,76,-0.114,0.26,0.096,,-3.5,27,13,9.0,2,41,5,32,7,16,6,0,33,1,0,-0.387,-3.5
MIL/MIL201607280,"Thursday, July 28, 2016",1:10 p.m. Local,Miller Park,33971,2:50,Day,Home,Milwaukee Brewers,MIL,Arizona Diamondbacks,ARI,36,4,9,4,3.0,1,9,37,0.25,0.27,0.333,0.604,148,92,-0.2,1.02,0.714,,-0.5,24,8,8.0,2,48,17,27,13,14,7,0,48,2,2,-0.3,-2.0,31,6,7,6,6.75,4,13,35,0.226,0.314,0.452,0.766,136,90,0.301,1.32,0.87,,2.0,27,10,9.0,0,47,18,25,10,8,4,0,55,2,1,0.199,0.6
LAN/LAN201607290,"Friday, July 29, 2016",7:11 p.m. Local,Dodger Stadium,50966,3:24,Night,Home,Los Angeles Dodgers,LAD,Arizona Diamondbacks,ARI,35,7,9,7,7.0,2,7,37,0.257,0.297,0.343,0.64,139,106,0.354,0.98,1.13,,2.7,24,8,8.0,2,61,21,24,11,17,8,0,54,2,2,-0.854,-5.2,34,9,10,9,10.12,5,6,39,0.294,0.385,0.588,0.973,152,83,0.855,1.46,1.345,,5.2,27,8,9.0,0,46,15,22,12,16,10,0,62,9,6,-0.353,-2.7
LAN/LAN201607300,"Saturday, July 30, 2016",6:10 p.m. Local,Dodger Stadium,49540,3:24,Night,Away,Arizona Diamondbacks,ARI,Los Angeles Dodgers,LAD,36,4,10,4,4.0,0,9,37,0.278,0.297,0.528,0.825,166,98,0.12,0.78,0.433,,-0.3,27,12,9.0,1,56,16,26,11,16,10,0,65,3,0,0.382,2.3,33,2,8,2,1.0,3,6,36,0.242,0.306,0.424,0.73,139,101,-0.379,0.5,0.264,,-2.3,27,10,9.0,1,65,14,23,13,14,5,0,49,2,1,-0.119,0.3
LAN/LAN201607310,"Sunday, July 31, 2016",1:10 p.m. Local,Dodger Stadium,42380,3:43,Day,Home,Los Angeles Dodgers,LAD,Arizona Diamondbacks,ARI,29,3,3,2,2.0,4,6,33,0.103,0.212,0.103,0.316,187,85,-0.027,0.99,0.427,,-1.3,24,8,8.0,3,50,10,25,16,7,2,0,37,2,2,-0.473,-10.2,42,14,17,13,12.38,3,13,46,0.405,0.457,0.762,1.218,135,114,0.474,0.9,1.132,,10.2,27,16,9.0,0,62,20,32,11,18,14,0,48,1,1,0.026,1.3
ARI/ARI201608010,"Monday, August 1, 2016",6:40 p.m. Local,Chase Field,17518,3:23,Night,Away,Washington Nationals,WSN,Arizona Diamondbacks,ARI,44,14,19,14,13.0,5,1,51,0.432,0.471,0.568,1.039,135,116,0.43,0.27,0.581,,9.2,27,8,9.0,0,73,11,32,23,22,12,0,66,0,0,0.071,3.8,31,1,5,1,1.0,2,9,34,0.161,0.212,0.194,0.406,194,93,-0.071,0.41,0.087,,-3.8,27,11,9.0,0,49,16,28,9,14,5,0,5,3,2,-0.429,-9.2
ARI/ARI201608020,"Tuesday, August 2, 2016",6:40 p.m. Local,Chase Field,19919,3:18,Night,Away,Washington Nationals,WSN,Arizona Diamondbacks,ARI,42,10,15,10,9.0,2,11,45,0.357,0.4,0.595,0.995,144,109,0.423,0.72,0.895,,5.2,27,10,9.0,2,61,20,28,17,14,8,0,51,1,0,0.078,0.8,38,4,11,3,3.0,3,8,41,0.289,0.341,0.5,0.841,162,98,-0.077,0.68,0.483,,-0.8,27,9,9.0,3,57,17,24,14,16,6,0,41,0,0,-0.423,-5.2
ARI/ARI201608030,"Wednesday, August 3, 2016",12:40 p.m. Local,Chase Field,17086,2:59,Day,Away,Washington Nationals,WSN,Arizona Diamondbacks,ARI,40,8,14,8,8.0,4,8,46,0.35,0.422,0.55,0.972,119,99,0.252,0.99,0.92,,3.2,27,7,9.0,2,56,19,24,18,15,8,0,72,0,0,0.249,1.8,32,3,5,3,3.0,1,12,33,0.156,0.182,0.406,0.588,163,79,-0.25,0.99,0.474,,-1.8,27,12,9.0,2,38,20,21,8,12,2,0,46,4,2,-0.252,-3.2
ARI/ARI201608050,"Friday, August 5, 2016",6:40 p.m. Local,Chase Field,20008,3:54,Night,Home,Arizona Diamondbacks,ARI,Milwaukee Brewers,MIL,37,2,6,2,1.64,7,8,44,0.162,0.295,0.297,0.593,180,94,-0.696,1.57,0.89,,-3.8,31,15,10.1,2,52,17,25,15,14,5,0,59,0,0,0.193,1.2,38,3,7,3,1.74,4,10,43,0.184,0.262,0.368,0.63,169,109,-0.193,1.71,0.912,,-1.2,33,14,11.0,1,63,13,33,16,13,5,0,52,0,0,0.693,3.8
ARI/ARI201608060,"Saturday, August 6, 2016",5:10 p.m. Local,Chase Field,29370,4:00,Night,Away,Milwaukee Brewers,MIL,Arizona Diamondbacks,ARI,41,15,19,15,15.0,10,9,56,0.463,0.545,0.732,1.277,142,113,0.188,0.57,0.636,,10.2,27,14,9.0,2,63,24,26,15,21,12,0,57,1,1,0.311,-1.2,37,6,8,6,5.0,3,4,41,0.216,0.293,0.432,0.725,196,84,-0.312,0.6,0.179,,1.2,27,9,9.0,2,57,12,15,18,15,8,0,35,5,5,-0.189,-10.2
ARI/ARI201608070,"Sunday, August 7, 2016",1:11 p.m. Local,Chase Field,24021,3:31,Day,Home,Arizona Diamondbacks,ARI,Milwaukee Brewers,MIL,30,3,5,2,3.0,7,14,37,0.167,0.324,0.267,0.591,143,113,0.044,0.89,0.481,,-1.8,24,9,8.0,2,56,19,38,10,6,3,0,24,1,1,-0.545,-4.8,35,9,12,8,9.0,3,6,41,0.343,0.425,0.629,1.054,184,91,0.545,0.69,1.041,,4.8,27,10,9.0,1,51,9,31,13,17,10,0,51,1,0,-0.044,1.8
NYN/NYN201608090,"Tuesday, August 9, 2016",7:10 p.m. Local,Citi Field,31884,3:04,Night,Away,Arizona Diamondbacks,ARI,New York Mets,NYM,34,5,8,5,5.0,3,13,38,0.235,0.297,0.5,0.797,132,116,0.405,1.08,1.224,,0.7,27,7,9.0,1,60,20,36,11,11,5,0,55,0,0,0.095,1.3,32,3,6,3,3.0,2,9,34,0.188,0.235,0.313,0.548,184,93,-0.097,1.21,0.61,,-1.3,27,7,9.0,2,54,18,21,10,13,7,0,62,2,0,-0.406,-0.7
NYN/NYN201608100,"Wednesday, August 10, 2016",7:30 p.m. Local,Citi Field,31277,4:03,Night,Away,Arizona Diamondbacks,ARI,New York Mets,NYM,43,3,11,3,2.25,2,13,47,0.256,0.283,0.419,0.701,173,124,-0.111,1.69,0.992,,-2.7,36,14,12.0,1,75,23,27,13,19,11,0,75,2,0,0.611,3.7,41,2,6,2,1.5,1,7,42,0.146,0.167,0.22,0.386,192,114,-0.612,1.12,0.842,,-3.7,36,13,12.0,1,67,14,33,15,19,8,0,66,1,0,0.112,2.7
NYN/NYN201608110,"Thursday, August 11, 2016",12:12 p.m. Local,Citi Field,39271,2:52,Day,Away,Arizona Diamondbacks,ARI,New York Mets,NYM,39,9,12,8,9.0,5,11,45,0.308,0.378,0.564,0.942,103,108,0.247,0.62,0.669,,4.7,27,8,9.0,0,58,21,29,10,19,11,0,77,0,0,0.255,4.3,30,0,5,0,0.0,1,7,31,0.167,0.194,0.167,0.36,176,66,-0.256,0.62,0.142,,-4.3,27,7,9.0,1,40,11,15,10,13,4,0,44,2,0,-0.246,-4.7
BOS/BOS201608120,"Friday, August 12, 2016",7:11 p.m. Local,Fenway Park,37555,2:53,Night,Home,Boston Red Sox,BOS,Arizona Diamondbacks,ARI,38,4,12,4,4.0,2,9,40,0.316,0.35,0.553,0.903,132,97,0.002,0.48,0.371,,-0.8,24,9,8.0,3,54,13,30,12,17,5,0,15,1,0,-0.502,-4.7,36,9,11,9,5.62,0,9,37,0.306,0.324,0.556,0.88,136,91,0.501,0.35,0.691,,4.7,27,8,9.0,2,55,13,23,14,13,7,0,57,0,0,-0.002,0.8
BOS/BOS201608130,"Saturday, August 13, 2016",7:10 p.m. Local,Fenway Park,37653,3:12,Night,Home,Boston Red Sox,BOS,Arizona Diamondbacks,ARI,30,3,5,3,3.0,7,7,37,0.167,0.324,0.167,0.491,140,95,-0.118,0.92,0.793,,-1.8,24,7,8.0,2,52,18,25,12,11,4,0,36,0,0,-0.382,-1.7,33,6,8,6,4.5,2,5,35,0.242,0.286,0.455,0.74,160,88,0.382,1.41,0.892,,1.7,27,12,9.0,0,57,9,22,10,18,6,0,43,4,1,0.117,1.8
BOS/BOS201608140,"Sunday, August 14, 2016",1:35 p.m. Local,Fenway Park,36842,2:49,Day,Home,Boston Red Sox,BOS,Arizona Diamondbacks,ARI,33,2,7,2,2.0,0,4,33,0.212,0.212,0.303,0.515,161,74,-0.111,0.21,0.073,,-2.8,24,8,8.0,4,47,5,22,14,15,7,0,2,1,1,-0.388,-11.7,44,16,19,15,16.88,4,7,48,0.432,0.479,0.773,1.252,107,102,0.388,0.23,0.489,,11.7,27,12,9.0,1,55,14,33,14,23,11,0,71,0,0,0.112,2.8
ARI/ARI201608150,"Monday, August 15, 2016",6:40 p.m. Local,Chase Field,17340,3:29,Night,Home,Arizona Diamondbacks,ARI,New York Mets,NYM,35,6,12,6,5.0,5,10,42,0.343,0.405,0.429,0.833,150,115,-0.118,0.58,0.668,,1.2,24,11,8.0,1,71,17,27,13,14,10,0,29,0,0,-0.381,-5.8,38,10,16,10,7.88,2,6,43,0.421,0.452,0.737,1.189,179,95,0.381,1.03,0.743,,5.8,27,7,9.0,1,57,13,25,12,22,13,0,48,3,3,0.119,-1.2
ARI/ARI201608160,"Tuesday, August 16, 2016",6:40 p.m. Local,Chase Field,20790,3:24,Night,Away,New York Mets,NYM,Arizona Diamondbacks,ARI,34,7,12,7,6.0,3,4,39,0.353,0.385,0.676,1.061,173,82,0.253,1.15,0.773,,2.2,27,13,9.0,1,54,10,19,9,23,11,0,49,4,1,0.246,-0.2,38,5,9,4,3.0,3,12,41,0.237,0.293,0.474,0.766,145,112,-0.247,0.76,0.68,,0.2,27,11,9.0,2,59,26,27,16,10,8,0,20,1,1,-0.254,-2.2
ARI/ARI201608170,"Wednesday, August 17, 2016",6:40 p.m. Local,Chase Field,18469,2:53,Night,Home,Arizona Diamondbacks,ARI,New York Mets,NYM,36,5,10,4,5.0,2,6,40,0.278,0.333,0.528,0.861,155,82,-0.204,0.46,0.217,,0.2,24,8,8.0,4,53,11,18,15,16,9,0,44,3,1,-0.297,-8.8,33,13,12,12,14.62,7,9,42,0.364,0.476,0.818,1.294,132,88,0.297,0.54,0.585,,8.8,27,17,9.0,2,40,16,32,9,16,8,0,62,6,1,0.203,-0.2
SDN/SDN201608180,"Thursday, August 18, 2016",7:10 p.m. Local,Petco Park,32103,3:49,Night,Home,San Diego Padres,SDP,Arizona Diamondbacks,ARI,39,8,14,7,7.0,5,5,45,0.359,0.432,0.538,0.97,163,96,0.529,1.38,1.732,,3.8,24,8,8.0,0,54,16,28,16,19,8,0,31,5,3,-1.029,-5.2,35,9,12,8,7.88,6,6,42,0.343,0.452,0.4,0.852,168,92,1.029,1.7,1.627,,5.2,27,13,9.0,1,53,13,28,13,16,10,0,39,0,0,-0.529,-3.8
SDN/SDN201608190,"Friday, August 19, 2016",7:40 p.m. Local,Petco Park,26080,3:58,Night,Home,San Diego Padres,SDP,Arizona Diamondbacks,ARI,40,4,13,3,2.7,8,11,49,0.325,0.438,0.375,0.813,139,119,0.007,1.5,1.507,,-0.7,28,10,9.1,2,69,18,32,18,12,7,0,61,1,0,-0.506,-2.5,35,7,11,7,6.75,5,11,41,0.314,0.39,0.571,0.962,205,87,0.504,1.82,1.55,,2.5,30,14,10.0,0,44,17,26,10,15,9,0,54,6,3,-0.004,0.7
SDN/SDN201608200,"Saturday, August 20, 2016",5:40 p.m. Local,Petco Park,32599,2:52,Night,Away,Arizona Diamondbacks,ARI,San Diego Padres,SDP,30,2,4,0,0.0,4,6,34,0.133,0.235,0.133,0.369,148,75,-0.13,1.95,0.662,,-2.2,27,4,9.0,1,40,13,22,16,8,5,0,83,4,0,0.63,3.2,31,1,3,1,1.0,3,15,34,0.097,0.176,0.226,0.402,123,99,-0.63,1.19,0.732,,-3.2,27,14,9.0,0,45,26,28,6,10,1,0,66,0,0,0.13,2.2
SDN/SDN201608210,"Sunday, August 21, 2016",1:42 p.m. Local,Petco Park,28150,2:30,Day,Home,San Diego Padres,SDP,Arizona Diamondbacks,ARI,32,1,5,1,0.0,0,8,32,0.156,0.156,0.156,0.313,136,84,-0.298,0.37,0.095,,-3.2,24,8,8.0,2,47,10,27,14,10,5,0,30,1,1,-0.202,-5.2,34,9,11,9,10.12,3,7,37,0.324,0.378,0.647,1.025,128,85,0.202,0.56,0.442,,5.2,27,11,9.0,0,48,19,18,10,17,10,0,70,0,0,0.298,3.2
ARI/ARI201608220,"Monday, August 22, 2016",6:40 p.m. Local,Chase Field,15789,3:18,Night,Home,Arizona Diamondbacks,ARI,Atlanta Braves,ATL,36,8,12,8,8.0,5,9,43,0.333,0.405,0.694,1.099,158,89,0.431,1.2,1.241,,3.2,24,7,8.0,2,48,13,28,15,14,6,0,45,1,0,-0.932,-4.8,37,9,16,9,10.12,1,9,39,0.432,0.436,0.703,1.139,153,106,0.932,1.31,1.637,,4.8,27,14,9.0,3,63,19,24,15,14,8,0,21,1,0,-0.43,-3.2
ARI/ARI201608230,"Tuesday, August 23, 2016",6:40 p.m. Local,Chase Field,18780,3:23,Night,Away,Atlanta Braves,ATL,Arizona Diamondbacks,ARI,37,7,12,6,5.0,5,11,45,0.324,0.4,0.405,0.805,153,103,0.457,1.06,1.469,,2.2,27,8,9.0,0,54,18,31,18,10,7,0,36,2,0,0.045,0.8,32,4,5,4,4.0,4,10,38,0.156,0.289,0.281,0.571,169,92,-0.045,1.55,0.654,,-0.8,27,10,9.0,0,43,18,31,11,11,7,0,45,0,0,-0.457,-2.2
ARI/ARI201608240,"Wednesday, August 24, 2016",6:40 p.m. Local,Chase Field,15376,4:46,Night,Home,Arizona Diamondbacks,ARI,Atlanta Braves,ATL,44,9,14,9,7.36,10,12,56,0.318,0.436,0.477,0.914,206,137,-0.034,1.1,1.504,,3.2,32,11,10.2,3,72,23,42,19,15,10,0,30,2,1,-0.467,-4.6,47,10,18,10,8.44,2,5,53,0.383,0.415,0.723,1.138,233,136,0.467,1.86,1.245,,4.6,33,12,11.0,1,86,19,31,17,27,11,0,46,5,2,0.035,-3.2
ARI/ARI201608250,"Thursday, August 25, 2016",6:40 p.m. Local,Chase Field,18698,2:55,Night,Away,Atlanta Braves,ATL,Arizona Diamondbacks,ARI,34,3,8,3,2.0,5,9,39,0.235,0.333,0.324,0.657,124,99,-0.03,1.14,0.48,,-1.8,27,12,9.0,0,55,19,26,16,9,6,0,75,0,0,0.532,3.8,29,1,2,1,1.0,3,5,32,0.069,0.156,0.069,0.225,161,78,-0.532,0.82,0.252,,-3.8,27,9,9.0,0,47,9,22,13,11,4,0,50,0,0,0.031,1.8
ARI/ARI201608260,"Friday, August 26, 2016",6:40 p.m. Local,Chase Field,26087,3:47,Night,Home,Arizona Diamondbacks,ARI,Cincinnati Reds,CIN,40,3,12,3,2.45,6,4,49,0.3,0.383,0.375,0.758,179,101,-0.15,1.69,1.444,,-2.8,32,8,10.2,1,60,12,29,20,19,11,0,68,0,0,-0.349,1.6,39,4,7,3,3.38,5,13,45,0.179,0.289,0.333,0.622,170,116,0.348,2.15,1.512,,-1.6,33,14,11.0,0,59,23,34,12,14,7,0,62,0,0,0.152,2.8
ARI/ARI201608270,"Saturday, August 27, 2016",5:10 p.m. Local,Chase Field,34395,2:32,Night,Away,Cincinnati Reds,CIN,Arizona Diamondbacks,ARI,44,13,16,12,12.0,2,6,47,0.364,0.404,0.75,1.154,108,97,0.441,0.13,0.528,,8.2,27,11,9.0,0,54,12,31,13,25,16,0,87,,,0.06,4.8,29,0,4,0,0.0,1,9,30,0.138,0.167,0.138,0.305,157,72,-0.06,0.24,0.035,,-4.8,27,7,9.0,5,39,14,19,11,9,4,0,3,0,0,-0.44,-8.2
ARI/ARI201608280,"Sunday, August 28, 2016",1:11 p.m. Local,Chase Field,22624,2:57,Day,Home,Arizona Diamondbacks,ARI,Cincinnati Reds,CIN,30,2,5,2,2.0,0,7,30,0.167,0.167,0.367,0.533,176,77,-0.149,0.46,0.219,,-2.8,24,10,8.0,1,43,7,27,14,9,5,0,29,0,0,-0.352,-6.8,41,11,18,10,11.25,1,7,43,0.439,0.442,0.561,1.003,121,115,0.349,0.49,0.516,,6.8,27,15,9.0,2,70,14,31,17,18,11,0,57,0,0,0.15,2.8
SFN/SFN201608300,"Tuesday, August 30, 2016",7:16 p.m. Local,AT&T Park,41443,3:18,Night,Away,Arizona Diamondbacks,ARI,San Francisco Giants,SFG,33,4,7,4,4.0,5,5,38,0.212,0.316,0.273,0.589,155,90,0.161,1.35,0.732,,-0.3,27,10,9.0,0,53,10,27,13,15,4,0,53,2,0,0.34,1.3,33,3,8,3,2.0,4,2,39,0.242,0.333,0.333,0.667,148,94,-0.338,0.96,0.639,,-1.3,27,10,9.0,0,59,10,25,14,18,7,0,39,2,0,-0.159,0.3
SFN/SFN201608310,"Wednesday, August 31, 2016",12:45 p.m. Local,AT&T Park,41447,3:33,Day,Home,San Francisco Giants,SFG,Arizona Diamondbacks,ARI,35,2,9,2,2.0,3,11,38,0.257,0.316,0.371,0.687,141,98,-0.38,0.66,0.49,,-2.3,24,7,8.0,0,58,21,19,12,12,6,0,54,3,1,-0.121,-0.2,32,4,9,4,4.5,3,5,37,0.281,0.351,0.469,0.82,158,92,0.121,1.23,0.515,,0.2,27,10,9.0,1,66,8,18,12,16,10,0,60,4,1,0.38,2.3
COL/COL201609020,"Friday, September 2, 2016",6:42 p.m. Local,Coors Field,23002,3:11,Night,Home,Colorado Rockies,COL,Arizona Diamondbacks,ARI,36,7,10,5,2.0,4,6,41,0.278,0.35,0.417,0.767,152,85,0.235,1.39,0.943,,1.8,24,14,8.0,2,44,11,30,19,12,6,0,25,4,3,-0.734,-9.4,36,14,14,12,14.62,6,3,44,0.389,0.488,0.583,1.072,142,92,0.736,1.01,1.573,,9.4,27,15,9.0,1,63,9,20,19,15,9,0,41,0,0,-0.235,-1.8
COL/COL201609030,"Saturday, September 3, 2016",6:10 p.m. Local,Coors Field,30280,3:11,Night,Away,Arizona Diamondbacks,ARI,Colorado Rockies,COL,40,9,14,9,8.0,2,5,42,0.35,0.381,0.5,0.881,151,99,0.376,0.73,0.641,,3.8,27,9,9.0,2,60,17,23,20,15,8,0,39,3,0,0.122,1.2,35,4,10,4,4.0,2,9,37,0.286,0.324,0.514,0.839,149,93,-0.121,0.5,0.457,,-1.2,27,11,9.0,1,52,19,22,11,15,11,0,33,1,1,-0.378,-3.8
COL/COL201609040,"Sunday, September 4, 2016",2:10 p.m. Local,Coors Field,31981,3:20,Day,Away,Arizona Diamondbacks,ARI,Colorado Rockies,COL,34,8,10,8,8.0,2,7,39,0.294,0.359,0.441,0.8,163,92,0.351,1.05,0.958,,2.8,27,9,9.0,1,59,13,20,10,18,11,0,56,1,1,0.15,0.2,37,5,11,4,5.0,2,12,39,0.297,0.333,0.459,0.793,139,114,-0.151,0.94,0.687,,-0.2,27,11,9.0,1,67,24,23,10,15,10,0,45,2,0,-0.35,-2.8
LAN/LAN201609050,"Monday, September 5, 2016",5:11 p.m. Local,Dodger Stadium,41820,3:12,Night,Home,Los Angeles Dodgers,LAD,Arizona Diamondbacks,ARI,31,2,4,2,2.0,3,9,34,0.129,0.206,0.161,0.367,165,88,-0.274,0.4,0.053,,-2.3,24,12,8.0,5,37,22,29,8,14,7,0,20,0,0,-0.225,-6.2,34,10,11,9,11.25,3,9,38,0.324,0.378,0.824,1.202,142,100,0.224,0.43,0.489,,6.2,27,7,9.0,0,55,24,21,13,13,5,0,70,2,0,0.276,2.3
LAN/LAN201609060,"Tuesday, September 6, 2016",7:10 p.m. Local,Dodger Stadium,42457,2:49,Night,Home,Los Angeles Dodgers,LAD,Arizona Diamondbacks,ARI,30,2,4,2,2.0,1,10,32,0.133,0.156,0.3,0.456,139,76,-0.239,0.67,0.243,,-2.3,24,11,8.0,0,31,17,28,8,13,4,0,25,2,0,-0.262,-1.2,33,5,11,5,4.5,2,6,35,0.333,0.371,0.424,0.796,115,85,0.262,0.73,0.577,,1.2,27,7,9.0,1,47,14,24,12,15,11,0,58,0,0,0.239,2.3
LAN/LAN201609070,"Wednesday, September 7, 2016",7:10 p.m. Local,Dodger Stadium,44352,3:05,Night,Home,Los Angeles Dodgers,LAD,Arizona Diamondbacks,ARI,34,1,7,1,1.0,5,8,39,0.206,0.308,0.235,0.543,123,98,-0.468,0.7,0.579,,-3.3,24,5,8.0,1,51,19,28,10,16,5,0,64,3,0,-0.031,0.8,27,3,4,3,3.38,4,12,32,0.148,0.25,0.296,0.546,149,76,0.032,1.45,0.396,,-0.8,27,8,9.0,0,31,20,25,6,10,3,0,52,4,0,0.469,3.3
ARI/ARI201609090,"Friday, September 9, 2016",6:41 p.m. Local,Chase Field,26492,5:23,Night,Away,San Francisco Giants,SFG,Arizona Diamondbacks,ARI,45,7,12,6,5.25,9,10,55,0.267,0.382,0.4,0.782,229,137,0.395,2.06,2.072,,0.6,36,11,12.0,3,83,23,31,19,17,8,0,52,0,0,0.413,1.2,45,6,10,6,4.5,5,14,51,0.222,0.314,0.467,0.78,242,140,-0.106,1.9,1.795,,-0.4,36,14,12.0,1,75,34,43,14,18,9,0,51,9,1,-0.395,-0.6
ARI/ARI201609100,"Saturday, September 10, 2016",5:10 p.m. Local,Chase Field,32301,3:09,Night,Away,San Francisco Giants,SFG,Arizona Diamondbacks,ARI,43,11,19,9,11.0,5,8,49,0.442,0.5,0.698,1.198,130,114,0.281,0.44,0.645,,6.2,27,16,9.0,2,72,16,26,21,15,10,0,67,0,0,0.219,1.8,30,3,5,3,3.0,3,8,33,0.167,0.242,0.433,0.676,177,87,-0.219,0.53,0.122,,-1.8,27,13,9.0,1,44,17,26,18,4,1,0,24,1,1,-0.282,-6.2
ARI/ARI201609110,"Sunday, September 11, 2016",1:11 p.m. Local,Chase Field,26008,3:19,Day,Away,San Francisco Giants,SFG,Arizona Diamondbacks,ARI,33,5,8,5,5.0,5,6,39,0.242,0.342,0.364,0.706,136,97,0.215,1.22,0.882,,0.2,27,6,9.0,1,54,16,27,16,12,6,0,63,2,0,0.284,1.8,37,3,11,3,3.0,1,15,38,0.297,0.316,0.514,0.829,160,100,-0.285,1.31,0.649,,-1.8,27,11,9.0,1,43,22,35,8,14,11,0,47,2,1,-0.216,-0.2
ARI/ARI201609120,"Monday, September 12, 2016",6:41 p.m. Local,Chase Field,20637,3:42,Night,Home,Arizona Diamondbacks,ARI,Colorado Rockies,COL,41,9,14,7,7.0,2,9,43,0.341,0.372,0.537,0.909,159,112,0.392,0.86,1.101,,4.2,24,10,8.0,3,66,22,24,8,24,13,0,28,1,0,-0.894,-7.8,39,12,16,11,12.38,3,10,43,0.41,0.452,0.744,1.196,172,107,0.894,1.0,1.413,,7.8,27,7,9.0,1,55,18,34,13,17,11,0,35,1,1,-0.392,-4.2
ARI/ARI201609130,"Tuesday, September 13, 2016",6:40 p.m. Local,Chase Field,20897,3:28,Night,Home,Arizona Diamondbacks,ARI,Colorado Rockies,COL,35,4,8,4,4.0,2,11,37,0.229,0.27,0.457,0.727,186,107,0.059,0.65,0.439,,-0.8,24,11,8.0,3,67,21,19,4,20,7,0,21,3,2,-0.559,-6.8,39,11,17,10,11.25,8,10,48,0.436,0.532,0.795,1.327,151,106,0.557,0.58,0.933,,6.8,27,4,9.0,1,56,17,33,18,12,6,0,45,0,0,-0.058,0.8
ARI/ARI201609140,"Wednesday, September 14, 2016",6:40 p.m. Local,Chase Field,19801,3:49,Night,Home,Arizona Diamondbacks,ARI,Colorado Rockies,COL,36,6,13,6,6.0,4,9,42,0.361,0.415,0.639,1.054,190,101,-0.161,0.44,0.557,,1.2,24,9,8.0,4,57,16,28,15,14,12,0,29,8,2,-0.338,-6.8,42,11,17,9,9.0,4,7,47,0.405,0.468,0.762,1.23,176,121,0.338,0.9,0.664,,6.8,27,11,9.0,2,74,15,32,19,16,12,0,44,5,2,0.162,-1.2
ARI/ARI201609150,"Thursday, September 15, 2016",6:40 p.m. Local,Chase Field,27126,2:39,Night,Home,Arizona Diamondbacks,ARI,Los Angeles Dodgers,LAD,35,3,9,2,3.0,2,11,37,0.257,0.297,0.343,0.64,143,86,-0.287,0.58,0.486,,-1.8,24,6,8.0,2,44,15,27,10,14,8,0,51,1,1,-0.215,-2.8,29,7,6,7,7.88,3,12,33,0.207,0.281,0.414,0.695,119,97,0.214,0.98,0.518,,2.8,27,10,9.0,0,40,17,40,7,11,3,0,47,1,0,0.286,1.8
ARI/ARI201609160,"Friday, September 16, 2016",6:40 p.m. Local,Chase Field,28211,3:32,Night,Away,Los Angeles Dodgers,LAD,Arizona Diamondbacks,ARI,31,3,5,1,1.0,4,6,35,0.161,0.257,0.258,0.515,174,90,-0.051,1.72,0.409,,-1.8,27,9,9.0,0,51,13,26,9,16,8,0,60,1,0,0.551,2.8,32,2,6,2,2.0,7,12,40,0.188,0.325,0.313,0.638,144,106,-0.55,0.76,0.681,,-2.8,27,9,9.0,0,54,22,30,10,11,7,0,56,0,0,0.051,1.8
ARI/ARI201609170,"Saturday, September 17, 2016",5:11 p.m. Local,Chase Field,38255,3:12,Night,Away,Los Angeles Dodgers,LAD,Arizona Diamondbacks,ARI,36,6,11,4,6.0,4,4,41,0.306,0.366,0.528,0.894,135,91,0.195,0.81,0.68,,1.2,27,7,9.0,2,65,9,17,16,17,5,0,54,0,0,0.306,2.8,33,2,6,2,2.0,1,15,34,0.182,0.206,0.364,0.57,149,90,-0.305,0.74,0.292,,-2.8,27,13,9.0,1,44,22,24,6,12,6,0,38,4,0,-0.194,-1.2
ARI/ARI201609180,"Sunday, September 18, 2016",1:10 p.m. Local,Chase Field,26159,4:29,Day,Home,Arizona Diamondbacks,ARI,Los Angeles Dodgers,LAD,46,9,10,9,6.75,7,14,53,0.217,0.321,0.37,0.69,206,130,-0.13,1.57,1.241,,2.6,35,14,11.2,3,72,34,24,16,16,6,0,27,5,0,-0.368,-4.1,49,10,16,10,6.17,8,12,59,0.327,0.421,0.592,1.013,209,123,0.365,1.5,1.75,,4.1,36,13,12.0,1,69,19,35,18,21,8,0,45,6,4,0.132,-2.6
SDN/SDN201609190,"Monday, September 19, 2016",7:10 p.m. Local,Petco Park,20250,2:46,Night,Home,San Diego Padres,SDP,Arizona Diamondbacks,ARI,32,2,7,2,2.0,2,5,34,0.219,0.265,0.281,0.546,142,78,-0.462,0.74,0.456,,-2.2,24,7,8.0,1,47,8,23,18,9,5,0,42,1,0,-0.038,0.8,31,3,8,3,2.25,3,5,34,0.258,0.324,0.355,0.678,126,84,0.037,1.28,0.489,,-0.8,27,16,9.0,0,46,13,25,10,16,7,0,53,1,0,0.462,2.2
SDN/SDN201609200,"Tuesday, September 20, 2016",8:20 p.m. Local,Petco Park,34319,2:57,Night,Home,San Diego Padres,SDP,Arizona Diamondbacks,ARI,31,2,4,2,0.0,2,5,33,0.129,0.182,0.29,0.472,150,86,-0.221,0.76,0.542,,-2.2,24,7,8.0,1,53,9,24,8,18,8,0,59,0,0,-0.28,-1.2,26,5,4,5,5.62,5,12,34,0.154,0.294,0.385,0.679,129,91,0.28,1.05,0.663,,1.2,27,5,9.0,1,47,16,28,6,10,5,0,62,0,0,0.22,2.2
SDN/SDN201609210,"Wednesday, September 21, 2016",6:11 p.m. Local,Petco Park,22110,2:50,Night,Away,Arizona Diamondbacks,ARI,San Diego Padres,SDP,30,3,5,3,3.0,1,2,31,0.167,0.194,0.367,0.56,160,71,-0.009,1.49,0.584,,-1.2,27,6,9.0,1,41,9,21,16,12,5,0,63,2,0,0.508,2.2,31,2,4,2,2.0,5,11,36,0.129,0.25,0.29,0.54,116,93,-0.506,0.82,0.555,,-2.2,27,15,9.0,2,47,13,33,7,13,7,0,57,0,0,0.007,1.2
BAL/BAL201609230,"Friday, September 23, 2016",7:08 p.m. Local,Oriole Park at Camden Yards,37815,4:00,Night,Home,Baltimore Orioles,BAL,Arizona Diamondbacks,ARI,43,2,9,2,1.5,2,13,45,0.209,0.244,0.302,0.547,186,119,-0.581,1.98,0.483,,-4.2,33,9,11.0,3,64,21,34,14,16,7,0,66,3,0,0.082,2.7,41,3,9,3,2.45,6,8,50,0.22,0.333,0.463,0.797,184,112,-0.082,1.14,1.619,,-2.7,36,13,12.0,0,62,17,33,13,22,5,0,55,0,0,0.582,4.2
BAL/BAL201609240,"Saturday, September 24, 2016",7:08 p.m. Local,Oriole Park at Camden Yards,40610,2:36,Night,Home,Baltimore Orioles,BAL,Arizona Diamondbacks,ARI,34,1,7,1,1.0,0,11,34,0.206,0.206,0.265,0.471,149,84,-0.268,0.52,0.062,,-3.7,24,12,8.0,2,50,13,21,12,11,5,0,32,2,0,-0.231,-1.9,32,6,10,6,5.62,4,8,38,0.312,0.395,0.563,0.957,118,93,0.234,0.43,0.544,,1.9,27,9,9.0,0,50,13,30,16,9,5,0,77,1,0,0.268,3.7
BAL/BAL201609250,"Sunday, September 25, 2016",1:40 p.m. Local,Oriole Park at Camden Yards,31229,2:43,Day,Home,Baltimore Orioles,BAL,Arizona Diamondbacks,ARI,31,1,4,1,1.0,2,11,35,0.129,0.229,0.161,0.39,132,103,-0.648,0.78,0.426,,-3.7,24,10,8.0,1,55,23,25,11,9,3,0,59,0,0,0.147,2.1,28,2,5,2,2.25,3,10,31,0.179,0.258,0.321,0.579,154,80,-0.146,1.48,0.398,,-2.1,27,11,9.0,0,41,17,22,10,8,3,0,61,0,0,0.648,3.7
WAS/WAS201609260,"Monday, September 26, 2016",7:06 p.m. Local,Nationals Park,18707,3:21,Night,Away,Arizona Diamondbacks,ARI,Washington Nationals,WSN,41,14,13,14,13.0,2,12,44,0.317,0.364,0.732,1.095,161,108,0.582,1.02,0.895,,9.4,27,7,9.0,0,68,15,25,9,20,8,0,34,3,0,-0.083,0.6,33,4,8,4,4.0,5,11,38,0.242,0.342,0.364,0.706,168,94,0.083,0.62,0.697,,-0.6,27,5,9.0,5,54,13,27,13,9,4,0,39,0,0,-0.582,-9.4
WAS/WAS201609270,"Tuesday, September 27, 2016",7:05 p.m. Local,Nationals Park,24297,2:40,Night,Home,Washington Nationals,WSN,Arizona Diamondbacks,ARI,32,2,6,2,2.0,2,11,35,0.188,0.235,0.344,0.579,112,88,-0.272,1.18,0.396,,-2.6,24,6,8.0,1,40,25,23,9,13,9,0,59,2,2,-0.227,0.1,26,4,3,4,4.5,2,6,30,0.115,0.2,0.231,0.431,128,74,0.229,0.92,0.738,,-0.1,27,8,9.0,1,43,6,25,8,13,5,0,60,0,0,0.272,2.6
WAS/WAS201609280,"Wednesday, September 28, 2016",7:38 p.m. Local,Nationals Park,20577,1:55,Night,Away,Arizona Diamondbacks,ARI,Washington Nationals,WSN,23,3,8,3,5.06,3,4,26,0.348,0.423,0.391,0.814,74,64,0.084,1.2,0.51,,0.2,15,3,5.0,0,36,10,18,10,9,6,0,61,,,0.268,2.6,18,0,5,0,0.0,1,5,19,0.278,0.316,0.278,0.594,112,52,-0.268,1.08,0.215,,-2.6,16,6,5.1,0,31,7,14,6,7,5,0,34,2,0,-0.085,-0.2
WAS/WAS201609290,"Thursday, September 29, 2016",1:05 p.m. Local,Nationals Park,21618,2:55,Day,Home,Washington Nationals,WSN,Arizona Diamondbacks,ARI,33,3,6,3,3.0,3,9,36,0.182,0.25,0.273,0.523,117,100,-0.244,0.61,0.372,,-1.6,24,7,8.0,2,60,13,27,12,12,6,0,33,2,0,-0.256,-0.9,31,5,7,5,5.62,4,6,35,0.226,0.314,0.452,0.766,156,71,0.256,0.92,0.514,,0.9,27,11,9.0,1,37,11,23,8,17,7,0,55,0,0,0.245,1.6
ARI/ARI201609300,"Friday, September 30, 2016",6:40 p.m. Local,Chase Field,42651,2:51,Night,Home,Arizona Diamondbacks,ARI,San Diego Padres,SDP,36,3,9,3,3.0,2,7,39,0.25,0.308,0.389,0.697,119,94,-0.285,0.85,0.762,,-1.8,24,6,8.0,2,55,16,23,13,16,10,0,43,0,0,-0.213,-0.8,28,5,6,5,5.62,2,6,31,0.214,0.267,0.464,0.731,148,72,0.215,1.38,0.694,,0.8,27,9,9.0,1,40,17,15,8,15,7,0,42,1,0,0.287,1.8
ARI/ARI201610010,"Saturday, October 1, 2016",5:10 p.m. Local,Chase Field,32811,2:46,Night,Home,Arizona Diamondbacks,ARI,San Diego Padres,SDP,38,5,11,5,5.0,1,12,39,0.289,0.308,0.421,0.729,127,93,-0.152,0.46,0.344,,0.2,24,16,8.0,2,46,18,29,9,17,11,0,26,1,0,-0.348,-4.8,29,9,10,7,6.75,4,3,35,0.345,0.4,0.655,1.055,137,77,0.348,0.66,0.485,,4.8,27,7,9.0,0,42,15,20,17,11,7,0,66,3,0,0.152,-0.2
ARI/ARI201610020,"Sunday, October 2, 2016",12:10 p.m. Local,Chase Field,31385,2:37,Day,Home,Arizona Diamondbacks,ARI,San Diego Padres,SDP,33,2,7,2,2.0,0,9,34,0.212,0.212,0.333,0.545,116,82,-0.313,1.43,0.51,,-2.8,26,8,8.2,1,50,15,17,15,10,4,0,65,0,0,-0.186,1.5,32,3,9,3,3.12,2,9,36,0.281,0.343,0.406,0.749,120,77,0.185,1.2,1.205,,-1.5,27,11,9.0,0,40,18,19,10,14,8,0,61,1,0,0.313,2.8
