,date,time,venue,attendance,duration,time_of_day,winner,winning_name,winning_abbr,losing_name,losing_abbr,away_at_bats,away_runs,away_hits,away_rbi,away_earned_runs,away_bases_on_balls,away_strikeouts,away_plate_appearances,away_batting_average,away_on_base_percentage,away_slugging_percentage,away_on_base_plus,away_pitches,away_strikes,away_win_probability_for_offensive_player,away_average_leverage_index,away_win_probability_added,away_win_probability_subtracted,away_base_out_runs_added,away_putouts,away_assists,away_innings_pitched,away_home_runs,away_strikes_by_contact,away_strikes_swinging,away_strikes_looking,away_grounded_balls,away_fly_balls,away_line_drives,away_unknown_bat_type,away_game_score,away_inherited_runners,away_inherited_score,away_win_probability_by_pitcher,away_base_out_runs_saved,home_at_bats,home_runs,home_hits,home_rbi,home_earned_runs,home_bases_on_balls,home_strikeouts,home_plate_appearances,home_batting_average,home_on_base_percentage,home_slugging_percentage,home_on_base_plus,home_pitches,home_strikes,home_win_probability_for_offensive_player,home_average_leverage_index,home_win_probability_added,home_win_probability_subtracted,home_base_out_runs_added,home_putouts,home_assists,home_innings_pitched,home_home_runs,home_strikes_by_contact,home_strikes_swinging,home_strikes_looking,home_grounded_balls,home_fly_balls,home_line_drives,home_unknown_bat_type,home_game_score,home_inherited_runners,home_inherited_score,home_win_probability_by_pitcher,home_base_out_runs_saved
CLE/CLE201604050,"Tuesday, April 5, 2016",1:11 p.m. Local,Progressive Field,34493,3:13,Day,Away,Boston Red Sox,BOS,Cleveland Indians,CLE,37,6,11,5,6.0,6,8,43,0.297,0.395,0.486,0.882,146,100,0.159,1.12,0.806,,1.0,27,6,9.0,0,47,14,39,10,19,13,0,62,0,0,0.341,3.0,31,2,5,2,2.0,3,15,35,0.161,0.229,0.161,0.39,166,96,-0.341,0.93,0.384,,-3.0,27,8,9.0,2,39,20,37,8,9,8,0,37,5,0,-0.16,-1.0
CLE/CLE201604060,"Wednesday, April 6, 2016",6:22 p.m. Local,Progressive Field,10298,3:29,Night,Home,Cleveland Indians,CLE,Boston Red Sox,BOS,36,6,10,6,6.0,3,7,40,0.278,0.325,0.583,0.908,159,99,-0.056,0.91,0.8,,1.0,24,7,8.0,2,57,15,27,12,18,11,0,31,3,0,-0.447,-2.6,31,7,9,7,7.88,6,6,38,0.29,0.395,0.548,0.943,158,93,0.447,1.33,0.965,,2.6,27,10,9.0,3,54,13,26,7,19,14,0,41,2,1,0.053,-1.0
TOR/TOR201604080,"Friday, April 8, 2016",7:27 p.m. Local,Rogers Centre,48871,3:24,Night,Away,Boston Red Sox,BOS,Toronto Blue Jays,TOR,38,8,11,8,8.0,3,8,41,0.289,0.341,0.474,0.815,165,97,0.433,1.27,1.041,,3.3,27,10,9.0,1,52,15,30,14,16,9,0,18,0,0,0.067,-2.3,34,7,9,7,7.0,5,10,42,0.265,0.366,0.412,0.778,158,99,-0.067,1.1,0.792,,2.3,27,12,9.0,1,55,20,24,14,12,6,0,37,5,5,-0.433,-3.3
TOR/TOR201604090,"Saturday, April 9, 2016",1:09 p.m. Local,Rogers Centre,47138,2:48,Day,Away,Boston Red Sox,BOS,Toronto Blue Jays,TOR,38,8,11,7,7.0,4,13,43,0.289,0.349,0.474,0.823,143,104,0.558,0.71,1.041,,3.3,27,9,9.0,2,55,20,29,10,16,9,0,48,0,0,-0.059,0.7,35,4,7,4,4.0,1,10,36,0.2,0.222,0.4,0.622,165,97,0.06,0.88,0.529,,-0.7,27,8,9.0,0,47,14,36,11,14,8,0,32,0,0,-0.56,-3.3
TOR/TOR201604100,"Sunday, April 10, 2016",1:07 p.m. Local,Rogers Centre,46158,2:27,Day,Home,Toronto Blue Jays,TOR,Boston Red Sox,BOS,32,0,7,0,0.0,2,11,34,0.219,0.265,0.281,0.546,138,83,-0.52,0.7,0.311,,-4.7,24,15,8.0,1,41,18,24,7,14,5,0,58,1,0,0.02,1.1,28,3,7,2,2.25,4,5,32,0.25,0.344,0.393,0.737,122,89,-0.021,1.13,0.334,,-1.1,27,7,9.0,0,48,17,24,14,9,4,0,73,0,0,0.521,4.7
BOS/BOS201604110,"Monday, April 11, 2016",2:05 p.m. Local,Fenway Park,37160,3:26,Day,Away,Baltimore Orioles,BAL,Boston Red Sox,BOS,35,9,9,9,9.0,4,15,40,0.257,0.35,0.514,0.864,172,99,0.599,1.48,1.56,,4.2,27,8,9.0,1,44,29,26,7,14,6,0,35,1,0,-0.099,-2.2,36,7,11,7,7.0,4,8,41,0.306,0.366,0.444,0.81,158,100,0.1,1.46,1.139,,2.2,27,5,9.0,2,60,14,26,13,16,4,0,43,0,0,-0.599,-4.2
BOS/BOS201604120,"Tuesday, April 12, 2016",7:11 p.m. Local,Fenway Park,31114,3:23,Night,Away,Baltimore Orioles,BAL,Boston Red Sox,BOS,36,9,11,9,9.0,5,9,43,0.306,0.395,0.611,1.006,158,104,0.572,0.91,1.143,,4.2,27,13,9.0,1,55,19,30,8,20,7,0,44,1,0,-0.072,-0.2,35,5,10,4,5.0,1,4,38,0.286,0.342,0.486,0.828,174,107,0.073,0.93,0.689,,0.2,27,8,9.0,3,64,14,29,15,16,6,0,39,3,2,-0.572,-4.2
BOS/BOS201604130,"Wednesday, April 13, 2016",7:10 p.m. Local,Fenway Park,31011,3:13,Night,Home,Boston Red Sox,BOS,Baltimore Orioles,BAL,34,2,9,2,2.0,5,10,39,0.265,0.359,0.441,0.8,143,102,-0.361,0.93,0.476,,-2.8,24,10,8.0,0,47,28,29,10,14,6,0,40,0,0,-0.138,0.3,30,4,8,4,4.5,4,7,34,0.267,0.353,0.367,0.72,167,88,0.138,1.08,0.703,,-0.3,27,11,9.0,1,51,8,29,12,11,6,0,46,1,0,0.362,2.8
BOS/BOS201604150,"Friday, April 15, 2016",7:10 p.m. Local,Fenway Park,31415,3:02,Night,Home,Boston Red Sox,BOS,Toronto Blue Jays,TOR,29,3,3,3,3.0,2,12,33,0.103,0.212,0.31,0.522,166,89,-0.323,0.56,0.321,,-1.8,24,14,8.0,0,46,11,32,7,10,1,0,39,4,1,-0.179,-0.7,32,5,9,5,3.38,6,7,38,0.281,0.395,0.375,0.77,146,101,0.181,0.9,0.53,,0.7,27,8,9.0,2,51,18,32,12,13,5,0,64,0,0,0.32,1.8
BOS/BOS201604160,"Saturday, April 16, 2016",4:05 p.m. Local,Fenway Park,36267,2:43,Day,Home,Boston Red Sox,BOS,Toronto Blue Jays,TOR,32,2,7,2,2.0,0,12,32,0.219,0.219,0.344,0.563,118,93,-0.386,0.82,0.374,,-2.8,24,10,8.0,1,45,21,27,8,12,4,0,42,0,0,-0.113,0.3,31,4,9,4,4.5,2,3,33,0.29,0.333,0.419,0.753,135,78,0.113,1.07,0.572,,-0.3,27,6,9.0,0,45,7,26,14,14,4,0,66,0,0,0.386,2.8
BOS/BOS201604170,"Sunday, April 17, 2016",1:37 p.m. Local,Fenway Park,37217,3:09,Day,Away,Toronto Blue Jays,TOR,Boston Red Sox,BOS,40,5,14,5,5.0,1,12,43,0.35,0.395,0.475,0.87,136,110,0.097,0.98,0.622,,0.2,27,9,9.0,1,62,20,28,9,19,8,0,72,0,0,0.404,1.8,31,3,4,3,3.0,4,10,35,0.129,0.229,0.226,0.454,176,90,-0.404,0.7,0.323,,-1.8,27,4,9.0,1,45,11,34,11,10,3,0,58,1,1,-0.096,-0.2
BOS/BOS201604180,"Monday, April 18, 2016",11:07 a.m. Local,Fenway Park,37168,3:12,Day,Away,Toronto Blue Jays,TOR,Boston Red Sox,BOS,30,4,8,4,4.0,7,5,38,0.267,0.421,0.267,0.688,130,93,0.16,0.98,1.122,,-0.8,27,8,9.0,0,56,13,24,14,11,5,0,68,1,0,0.339,1.8,32,3,7,3,3.0,1,6,33,0.219,0.242,0.344,0.586,166,84,-0.339,1.59,0.384,,-1.8,27,14,9.0,0,52,9,23,10,16,7,0,62,4,3,-0.162,0.8
BOS/BOS201604190,"Tuesday, April 19, 2016",7:11 p.m. Local,Fenway Park,32061,3:25,Night,Away,Tampa Bay Rays,TBR,Boston Red Sox,BOS,37,3,6,3,0.9,5,13,43,0.162,0.279,0.324,0.603,126,113,-0.258,1.14,0.795,,-2.4,30,9,10.0,0,58,23,32,8,16,3,0,89,0,0,0.759,5.4,30,0,1,0,0.0,2,14,32,0.033,0.094,0.033,0.127,179,88,-0.759,1.32,0.171,,-5.4,30,6,10.0,1,39,19,30,9,7,1,0,51,4,2,0.259,2.4
BOS/BOS201604200,"Wednesday, April 20, 2016",7:09 p.m. Local,Fenway Park,31689,3:02,Night,Home,Boston Red Sox,BOS,Tampa Bay Rays,TBR,34,3,7,3,3.0,2,11,36,0.206,0.25,0.412,0.662,145,84,-0.197,0.35,0.154,,-1.8,24,7,8.0,1,45,16,23,9,14,2,0,26,2,0,-0.303,-2.7,34,7,12,7,7.88,3,9,38,0.353,0.421,0.529,0.95,138,92,0.301,0.45,0.489,,2.7,27,8,9.0,1,52,13,27,10,15,8,0,61,0,0,0.197,1.8
BOS/BOS201604210,"Thursday, April 21, 2016",1:35 p.m. Local,Fenway Park,37954,4:16,Day,Away,Tampa Bay Rays,TBR,Boston Red Sox,BOS,40,12,15,11,12.0,6,8,51,0.375,0.5,0.65,1.15,188,114,0.831,1.44,1.451,,7.2,27,4,9.0,2,65,23,26,10,23,6,0,28,7,1,-0.329,-3.2,42,8,15,7,8.0,5,8,47,0.357,0.426,0.667,1.092,186,115,0.33,0.92,1.398,,3.2,27,9,9.0,2,58,13,44,9,25,10,0,16,2,2,-0.83,-7.2
HOU/HOU201604220,"Friday, April 22, 2016",7:10 p.m. Local,Minute Maid Park,26672,3:28,Night,Away,Boston Red Sox,BOS,Houston Astros,HOU,37,6,15,5,6.0,1,6,40,0.405,0.425,0.595,1.02,167,110,0.262,0.64,0.538,,1.7,27,9,9.0,0,64,18,28,15,17,12,0,65,4,0,0.238,2.3,32,2,6,1,1.0,7,10,39,0.188,0.333,0.188,0.521,159,105,-0.239,0.51,0.278,,-2.3,27,15,9.0,0,52,20,33,11,11,8,0,24,0,0,-0.261,-1.7
HOU/HOU201604230,"Saturday, April 23, 2016",3:05 p.m. Local,Minute Maid Park,40232,3:28,Day,Home,Houston Astros,HOU,Boston Red Sox,BOS,35,3,9,3,3.0,2,9,38,0.257,0.289,0.314,0.604,159,92,-0.213,0.85,0.542,,-1.3,24,8,8.0,1,46,16,30,12,15,8,0,42,2,0,-0.286,-4.2,35,8,12,8,9.0,5,8,41,0.343,0.439,0.6,1.039,144,97,0.287,1.07,0.754,,4.2,27,7,9.0,0,54,13,30,12,15,8,0,54,3,1,0.213,1.3
HOU/HOU201604240,"Sunday, April 24, 2016",7:08 p.m. Local,Minute Maid Park,32416,5:03,Night,Away,Boston Red Sox,BOS,Houston Astros,HOU,49,7,16,6,3.75,5,7,56,0.327,0.382,0.429,0.81,218,141,0.308,1.61,1.161,,1.3,36,5,12.0,2,92,11,38,25,19,9,0,38,3,0,0.193,0.7,47,5,11,5,3.75,5,15,53,0.234,0.302,0.447,0.749,219,141,-0.191,1.23,1.429,,-0.7,36,17,12.0,0,75,28,38,9,24,8,0,30,4,0,-0.308,-1.3
ATL/ATL201604250,"Monday, April 25, 2016",7:10 p.m. Local,Turner Field,22735,2:55,Night,Away,Boston Red Sox,BOS,Atlanta Braves,ATL,33,1,6,1,1.0,3,11,36,0.182,0.25,0.333,0.583,134,97,-0.291,1.59,0.496,,-3.4,27,10,9.0,0,56,15,26,10,12,6,0,69,2,0,0.791,4.4,30,0,4,0,0.0,3,10,33,0.133,0.212,0.167,0.379,139,92,-0.792,1.07,0.318,,-4.4,27,8,9.0,1,55,13,24,14,6,3,0,66,0,0,0.291,3.4
ATL/ATL201604260,"Tuesday, April 26, 2016",7:10 p.m. Local,Turner Field,23487,2:52,Night,Away,Boston Red Sox,BOS,Atlanta Braves,ATL,39,11,13,10,11.0,3,5,43,0.333,0.395,0.641,1.036,130,101,0.307,0.83,0.555,,6.6,27,7,9.0,0,60,9,32,15,19,6,0,74,0,0,0.194,0.4,35,4,8,4,4.0,3,14,39,0.229,0.282,0.229,0.511,153,85,-0.196,0.42,0.327,,-0.4,27,13,9.0,1,40,18,27,11,11,7,0,37,1,0,-0.306,-6.6
BOS/BOS201604270,"Wednesday, April 27, 2016",7:10 p.m. Local,Fenway Park,33380,3:02,Night,Home,Boston Red Sox,BOS,Atlanta Braves,ATL,35,4,6,4,3.0,3,10,39,0.171,0.256,0.314,0.571,160,96,-0.085,0.43,0.429,,-0.8,24,10,8.0,2,51,21,24,9,16,4,0,14,1,0,-0.415,-4.7,34,9,11,9,10.12,6,6,40,0.324,0.425,0.647,1.072,146,97,0.416,0.72,0.58,,4.7,27,8,9.0,1,62,11,24,11,17,6,0,70,0,0,0.086,0.8
BOS/BOS201604280,"Thursday, April 28, 2016",7:10 p.m. Local,Fenway Park,32232,3:22,Night,Away,Atlanta Braves,ATL,Boston Red Sox,BOS,37,5,12,5,5.0,5,3,42,0.324,0.405,0.405,0.81,146,87,0.19,1.19,0.696,,0.2,27,10,9.0,0,61,9,17,19,15,8,0,49,3,0,0.311,1.8,36,3,10,3,3.0,3,9,39,0.278,0.333,0.389,0.722,142,90,-0.31,0.76,0.639,,-1.8,27,14,9.0,0,57,9,24,14,13,9,0,35,2,0,-0.189,-0.2
BOS/BOS201604290,"Friday, April 29, 2016",7:09 p.m. Local,Fenway Park,37115,2:50,Night,Home,Boston Red Sox,BOS,New York Yankees,NYY,29,2,6,2,2.0,3,5,33,0.207,0.303,0.379,0.682,120,69,-0.301,1.26,0.5,,-2.8,24,8,8.0,1,36,8,25,12,12,3,0,59,1,0,-0.2,0.3,33,4,8,4,4.5,0,6,33,0.242,0.242,0.364,0.606,123,83,0.199,1.01,0.956,,-0.3,27,12,9.0,1,53,15,15,18,9,2,0,52,0,0,0.299,2.8
BOS/BOS201604300,"Saturday, April 30, 2016",7:10 p.m. Local,Fenway Park,37901,3:30,Night,Home,Boston Red Sox,BOS,New York Yankees,NYY,32,0,5,0,0.0,1,8,33,0.156,0.182,0.156,0.338,204,81,-0.378,0.49,0.168,,-4.8,24,7,8.0,1,39,7,35,14,10,6,0,49,3,3,-0.121,-3.7,38,8,14,8,9.0,6,9,44,0.368,0.455,0.605,1.06,129,125,0.122,0.72,0.481,,3.7,27,12,9.0,0,74,15,36,15,14,6,0,72,0,0,0.379,4.8
BOS/BOS201605010,"Sunday, May 1, 2016",8:09 p.m. Local,Fenway Park,34279,3:17,Night,Home,Boston Red Sox,BOS,New York Yankees,NYY,33,7,9,6,7.0,2,7,38,0.273,0.333,0.485,0.818,138,92,0.1,1.28,1.032,,2.2,24,13,8.0,2,53,20,19,16,12,7,0,23,2,1,-0.601,-3.7,37,8,14,8,9.0,3,4,40,0.378,0.425,0.568,0.993,133,87,0.599,1.34,1.334,,3.7,27,11,9.0,1,51,12,24,18,15,4,0,39,0,0,-0.1,-2.2
CHA/CHA201605030,"Tuesday, May 3, 2016",7:10 p.m. Local,U.S. Cellular Field,15025,2:53,Night,Home,Chicago White Sox,CHW,Boston Red Sox,BOS,30,1,4,1,1.0,0,6,30,0.133,0.133,0.233,0.367,158,76,-0.489,0.79,0.254,,-3.4,24,9,8.0,0,48,4,24,12,12,3,0,60,2,0,-0.011,-0.1,28,4,5,4,4.5,7,8,35,0.179,0.343,0.286,0.629,115,94,0.011,1.1,0.437,,0.1,27,10,9.0,1,55,14,25,11,9,3,0,75,0,0,0.489,3.4
CHA/CHA201605040,"Wednesday, May 4, 2016",7:10 p.m. Local,U.S. Cellular Field,14383,2:46,Night,Away,Boston Red Sox,BOS,Chicago White Sox,CHW,35,5,11,5,5.0,3,7,39,0.314,0.385,0.429,0.813,121,95,0.203,0.82,0.948,,0.6,27,10,9.0,1,52,8,35,14,14,5,0,67,0,0,0.296,2.4,28,2,3,2,2.0,3,7,31,0.107,0.194,0.214,0.408,154,72,-0.297,1.05,0.282,,-2.4,27,10,9.0,1,35,11,26,9,12,3,0,51,2,1,-0.202,-0.6
CHA/CHA201605050,"Thursday, May 5, 2016",7:10 p.m. Local,U.S. Cellular Field,20126,3:57,Night,Away,Boston Red Sox,BOS,Chicago White Sox,CHW,35,7,12,7,7.0,7,7,44,0.343,0.432,0.714,1.146,179,110,0.351,1.35,0.909,,2.6,27,10,9.0,1,66,11,33,16,14,9,0,43,3,0,0.151,1.4,32,3,8,2,3.0,9,8,41,0.25,0.415,0.344,0.758,181,102,-0.151,0.82,0.89,,-1.4,27,12,9.0,3,56,16,30,13,11,3,0,38,1,0,-0.349,-2.6
NYA/NYA201605060,"Friday, May 6, 2016",7:07 p.m. Local,Yankee Stadium III,45756,3:10,Night,Home,New York Yankees,NYY,Boston Red Sox,BOS,39,2,13,2,2.0,2,10,41,0.333,0.366,0.462,0.827,112,103,-0.543,1.05,1.008,,-2.7,24,12,8.0,1,49,10,44,14,15,7,0,56,0,0,0.043,1.2,27,3,6,3,3.38,3,5,31,0.222,0.3,0.407,0.707,175,72,-0.04,2.02,0.568,,-1.2,27,8,9.0,1,45,6,21,11,12,4,0,51,2,0,0.541,2.7
NYA/NYA201605070,"Saturday, May 7, 2016",1:08 p.m. Local,Yankee Stadium III,47822,3:09,Day,Home,New York Yankees,NYY,Boston Red Sox,BOS,31,2,6,2,2.0,0,8,32,0.194,0.219,0.29,0.509,164,86,-0.148,0.85,0.308,,-2.7,24,7,8.0,0,45,16,25,15,8,3,0,27,1,0,-0.352,-3.8,32,8,11,8,9.0,4,7,38,0.344,0.405,0.469,0.874,119,101,0.353,0.64,0.814,,3.8,27,13,9.0,1,61,12,28,9,18,10,0,68,0,0,0.148,2.7
NYA/NYA201605080,"Sunday, May 8, 2016",8:08 p.m. Local,Yankee Stadium III,41869,2:27,Night,Away,Boston Red Sox,BOS,New York Yankees,NYY,32,5,7,5,5.0,1,10,34,0.219,0.265,0.625,0.89,101,87,0.112,0.62,0.371,,0.3,27,9,9.0,1,45,16,26,7,15,6,0,83,,,0.387,3.7,28,1,3,1,1.0,1,7,29,0.107,0.138,0.25,0.388,144,66,-0.388,0.39,0.087,,-3.7,27,8,9.0,4,33,11,22,7,14,3,0,56,1,0,-0.113,-0.3
BOS/BOS201605090,"Monday, May 9, 2016",7:10 p.m. Local,Fenway Park,35227,3:46,Night,Home,Boston Red Sox,BOS,Oakland Athletics,OAK,38,7,11,6,6.0,3,6,41,0.289,0.341,0.474,0.815,177,105,0.133,0.66,0.489,,2.2,24,8,8.0,2,63,14,28,9,23,12,0,17,2,1,-0.633,-9.7,39,14,15,13,15.75,5,9,44,0.385,0.455,0.692,1.147,170,107,0.632,0.51,1.006,,9.7,27,6,9.0,1,67,15,25,13,17,7,0,39,0,0,-0.132,-2.2
BOS/BOS201605100,"Tuesday, May 10, 2016",7:10 p.m. Local,Fenway Park,32167,3:07,Night,Home,Boston Red Sox,BOS,Oakland Athletics,OAK,41,5,15,5,5.0,1,8,42,0.366,0.381,0.439,0.82,140,99,-0.152,0.19,0.101,,0.2,24,15,8.0,3,60,13,26,13,20,13,0,7,2,1,-0.348,-8.7,39,13,16,12,13.5,4,4,44,0.41,0.477,0.692,1.17,151,90,0.346,0.28,0.44,,8.7,27,10,9.0,0,60,11,19,21,14,6,0,35,0,0,0.154,-0.2
BOS/BOS201605110,"Wednesday, May 11, 2016",7:10 p.m. Local,Fenway Park,33283,3:17,Night,Home,Boston Red Sox,BOS,Oakland Athletics,OAK,34,3,8,3,3.0,3,8,39,0.235,0.316,0.265,0.58,168,87,0.029,0.64,0.496,,-1.8,24,10,8.0,3,58,10,19,13,14,9,0,35,4,2,-0.527,-8.7,41,13,17,13,14.62,4,7,46,0.415,0.478,0.756,1.234,144,104,0.527,0.7,0.923,,8.7,27,12,9.0,0,66,15,23,13,21,8,0,53,1,0,-0.027,1.8
BOS/BOS201605120,"Thursday, May 12, 2016",7:10 p.m. Local,Fenway Park,34982,2:56,Night,Home,Boston Red Sox,BOS,Houston Astros,HOU,34,1,7,1,1.0,1,12,35,0.206,0.229,0.235,0.464,146,88,-0.181,0.39,0.386,,-3.8,24,13,8.0,2,47,18,23,7,15,7,0,21,0,0,-0.319,-6.7,37,11,14,11,10.12,3,7,41,0.378,0.415,0.649,1.063,133,94,0.319,0.81,0.521,,6.7,27,6,9.0,0,53,17,24,16,15,9,0,69,0,0,0.181,3.8
BOS/BOS201605130,"Friday, May 13, 2016",7:10 p.m. Local,Fenway Park,33148,3:49,Night,Away,Houston Astros,HOU,Boston Red Sox,BOS,39,7,13,7,7.0,4,11,43,0.333,0.395,0.487,0.883,165,114,0.322,1.38,1.141,,2.2,27,11,9.0,1,61,29,24,8,20,10,0,31,4,0,0.176,-1.2,36,6,11,5,6.0,4,10,40,0.306,0.375,0.472,0.847,189,106,-0.177,1.19,0.808,,1.2,27,3,9.0,1,58,16,32,13,13,6,0,26,3,0,-0.324,-2.2
BOS/BOS201605140,"Saturday, May 14, 2016",1:07 p.m. Local,Fenway Park,37430,4:13,Day,Home,Boston Red Sox,BOS,Houston Astros,HOU,39,5,11,5,4.09,6,9,47,0.282,0.391,0.513,0.904,172,113,-0.249,2.13,0.859,,-0.9,32,19,10.2,1,64,23,27,11,20,3,0,35,0,0,-0.253,-0.4,43,6,14,6,5.06,5,5,49,0.326,0.396,0.558,0.954,197,110,0.254,1.24,2.098,,0.4,33,12,11.0,2,66,8,36,23,16,4,0,40,3,0,0.248,0.9
BOS/BOS201605150,"Sunday, May 15, 2016",1:34 p.m. Local,Fenway Park,35736,3:40,Day,Home,Boston Red Sox,BOS,Houston Astros,HOU,37,9,8,8,5.0,5,10,43,0.216,0.326,0.432,0.758,154,100,0.284,1.26,1.252,,4.2,24,8,8.0,1,54,16,30,13,14,7,0,21,0,0,-0.785,-5.7,39,10,14,9,11.25,3,4,42,0.359,0.405,0.564,0.969,169,102,0.786,1.32,1.552,,5.7,27,7,9.0,2,64,9,29,17,18,8,0,32,3,3,-0.284,-4.2
KCA/KCA201605170,"Tuesday, May 17, 2016",7:15 p.m. Local,Kauffman Stadium,25215,2:54,Night,Home,Kansas City Royals,KCR,Boston Red Sox,BOS,33,4,8,4,4.0,2,7,36,0.242,0.306,0.364,0.669,151,84,-0.196,0.73,0.558,,-0.7,24,6,8.0,2,40,10,34,14,12,5,0,34,2,1,-0.304,-3.9,35,8,11,7,7.88,4,5,39,0.314,0.385,0.6,0.985,134,96,0.304,0.97,0.729,,3.9,27,11,9.0,1,60,13,23,12,18,10,0,43,1,0,0.196,0.7
KCA/KCA201605181,"Wednesday, May 18, 2016",1:16 p.m. Local,Kauffman Stadium,33613,2:23,Day,Home,Kansas City Royals,KCR,Boston Red Sox,BOS,35,2,9,2,2.0,1,13,36,0.257,0.278,0.371,0.649,101,106,-0.501,0.76,0.656,,-2.7,24,8,8.0,1,55,18,33,13,9,3,0,65,,,0.0,1.1,27,3,5,3,3.38,1,6,29,0.185,0.207,0.37,0.577,150,68,0.001,1.52,0.439,,-1.1,27,7,9.0,1,32,14,22,11,11,3,0,57,1,0,0.5,2.7
KCA/KCA201605182,"Wednesday, May 18, 2016",7:15 p.m. Local,Kauffman Stadium,23739,3:06,Night,Away,Boston Red Sox,BOS,Kansas City Royals,KCR,35,5,10,5,5.0,6,8,42,0.286,0.405,0.514,0.919,131,86,0.149,1.07,0.671,,0.3,27,9,9.0,1,50,7,29,17,10,4,0,64,1,1,0.353,2.7,31,2,6,2,2.0,1,6,33,0.194,0.242,0.355,0.597,145,88,-0.352,0.74,0.427,,-2.7,27,10,9.0,2,52,16,20,11,14,5,0,43,4,0,-0.148,-0.3
BOS/BOS201605200,"Friday, May 20, 2016",7:11 p.m. Local,Fenway Park,37354,3:07,Night,Away,Cleveland Indians,CLE,Boston Red Sox,BOS,33,4,8,4,3.0,5,5,40,0.242,0.333,0.394,0.727,141,86,0.052,1.12,0.653,,-0.8,27,11,9.0,1,52,14,20,11,19,3,0,63,0,0,0.445,2.8,31,2,6,2,2.0,3,9,35,0.194,0.265,0.355,0.62,149,85,-0.446,0.87,0.415,,-2.8,27,8,9.0,1,43,18,24,17,6,1,0,47,1,0,-0.054,0.8
BOS/BOS201605210,"Saturday, May 21, 2016",4:06 p.m. Local,Fenway Park,37254,3:17,Day,Home,Boston Red Sox,BOS,Cleveland Indians,CLE,30,1,2,1,1.0,4,11,34,0.067,0.176,0.2,0.376,174,85,-0.312,0.57,0.101,,-3.8,24,11,8.0,2,42,15,28,12,7,2,0,33,6,3,-0.19,-4.7,37,9,13,9,10.12,6,1,44,0.351,0.455,0.622,1.076,141,103,0.187,0.57,0.529,,4.7,27,10,9.0,1,71,6,26,17,19,6,0,76,1,0,0.311,3.8
BOS/BOS201605220,"Sunday, May 22, 2016",1:35 p.m. Local,Fenway Park,36021,3:23,Day,Home,Boston Red Sox,BOS,Cleveland Indians,CLE,33,2,6,2,2.0,2,9,37,0.182,0.27,0.242,0.513,175,103,-0.304,0.8,0.442,,-2.8,24,6,8.0,1,58,16,29,9,15,5,0,34,1,0,-0.196,-0.7,36,5,12,5,5.62,5,11,41,0.333,0.415,0.5,0.915,162,109,0.196,1.05,0.712,,0.7,27,6,9.0,0,61,22,26,12,13,7,0,55,1,0,0.303,2.8
BOS/BOS201605240,"Tuesday, May 24, 2016",7:10 p.m. Local,Fenway Park,36123,2:55,Night,Home,Boston Red Sox,BOS,Colorado Rockies,COL,31,3,6,3,3.0,1,11,33,0.194,0.219,0.419,0.638,144,92,-0.124,0.49,0.301,,-1.8,24,10,8.0,0,57,18,17,14,7,4,0,12,2,1,-0.375,-3.7,35,8,12,7,7.88,5,3,42,0.343,0.429,0.486,0.914,133,84,0.376,0.59,0.626,,3.7,27,9,9.0,1,48,14,22,14,19,8,0,60,0,0,0.125,1.8
BOS/BOS201605250,"Wednesday, May 25, 2016",7:11 p.m. Local,Fenway Park,36430,3:09,Night,Home,Boston Red Sox,BOS,Colorado Rockies,COL,36,3,10,2,2.0,2,10,38,0.278,0.316,0.278,0.594,156,92,-0.096,0.74,0.399,,-1.8,24,8,8.0,1,52,17,25,11,15,9,0,20,1,0,-0.405,-5.7,37,10,13,10,11.25,4,6,41,0.351,0.415,0.649,1.063,143,98,0.404,0.73,0.838,,5.7,27,12,9.0,0,57,11,30,14,17,8,0,58,1,1,0.096,1.8
BOS/BOS201605260,"Thursday, May 26, 2016",7:12 p.m. Local,Fenway Park,36162,2:51,Night,Away,Colorado Rockies,COL,Boston Red Sox,BOS,38,8,12,8,7.0,0,6,39,0.316,0.308,0.605,0.913,126,90,0.382,0.62,0.688,,3.2,27,6,9.0,1,55,10,25,14,19,9,0,63,1,0,0.119,2.8,32,2,6,2,2.0,4,7,36,0.188,0.278,0.344,0.622,136,81,-0.117,0.54,0.332,,-2.8,27,7,9.0,3,47,9,25,6,19,6,0,31,1,0,-0.381,-3.2
TOR/TOR201605270,"Friday, May 27, 2016",7:07 p.m. Local,Rogers Centre,46470,2:53,Night,Home,Toronto Blue Jays,TOR,Boston Red Sox,BOS,33,5,7,5,4.0,2,6,35,0.212,0.257,0.242,0.5,145,87,0.063,0.98,0.856,,0.3,24,4,8.0,3,50,14,23,17,10,6,0,31,1,0,-0.562,-2.9,34,7,11,7,7.88,4,13,41,0.324,0.415,0.647,1.062,136,85,0.562,1.38,1.019,,2.9,27,12,9.0,0,47,16,22,8,14,5,0,54,1,0,-0.062,-0.3
TOR/TOR201605280,"Saturday, May 28, 2016",1:08 p.m. Local,Rogers Centre,48154,3:37,Day,Home,Toronto Blue Jays,TOR,Boston Red Sox,BOS,41,9,15,9,8.0,1,10,42,0.366,0.381,0.732,1.113,175,95,0.777,1.63,1.46,,4.3,26,13,8.2,1,55,16,24,11,20,12,0,48,4,3,-1.277,-5.6,39,10,13,7,9.35,2,8,43,0.333,0.395,0.59,0.985,143,119,1.275,0.95,2.241,,5.6,27,9,9.0,3,67,20,32,18,13,8,0,22,2,0,-0.776,-4.3
TOR/TOR201605290,"Sunday, May 29, 2016",1:18 p.m. Local,Rogers Centre,47916,4:07,Day,Away,Boston Red Sox,BOS,Toronto Blue Jays,TOR,40,5,9,5,4.09,8,5,49,0.225,0.367,0.3,0.667,183,130,0.109,1.62,1.435,,-0.7,33,7,11.0,2,89,12,29,17,18,8,0,55,3,0,0.392,2.7,42,3,10,3,2.45,4,8,47,0.238,0.304,0.381,0.685,210,121,-0.391,1.89,1.012,,-2.7,33,15,11.0,0,77,19,25,12,23,8,0,47,8,3,-0.108,0.7
BAL/BAL201605300,"Monday, May 30, 2016",1:40 p.m. Local,Oriole Park at Camden Yards,43926,2:54,Day,Away,Boston Red Sox,BOS,Baltimore Orioles,BAL,37,7,11,7,7.0,5,6,42,0.297,0.381,0.649,1.03,122,99,0.263,1.08,0.848,,2.3,27,11,9.0,0,54,17,31,15,16,5,0,73,,,0.238,2.7,29,2,4,2,2.0,5,7,35,0.138,0.257,0.241,0.499,155,75,-0.237,0.77,0.439,,-2.7,27,11,9.0,3,33,19,23,14,9,2,0,48,3,2,-0.263,-2.3
BAL/BAL201605310,"Tuesday, May 31, 2016",7:07 p.m. Local,Oriole Park at Camden Yards,17664,2:48,Night,Away,Boston Red Sox,BOS,Baltimore Orioles,BAL,37,6,10,6,6.0,2,10,39,0.27,0.308,0.622,0.929,128,107,0.265,0.71,0.516,,1.3,27,5,9.0,0,60,12,35,11,16,9,0,55,0,0,0.235,2.7,34,2,7,2,2.0,0,9,34,0.206,0.206,0.294,0.5,164,90,-0.234,0.39,0.282,,-2.7,27,9,9.0,4,57,15,18,7,18,8,0,48,0,0,-0.266,-1.3
BAL/BAL201606010,"Wednesday, June 1, 2016",7:07 p.m. Local,Oriole Park at Camden Yards,20750,3:58,Night,Home,Baltimore Orioles,BAL,Boston Red Sox,BOS,40,9,15,9,9.0,5,6,45,0.375,0.444,0.8,1.244,181,115,0.417,1.09,1.202,,4.3,24,8,8.0,0,64,13,38,16,18,7,0,13,3,3,-0.917,-8.9,37,13,14,12,13.5,9,4,48,0.378,0.479,0.486,0.966,191,106,0.919,1.04,1.396,,8.9,27,12,9.0,5,69,20,17,16,19,6,0,22,4,1,-0.416,-4.3
BAL/BAL201606020,"Thursday, June 2, 2016",7:07 p.m. Local,Oriole Park at Camden Yards,21534,2:57,Night,Home,Baltimore Orioles,BAL,Boston Red Sox,BOS,38,7,12,7,7.0,2,6,40,0.316,0.35,0.421,0.771,132,92,0.108,0.88,0.74,,2.3,24,9,8.0,7,48,10,34,13,19,8,0,43,3,3,-0.608,-7.9,35,12,11,12,13.5,2,4,38,0.314,0.368,0.914,1.283,148,84,0.608,0.92,1.129,,7.9,27,8,9.0,1,55,9,20,10,21,5,0,36,1,0,-0.107,-2.3
BOS/BOS201606030,"Friday, June 3, 2016",7:10 p.m. Local,Fenway Park,37129,3:10,Night,Away,Toronto Blue Jays,TOR,Boston Red Sox,BOS,32,5,7,4,4.0,5,8,38,0.219,0.342,0.406,0.748,152,98,0.07,1.18,0.572,,0.2,27,13,9.0,0,54,16,28,10,14,8,0,67,2,0,0.429,2.8,32,2,5,1,1.0,6,7,39,0.156,0.308,0.25,0.558,159,95,-0.429,0.72,0.526,,-2.8,27,11,9.0,2,52,15,28,14,11,5,0,56,0,0,-0.072,-0.2
BOS/BOS201606040,"Saturday, June 4, 2016",4:05 p.m. Local,Fenway Park,37762,3:08,Day,Home,Boston Red Sox,BOS,Toronto Blue Jays,TOR,29,4,4,2,1.0,6,6,35,0.138,0.286,0.138,0.424,144,104,-0.205,0.89,0.695,,-0.8,24,15,8.0,0,64,13,27,8,15,4,0,26,1,0,-0.294,-1.7,32,6,11,6,6.75,5,5,37,0.344,0.432,0.5,0.932,176,88,0.293,1.23,0.797,,1.7,27,9,9.0,0,47,11,30,16,11,8,0,53,0,0,0.205,0.8
BOS/BOS201606050,"Sunday, June 5, 2016",1:36 p.m. Local,Fenway Park,35823,2:44,Day,Away,Toronto Blue Jays,TOR,Boston Red Sox,BOS,30,5,4,5,5.0,4,5,34,0.133,0.235,0.533,0.769,139,88,0.19,1.02,0.416,,0.2,27,3,9.0,1,57,8,23,11,14,4,0,72,1,1,0.312,0.8,33,4,6,4,4.0,3,7,36,0.182,0.25,0.364,0.614,144,93,-0.311,0.34,0.369,,-0.8,27,12,9.0,4,56,15,22,3,23,11,0,38,0,0,-0.188,-0.2
SFN/SFN201606070,"Tuesday, June 7, 2016",7:17 p.m. Local,AT&T Park,41512,3:04,Night,Away,Boston Red Sox,BOS,San Francisco Giants,SFG,38,5,9,5,3.6,4,5,42,0.237,0.31,0.342,0.652,139,88,0.183,1.34,1.203,,0.2,30,6,10.0,1,54,12,22,24,10,6,0,55,0,0,0.317,1.8,36,3,7,2,2.7,1,10,37,0.194,0.216,0.278,0.494,142,94,-0.316,1.58,0.592,,-1.8,30,17,10.0,0,60,14,20,7,19,8,0,53,6,1,-0.184,-0.2
SFN/SFN201606080,"Wednesday, June 8, 2016",7:15 p.m. Local,AT&T Park,41635,2:45,Night,Home,San Francisco Giants,SFG,Boston Red Sox,BOS,33,1,5,1,1.0,2,10,35,0.152,0.2,0.242,0.442,107,97,-0.553,0.96,0.591,,-3.3,24,6,8.0,2,46,13,38,6,17,8,0,73,,,0.054,1.8,27,2,3,2,2.25,2,7,29,0.111,0.172,0.333,0.506,145,71,-0.054,1.64,0.508,,-1.8,27,5,9.0,1,46,13,12,9,11,4,0,64,3,0,0.555,3.3
MIN/MIN201606100,"Friday, June 10, 2016",7:10 p.m. Local,Target Field,22786,3:00,Night,Away,Boston Red Sox,BOS,Minnesota Twins,MIN,44,8,16,8,8.0,1,8,45,0.364,0.378,0.568,0.946,132,118,0.201,0.77,0.717,,3.4,27,13,9.0,0,71,10,37,19,17,9,0,66,1,0,0.301,3.6,34,1,8,1,0.0,2,8,36,0.235,0.278,0.265,0.542,172,85,-0.301,0.72,0.289,,-3.6,27,11,9.0,1,35,17,33,15,11,6,0,27,2,2,-0.2,-3.4
MIN/MIN201606110,"Saturday, June 11, 2016",1:10 p.m. Local,Target Field,28633,3:45,Day,Away,Boston Red Sox,BOS,Minnesota Twins,MIN,41,15,15,13,11.0,4,3,47,0.366,0.426,0.561,0.987,172,104,0.484,1.1,0.841,,10.4,27,9,9.0,1,67,7,31,13,26,13,0,36,4,0,0.018,0.6,31,4,7,4,4.0,8,8,40,0.226,0.375,0.323,0.698,181,108,-0.017,0.59,0.652,,-0.6,27,13,9.0,2,67,13,28,10,14,5,0,36,5,3,-0.483,-10.4
MIN/MIN201606120,"Sunday, June 12, 2016",1:12 p.m. Local,Target Field,26087,3:28,Day,Home,Minnesota Twins,MIN,Boston Red Sox,BOS,34,4,7,2,1.8,6,7,40,0.206,0.325,0.324,0.649,161,89,-0.249,1.38,1.085,,-1.1,28,9,9.1,1,51,12,26,13,14,4,0,60,0,0,-0.25,-2.2,36,7,7,6,3.86,5,7,42,0.194,0.293,0.278,0.57,156,107,0.251,1.59,0.973,,2.2,30,13,10.0,1,63,13,31,16,14,3,0,62,4,1,0.25,1.1
BOS/BOS201606140,"Tuesday, June 14, 2016",7:11 p.m. Local,Fenway Park,38009,2:47,Night,Away,Baltimore Orioles,BAL,Boston Red Sox,BOS,32,3,5,3,3.0,0,13,32,0.156,0.156,0.344,0.5,152,83,-0.058,1.7,0.322,,-1.8,27,7,9.0,1,43,25,15,12,7,1,0,68,2,1,0.557,2.8,33,2,7,2,2.0,3,11,36,0.212,0.278,0.394,0.672,117,95,-0.557,0.56,0.666,,-2.8,27,10,9.0,2,42,19,34,12,10,4,0,71,0,0,0.057,1.8
BOS/BOS201606150,"Wednesday, June 15, 2016",7:11 p.m. Local,Fenway Park,36233,2:58,Night,Home,Boston Red Sox,BOS,Baltimore Orioles,BAL,35,4,8,4,4.0,1,5,38,0.229,0.289,0.343,0.632,154,83,-0.251,0.45,0.277,,-0.8,24,12,8.0,1,51,13,21,13,17,8,0,22,2,0,-0.248,-1.7,35,6,13,6,6.75,4,4,39,0.371,0.436,0.486,0.922,131,97,0.248,0.66,0.48,,1.7,27,11,9.0,1,60,9,28,20,11,5,0,57,1,1,0.251,0.8
BOS/BOS201606160,"Thursday, June 16, 2016",7:11 p.m. Local,Fenway Park,36757,2:53,Night,Away,Baltimore Orioles,BAL,Boston Red Sox,BOS,37,5,11,5,5.0,3,10,40,0.297,0.35,0.486,0.836,119,95,0.18,0.52,0.593,,0.2,27,8,9.0,1,54,19,22,7,20,9,0,81,0,0,0.32,3.8,31,1,4,1,1.0,1,6,32,0.129,0.156,0.258,0.414,150,75,-0.321,0.61,0.068,,-3.8,27,6,9.0,1,48,9,18,8,17,8,0,30,1,1,-0.18,-0.2
BOS/BOS201606170,"Friday, June 17, 2016",7:10 p.m. Local,Fenway Park,35896,2:49,Night,Away,Seattle Mariners,SEA,Boston Red Sox,BOS,36,8,10,8,8.0,3,6,39,0.278,0.333,0.556,0.889,121,79,0.281,0.77,0.51,,3.2,27,11,9.0,1,45,9,25,11,19,6,0,46,2,0,0.22,0.8,35,4,11,4,4.0,1,4,38,0.314,0.316,0.486,0.802,130,86,-0.219,0.45,0.418,,-0.8,27,10,9.0,3,54,7,25,14,19,8,0,19,0,0,-0.28,-3.2
BOS/BOS201606180,"Saturday, June 18, 2016",4:06 p.m. Local,Fenway Park,37195,2:53,Day,Home,Boston Red Sox,BOS,Seattle Mariners,SEA,34,2,9,1,2.0,0,8,34,0.265,0.265,0.382,0.647,142,88,-0.219,0.83,0.424,,-2.8,24,12,8.0,2,57,11,20,14,12,4,0,33,0,0,-0.281,-1.7,34,6,12,4,5.62,1,5,35,0.353,0.371,0.588,0.96,130,90,0.281,0.86,0.778,,1.7,27,9,9.0,1,58,10,22,13,16,12,0,54,0,0,0.219,2.8
BOS/BOS201606190,"Sunday, June 19, 2016",1:35 p.m. Local,Fenway Park,37211,3:05,Day,Home,Boston Red Sox,BOS,Seattle Mariners,SEA,33,1,8,1,1.0,0,10,33,0.242,0.242,0.333,0.576,158,89,-0.591,1.29,0.327,,-3.8,24,10,8.0,1,52,13,24,11,12,5,0,57,1,0,0.092,2.3,32,2,11,2,2.25,4,5,37,0.344,0.432,0.531,0.964,123,96,-0.093,1.22,0.93,,-2.3,27,9,9.0,1,62,10,24,12,15,8,0,69,0,0,0.593,3.8
BOS/BOS201606200,"Monday, June 20, 2016",7:09 p.m. Local,Fenway Park,36291,3:33,Night,Away,Chicago White Sox,CHW,Boston Red Sox,BOS,35,3,7,2,1.8,4,8,40,0.2,0.282,0.257,0.539,161,95,-0.128,1.7,1.152,,-2.4,30,16,10.0,0,55,16,24,17,11,5,0,65,5,0,0.628,4.4,35,1,5,1,0.9,5,10,40,0.143,0.25,0.143,0.393,143,107,-0.629,1.75,0.735,,-4.4,30,12,10.0,0,63,14,30,16,9,5,0,78,1,0,0.128,2.4
BOS/BOS201606210,"Tuesday, June 21, 2016",7:10 p.m. Local,Fenway Park,36544,2:54,Night,Away,Chicago White Sox,CHW,Boston Red Sox,BOS,30,3,6,3,3.0,2,9,33,0.2,0.242,0.467,0.709,149,89,-0.049,1.5,0.362,,-1.8,27,6,9.0,0,46,16,28,14,8,6,0,73,2,0,0.551,3.8,32,1,6,1,1.0,2,11,36,0.188,0.25,0.219,0.469,135,98,-0.552,0.6,0.453,,-3.8,27,14,9.0,2,52,16,30,9,13,8,0,51,1,0,0.05,1.8
BOS/BOS201606220,"Wednesday, June 22, 2016",7:12 p.m. Local,Fenway Park,37413,3:38,Night,Away,Chicago White Sox,CHW,Boston Red Sox,BOS,38,8,10,7,7.0,2,13,42,0.263,0.333,0.579,0.912,182,108,0.67,1.39,1.416,,3.2,27,9,9.0,1,59,21,28,10,15,7,0,23,3,1,-0.17,-1.2,37,6,13,6,6.0,8,5,45,0.351,0.467,0.486,0.953,164,106,0.169,1.05,1.177,,1.2,27,8,9.0,3,62,8,36,14,18,8,0,55,2,1,-0.67,-3.2
BOS/BOS201606230,"Thursday, June 23, 2016",1:35 p.m. Local,Fenway Park,37790,4:25,Day,Home,Boston Red Sox,BOS,Chicago White Sox,CHW,41,7,15,5,6.3,3,6,47,0.366,0.426,0.488,0.913,201,97,0.252,2.07,1.497,,1.6,28,9,9.1,0,67,9,21,15,21,10,0,44,4,3,-0.751,-3.6,37,8,12,7,7.71,9,7,48,0.324,0.458,0.405,0.864,154,113,0.753,1.53,2.213,,3.6,30,13,10.0,1,70,12,33,14,17,7,0,37,3,2,-0.252,-1.6
TEX/TEX201606240,"Friday, June 24, 2016",7:09 p.m. Local,Globe Life Park in Arlington,46811,3:48,Night,Away,Boston Red Sox,BOS,Texas Rangers,TEX,34,8,9,7,8.0,5,5,40,0.265,0.375,0.559,0.934,173,104,0.575,0.64,1.125,,3.1,27,7,9.0,2,61,14,29,14,15,6,0,10,2,0,-0.072,-2.1,41,7,16,7,7.0,1,11,43,0.39,0.419,0.561,0.98,170,111,0.075,0.88,0.612,,2.1,27,11,9.0,3,65,18,30,10,20,13,0,43,1,1,-0.574,-3.1
TEX/TEX201606250,"Saturday, June 25, 2016",8:22 p.m. Local,Globe Life Park in Arlington,47559,3:30,Night,Home,Texas Rangers,TEX,Boston Red Sox,BOS,32,3,7,3,3.0,4,9,36,0.219,0.306,0.375,0.681,175,100,-0.086,0.72,0.535,,-1.9,24,8,8.0,1,52,11,37,9,14,3,0,30,3,2,-0.414,-5.7,35,10,11,9,5.62,6,9,42,0.314,0.405,0.457,0.862,170,96,0.413,0.86,0.83,,5.7,27,8,9.0,1,51,15,30,11,16,9,0,52,5,1,0.087,1.9
TEX/TEX201606260,"Sunday, June 26, 2016",2:09 p.m. Local,Globe Life Park in Arlington,36312,3:04,Day,Home,Texas Rangers,TEX,Boston Red Sox,BOS,34,2,8,2,2.0,3,3,37,0.235,0.297,0.324,0.621,144,81,-0.28,0.53,0.3,,-2.9,24,13,8.0,1,60,3,18,17,14,5,0,34,1,0,-0.221,-1.6,29,6,10,6,5.62,7,5,36,0.345,0.472,0.483,0.955,140,83,0.221,0.78,0.519,,1.7,27,12,9.0,1,45,16,24,14,10,6,0,56,2,1,0.279,2.9
TBA/TBA201606270,"Monday, June 27, 2016",7:10 p.m. Local,Tropicana Field,18024,3:29,Night,Home,Tampa Bay Rays,TBR,Boston Red Sox,BOS,37,7,12,7,7.0,4,7,42,0.324,0.381,0.459,0.84,184,103,-0.101,0.27,0.13,,2.7,24,6,8.0,3,59,8,36,14,17,5,0,1,0,0,-0.401,-9.1,41,13,18,13,14.62,3,11,44,0.439,0.477,0.756,1.233,165,118,0.401,0.3,0.505,,9.1,27,7,9.0,1,70,16,34,9,21,12,0,36,2,0,0.099,-2.7
TBA/TBA201606280,"Tuesday, June 28, 2016",7:10 p.m. Local,Tropicana Field,16986,3:11,Night,Away,Boston Red Sox,BOS,Tampa Bay Rays,TBR,37,8,11,8,8.0,6,11,43,0.297,0.395,0.486,0.882,145,102,0.232,1.14,0.731,,3.7,27,7,9.0,1,52,18,32,13,13,7,0,63,0,0,0.269,2.3,33,2,6,2,2.0,3,11,36,0.182,0.25,0.303,0.553,164,95,-0.269,0.67,0.481,,-2.3,27,10,9.0,1,51,15,29,9,13,4,0,48,1,1,-0.232,-3.7
TBA/TBA201606290,"Wednesday, June 29, 2016",12:10 p.m. Local,Tropicana Field,24110,2:49,Day,Home,Tampa Bay Rays,TBR,Boston Red Sox,BOS,32,0,5,0,0.0,2,9,34,0.156,0.206,0.156,0.362,123,91,-0.312,0.49,0.213,,-4.3,24,5,8.0,1,48,12,34,5,18,6,0,48,1,0,-0.188,-0.1,33,4,9,4,4.5,1,12,34,0.273,0.294,0.485,0.779,138,83,0.188,0.75,0.44,,0.1,27,7,9.0,0,40,18,25,6,15,9,0,75,0,0,0.313,4.3
BOS/BOS201607010,"Friday, July 1, 2016",7:09 p.m. Local,Fenway Park,37117,3:36,Night,Home,Boston Red Sox,BOS,Los Angeles Angels,LAA,36,4,12,4,4.0,5,6,42,0.333,0.429,0.556,0.984,148,107,-0.469,0.74,1.082,,-0.8,24,14,8.0,1,62,11,34,16,14,5,0,22,2,0,-0.031,-0.7,36,5,16,5,5.62,2,7,39,0.444,0.487,0.639,1.126,182,96,0.031,1.81,0.588,,0.7,27,13,9.0,1,61,10,25,19,10,8,0,35,0,0,0.469,0.8
BOS/BOS201607020,"Saturday, July 2, 2016",7:16 p.m. Local,Fenway Park,36552,3:38,Night,Away,Los Angeles Angels,LAA,Boston Red Sox,BOS,50,21,22,19,14.0,3,5,55,0.44,0.473,0.84,1.313,167,102,0.3,0.49,0.511,,16.2,27,6,9.0,1,61,9,32,18,28,11,0,62,0,0,0.201,2.8,35,2,8,1,1.0,4,4,39,0.229,0.308,0.4,0.708,169,96,-0.201,0.28,0.212,,-2.8,27,8,9.0,4,54,9,33,9,22,8,0,31,4,4,-0.299,-16.2
BOS/BOS201607030,"Sunday, July 3, 2016",1:35 p.m. Local,Fenway Park,36801,3:52,Day,Home,Boston Red Sox,BOS,Los Angeles Angels,LAA,33,5,10,5,5.0,4,2,38,0.303,0.395,0.424,0.819,183,90,-0.22,0.77,0.44,,0.2,24,9,8.0,0,58,9,25,14,17,3,0,27,2,1,-0.28,-5.7,38,10,16,9,10.12,5,6,43,0.421,0.488,0.553,1.041,154,113,0.279,0.77,0.794,,5.7,27,12,9.0,0,71,17,25,10,22,10,0,50,2,2,0.22,-0.2
BOS/BOS201607040,"Monday, July 4, 2016",1:37 p.m. Local,Fenway Park,36253,3:40,Day,Home,Boston Red Sox,BOS,Texas Rangers,TEX,41,5,16,5,4.0,0,5,41,0.39,0.39,0.537,0.927,190,112,-0.011,0.79,0.53,,0.2,24,11,8.0,4,68,11,33,19,17,7,0,15,1,1,-0.49,-7.7,44,12,21,12,13.5,4,4,48,0.477,0.521,0.955,1.475,163,121,0.489,0.7,1.021,,7.7,27,15,9.0,1,71,12,38,18,22,6,0,37,1,0,0.01,-0.2
BOS/BOS201607050,"Tuesday, July 5, 2016",7:10 p.m. Local,Fenway Park,35964,3:21,Night,Away,Texas Rangers,TEX,Boston Red Sox,BOS,36,7,11,7,7.0,2,10,39,0.306,0.333,0.528,0.861,172,86,0.073,1.61,0.719,,2.2,27,15,9.0,1,52,14,20,13,14,7,0,40,0,0,0.426,2.8,36,2,11,2,2.0,5,4,43,0.306,0.419,0.444,0.863,132,101,-0.426,0.93,0.853,,-2.8,27,12,9.0,2,63,11,27,17,15,6,0,63,0,0,-0.073,-2.2
BOS/BOS201607060,"Wednesday, July 6, 2016",7:09 p.m. Local,Fenway Park,37175,3:19,Night,Home,Boston Red Sox,BOS,Texas Rangers,TEX,37,6,10,6,5.0,4,13,42,0.27,0.357,0.405,0.763,151,106,-0.051,0.29,0.327,,1.2,24,10,8.0,1,48,25,33,15,9,2,0,7,0,0,-0.45,-6.7,35,11,10,11,7.88,4,5,41,0.286,0.366,0.514,0.88,167,93,0.45,0.46,0.528,,6.7,27,8,9.0,1,58,14,21,15,16,9,0,38,2,1,0.051,-1.2
BOS/BOS201607080,"Friday, July 8, 2016",7:10 p.m. Local,Fenway Park,37739,3:20,Night,Home,Boston Red Sox,BOS,Tampa Bay Rays,TBR,36,5,10,5,5.0,2,10,40,0.278,0.325,0.472,0.797,151,101,-0.223,0.98,0.728,,0.2,24,11,8.0,1,59,13,29,8,19,9,0,39,2,0,-0.276,-1.7,33,6,11,6,6.75,2,5,36,0.333,0.361,0.424,0.785,158,89,0.276,1.37,0.816,,1.7,27,8,9.0,2,47,13,29,15,14,7,0,40,0,0,0.223,-0.2
BOS/BOS201607090,"Saturday, July 9, 2016",4:06 p.m. Local,Fenway Park,36900,2:43,Day,Home,Boston Red Sox,BOS,Tampa Bay Rays,TBR,33,1,7,1,1.0,0,7,33,0.212,0.212,0.364,0.576,139,89,-0.358,0.79,0.381,,-3.8,24,11,8.0,1,56,15,20,9,17,5,0,47,0,0,-0.143,0.3,32,4,8,4,2.25,4,6,36,0.25,0.333,0.375,0.708,125,87,0.143,0.94,0.606,,-0.3,27,9,9.0,1,49,15,23,13,13,3,0,66,0,0,0.357,3.8
BOS/BOS201607100,"Sunday, July 10, 2016",1:36 p.m. Local,Fenway Park,36669,2:31,Day,Home,Boston Red Sox,BOS,Tampa Bay Rays,TBR,29,0,4,0,0.0,1,12,32,0.138,0.219,0.172,0.391,134,85,-0.314,0.4,0.119,,-4.8,24,5,8.0,1,44,21,20,10,7,5,0,42,0,0,-0.186,0.3,31,4,8,4,4.5,1,9,33,0.258,0.273,0.419,0.692,121,87,0.188,0.61,0.343,,-0.3,27,9,9.0,0,45,15,27,7,16,5,0,83,0,0,0.313,4.8
NYA/NYA201607150,"Friday, July 15, 2016",7:08 p.m. Local,Yankee Stadium III,47439,3:05,Night,Away,Boston Red Sox,BOS,New York Yankees,NYY,35,5,8,5,5.0,4,10,39,0.229,0.308,0.486,0.793,112,102,0.073,1.14,0.478,,0.3,27,5,9.0,0,47,21,34,11,14,10,0,57,0,0,0.427,1.7,31,3,4,3,3.0,1,6,33,0.129,0.182,0.129,0.311,167,69,-0.428,0.57,0.315,,-1.7,27,8,9.0,3,42,13,14,9,16,2,0,42,4,0,-0.073,-0.3
NYA/NYA201607160,"Saturday, July 16, 2016",4:08 p.m. Local,Yankee Stadium III,48329,2:56,Day,Away,Boston Red Sox,BOS,New York Yankees,NYY,37,5,10,5,4.0,4,4,41,0.27,0.341,0.351,0.693,120,90,0.189,0.98,0.712,,0.3,27,9,9.0,2,56,6,28,16,17,7,0,64,0,0,0.313,2.7,31,2,5,2,2.0,2,3,33,0.161,0.212,0.387,0.599,140,77,-0.312,0.91,0.391,,-2.7,27,10,9.0,1,52,7,18,10,18,4,0,31,1,0,-0.188,-0.3
NYA/NYA201607170,"Sunday, July 17, 2016",8:08 p.m. Local,Yankee Stadium III,42884,2:57,Night,Home,New York Yankees,NYY,Boston Red Sox,BOS,29,1,3,1,1.0,3,9,32,0.103,0.188,0.241,0.429,135,83,-0.453,0.78,0.25,,-3.7,24,12,8.0,0,46,11,26,4,16,9,0,35,4,0,-0.047,1.2,35,3,11,3,3.38,2,2,38,0.314,0.368,0.4,0.768,129,92,0.047,0.94,0.562,,-1.2,27,5,9.0,1,67,8,17,15,18,12,0,68,0,0,0.453,3.7
BOS/BOS201607190,"Tuesday, July 19, 2016",7:11 p.m. Local,Fenway Park,38082,2:42,Night,Home,Boston Red Sox,BOS,San Francisco Giants,SFG,29,0,5,0,0.0,2,5,32,0.172,0.25,0.172,0.422,122,94,-0.366,0.43,0.229,,-4.8,24,8,8.0,2,55,9,30,10,14,4,0,55,1,0,-0.133,0.3,29,4,4,4,4.5,1,6,30,0.138,0.167,0.345,0.511,145,77,0.133,0.77,0.35,,-0.3,27,10,9.0,0,46,7,24,11,12,3,0,66,1,0,0.367,4.8
BOS/BOS201607200,"Wednesday, July 20, 2016",7:10 p.m. Local,Fenway Park,38201,3:46,Night,Home,Boston Red Sox,BOS,San Francisco Giants,SFG,41,7,15,7,7.0,4,8,45,0.366,0.422,0.537,0.959,158,111,-0.074,0.5,0.928,,2.2,24,9,8.0,5,63,17,31,12,21,10,0,25,0,0,-0.426,-6.7,40,11,16,11,12.38,2,3,43,0.4,0.442,0.925,1.367,181,101,0.428,1.16,0.732,,6.7,27,6,9.0,2,68,8,25,12,25,12,0,25,6,1,0.072,-2.2
BOS/BOS201607210,"Thursday, July 21, 2016",7:09 p.m. Local,Fenway Park,37566,2:45,Night,Home,Boston Red Sox,BOS,Minnesota Twins,MIN,32,2,5,1,1.0,1,9,33,0.156,0.182,0.25,0.432,155,85,-0.173,0.29,0.077,,-2.8,24,13,8.0,3,42,15,28,7,16,5,0,14,4,1,-0.328,-8.7,39,13,17,12,14.62,2,7,41,0.436,0.463,0.795,1.258,125,106,0.328,0.33,0.477,,8.7,27,8,9.0,0,60,13,33,15,17,8,0,76,0,0,0.173,2.8
BOS/BOS201607220,"Friday, July 22, 2016",7:10 p.m. Local,Fenway Park,37001,3:00,Night,Away,Minnesota Twins,MIN,Boston Red Sox,BOS,34,2,10,2,2.0,2,9,36,0.294,0.333,0.412,0.745,120,89,-0.249,1.94,0.551,,-2.8,27,13,9.0,1,56,16,19,12,13,8,0,79,0,0,0.75,3.8,30,1,4,1,1.0,2,6,32,0.133,0.188,0.233,0.421,146,81,-0.75,1.05,0.803,,-3.8,27,10,9.0,1,49,10,22,13,11,3,0,55,3,1,0.249,2.8
BOS/BOS201607230,"Saturday, July 23, 2016",7:11 p.m. Local,Fenway Park,37600,4:11,Night,Away,Minnesota Twins,MIN,Boston Red Sox,BOS,42,11,19,10,11.0,3,9,48,0.452,0.479,0.69,1.17,196,126,0.87,1.27,1.518,,6.2,27,11,9.0,1,71,19,36,17,18,4,0,19,5,2,-0.37,-4.2,40,9,15,8,9.0,6,7,48,0.375,0.458,0.55,1.008,193,120,0.37,1.11,1.269,,4.2,27,9,9.0,1,71,13,36,15,19,9,0,29,6,3,-0.87,-6.2
BOS/BOS201607240,"Sunday, July 24, 2016",1:35 p.m. Local,Fenway Park,36806,3:15,Day,Home,Boston Red Sox,BOS,Minnesota Twins,MIN,36,7,9,7,6.0,2,12,39,0.25,0.282,0.389,0.671,146,99,-0.053,0.76,0.846,,2.2,24,7,8.0,3,53,15,31,14,11,5,0,24,0,0,-0.447,-3.7,34,8,10,7,4.5,1,7,35,0.294,0.314,0.559,0.873,149,99,0.446,1.32,0.89,,3.7,27,10,9.0,0,56,10,33,11,16,7,0,51,4,2,0.053,-2.2
BOS/BOS201607250,"Monday, July 25, 2016",7:11 p.m. Local,Fenway Park,37479,3:27,Night,Away,Detroit Tigers,DET,Boston Red Sox,BOS,34,4,8,4,4.0,2,8,36,0.235,0.278,0.412,0.69,175,93,0.071,1.76,0.729,,-0.8,27,8,9.0,0,51,17,25,12,14,3,0,61,3,0,0.428,2.8,37,2,10,2,2.0,3,8,40,0.27,0.325,0.297,0.622,140,113,-0.43,0.92,0.818,,-2.8,27,11,9.0,1,67,11,35,13,16,7,0,61,0,0,-0.071,0.8
BOS/BOS201607260,"Tuesday, July 26, 2016",7:10 p.m. Local,Fenway Park,38378,3:33,Night,Away,Detroit Tigers,DET,Boston Red Sox,BOS,38,9,13,9,9.0,6,3,45,0.342,0.444,0.447,0.892,165,89,0.623,1.62,1.278,,4.2,27,16,9.0,2,54,11,24,18,17,6,0,34,2,2,-0.121,-3.2,35,8,9,8,6.0,3,4,40,0.257,0.35,0.486,0.836,152,99,0.121,1.12,1.153,,3.2,27,14,9.0,1,61,14,24,16,15,11,0,13,4,0,-0.621,-4.2
BOS/BOS201607270,"Wednesday, July 27, 2016",1:37 p.m. Local,Fenway Park,37842,2:55,Day,Away,Detroit Tigers,DET,Boston Red Sox,BOS,37,4,11,4,4.0,4,8,41,0.297,0.366,0.486,0.852,123,95,0.225,1.67,1.005,,-0.8,27,17,9.0,2,55,19,21,7,22,7,0,56,1,0,0.275,1.8,31,3,7,3,3.0,0,5,32,0.226,0.226,0.548,0.774,151,89,-0.274,1.08,0.887,,-1.8,27,7,9.0,2,57,13,19,15,12,4,0,41,1,0,-0.226,0.8
ANA/ANA201607280,"Thursday, July 28, 2016",7:09 p.m. Local,Angel Stadium of Anaheim,41257,3:05,Night,Home,Los Angeles Angels,LAA,Boston Red Sox,BOS,30,1,8,1,1.0,2,4,33,0.267,0.303,0.267,0.57,122,99,-0.322,2.18,0.359,,-3.3,25,14,8.1,0,61,8,30,6,21,13,0,73,0,0,-0.18,1.4,33,2,10,0,0.0,1,7,34,0.303,0.324,0.303,0.627,151,85,0.18,0.96,1.329,,-1.4,27,12,9.0,0,54,10,21,19,7,5,0,53,2,0,0.32,3.3
ANA/ANA201607290,"Friday, July 29, 2016",7:09 p.m. Local,Angel Stadium of Anaheim,39113,2:30,Night,Away,Boston Red Sox,BOS,Los Angeles Angels,LAA,31,6,7,6,6.0,7,8,39,0.226,0.359,0.452,0.811,107,79,0.284,0.87,0.855,,1.7,27,13,9.0,0,41,3,35,10,14,3,0,72,,,0.217,2.3,31,2,5,2,2.0,0,3,31,0.161,0.161,0.194,0.355,152,81,-0.217,0.91,0.322,,-2.3,27,6,9.0,2,47,8,26,13,15,8,0,38,0,0,-0.283,-1.7
ANA/ANA201607300,"Saturday, July 30, 2016",6:07 p.m. Local,Angel Stadium of Anaheim,43150,3:06,Night,Home,Los Angeles Angels,LAA,Boston Red Sox,BOS,33,2,6,2,2.0,7,12,40,0.182,0.325,0.273,0.598,112,117,-0.236,0.73,0.554,,-2.3,24,10,8.0,1,58,15,44,9,12,5,0,38,2,1,-0.265,-1.1,30,5,8,5,5.62,4,6,34,0.267,0.353,0.433,0.786,189,65,0.265,1.17,0.617,,1.1,27,6,9.0,1,40,8,17,11,13,9,0,51,2,0,0.236,2.3
ANA/ANA201607310,"Sunday, July 31, 2016",12:38 p.m. Local,Angel Stadium of Anaheim,39553,3:32,Day,Away,Boston Red Sox,BOS,Los Angeles Angels,LAA,37,5,9,5,5.0,3,13,40,0.243,0.3,0.432,0.732,141,117,0.472,1.07,1.282,,0.7,27,8,9.0,0,61,15,41,11,13,6,0,38,0,0,0.025,1.3,35,3,11,3,3.0,3,6,38,0.314,0.368,0.343,0.711,180,93,-0.025,1.14,0.709,,-1.3,27,9,9.0,2,56,15,22,10,19,7,0,66,1,0,-0.473,-0.7
SEA/SEA201608010,"Monday, August 1, 2016",7:10 p.m. Local,Safeco Field,29601,2:42,Night,Away,Boston Red Sox,BOS,Seattle Mariners,SEA,31,2,5,2,2.0,0,6,31,0.161,0.161,0.387,0.548,152,83,0.011,1.79,0.696,,-2.4,27,10,9.0,0,48,6,29,10,15,6,0,67,2,0,0.487,3.4,31,1,4,1,1.0,4,12,36,0.129,0.25,0.194,0.444,117,91,-0.488,1.04,0.647,,-3.4,27,8,9.0,2,52,18,21,11,8,5,0,76,0,0,-0.012,2.4
SEA/SEA201608020,"Tuesday, August 2, 2016",7:10 p.m. Local,Safeco Field,25240,2:30,Night,Home,Seattle Mariners,SEA,Boston Red Sox,BOS,32,4,6,4,4.0,2,8,36,0.188,0.25,0.406,0.656,114,89,-0.07,1.08,0.477,,-0.4,24,11,8.0,2,45,11,33,10,15,6,0,52,4,2,-0.429,-1.1,32,5,8,5,5.62,0,6,32,0.25,0.25,0.469,0.719,136,81,0.43,0.79,0.995,,1.1,27,7,9.0,1,45,12,24,13,13,5,0,54,0,0,0.07,0.4
SEA/SEA201608030,"Wednesday, August 3, 2016",7:11 p.m. Local,Safeco Field,24494,2:16,Night,Home,Seattle Mariners,SEA,Boston Red Sox,BOS,34,1,7,1,1.0,0,8,35,0.206,0.229,0.206,0.434,112,87,-0.507,0.52,0.265,,-3.4,24,7,8.0,3,49,8,30,8,18,6,0,69,,,0.006,0.9,27,3,4,3,3.38,1,8,29,0.148,0.207,0.481,0.688,120,79,-0.007,1.06,0.323,,-0.9,27,6,9.0,0,49,7,23,7,12,6,0,75,1,0,0.506,3.4
SEA/SEA201608040,"Thursday, August 4, 2016",7:10 p.m. Local,Safeco Field,33369,3:47,Night,Away,Boston Red Sox,BOS,Seattle Mariners,SEA,41,3,13,3,2.45,4,6,46,0.317,0.378,0.439,0.817,189,115,-0.237,1.95,1.117,,-2.4,33,14,11.0,1,66,12,39,17,19,9,0,56,2,0,0.737,3.4,36,2,6,2,1.64,9,13,46,0.167,0.333,0.25,0.583,177,111,-0.735,1.59,0.882,,-3.4,33,14,11.0,1,55,27,29,16,8,4,0,52,1,0,0.237,2.4
LAN/LAN201608050,"Friday, August 5, 2016",7:11 p.m. Local,Dodger Stadium,52728,2:49,Night,Away,Boston Red Sox,BOS,Los Angeles Dodgers,LAD,35,9,10,8,7.0,5,6,41,0.286,0.366,0.543,0.909,119,85,0.202,0.53,0.491,,4.7,27,7,9.0,0,51,10,24,14,16,10,0,89,,,0.299,4.3,29,0,3,0,0.0,1,9,31,0.103,0.133,0.138,0.271,152,78,-0.299,0.43,0.067,,-4.3,27,12,9.0,3,39,14,25,6,15,4,0,40,5,3,-0.201,-4.7
LAN/LAN201608060,"Saturday, August 6, 2016",1:05 p.m. Local,Dodger Stadium,47696,2:54,Day,Home,Los Angeles Dodgers,LAD,Boston Red Sox,BOS,32,0,5,0,0.0,2,11,34,0.156,0.206,0.156,0.362,147,90,-0.447,0.82,0.216,,-4.3,24,7,8.0,0,52,15,23,13,8,4,0,39,3,0,-0.054,0.8,34,3,11,3,3.38,1,11,35,0.324,0.343,0.353,0.696,135,96,0.056,1.01,0.537,,-0.8,27,12,9.0,0,50,21,25,11,12,9,0,62,0,0,0.445,4.3
LAN/LAN201608070,"Sunday, August 7, 2016",4:10 p.m. Local,Dodger Stadium,50640,3:23,Day,Home,Los Angeles Dodgers,LAD,Boston Red Sox,BOS,30,5,6,5,5.0,6,10,38,0.2,0.342,0.233,0.575,155,89,-0.018,0.98,0.705,,0.7,24,13,8.0,3,47,13,29,8,13,6,0,35,0,0,-0.483,-4.2,33,8,9,8,5.62,6,5,39,0.273,0.385,0.606,0.991,147,91,0.482,1.06,1.024,,4.2,27,8,9.0,0,44,19,28,14,14,6,0,44,3,1,0.016,-0.7
BOS/BOS201608090,"Tuesday, August 9, 2016",7:10 p.m. Local,Fenway Park,38089,3:13,Night,Home,Boston Red Sox,BOS,New York Yankees,NYY,34,3,7,3,3.0,5,8,39,0.206,0.308,0.353,0.661,150,96,-0.254,0.75,0.575,,-1.8,24,10,8.0,0,57,13,26,10,16,8,0,32,1,1,-0.247,-0.7,31,5,9,5,5.62,1,5,32,0.29,0.313,0.484,0.796,152,100,0.247,1.09,0.662,,0.7,27,7,9.0,0,57,9,34,10,16,7,0,65,3,0,0.254,1.8
BOS/BOS201608100,"Wednesday, August 10, 2016",7:10 p.m. Local,Fenway Park,37779,4:15,Night,Away,New York Yankees,NYY,Boston Red Sox,BOS,39,9,15,7,9.0,4,7,44,0.385,0.442,0.564,1.006,175,118,0.513,1.14,1.393,,4.2,27,7,9.0,0,74,18,26,21,12,4,0,53,11,3,-0.012,0.8,35,4,9,4,4.0,6,5,42,0.257,0.381,0.343,0.724,180,107,0.011,1.28,0.696,,-0.8,27,13,9.0,2,69,9,29,11,19,6,0,56,7,5,-0.513,-4.2
BOS/BOS201608110,"Thursday, August 11, 2016",7:11 p.m. Local,Fenway Park,38161,3:02,Night,Away,New York Yankees,NYY,Boston Red Sox,BOS,33,4,7,4,4.0,2,11,35,0.212,0.257,0.333,0.59,138,83,0.181,1.31,0.877,,-0.8,27,11,9.0,0,45,24,14,7,15,5,0,49,0,0,0.317,2.8,34,2,9,2,2.0,3,8,38,0.265,0.342,0.412,0.754,134,92,-0.317,1.39,0.686,,-2.8,27,5,9.0,1,48,13,31,13,13,7,0,72,0,0,-0.183,0.8
BOS/BOS201608120,"Friday, August 12, 2016",7:11 p.m. Local,Fenway Park,37555,2:53,Night,Home,Boston Red Sox,BOS,Arizona Diamondbacks,ARI,38,4,12,4,4.0,2,9,40,0.316,0.35,0.553,0.903,132,97,0.002,0.48,0.371,,-0.8,24,9,8.0,3,54,13,30,12,17,5,0,15,1,0,-0.502,-4.7,36,9,11,9,5.62,0,9,37,0.306,0.324,0.556,0.88,136,91,0.501,0.35,0.691,,4.7,27,8,9.0,2,55,13,23,14,13,7,0,57,0,0,-0.002,0.8
BOS/BOS201608130,"Saturday, August 13, 2016",7:10 p.m. Local,Fenway Park,37653,3:12,Night,Home,Boston Red Sox,BOS,Arizona Diamondbacks,ARI,30,3,5,3,3.0,7,7,37,0.167,0.324,0.167,0.491,140,95,-0.118,0.92,0.793,,-1.8,24,7,8.0,2,52,18,25,12,11,4,0,36,0,0,-0.382,-1.7,33,6,8,6,4.5,2,5,35,0.242,0.286,0.455,0.74,160,88,0.382,1.41,0.892,,1.7,27,12,9.0,0,57,9,22,10,18,6,0,43,4,1,0.117,1.8
BOS/BOS201608140,"Sunday, August 14, 2016",1:35 p.m. Local,Fenway Park,36842,2:49,Day,Home,Boston Red Sox,BOS,Arizona Diamondbacks,ARI,33,2,7,2,2.0,0,4,33,0.212,0.212,0.303,0.515,161,74,-0.111,0.21,0.073,,-2.8,24,8,8.0,4,47,5,22,14,15,7,0,2,1,1,-0.388,-11.7,44,16,19,15,16.88,4,7,48,0.432,0.479,0.773,1.252,107,102,0.388,0.23,0.489,,11.7,27,12,9.0,1,55,14,33,14,23,11,0,71,0,0,0.112,2.8
CLE/CLE201608150,"Monday, August 15, 2016",1:12 p.m. Local,Progressive Field,19174,2:57,Day,Away,Boston Red Sox,BOS,Cleveland Indians,CLE,36,3,10,3,3.0,1,5,37,0.278,0.297,0.472,0.77,137,97,-0.032,1.83,0.726,,-2.0,27,7,9.0,1,65,8,24,13,18,11,0,65,1,0,0.534,3.0,31,2,6,2,2.0,3,8,34,0.194,0.265,0.419,0.684,139,85,-0.535,0.96,0.87,,-3.0,27,10,9.0,2,50,17,18,6,17,5,0,56,1,0,0.033,2.0
BAL/BAL201608160,"Tuesday, August 16, 2016",7:08 p.m. Local,Oriole Park at Camden Yards,26014,3:05,Night,Away,Boston Red Sox,BOS,Baltimore Orioles,BAL,32,5,7,5,5.0,6,6,38,0.219,0.342,0.438,0.78,145,90,0.356,1.55,0.936,,0.3,27,6,9.0,0,45,16,29,13,13,7,0,67,6,3,0.143,1.7,30,3,4,3,3.0,5,13,36,0.133,0.278,0.133,0.411,148,90,-0.144,0.95,0.773,,-1.7,27,15,9.0,2,50,20,20,7,10,5,0,44,0,0,-0.356,-0.3
BAL/BAL201608170,"Wednesday, August 17, 2016",7:08 p.m. Local,Oriole Park at Camden Yards,26160,2:12,Night,Away,Boston Red Sox,BOS,Baltimore Orioles,BAL,30,8,13,8,12.0,2,4,33,0.433,0.485,0.733,1.218,84,78,0.329,0.73,0.705,,4.9,18,4,6.0,1,52,9,17,9,17,10,0,64,,,0.161,2.1,23,1,4,1,1.5,0,4,23,0.174,0.174,0.348,0.522,118,62,-0.162,0.77,0.215,,-2.1,18,10,6.0,2,44,8,10,5,14,2,0,25,1,0,-0.33,-4.9
DET/DET201608180,"Thursday, August 18, 2016",1:10 p.m. Local,Comerica Park,34649,3:23,Day,Home,Detroit Tigers,DET,Boston Red Sox,BOS,35,3,9,2,3.0,4,6,39,0.257,0.333,0.343,0.676,129,104,-0.152,1.61,1.052,,-1.6,24,10,8.0,0,63,15,26,13,16,7,0,59,2,2,-0.349,0.1,32,4,10,4,4.5,2,4,36,0.312,0.361,0.344,0.705,163,78,0.35,1.74,1.191,,-0.1,27,7,9.0,1,46,12,20,13,16,8,0,60,2,1,0.152,1.6
DET/DET201608190,"Friday, August 19, 2016",7:10 p.m. Local,Comerica Park,36108,2:46,Night,Away,Boston Red Sox,BOS,Detroit Tigers,DET,43,10,16,10,10.0,2,7,45,0.372,0.4,0.605,1.005,132,103,0.331,0.65,0.613,,5.4,27,10,9.0,1,61,14,28,16,20,11,0,69,0,0,0.169,2.6,31,2,4,2,1.0,2,10,33,0.129,0.182,0.226,0.408,158,88,-0.168,0.43,0.263,,-2.6,27,10,9.0,2,51,18,19,11,10,3,0,25,2,0,-0.332,-5.4
DET/DET201608200,"Saturday, August 20, 2016",8:30 p.m. Local,Comerica Park,37886,2:36,Night,Away,Boston Red Sox,BOS,Detroit Tigers,DET,34,3,8,2,3.0,2,10,36,0.235,0.278,0.353,0.631,106,87,-0.046,1.76,0.504,,-1.6,27,11,9.0,2,41,14,32,11,13,5,0,58,2,0,0.547,2.6,32,2,6,2,2.0,2,7,34,0.188,0.235,0.406,0.642,139,75,-0.546,0.87,0.702,,-2.6,27,8,9.0,1,39,16,20,11,14,3,0,41,0,0,0.048,1.6
DET/DET201608210,"Sunday, August 21, 2016",1:10 p.m. Local,Comerica Park,31032,3:09,Day,Home,Detroit Tigers,DET,Boston Red Sox,BOS,32,5,7,5,5.0,3,8,36,0.219,0.278,0.406,0.684,148,102,-0.212,0.55,0.067,,0.4,24,4,8.0,2,60,14,28,7,18,4,0,24,0,0,-0.289,-5.9,32,10,10,10,11.25,6,10,38,0.312,0.421,0.594,1.015,153,87,0.289,0.33,0.61,,5.9,27,6,9.0,1,48,16,23,6,16,6,0,66,0,0,0.21,-0.4
TBA/TBA201608220,"Monday, August 22, 2016",7:10 p.m. Local,Tropicana Field,13576,3:13,Night,Away,Boston Red Sox,BOS,Tampa Bay Rays,TBR,33,6,9,6,4.0,8,7,43,0.273,0.395,0.455,0.85,137,105,0.048,0.79,0.546,,1.7,27,3,9.0,1,58,17,34,11,17,6,0,84,0,0,0.453,2.3,31,2,5,2,2.0,2,10,33,0.161,0.212,0.258,0.47,185,85,-0.452,0.86,0.161,,-2.3,27,10,9.0,1,46,15,24,4,17,2,0,43,3,0,-0.048,-1.7
TBA/TBA201608230,"Tuesday, August 23, 2016",7:10 p.m. Local,Tropicana Field,11249,3:09,Night,Away,Boston Red Sox,BOS,Tampa Bay Rays,TBR,30,2,5,1,1.0,4,12,34,0.167,0.265,0.2,0.465,131,104,-0.182,1.52,0.415,,-2.3,27,9,9.0,0,54,24,26,9,9,6,0,66,0,0,0.681,3.3,30,1,6,1,1.0,2,13,34,0.2,0.294,0.267,0.561,172,87,-0.681,0.86,0.478,,-3.3,27,8,9.0,0,42,21,24,9,8,4,0,55,0,0,0.182,2.3
TBA/TBA201608240,"Wednesday, August 24, 2016",7:10 p.m. Local,Tropicana Field,11896,3:41,Night,Home,Tampa Bay Rays,TBR,Boston Red Sox,BOS,40,3,9,3,2.45,2,14,42,0.225,0.262,0.35,0.612,190,99,-0.482,1.82,0.66,,-2.3,32,5,10.2,1,51,18,30,11,15,7,0,57,4,0,-0.019,0.9,45,4,12,3,2.53,2,11,47,0.267,0.298,0.422,0.72,158,118,0.018,1.2,1.464,,-0.9,33,9,11.0,1,71,16,31,14,20,6,0,53,0,0,0.483,2.3
TBA/TBA201608250,"Thursday, August 25, 2016",1:10 p.m. Local,Tropicana Field,12059,2:32,Day,Home,Tampa Bay Rays,TBR,Boston Red Sox,BOS,29,1,7,1,1.0,3,7,33,0.241,0.303,0.276,0.579,122,82,-0.525,1.18,0.521,,-3.3,24,4,8.0,0,54,12,16,9,14,10,0,60,1,0,0.024,1.9,29,2,7,2,2.25,2,13,32,0.241,0.29,0.345,0.635,122,81,-0.026,1.42,0.679,,-1.9,27,11,9.0,0,37,24,20,6,11,6,0,64,0,0,0.524,3.3
BOS/BOS201608260,"Friday, August 26, 2016",7:11 p.m. Local,Fenway Park,38134,3:14,Night,Away,Kansas City Royals,KCR,Boston Red Sox,BOS,34,6,9,6,6.0,4,4,38,0.265,0.342,0.559,0.901,178,89,0.246,1.02,0.482,,1.2,27,9,9.0,0,51,15,23,15,15,3,0,48,3,2,0.255,1.8,40,3,15,3,3.0,2,11,42,0.375,0.405,0.425,0.83,145,115,-0.255,0.43,0.654,,-1.8,27,10,9.0,3,70,14,31,13,16,9,0,36,0,0,-0.247,-1.2
BOS/BOS201608270,"Saturday, August 27, 2016",7:10 p.m. Local,Fenway Park,37933,3:03,Night,Home,Boston Red Sox,BOS,Kansas City Royals,KCR,33,3,6,3,3.0,3,9,37,0.182,0.27,0.455,0.725,141,110,-0.114,0.52,0.305,,-1.8,24,13,8.0,3,64,25,21,11,13,5,0,21,0,0,-0.386,-3.7,34,8,12,8,9.0,3,3,37,0.353,0.405,0.706,1.111,159,91,0.385,0.54,0.676,,3.7,27,9,9.0,2,60,8,23,13,18,5,0,59,0,0,0.115,1.8
BOS/BOS201608280,"Sunday, August 28, 2016",8:09 p.m. Local,Fenway Park,37337,3:25,Night,Away,Kansas City Royals,KCR,Boston Red Sox,BOS,36,10,10,10,10.0,4,2,43,0.278,0.357,0.444,0.802,168,96,0.694,0.8,1.09,,5.2,27,13,9.0,1,67,9,20,20,16,6,0,34,1,0,-0.194,0.8,33,4,9,4,3.0,4,5,37,0.273,0.351,0.364,0.715,162,97,0.195,0.94,0.667,,-0.8,27,14,9.0,1,54,11,32,16,12,7,0,37,5,5,-0.696,-5.2
BOS/BOS201608290,"Monday, August 29, 2016",7:10 p.m. Local,Fenway Park,36948,3:11,Night,Home,Boston Red Sox,BOS,Tampa Bay Rays,TBR,32,4,9,4,4.0,1,9,35,0.281,0.286,0.313,0.598,169,90,-0.069,0.59,0.438,,-0.8,24,7,8.0,1,58,12,20,10,15,8,0,17,1,1,-0.431,-4.7,37,9,14,9,10.12,4,7,41,0.378,0.439,0.622,1.061,140,107,0.433,0.9,0.728,,4.7,27,13,9.0,0,65,11,31,13,17,7,0,60,0,0,0.069,0.8
BOS/BOS201608300,"Tuesday, August 30, 2016",7:11 p.m. Local,Fenway Park,37083,3:11,Night,Away,Tampa Bay Rays,TBR,Boston Red Sox,BOS,34,4,8,4,4.0,3,9,37,0.235,0.297,0.441,0.738,158,92,0.125,1.7,0.88,,-0.8,27,6,9.0,1,50,18,26,12,13,2,0,55,0,0,0.377,1.8,31,3,6,3,3.0,3,12,35,0.194,0.257,0.355,0.612,141,103,-0.377,1.07,0.691,,-1.8,27,11,9.0,2,53,20,30,8,12,3,0,58,0,0,-0.123,0.8
BOS/BOS201608310,"Wednesday, August 31, 2016",1:36 p.m. Local,Fenway Park,36786,3:10,Day,Home,Boston Red Sox,BOS,Tampa Bay Rays,TBR,36,6,12,6,6.0,5,8,41,0.333,0.415,0.556,0.97,144,100,0.193,1.21,1.08,,1.2,24,6,8.0,3,46,21,33,9,19,6,0,35,0,0,-0.694,-3.7,34,8,12,8,9.0,3,5,38,0.353,0.405,0.676,1.082,157,88,0.694,1.25,1.309,,3.7,27,9,9.0,2,47,11,30,9,21,7,0,32,4,2,-0.194,-1.2
OAK/OAK201609020,"Friday, September 2, 2016",7:07 p.m. Local,Oakland-Alameda County Coliseum,21376,3:27,Night,Away,Boston Red Sox,BOS,Oakland Athletics,OAK,42,16,17,15,13.0,6,5,51,0.405,0.451,0.595,1.046,134,118,0.5,0.59,0.758,,11.6,27,7,9.0,0,70,9,39,15,25,18,0,65,0,0,0.001,2.4,31,2,6,2,2.0,3,11,35,0.194,0.257,0.226,0.483,211,87,-0.001,0.47,0.309,,-2.4,27,8,9.0,1,51,13,23,7,14,5,0,50,5,4,-0.499,-11.6
OAK/OAK201609030,"Saturday, September 3, 2016",6:07 p.m. Local,Oakland-Alameda County Coliseum,30045,3:00,Night,Away,Boston Red Sox,BOS,Oakland Athletics,OAK,45,11,17,10,10.0,4,12,49,0.378,0.429,0.556,0.984,121,130,0.383,0.18,0.569,,6.6,27,7,9.0,0,64,20,46,19,14,8,0,63,0,0,0.118,2.4,31,2,5,2,2.0,0,3,31,0.161,0.161,0.226,0.387,201,88,-0.119,0.31,0.009,,-2.4,27,8,9.0,1,61,7,20,7,21,10,0,14,1,1,-0.382,-6.6
OAK/OAK201609040,"Sunday, September 4, 2016",1:07 p.m. Local,Oakland-Alameda County Coliseum,25139,2:39,Day,Home,Oakland Athletics,OAK,Boston Red Sox,BOS,33,0,6,0,0.0,3,9,36,0.182,0.25,0.182,0.432,116,93,-0.679,1.1,0.45,,-4.4,24,9,8.0,0,50,9,34,9,15,8,0,83,0,0,0.178,2.3,27,1,2,0,0.0,3,5,31,0.074,0.194,0.111,0.305,152,74,-0.179,1.55,0.466,,-2.3,27,5,9.0,0,45,13,16,11,11,4,0,66,2,0,0.678,4.4
SDN/SDN201609050,"Monday, September 5, 2016",1:42 p.m. Local,Petco Park,40446,3:01,Day,Home,San Diego Padres,SDP,Boston Red Sox,BOS,32,1,7,1,1.0,2,14,34,0.219,0.265,0.344,0.608,134,92,-0.553,0.72,0.661,,-3.2,24,6,8.0,1,42,20,30,11,7,2,0,52,1,0,0.051,1.8,29,2,6,2,2.25,2,8,31,0.207,0.258,0.345,0.603,141,86,-0.053,1.65,0.401,,-1.8,27,9,9.0,1,51,12,23,8,13,7,0,78,0,0,0.552,3.2
SDN/SDN201609060,"Tuesday, September 6, 2016",7:10 p.m. Local,Petco Park,30644,3:04,Night,Away,Boston Red Sox,BOS,San Diego Padres,SDP,35,5,10,5,5.0,5,10,40,0.286,0.375,0.486,0.861,119,92,0.244,0.79,0.718,,0.8,27,8,9.0,1,46,11,35,11,14,8,0,60,2,0,0.256,3.2,36,1,9,1,1.0,0,9,36,0.25,0.25,0.361,0.611,162,81,-0.254,0.74,0.323,,-3.2,27,9,9.0,2,48,16,17,13,14,3,0,24,2,1,-0.244,-0.8
SDN/SDN201609070,"Wednesday, September 7, 2016",6:11 p.m. Local,Petco Park,31662,3:01,Night,Away,Boston Red Sox,BOS,San Diego Padres,SDP,36,7,9,7,4.0,4,6,40,0.25,0.325,0.528,0.853,128,96,0.351,0.81,0.741,,2.8,27,8,9.0,0,54,10,32,11,19,12,0,65,1,0,0.151,2.2,32,2,7,2,2.0,0,11,35,0.219,0.235,0.281,0.517,151,98,-0.151,0.68,0.335,,-2.2,27,7,9.0,3,56,17,25,13,10,7,0,46,1,1,-0.349,-2.8
TOR/TOR201609090,"Friday, September 9, 2016",7:09 p.m. Local,Rogers Centre,46953,3:23,Night,Away,Boston Red Sox,BOS,Toronto Blue Jays,TOR,42,13,18,13,9.0,4,6,49,0.429,0.469,0.667,1.136,157,113,0.336,0.81,0.681,,8.3,27,8,9.0,0,63,16,34,18,20,7,0,63,0,0,0.164,1.7,36,3,9,2,2.0,1,10,38,0.25,0.289,0.25,0.539,196,111,-0.165,0.51,0.414,,-1.7,27,11,9.0,2,58,19,34,14,12,6,0,30,5,0,-0.335,-8.3
TOR/TOR201609100,"Saturday, September 10, 2016",1:05 p.m. Local,Rogers Centre,47829,3:03,Day,Home,Toronto Blue Jays,TOR,Boston Red Sox,BOS,31,2,4,2,2.0,2,8,35,0.129,0.2,0.226,0.426,136,87,-0.494,0.76,0.516,,-2.7,24,5,8.0,1,48,15,24,9,15,7,0,57,0,0,-0.006,1.1,31,3,6,3,2.25,3,8,34,0.194,0.265,0.323,0.587,138,84,0.007,1.48,0.498,,-1.1,27,6,9.0,1,55,16,13,6,17,7,0,60,2,1,0.494,2.7
TOR/TOR201609110,"Sunday, September 11, 2016",1:08 p.m. Local,Rogers Centre,47816,3:46,Day,Away,Boston Red Sox,BOS,Toronto Blue Jays,TOR,37,11,11,11,11.0,6,11,44,0.297,0.409,0.622,1.031,168,98,0.907,1.08,1.404,,6.3,27,6,9.0,3,55,20,24,8,18,9,0,26,5,0,-0.409,-3.3,35,8,8,8,8.0,7,13,42,0.229,0.357,0.486,0.843,169,102,0.408,0.87,1.161,,3.3,27,5,9.0,3,52,18,32,7,15,11,0,25,5,2,-0.908,-6.3
BOS/BOS201609120,"Monday, September 12, 2016",7:11 p.m. Local,Fenway Park,37551,2:40,Night,Home,Boston Red Sox,BOS,Baltimore Orioles,BAL,29,2,2,2,2.0,1,9,30,0.069,0.1,0.276,0.376,148,81,-0.091,0.36,0.072,,-2.8,24,8,8.0,3,48,15,18,11,9,1,0,13,3,1,-0.41,-7.7,37,12,16,11,13.5,3,7,42,0.432,0.452,0.757,1.209,108,93,0.41,0.23,0.518,,7.7,27,11,9.0,2,51,12,32,8,24,11,0,79,0,0,0.09,2.8
BOS/BOS201609130,"Tuesday, September 13, 2016",7:09 p.m. Local,Fenway Park,38041,3:29,Night,Away,Baltimore Orioles,BAL,Boston Red Sox,BOS,35,6,9,6,6.0,6,10,41,0.257,0.366,0.514,0.88,134,100,0.15,1.42,0.61,,1.2,27,8,9.0,1,50,21,29,13,12,4,0,44,4,0,0.353,1.8,35,3,9,3,3.0,4,6,39,0.257,0.333,0.4,0.733,174,90,-0.351,0.69,0.717,,-1.8,27,8,9.0,3,57,7,26,11,18,8,0,29,3,0,-0.149,-1.2
BOS/BOS201609140,"Wednesday, September 14, 2016",7:10 p.m. Local,Fenway Park,37973,2:35,Night,Away,Baltimore Orioles,BAL,Boston Red Sox,BOS,31,1,5,1,1.0,0,6,31,0.161,0.161,0.258,0.419,135,87,-0.371,1.48,0.18,,-3.8,27,11,9.0,0,59,9,19,10,15,4,0,79,0,0,0.872,4.8,31,0,4,0,0.0,1,7,32,0.129,0.156,0.129,0.285,126,94,-0.873,0.76,0.233,,-4.8,27,9,9.0,1,59,16,19,12,12,4,0,76,0,0,0.371,3.8
BOS/BOS201609150,"Thursday, September 15, 2016",7:10 p.m. Local,Fenway Park,37767,3:52,Night,Home,Boston Red Sox,BOS,New York Yankees,NYY,38,5,14,5,4.0,3,8,44,0.368,0.419,0.5,0.919,149,106,0.196,1.39,0.586,,0.2,26,15,8.2,2,63,15,28,12,20,6,0,62,1,1,-0.696,-2.3,34,7,9,7,7.27,5,2,41,0.265,0.366,0.5,0.866,171,92,0.696,0.57,1.393,,2.3,27,10,9.0,0,54,8,30,22,11,3,0,25,2,0,-0.197,-0.2
BOS/BOS201609160,"Friday, September 16, 2016",7:12 p.m. Local,Fenway Park,37927,3:13,Night,Home,Boston Red Sox,BOS,New York Yankees,NYY,34,4,9,4,4.0,3,7,39,0.265,0.359,0.471,0.83,122,97,-0.24,0.59,0.646,,-0.8,24,13,8.0,2,54,11,32,8,19,4,0,44,3,1,-0.26,-2.7,31,7,12,6,7.88,2,2,35,0.387,0.429,0.71,1.138,151,72,0.26,1.05,0.542,,2.7,27,8,9.0,1,45,9,20,11,19,8,0,50,2,0,0.24,0.8
BOS/BOS201609170,"Saturday, September 17, 2016",1:08 p.m. Local,Fenway Park,37267,3:36,Day,Home,Boston Red Sox,BOS,New York Yankees,NYY,35,5,9,5,5.0,2,12,37,0.257,0.297,0.457,0.754,138,113,-0.133,1.54,0.749,,0.2,24,6,8.0,1,57,20,36,9,14,5,0,42,2,1,-0.369,-1.7,33,6,10,5,5.62,4,5,37,0.303,0.378,0.515,0.894,165,82,0.368,1.14,1.14,,1.7,27,6,9.0,1,49,13,21,9,19,8,0,41,2,0,0.131,-0.2
BOS/BOS201609180,"Sunday, September 18, 2016",8:11 p.m. Local,Fenway Park,37306,3:31,Night,Home,Boston Red Sox,BOS,New York Yankees,NYY,38,4,11,4,4.0,2,7,40,0.289,0.325,0.447,0.772,156,91,-0.282,1.27,0.56,,-0.8,24,8,8.0,2,49,15,27,15,16,8,0,37,2,0,-0.218,-0.7,34,5,10,5,5.62,3,8,37,0.294,0.351,0.5,0.851,138,98,0.218,1.13,0.974,,0.7,27,10,9.0,1,53,13,32,9,17,8,0,32,2,0,0.282,0.8
BAL/BAL201609190,"Monday, September 19, 2016",7:07 p.m. Local,Oriole Park at Camden Yards,18456,2:33,Night,Away,Boston Red Sox,BOS,Baltimore Orioles,BAL,34,5,9,5,5.0,2,4,37,0.265,0.324,0.471,0.795,89,102,0.224,0.65,0.616,,0.3,27,8,9.0,1,63,12,27,11,19,8,0,78,,,0.275,2.7,31,2,4,2,2.0,0,7,32,0.129,0.156,0.258,0.414,152,65,-0.275,0.6,0.2,,-2.7,27,10,9.0,2,34,13,18,9,15,4,0,36,1,0,-0.224,-0.3
BAL/BAL201609200,"Tuesday, September 20, 2016",7:08 p.m. Local,Oriole Park at Camden Yards,20387,3:14,Night,Away,Boston Red Sox,BOS,Baltimore Orioles,BAL,38,5,11,5,5.0,1,8,39,0.289,0.308,0.474,0.781,134,95,0.144,0.91,0.701,,0.3,27,5,9.0,1,56,15,24,12,18,12,0,63,3,1,0.358,2.7,33,2,6,2,2.0,2,9,35,0.182,0.229,0.303,0.532,141,89,-0.356,0.87,0.324,,-2.7,27,7,9.0,2,53,19,17,9,15,6,0,37,1,0,-0.143,-0.3
BAL/BAL201609210,"Wednesday, September 21, 2016",7:10 p.m. Local,Oriole Park at Camden Yards,20865,2:55,Night,Away,Boston Red Sox,BOS,Baltimore Orioles,BAL,32,5,6,3,0.0,4,10,37,0.188,0.278,0.281,0.559,113,94,0.246,0.84,1.027,,0.3,27,9,9.0,0,47,15,31,13,9,4,0,69,1,0,0.255,3.7,30,1,4,1,1.0,2,6,34,0.133,0.182,0.133,0.315,156,73,-0.253,1.26,0.261,,-3.7,27,12,9.0,1,39,10,24,12,14,3,0,60,2,2,-0.246,-0.3
BAL/BAL201609220,"Thursday, September 22, 2016",7:08 p.m. Local,Oriole Park at Camden Yards,26788,3:19,Night,Away,Boston Red Sox,BOS,Baltimore Orioles,BAL,34,5,9,5,5.0,7,8,42,0.265,0.39,0.412,0.802,126,112,0.169,1.15,0.796,,0.3,27,9,9.0,1,59,12,41,16,11,4,0,56,0,0,0.331,1.7,33,3,6,3,3.0,2,9,36,0.182,0.25,0.303,0.553,185,93,-0.331,0.99,0.555,,-1.7,27,14,9.0,1,53,18,22,9,15,4,0,32,4,0,-0.168,-0.3
TBA/TBA201609230,"Friday, September 23, 2016",7:10 p.m. Local,Tropicana Field,20543,2:52,Night,Away,Boston Red Sox,BOS,Tampa Bay Rays,TBR,35,2,9,2,2.0,5,7,40,0.257,0.35,0.343,0.693,142,90,-0.219,1.81,0.386,,-2.3,27,9,9.0,1,49,15,26,13,15,5,0,59,2,0,0.719,3.3,32,1,6,1,1.0,2,9,34,0.188,0.235,0.406,0.642,151,89,-0.72,0.86,0.634,,-3.3,27,8,9.0,1,47,17,25,9,14,4,0,55,0,0,0.22,2.3
TBA/TBA201609240,"Saturday, September 24, 2016",6:11 p.m. Local,Tropicana Field,25641,3:10,Night,Away,Boston Red Sox,BOS,Tampa Bay Rays,TBR,33,6,8,6,6.0,2,7,35,0.242,0.286,0.364,0.649,158,88,0.43,1.14,1.102,,1.7,27,4,9.0,1,49,13,26,11,15,5,0,53,5,0,0.07,0.3,37,4,11,4,4.0,1,12,38,0.297,0.316,0.459,0.775,135,108,-0.07,1.36,0.819,,-0.3,27,9,9.0,1,67,17,24,4,21,12,0,60,5,3,-0.431,-1.7
TBA/TBA201609250,"Sunday, September 25, 2016",1:10 p.m. Local,Tropicana Field,26443,4:01,Day,Away,Boston Red Sox,BOS,Tampa Bay Rays,TBR,35,3,8,2,1.8,6,8,41,0.229,0.341,0.4,0.741,184,129,-0.001,2.08,1.009,,-1.8,30,2,10.0,0,73,14,42,12,15,8,0,69,4,1,0.501,2.8,35,2,7,2,1.8,3,23,40,0.2,0.275,0.229,0.504,210,116,-0.5,1.19,1.017,,-2.8,30,17,10.0,1,55,32,29,4,9,6,0,43,1,0,0.002,1.8
NYA/NYA201609270,"Tuesday, September 27, 2016",7:09 p.m. Local,Yankee Stadium III,35161,3:09,Night,Home,New York Yankees,NYY,Boston Red Sox,BOS,35,4,10,4,4.0,3,6,39,0.286,0.342,0.429,0.771,100,87,-0.081,0.74,0.95,,-0.7,24,13,8.0,3,43,15,29,15,15,6,0,26,1,0,-0.419,-1.8,32,6,14,6,6.75,1,2,35,0.438,0.455,0.719,1.173,146,70,0.42,1.51,0.823,,1.8,27,11,9.0,1,47,12,11,15,17,10,0,55,2,0,0.08,0.7
NYA/NYA201609280,"Wednesday, September 28, 2016",7:09 p.m. Local,Yankee Stadium III,35520,3:28,Night,Home,New York Yankees,NYY,Boston Red Sox,BOS,31,3,5,2,1.0,8,3,39,0.161,0.333,0.226,0.559,162,83,-0.05,1.8,0.807,,-1.7,26,10,8.2,1,49,5,29,13,15,8,0,74,3,3,-0.451,-0.4,28,5,3,5,5.19,6,8,34,0.107,0.265,0.214,0.479,144,98,0.45,1.3,1.413,,0.4,27,11,9.0,0,61,15,22,10,10,2,0,70,4,1,0.049,1.7
NYA/NYA201609290,"Thursday, September 29, 2016",7:07 p.m. Local,Yankee Stadium III,41597,3:17,Night,Home,New York Yankees,NYY,Boston Red Sox,BOS,29,1,4,1,1.0,2,10,31,0.138,0.194,0.241,0.435,163,76,-0.358,0.88,0.267,,-3.7,24,5,8.0,0,34,16,26,10,9,6,0,52,6,2,-0.144,-0.8,32,5,8,4,5.62,7,9,39,0.25,0.385,0.344,0.728,124,95,0.143,0.85,0.713,,0.8,27,10,9.0,1,49,20,26,6,17,9,0,72,0,0,0.357,3.7
BOS/BOS201609300,"Friday, September 30, 2016",7:35 p.m. Local,Fenway Park,37661,3:25,Night,Home,Boston Red Sox,BOS,Toronto Blue Jays,TOR,36,3,10,3,3.0,6,7,43,0.278,0.372,0.417,0.789,165,97,-0.126,1.15,0.91,,-1.8,24,10,8.0,1,59,17,21,12,18,4,0,57,2,1,-0.375,-0.7,35,5,10,4,5.62,2,8,37,0.286,0.324,0.486,0.81,160,114,0.374,1.26,1.132,,0.7,27,7,9.0,1,71,18,25,15,12,7,0,48,0,0,0.124,1.8
BOS/BOS201610010,"Saturday, October 1, 2016",7:09 p.m. Local,Fenway Park,37396,3:29,Night,Away,Toronto Blue Jays,TOR,Boston Red Sox,BOS,28,4,4,4,4.0,7,13,37,0.143,0.306,0.143,0.448,149,102,0.174,1.63,1.041,,-0.8,27,12,9.0,0,58,18,26,8,9,3,0,53,3,1,0.328,1.8,31,3,5,2,3.0,6,2,37,0.161,0.297,0.194,0.491,171,86,-0.328,1.46,0.882,,-1.8,27,6,9.0,0,52,8,26,13,16,6,0,53,1,1,-0.172,0.8
BOS/BOS201610020,"Sunday, October 2, 2016",3:17 p.m. Local,Fenway Park,36787,3:14,Day,Away,Toronto Blue Jays,TOR,Boston Red Sox,BOS,34,2,9,2,2.0,4,6,38,0.265,0.342,0.412,0.754,139,96,-0.12,1.7,0.843,,-2.8,27,11,9.0,1,59,12,25,12,16,7,0,73,1,0,0.62,3.8,30,1,4,1,1.0,3,8,34,0.133,0.235,0.233,0.469,150,90,-0.62,1.31,0.637,,-3.8,27,9,9.0,1,47,14,29,9,13,4,0,56,3,0,0.119,2.8
