,date,time,venue,attendance,duration,time_of_day,winner,winning_name,winning_abbr,losing_name,losing_abbr,away_at_bats,away_runs,away_hits,away_rbi,away_earned_runs,away_bases_on_balls,away_strikeouts,away_plate_appearances,away_batting_average,away_on_base_percentage,away_slugging_percentage,away_on_base_plus,away_pitches,away_strikes,away_win_probability_for_offensive_player,away_average_leverage_index,away_win_probability_added,away_win_probability_subtracted,away_base_out_runs_added,away_putouts,away_assists,away_innings_pitched,away_home_runs,away_strikes_by_contact,away_strikes_swinging,away_strikes_looking,away_grounded_balls,away_fly_balls,away_line_drives,away_unknown_bat_type,away_game_score,away_inherited_runners,away_inherited_score,away_win_probability_by_pitcher,away_base_out_runs_saved,home_at_bats,home_runs,home_hits,home_rbi,home_earned_runs,home_bases_on_balls,home_strikeouts,home_plate_appearances,home_batting_average,home_on_base_percentage,home_slugging_percentage,home_on_base_plus,home_pitches,home_strikes,home_win_probability_for_offensive_player,home_average_leverage_index,home_win_probability_added,home_win_probability_subtracted,home_base_out_runs_added,home_putouts,home_assists,home_innings_pitched,home_home_runs,home_strikes_by_contact,home_strikes_swinging,home_strikes_looking,home_grounded_balls,home_fly_balls,home_line_drives,home_unknown_bat_type,home_game_score,home_inherited_runners,home_inherited_score,home_win_probability_by_pitcher,home_base_out_runs_saved
MIA/MIA201604050,"Tuesday, April 5, 2016",7:37 p.m. Local,Marlins Park,36911,3:47,Night,Away,Detroit Tigers,DET,Miami Marlins,MIA,41,8,12,8,6.55,4,6,47,0.293,0.348,0.561,0.909,180,103,0.519,1.52,1.186,,2.9,33,8,11.0,1,60,16,29,12,25,12,0,57,0,0,-0.019,-1.9,41,7,10,7,5.73,3,10,46,0.244,0.283,0.463,0.746,168,122,0.019,1.08,1.199,,1.9,33,14,11.0,3,72,23,27,12,21,11,0,32,0,0,-0.518,-2.9
MIA/MIA201604060,"Wednesday, April 6, 2016",4:57 p.m. Local,Marlins Park,17883,3:22,Day,Away,Detroit Tigers,DET,Miami Marlins,MIA,40,7,13,7,7.0,3,16,43,0.325,0.372,0.55,0.922,160,119,0.206,0.86,0.572,,2.9,27,13,9.0,0,56,24,39,7,17,9,0,51,4,2,0.294,1.1,33,3,10,3,3.0,4,6,40,0.303,0.385,0.424,0.809,190,93,-0.294,0.51,0.429,,-1.1,27,3,9.0,2,56,13,24,17,12,7,0,51,2,2,-0.206,-2.9
DET/DET201604080,"Friday, April 8, 2016",1:10 p.m. Local,Comerica Park,45049,2:44,Day,Home,Detroit Tigers,DET,New York Yankees,NYY,28,0,3,0,0.0,4,7,32,0.107,0.219,0.107,0.326,148,86,-0.403,0.71,0.13,,-4.6,24,8,8.0,1,47,7,33,9,12,3,0,40,2,0,-0.098,0.1,36,4,13,4,4.5,0,9,36,0.361,0.361,0.472,0.833,133,97,0.099,0.7,0.471,,-0.1,27,9,9.0,0,58,19,20,14,13,9,0,73,0,0,0.402,4.6
DET/DET201604090,"Saturday, April 9, 2016",1:10 p.m. Local,Comerica Park,32419,3:20,Day,Away,New York Yankees,NYY,Detroit Tigers,DET,38,8,13,8,4.0,4,7,44,0.342,0.409,0.553,0.962,150,98,0.319,0.67,0.598,,3.4,27,9,9.0,0,55,11,32,18,14,8,0,51,2,1,0.18,0.6,33,4,7,3,4.0,4,8,37,0.212,0.297,0.242,0.54,169,94,-0.18,0.49,0.295,,-0.6,27,13,9.0,2,55,13,26,10,15,8,0,33,1,0,-0.32,-3.4
DET/DET201604110,"Monday, April 11, 2016",1:10 p.m. Local,Comerica Park,26271,3:17,Day,Away,Pittsburgh Pirates,PIT,Detroit Tigers,DET,36,7,17,7,7.0,3,3,42,0.472,0.488,0.639,1.127,130,111,0.298,0.85,0.586,,2.4,27,10,9.0,2,69,11,32,14,22,10,0,52,0,0,0.202,0.6,32,4,6,3,3.0,2,8,34,0.188,0.235,0.375,0.61,179,79,-0.202,0.61,0.412,,-0.6,27,12,9.0,0,49,10,20,10,14,4,0,15,2,2,-0.298,-2.4
DET/DET201604120,"Tuesday, April 12, 2016",1:10 p.m. Local,Comerica Park,26489,3:16,Day,Home,Detroit Tigers,DET,Pittsburgh Pirates,PIT,30,2,5,2,2.0,4,6,34,0.167,0.265,0.3,0.565,187,87,-0.157,0.5,0.275,,-2.6,24,6,8.0,2,48,15,24,14,10,3,0,30,0,0,-0.345,-3.9,36,8,14,8,9.0,8,8,44,0.389,0.5,0.611,1.111,148,106,0.345,0.58,0.619,,3.9,27,15,9.0,1,64,12,30,8,20,10,0,54,1,0,0.156,2.6
PIT/PIT201604130,"Wednesday, April 13, 2016",7:07 p.m. Local,PNC Park,21175,3:12,Night,Away,Detroit Tigers,DET,Pittsburgh Pirates,PIT,35,7,10,7,7.0,5,9,41,0.286,0.366,0.514,0.88,142,101,0.36,1.01,0.928,,2.6,27,10,9.0,0,53,14,34,7,20,8,0,62,0,0,0.14,1.4,29,3,4,3,3.0,5,10,34,0.138,0.265,0.172,0.437,170,86,-0.139,0.91,0.432,,-1.4,27,6,9.0,2,47,18,21,10,9,5,0,60,4,1,-0.36,-2.6
PIT/PIT201604140,"Thursday, April 14, 2016",12:36 p.m. Local,PNC Park,18751,3:20,Day,Away,Detroit Tigers,DET,Pittsburgh Pirates,PIT,32,7,9,7,7.0,3,7,38,0.281,0.342,0.438,0.78,178,86,0.282,1.42,0.666,,2.6,27,16,9.0,0,52,13,21,9,18,10,0,62,2,0,0.218,0.4,40,4,14,4,4.0,3,4,43,0.35,0.395,0.425,0.82,138,115,-0.219,0.79,0.839,,-0.4,27,12,9.0,1,76,8,31,19,17,9,0,60,0,0,-0.282,-2.6
HOU/HOU201604150,"Friday, April 15, 2016",7:11 p.m. Local,Minute Maid Park,30092,2:34,Night,Home,Houston Astros,HOU,Detroit Tigers,DET,31,0,5,0,0.0,1,4,32,0.161,0.188,0.161,0.349,130,76,-0.732,1.08,0.188,,-4.3,24,11,8.0,0,44,10,22,15,12,7,0,55,0,0,0.231,2.8,26,1,5,1,1.12,6,6,32,0.192,0.344,0.192,0.536,113,73,-0.232,1.29,0.485,,-2.8,27,13,9.0,0,37,13,23,13,7,3,0,75,0,0,0.731,4.3
HOU/HOU201604160,"Saturday, April 16, 2016",6:10 p.m. Local,Minute Maid Park,30013,3:17,Night,Away,Detroit Tigers,DET,Houston Astros,HOU,42,5,15,4,5.0,1,12,43,0.357,0.372,0.571,0.944,134,112,0.183,1.03,1.054,,0.7,27,12,9.0,2,57,22,33,10,20,5,0,52,0,0,0.319,1.3,32,3,8,3,3.0,2,10,34,0.25,0.294,0.438,0.732,163,83,-0.32,1.11,0.509,,-1.3,27,8,9.0,1,44,15,24,12,10,3,0,39,0,0,-0.181,-0.7
HOU/HOU201604170,"Sunday, April 17, 2016",1:09 p.m. Local,Minute Maid Park,30657,3:13,Day,Home,Houston Astros,HOU,Detroit Tigers,DET,36,4,8,4,4.0,1,10,37,0.222,0.243,0.472,0.715,150,95,-0.393,0.7,0.539,,-0.3,24,3,8.0,2,50,21,24,13,13,9,0,39,1,0,-0.108,-1.2,33,5,9,4,4.5,2,10,35,0.273,0.314,0.485,0.799,142,94,0.107,1.27,0.536,,1.2,27,8,9.0,3,56,21,17,6,17,5,0,44,1,0,0.393,0.3
KCA/KCA201604190,"Tuesday, April 19, 2016",6:15 p.m. Local,Kauffman Stadium,26889,3:08,Night,Home,Kansas City Royals,KCR,Detroit Tigers,DET,38,6,10,6,6.0,6,11,45,0.263,0.378,0.368,0.746,141,106,-0.176,0.59,0.695,,1.3,24,8,8.0,1,62,18,26,7,20,6,0,21,2,2,-0.323,-3.9,32,8,9,8,9.0,4,5,37,0.281,0.378,0.469,0.847,184,87,0.323,1.15,0.646,,3.9,27,3,9.0,1,50,12,25,12,15,7,0,49,3,1,0.176,-1.3
KCA/KCA201604200,"Wednesday, April 20, 2016",6:16 p.m. Local,Kauffman Stadium,28928,3:08,Night,Away,Detroit Tigers,DET,Kansas City Royals,KCR,35,3,9,3,3.0,2,8,39,0.257,0.333,0.314,0.648,153,92,-0.094,1.74,0.489,,-1.7,27,15,9.0,2,56,18,18,10,17,9,0,66,2,0,0.596,2.7,35,2,10,2,2.0,3,10,38,0.286,0.342,0.486,0.828,142,99,-0.597,0.84,0.675,,-2.7,27,9,9.0,0,61,18,22,14,11,6,0,58,3,0,0.097,1.7
KCA/KCA201604210,"Thursday, April 21, 2016",6:15 p.m. Local,Kauffman Stadium,30763,2:52,Night,Home,Kansas City Royals,KCR,Detroit Tigers,DET,32,0,5,0,0.0,1,7,33,0.156,0.182,0.188,0.369,134,88,-0.359,0.75,0.137,,-4.7,24,11,8.0,1,61,10,17,12,13,3,0,34,0,0,-0.141,0.1,29,4,10,3,3.38,5,3,36,0.345,0.429,0.517,0.946,130,78,0.14,0.73,0.59,,-0.1,27,10,9.0,0,51,7,20,12,16,10,0,71,0,0,0.359,4.7
DET/DET201604220,"Friday, April 22, 2016",7:11 p.m. Local,Comerica Park,25086,2:46,Night,Away,Cleveland Indians,CLE,Detroit Tigers,DET,33,2,6,2,2.0,2,12,35,0.182,0.229,0.394,0.623,112,101,-0.153,1.5,0.462,,-2.6,27,9,9.0,0,57,15,29,10,11,3,0,65,1,0,0.656,3.6,31,1,4,1,1.0,1,7,32,0.129,0.156,0.194,0.35,159,72,-0.655,0.87,0.37,,-3.6,27,9,9.0,2,42,10,20,8,16,5,0,69,0,0,0.155,2.6
DET/DET201604230,"Saturday, April 23, 2016",1:11 p.m. Local,Comerica Park,31163,2:41,Day,Away,Cleveland Indians,CLE,Detroit Tigers,DET,41,10,15,9,9.0,2,3,43,0.366,0.395,0.585,0.981,118,102,0.378,0.22,0.529,,5.4,27,7,9.0,1,66,10,26,15,23,7,0,84,0,0,0.122,3.6,29,1,2,1,1.0,0,12,29,0.069,0.069,0.172,0.241,162,76,-0.123,0.36,0.04,,-3.6,27,11,9.0,1,42,14,20,9,8,1,0,14,3,1,-0.378,-5.4
DET/DET201604240,"Sunday, April 24, 2016",1:10 p.m. Local,Comerica Park,31947,3:20,Day,Away,Cleveland Indians,CLE,Detroit Tigers,DET,35,6,11,6,6.0,6,5,41,0.314,0.415,0.4,0.815,149,92,0.329,0.97,0.774,,1.4,27,7,9.0,0,57,11,26,15,15,5,0,58,3,0,0.17,1.6,33,3,7,3,3.0,4,11,37,0.212,0.297,0.242,0.54,157,95,-0.172,0.79,0.489,,-1.6,27,10,9.0,0,52,20,23,8,14,5,0,51,3,2,-0.33,-1.4
DET/DET201604250,"Monday, April 25, 2016",7:10 p.m. Local,Comerica Park,21671,2:39,Night,Home,Detroit Tigers,DET,Oakland Athletics,OAK,37,3,10,3,1.0,1,2,38,0.27,0.289,0.351,0.641,136,90,-0.298,0.44,0.25,,-1.6,24,6,8.0,3,61,6,23,19,16,8,0,23,2,0,-0.203,-2.9,35,7,12,7,6.75,1,7,37,0.343,0.351,0.629,0.98,132,82,0.202,0.68,0.464,,2.9,27,14,9.0,0,41,18,23,13,16,5,0,52,3,1,0.296,1.6
DET/DET201604260,"Tuesday, April 26, 2016",7:10 p.m. Local,Comerica Park,22256,2:38,Night,Away,Oakland Athletics,OAK,Detroit Tigers,DET,34,5,10,5,5.0,0,4,35,0.294,0.286,0.412,0.697,150,83,0.141,0.67,0.43,,0.4,27,7,9.0,0,53,9,21,13,18,8,0,77,0,0,0.359,3.6,32,1,6,1,1.0,0,11,32,0.188,0.188,0.219,0.406,124,94,-0.359,0.56,0.126,,-3.6,27,11,9.0,1,43,16,35,9,12,5,0,37,1,0,-0.141,-0.4
DET/DET201604270,"Wednesday, April 27, 2016",7:10 p.m. Local,Comerica Park,22636,3:23,Night,Home,Detroit Tigers,DET,Oakland Athletics,OAK,35,4,8,4,4.0,2,10,37,0.229,0.27,0.429,0.699,177,90,-0.191,0.46,0.247,,-0.6,24,11,8.0,2,47,12,31,7,18,4,0,34,0,0,-0.309,-4.9,32,9,9,8,9.0,7,10,41,0.281,0.415,0.594,1.008,147,107,0.31,0.6,0.551,,4.9,27,4,9.0,1,59,15,33,11,12,6,0,55,4,1,0.191,0.6
DET/DET201604280,"Thursday, April 28, 2016",1:10 p.m. Local,Comerica Park,26200,3:04,Day,Home,Detroit Tigers,DET,Oakland Athletics,OAK,32,3,6,3,3.0,9,11,41,0.188,0.366,0.344,0.71,156,95,-0.086,0.58,0.376,,-1.6,24,6,8.0,1,47,14,34,7,14,3,0,15,2,0,-0.414,-2.9,34,7,11,6,7.88,5,8,39,0.324,0.41,0.588,0.998,162,90,0.412,0.65,0.722,,2.9,27,4,9.0,1,52,17,21,8,18,11,0,57,4,0,0.086,1.6
MIN/MIN201604290,"Friday, April 29, 2016",7:10 p.m. Local,Target Field,23049,3:09,Night,Away,Detroit Tigers,DET,Minnesota Twins,MIN,40,9,18,9,9.0,4,4,45,0.45,0.489,0.725,1.214,157,89,0.252,0.97,0.651,,4.4,27,9,9.0,0,57,7,25,13,24,13,0,48,0,0,0.251,2.6,34,2,7,2,2.0,2,9,36,0.206,0.25,0.235,0.485,151,100,-0.249,0.53,0.414,,-2.6,27,9,9.0,3,62,16,22,12,13,4,0,37,4,2,-0.249,-4.4
MIN/MIN201604300,"Saturday, April 30, 2016",1:11 p.m. Local,Target Field,31109,2:51,Day,Away,Detroit Tigers,DET,Minnesota Twins,MIN,33,4,6,4,1.0,2,11,36,0.182,0.25,0.364,0.614,138,100,0.12,0.91,0.498,,-0.6,27,7,9.0,1,53,20,27,8,14,8,0,68,0,0,0.38,3.6,33,1,7,1,1.0,1,10,34,0.212,0.235,0.303,0.538,150,90,-0.38,0.54,0.352,,-3.6,27,6,9.0,1,46,16,28,10,13,5,0,60,3,0,-0.12,0.6
MIN/MIN201605010,"Sunday, May 1, 2016",1:11 p.m. Local,Target Field,24749,3:33,Day,Away,Detroit Tigers,DET,Minnesota Twins,MIN,38,6,14,6,6.0,0,8,39,0.368,0.359,0.553,0.912,168,111,0.303,1.39,1.189,,1.4,27,12,9.0,0,62,19,30,8,23,9,0,26,6,2,0.198,-0.4,35,5,11,5,5.0,3,5,40,0.314,0.359,0.4,0.759,155,104,-0.196,1.14,0.818,,0.4,27,6,9.0,1,55,25,24,16,16,7,0,37,0,0,-0.304,-1.4
CLE/CLE201605030,"Tuesday, May 3, 2016",6:10 p.m. Local,Progressive Field,11022,3:12,Night,Home,Cleveland Indians,CLE,Detroit Tigers,DET,37,3,12,3,3.0,1,10,39,0.324,0.359,0.405,0.764,137,102,-0.167,0.46,0.424,,-2.0,24,9,8.0,1,54,12,36,11,16,12,0,22,0,0,-0.333,-2.6,32,7,10,7,7.88,4,5,36,0.312,0.389,0.469,0.858,163,88,0.334,0.72,0.567,,2.6,27,8,9.0,1,52,10,26,12,15,10,0,51,2,0,0.166,2.0
CLE/CLE201605040,"Wednesday, May 4, 2016",6:10 p.m. Local,Progressive Field,8766,2:19,Night,Home,Cleveland Indians,CLE,Detroit Tigers,DET,30,0,5,0,0.0,2,7,32,0.167,0.219,0.2,0.419,115,77,-0.375,0.65,0.299,,-5.0,24,9,8.0,0,44,16,17,16,7,3,0,57,0,0,-0.126,0.4,26,4,5,3,4.5,3,7,30,0.192,0.3,0.269,0.569,111,69,0.126,0.85,0.435,,-0.4,27,15,9.0,0,38,10,21,11,8,3,0,82,,,0.374,5.0
CLE/CLE201605050,"Thursday, May 5, 2016",6:10 p.m. Local,Progressive Field,10350,2:54,Night,Home,Cleveland Indians,CLE,Detroit Tigers,DET,33,4,5,4,4.0,2,8,35,0.152,0.2,0.303,0.503,146,94,-0.233,0.59,0.34,,-1.0,24,9,8.0,2,49,16,29,14,11,7,0,31,2,1,-0.266,-4.6,38,9,16,9,7.88,3,7,41,0.421,0.463,0.632,1.095,149,91,0.266,0.81,0.652,,4.6,27,11,9.0,1,57,12,22,14,17,9,0,53,1,0,0.234,1.0
DET/DET201605060,"Friday, May 6, 2016",7:10 p.m. Local,Comerica Park,28522,2:31,Night,Away,Texas Rangers,TEX,Detroit Tigers,DET,37,5,10,5,5.0,1,2,38,0.27,0.289,0.459,0.749,132,81,0.055,0.81,0.42,,0.4,27,7,9.0,0,62,6,13,13,22,7,0,82,0,0,0.444,3.6,29,1,2,0,1.0,2,11,31,0.069,0.129,0.103,0.232,120,88,-0.444,0.48,0.136,,-3.6,27,13,9.0,1,48,18,22,10,8,5,0,57,0,0,-0.056,-0.4
DET/DET201605070,"Saturday, May 7, 2016",1:10 p.m. Local,Comerica Park,35551,3:14,Day,Away,Texas Rangers,TEX,Detroit Tigers,DET,35,10,10,10,10.0,1,4,38,0.286,0.316,0.8,1.116,167,93,0.671,0.88,1.075,,5.4,27,10,9.0,1,57,13,23,14,18,6,0,37,5,0,-0.172,-0.4,35,5,11,5,5.0,8,9,44,0.314,0.442,0.457,0.899,143,101,0.173,0.71,0.819,,0.4,27,14,9.0,5,54,18,29,13,14,6,0,36,1,1,-0.673,-5.4
DET/DET201605080,"Sunday, May 8, 2016",1:11 p.m. Local,Comerica Park,35406,3:25,Day,Away,Texas Rangers,TEX,Detroit Tigers,DET,38,8,12,8,8.0,4,11,45,0.316,0.4,0.5,0.9,157,108,0.44,0.67,1.12,,3.4,27,10,9.0,0,57,25,26,12,16,9,0,62,0,0,0.063,1.6,34,3,6,3,3.0,5,8,39,0.176,0.282,0.235,0.517,165,100,-0.064,1.27,0.352,,-1.6,27,4,9.0,2,57,17,26,12,14,7,0,78,2,2,-0.437,-3.4
WAS/WAS201605090,"Monday, May 9, 2016",7:09 p.m. Local,Nationals Park,27153,2:57,Night,Home,Washington Nationals,WSN,Detroit Tigers,DET,33,4,7,4,4.0,4,14,37,0.212,0.297,0.424,0.722,119,79,-0.126,1.54,0.64,,-0.6,25,10,8.1,2,38,16,25,8,11,5,0,43,5,1,-0.374,-0.7,30,5,7,5,5.4,4,4,36,0.233,0.314,0.433,0.748,132,72,0.374,1.12,1.257,,0.7,27,7,9.0,2,45,7,20,12,16,7,0,57,3,0,0.126,0.6
WAS/WAS201605100,"Tuesday, May 10, 2016",7:05 p.m. Local,Nationals Park,24476,3:16,Night,Away,Detroit Tigers,DET,Washington Nationals,WSN,36,5,9,5,5.0,4,9,40,0.25,0.325,0.361,0.686,173,100,0.263,1.83,0.864,,0.4,27,11,9.0,2,55,20,25,10,17,9,0,44,0,0,0.238,0.6,36,4,11,4,4.0,5,10,41,0.306,0.39,0.556,0.946,152,103,-0.238,1.18,1.094,,-0.6,27,8,9.0,1,60,16,27,15,11,7,0,38,0,0,-0.262,-0.4
WAS/WAS201605110,"Wednesday, May 11, 2016",7:06 p.m. Local,Nationals Park,35695,2:38,Night,Home,Washington Nationals,WSN,Detroit Tigers,DET,33,2,6,2,2.0,0,20,33,0.182,0.182,0.394,0.576,129,96,-0.495,0.93,0.537,,-2.6,24,9,8.0,1,38,31,27,3,10,3,0,51,1,0,-0.006,1.1,29,3,9,3,3.38,4,4,33,0.31,0.394,0.483,0.877,119,85,0.007,1.4,0.579,,-1.1,27,3,9.0,2,51,5,29,5,20,11,0,87,,,0.493,2.6
BAL/BAL201605120,"Thursday, May 12, 2016",7:07 p.m. Local,Oriole Park at Camden Yards,14918,3:16,Night,Home,Baltimore Orioles,BAL,Detroit Tigers,DET,39,5,13,5,4.0,5,4,44,0.333,0.409,0.462,0.871,153,99,-0.006,1.2,0.735,,0.3,24,8,8.0,0,66,11,22,20,15,6,0,53,6,3,-0.494,-2.9,36,7,12,7,7.88,3,5,39,0.333,0.385,0.417,0.801,162,95,0.495,1.01,1.172,,2.9,27,16,9.0,1,52,18,25,14,17,12,0,29,2,2,0.006,-0.3
BAL/BAL201605130,"Friday, May 13, 2016",7:07 p.m. Local,Oriole Park at Camden Yards,30488,2:39,Night,Home,Baltimore Orioles,BAL,Detroit Tigers,DET,31,0,6,0,0.0,2,8,33,0.194,0.242,0.258,0.5,112,86,-0.747,0.91,0.368,,-4.7,24,10,8.0,1,55,12,20,12,11,5,0,76,,,0.246,3.1,26,1,4,1,1.12,2,8,29,0.154,0.241,0.269,0.511,125,75,-0.248,1.46,0.34,,-3.1,27,13,9.0,0,43,14,18,9,9,4,0,72,0,0,0.746,4.7
BAL/BAL201605140,"Saturday, May 14, 2016",7:07 p.m. Local,Oriole Park at Camden Yards,32174,2:44,Night,Home,Baltimore Orioles,BAL,Detroit Tigers,DET,31,3,5,3,3.0,3,9,35,0.161,0.257,0.323,0.58,129,86,-0.148,0.86,0.665,,-1.7,24,9,8.0,4,57,10,19,7,15,7,0,46,2,2,-0.352,-4.9,35,9,11,9,10.12,3,5,38,0.314,0.368,0.714,1.083,130,82,0.352,1.1,0.917,,4.9,27,8,9.0,1,53,8,21,13,17,6,0,66,0,0,0.149,1.7
BAL/BAL201605150,"Sunday, May 15, 2016",1:38 p.m. Local,Oriole Park at Camden Yards,37890,3:38,Day,Away,Detroit Tigers,DET,Baltimore Orioles,BAL,39,6,13,6,6.0,4,8,44,0.333,0.409,0.718,1.127,173,103,0.394,1.34,1.539,,1.3,27,10,9.0,1,54,21,28,13,18,9,0,38,1,0,0.104,-0.3,34,5,7,5,4.0,5,12,39,0.206,0.308,0.324,0.631,166,98,-0.103,1.42,0.833,,0.3,27,8,9.0,3,49,24,25,13,9,5,0,30,1,0,-0.397,-1.3
DET/DET201605160,"Monday, May 16, 2016",7:10 p.m. Local,Comerica Park,25925,2:48,Night,Home,Detroit Tigers,DET,Minnesota Twins,MIN,39,8,11,6,7.0,0,12,39,0.282,0.282,0.487,0.769,146,103,-0.026,0.75,0.7,,3.4,24,9,8.0,3,55,17,31,18,9,4,0,15,2,1,-0.475,-5.9,35,10,14,10,11.25,4,5,40,0.4,0.462,0.743,1.204,134,94,0.475,1.0,0.88,,5.9,27,11,9.0,2,58,11,25,11,20,10,0,34,0,0,0.026,-3.4
DET/DET201605170,"Tuesday, May 17, 2016",7:10 p.m. Local,Comerica Park,27652,2:55,Night,Home,Detroit Tigers,DET,Minnesota Twins,MIN,33,2,7,2,2.0,3,7,36,0.212,0.278,0.394,0.672,114,92,-0.1,1.08,0.548,,-2.6,24,11,8.0,2,54,13,25,11,15,7,0,64,3,2,-0.399,-2.9,33,7,10,7,7.88,0,2,34,0.303,0.294,0.576,0.87,156,77,0.398,0.88,0.984,,2.9,27,11,9.0,2,49,9,19,12,20,10,0,48,2,0,0.101,2.6
DET/DET201605180,"Wednesday, May 18, 2016",1:10 p.m. Local,Comerica Park,29035,2:57,Day,Home,Detroit Tigers,DET,Minnesota Twins,MIN,33,3,7,3,3.0,3,11,37,0.212,0.27,0.242,0.513,151,95,-0.299,0.53,0.26,,-1.6,24,8,8.0,1,48,23,24,11,12,2,0,42,0,0,-0.203,-1.9,34,6,13,6,4.5,1,9,37,0.382,0.405,0.559,0.964,141,98,0.202,0.78,0.546,,1.9,27,5,9.0,0,55,14,29,10,16,9,0,61,2,2,0.297,1.6
DET/DET201605200,"Friday, May 20, 2016",7:10 p.m. Local,Comerica Park,30304,3:26,Night,Away,Tampa Bay Rays,TBR,Detroit Tigers,DET,33,7,8,7,7.0,5,8,39,0.242,0.359,0.515,0.874,149,89,0.415,1.55,0.973,,2.4,27,14,9.0,2,50,17,22,9,16,6,0,43,5,1,0.086,-0.4,38,5,11,4,5.0,2,6,40,0.289,0.325,0.447,0.772,158,96,-0.087,0.96,1.099,,0.4,27,8,9.0,2,63,13,20,16,16,6,0,37,2,2,-0.414,-2.4
DET/DET201605210,"Saturday, May 21, 2016",4:10 p.m. Local,Comerica Park,32316,2:58,Day,Home,Detroit Tigers,DET,Tampa Bay Rays,TBR,33,4,6,3,3.0,3,15,36,0.182,0.25,0.394,0.644,150,89,-0.357,0.87,0.601,,-0.6,24,6,8.0,3,49,21,23,7,11,2,0,50,0,0,-0.144,-0.9,31,5,8,5,5.62,3,8,34,0.258,0.324,0.548,0.872,147,91,0.143,1.27,0.686,,0.9,27,5,9.0,1,52,16,23,5,18,6,0,75,0,0,0.357,0.6
DET/DET201605220,"Sunday, May 22, 2016",1:10 p.m. Local,Comerica Park,34758,3:03,Day,Home,Detroit Tigers,DET,Tampa Bay Rays,TBR,36,4,10,4,4.0,1,6,37,0.278,0.297,0.472,0.77,147,89,-0.054,0.6,0.546,,-0.6,24,8,8.0,2,53,10,26,17,13,2,0,22,0,0,-0.444,-4.9,37,9,13,9,10.12,3,9,41,0.351,0.415,0.649,1.063,140,98,0.445,0.83,0.78,,4.9,27,10,9.0,2,55,22,21,10,18,6,0,54,2,0,0.054,0.6
DET/DET201605230,"Monday, May 23, 2016",7:10 p.m. Local,Comerica Park,26400,3:10,Night,Home,Detroit Tigers,DET,Philadelphia Phillies,PHI,36,4,12,4,4.0,1,9,38,0.333,0.342,0.528,0.87,146,97,-0.175,1.15,0.884,,-0.6,24,9,8.0,4,58,18,21,15,13,10,0,32,0,0,-0.325,-0.9,34,5,12,5,5.62,2,5,36,0.353,0.389,0.765,1.154,138,92,0.323,1.5,1.094,,0.9,27,13,9.0,2,63,11,18,7,22,9,0,37,0,0,0.175,0.6
DET/DET201605240,"Tuesday, May 24, 2016",7:10 p.m. Local,Comerica Park,26531,2:38,Night,Home,Detroit Tigers,DET,Philadelphia Phillies,PHI,30,1,5,1,1.0,2,11,33,0.167,0.212,0.233,0.445,112,88,-0.495,0.66,0.299,,-3.6,24,12,8.0,0,49,21,18,6,14,10,0,57,0,0,-0.005,1.1,29,3,7,3,3.38,1,8,30,0.241,0.267,0.31,0.577,126,72,0.004,1.08,0.382,,-1.1,27,4,9.0,0,47,16,9,13,8,4,0,84,0,0,0.495,3.6
DET/DET201605250,"Wednesday, May 25, 2016",1:11 p.m. Local,Comerica Park,31187,3:11,Day,Away,Philadelphia Phillies,PHI,Detroit Tigers,DET,38,8,12,7,5.0,2,10,41,0.316,0.341,0.526,0.868,140,95,0.454,1.33,0.969,,3.4,27,11,9.0,0,57,15,23,10,19,7,0,53,2,0,0.044,-0.4,37,5,9,5,3.0,2,9,39,0.243,0.282,0.324,0.606,141,91,-0.044,0.78,0.837,,0.4,27,7,9.0,2,44,16,31,14,14,8,0,42,1,1,-0.456,-3.4
OAK/OAK201605270,"Friday, May 27, 2016",7:07 p.m. Local,Oakland-Alameda County Coliseum,22498,2:40,Night,Away,Detroit Tigers,DET,Oakland Athletics,OAK,36,4,11,4,4.0,3,5,39,0.306,0.359,0.583,0.942,125,86,0.048,0.8,0.646,,-0.4,27,12,9.0,0,57,8,21,10,21,7,0,75,2,0,0.451,3.4,32,1,5,1,1.0,1,5,34,0.156,0.206,0.25,0.456,134,81,-0.452,0.75,0.165,,-3.4,27,9,9.0,1,53,8,20,16,11,6,0,44,1,0,-0.05,0.4
OAK/OAK201605280,"Saturday, May 28, 2016",1:07 p.m. Local,Oakland-Alameda County Coliseum,24154,2:57,Day,Home,Oakland Athletics,OAK,Detroit Tigers,DET,31,3,6,2,3.0,4,7,35,0.194,0.286,0.355,0.641,147,75,0.027,0.55,0.684,,-1.4,24,8,8.0,3,45,11,19,13,11,4,0,50,2,1,-0.527,-8.1,39,12,17,12,13.5,1,7,41,0.436,0.439,0.821,1.26,129,99,0.526,1.0,0.794,,8.1,27,14,9.0,1,64,15,20,13,20,13,0,51,0,0,-0.026,1.4
OAK/OAK201605290,"Sunday, May 29, 2016",1:07 p.m. Local,Oakland-Alameda County Coliseum,20522,2:48,Day,Home,Oakland Athletics,OAK,Detroit Tigers,DET,31,2,5,2,2.0,3,12,34,0.161,0.235,0.161,0.397,141,88,-0.319,1.18,0.44,,-2.4,24,8,8.0,0,49,18,21,6,13,6,0,52,3,2,-0.182,-0.1,32,4,9,3,1.12,3,6,36,0.281,0.333,0.313,0.646,128,87,0.181,1.1,0.774,,0.1,27,4,9.0,0,49,14,24,11,16,9,0,61,1,0,0.319,2.4
ANA/ANA201605300,"Monday, May 30, 2016",6:07 p.m. Local,Angel Stadium of Anaheim,38541,2:46,Night,Home,Los Angeles Angels,LAA,Detroit Tigers,DET,30,1,4,1,1.0,1,10,32,0.133,0.156,0.167,0.323,139,76,-0.545,0.93,0.203,,-3.3,24,7,8.0,0,36,16,24,10,11,4,0,61,1,1,0.046,-1.1,30,5,6,4,5.62,1,7,32,0.2,0.226,0.2,0.426,114,92,-0.047,1.15,0.441,,1.1,27,9,9.0,0,59,14,19,7,17,8,0,84,,,0.546,3.3
ANA/ANA201605310,"Tuesday, May 31, 2016",7:07 p.m. Local,Angel Stadium of Anaheim,35125,3:19,Night,Home,Los Angeles Angels,LAA,Detroit Tigers,DET,34,9,8,9,9.0,3,10,37,0.235,0.297,0.706,1.003,142,109,0.234,0.84,0.831,,4.7,24,13,8.0,4,62,20,27,6,18,7,0,17,1,0,-0.734,-7.1,34,11,17,11,12.38,4,4,40,0.5,0.55,0.941,1.491,165,82,0.734,0.79,1.276,,7.1,27,7,9.0,5,50,13,19,15,16,10,0,47,2,2,-0.233,-4.7
ANA/ANA201606010,"Wednesday, June 1, 2016",4:08 p.m. Local,Angel Stadium of Anaheim,35053,2:55,Day,Away,Detroit Tigers,DET,Los Angeles Angels,LAA,37,3,11,3,3.0,3,10,40,0.297,0.35,0.351,0.701,135,96,-0.06,1.08,0.618,,-1.3,27,7,9.0,0,51,22,23,15,12,7,0,81,2,0,0.559,4.3,29,0,2,0,0.0,3,10,32,0.069,0.156,0.103,0.26,148,86,-0.562,0.95,0.216,,-4.3,27,10,9.0,0,48,17,21,8,11,5,0,57,2,1,0.06,1.3
DET/DET201606020,"Thursday, June 2, 2016",7:40 p.m. Local,Comerica Park,28213,2:56,Night,Away,New York Yankees,NYY,Detroit Tigers,DET,34,5,8,5,5.0,1,6,36,0.235,0.25,0.324,0.574,161,79,0.197,1.6,0.734,,0.4,27,13,9.0,0,53,7,19,16,13,8,0,59,1,0,0.304,0.6,35,4,11,3,4.0,4,13,39,0.314,0.385,0.429,0.813,106,102,-0.302,1.05,1.001,,-0.6,27,14,9.0,0,54,25,23,13,9,7,0,47,4,3,-0.198,-0.4
DET/DET201606030,"Friday, June 3, 2016",7:10 p.m. Local,Comerica Park,31184,3:22,Night,Home,Detroit Tigers,DET,Chicago White Sox,CHW,33,3,7,3,3.0,4,6,37,0.212,0.297,0.273,0.57,167,96,-0.22,0.6,0.514,,-1.6,24,6,8.0,2,57,11,28,17,10,4,0,44,0,0,-0.281,-5.9,35,10,14,9,11.25,7,6,42,0.4,0.5,0.686,1.186,148,98,0.281,1.05,0.669,,5.9,27,18,9.0,0,62,12,24,11,18,5,0,52,2,0,0.22,1.6
DET/DET201606040,"Saturday, June 4, 2016",4:10 p.m. Local,Comerica Park,32916,3:09,Day,Home,Detroit Tigers,DET,Chicago White Sox,CHW,34,4,9,4,4.0,3,7,38,0.265,0.342,0.353,0.695,147,89,-0.273,1.04,0.372,,-0.6,24,7,8.0,1,49,11,29,14,13,4,0,39,3,0,-0.229,-2.9,33,7,11,7,6.75,3,2,39,0.333,0.378,0.485,0.863,139,90,0.23,0.84,0.807,,2.9,27,13,9.0,0,62,5,23,15,19,8,0,54,1,0,0.27,0.6
DET/DET201606050,"Sunday, June 5, 2016",1:17 p.m. Local,Comerica Park,29086,3:09,Day,Home,Detroit Tigers,DET,Chicago White Sox,CHW,32,2,5,2,2.0,1,10,33,0.156,0.182,0.406,0.588,156,93,-0.287,1.02,0.371,,-2.6,24,7,8.0,0,52,17,24,9,13,5,0,27,2,0,-0.215,-0.9,34,5,12,5,5.62,4,8,39,0.353,0.421,0.441,0.862,128,90,0.213,0.82,0.831,,0.9,27,8,9.0,2,56,14,20,11,16,7,0,66,0,0,0.286,2.6
DET/DET201606060,"Monday, June 6, 2016",7:10 p.m. Local,Comerica Park,29771,2:57,Night,Home,Detroit Tigers,DET,Toronto Blue Jays,TOR,29,0,3,0,0.0,4,6,33,0.103,0.212,0.172,0.385,166,80,-0.181,0.3,0.111,,-4.6,24,8,8.0,2,43,14,23,14,9,1,0,32,3,0,-0.318,-6.9,39,11,15,10,12.38,4,7,43,0.385,0.442,0.641,1.083,134,101,0.318,0.43,0.465,,6.9,27,13,9.0,0,61,12,28,16,16,10,0,70,0,0,0.183,4.6
DET/DET201606070,"Tuesday, June 7, 2016",7:10 p.m. Local,Comerica Park,30745,3:07,Night,Home,Detroit Tigers,DET,Toronto Blue Jays,TOR,34,2,5,2,1.8,9,11,43,0.147,0.326,0.235,0.561,125,109,-0.281,1.75,0.563,,-3.1,27,14,9.0,0,63,17,29,9,14,3,0,79,1,1,-0.218,-0.3,32,3,6,3,3.0,3,13,37,0.188,0.257,0.281,0.538,185,81,0.218,0.98,1.1,,0.3,30,9,10.0,1,40,15,26,16,5,4,0,58,3,0,0.282,3.1
DET/DET201606080,"Wednesday, June 8, 2016",1:10 p.m. Local,Comerica Park,36036,2:56,Day,Away,Toronto Blue Jays,TOR,Detroit Tigers,DET,34,7,9,7,7.0,3,5,37,0.265,0.324,0.647,0.971,157,95,0.404,0.71,0.706,,2.4,27,13,9.0,1,53,12,30,14,15,3,0,42,1,0,0.098,2.6,33,2,9,2,2.0,3,5,37,0.273,0.351,0.364,0.715,146,93,-0.097,0.51,0.455,,-2.6,27,11,9.0,2,60,9,24,11,17,7,0,21,1,0,-0.402,-2.4
NYA/NYA201606100,"Friday, June 10, 2016",7:09 p.m. Local,Yankee Stadium III,40011,2:48,Night,Home,New York Yankees,NYY,Detroit Tigers,DET,32,0,6,0,0.0,2,7,34,0.188,0.235,0.188,0.423,130,87,-0.313,0.55,0.199,,-4.7,24,19,8.0,0,60,10,17,10,15,4,0,45,1,0,-0.186,0.2,28,4,7,4,3.38,5,2,33,0.25,0.364,0.286,0.649,131,77,0.186,0.7,0.427,,-0.2,27,9,9.0,0,44,10,23,17,9,5,0,69,0,0,0.315,4.7
NYA/NYA201606110,"Saturday, June 11, 2016",7:20 p.m. Local,Yankee Stadium III,38050,3:17,Night,Away,Detroit Tigers,DET,New York Yankees,NYY,36,6,10,6,6.0,1,7,38,0.278,0.316,0.472,0.788,138,98,0.24,0.7,0.648,,1.3,27,10,9.0,0,65,13,20,18,11,3,0,64,4,0,0.262,3.7,32,1,6,1,1.0,3,7,35,0.188,0.257,0.281,0.538,139,91,-0.261,0.71,0.249,,-3.7,27,15,9.0,2,51,11,29,12,13,6,0,44,1,1,-0.238,-1.3
NYA/NYA201606120,"Sunday, June 12, 2016",2:08 p.m. Local,Yankee Stadium III,47474,2:56,Day,Away,Detroit Tigers,DET,New York Yankees,NYY,35,4,9,4,4.0,2,12,38,0.257,0.289,0.4,0.689,136,108,0.042,1.09,0.609,,-0.7,27,5,9.0,0,57,22,29,11,13,6,0,68,0,0,0.459,3.7,31,1,4,1,1.0,4,9,36,0.129,0.25,0.194,0.444,156,86,-0.457,0.95,0.348,,-3.7,27,6,9.0,1,47,16,23,6,16,8,0,58,0,0,-0.041,0.7
CHA/CHA201606130,"Monday, June 13, 2016",7:10 p.m. Local,U.S. Cellular Field,16314,4:34,Night,Home,Chicago White Sox,CHW,Detroit Tigers,DET,46,9,14,8,6.0,11,7,59,0.304,0.431,0.435,0.866,220,121,0.011,1.94,1.056,,3.1,34,15,11.1,2,74,20,27,15,26,14,0,26,4,3,-0.513,-4.7,48,10,16,10,7.94,6,10,56,0.333,0.4,0.521,0.921,226,135,0.511,1.09,1.874,,4.7,36,15,12.0,1,84,26,25,21,19,12,0,20,3,0,-0.01,-3.1
CHA/CHA201606140,"Tuesday, June 14, 2016",7:11 p.m. Local,U.S. Cellular Field,17403,3:47,Night,Away,Detroit Tigers,DET,Chicago White Sox,CHW,40,11,16,11,11.0,8,9,49,0.4,0.49,0.675,1.165,140,120,0.515,0.56,0.785,,6.6,27,10,9.0,1,81,12,27,13,19,12,0,43,0,0,-0.017,-3.6,35,8,11,7,6.0,1,5,38,0.314,0.316,0.543,0.859,206,92,0.016,0.6,0.4,,3.6,27,11,9.0,0,56,17,19,12,20,9,0,15,1,1,-0.517,-6.6
CHA/CHA201606150,"Wednesday, June 15, 2016",7:10 p.m. Local,U.S. Cellular Field,20292,2:49,Night,Home,Chicago White Sox,CHW,Detroit Tigers,DET,34,3,8,3,3.0,1,9,36,0.235,0.278,0.382,0.66,116,97,-0.245,1.37,0.578,,-1.4,24,10,8.0,0,52,19,26,13,12,6,0,41,4,1,-0.256,-1.1,30,5,9,5,5.62,4,2,38,0.3,0.395,0.533,0.928,145,72,0.257,1.2,0.968,,1.1,27,11,9.0,1,49,6,17,12,18,9,0,59,0,0,0.244,1.4
KCA/KCA201606160,"Thursday, June 16, 2016",7:14 p.m. Local,Kauffman Stadium,33568,3:15,Night,Away,Detroit Tigers,DET,Kansas City Royals,KCR,39,10,13,10,10.0,3,7,43,0.333,0.372,0.795,1.167,133,100,0.549,0.82,1.159,,5.3,27,14,9.0,1,57,14,29,11,22,7,0,51,0,0,-0.048,0.7,35,4,10,4,4.0,1,9,38,0.286,0.342,0.486,0.828,159,89,0.048,0.89,0.582,,-0.7,27,7,9.0,6,52,15,22,16,10,3,0,49,0,0,-0.548,-5.3
KCA/KCA201606170,"Friday, June 17, 2016",7:15 p.m. Local,Kauffman Stadium,37746,3:17,Night,Home,Kansas City Royals,KCR,Detroit Tigers,DET,36,3,10,3,3.0,0,6,36,0.278,0.278,0.444,0.722,164,101,-0.47,0.82,0.298,,-1.7,24,11,8.0,2,57,16,28,17,13,6,0,56,4,2,-0.03,-5.9,36,10,14,10,11.25,6,7,43,0.389,0.476,0.611,1.087,151,103,0.03,1.01,0.662,,5.9,27,13,9.0,2,60,21,22,15,15,8,0,66,2,0,0.47,1.7
KCA/KCA201606180,"Saturday, June 18, 2016",7:15 p.m. Local,Kauffman Stadium,38480,3:16,Night,Home,Kansas City Royals,KCR,Detroit Tigers,DET,34,5,10,5,5.0,1,8,37,0.294,0.324,0.441,0.766,171,88,-0.012,0.46,0.368,,0.3,24,14,8.0,0,50,14,24,18,9,4,0,18,4,3,-0.488,-11.9,43,16,21,15,18.0,4,3,47,0.488,0.532,0.651,1.183,122,114,0.487,0.61,0.774,,11.9,27,11,9.0,1,81,8,25,21,19,11,0,43,1,0,0.011,-0.3
KCA/KCA201606190,"Sunday, June 19, 2016",1:16 p.m. Local,Kauffman Stadium,34659,3:32,Day,Home,Kansas City Royals,KCR,Detroit Tigers,DET,42,1,5,1,0.69,2,12,44,0.119,0.159,0.19,0.35,150,113,-1.122,1.75,0.351,,-5.7,37,18,12.1,0,66,24,23,13,17,4,0,75,0,0,0.622,3.1,40,2,7,2,1.46,2,8,44,0.175,0.233,0.225,0.458,177,105,-0.62,1.39,0.753,,-3.1,39,13,13.0,1,68,16,21,19,14,4,0,68,0,0,1.122,5.7
DET/DET201606200,"Monday, June 20, 2016",7:10 p.m. Local,Comerica Park,27670,4:29,Night,Home,Detroit Tigers,DET,Seattle Mariners,SEA,51,7,19,7,5.25,2,10,54,0.373,0.396,0.569,0.965,196,125,-0.09,1.69,1.847,,0.9,33,13,11.0,3,76,24,25,27,15,9,0,36,2,0,-0.41,-2.4,46,8,14,7,6.55,4,9,51,0.304,0.373,0.587,0.96,198,125,0.41,1.76,1.92,,2.4,36,19,12.0,2,77,22,26,16,21,10,0,21,0,0,0.091,-0.9
DET/DET201606210,"Tuesday, June 21, 2016",7:11 p.m. Local,Comerica Park,30150,2:47,Night,Home,Detroit Tigers,DET,Seattle Mariners,SEA,33,2,8,2,2.0,2,6,36,0.242,0.286,0.394,0.68,116,86,-0.278,1.54,0.668,,-2.6,24,10,8.0,0,52,13,21,9,19,5,0,43,2,0,-0.222,0.1,32,4,11,4,4.5,3,6,37,0.344,0.405,0.375,0.78,130,74,0.223,1.17,1.133,,-0.1,27,7,9.0,1,46,10,18,18,9,4,0,61,0,0,0.278,2.6
DET/DET201606220,"Wednesday, June 22, 2016",7:10 p.m. Local,Comerica Park,31497,2:39,Night,Home,Detroit Tigers,DET,Seattle Mariners,SEA,30,1,3,1,1.0,1,9,33,0.1,0.182,0.1,0.282,139,76,-0.279,0.42,0.244,,-3.6,24,9,8.0,3,45,13,18,12,9,6,0,24,2,0,-0.221,-0.9,35,5,12,5,5.62,3,9,38,0.343,0.395,0.629,1.023,121,84,0.221,0.84,0.483,,0.9,27,9,9.0,0,48,12,24,12,14,4,0,55,3,0,0.28,3.6
DET/DET201606230,"Thursday, June 23, 2016",1:10 p.m. Local,Comerica Park,35767,3:24,Day,Home,Detroit Tigers,DET,Seattle Mariners,SEA,37,4,8,4,3.6,2,8,39,0.216,0.256,0.595,0.851,188,90,-0.367,1.5,0.921,,-1.1,29,6,9.2,1,55,12,23,11,18,7,0,35,0,0,-0.133,-0.5,36,5,8,4,4.66,8,11,45,0.222,0.378,0.361,0.739,149,111,0.132,1.36,1.306,,0.5,30,10,10.0,4,67,20,24,9,16,7,0,48,1,0,0.366,1.1
DET/DET201606240,"Friday, June 24, 2016",7:10 p.m. Local,Comerica Park,37886,3:01,Night,Away,Cleveland Indians,CLE,Detroit Tigers,DET,37,7,12,7,7.0,0,5,38,0.324,0.342,0.568,0.91,153,97,0.266,0.79,0.537,,2.4,27,14,9.0,0,61,8,28,11,21,13,0,47,1,0,0.235,-0.4,33,5,9,4,3.0,5,5,39,0.273,0.359,0.273,0.632,144,92,-0.234,0.54,0.391,,0.4,27,11,9.0,0,59,13,20,14,15,8,0,18,1,0,-0.266,-2.4
DET/DET201606250,"Saturday, June 25, 2016",4:10 p.m. Local,Comerica Park,39028,2:43,Day,Away,Cleveland Indians,CLE,Detroit Tigers,DET,34,6,8,6,6.0,2,5,36,0.235,0.278,0.676,0.954,117,85,0.192,0.56,0.408,,1.4,27,13,9.0,0,55,10,20,9,20,5,0,85,,,0.307,4.6,31,0,4,0,0.0,1,7,32,0.129,0.156,0.194,0.35,142,82,-0.306,0.41,0.106,,-4.6,27,9,9.0,4,46,14,22,13,11,7,0,42,0,0,-0.193,-1.4
DET/DET201606260,"Sunday, June 26, 2016",1:10 p.m. Local,Comerica Park,36502,2:48,Day,Away,Cleveland Indians,CLE,Detroit Tigers,DET,38,9,13,8,9.0,2,10,40,0.342,0.375,0.711,1.086,112,100,0.494,0.54,0.812,,4.4,27,10,9.0,3,66,17,17,11,17,7,0,60,0,0,0.006,1.6,33,3,6,3,3.0,1,4,34,0.182,0.206,0.455,0.66,153,78,-0.007,0.61,0.347,,-1.6,27,7,9.0,4,49,7,22,11,18,7,0,17,0,0,-0.493,-4.4
DET/DET201606280,"Tuesday, June 28, 2016",7:10 p.m. Local,Comerica Park,30808,3:00,Night,Home,Detroit Tigers,DET,Miami Marlins,MIA,41,5,16,5,5.0,2,3,44,0.39,0.409,0.488,0.897,150,93,-0.035,0.77,0.819,,0.4,24,2,8.0,3,54,7,32,22,17,9,0,39,0,0,-0.467,-2.9,33,7,9,7,7.88,3,12,36,0.273,0.333,0.636,0.97,151,97,0.466,1.0,0.915,,2.9,27,13,9.0,1,52,19,26,5,16,6,0,28,2,1,0.034,-0.4
DET/DET201606290,"Wednesday, June 29, 2016",1:10 p.m. Local,Comerica Park,31760,3:13,Day,Home,Detroit Tigers,DET,Miami Marlins,MIA,41,3,14,3,3.0,1,13,42,0.341,0.357,0.39,0.747,185,103,-0.105,0.47,0.384,,-1.6,24,5,8.0,3,54,16,33,6,22,11,0,24,0,0,-0.395,-5.9,38,10,15,10,11.25,2,7,42,0.395,0.429,0.711,1.139,160,115,0.394,0.63,0.566,,5.9,27,3,9.0,0,78,14,23,12,20,10,0,50,2,0,0.106,1.6
TBA/TBA201606300,"Thursday, June 30, 2016",7:10 p.m. Local,Tropicana Field,10729,3:25,Night,Away,Detroit Tigers,DET,Tampa Bay Rays,TBR,33,10,11,10,10.0,5,7,40,0.333,0.4,0.394,0.794,154,111,0.712,0.58,1.304,,5.7,27,13,9.0,0,65,20,26,11,17,9,0,37,0,0,-0.211,-2.7,38,7,14,7,6.0,2,5,41,0.368,0.39,0.526,0.917,176,102,0.21,1.5,0.599,,2.7,27,8,9.0,0,63,14,25,14,20,10,0,57,6,4,-0.711,-5.7
TBA/TBA201607010,"Friday, July 1, 2016",7:11 p.m. Local,Tropicana Field,13537,3:06,Night,Away,Detroit Tigers,DET,Tampa Bay Rays,TBR,40,10,14,9,8.0,4,9,45,0.35,0.409,0.525,0.934,123,113,0.171,0.53,0.64,,5.7,27,8,9.0,1,68,20,25,11,21,9,0,82,0,0,0.329,2.3,31,2,4,2,2.0,1,13,32,0.129,0.156,0.226,0.382,191,88,-0.328,0.6,0.062,,-2.3,27,10,9.0,2,51,22,15,11,7,2,0,46,3,2,-0.171,-5.7
TBA/TBA201607020,"Saturday, July 2, 2016",4:10 p.m. Local,Tropicana Field,17861,2:53,Day,Away,Detroit Tigers,DET,Tampa Bay Rays,TBR,30,3,5,3,3.0,5,6,36,0.167,0.278,0.3,0.578,124,96,-0.04,1.43,0.545,,-1.3,27,9,9.0,0,50,15,31,8,17,3,0,70,0,0,0.54,2.3,28,2,5,2,1.0,1,9,32,0.179,0.219,0.214,0.433,160,81,-0.54,0.89,0.442,,-2.3,27,8,9.0,1,49,16,16,11,10,2,0,48,0,0,0.039,1.3
TBA/TBA201607030,"Sunday, July 3, 2016",1:10 p.m. Local,Tropicana Field,13126,3:11,Day,Away,Detroit Tigers,DET,Tampa Bay Rays,TBR,34,5,8,5,5.0,5,14,41,0.235,0.366,0.382,0.748,119,108,0.202,0.93,1.123,,0.7,27,11,9.0,0,52,22,34,8,12,7,0,57,3,0,0.298,3.3,32,1,6,1,1.0,4,8,36,0.188,0.278,0.25,0.528,177,74,-0.299,1.45,0.376,,-3.3,27,5,9.0,1,42,17,15,14,10,4,0,70,5,2,-0.202,-0.7
CLE/CLE201607040,"Monday, July 4, 2016",9:31 p.m. Local,Progressive Field,34163,3:20,Night,Home,Cleveland Indians,CLE,Detroit Tigers,DET,33,3,9,3,3.0,3,8,36,0.273,0.333,0.485,0.818,128,95,-0.246,0.96,0.841,,-2.0,24,9,8.0,1,56,12,27,13,12,7,0,44,3,2,-0.252,-0.6,29,5,8,5,5.62,5,9,36,0.276,0.361,0.483,0.844,147,74,0.253,1.34,0.85,,0.6,27,9,9.0,2,46,10,18,7,15,9,0,46,2,0,0.247,2.0
CLE/CLE201607050,"Tuesday, July 5, 2016",7:10 p.m. Local,Progressive Field,19448,3:05,Night,Home,Cleveland Indians,CLE,Detroit Tigers,DET,29,1,4,1,1.0,5,8,34,0.138,0.265,0.138,0.403,167,86,-0.259,0.38,0.146,,-4.0,24,9,8.0,2,49,4,33,13,8,3,0,27,2,2,-0.241,-7.6,35,12,13,12,13.5,7,8,43,0.371,0.465,0.686,1.151,136,101,0.243,0.53,0.43,,7.6,27,10,9.0,0,61,12,28,12,16,10,0,64,0,0,0.259,4.0
CLE/CLE201607060,"Wednesday, July 6, 2016",12:11 p.m. Local,Progressive Field,24098,3:13,Day,Away,Detroit Tigers,DET,Cleveland Indians,CLE,38,12,12,12,9.0,2,9,41,0.316,0.341,0.526,0.868,138,106,0.451,0.6,0.725,,7.0,27,12,9.0,0,70,13,23,16,14,9,0,56,0,0,0.051,3.0,30,2,7,2,1.0,3,4,36,0.233,0.306,0.333,0.639,165,90,-0.051,0.58,0.337,,-3.0,27,11,9.0,2,62,11,17,13,15,7,0,27,2,2,-0.45,-7.0
TOR/TOR201607070,"Thursday, July 7, 2016",7:08 p.m. Local,Rogers Centre,46283,3:18,Night,Home,Toronto Blue Jays,TOR,Detroit Tigers,DET,33,4,8,3,4.0,2,10,36,0.242,0.306,0.485,0.79,156,87,-0.114,2.08,0.634,,-0.7,24,9,8.0,0,47,20,20,8,15,9,0,50,6,2,-0.385,-0.9,37,5,12,5,5.62,5,8,43,0.324,0.419,0.432,0.851,133,101,0.385,1.08,1.853,,0.9,27,9,9.0,2,52,21,28,15,14,8,0,54,0,0,0.115,0.7
TOR/TOR201607080,"Friday, July 8, 2016",7:07 p.m. Local,Rogers Centre,43228,3:07,Night,Home,Toronto Blue Jays,TOR,Detroit Tigers,DET,34,0,7,0,0.0,1,10,35,0.206,0.229,0.235,0.464,158,108,-0.478,0.88,0.323,,-4.7,24,11,8.0,1,61,21,26,10,14,10,0,55,2,2,-0.023,-1.9,33,6,13,5,6.75,4,5,38,0.394,0.447,0.545,0.993,146,99,0.023,1.14,0.618,,1.9,27,9,9.0,0,64,8,27,16,13,8,0,65,2,0,0.477,4.7
TOR/TOR201607090,"Saturday, July 9, 2016",1:09 p.m. Local,Rogers Centre,47684,2:47,Day,Away,Detroit Tigers,DET,Toronto Blue Jays,TOR,33,3,7,3,3.0,2,9,36,0.212,0.278,0.364,0.641,143,95,0.022,1.47,0.806,,-1.7,27,5,9.0,1,49,20,26,14,10,6,0,59,0,0,0.48,2.7,33,2,6,2,2.0,2,9,35,0.182,0.229,0.333,0.562,147,83,-0.48,1.1,0.651,,-2.7,27,12,9.0,1,47,11,25,7,17,3,0,51,0,0,-0.02,1.7
TOR/TOR201607100,"Sunday, July 10, 2016",1:15 p.m. Local,Rogers Centre,47747,2:49,Day,Home,Toronto Blue Jays,TOR,Detroit Tigers,DET,33,1,6,1,1.0,3,6,36,0.182,0.25,0.303,0.553,170,80,-0.3,0.6,0.179,,-3.7,24,7,8.0,1,44,9,27,14,13,6,0,30,5,0,-0.201,-1.9,37,6,14,6,6.75,4,9,41,0.378,0.439,0.486,0.926,119,108,0.199,0.66,0.582,,1.9,27,11,9.0,0,69,21,18,12,16,9,0,66,0,0,0.3,3.7
DET/DET201607150,"Friday, July 15, 2016",7:11 p.m. Local,Comerica Park,37447,2:57,Night,Home,Detroit Tigers,DET,Kansas City Royals,KCR,32,2,5,1,1.0,2,12,35,0.156,0.229,0.219,0.447,153,89,-0.229,1.23,0.566,,-2.6,24,8,8.0,2,48,25,16,8,12,3,0,57,3,2,-0.27,0.1,32,4,8,4,4.5,3,5,35,0.25,0.314,0.469,0.783,135,96,0.27,1.17,0.971,,-0.1,27,7,9.0,0,55,13,29,13,14,5,0,71,0,0,0.23,2.6
DET/DET201607160,"Saturday, July 16, 2016",7:10 p.m. Local,Comerica Park,39594,3:16,Night,Away,Kansas City Royals,KCR,Detroit Tigers,DET,36,8,11,7,8.0,7,4,44,0.306,0.432,0.361,0.793,135,103,0.433,0.62,0.735,,3.4,27,10,9.0,1,58,19,26,16,16,9,0,51,2,0,0.068,0.6,32,4,7,4,4.0,1,8,34,0.219,0.265,0.344,0.608,174,91,-0.068,0.7,0.394,,-0.6,27,12,9.0,0,49,12,30,11,13,5,0,23,5,2,-0.432,-3.4
DET/DET201607170,"Sunday, July 17, 2016",1:10 p.m. Local,Comerica Park,37363,2:22,Day,Home,Detroit Tigers,DET,Kansas City Royals,KCR,32,2,6,2,2.0,1,6,34,0.188,0.212,0.219,0.431,125,77,-0.423,1.64,0.35,,-2.6,24,10,8.0,1,43,13,21,17,10,3,0,58,0,0,-0.076,0.1,34,4,11,2,4.5,1,7,35,0.324,0.343,0.529,0.872,109,84,0.078,1.05,1.157,,-0.1,27,12,9.0,0,50,17,17,14,13,7,0,66,0,0,0.423,2.6
DET/DET201607180,"Monday, July 18, 2016",7:10 p.m. Local,Comerica Park,29290,2:26,Night,Home,Detroit Tigers,DET,Minnesota Twins,MIN,28,0,3,0,0.0,2,10,31,0.107,0.194,0.143,0.336,119,95,-0.752,0.85,0.227,,-4.6,24,10,8.0,1,56,15,24,13,5,3,0,59,0,0,0.251,3.1,25,1,3,1,1.12,3,2,28,0.12,0.214,0.24,0.454,140,76,-0.251,1.3,0.265,,-3.1,27,12,9.0,0,48,4,24,9,14,3,0,72,0,0,0.75,4.6
DET/DET201607190,"Tuesday, July 19, 2016",7:10 p.m. Local,Comerica Park,32030,2:55,Night,Away,Minnesota Twins,MIN,Detroit Tigers,DET,34,6,10,6,6.0,2,13,38,0.294,0.324,0.412,0.736,125,105,0.09,0.95,0.593,,1.4,27,10,9.0,0,56,16,33,11,12,3,0,69,1,0,0.411,2.6,32,2,6,2,2.0,2,6,36,0.188,0.229,0.188,0.416,153,86,-0.411,0.88,0.281,,-2.6,27,8,9.0,1,53,11,22,14,14,8,0,54,2,2,-0.088,-1.4
DET/DET201607200,"Wednesday, July 20, 2016",1:10 p.m. Local,Comerica Park,35020,3:05,Day,Away,Minnesota Twins,MIN,Detroit Tigers,DET,32,4,4,4,2.0,2,10,35,0.125,0.2,0.406,0.606,149,99,0.006,1.4,0.802,,-0.6,27,7,9.0,1,56,16,27,10,12,4,0,62,1,0,0.493,3.6,35,1,9,1,1.0,1,4,36,0.257,0.278,0.371,0.649,142,96,-0.493,1.11,0.539,,-3.6,27,9,9.0,3,65,10,21,10,21,7,0,81,0,0,-0.006,0.6
CHA/CHA201607210,"Thursday, July 21, 2016",7:10 p.m. Local,U.S. Cellular Field,24938,2:08,Night,Away,Detroit Tigers,DET,Chicago White Sox,CHW,28,2,7,2,2.57,1,5,29,0.25,0.276,0.464,0.74,95,73,-0.086,1.47,0.502,,-1.4,18,9,6.0,0,46,7,20,5,18,10,0,48,2,0,0.232,1.9,24,1,8,1,1.5,1,2,26,0.333,0.385,0.375,0.76,117,60,-0.232,1.13,0.469,,-1.9,21,4,7.0,2,38,5,17,14,8,3,0,53,0,0,0.087,1.4
CHA/CHA201607220,"Friday, July 22, 2016",7:10 p.m. Local,U.S. Cellular Field,22611,3:35,Night,Away,Detroit Tigers,DET,Chicago White Sox,CHW,37,7,11,6,7.0,8,11,47,0.297,0.426,0.405,0.831,152,117,0.594,1.17,1.368,,2.6,27,15,9.0,1,66,15,36,20,7,4,0,39,1,0,-0.095,-0.6,35,5,8,5,4.0,3,7,39,0.229,0.308,0.371,0.679,203,100,0.094,1.37,0.912,,0.6,27,12,9.0,0,55,16,29,20,8,5,0,36,5,3,-0.595,-2.6
CHA/CHA201607230,"Saturday, July 23, 2016",6:20 p.m. Local,U.S. Cellular Field,32527,3:15,Night,Home,Chicago White Sox,CHW,Detroit Tigers,DET,35,3,8,3,1.0,3,11,38,0.229,0.289,0.343,0.632,148,94,-0.207,1.26,0.92,,-1.4,26,7,8.2,1,48,19,27,13,11,6,0,49,2,0,-0.293,0.2,32,4,7,4,2.08,1,8,37,0.219,0.297,0.344,0.641,147,91,0.294,1.65,1.069,,-0.2,27,10,9.0,1,52,15,24,14,11,2,0,53,2,0,0.207,1.4
CHA/CHA201607240,"Sunday, July 24, 2016",2:01 p.m. Local,U.S. Cellular Field,30281,3:00,Day,Home,Chicago White Sox,CHW,Detroit Tigers,DET,35,4,8,4,4.0,2,7,37,0.229,0.27,0.6,0.87,138,104,0.068,0.63,0.577,,-0.4,25,7,8.1,1,64,14,26,9,19,8,0,41,2,0,-0.568,-1.1,35,5,12,5,5.4,3,6,39,0.343,0.395,0.429,0.823,167,89,0.569,0.7,0.859,,1.1,27,8,9.0,4,54,13,22,10,20,11,0,71,1,0,-0.067,0.4
BOS/BOS201607250,"Monday, July 25, 2016",7:11 p.m. Local,Fenway Park,37479,3:27,Night,Away,Detroit Tigers,DET,Boston Red Sox,BOS,34,4,8,4,4.0,2,8,36,0.235,0.278,0.412,0.69,175,93,0.071,1.76,0.729,,-0.8,27,8,9.0,0,51,17,25,12,14,3,0,61,3,0,0.428,2.8,37,2,10,2,2.0,3,8,40,0.27,0.325,0.297,0.622,140,113,-0.43,0.92,0.818,,-2.8,27,11,9.0,1,67,11,35,13,16,7,0,61,0,0,-0.071,0.8
BOS/BOS201607260,"Tuesday, July 26, 2016",7:10 p.m. Local,Fenway Park,38378,3:33,Night,Away,Detroit Tigers,DET,Boston Red Sox,BOS,38,9,13,9,9.0,6,3,45,0.342,0.444,0.447,0.892,165,89,0.623,1.62,1.278,,4.2,27,16,9.0,2,54,11,24,18,17,6,0,34,2,2,-0.121,-3.2,35,8,9,8,6.0,3,4,40,0.257,0.35,0.486,0.836,152,99,0.121,1.12,1.153,,3.2,27,14,9.0,1,61,14,24,16,15,11,0,13,4,0,-0.621,-4.2
BOS/BOS201607270,"Wednesday, July 27, 2016",1:37 p.m. Local,Fenway Park,37842,2:55,Day,Away,Detroit Tigers,DET,Boston Red Sox,BOS,37,4,11,4,4.0,4,8,41,0.297,0.366,0.486,0.852,123,95,0.225,1.67,1.005,,-0.8,27,17,9.0,2,55,19,21,7,22,7,0,56,1,0,0.275,1.8,31,3,7,3,3.0,0,5,32,0.226,0.226,0.548,0.774,151,89,-0.274,1.08,0.887,,-1.8,27,7,9.0,2,57,13,19,15,12,4,0,41,1,0,-0.226,0.8
DET/DET201607290,"Friday, July 29, 2016",7:11 p.m. Local,Comerica Park,31771,3:05,Night,Home,Detroit Tigers,DET,Houston Astros,HOU,35,6,7,6,3.0,3,8,38,0.2,0.263,0.4,0.663,150,107,0.06,0.51,0.249,,1.4,24,10,8.0,3,67,15,25,11,16,5,0,4,2,2,-0.561,-9.9,38,14,16,14,15.75,1,5,41,0.421,0.415,0.737,1.151,166,103,0.562,0.27,0.738,,9.9,27,6,9.0,2,58,15,30,14,21,14,0,52,2,2,-0.061,-1.4
DET/DET201607300,"Saturday, July 30, 2016",7:10 p.m. Local,Comerica Park,34673,2:49,Night,Home,Detroit Tigers,DET,Houston Astros,HOU,32,2,5,2,2.0,1,11,33,0.156,0.182,0.188,0.369,144,83,0.059,1.4,0.876,,-2.6,26,7,8.2,0,44,19,20,9,12,6,0,67,2,0,-0.558,1.1,33,3,7,2,1.04,3,11,36,0.212,0.278,0.212,0.49,116,95,0.559,1.61,1.313,,-1.1,27,8,9.0,0,49,19,27,10,12,4,0,79,,,-0.059,2.6
DET/DET201607310,"Sunday, July 31, 2016",1:10 p.m. Local,Comerica Park,31043,2:59,Day,Home,Detroit Tigers,DET,Houston Astros,HOU,33,0,7,0,0.0,3,7,38,0.212,0.316,0.242,0.558,140,88,-0.128,0.33,0.122,,-4.6,24,9,8.0,4,50,9,30,14,12,4,0,26,0,0,-0.37,-6.9,32,11,10,11,12.38,4,5,38,0.312,0.395,0.719,1.113,152,87,0.37,0.29,0.459,,6.9,27,11,9.0,0,49,10,28,13,15,6,0,62,0,0,0.13,4.6
DET/DET201608020,"Tuesday, August 2, 2016",7:10 p.m. Local,Comerica Park,30316,3:07,Night,Home,Detroit Tigers,DET,Chicago White Sox,CHW,35,5,11,5,5.0,4,5,39,0.314,0.385,0.6,0.985,167,84,-0.153,0.62,0.478,,0.4,24,6,8.0,2,49,12,23,14,16,4,0,24,0,0,-0.347,-6.9,35,11,13,11,12.38,5,4,44,0.371,0.477,0.714,1.192,128,99,0.347,0.83,0.749,,6.9,27,15,9.0,3,64,10,25,12,20,5,0,55,0,0,0.153,-0.4
DET/DET201608030,"Wednesday, August 3, 2016",7:10 p.m. Local,Comerica Park,32526,2:35,Night,Home,Detroit Tigers,DET,Chicago White Sox,CHW,31,1,6,1,1.0,3,7,35,0.194,0.286,0.355,0.641,108,84,-0.532,0.98,0.801,,-3.6,24,4,8.0,1,55,10,19,14,10,5,0,71,,,0.032,2.1,28,2,6,2,2.25,1,10,30,0.214,0.241,0.393,0.634,133,74,-0.031,1.93,0.59,,-2.1,27,13,9.0,1,45,10,19,3,16,6,0,63,2,0,0.532,3.6
DET/DET201608040,"Thursday, August 4, 2016",1:10 p.m. Local,Comerica Park,33023,2:50,Day,Away,Chicago White Sox,CHW,Detroit Tigers,DET,34,6,10,6,6.0,4,3,41,0.294,0.366,0.529,0.895,106,96,0.359,0.69,0.598,,1.4,27,12,9.0,2,65,9,22,11,21,7,1,52,0,0,0.142,1.6,34,3,9,3,3.0,1,4,35,0.265,0.286,0.471,0.756,152,81,-0.142,0.55,0.349,,-1.6,27,7,9.0,2,54,7,20,10,20,8,0,17,1,0,-0.359,-1.4
DET/DET201608050,"Friday, August 5, 2016",7:10 p.m. Local,Comerica Park,33032,2:55,Night,Home,Detroit Tigers,DET,New York Mets,NYM,32,3,5,3,3.0,1,12,33,0.156,0.182,0.25,0.432,131,99,-0.307,0.77,0.518,,-1.6,24,8,8.0,1,54,20,25,7,13,6,0,47,0,0,-0.192,0.1,31,4,8,4,4.5,2,9,33,0.258,0.303,0.387,0.69,140,93,0.19,1.24,0.6,,-0.1,27,4,9.0,1,52,18,23,11,11,6,0,64,0,0,0.308,1.6
DET/DET201608060,"Saturday, August 6, 2016",7:10 p.m. Local,Comerica Park,41053,3:19,Night,Home,Detroit Tigers,DET,New York Mets,NYM,39,5,14,4,4.0,3,6,42,0.359,0.405,0.513,0.918,161,109,-0.269,0.86,1.065,,0.4,24,8,8.0,0,66,16,27,20,13,4,0,23,2,2,-0.231,-1.9,32,6,10,6,6.75,4,4,37,0.312,0.405,0.469,0.874,163,101,0.23,1.58,0.74,,1.9,27,12,9.0,2,64,14,23,11,17,9,0,45,0,0,0.27,-0.4
DET/DET201608070,"Sunday, August 7, 2016",1:10 p.m. Local,Comerica Park,32074,2:50,Day,Away,New York Mets,NYM,Detroit Tigers,DET,32,3,5,3,3.0,0,10,33,0.156,0.182,0.344,0.526,147,80,0.08,1.64,0.7,,-1.6,27,14,9.0,0,38,13,29,8,14,3,0,57,6,1,0.42,3.6,35,1,11,1,1.0,3,7,38,0.314,0.368,0.343,0.711,115,98,-0.42,0.98,0.684,,-3.6,27,7,9.0,2,55,16,27,15,13,8,0,80,0,0,-0.08,1.6
SEA/SEA201608080,"Monday, August 8, 2016",7:10 p.m. Local,Safeco Field,20002,2:30,Night,Home,Seattle Mariners,SEA,Detroit Tigers,DET,31,0,5,0,0.0,1,8,32,0.161,0.188,0.161,0.349,122,85,-0.501,0.61,0.223,,-4.4,24,11,8.0,0,51,10,24,7,16,8,0,64,1,0,0.002,0.9,29,3,7,3,3.38,1,8,30,0.241,0.267,0.31,0.577,123,78,-0.002,1.06,0.363,,-0.9,27,6,9.0,0,54,12,12,11,10,7,0,74,0,0,0.502,4.4
SEA/SEA201608090,"Tuesday, August 9, 2016",7:10 p.m. Local,Safeco Field,19713,4:51,Night,Home,Seattle Mariners,SEA,Detroit Tigers,DET,58,5,16,5,3.0,4,13,62,0.276,0.323,0.448,0.771,267,145,-0.358,1.86,1.23,,-2.3,44,16,14.2,1,85,22,38,16,29,14,0,50,3,0,-0.143,1.0,56,6,16,6,3.07,4,17,61,0.286,0.328,0.411,0.739,213,162,0.144,1.34,2.168,,-1.0,45,13,15.0,3,94,32,39,17,23,12,0,30,0,0,0.358,2.3
SEA/SEA201608100,"Wednesday, August 10, 2016",7:10 p.m. Local,Safeco Field,28742,3:06,Night,Home,Seattle Mariners,SEA,Detroit Tigers,DET,29,1,4,1,1.0,4,10,33,0.138,0.242,0.138,0.38,144,100,-0.488,1.1,0.394,,-3.4,24,3,8.0,2,58,17,25,10,9,4,0,63,2,0,-0.011,0.9,33,3,10,3,3.38,3,6,36,0.303,0.361,0.515,0.876,146,93,0.01,1.3,0.766,,-0.9,27,9,9.0,0,58,14,21,6,21,8,0,71,0,0,0.49,3.4
TEX/TEX201608120,"Friday, August 12, 2016",9:47 p.m. Local,Globe Life Park in Arlington,31190,3:00,Night,Home,Texas Rangers,TEX,Detroit Tigers,DET,35,5,7,5,2.0,2,6,38,0.2,0.263,0.457,0.72,141,91,-0.155,0.35,0.332,,0.1,24,5,8.0,4,52,14,25,12,17,8,0,16,1,0,-0.346,-3.7,37,8,13,8,9.0,2,7,39,0.351,0.385,0.703,1.087,136,93,0.346,0.61,0.527,,3.6,27,11,9.0,2,56,13,24,11,19,6,0,56,1,1,0.154,-0.1
TEX/TEX201608130,"Saturday, August 13, 2016",7:06 p.m. Local,Globe Life Park in Arlington,37792,2:54,Night,Away,Detroit Tigers,DET,Texas Rangers,TEX,37,2,14,2,2.0,5,8,42,0.378,0.452,0.459,0.912,130,88,-0.158,1.27,0.798,,-2.9,27,6,9.0,0,59,13,16,13,16,8,0,74,0,0,0.66,4.9,29,0,3,0,0.0,3,4,32,0.103,0.188,0.138,0.325,147,85,-0.66,1.18,0.274,,-4.9,27,11,9.0,0,52,10,23,9,16,5,0,43,0,0,0.159,2.9
TEX/TEX201608140,"Sunday, August 14, 2016",2:07 p.m. Local,Globe Life Park in Arlington,35458,2:26,Day,Away,Detroit Tigers,DET,Texas Rangers,TEX,40,7,13,7,7.0,1,8,41,0.325,0.341,0.675,1.016,112,88,0.125,0.68,0.62,,2.1,27,7,9.0,0,59,14,15,12,20,10,0,88,,,0.376,4.9,30,0,4,0,0.0,0,9,30,0.133,0.133,0.133,0.267,133,75,-0.377,0.66,0.097,,-4.9,27,11,9.0,4,42,15,18,9,12,7,0,35,0,0,-0.124,-2.1
DET/DET201608150,"Monday, August 15, 2016",7:10 p.m. Local,Comerica Park,29803,2:58,Night,Away,Kansas City Royals,KCR,Detroit Tigers,DET,32,3,9,3,2.0,6,2,40,0.281,0.385,0.344,0.728,127,83,-0.083,1.34,0.582,,-1.6,27,7,9.0,1,50,10,25,15,17,9,0,64,1,0,0.581,3.6,33,1,6,1,1.0,1,8,34,0.182,0.206,0.273,0.479,137,89,-0.58,1.01,0.426,,-3.6,27,12,9.0,0,51,16,22,11,14,2,0,47,2,1,0.081,1.6
DET/DET201608160,"Tuesday, August 16, 2016",7:11 p.m. Local,Comerica Park,28663,2:43,Night,Away,Kansas City Royals,KCR,Detroit Tigers,DET,34,6,6,6,4.0,1,7,35,0.176,0.2,0.559,0.759,114,92,0.121,1.04,0.516,,1.4,27,6,9.0,1,56,16,20,8,19,6,0,72,1,0,0.38,3.6,29,1,3,1,1.0,2,7,31,0.103,0.161,0.241,0.403,130,75,-0.381,0.58,0.355,,-3.6,27,8,9.0,4,49,10,16,5,17,6,0,58,5,2,-0.12,-1.4
DET/DET201608170,"Wednesday, August 17, 2016",7:10 p.m. Local,Comerica Park,28790,2:47,Night,Away,Kansas City Royals,KCR,Detroit Tigers,DET,33,4,7,4,4.0,3,10,36,0.212,0.278,0.515,0.793,131,97,0.132,1.08,0.964,,-0.6,27,11,9.0,1,56,18,23,9,14,6,0,64,2,0,0.369,3.6,32,1,6,1,1.0,2,10,37,0.188,0.278,0.281,0.559,149,89,-0.368,1.18,0.436,,-3.6,27,7,9.0,2,46,21,22,14,9,5,0,81,3,0,-0.132,0.6
DET/DET201608180,"Thursday, August 18, 2016",1:10 p.m. Local,Comerica Park,34649,3:23,Day,Home,Detroit Tigers,DET,Boston Red Sox,BOS,35,3,9,2,3.0,4,6,39,0.257,0.333,0.343,0.676,129,104,-0.152,1.61,1.052,,-1.6,24,10,8.0,0,63,15,26,13,16,7,0,59,2,2,-0.349,0.1,32,4,10,4,4.5,2,4,36,0.312,0.361,0.344,0.705,163,78,0.35,1.74,1.191,,-0.1,27,7,9.0,1,46,12,20,13,16,8,0,60,2,1,0.152,1.6
DET/DET201608190,"Friday, August 19, 2016",7:10 p.m. Local,Comerica Park,36108,2:46,Night,Away,Boston Red Sox,BOS,Detroit Tigers,DET,43,10,16,10,10.0,2,7,45,0.372,0.4,0.605,1.005,132,103,0.331,0.65,0.613,,5.4,27,10,9.0,1,61,14,28,16,20,11,0,69,0,0,0.169,2.6,31,2,4,2,1.0,2,10,33,0.129,0.182,0.226,0.408,158,88,-0.168,0.43,0.263,,-2.6,27,10,9.0,2,51,18,19,11,10,3,0,25,2,0,-0.332,-5.4
DET/DET201608200,"Saturday, August 20, 2016",8:30 p.m. Local,Comerica Park,37886,2:36,Night,Away,Boston Red Sox,BOS,Detroit Tigers,DET,34,3,8,2,3.0,2,10,36,0.235,0.278,0.353,0.631,106,87,-0.046,1.76,0.504,,-1.6,27,11,9.0,2,41,14,32,11,13,5,0,58,2,0,0.547,2.6,32,2,6,2,2.0,2,7,34,0.188,0.235,0.406,0.642,139,75,-0.546,0.87,0.702,,-2.6,27,8,9.0,1,39,16,20,11,14,3,0,41,0,0,0.048,1.6
DET/DET201608210,"Sunday, August 21, 2016",1:10 p.m. Local,Comerica Park,31032,3:09,Day,Home,Detroit Tigers,DET,Boston Red Sox,BOS,32,5,7,5,5.0,3,8,36,0.219,0.278,0.406,0.684,148,102,-0.212,0.55,0.067,,0.4,24,4,8.0,2,60,14,28,7,18,4,0,24,0,0,-0.289,-5.9,32,10,10,10,11.25,6,10,38,0.312,0.421,0.594,1.015,153,87,0.289,0.33,0.61,,5.9,27,6,9.0,1,48,16,23,6,16,6,0,66,0,0,0.21,-0.4
MIN/MIN201608230,"Tuesday, August 23, 2016",7:10 p.m. Local,Target Field,24379,2:45,Night,Away,Detroit Tigers,DET,Minnesota Twins,MIN,37,8,14,7,8.0,4,5,41,0.378,0.439,0.622,1.061,112,87,0.517,0.79,1.23,,3.4,27,12,9.0,1,50,14,23,16,16,8,0,55,0,0,-0.015,1.6,32,3,6,3,3.0,0,2,32,0.188,0.188,0.344,0.531,156,73,0.014,1.18,0.494,,-1.6,27,16,9.0,2,45,8,20,12,18,8,0,33,2,2,-0.515,-3.4
MIN/MIN201608240,"Wednesday, August 24, 2016",7:10 p.m. Local,Target Field,24309,3:04,Night,Away,Detroit Tigers,DET,Minnesota Twins,MIN,40,9,14,9,8.0,2,7,42,0.35,0.381,0.55,0.931,153,100,0.368,0.77,0.72,,4.4,27,8,9.0,2,67,11,22,19,14,9,0,56,0,0,0.132,0.6,35,4,8,4,4.0,3,10,38,0.229,0.289,0.4,0.689,151,102,-0.131,0.52,0.429,,-0.6,27,12,9.0,2,53,17,32,12,13,4,0,22,1,0,-0.367,-4.4
MIN/MIN201608250,"Thursday, August 25, 2016",12:10 p.m. Local,Target Field,26437,2:49,Day,Away,Detroit Tigers,DET,Minnesota Twins,MIN,37,8,11,8,7.0,6,5,45,0.297,0.422,0.514,0.936,138,89,0.325,0.35,0.607,,3.4,27,12,9.0,0,55,14,20,15,17,5,0,58,3,2,0.176,-0.4,36,5,9,5,5.0,1,7,37,0.25,0.27,0.417,0.687,149,87,-0.176,0.51,0.109,,0.4,27,10,9.0,1,45,12,30,16,13,5,0,31,0,0,-0.324,-3.4
DET/DET201608260,"Friday, August 26, 2016",7:10 p.m. Local,Comerica Park,31357,2:50,Night,Home,Detroit Tigers,DET,Los Angeles Angels,LAA,30,2,4,2,2.0,3,9,33,0.133,0.212,0.267,0.479,113,95,-0.357,1.14,0.32,,-2.6,24,8,8.0,2,60,16,19,8,13,4,0,38,0,0,-0.144,0.1,31,4,9,4,4.5,3,3,34,0.29,0.353,0.613,0.966,135,75,0.144,0.94,0.905,,-0.1,27,10,9.0,1,51,7,17,8,19,10,1,70,1,0,0.357,2.6
DET/DET201608270,"Saturday, August 27, 2016",7:10 p.m. Local,Comerica Park,33115,3:17,Night,Away,Los Angeles Angels,LAA,Detroit Tigers,DET,34,3,8,3,3.0,2,8,39,0.235,0.333,0.382,0.716,158,104,-0.034,1.57,0.529,,-1.6,27,10,9.0,1,65,15,24,4,22,10,0,50,0,0,0.535,2.6,33,2,8,2,1.0,3,10,36,0.242,0.306,0.333,0.639,169,102,-0.534,0.85,0.608,,-2.6,27,3,9.0,1,52,12,38,11,12,6,0,48,1,0,0.034,1.6
DET/DET201608280,"Sunday, August 28, 2016",1:10 p.m. Local,Comerica Park,28220,3:09,Day,Away,Los Angeles Angels,LAA,Detroit Tigers,DET,33,5,11,5,5.0,0,8,37,0.333,0.351,0.515,0.867,148,97,0.15,0.7,0.556,,0.4,27,10,9.0,0,60,10,27,12,15,6,0,72,0,0,0.351,4.6,30,0,4,0,0.0,3,8,34,0.133,0.235,0.2,0.435,135,97,-0.351,0.66,0.17,,-4.6,27,11,9.0,1,56,16,25,11,11,6,0,35,1,0,-0.15,-0.4
DET/DET201608290,"Monday, August 29, 2016",7:10 p.m. Local,Comerica Park,27201,3:20,Night,Home,Detroit Tigers,DET,Chicago White Sox,CHW,35,3,9,3,3.0,4,6,39,0.257,0.333,0.371,0.705,130,106,-0.145,1.58,0.758,,-1.6,24,10,8.0,2,67,21,18,13,16,6,0,55,1,0,-0.355,0.1,29,4,7,4,4.5,5,8,36,0.241,0.361,0.483,0.844,164,75,0.356,1.27,1.323,,-0.1,27,9,9.0,1,40,9,26,12,10,6,0,41,3,0,0.145,1.6
DET/DET201608300,"Tuesday, August 30, 2016",7:10 p.m. Local,Comerica Park,27121,3:13,Night,Home,Detroit Tigers,DET,Chicago White Sox,CHW,35,4,9,4,4.0,3,7,38,0.257,0.316,0.429,0.744,163,106,0.027,0.89,0.58,,-0.6,24,10,8.0,2,63,22,21,16,12,8,0,44,3,3,-0.528,-3.9,35,8,11,8,7.88,5,3,40,0.314,0.4,0.571,0.971,159,107,0.527,0.84,1.022,,3.9,27,14,9.0,1,77,5,25,12,20,12,0,44,0,0,-0.027,0.6
DET/DET201608310,"Wednesday, August 31, 2016",1:10 p.m. Local,Comerica Park,32465,2:46,Day,Home,Detroit Tigers,DET,Chicago White Sox,CHW,30,2,4,2,2.0,1,10,32,0.133,0.161,0.367,0.528,118,101,-0.306,1.75,0.377,,-2.6,26,11,8.2,0,63,16,22,5,16,4,0,60,0,0,-0.194,1.5,30,3,9,3,3.12,4,6,36,0.3,0.371,0.4,0.771,139,77,0.195,1.0,1.221,,-1.5,27,4,9.0,2,39,15,23,10,16,7,0,72,0,0,0.307,2.6
KCA/KCA201609020,"Friday, September 2, 2016",7:15 p.m. Local,Kauffman Stadium,25008,3:28,Night,Away,Detroit Tigers,DET,Kansas City Royals,KCR,39,7,13,7,7.0,1,9,41,0.333,0.366,0.513,0.879,159,103,0.73,1.89,1.322,,2.3,27,7,9.0,0,68,12,23,16,14,5,0,54,4,2,-0.23,-1.3,39,6,11,6,3.0,1,8,41,0.282,0.317,0.282,0.599,146,101,0.233,1.19,1.583,,1.3,27,10,9.0,2,66,18,20,11,20,9,0,42,3,0,-0.731,-2.3
KCA/KCA201609030,"Saturday, September 3, 2016",6:15 p.m. Local,Kauffman Stadium,39757,3:14,Night,Home,Kansas City Royals,KCR,Detroit Tigers,DET,34,2,9,2,2.0,7,7,41,0.265,0.39,0.412,0.802,139,94,-0.388,0.63,0.606,,-2.7,24,11,8.0,1,51,20,23,15,12,5,0,49,4,2,-0.115,-0.9,33,5,9,5,5.62,4,7,37,0.273,0.351,0.394,0.745,164,87,0.115,1.31,0.515,,0.9,27,12,9.0,1,51,21,15,16,10,3,0,52,1,0,0.386,2.7
KCA/KCA201609040,"Sunday, September 4, 2016",1:17 p.m. Local,Kauffman Stadium,34616,3:19,Day,Away,Detroit Tigers,DET,Kansas City Royals,KCR,38,6,13,6,6.0,1,7,39,0.342,0.359,0.579,0.938,159,95,0.492,2.02,1.299,,1.3,27,9,9.0,1,60,12,23,12,19,9,0,58,4,2,0.008,-0.3,32,5,7,5,5.0,4,8,37,0.219,0.297,0.438,0.735,145,97,-0.007,1.08,1.299,,0.3,27,9,9.0,2,56,23,18,12,13,3,0,48,1,1,-0.492,-1.3
CHA/CHA201609050,"Monday, September 5, 2016",3:11 p.m. Local,U.S. Cellular Field,18653,3:56,Day,Away,Detroit Tigers,DET,Chicago White Sox,CHW,41,5,9,5,4.09,3,12,45,0.22,0.289,0.439,0.728,180,114,-0.046,1.43,1.004,,-0.4,33,7,11.0,1,59,26,29,17,12,6,0,63,0,0,0.547,2.4,43,3,10,3,2.45,2,16,45,0.233,0.267,0.326,0.592,175,119,-0.547,1.14,0.748,,-2.4,33,17,11.0,3,69,21,29,14,13,6,0,70,1,0,0.048,0.4
CHA/CHA201609060,"Tuesday, September 6, 2016",7:11 p.m. Local,U.S. Cellular Field,15155,2:54,Night,Home,Chicago White Sox,CHW,Detroit Tigers,DET,33,0,7,0,0.0,2,9,36,0.212,0.278,0.212,0.49,137,79,-0.563,0.61,0.577,,-4.4,24,11,8.0,1,47,16,16,8,16,8,0,58,0,0,0.063,1.9,29,2,8,2,2.25,3,8,32,0.276,0.344,0.414,0.758,134,89,-0.064,1.66,0.38,,-1.9,27,8,9.0,0,51,22,16,10,11,4,0,65,5,0,0.562,4.4
CHA/CHA201609070,"Wednesday, September 7, 2016",1:50 p.m. Local,U.S. Cellular Field,13078,3:18,Day,Home,Chicago White Sox,CHW,Detroit Tigers,DET,33,4,10,4,4.0,3,10,36,0.303,0.361,0.424,0.785,150,90,0.052,1.31,0.821,,-0.4,24,13,8.0,0,52,13,25,8,15,9,0,41,3,1,-0.552,-3.1,36,7,13,7,7.88,3,6,40,0.361,0.4,0.417,0.817,144,94,0.552,1.17,1.251,,3.1,27,9,9.0,1,61,12,21,17,14,11,0,47,2,0,-0.052,0.4
DET/DET201609090,"Friday, September 9, 2016",7:11 p.m. Local,Comerica Park,32140,2:54,Night,Home,Detroit Tigers,DET,Baltimore Orioles,BAL,31,3,5,3,3.0,1,7,33,0.161,0.212,0.323,0.535,147,85,-0.288,1.06,0.609,,-1.6,24,6,8.0,1,52,10,23,12,12,4,0,51,0,0,-0.213,0.1,30,4,9,4,4.5,3,10,34,0.3,0.382,0.433,0.816,135,93,0.213,1.3,0.905,,-0.1,27,12,9.0,1,52,17,24,6,14,7,0,67,0,0,0.287,1.6
DET/DET201609100,"Saturday, September 10, 2016",7:21 p.m. Local,Comerica Park,36634,3:05,Night,Away,Baltimore Orioles,BAL,Detroit Tigers,DET,39,11,12,10,11.0,7,9,46,0.308,0.413,0.667,1.08,150,111,0.463,0.42,0.631,,6.4,27,15,9.0,0,58,17,36,14,16,7,0,62,0,0,0.039,1.6,35,3,8,3,3.0,4,6,39,0.229,0.308,0.286,0.593,189,98,-0.037,0.33,0.225,,-1.6,27,9,9.0,4,60,17,21,21,8,4,0,18,2,1,-0.463,-6.4
DET/DET201609110,"Sunday, September 11, 2016",1:11 p.m. Local,Comerica Park,33069,3:23,Day,Away,Baltimore Orioles,BAL,Detroit Tigers,DET,31,3,8,3,3.0,5,9,37,0.258,0.361,0.581,0.942,152,93,-0.017,1.54,0.509,,-1.6,27,10,9.0,0,55,20,22,9,14,3,0,63,0,0,0.518,3.6,31,1,5,1,1.0,3,6,35,0.161,0.257,0.226,0.483,164,92,-0.517,0.69,0.593,,-3.6,27,9,9.0,2,54,11,27,11,14,5,0,46,0,0,0.017,1.6
DET/DET201609120,"Monday, September 12, 2016",7:10 p.m. Local,Comerica Park,28093,3:04,Night,Home,Detroit Tigers,DET,Minnesota Twins,MIN,31,2,5,2,2.0,6,14,38,0.161,0.316,0.355,0.671,149,95,-0.332,0.94,0.603,,-2.6,24,8,8.0,2,45,20,30,4,13,6,0,59,1,0,-0.17,0.1,29,4,6,4,4.5,3,7,34,0.207,0.294,0.517,0.811,158,89,0.168,1.26,0.714,,-0.1,27,5,9.0,2,49,16,24,9,14,5,0,64,3,0,0.331,2.6
DET/DET201609130,"Tuesday, September 13, 2016",7:10 p.m. Local,Comerica Park,26393,2:48,Night,Away,Minnesota Twins,MIN,Detroit Tigers,DET,37,8,13,8,8.0,4,7,43,0.351,0.419,0.649,1.067,125,104,0.378,0.46,0.587,,3.4,27,8,9.0,0,59,19,26,11,20,9,0,69,0,0,0.122,3.6,32,1,6,1,1.0,3,5,35,0.188,0.257,0.219,0.476,157,75,-0.121,0.39,0.205,,-3.6,27,8,9.0,2,45,9,21,12,15,6,0,18,1,0,-0.377,-3.4
DET/DET201609140,"Wednesday, September 14, 2016",7:10 p.m. Local,Comerica Park,27953,2:54,Night,Home,Detroit Tigers,DET,Minnesota Twins,MIN,33,6,6,6,6.0,2,10,35,0.182,0.229,0.394,0.623,156,85,0.117,0.96,0.83,,1.4,24,9,8.0,1,42,14,29,6,17,4,0,24,1,1,-0.618,-4.9,37,9,13,8,7.88,1,10,39,0.351,0.368,0.595,0.963,124,105,0.618,1.17,1.156,,4.9,27,4,9.0,2,65,18,22,12,16,11,0,33,1,0,-0.118,-1.4
DET/DET201609150,"Thursday, September 15, 2016",1:10 p.m. Local,Comerica Park,26932,3:04,Day,Away,Minnesota Twins,MIN,Detroit Tigers,DET,34,5,11,5,5.0,2,7,38,0.324,0.361,0.412,0.773,151,92,0.178,0.91,0.476,,0.4,27,7,9.0,0,53,15,24,17,12,6,0,54,1,0,0.325,3.6,34,1,9,1,1.0,3,3,37,0.265,0.324,0.294,0.618,148,99,-0.323,0.52,0.344,,-3.6,27,15,9.0,0,67,13,19,9,22,6,0,30,2,1,-0.175,-0.4
CLE/CLE201609160,"Friday, September 16, 2016",7:10 p.m. Local,Progressive Field,29137,3:31,Night,Home,Cleveland Indians,CLE,Detroit Tigers,DET,32,4,5,4,4.0,4,11,37,0.156,0.27,0.375,0.645,180,88,-0.133,0.54,0.454,,-1.0,24,6,8.0,1,42,17,29,7,14,5,0,29,3,1,-0.368,-6.6,34,11,14,11,12.38,5,6,42,0.412,0.463,0.588,1.052,134,105,0.369,0.82,0.653,,6.6,27,5,9.0,2,68,10,27,10,21,8,0,55,0,0,0.132,1.0
CLE/CLE201609170,"Saturday, September 17, 2016",4:20 p.m. Local,Progressive Field,26654,3:53,Day,Home,Cleveland Indians,CLE,Detroit Tigers,DET,32,0,4,0,0.0,3,10,36,0.125,0.222,0.156,0.378,174,93,-0.871,2.01,0.306,,-5.5,28,5,9.1,0,46,15,32,13,9,5,0,78,2,0,0.371,2.9,31,1,4,1,0.96,9,10,41,0.129,0.325,0.161,0.486,158,102,-0.371,1.43,0.939,,-2.9,30,13,10.0,0,58,21,23,8,14,7,0,48,1,0,0.872,5.5
CLE/CLE201609180,"Sunday, September 18, 2016",1:11 p.m. Local,Progressive Field,21382,3:38,Day,Away,Detroit Tigers,DET,Cleveland Indians,CLE,35,9,11,8,9.0,5,7,44,0.314,0.442,0.543,0.985,147,98,0.374,1.13,1.247,,4.0,27,8,9.0,1,53,16,29,13,16,12,0,52,0,0,0.126,-0.0,33,5,7,4,2.0,1,9,35,0.212,0.229,0.333,0.562,159,92,-0.125,1.2,0.661,,0.0,27,12,9.0,2,51,16,25,9,16,7,0,28,2,0,-0.373,-4.0
MIN/MIN201609200,"Tuesday, September 20, 2016",7:12 p.m. Local,Target Field,23395,2:46,Night,Away,Detroit Tigers,DET,Minnesota Twins,MIN,38,8,11,8,8.0,3,11,41,0.289,0.341,0.553,0.894,118,106,0.192,0.52,0.524,,3.4,27,6,9.0,1,57,22,28,3,24,10,0,78,0,0,0.309,3.6,29,1,3,1,1.0,2,9,31,0.103,0.161,0.207,0.368,159,79,-0.308,0.55,0.09,,-3.6,27,4,9.0,2,43,11,25,7,13,1,0,33,0,0,-0.191,-3.4
MIN/MIN201609221,"Thursday, September 22, 2016",1:10 p.m. Local,Target Field,18374,3:09,Day,Away,Detroit Tigers,DET,Minnesota Twins,MIN,33,9,9,6,8.0,7,8,41,0.273,0.39,0.485,0.875,148,92,0.133,1.5,0.718,,4.4,27,8,9.0,1,55,11,28,14,12,5,0,62,2,0,0.366,2.6,31,2,5,2,2.0,3,8,34,0.161,0.235,0.355,0.59,165,93,-0.367,0.85,0.651,,-2.6,27,14,9.0,2,53,18,22,11,12,5,0,61,3,2,-0.134,-4.4
MIN/MIN201609222,"Thursday, September 22, 2016",7:11 p.m. Local,Target Field,21599,3:10,Night,Away,Detroit Tigers,DET,Minnesota Twins,MIN,31,4,6,3,2.0,4,12,36,0.194,0.278,0.258,0.536,167,99,0.13,1.37,0.699,,-0.6,27,7,9.0,2,63,15,21,8,12,5,0,65,0,0,0.37,2.6,30,2,4,2,2.0,4,17,35,0.133,0.257,0.333,0.59,149,107,-0.372,0.95,0.58,,-2.6,27,5,9.0,0,52,20,37,5,8,2,0,54,0,0,-0.13,0.6
DET/DET201609230,"Friday, September 23, 2016",7:10 p.m. Local,Comerica Park,29480,3:10,Night,Home,Detroit Tigers,DET,Kansas City Royals,KCR,37,3,11,3,3.0,1,12,38,0.297,0.316,0.351,0.667,167,97,-0.21,0.47,0.145,,-1.6,24,9,8.0,3,50,24,23,13,12,6,0,23,1,0,-0.29,-3.9,33,8,9,7,6.75,7,9,41,0.273,0.39,0.636,1.027,143,103,0.291,0.41,0.563,,3.9,27,7,9.0,0,59,22,22,12,13,5,0,66,1,0,0.21,1.6
DET/DET201609240,"Saturday, September 24, 2016",1:05 p.m. Local,Comerica Park,31721,3:50,Day,Away,Kansas City Royals,KCR,Detroit Tigers,DET,37,7,10,7,7.0,3,8,41,0.27,0.317,0.459,0.777,183,101,0.616,1.04,1.431,,2.4,27,10,9.0,0,59,23,19,12,18,7,0,34,3,0,-0.116,0.6,41,4,14,4,4.0,4,10,45,0.341,0.4,0.366,0.766,157,116,0.117,1.38,0.854,,-0.6,27,7,9.0,2,65,25,26,18,13,9,0,53,1,0,-0.615,-2.4
DET/DET201609250,"Sunday, September 25, 2016",1:10 p.m. Local,Comerica Park,33375,3:51,Day,Away,Kansas City Royals,KCR,Detroit Tigers,DET,45,12,19,12,12.0,1,10,46,0.422,0.435,0.822,1.257,184,124,0.522,0.92,0.784,,7.4,27,9,9.0,2,80,19,25,11,24,9,0,27,5,1,-0.021,-4.4,42,9,17,7,9.0,5,5,48,0.405,0.458,0.667,1.125,173,109,0.022,0.44,0.751,,4.4,27,8,9.0,4,65,12,32,17,21,10,0,24,1,0,-0.521,-7.4
DET/DET201609260,"Monday, September 26, 2016",7:10 p.m. Local,Comerica Park,24981,3:25,Night,Away,Cleveland Indians,CLE,Detroit Tigers,DET,34,7,8,6,6.0,6,3,42,0.235,0.341,0.441,0.783,148,93,0.404,1.36,0.918,,2.4,27,10,9.0,1,55,8,30,14,19,2,0,46,1,1,0.098,0.6,35,4,10,4,4.0,2,10,38,0.286,0.342,0.4,0.742,158,104,-0.099,0.87,0.839,,-0.6,27,8,9.0,2,60,14,30,14,11,4,0,41,0,0,-0.403,-2.4
DET/DET201609270,"Tuesday, September 27, 2016",7:10 p.m. Local,Comerica Park,25696,3:01,Night,Home,Detroit Tigers,DET,Cleveland Indians,CLE,30,0,4,0,0.0,1,13,31,0.133,0.161,0.133,0.295,161,87,-0.186,0.34,0.053,,-4.6,24,11,8.0,3,33,20,34,11,6,1,0,22,2,0,-0.313,-7.9,35,12,16,12,13.5,5,5,41,0.457,0.537,0.857,1.394,122,88,0.311,0.32,0.494,,7.9,27,6,9.0,0,56,10,22,13,16,8,1,82,1,0,0.187,4.6
DET/DET201609280,"Wednesday, September 28, 2016",7:10 p.m. Local,Comerica Park,26934,2:02,Night,Home,Detroit Tigers,DET,Cleveland Indians,CLE,21,3,7,3,5.4,5,4,26,0.333,0.462,0.429,0.89,96,69,0.063,0.91,0.747,,0.5,15,4,5.0,2,42,9,18,9,8,2,0,54,0,0,-0.428,-3.5,22,6,8,6,10.8,2,5,24,0.364,0.417,0.773,1.189,114,60,0.428,1.5,0.723,,3.5,15,6,5.0,0,28,13,19,4,13,5,0,36,1,1,-0.063,-0.5
ATL/ATL201609300,"Friday, September 30, 2016",7:36 p.m. Local,Turner Field,41500,3:21,Night,Away,Detroit Tigers,DET,Atlanta Braves,ATL,38,6,11,6,6.0,3,8,42,0.289,0.357,0.632,0.989,155,96,0.262,0.49,0.485,,1.6,27,5,9.0,2,55,15,26,11,19,12,0,66,0,0,0.238,2.4,33,2,6,2,2.0,2,12,36,0.182,0.25,0.364,0.614,153,102,-0.239,0.37,0.124,,-2.4,27,8,9.0,4,54,24,24,7,14,6,0,27,3,0,-0.262,-1.6
ATL/ATL201610010,"Saturday, October 1, 2016",7:10 p.m. Local,Turner Field,40124,2:51,Night,Home,Atlanta Braves,ATL,Detroit Tigers,DET,32,3,7,3,3.0,3,12,36,0.219,0.286,0.406,0.692,122,86,-0.268,0.88,0.6,,-1.4,24,10,8.0,2,43,26,17,8,13,7,0,47,1,0,-0.232,-1.1,30,5,8,5,5.62,3,4,35,0.267,0.333,0.5,0.833,135,69,0.23,1.19,0.668,,1.1,27,5,9.0,1,44,10,15,15,13,5,0,65,3,0,0.27,1.4
ATL/ATL201610020,"Sunday, October 2, 2016",3:13 p.m. Local,Turner Field,51220,2:47,Day,Home,Atlanta Braves,ATL,Detroit Tigers,DET,31,0,5,0,0.0,1,15,32,0.161,0.188,0.194,0.381,119,91,-0.736,0.87,0.349,,-4.4,24,5,8.0,0,45,28,18,7,9,4,0,68,0,0,0.237,2.9,28,1,6,1,1.12,1,10,30,0.214,0.233,0.214,0.448,132,86,-0.237,1.45,0.281,,-2.9,27,6,9.0,0,47,18,21,7,12,5,0,82,0,0,0.737,4.4
