,date,time,venue,attendance,duration,time_of_day,winner,winning_name,winning_abbr,losing_name,losing_abbr,away_at_bats,away_runs,away_hits,away_rbi,away_earned_runs,away_bases_on_balls,away_strikeouts,away_plate_appearances,away_batting_average,away_on_base_percentage,away_slugging_percentage,away_on_base_plus,away_pitches,away_strikes,away_win_probability_for_offensive_player,away_average_leverage_index,away_win_probability_added,away_win_probability_subtracted,away_base_out_runs_added,away_putouts,away_assists,away_innings_pitched,away_home_runs,away_strikes_by_contact,away_strikes_swinging,away_strikes_looking,away_grounded_balls,away_fly_balls,away_line_drives,away_unknown_bat_type,away_game_score,away_inherited_runners,away_inherited_score,away_win_probability_by_pitcher,away_base_out_runs_saved,home_at_bats,home_runs,home_hits,home_rbi,home_earned_runs,home_bases_on_balls,home_strikeouts,home_plate_appearances,home_batting_average,home_on_base_percentage,home_slugging_percentage,home_on_base_plus,home_pitches,home_strikes,home_win_probability_for_offensive_player,home_average_leverage_index,home_win_probability_added,home_win_probability_subtracted,home_base_out_runs_added,home_putouts,home_assists,home_innings_pitched,home_home_runs,home_strikes_by_contact,home_strikes_swinging,home_strikes_looking,home_grounded_balls,home_fly_balls,home_line_drives,home_unknown_bat_type,home_game_score,home_inherited_runners,home_inherited_score,home_win_probability_by_pitcher,home_base_out_runs_saved
KCA/KCA201604030,"Sunday, April 3, 2016",7:38 p.m. Local,Kauffman Stadium,40030,3:13,Night,Home,Kansas City Royals,KCR,New York Mets,NYM,33,3,7,3,3.0,6,9,39,0.212,0.333,0.242,0.576,114,105,-0.449,0.74,0.746,,-1.7,24,15,8.0,0,59,21,26,16,8,5,0,39,2,1,-0.051,0.1,30,4,9,4,3.38,2,3,33,0.3,0.333,0.3,0.633,177,71,0.052,1.58,0.488,,-0.1,27,13,9.0,0,42,7,22,18,10,5,0,70,2,0,0.449,1.7
KCA/KCA201604050,"Tuesday, April 5, 2016",3:16 p.m. Local,Kauffman Stadium,39782,2:51,Day,Away,New York Mets,NYM,Kansas City Royals,KCR,33,2,6,2,2.0,5,9,38,0.182,0.289,0.273,0.562,124,94,-0.131,1.37,0.432,,-2.7,27,11,9.0,0,49,21,24,6,18,5,0,74,0,0,0.633,4.7,31,0,3,0,0.0,1,12,32,0.097,0.125,0.194,0.319,157,82,-0.632,0.78,0.313,,-4.7,27,4,9.0,1,43,23,16,11,8,3,0,54,2,0,0.133,2.7
KCA/KCA201604080,"Friday, April 8, 2016",7:16 p.m. Local,Kauffman Stadium,27166,3:14,Night,Home,Kansas City Royals,KCR,Minnesota Twins,MIN,32,3,6,3,3.0,8,14,40,0.188,0.35,0.406,0.756,145,109,-0.165,1.39,1.078,,-1.7,24,9,8.0,0,54,18,37,8,10,3,0,57,2,0,-0.335,0.1,32,4,9,4,4.5,4,10,37,0.281,0.351,0.406,0.758,178,83,0.334,1.73,1.09,,-0.1,27,13,9.0,1,47,14,24,12,11,6,0,55,2,1,0.165,1.7
KCA/KCA201604090,"Saturday, April 9, 2016",6:15 p.m. Local,Kauffman Stadium,31001,3:04,Night,Home,Kansas City Royals,KCR,Minnesota Twins,MIN,33,0,7,0,0.0,2,9,35,0.212,0.257,0.242,0.5,170,93,-0.321,0.4,0.127,,-4.7,24,10,8.0,3,49,15,29,9,15,6,0,47,3,1,-0.179,-2.9,35,7,10,6,5.62,5,8,40,0.286,0.375,0.629,1.004,150,101,0.179,0.54,0.425,,2.9,27,7,9.0,0,58,15,28,14,13,6,0,70,2,0,0.321,4.7
KCA/KCA201604100,"Sunday, April 10, 2016",1:16 p.m. Local,Kauffman Stadium,35317,3:23,Day,Home,Kansas City Royals,KCR,Minnesota Twins,MIN,40,3,11,3,2.7,2,14,44,0.275,0.341,0.35,0.691,156,109,-0.147,1.71,0.771,,-2.2,29,12,9.2,1,55,23,31,8,18,8,0,72,0,0,-0.352,0.8,35,4,7,3,2.79,2,8,38,0.2,0.237,0.371,0.608,161,98,0.354,1.1,1.441,,-0.8,30,4,10.0,1,50,22,28,14,14,6,0,55,2,0,0.148,2.2
HOU/HOU201604110,"Monday, April 11, 2016",7:12 p.m. Local,Minute Maid Park,43332,2:59,Night,Home,Houston Astros,HOU,Kansas City Royals,KCR,37,2,11,2,2.0,1,5,38,0.297,0.316,0.405,0.721,160,92,-0.206,0.3,0.155,,-2.3,24,10,8.0,1,54,12,26,13,19,4,0,24,2,0,-0.295,-4.2,37,8,14,8,9.0,3,8,40,0.378,0.425,0.649,1.074,132,109,0.294,0.45,0.442,,4.2,27,8,9.0,1,65,20,24,14,15,7,0,64,0,0,0.205,2.3
HOU/HOU201604120,"Tuesday, April 12, 2016",7:11 p.m. Local,Minute Maid Park,21027,3:17,Night,Away,Kansas City Royals,KCR,Houston Astros,HOU,33,3,7,3,3.0,2,6,35,0.212,0.257,0.333,0.59,179,84,-0.135,1.88,0.441,,-1.3,27,9,9.0,0,49,14,21,15,12,8,0,50,0,0,0.635,2.3,31,2,7,2,2.0,7,14,38,0.226,0.368,0.29,0.659,137,98,-0.635,0.81,0.777,,-2.3,27,12,9.0,1,35,29,34,11,6,1,0,50,0,0,0.135,1.3
HOU/HOU201604130,"Wednesday, April 13, 2016",7:11 p.m. Local,Minute Maid Park,24109,3:03,Night,Away,Kansas City Royals,KCR,Houston Astros,HOU,35,4,8,3,2.0,2,11,38,0.229,0.263,0.4,0.663,135,92,0.256,1.48,0.972,,-0.3,27,7,9.0,1,45,17,30,10,15,6,0,63,0,0,0.244,2.3,33,2,6,2,2.0,4,11,37,0.182,0.27,0.394,0.664,146,88,-0.244,1.16,0.776,,-2.3,27,8,9.0,1,41,24,23,9,13,5,0,58,2,0,-0.255,0.3
HOU/HOU201604140,"Thursday, April 14, 2016",7:11 p.m. Local,Minute Maid Park,21203,2:41,Night,Away,Kansas City Royals,KCR,Houston Astros,HOU,39,6,13,6,6.0,1,5,40,0.333,0.35,0.487,0.837,124,85,0.164,0.64,0.521,,1.7,27,7,9.0,1,48,9,28,9,25,13,0,74,2,0,0.335,2.3,29,2,5,2,2.0,2,9,31,0.172,0.226,0.31,0.536,135,78,-0.336,0.54,0.141,,-2.3,27,9,9.0,1,39,18,21,5,15,3,0,29,1,0,-0.166,-1.7
OAK/OAK201604150,"Friday, April 15, 2016",7:07 p.m. Local,Oakland-Alameda County Coliseum,19451,3:15,Night,Away,Kansas City Royals,KCR,Oakland Athletics,OAK,37,4,12,3,4.0,5,13,42,0.324,0.405,0.432,0.837,146,111,0.006,1.42,0.725,,-0.4,27,13,9.0,1,49,28,34,15,9,7,0,58,0,0,0.494,2.4,32,2,5,2,1.0,5,4,37,0.156,0.27,0.281,0.552,182,85,-0.493,0.95,0.529,,-2.4,27,11,9.0,1,49,9,27,14,14,5,0,36,4,0,-0.005,0.4
OAK/OAK201604160,"Saturday, April 16, 2016",1:07 p.m. Local,Oakland-Alameda County Coliseum,25564,3:02,Day,Home,Oakland Athletics,OAK,Kansas City Royals,KCR,36,3,9,3,1.0,2,7,38,0.25,0.289,0.25,0.539,141,105,-0.27,0.7,0.56,,-1.4,24,5,8.0,2,57,12,36,17,12,3,0,30,1,0,-0.229,-1.1,33,5,10,5,5.62,4,3,39,0.303,0.368,0.485,0.853,165,89,0.23,1.03,0.583,,1.1,27,10,9.0,0,51,15,23,10,22,10,0,57,1,0,0.271,1.4
OAK/OAK201604170,"Sunday, April 17, 2016",1:07 p.m. Local,Oakland-Alameda County Coliseum,29668,2:37,Day,Home,Oakland Athletics,OAK,Kansas City Royals,KCR,33,2,6,2,2.0,2,6,35,0.182,0.229,0.303,0.532,116,92,-0.383,1.48,0.451,,-2.4,24,9,8.0,0,56,9,27,15,12,7,0,63,1,1,-0.118,0.9,26,3,4,2,2.25,4,4,31,0.154,0.258,0.269,0.527,136,66,0.117,1.19,0.935,,-0.9,27,9,9.0,1,37,8,21,10,13,5,0,62,0,0,0.382,2.4
KCA/KCA201604190,"Tuesday, April 19, 2016",6:15 p.m. Local,Kauffman Stadium,26889,3:08,Night,Home,Kansas City Royals,KCR,Detroit Tigers,DET,38,6,10,6,6.0,6,11,45,0.263,0.378,0.368,0.746,141,106,-0.176,0.59,0.695,,1.3,24,8,8.0,1,62,18,26,7,20,6,0,21,2,2,-0.323,-3.9,32,8,9,8,9.0,4,5,37,0.281,0.378,0.469,0.847,184,87,0.323,1.15,0.646,,3.9,27,3,9.0,1,50,12,25,12,15,7,0,49,3,1,0.176,-1.3
KCA/KCA201604200,"Wednesday, April 20, 2016",6:16 p.m. Local,Kauffman Stadium,28928,3:08,Night,Away,Detroit Tigers,DET,Kansas City Royals,KCR,35,3,9,3,3.0,2,8,39,0.257,0.333,0.314,0.648,153,92,-0.094,1.74,0.489,,-1.7,27,15,9.0,2,56,18,18,10,17,9,0,66,2,0,0.596,2.7,35,2,10,2,2.0,3,10,38,0.286,0.342,0.486,0.828,142,99,-0.597,0.84,0.675,,-2.7,27,9,9.0,0,61,18,22,14,11,6,0,58,3,0,0.097,1.7
KCA/KCA201604210,"Thursday, April 21, 2016",6:15 p.m. Local,Kauffman Stadium,30763,2:52,Night,Home,Kansas City Royals,KCR,Detroit Tigers,DET,32,0,5,0,0.0,1,7,33,0.156,0.182,0.188,0.369,134,88,-0.359,0.75,0.137,,-4.7,24,11,8.0,1,61,10,17,12,13,3,0,34,0,0,-0.141,0.1,29,4,10,3,3.38,5,3,36,0.345,0.429,0.517,0.946,130,78,0.14,0.73,0.59,,-0.1,27,10,9.0,0,51,7,20,12,16,10,0,71,0,0,0.359,4.7
KCA/KCA201604220,"Friday, April 22, 2016",7:16 p.m. Local,Kauffman Stadium,29546,2:31,Night,Home,Kansas City Royals,KCR,Baltimore Orioles,BAL,32,2,5,2,2.0,1,12,33,0.156,0.182,0.281,0.463,121,96,-0.37,0.48,0.259,,-2.7,24,15,8.0,1,51,19,26,8,12,4,0,29,0,0,-0.132,0.1,31,4,8,4,4.5,1,2,32,0.258,0.281,0.452,0.733,141,74,0.131,0.87,0.399,,-0.1,27,7,9.0,1,48,8,18,18,11,7,0,65,0,0,0.368,2.7
KCA/KCA201604230,"Saturday, April 23, 2016",6:16 p.m. Local,Kauffman Stadium,39900,3:04,Night,Away,Baltimore Orioles,BAL,Kansas City Royals,KCR,39,8,14,8,8.0,4,8,43,0.359,0.419,0.487,0.906,132,99,0.416,0.81,0.806,,3.3,27,12,9.0,1,57,19,24,15,16,7,0,45,4,0,0.087,1.7,34,3,7,3,3.0,1,6,35,0.206,0.229,0.353,0.582,158,91,-0.086,0.67,0.468,,-1.7,27,12,9.0,1,54,15,22,15,13,4,0,14,2,2,-0.414,-3.3
KCA/KCA201604240,"Sunday, April 24, 2016",1:15 p.m. Local,Kauffman Stadium,34748,2:42,Day,Home,Kansas City Royals,KCR,Baltimore Orioles,BAL,31,1,4,1,1.0,2,6,33,0.129,0.182,0.129,0.311,147,80,-0.353,0.83,0.212,,-3.7,24,7,8.0,2,45,13,22,14,11,2,0,41,3,1,-0.146,-1.9,33,6,11,6,6.75,2,4,37,0.333,0.389,0.606,0.995,115,96,0.145,0.84,0.757,,1.9,27,11,9.0,0,63,10,23,11,19,9,0,69,0,0,0.356,3.7
ANA/ANA201604250,"Monday, April 25, 2016",7:08 p.m. Local,Angel Stadium of Anaheim,31061,2:59,Night,Home,Los Angeles Angels,LAA,Kansas City Royals,KCR,31,1,4,1,0.0,5,7,36,0.129,0.25,0.161,0.411,137,95,-0.233,0.53,0.249,,-3.3,24,15,8.0,3,57,18,20,8,16,5,0,36,0,0,-0.266,-2.1,28,6,8,5,6.75,5,3,35,0.286,0.429,0.607,1.036,151,83,0.265,0.67,0.498,,2.1,27,7,9.0,0,58,6,19,15,10,4,0,66,2,0,0.235,3.3
ANA/ANA201604260,"Tuesday, April 26, 2016",7:09 p.m. Local,Angel Stadium of Anaheim,34428,3:02,Night,Home,Los Angeles Angels,LAA,Kansas City Royals,KCR,33,4,9,4,4.0,4,6,37,0.273,0.351,0.545,0.897,155,79,0.145,1.12,0.75,,-0.3,24,8,8.0,1,43,9,27,9,18,7,0,12,0,0,-0.645,-5.1,36,9,14,8,9.0,5,4,42,0.389,0.463,0.5,0.963,129,102,0.645,0.86,1.155,,5.1,27,8,9.0,1,65,12,25,19,14,6,0,40,0,0,-0.145,0.3
ANA/ANA201604270,"Wednesday, April 27, 2016",7:07 p.m. Local,Angel Stadium of Anaheim,35142,2:51,Night,Home,Los Angeles Angels,LAA,Kansas City Royals,KCR,35,2,10,2,2.0,3,9,38,0.286,0.342,0.4,0.742,110,97,-0.331,0.76,0.549,,-2.3,24,5,8.0,3,54,23,21,12,14,6,0,54,1,0,-0.169,-0.1,28,4,5,4,4.5,2,9,30,0.179,0.233,0.5,0.733,148,78,0.168,1.19,0.6,,0.1,27,10,9.0,1,41,16,21,5,14,7,0,48,1,0,0.331,2.3
SEA/SEA201604290,"Friday, April 29, 2016",7:10 p.m. Local,Safeco Field,38684,2:49,Night,Home,Seattle Mariners,SEA,Kansas City Royals,KCR,30,0,6,0,0.0,3,6,34,0.2,0.273,0.2,0.473,137,88,-0.725,0.96,0.599,,-4.4,24,7,8.0,1,51,8,29,12,13,6,0,60,1,0,0.225,2.9,24,1,1,1,1.12,7,5,31,0.042,0.258,0.167,0.425,137,76,-0.224,1.75,0.372,,-2.9,27,11,9.0,0,42,15,19,10,9,3,0,70,1,0,0.724,4.4
SEA/SEA201604300,"Saturday, April 30, 2016",7:10 p.m. Local,Safeco Field,43444,2:28,Night,Home,Seattle Mariners,SEA,Kansas City Royals,KCR,31,0,5,0,0.0,0,4,32,0.161,0.188,0.194,0.381,155,77,-0.207,0.28,0.12,,-4.4,24,9,8.0,2,45,11,21,12,15,7,0,31,1,0,-0.292,-2.1,28,6,7,6,6.75,8,6,39,0.25,0.447,0.464,0.912,114,86,0.292,0.47,0.431,,2.1,27,12,9.0,0,43,15,28,11,12,5,0,81,,,0.207,4.4
SEA/SEA201605010,"Sunday, May 1, 2016",1:10 p.m. Local,Safeco Field,37053,3:14,Day,Away,Kansas City Royals,KCR,Seattle Mariners,SEA,37,4,11,3,3.0,0,12,39,0.297,0.333,0.405,0.739,167,108,0.087,1.27,0.493,,-0.4,27,5,9.0,0,70,15,23,9,16,9,0,59,3,1,0.413,3.4,34,1,8,1,1.0,3,10,38,0.235,0.316,0.265,0.58,162,112,-0.413,0.62,0.446,,-3.4,27,7,9.0,1,66,18,28,10,14,6,0,47,0,0,-0.087,0.4
KCA/KCA201605020,"Monday, May 2, 2016",7:16 p.m. Local,Kauffman Stadium,32394,3:09,Night,Away,Washington Nationals,WSN,Kansas City Royals,KCR,34,2,9,2,2.0,2,10,36,0.265,0.306,0.353,0.658,140,85,-0.137,1.27,0.405,,-2.7,27,8,9.0,0,45,15,25,12,12,6,0,63,1,0,0.637,4.7,31,0,5,0,0.0,2,5,34,0.161,0.235,0.194,0.429,137,89,-0.637,0.78,0.317,,-4.7,27,7,9.0,0,58,9,23,10,16,3,0,63,0,0,0.137,2.7
KCA/KCA201605030,"Tuesday, May 3, 2016",7:16 p.m. Local,Kauffman Stadium,33729,3:05,Night,Home,Kansas City Royals,KCR,Washington Nationals,WSN,39,6,12,6,6.0,1,7,40,0.308,0.325,0.667,0.992,133,102,0.323,1.72,0.968,,1.3,26,13,8.2,0,64,12,26,12,20,6,0,54,2,1,-0.822,-2.8,35,7,11,7,6.23,2,5,38,0.314,0.351,0.314,0.666,164,88,0.823,1.09,1.722,,2.8,27,7,9.0,3,55,14,19,16,15,13,0,48,4,0,-0.323,-1.3
KCA/KCA201605040,"Wednesday, May 4, 2016",1:16 p.m. Local,Kauffman Stadium,38610,2:53,Day,Away,Washington Nationals,WSN,Kansas City Royals,KCR,43,13,16,13,10.0,2,6,47,0.372,0.383,0.581,0.964,129,109,0.515,0.22,0.555,,8.3,27,5,9.0,0,73,10,26,13,26,11,0,60,0,0,-0.012,2.7,32,2,5,2,2.0,2,11,34,0.156,0.206,0.188,0.393,168,88,0.012,0.27,0.152,,-2.7,27,7,9.0,2,47,19,22,7,14,4,0,15,3,3,-0.513,-8.3
CLE/CLE201605060,"Friday, May 6, 2016",7:11 p.m. Local,Progressive Field,13587,2:44,Night,Home,Cleveland Indians,CLE,Kansas City Royals,KCR,35,1,9,1,1.0,1,9,36,0.257,0.278,0.257,0.535,151,92,-0.239,0.73,0.065,,-4.0,24,12,8.0,0,51,14,29,20,6,1,0,28,0,0,-0.262,-2.6,30,7,9,7,7.88,7,5,37,0.3,0.432,0.367,0.799,137,91,0.261,0.35,0.55,,2.6,27,11,9.0,0,59,11,21,15,10,6,0,79,0,0,0.237,4.0
CLE/CLE201605070,"Saturday, May 7, 2016",4:10 p.m. Local,Progressive Field,17302,2:41,Day,Away,Kansas City Royals,KCR,Cleveland Indians,CLE,37,7,12,7,7.0,1,6,38,0.324,0.342,0.459,0.802,127,91,0.164,0.73,0.429,,2.0,27,7,9.0,0,57,14,20,17,14,10,0,73,0,0,0.337,5.0,31,0,6,0,0.0,2,7,33,0.194,0.242,0.226,0.468,135,80,-0.336,0.4,0.205,,-5.0,27,13,9.0,1,46,10,24,11,13,8,0,40,3,1,-0.163,-2.0
CLE/CLE201605080,"Sunday, May 8, 2016",1:10 p.m. Local,Progressive Field,14463,2:57,Day,Home,Cleveland Indians,CLE,Kansas City Royals,KCR,33,4,9,4,4.0,1,6,34,0.273,0.294,0.485,0.779,151,77,-0.273,1.16,0.835,,-1.0,24,11,8.0,2,46,9,22,12,15,9,0,29,2,1,-0.227,-0.6,33,5,8,5,5.62,4,8,37,0.242,0.324,0.455,0.779,117,98,0.228,1.34,0.831,,0.6,27,12,9.0,1,60,17,21,13,12,7,0,45,3,1,0.273,1.0
NYA/NYA201605090,"Monday, May 9, 2016",7:10 p.m. Local,Yankee Stadium III,41243,2:41,Night,Home,New York Yankees,NYY,Kansas City Royals,KCR,36,3,10,3,3.0,2,8,38,0.278,0.316,0.472,0.788,121,91,-0.214,0.36,0.375,,-1.7,24,10,8.0,5,53,15,23,17,11,5,0,28,0,0,-0.287,-1.8,32,6,9,6,6.75,1,5,34,0.281,0.294,0.75,1.044,150,74,0.286,0.73,0.49,,1.8,27,13,9.0,2,43,9,22,11,17,8,0,50,3,0,0.214,1.7
NYA/NYA201605100,"Tuesday, May 10, 2016",7:08 p.m. Local,Yankee Stadium III,39128,3:07,Night,Home,New York Yankees,NYY,Kansas City Royals,KCR,35,7,9,7,7.0,1,8,38,0.257,0.297,0.629,0.926,181,86,0.426,1.34,1.115,,2.3,24,12,8.0,0,48,14,24,13,15,7,0,25,2,2,-0.928,-5.8,35,10,13,10,10.12,4,6,41,0.371,0.439,0.543,0.982,125,113,0.927,1.1,1.647,,5.8,27,7,9.0,4,66,21,26,11,19,9,0,43,0,0,-0.428,-2.3
NYA/NYA201605110,"Wednesday, May 11, 2016",7:09 p.m. Local,Yankee Stadium III,31226,3:18,Night,Away,Kansas City Royals,KCR,New York Yankees,NYY,33,7,9,7,7.0,6,7,43,0.273,0.419,0.455,0.873,138,99,0.355,1.07,0.788,,2.3,27,10,9.0,1,53,26,20,14,13,5,0,46,0,0,0.146,1.7,34,3,7,3,3.0,3,4,38,0.206,0.289,0.353,0.642,176,82,-0.147,0.77,0.595,,-1.7,27,12,9.0,2,49,12,21,18,12,3,0,36,4,2,-0.355,-2.3
NYA/NYA201605120,"Thursday, May 12, 2016",7:08 p.m. Local,Yankee Stadium III,35944,2:45,Night,Home,New York Yankees,NYY,Kansas City Royals,KCR,35,3,9,3,3.0,2,5,37,0.257,0.297,0.4,0.697,136,93,-0.178,0.54,0.458,,-1.7,24,5,8.0,3,51,11,31,12,18,8,0,38,2,2,-0.323,-2.8,31,7,7,7,7.88,5,8,36,0.226,0.333,0.516,0.849,140,84,0.323,0.83,0.632,,2.8,27,9,9.0,1,50,10,24,6,17,4,0,40,0,0,0.178,1.7
KCA/KCA201605130,"Friday, May 13, 2016",7:15 p.m. Local,Kauffman Stadium,33132,2:45,Night,Home,Kansas City Royals,KCR,Atlanta Braves,ATL,33,1,7,1,1.0,0,6,35,0.212,0.206,0.242,0.448,143,75,-0.452,0.67,0.335,,-3.7,24,9,8.0,0,45,11,19,17,12,3,0,65,2,2,-0.049,-0.9,30,5,7,5,4.5,5,6,36,0.233,0.361,0.267,0.628,111,90,0.048,1.15,0.45,,0.9,27,13,9.0,0,54,11,25,11,13,6,0,63,0,0,0.452,3.7
KCA/KCA201605140,"Saturday, May 14, 2016",6:17 p.m. Local,Kauffman Stadium,36541,2:43,Night,Away,Atlanta Braves,ATL,Kansas City Royals,KCR,33,5,11,5,5.0,4,9,38,0.333,0.405,0.485,0.89,118,94,0.078,0.94,0.613,,0.3,27,11,9.0,0,52,21,21,14,11,8,0,72,1,0,0.421,4.7,33,0,8,0,0.0,0,6,33,0.242,0.242,0.303,0.545,144,85,-0.419,0.85,0.28,,-4.7,27,15,9.0,0,47,8,30,13,14,8,0,46,3,1,-0.079,-0.3
KCA/KCA201605150,"Sunday, May 15, 2016",1:18 p.m. Local,Kauffman Stadium,33861,4:16,Day,Home,Kansas City Royals,KCR,Atlanta Braves,ATL,48,2,10,2,1.38,4,17,53,0.208,0.269,0.229,0.498,183,131,-0.873,1.42,0.893,,-4.7,38,9,12.2,1,67,29,35,24,8,2,0,61,3,1,0.374,2.6,47,4,12,4,2.84,0,11,49,0.255,0.271,0.404,0.675,198,125,-0.373,1.81,0.883,,-2.6,39,14,13.0,0,80,18,27,11,26,10,0,60,1,0,0.873,4.7
KCA/KCA201605170,"Tuesday, May 17, 2016",7:15 p.m. Local,Kauffman Stadium,25215,2:54,Night,Home,Kansas City Royals,KCR,Boston Red Sox,BOS,33,4,8,4,4.0,2,7,36,0.242,0.306,0.364,0.669,151,84,-0.196,0.73,0.558,,-0.7,24,6,8.0,2,40,10,34,14,12,5,0,34,2,1,-0.304,-3.9,35,8,11,7,7.88,4,5,39,0.314,0.385,0.6,0.985,134,96,0.304,0.97,0.729,,3.9,27,11,9.0,1,60,13,23,12,18,10,0,43,1,0,0.196,0.7
KCA/KCA201605181,"Wednesday, May 18, 2016",1:16 p.m. Local,Kauffman Stadium,33613,2:23,Day,Home,Kansas City Royals,KCR,Boston Red Sox,BOS,35,2,9,2,2.0,1,13,36,0.257,0.278,0.371,0.649,101,106,-0.501,0.76,0.656,,-2.7,24,8,8.0,1,55,18,33,13,9,3,0,65,,,0.0,1.1,27,3,5,3,3.38,1,6,29,0.185,0.207,0.37,0.577,150,68,0.001,1.52,0.439,,-1.1,27,7,9.0,1,32,14,22,11,11,3,0,57,1,0,0.5,2.7
KCA/KCA201605182,"Wednesday, May 18, 2016",7:15 p.m. Local,Kauffman Stadium,23739,3:06,Night,Away,Boston Red Sox,BOS,Kansas City Royals,KCR,35,5,10,5,5.0,6,8,42,0.286,0.405,0.514,0.919,131,86,0.149,1.07,0.671,,0.3,27,9,9.0,1,50,7,29,17,10,4,0,64,1,1,0.353,2.7,31,2,6,2,2.0,1,6,33,0.194,0.242,0.355,0.597,145,88,-0.352,0.74,0.427,,-2.7,27,10,9.0,2,52,16,20,11,14,5,0,43,4,0,-0.148,-0.3
CHA/CHA201605200,"Friday, May 20, 2016",7:11 p.m. Local,U.S. Cellular Field,24020,2:59,Night,Away,Kansas City Royals,KCR,Chicago White Sox,CHW,37,4,12,4,4.0,0,7,38,0.324,0.324,0.405,0.73,145,91,0.167,0.99,0.736,,-0.4,27,8,9.0,0,54,17,20,15,16,11,0,59,0,0,0.332,3.4,32,1,6,1,1.0,3,10,37,0.188,0.27,0.188,0.458,135,96,-0.333,0.87,0.323,,-3.4,27,11,9.0,0,52,9,35,11,12,6,0,46,2,1,-0.167,0.4
CHA/CHA201605210,"Saturday, May 21, 2016",1:11 p.m. Local,U.S. Cellular Field,27631,3:05,Day,Away,Kansas City Royals,KCR,Chicago White Sox,CHW,32,2,8,2,2.0,2,8,36,0.25,0.306,0.344,0.649,144,94,-0.172,1.66,0.397,,-2.4,27,13,9.0,0,64,11,21,9,16,7,0,58,3,1,0.671,3.4,32,1,7,0,1.0,3,7,37,0.219,0.306,0.25,0.556,152,93,-0.672,0.83,0.613,,-3.4,27,8,9.0,1,60,18,15,13,13,7,0,60,2,0,0.172,2.4
CHA/CHA201605220,"Sunday, May 22, 2016",1:10 p.m. Local,U.S. Cellular Field,34526,2:46,Day,Home,Chicago White Sox,CHW,Kansas City Royals,KCR,33,2,8,2,2.0,2,8,36,0.242,0.278,0.273,0.551,135,82,-0.479,1.25,0.466,,-2.4,24,10,8.0,1,54,13,15,11,15,8,0,47,0,0,-0.021,0.9,29,3,7,3,3.38,4,6,34,0.241,0.333,0.414,0.747,127,81,0.022,1.28,0.755,,-0.9,27,8,9.0,0,54,10,17,10,14,8,0,52,0,0,0.479,2.4
MIN/MIN201605230,"Monday, May 23, 2016",7:11 p.m. Local,Target Field,17886,3:29,Night,Away,Kansas City Royals,KCR,Minnesota Twins,MIN,41,10,17,10,10.0,2,10,45,0.415,0.422,0.585,1.008,154,119,0.499,0.72,0.842,,5.4,27,12,9.0,1,77,21,21,13,20,16,0,44,4,1,0.001,0.6,36,4,12,3,4.0,3,5,40,0.333,0.4,0.444,0.844,187,100,-0.002,0.73,0.518,,-0.6,27,8,9.0,0,59,15,26,19,12,8,0,19,2,0,-0.499,-5.4
MIN/MIN201605240,"Tuesday, May 24, 2016",7:11 p.m. Local,Target Field,23541,3:07,Night,Away,Kansas City Royals,KCR,Minnesota Twins,MIN,39,7,13,5,7.0,2,9,41,0.333,0.366,0.513,0.879,151,101,0.339,1.39,0.743,,2.4,27,8,9.0,0,68,13,20,16,14,5,0,53,1,0,0.162,0.6,33,4,7,2,2.0,5,10,39,0.212,0.333,0.273,0.606,157,95,-0.162,0.69,0.815,,-0.6,27,10,9.0,1,46,22,27,12,11,7,0,21,3,0,-0.338,-2.4
MIN/MIN201605250,"Wednesday, May 25, 2016",12:35 p.m. Local,Target Field,27233,2:48,Day,Home,Minnesota Twins,MIN,Kansas City Royals,KCR,36,5,11,4,5.0,2,8,38,0.306,0.342,0.444,0.787,146,86,-0.015,0.81,0.908,,0.4,24,9,8.0,3,52,13,21,15,13,7,0,25,0,0,-0.485,-2.9,34,7,12,7,6.75,2,9,37,0.353,0.405,0.647,1.052,136,93,0.486,1.28,1.006,,2.9,27,12,9.0,0,56,13,24,9,16,6,0,39,2,0,0.015,-0.4
KCA/KCA201605270,"Friday, May 27, 2016",7:14 p.m. Local,Kauffman Stadium,28508,2:58,Night,Home,Kansas City Royals,KCR,Chicago White Sox,CHW,35,5,8,5,5.0,1,11,36,0.229,0.25,0.4,0.65,122,108,0.048,1.23,0.865,,0.3,24,9,8.0,1,62,23,23,6,18,3,0,50,6,4,-0.548,-2.9,34,7,13,7,7.88,1,7,37,0.382,0.389,0.5,0.889,140,83,0.549,1.37,1.136,,2.9,27,4,9.0,2,54,11,18,18,11,6,0,43,0,0,-0.047,-0.3
KCA/KCA201605280,"Saturday, May 28, 2016",1:14 p.m. Local,Kauffman Stadium,31598,3:22,Day,Home,Kansas City Royals,KCR,Chicago White Sox,CHW,39,7,11,6,6.0,0,6,39,0.282,0.282,0.487,0.769,195,95,0.348,1.28,0.536,,2.3,26,9,8.2,0,58,6,31,11,22,12,0,52,1,1,-0.847,-4.1,38,8,12,8,8.31,6,7,44,0.316,0.409,0.447,0.856,137,118,0.847,0.36,1.389,,4.1,27,10,9.0,2,70,18,30,16,15,5,0,37,0,0,-0.347,-2.3
KCA/KCA201605290,"Sunday, May 29, 2016",1:17 p.m. Local,Kauffman Stadium,36624,3:04,Day,Home,Kansas City Royals,KCR,Chicago White Sox,CHW,33,4,9,4,4.0,1,8,36,0.273,0.306,0.303,0.609,158,99,-0.074,1.62,0.724,,-0.7,24,7,8.0,1,59,19,21,15,11,7,0,60,3,1,-0.428,-0.9,32,5,11,5,5.62,5,7,37,0.344,0.432,0.5,0.932,154,100,0.429,1.25,1.149,,0.9,27,13,9.0,0,62,15,23,8,17,9,0,50,0,0,0.072,0.7
KCA/KCA201605300,"Monday, May 30, 2016",7:17 p.m. Local,Kauffman Stadium,32018,3:03,Night,Home,Kansas City Royals,KCR,Tampa Bay Rays,TBR,32,2,5,2,1.0,5,10,37,0.156,0.27,0.156,0.427,129,100,-0.219,1.03,0.62,,-2.7,24,16,8.0,1,48,22,30,12,10,2,0,62,0,0,-0.279,-1.9,32,6,10,5,5.62,2,3,34,0.312,0.353,0.438,0.79,154,91,0.279,1.32,0.822,,1.9,27,9,9.0,0,62,11,18,18,11,6,0,65,0,0,0.221,2.7
KCA/KCA201605310,"Tuesday, May 31, 2016",7:15 p.m. Local,Kauffman Stadium,26006,3:27,Night,Home,Kansas City Royals,KCR,Tampa Bay Rays,TBR,40,5,13,5,5.0,5,14,45,0.325,0.4,0.525,0.925,147,122,0.049,0.65,0.654,,0.3,24,16,8.0,2,71,27,24,9,17,6,0,8,2,0,-0.548,-5.9,39,10,18,10,11.25,3,5,44,0.462,0.512,0.718,1.23,188,100,0.548,0.79,0.902,,5.9,27,5,9.0,1,60,13,27,15,20,10,0,39,3,0,-0.048,-0.3
KCA/KCA201606010,"Wednesday, June 1, 2016",7:15 p.m. Local,Kauffman Stadium,30554,2:45,Night,Home,Kansas City Royals,KCR,Tampa Bay Rays,TBR,35,3,9,3,3.0,2,9,38,0.257,0.316,0.457,0.773,142,82,-0.215,0.66,0.51,,-1.7,24,8,8.0,0,43,17,22,8,18,3,0,40,0,0,-0.284,-1.9,33,6,11,5,5.62,2,7,38,0.333,0.351,0.394,0.745,127,98,0.285,1.01,0.602,,1.9,27,8,9.0,1,56,20,22,14,15,8,0,52,0,0,0.215,1.7
CLE/CLE201606020,"Thursday, June 2, 2016",7:10 p.m. Local,Progressive Field,11131,2:54,Night,Home,Cleveland Indians,CLE,Kansas City Royals,KCR,36,4,12,4,4.0,2,5,38,0.333,0.368,0.5,0.868,142,88,0.022,1.95,0.714,,-1.0,26,6,8.2,0,51,14,23,20,11,4,0,53,1,0,-0.523,-0.1,35,5,11,5,4.15,3,5,40,0.314,0.359,0.371,0.73,132,92,0.525,0.92,1.662,,0.1,27,15,9.0,2,56,10,26,12,20,8,0,38,2,0,-0.024,1.0
CLE/CLE201606030,"Friday, June 3, 2016",7:11 p.m. Local,Progressive Field,24753,2:25,Night,Home,Cleveland Indians,CLE,Kansas City Royals,KCR,28,1,3,1,1.0,5,9,33,0.107,0.242,0.214,0.457,126,78,-0.291,0.65,0.253,,-4.0,24,11,8.0,2,38,15,25,11,8,3,0,40,1,0,-0.208,-1.6,30,6,8,4,5.62,4,5,34,0.267,0.353,0.567,0.92,126,74,0.208,0.78,0.566,,1.6,27,12,9.0,1,47,12,15,9,16,13,0,76,0,0,0.292,4.0
CLE/CLE201606040,"Saturday, June 4, 2016",7:47 p.m. Local,Progressive Field,23258,2:48,Night,Home,Cleveland Indians,CLE,Kansas City Royals,KCR,33,1,7,1,1.0,1,6,35,0.212,0.235,0.273,0.508,140,87,-0.394,0.63,0.289,,-4.0,24,5,8.0,3,60,8,19,14,14,5,0,41,0,0,-0.105,-2.6,34,7,12,7,7.88,2,7,37,0.353,0.378,0.706,1.084,125,93,0.106,0.94,0.474,,2.6,27,11,9.0,0,55,13,25,6,22,13,0,58,2,0,0.395,4.0
CLE/CLE201606050,"Sunday, June 5, 2016",1:10 p.m. Local,Progressive Field,16747,2:21,Day,Home,Cleveland Indians,CLE,Kansas City Royals,KCR,29,0,3,0,0.0,2,11,31,0.103,0.161,0.138,0.299,128,86,-0.341,0.41,0.099,,-5.0,24,9,8.0,4,45,20,21,11,7,2,0,36,1,1,-0.16,-2.6,31,7,9,7,7.88,2,7,34,0.29,0.324,0.806,1.13,121,86,0.16,0.58,0.383,,2.6,27,10,9.0,0,53,14,19,9,16,7,0,72,0,0,0.34,5.0
BAL/BAL201606060,"Monday, June 6, 2016",7:08 p.m. Local,Oriole Park at Camden Yards,14878,2:37,Night,Home,Baltimore Orioles,BAL,Kansas City Royals,KCR,31,1,5,0,0.0,2,7,33,0.161,0.212,0.194,0.406,111,81,-0.339,1.02,0.365,,-3.7,24,8,8.0,3,56,7,18,13,11,5,0,64,0,0,-0.163,0.1,29,4,7,4,3.38,2,11,33,0.241,0.313,0.586,0.899,125,82,0.161,1.14,0.775,,-0.1,27,10,9.0,0,47,20,15,9,10,4,0,67,0,0,0.338,3.7
BAL/BAL201606070,"Tuesday, June 7, 2016",7:08 p.m. Local,Oriole Park at Camden Yards,28110,2:44,Night,Home,Baltimore Orioles,BAL,Kansas City Royals,KCR,37,1,10,1,1.0,4,8,41,0.27,0.341,0.324,0.666,118,101,-0.151,0.28,0.44,,-3.7,24,8,8.0,4,71,10,20,12,17,9,0,28,1,1,-0.349,-4.9,35,9,11,9,10.12,2,6,38,0.314,0.368,0.714,1.083,158,78,0.35,0.76,0.435,,4.9,27,8,9.0,0,47,15,16,14,15,6,0,46,1,0,0.151,3.7
BAL/BAL201606080,"Wednesday, June 8, 2016",7:08 p.m. Local,Oriole Park at Camden Yards,19178,2:47,Night,Home,Baltimore Orioles,BAL,Kansas City Royals,KCR,35,0,9,0,0.0,1,12,36,0.257,0.278,0.286,0.563,137,102,-0.387,0.71,0.264,,-4.7,24,11,8.0,0,59,26,17,17,6,4,0,43,1,0,-0.113,0.1,27,4,4,4,4.5,4,8,32,0.148,0.25,0.222,0.472,138,83,0.113,0.79,0.444,,-0.1,27,9,9.0,0,48,9,26,14,6,1,0,71,2,0,0.387,4.7
CHA/CHA201606100,"Friday, June 10, 2016",7:10 p.m. Local,U.S. Cellular Field,23290,3:00,Night,Home,Chicago White Sox,CHW,Kansas City Royals,KCR,37,5,12,5,5.0,1,11,39,0.324,0.333,0.595,0.928,128,97,-0.105,0.59,0.741,,0.6,24,13,8.0,4,55,24,18,8,19,10,0,23,1,0,-0.394,-3.1,33,7,12,7,7.88,1,3,35,0.364,0.4,0.788,1.188,148,89,0.394,1.16,0.778,,3.1,27,5,9.0,3,61,9,22,14,16,7,0,37,3,1,0.106,-0.6
CHA/CHA201606110,"Saturday, June 11, 2016",1:11 p.m. Local,U.S. Cellular Field,31183,2:37,Day,Away,Kansas City Royals,KCR,Chicago White Sox,CHW,35,4,9,4,4.0,1,10,36,0.257,0.278,0.514,0.792,125,85,-0.006,0.97,0.384,,-0.4,27,9,9.0,0,50,14,21,12,13,7,0,73,0,0,0.506,3.4,30,1,5,1,1.0,3,13,34,0.167,0.242,0.167,0.409,129,87,-0.507,0.5,0.215,,-3.4,27,9,9.0,3,39,29,19,9,9,7,0,68,0,0,0.006,0.4
CHA/CHA201606120,"Sunday, June 12, 2016",1:11 p.m. Local,U.S. Cellular Field,30363,2:43,Day,Away,Kansas City Royals,KCR,Chicago White Sox,CHW,33,3,11,3,3.0,3,10,38,0.333,0.405,0.455,0.86,114,94,-0.067,1.26,0.542,,-1.4,27,10,9.0,1,55,19,20,9,15,5,0,72,0,0,0.566,3.4,30,1,5,1,1.0,1,12,31,0.167,0.194,0.267,0.46,149,75,-0.567,0.86,0.442,,-3.4,27,6,9.0,1,39,15,21,11,7,3,0,55,3,0,0.066,1.4
KCA/KCA201606130,"Monday, June 13, 2016",7:15 p.m. Local,Kauffman Stadium,31269,2:42,Night,Home,Kansas City Royals,KCR,Cleveland Indians,CLE,29,1,4,1,1.0,5,4,35,0.138,0.286,0.276,0.562,139,76,-0.594,0.77,0.654,,-3.7,24,11,8.0,1,41,11,24,17,8,3,0,51,0,0,0.092,2.1,33,2,11,2,2.25,1,9,34,0.333,0.353,0.485,0.838,121,93,-0.093,1.6,0.432,,-2.1,27,17,9.0,1,54,17,22,14,10,6,0,72,0,0,0.592,3.7
KCA/KCA201606140,"Tuesday, June 14, 2016",7:15 p.m. Local,Kauffman Stadium,29293,2:55,Night,Home,Kansas City Royals,KCR,Cleveland Indians,CLE,32,2,9,2,2.0,6,6,38,0.281,0.395,0.406,0.801,119,97,-0.348,1.5,0.671,,-2.7,24,8,8.0,2,59,11,27,15,11,3,0,64,0,0,-0.152,1.1,32,3,9,3,3.38,0,6,33,0.281,0.281,0.5,0.781,166,76,0.151,1.45,1.071,,-1.1,27,15,9.0,1,51,8,17,11,16,3,0,45,4,1,0.349,2.7
KCA/KCA201606150,"Wednesday, June 15, 2016",7:15 p.m. Local,Kauffman Stadium,33546,2:47,Night,Home,Kansas City Royals,KCR,Cleveland Indians,CLE,32,4,5,4,4.0,2,8,35,0.156,0.229,0.344,0.572,135,94,-0.072,0.61,0.402,,-0.7,24,10,8.0,1,54,13,27,7,17,4,0,31,8,3,-0.429,-4.9,35,9,10,8,6.75,3,10,40,0.286,0.342,0.457,0.799,138,92,0.429,0.65,0.774,,4.9,27,6,9.0,2,57,21,14,13,14,8,0,52,0,0,0.072,0.7
KCA/KCA201606160,"Thursday, June 16, 2016",7:14 p.m. Local,Kauffman Stadium,33568,3:15,Night,Away,Detroit Tigers,DET,Kansas City Royals,KCR,39,10,13,10,10.0,3,7,43,0.333,0.372,0.795,1.167,133,100,0.549,0.82,1.159,,5.3,27,14,9.0,1,57,14,29,11,22,7,0,51,0,0,-0.048,0.7,35,4,10,4,4.0,1,9,38,0.286,0.342,0.486,0.828,159,89,0.048,0.89,0.582,,-0.7,27,7,9.0,6,52,15,22,16,10,3,0,49,0,0,-0.548,-5.3
KCA/KCA201606170,"Friday, June 17, 2016",7:15 p.m. Local,Kauffman Stadium,37746,3:17,Night,Home,Kansas City Royals,KCR,Detroit Tigers,DET,36,3,10,3,3.0,0,6,36,0.278,0.278,0.444,0.722,164,101,-0.47,0.82,0.298,,-1.7,24,11,8.0,2,57,16,28,17,13,6,0,56,4,2,-0.03,-5.9,36,10,14,10,11.25,6,7,43,0.389,0.476,0.611,1.087,151,103,0.03,1.01,0.662,,5.9,27,13,9.0,2,60,21,22,15,15,8,0,66,2,0,0.47,1.7
KCA/KCA201606180,"Saturday, June 18, 2016",7:15 p.m. Local,Kauffman Stadium,38480,3:16,Night,Home,Kansas City Royals,KCR,Detroit Tigers,DET,34,5,10,5,5.0,1,8,37,0.294,0.324,0.441,0.766,171,88,-0.012,0.46,0.368,,0.3,24,14,8.0,0,50,14,24,18,9,4,0,18,4,3,-0.488,-11.9,43,16,21,15,18.0,4,3,47,0.488,0.532,0.651,1.183,122,114,0.487,0.61,0.774,,11.9,27,11,9.0,1,81,8,25,21,19,11,0,43,1,0,0.011,-0.3
KCA/KCA201606190,"Sunday, June 19, 2016",1:16 p.m. Local,Kauffman Stadium,34659,3:32,Day,Home,Kansas City Royals,KCR,Detroit Tigers,DET,42,1,5,1,0.69,2,12,44,0.119,0.159,0.19,0.35,150,113,-1.122,1.75,0.351,,-5.7,37,18,12.1,0,66,24,23,13,17,4,0,75,0,0,0.622,3.1,40,2,7,2,1.46,2,8,44,0.175,0.233,0.225,0.458,177,105,-0.62,1.39,0.753,,-3.1,39,13,13.0,1,68,16,21,19,14,4,0,68,0,0,1.122,5.7
NYN/NYN201606210,"Tuesday, June 21, 2016",7:10 p.m. Local,Citi Field,40122,2:56,Night,Home,New York Mets,NYM,Kansas City Royals,KCR,34,1,7,1,1.0,1,11,35,0.206,0.229,0.235,0.464,135,99,-0.612,0.68,0.489,,-3.3,24,4,8.0,2,53,24,22,9,14,8,0,47,0,0,0.114,1.8,30,2,6,2,2.25,2,6,33,0.2,0.273,0.433,0.706,138,80,-0.114,1.57,0.328,,-1.8,27,9,9.0,0,41,15,24,3,21,8,0,51,2,0,0.613,3.3
NYN/NYN201606220,"Wednesday, June 22, 2016",1:12 p.m. Local,Citi Field,35185,3:06,Day,Home,New York Mets,NYM,Kansas City Royals,KCR,34,3,9,3,3.0,0,6,35,0.265,0.265,0.382,0.647,161,99,-0.24,0.95,0.756,,-1.3,24,7,8.0,2,62,19,18,20,9,5,0,48,1,0,-0.259,-0.2,29,4,6,4,4.5,4,12,33,0.207,0.303,0.448,0.751,145,99,0.259,1.4,0.854,,0.2,27,15,9.0,1,54,20,25,5,12,5,0,48,0,0,0.241,1.3
KCA/KCA201606240,"Friday, June 24, 2016",7:15 p.m. Local,Kauffman Stadium,36195,2:56,Night,Away,Houston Astros,HOU,Kansas City Royals,KCR,43,13,14,12,12.0,7,7,50,0.326,0.42,0.535,0.955,129,101,0.48,0.07,0.509,,8.3,27,14,9.0,2,63,16,22,17,19,10,0,39,2,0,0.02,0.7,35,4,10,4,3.0,3,2,38,0.286,0.342,0.571,0.914,172,88,-0.021,0.26,0.037,,-0.7,27,11,9.0,2,55,11,22,17,16,7,0,-12,3,3,-0.48,-8.3
KCA/KCA201606250,"Saturday, June 25, 2016",6:16 p.m. Local,Kauffman Stadium,38880,3:40,Night,Away,Houston Astros,HOU,Kansas City Royals,KCR,41,13,16,13,13.0,6,7,48,0.39,0.458,0.78,1.239,176,108,0.417,0.46,0.601,,8.3,27,14,9.0,1,70,10,30,9,26,13,0,33,2,0,0.085,-0.3,38,5,15,5,4.0,4,4,44,0.395,0.455,0.553,1.007,179,112,-0.083,0.35,0.259,,0.3,27,8,9.0,3,75,14,23,17,18,11,0,13,4,1,-0.417,-8.3
KCA/KCA201606260,"Sunday, June 26, 2016",1:17 p.m. Local,Kauffman Stadium,36450,2:33,Day,Home,Kansas City Royals,KCR,Houston Astros,HOU,30,1,4,1,1.0,1,13,31,0.133,0.161,0.233,0.395,127,81,-0.314,0.7,0.273,,-3.7,24,10,8.0,3,46,16,19,7,10,2,0,48,1,0,-0.188,-1.9,36,6,13,6,6.75,0,7,36,0.361,0.361,0.667,1.028,123,85,0.188,0.86,0.64,,1.9,27,6,9.0,1,49,12,24,12,17,10,0,77,0,0,0.313,3.7
KCA/KCA201606270,"Monday, June 27, 2016",7:15 p.m. Local,Kauffman Stadium,31355,2:32,Night,Home,Kansas City Royals,KCR,St. Louis Cardinals,STL,31,2,6,2,2.0,0,8,31,0.194,0.194,0.387,0.581,139,77,-0.114,0.63,0.296,,-2.7,24,8,8.0,0,44,15,18,6,17,6,0,29,0,0,-0.386,-1.9,36,6,12,6,6.75,1,9,37,0.333,0.351,0.389,0.74,111,95,0.386,0.59,0.682,,1.9,27,8,9.0,1,55,15,25,13,14,7,0,70,0,0,0.114,2.7
KCA/KCA201606280,"Tuesday, June 28, 2016",7:14 p.m. Local,Kauffman Stadium,32909,2:50,Night,Away,St. Louis Cardinals,STL,Kansas City Royals,KCR,35,8,9,8,7.0,5,6,42,0.257,0.357,0.429,0.786,144,92,0.349,1.12,0.644,,3.3,27,8,9.0,0,55,17,20,18,12,4,0,43,0,0,0.153,0.7,38,4,11,4,3.0,2,6,40,0.289,0.325,0.342,0.667,150,99,-0.152,0.66,0.653,,-0.7,27,13,9.0,1,63,11,25,14,18,9,0,27,2,2,-0.348,-3.3
SLN/SLN201606290,"Wednesday, June 29, 2016",7:15 p.m. Local,Busch Stadium III,44840,4:28,Night,Away,Kansas City Royals,KCR,St. Louis Cardinals,STL,51,3,14,3,1.5,6,9,58,0.275,0.345,0.333,0.678,195,137,0.206,2.05,1.599,,-2.8,36,11,12.0,1,91,22,24,22,21,10,0,65,1,0,0.296,3.8,46,2,10,2,1.5,4,7,50,0.217,0.28,0.283,0.563,215,118,-0.298,1.79,1.524,,-3.8,36,14,12.0,0,75,18,25,20,19,4,0,58,3,0,-0.204,2.8
SLN/SLN201606300,"Thursday, June 30, 2016",6:15 p.m. Local,Busch Stadium III,44802,2:50,Night,Away,Kansas City Royals,KCR,St. Louis Cardinals,STL,34,4,7,3,3.0,1,6,35,0.206,0.229,0.382,0.611,165,93,0.095,1.42,0.554,,-0.4,27,9,9.0,2,61,9,23,14,14,7,0,55,0,0,0.405,2.4,29,2,3,2,2.0,7,12,36,0.103,0.278,0.31,0.588,138,94,-0.404,0.77,0.601,,-2.4,27,12,9.0,1,48,18,28,7,10,1,0,60,0,0,-0.094,0.4
PHI/PHI201607010,"Friday, July 1, 2016",7:09 p.m. Local,Citizens Bank Park,30263,3:06,Night,Home,Philadelphia Phillies,PHI,Kansas City Royals,KCR,34,3,8,3,3.0,1,7,36,0.235,0.278,0.412,0.69,149,93,-0.384,0.82,0.555,,-1.4,24,9,8.0,1,55,18,20,14,13,7,0,48,0,0,-0.116,-0.1,34,4,12,4,4.5,3,11,37,0.353,0.405,0.529,0.935,146,92,0.114,1.22,0.7,,0.1,27,15,9.0,1,58,16,19,12,11,7,0,63,0,0,0.385,1.4
PHI/PHI201607020,"Saturday, July 2, 2016",5:54 p.m. Local,Citizens Bank Park,40331,2:47,Night,Away,Kansas City Royals,KCR,Philadelphia Phillies,PHI,35,6,10,6,6.0,2,11,37,0.286,0.324,0.514,0.839,114,107,0.317,0.66,0.61,,1.6,27,8,9.0,0,63,18,26,10,14,7,0,70,1,0,0.184,2.4,34,2,7,2,2.0,0,9,36,0.206,0.25,0.265,0.515,160,81,-0.186,0.61,0.308,,-2.4,27,9,9.0,2,51,9,21,14,11,5,0,41,0,0,-0.316,-1.6
PHI/PHI201607030,"Sunday, July 3, 2016",1:39 p.m. Local,Citizens Bank Park,20473,2:42,Day,Home,Philadelphia Phillies,PHI,Kansas City Royals,KCR,32,2,7,2,2.0,3,11,36,0.219,0.286,0.313,0.598,122,95,-0.222,0.42,0.297,,-2.4,24,11,8.0,3,51,22,22,12,10,4,0,35,0,0,-0.277,-3.1,34,7,11,7,7.88,1,4,35,0.324,0.343,0.588,0.931,139,78,0.277,0.69,0.489,,3.1,27,10,9.0,1,54,13,11,15,15,8,0,59,0,0,0.223,2.4
TOR/TOR201607040,"Monday, July 4, 2016",7:08 p.m. Local,Rogers Centre,36438,2:10,Night,Home,Toronto Blue Jays,TOR,Kansas City Royals,KCR,31,2,4,2,2.0,1,4,32,0.129,0.156,0.323,0.479,128,73,-0.292,0.89,0.242,,-2.7,24,13,8.0,0,39,13,21,10,17,8,0,50,3,3,-0.21,-1.9,27,6,6,6,6.75,5,5,34,0.222,0.364,0.222,0.586,105,79,0.21,0.74,0.556,,1.9,27,9,9.0,2,39,15,25,14,9,6,0,74,0,0,0.291,2.7
TOR/TOR201607050,"Tuesday, July 5, 2016",7:08 p.m. Local,Rogers Centre,35917,2:32,Night,Home,Toronto Blue Jays,TOR,Kansas City Royals,KCR,32,3,7,3,3.0,3,10,35,0.219,0.286,0.406,0.692,148,89,-0.194,0.29,0.215,,-1.7,24,10,8.0,4,50,21,18,6,16,5,0,23,0,0,-0.307,-3.9,34,8,13,8,9.0,2,11,37,0.382,0.405,0.794,1.2,140,98,0.308,0.53,0.485,,3.9,27,6,9.0,1,54,18,26,7,17,6,0,64,0,0,0.193,1.7
TOR/TOR201607060,"Wednesday, July 6, 2016",7:08 p.m. Local,Rogers Centre,39971,2:16,Night,Home,Toronto Blue Jays,TOR,Kansas City Royals,KCR,30,2,4,2,2.0,1,7,31,0.133,0.161,0.3,0.461,138,70,-0.288,0.94,0.61,,-2.7,24,3,8.0,1,39,16,15,17,6,4,0,65,0,0,-0.213,0.1,32,4,8,4,4.5,1,16,33,0.25,0.273,0.438,0.71,99,89,0.214,1.17,0.759,,-0.1,27,15,9.0,1,47,17,25,6,10,5,0,73,0,0,0.287,2.7
KCA/KCA201607070,"Thursday, July 7, 2016",7:15 p.m. Local,Kauffman Stadium,31425,2:37,Night,Home,Kansas City Royals,KCR,Seattle Mariners,SEA,33,3,9,3,3.0,2,10,37,0.273,0.306,0.485,0.79,91,102,-0.085,1.9,0.445,,-1.7,25,14,8.1,0,68,13,22,13,12,4,0,61,0,0,-0.415,-0.0,30,4,9,4,4.32,1,3,32,0.3,0.344,0.367,0.71,153,62,0.415,0.78,1.467,,0.0,27,12,9.0,1,38,6,18,13,14,5,0,57,1,0,0.085,1.7
KCA/KCA201607080,"Friday, July 8, 2016",7:15 p.m. Local,Kauffman Stadium,33391,2:41,Night,Away,Seattle Mariners,SEA,Kansas City Royals,KCR,32,3,7,1,3.0,1,8,34,0.219,0.235,0.281,0.517,125,71,0.008,1.31,0.518,,-1.7,27,12,9.0,1,39,15,17,14,11,6,0,63,2,0,0.493,2.7,31,2,6,2,2.0,3,9,34,0.194,0.265,0.323,0.587,123,83,-0.494,0.84,0.416,,-2.7,27,10,9.0,0,50,14,19,12,10,5,0,57,0,0,-0.008,1.7
KCA/KCA201607090,"Saturday, July 9, 2016",3:15 p.m. Local,Kauffman Stadium,30659,2:53,Day,Home,Kansas City Royals,KCR,Seattle Mariners,SEA,33,3,8,3,3.0,3,4,36,0.242,0.306,0.394,0.699,125,103,-0.288,0.98,0.729,,-1.7,24,15,8.0,1,63,13,27,16,13,3,0,34,2,0,-0.214,-0.9,35,5,12,5,5.62,2,6,37,0.343,0.378,0.514,0.893,147,85,0.212,1.29,0.79,,0.9,27,14,9.0,1,53,14,18,19,10,5,0,50,0,0,0.287,1.7
KCA/KCA201607100,"Sunday, July 10, 2016",1:17 p.m. Local,Kauffman Stadium,27544,3:03,Day,Away,Seattle Mariners,SEA,Kansas City Royals,KCR,40,8,14,8,7.0,3,11,44,0.35,0.409,0.5,0.909,134,115,0.164,0.8,0.542,,3.3,27,13,9.0,2,67,20,28,13,16,10,0,62,3,2,0.334,-0.3,34,5,10,5,5.0,3,7,38,0.294,0.342,0.559,0.901,181,87,-0.336,0.58,0.327,,0.3,27,8,9.0,2,57,14,16,14,14,5,0,43,2,1,-0.166,-3.3
DET/DET201607150,"Friday, July 15, 2016",7:11 p.m. Local,Comerica Park,37447,2:57,Night,Home,Detroit Tigers,DET,Kansas City Royals,KCR,32,2,5,1,1.0,2,12,35,0.156,0.229,0.219,0.447,153,89,-0.229,1.23,0.566,,-2.6,24,8,8.0,2,48,25,16,8,12,3,0,57,3,2,-0.27,0.1,32,4,8,4,4.5,3,5,35,0.25,0.314,0.469,0.783,135,96,0.27,1.17,0.971,,-0.1,27,7,9.0,0,55,13,29,13,14,5,0,71,0,0,0.23,2.6
DET/DET201607160,"Saturday, July 16, 2016",7:10 p.m. Local,Comerica Park,39594,3:16,Night,Away,Kansas City Royals,KCR,Detroit Tigers,DET,36,8,11,7,8.0,7,4,44,0.306,0.432,0.361,0.793,135,103,0.433,0.62,0.735,,3.4,27,10,9.0,1,58,19,26,16,16,9,0,51,2,0,0.068,0.6,32,4,7,4,4.0,1,8,34,0.219,0.265,0.344,0.608,174,91,-0.068,0.7,0.394,,-0.6,27,12,9.0,0,49,12,30,11,13,5,0,23,5,2,-0.432,-3.4
DET/DET201607170,"Sunday, July 17, 2016",1:10 p.m. Local,Comerica Park,37363,2:22,Day,Home,Detroit Tigers,DET,Kansas City Royals,KCR,32,2,6,2,2.0,1,6,34,0.188,0.212,0.219,0.431,125,77,-0.423,1.64,0.35,,-2.6,24,10,8.0,1,43,13,21,17,10,3,0,58,0,0,-0.076,0.1,34,4,11,2,4.5,1,7,35,0.324,0.343,0.529,0.872,109,84,0.078,1.05,1.157,,-0.1,27,12,9.0,0,50,17,17,14,13,7,0,66,0,0,0.423,2.6
KCA/KCA201607180,"Monday, July 18, 2016",7:16 p.m. Local,Kauffman Stadium,38042,2:51,Night,Home,Kansas City Royals,KCR,Cleveland Indians,CLE,32,3,7,3,3.0,4,6,36,0.219,0.306,0.375,0.681,128,91,-0.128,1.41,0.397,,-1.7,24,13,8.0,1,54,12,25,10,16,8,0,72,2,2,-0.37,-2.9,30,7,10,7,7.88,6,8,37,0.333,0.459,0.567,1.026,141,76,0.37,0.74,1.097,,2.9,27,11,9.0,1,43,14,20,10,12,7,0,64,2,0,0.13,1.7
KCA/KCA201607190,"Tuesday, July 19, 2016",7:15 p.m. Local,Kauffman Stadium,31144,2:46,Night,Away,Cleveland Indians,CLE,Kansas City Royals,KCR,36,7,12,7,7.0,2,6,40,0.333,0.359,0.528,0.887,129,95,0.23,0.78,0.546,,2.3,27,8,9.0,0,64,11,20,17,15,5,0,54,1,0,0.271,1.7,34,3,8,2,2.0,1,11,36,0.235,0.25,0.235,0.485,138,88,-0.27,0.55,0.274,,-1.7,27,11,9.0,2,44,16,28,16,8,4,0,37,3,0,-0.231,-2.3
KCA/KCA201607200,"Wednesday, July 20, 2016",1:16 p.m. Local,Kauffman Stadium,33455,3:16,Day,Away,Cleveland Indians,CLE,Kansas City Royals,KCR,37,11,10,11,11.0,7,12,46,0.27,0.413,0.703,1.116,134,122,0.292,0.28,0.498,,6.3,27,11,9.0,0,69,17,36,9,16,3,0,74,1,0,0.208,0.7,34,4,7,4,4.0,2,7,36,0.206,0.25,0.353,0.603,206,88,-0.207,0.29,0.038,,-0.7,27,5,9.0,5,53,13,22,15,12,3,0,30,2,0,-0.293,-6.3
KCA/KCA201607220,"Friday, July 22, 2016",7:15 p.m. Local,Kauffman Stadium,33535,2:44,Night,Home,Kansas City Royals,KCR,Texas Rangers,TEX,31,1,5,1,1.0,2,5,34,0.161,0.235,0.258,0.493,121,84,-0.48,0.69,0.33,,-3.7,24,6,8.0,1,52,9,23,9,17,5,0,58,0,0,-0.019,1.1,31,3,8,3,2.25,2,12,33,0.258,0.303,0.419,0.722,133,78,0.02,1.11,0.432,,-1.1,27,8,9.0,1,39,23,16,7,12,7,0,64,2,0,0.481,3.7
KCA/KCA201607230,"Saturday, July 23, 2016",6:15 p.m. Local,Kauffman Stadium,32132,3:14,Night,Away,Texas Rangers,TEX,Kansas City Royals,KCR,33,7,8,7,7.0,6,8,40,0.242,0.359,0.485,0.844,166,92,0.231,1.09,0.719,,2.3,27,6,9.0,0,52,16,24,12,14,6,0,57,3,2,0.27,0.7,36,4,9,4,3.0,5,8,41,0.25,0.341,0.306,0.647,153,102,-0.269,0.78,0.568,,-0.7,27,11,9.0,2,62,14,26,14,14,6,0,50,0,0,-0.23,-2.3
KCA/KCA201607240,"Sunday, July 24, 2016",1:18 p.m. Local,Kauffman Stadium,32739,3:03,Day,Away,Texas Rangers,TEX,Kansas City Royals,KCR,32,2,11,2,2.0,3,7,38,0.344,0.4,0.469,0.869,145,89,-0.164,1.72,0.822,,-2.7,27,11,9.0,1,50,11,28,19,9,6,0,56,0,0,0.664,3.7,33,1,7,1,1.0,2,6,35,0.212,0.257,0.364,0.621,140,92,-0.664,1.35,0.609,,-3.7,27,16,9.0,1,62,13,17,12,15,8,0,54,0,0,0.164,2.7
KCA/KCA201607250,"Monday, July 25, 2016",7:16 p.m. Local,Kauffman Stadium,33828,3:05,Night,Away,Los Angeles Angels,LAA,Kansas City Royals,KCR,33,6,9,6,6.0,5,5,41,0.273,0.375,0.303,0.678,144,94,0.212,0.95,0.552,,1.3,27,7,9.0,1,59,9,26,16,14,5,0,51,1,0,0.288,2.7,31,2,5,2,2.0,4,10,35,0.161,0.257,0.258,0.515,162,95,-0.288,0.64,0.355,,-2.7,27,10,9.0,0,49,14,32,9,12,2,0,39,1,0,-0.213,-1.3
KCA/KCA201607260,"Tuesday, July 26, 2016",7:15 p.m. Local,Kauffman Stadium,28026,3:04,Night,Away,Los Angeles Angels,LAA,Kansas City Royals,KCR,48,13,22,13,13.0,4,4,54,0.458,0.5,0.646,1.146,115,123,0.172,0.7,0.608,,8.3,27,9,9.0,0,82,14,27,14,31,16,0,75,0,0,0.328,4.7,29,0,3,0,0.0,1,5,30,0.103,0.133,0.103,0.237,190,84,-0.328,0.57,0.135,,-4.7,27,6,9.0,1,55,6,23,10,14,9,0,26,6,3,-0.172,-8.3
KCA/KCA201607270,"Wednesday, July 27, 2016",7:14 p.m. Local,Kauffman Stadium,30279,3:15,Night,Home,Kansas City Royals,KCR,Los Angeles Angels,LAA,36,5,11,4,5.0,6,9,43,0.306,0.405,0.417,0.821,99,100,-0.036,1.22,1.029,,0.3,24,8,8.0,0,61,18,21,13,15,5,0,36,1,1,-0.464,-2.9,34,7,11,4,6.75,1,2,36,0.324,0.333,0.471,0.804,157,65,0.465,1.46,1.118,,2.9,27,7,9.0,0,44,11,10,16,17,5,0,49,1,1,0.036,-0.3
TEX/TEX201607280,"Thursday, July 28, 2016",7:40 p.m. Local,Globe Life Park in Arlington,36008,2:26,Night,Home,Texas Rangers,TEX,Kansas City Royals,KCR,32,2,6,2,2.0,2,12,34,0.188,0.235,0.313,0.548,113,90,-0.491,0.9,0.694,,-2.9,24,12,8.0,3,52,20,18,11,9,7,0,67,,,-0.008,1.4,27,3,4,3,3.38,1,6,28,0.148,0.179,0.481,0.66,138,72,0.007,1.63,0.592,,-1.4,27,11,9.0,1,39,14,19,12,9,5,0,73,0,0,0.492,2.9
TEX/TEX201607290,"Friday, July 29, 2016",7:06 p.m. Local,Globe Life Park in Arlington,40008,2:50,Night,Home,Texas Rangers,TEX,Kansas City Royals,KCR,32,3,7,2,2.0,2,4,35,0.219,0.286,0.313,0.598,131,104,-0.22,0.48,0.341,,-1.9,24,15,8.0,3,66,15,23,12,16,6,0,35,1,1,-0.279,-3.7,34,8,12,7,7.88,2,6,37,0.353,0.405,0.735,1.141,151,84,0.28,0.78,0.539,,3.7,27,12,9.0,1,49,9,26,15,13,6,0,54,2,1,0.222,1.9
TEX/TEX201607300,"Saturday, July 30, 2016",7:40 p.m. Local,Globe Life Park in Arlington,47125,2:41,Night,Home,Texas Rangers,TEX,Kansas City Royals,KCR,29,1,5,1,1.0,3,6,32,0.172,0.25,0.172,0.422,132,80,-0.607,1.37,0.342,,-3.9,26,10,8.2,1,45,16,19,18,5,1,0,67,0,0,0.108,2.8,32,2,8,2,2.08,0,7,33,0.25,0.273,0.406,0.679,133,86,-0.108,1.33,0.866,,-2.8,27,17,9.0,0,46,17,25,11,14,6,0,67,0,0,0.608,3.9
TEX/TEX201607310,"Sunday, July 31, 2016",2:06 p.m. Local,Globe Life Park in Arlington,32806,2:22,Day,Home,Texas Rangers,TEX,Kansas City Royals,KCR,29,3,4,3,3.0,3,4,33,0.138,0.219,0.345,0.564,121,62,-0.346,0.8,0.508,,-1.9,24,14,8.0,2,35,7,20,13,13,8,0,45,5,1,-0.154,-0.7,29,5,9,5,5.62,2,6,32,0.31,0.375,0.552,0.927,118,82,0.153,1.15,0.65,,0.7,27,13,9.0,2,45,16,21,14,9,4,0,51,0,0,0.346,1.9
TBA/TBA201608010,"Monday, August 1, 2016",7:10 p.m. Local,Tropicana Field,13976,2:37,Night,Away,Kansas City Royals,KCR,Tampa Bay Rays,TBR,31,3,9,3,3.0,1,7,36,0.29,0.303,0.419,0.722,121,93,-0.044,0.98,0.622,,-1.3,27,2,9.0,0,63,14,16,16,12,6,0,95,0,0,0.544,4.3,28,0,1,0,0.0,1,17,29,0.036,0.069,0.071,0.14,138,82,-0.544,1.01,0.125,,-4.3,27,15,9.0,1,31,37,14,2,9,3,0,59,1,1,0.043,1.3
TBA/TBA201608020,"Tuesday, August 2, 2016",7:10 p.m. Local,Tropicana Field,12625,3:04,Night,Away,Kansas City Royals,KCR,Tampa Bay Rays,TBR,35,3,9,3,3.0,0,9,35,0.257,0.257,0.371,0.629,169,94,0.05,2.11,0.65,,-1.3,27,10,9.0,0,54,21,19,13,13,6,0,45,2,0,0.451,2.3,35,2,9,1,2.0,5,9,40,0.257,0.35,0.286,0.636,130,99,-0.451,0.87,1.107,,-2.3,27,8,9.0,1,51,26,22,15,11,3,0,55,0,0,-0.048,1.3
TBA/TBA201608030,"Wednesday, August 3, 2016",7:10 p.m. Local,Tropicana Field,11149,2:59,Night,Home,Tampa Bay Rays,TBR,Kansas City Royals,KCR,29,0,2,0,0.0,3,10,32,0.069,0.156,0.069,0.225,175,98,-0.172,0.24,0.027,,-4.3,24,11,8.0,3,59,21,18,8,11,2,0,15,2,2,-0.329,-8.1,38,12,14,12,10.12,7,5,47,0.368,0.468,0.684,1.152,154,104,0.33,0.26,0.447,,8.1,27,6,9.0,0,64,14,26,19,15,7,0,72,0,0,0.171,4.3
TBA/TBA201608040,"Thursday, August 4, 2016",12:11 p.m. Local,Tropicana Field,13120,2:42,Day,Home,Tampa Bay Rays,TBR,Kansas City Royals,KCR,36,2,9,2,2.0,2,14,38,0.25,0.289,0.361,0.651,145,90,-0.242,1.56,0.609,,-2.3,24,4,8.0,1,44,23,23,5,17,8,0,75,1,0,-0.259,0.9,28,3,4,3,3.38,6,12,34,0.143,0.294,0.321,0.616,130,89,0.258,1.29,1.187,,-0.9,27,3,9.0,1,45,21,23,8,8,3,0,68,0,0,0.242,2.3
KCA/KCA201608050,"Friday, August 5, 2016",7:15 p.m. Local,Kauffman Stadium,31831,2:40,Night,Away,Toronto Blue Jays,TOR,Kansas City Royals,KCR,34,4,8,4,4.0,5,7,41,0.235,0.366,0.441,0.807,132,99,0.111,1.49,1.053,,-0.7,27,14,9.0,1,57,16,26,10,17,6,0,51,0,0,0.389,1.7,35,3,8,2,2.0,2,7,37,0.229,0.27,0.371,0.642,148,91,-0.392,1.36,0.822,,-1.7,27,6,9.0,2,45,16,30,14,14,6,0,50,0,0,-0.111,0.7
KCA/KCA201608060,"Saturday, August 6, 2016",6:14 p.m. Local,Kauffman Stadium,35986,2:36,Night,Home,Kansas City Royals,KCR,Toronto Blue Jays,TOR,33,2,5,2,2.0,2,10,35,0.152,0.2,0.273,0.473,122,89,-0.327,1.32,0.472,,-2.7,24,10,8.0,0,53,18,18,5,18,7,0,40,0,0,-0.171,0.1,35,4,11,4,4.5,1,5,36,0.314,0.333,0.429,0.762,134,78,0.172,1.08,1.003,,-0.1,27,3,9.0,1,53,11,14,17,13,8,0,60,1,0,0.329,2.7
KCA/KCA201608070,"Sunday, August 7, 2016",1:16 p.m. Local,Kauffman Stadium,25830,2:39,Day,Home,Kansas City Royals,KCR,Toronto Blue Jays,TOR,32,1,6,0,1.0,4,6,36,0.188,0.278,0.188,0.465,145,74,-0.323,0.73,0.272,,-3.7,24,9,8.0,2,40,7,27,10,16,9,0,43,3,3,-0.176,-2.9,34,7,11,7,7.88,2,9,36,0.324,0.361,0.529,0.891,130,99,0.177,0.85,0.614,,2.9,27,9,9.0,0,63,15,21,13,12,7,0,60,2,1,0.324,3.7
KCA/KCA201608090,"Tuesday, August 9, 2016",7:16 p.m. Local,Kauffman Stadium,27134,3:05,Night,Away,Chicago White Sox,CHW,Kansas City Royals,KCR,42,7,14,7,6.3,1,9,44,0.333,0.349,0.452,0.801,153,111,0.481,1.65,1.2,,1.8,30,7,10.0,0,67,16,28,17,17,10,0,57,0,0,0.02,0.2,39,5,10,5,3.6,1,10,40,0.256,0.275,0.333,0.608,154,109,-0.02,1.19,1.211,,-0.2,30,13,10.0,1,77,15,17,9,20,7,0,37,0,0,-0.481,-1.8
KCA/KCA201608100,"Wednesday, August 10, 2016",7:17 p.m. Local,Kauffman Stadium,25188,4:34,Night,Home,Kansas City Royals,KCR,Chicago White Sox,CHW,51,2,13,2,1.29,4,8,56,0.255,0.309,0.314,0.623,204,146,-0.722,2.26,1.01,,-5.2,41,15,13.2,0,97,15,34,17,27,8,0,70,1,1,0.222,4.0,50,3,12,3,1.98,4,12,57,0.24,0.296,0.36,0.656,220,140,-0.222,1.65,2.169,,-4.0,42,12,14.0,1,86,18,36,22,19,9,0,57,4,0,0.722,5.3
KCA/KCA201608110,"Thursday, August 11, 2016",7:15 p.m. Local,Kauffman Stadium,34310,2:25,Night,Home,Kansas City Royals,KCR,Chicago White Sox,CHW,33,1,7,1,1.0,0,6,33,0.212,0.212,0.212,0.424,121,71,-0.588,1.14,0.237,,-3.7,24,11,8.0,0,44,9,18,13,14,5,0,53,0,0,0.089,2.1,27,2,4,2,2.25,1,11,30,0.148,0.207,0.222,0.429,98,77,-0.088,1.13,0.503,,-2.1,27,10,9.0,0,43,15,19,11,6,3,0,75,,,0.589,3.7
MIN/MIN201608120,"Friday, August 12, 2016",8:00 p.m. Local,Target Field,24617,2:48,Night,Away,Kansas City Royals,KCR,Minnesota Twins,MIN,37,7,11,6,6.0,2,11,40,0.297,0.333,0.432,0.766,137,96,0.425,0.8,1.051,,2.4,27,9,9.0,2,50,23,23,10,17,6,0,65,1,0,0.075,1.6,32,3,5,3,3.0,1,12,33,0.156,0.182,0.375,0.557,150,86,-0.074,1.08,0.421,,-1.6,27,8,9.0,1,45,18,23,9,11,7,0,27,1,1,-0.426,-2.4
MIN/MIN201608130,"Saturday, August 13, 2016",6:10 p.m. Local,Target Field,30147,2:35,Night,Home,Minnesota Twins,MIN,Kansas City Royals,KCR,35,3,8,2,2.0,1,7,36,0.229,0.25,0.371,0.621,129,95,-0.328,0.85,0.495,,-1.6,24,9,8.0,3,57,13,25,13,15,8,0,31,0,0,-0.172,-0.9,36,5,12,5,5.62,2,7,38,0.333,0.368,0.611,0.98,131,86,0.172,1.03,0.686,,0.9,27,11,9.0,1,49,14,23,14,15,7,0,62,0,0,0.328,1.6
MIN/MIN201608140,"Sunday, August 14, 2016",1:12 p.m. Local,Target Field,31730,3:07,Day,Away,Kansas City Royals,KCR,Minnesota Twins,MIN,42,11,16,9,7.0,2,6,47,0.381,0.413,0.571,0.984,142,111,0.5,0.55,0.866,,6.4,27,10,9.0,1,73,18,20,19,19,8,0,52,0,0,0.0,0.6,32,4,6,4,2.0,2,6,34,0.188,0.235,0.281,0.517,169,94,-0.001,0.59,0.345,,-0.6,27,11,9.0,1,59,13,22,14,12,5,0,18,5,3,-0.499,-6.4
DET/DET201608150,"Monday, August 15, 2016",7:10 p.m. Local,Comerica Park,29803,2:58,Night,Away,Kansas City Royals,KCR,Detroit Tigers,DET,32,3,9,3,2.0,6,2,40,0.281,0.385,0.344,0.728,127,83,-0.083,1.34,0.582,,-1.6,27,7,9.0,1,50,10,25,15,17,9,0,64,1,0,0.581,3.6,33,1,6,1,1.0,1,8,34,0.182,0.206,0.273,0.479,137,89,-0.58,1.01,0.426,,-3.6,27,12,9.0,0,51,16,22,11,14,2,0,47,2,1,0.081,1.6
DET/DET201608160,"Tuesday, August 16, 2016",7:11 p.m. Local,Comerica Park,28663,2:43,Night,Away,Kansas City Royals,KCR,Detroit Tigers,DET,34,6,6,6,4.0,1,7,35,0.176,0.2,0.559,0.759,114,92,0.121,1.04,0.516,,1.4,27,6,9.0,1,56,16,20,8,19,6,0,72,1,0,0.38,3.6,29,1,3,1,1.0,2,7,31,0.103,0.161,0.241,0.403,130,75,-0.381,0.58,0.355,,-3.6,27,8,9.0,4,49,10,16,5,17,6,0,58,5,2,-0.12,-1.4
DET/DET201608170,"Wednesday, August 17, 2016",7:10 p.m. Local,Comerica Park,28790,2:47,Night,Away,Kansas City Royals,KCR,Detroit Tigers,DET,33,4,7,4,4.0,3,10,36,0.212,0.278,0.515,0.793,131,97,0.132,1.08,0.964,,-0.6,27,11,9.0,1,56,18,23,9,14,6,0,64,2,0,0.369,3.6,32,1,6,1,1.0,2,10,37,0.188,0.278,0.281,0.559,149,89,-0.368,1.18,0.436,,-3.6,27,7,9.0,2,46,21,22,14,9,5,0,81,3,0,-0.132,0.6
KCA/KCA201608180,"Thursday, August 18, 2016",7:15 p.m. Local,Kauffman Stadium,30599,2:15,Night,Home,Kansas City Royals,KCR,Minnesota Twins,MIN,31,1,5,1,1.0,1,9,32,0.161,0.188,0.258,0.446,124,68,-0.22,0.72,0.212,,-3.7,24,10,8.0,1,31,11,26,13,9,4,0,38,1,0,-0.281,-3.9,30,8,7,7,9.0,3,8,34,0.233,0.324,0.4,0.724,110,80,0.281,0.65,0.575,,3.9,27,12,9.0,1,53,12,15,14,8,2,0,69,0,0,0.219,3.7
KCA/KCA201608190,"Friday, August 19, 2016",7:16 p.m. Local,Kauffman Stadium,28463,3:44,Night,Home,Kansas City Royals,KCR,Minnesota Twins,MIN,40,4,7,4,3.27,5,12,45,0.175,0.267,0.325,0.592,192,116,-0.556,1.74,0.797,,-1.7,30,13,10.0,0,64,16,36,12,16,6,0,34,1,0,0.057,-0.8,40,5,12,5,4.5,7,7,49,0.3,0.417,0.325,0.742,182,110,-0.056,1.64,1.287,,0.8,33,10,11.0,1,64,23,23,20,14,2,0,39,3,0,0.556,1.7
KCA/KCA201608200,"Saturday, August 20, 2016",6:16 p.m. Local,Kauffman Stadium,29268,2:31,Night,Home,Kansas City Royals,KCR,Minnesota Twins,MIN,30,0,4,0,0.0,0,6,31,0.133,0.161,0.133,0.295,135,83,-0.244,0.41,0.123,,-4.7,24,6,8.0,3,48,10,25,7,17,5,0,12,0,0,-0.256,-5.9,39,10,17,10,11.25,2,2,42,0.436,0.452,0.821,1.273,124,83,0.256,0.5,0.521,,5.9,27,5,9.0,0,53,7,23,10,28,9,0,80,0,0,0.244,4.7
KCA/KCA201608210,"Sunday, August 21, 2016",1:15 p.m. Local,Kauffman Stadium,32996,2:25,Day,Home,Kansas City Royals,KCR,Minnesota Twins,MIN,34,1,8,1,1.0,2,5,36,0.235,0.278,0.324,0.601,129,87,-0.635,0.97,0.581,,-3.7,24,7,8.0,0,50,14,23,11,18,9,0,72,0,0,0.134,2.1,28,2,4,2,1.12,1,11,29,0.143,0.172,0.25,0.422,125,85,-0.135,1.53,0.46,,-2.1,27,8,9.0,0,46,23,16,9,8,6,0,56,1,0,0.635,3.7
MIA/MIA201608230,"Tuesday, August 23, 2016",7:11 p.m. Local,Marlins Park,18513,2:50,Night,Away,Kansas City Royals,KCR,Miami Marlins,MIA,32,1,6,1,1.0,3,8,35,0.188,0.257,0.188,0.445,147,82,-0.281,1.71,0.414,,-3.1,27,13,9.0,0,44,17,21,11,13,6,0,65,0,0,0.782,4.1,33,0,7,0,0.0,2,10,35,0.212,0.257,0.242,0.5,136,93,-0.782,1.03,0.428,,-4.1,27,8,9.0,0,51,14,30,17,6,3,0,62,2,0,0.281,3.1
MIA/MIA201608240,"Wednesday, August 24, 2016",7:10 p.m. Local,Marlins Park,17894,2:35,Night,Home,Miami Marlins,MIA,Kansas City Royals,KCR,34,0,8,0,0.0,3,10,38,0.235,0.297,0.265,0.562,114,98,-0.452,0.81,0.526,,-4.1,24,10,8.0,0,51,21,26,13,12,7,0,49,2,1,-0.046,0.7,30,3,7,3,3.38,1,5,32,0.233,0.25,0.233,0.483,150,73,0.045,1.31,0.406,,-0.7,27,6,9.0,0,45,5,23,14,12,5,0,72,0,0,0.454,4.1
MIA/MIA201608250,"Thursday, August 25, 2016",7:12 p.m. Local,Marlins Park,19045,3:13,Night,Away,Kansas City Royals,KCR,Miami Marlins,MIA,34,5,8,4,4.0,3,9,38,0.235,0.289,0.441,0.731,162,94,0.227,1.52,0.835,,0.9,27,10,9.0,0,56,7,31,15,11,7,0,58,3,0,0.274,2.1,36,2,8,0,0.0,2,7,40,0.222,0.282,0.222,0.504,149,105,-0.273,0.9,0.8,,-2.1,27,13,9.0,1,65,17,23,19,11,6,0,48,0,0,-0.226,-0.9
BOS/BOS201608260,"Friday, August 26, 2016",7:11 p.m. Local,Fenway Park,38134,3:14,Night,Away,Kansas City Royals,KCR,Boston Red Sox,BOS,34,6,9,6,6.0,4,4,38,0.265,0.342,0.559,0.901,178,89,0.246,1.02,0.482,,1.2,27,9,9.0,0,51,15,23,15,15,3,0,48,3,2,0.255,1.8,40,3,15,3,3.0,2,11,42,0.375,0.405,0.425,0.83,145,115,-0.255,0.43,0.654,,-1.8,27,10,9.0,3,70,14,31,13,16,9,0,36,0,0,-0.247,-1.2
BOS/BOS201608270,"Saturday, August 27, 2016",7:10 p.m. Local,Fenway Park,37933,3:03,Night,Home,Boston Red Sox,BOS,Kansas City Royals,KCR,33,3,6,3,3.0,3,9,37,0.182,0.27,0.455,0.725,141,110,-0.114,0.52,0.305,,-1.8,24,13,8.0,3,64,25,21,11,13,5,0,21,0,0,-0.386,-3.7,34,8,12,8,9.0,3,3,37,0.353,0.405,0.706,1.111,159,91,0.385,0.54,0.676,,3.7,27,9,9.0,2,60,8,23,13,18,5,0,59,0,0,0.115,1.8
BOS/BOS201608280,"Sunday, August 28, 2016",8:09 p.m. Local,Fenway Park,37337,3:25,Night,Away,Kansas City Royals,KCR,Boston Red Sox,BOS,36,10,10,10,10.0,4,2,43,0.278,0.357,0.444,0.802,168,96,0.694,0.8,1.09,,5.2,27,13,9.0,1,67,9,20,20,16,6,0,34,1,0,-0.194,0.8,33,4,9,4,3.0,4,5,37,0.273,0.351,0.364,0.715,162,97,0.195,0.94,0.667,,-0.8,27,14,9.0,1,54,11,32,16,12,7,0,37,5,5,-0.696,-5.2
KCA/KCA201608290,"Monday, August 29, 2016",7:17 p.m. Local,Kauffman Stadium,22859,3:17,Night,Home,Kansas City Royals,KCR,New York Yankees,NYY,35,5,9,5,4.0,3,7,41,0.257,0.325,0.343,0.668,155,89,-0.321,0.53,0.354,,0.3,24,9,8.0,1,53,7,28,8,21,9,0,46,6,3,-0.179,-3.9,34,8,11,8,9.0,2,12,36,0.324,0.361,0.412,0.773,148,101,0.18,0.8,0.45,,3.9,27,5,9.0,0,58,20,26,11,11,6,0,63,4,2,0.321,-0.3
KCA/KCA201608300,"Tuesday, August 30, 2016",7:16 p.m. Local,Kauffman Stadium,22895,4:07,Night,Away,New York Yankees,NYY,Kansas City Royals,KCR,43,5,14,5,4.5,4,9,48,0.326,0.375,0.442,0.817,168,113,0.173,2.38,1.254,,-0.2,30,11,10.0,1,67,20,26,14,21,10,0,55,7,1,0.328,1.2,35,4,7,4,2.7,3,9,41,0.2,0.293,0.371,0.664,180,112,-0.328,1.47,1.437,,-1.2,30,8,10.0,1,63,19,30,12,15,5,0,29,3,0,-0.172,0.2
KCA/KCA201608310,"Wednesday, August 31, 2016",7:16 p.m. Local,Kauffman Stadium,22615,4:19,Night,Away,New York Yankees,NYY,Kansas City Royals,KCR,48,5,11,5,3.46,4,5,55,0.229,0.273,0.333,0.606,182,132,-0.314,1.47,1.269,,-1.7,39,17,13.0,2,77,17,38,21,25,12,0,47,0,0,0.814,2.7,43,4,6,4,2.08,4,6,49,0.14,0.229,0.302,0.531,216,108,-0.812,1.69,0.711,,-2.7,39,15,13.0,1,60,18,30,19,19,8,0,44,4,2,0.313,1.7
KCA/KCA201609020,"Friday, September 2, 2016",7:15 p.m. Local,Kauffman Stadium,25008,3:28,Night,Away,Detroit Tigers,DET,Kansas City Royals,KCR,39,7,13,7,7.0,1,9,41,0.333,0.366,0.513,0.879,159,103,0.73,1.89,1.322,,2.3,27,7,9.0,0,68,12,23,16,14,5,0,54,4,2,-0.23,-1.3,39,6,11,6,3.0,1,8,41,0.282,0.317,0.282,0.599,146,101,0.233,1.19,1.583,,1.3,27,10,9.0,2,66,18,20,11,20,9,0,42,3,0,-0.731,-2.3
KCA/KCA201609030,"Saturday, September 3, 2016",6:15 p.m. Local,Kauffman Stadium,39757,3:14,Night,Home,Kansas City Royals,KCR,Detroit Tigers,DET,34,2,9,2,2.0,7,7,41,0.265,0.39,0.412,0.802,139,94,-0.388,0.63,0.606,,-2.7,24,11,8.0,1,51,20,23,15,12,5,0,49,4,2,-0.115,-0.9,33,5,9,5,5.62,4,7,37,0.273,0.351,0.394,0.745,164,87,0.115,1.31,0.515,,0.9,27,12,9.0,1,51,21,15,16,10,3,0,52,1,0,0.386,2.7
KCA/KCA201609040,"Sunday, September 4, 2016",1:17 p.m. Local,Kauffman Stadium,34616,3:19,Day,Away,Detroit Tigers,DET,Kansas City Royals,KCR,38,6,13,6,6.0,1,7,39,0.342,0.359,0.579,0.938,159,95,0.492,2.02,1.299,,1.3,27,9,9.0,1,60,12,23,12,19,9,0,58,4,2,0.008,-0.3,32,5,7,5,5.0,4,8,37,0.219,0.297,0.438,0.735,145,97,-0.007,1.08,1.299,,0.3,27,9,9.0,2,56,23,18,12,13,3,0,48,1,1,-0.492,-1.3
MIN/MIN201609050,"Monday, September 5, 2016",1:10 p.m. Local,Target Field,20992,3:24,Day,Away,Kansas City Royals,KCR,Minnesota Twins,MIN,39,11,16,11,11.0,5,9,46,0.41,0.457,0.667,1.123,147,110,0.533,1.15,1.113,,6.4,27,8,9.0,3,66,21,23,14,18,9,0,38,6,0,-0.033,-0.4,37,5,12,5,5.0,3,10,42,0.324,0.39,0.649,1.039,180,95,0.032,0.88,0.879,,0.4,27,10,9.0,2,58,11,26,12,16,5,0,34,3,3,-0.532,-6.4
MIN/MIN201609060,"Tuesday, September 6, 2016",7:10 p.m. Local,Target Field,22194,3:07,Night,Away,Kansas City Royals,KCR,Minnesota Twins,MIN,36,10,10,10,10.0,5,8,42,0.278,0.381,0.444,0.825,129,102,0.326,0.85,1.48,,5.4,27,8,9.0,3,62,15,25,11,17,10,0,46,0,0,0.175,1.6,34,3,8,3,3.0,1,6,35,0.235,0.257,0.5,0.757,167,79,-0.173,1.66,0.456,,-1.6,27,8,9.0,2,48,7,24,10,18,5,0,57,11,4,-0.325,-5.4
MIN/MIN201609070,"Wednesday, September 7, 2016",7:10 p.m. Local,Target Field,17972,3:08,Night,Home,Minnesota Twins,MIN,Kansas City Royals,KCR,35,5,11,5,5.0,3,7,38,0.314,0.368,0.543,0.911,141,99,-0.056,1.38,0.905,,0.4,24,9,8.0,2,65,9,25,17,11,6,0,56,2,1,-0.444,-1.9,37,6,12,5,5.62,1,11,38,0.324,0.342,0.595,0.937,158,90,0.444,1.32,1.31,,1.9,27,15,9.0,2,46,25,19,13,13,5,0,42,1,0,0.056,-0.4
CHA/CHA201609090,"Friday, September 9, 2016",7:10 p.m. Local,U.S. Cellular Field,20653,3:11,Night,Home,Chicago White Sox,CHW,Kansas City Royals,KCR,35,2,7,2,1.0,3,12,39,0.2,0.263,0.2,0.463,138,106,-0.205,0.82,0.565,,-2.4,24,13,8.0,0,54,18,33,10,13,8,0,40,3,2,-0.293,-3.1,35,7,13,7,6.75,2,3,38,0.371,0.395,0.486,0.88,164,92,0.295,1.03,0.721,,3.1,27,6,9.0,0,61,17,14,15,18,10,0,61,1,0,0.206,2.4
CHA/CHA201609100,"Saturday, September 10, 2016",6:11 p.m. Local,U.S. Cellular Field,20148,3:33,Night,Away,Kansas City Royals,KCR,Chicago White Sox,CHW,33,6,7,6,6.0,5,7,38,0.212,0.316,0.424,0.74,158,90,0.463,2.0,1.017,,1.6,27,9,9.0,0,55,16,19,10,16,6,0,32,2,0,0.035,-0.6,37,5,13,5,5.0,3,9,41,0.351,0.4,0.514,0.914,152,96,-0.037,1.05,1.417,,0.6,27,9,9.0,2,57,23,16,12,17,16,0,53,1,1,-0.464,-1.6
CHA/CHA201609110,"Sunday, September 11, 2016",1:11 p.m. Local,U.S. Cellular Field,20107,2:59,Day,Away,Kansas City Royals,KCR,Chicago White Sox,CHW,36,2,10,2,2.0,1,12,38,0.278,0.316,0.472,0.788,155,94,-0.127,1.51,0.495,,-2.4,27,9,9.0,0,48,28,18,12,12,4,0,72,0,0,0.626,4.4,27,0,2,0,0.0,5,8,32,0.074,0.219,0.074,0.293,132,98,-0.627,0.82,0.37,,-4.4,27,8,9.0,2,55,18,25,8,11,4,0,69,0,0,0.127,2.4
KCA/KCA201609120,"Monday, September 12, 2016",6:15 p.m. Local,Kauffman Stadium,31061,3:23,Night,Away,Oakland Athletics,OAK,Kansas City Royals,KCR,40,16,17,16,15.0,10,6,52,0.425,0.519,0.675,1.194,136,117,0.565,0.69,0.892,,11.3,27,14,9.0,0,78,13,26,15,21,10,0,36,0,0,-0.064,1.7,33,3,7,3,3.0,2,6,35,0.212,0.257,0.303,0.56,210,82,0.065,0.59,0.515,,-1.7,27,14,9.0,2,51,9,22,13,14,8,0,27,4,2,-0.563,-11.3
KCA/KCA201609130,"Tuesday, September 13, 2016",6:15 p.m. Local,Kauffman Stadium,29523,2:56,Night,Away,Oakland Athletics,OAK,Kansas City Royals,KCR,32,5,6,5,5.0,2,6,34,0.188,0.235,0.406,0.642,150,79,0.348,1.25,1.083,,0.3,27,12,9.0,0,49,9,21,10,16,6,0,48,1,0,0.153,0.7,37,4,10,3,2.0,2,3,39,0.27,0.308,0.297,0.605,128,99,-0.152,1.14,0.732,,-0.7,27,10,9.0,2,71,10,18,19,15,7,0,64,3,2,-0.347,-0.3
KCA/KCA201609140,"Wednesday, September 14, 2016",6:15 p.m. Local,Kauffman Stadium,30006,2:56,Night,Away,Oakland Athletics,OAK,Kansas City Royals,KCR,40,8,13,8,8.0,7,9,48,0.325,0.438,0.425,0.863,119,116,0.26,0.45,0.608,,3.3,27,8,9.0,0,68,16,32,16,15,10,0,65,0,0,0.24,4.7,30,0,4,0,0.0,3,11,33,0.133,0.212,0.133,0.345,200,85,-0.24,0.47,0.107,,-4.7,27,9,9.0,0,40,22,23,9,10,5,0,30,2,1,-0.26,-3.3
KCA/KCA201609150,"Thursday, September 15, 2016",6:15 p.m. Local,Kauffman Stadium,32176,3:19,Night,Away,Oakland Athletics,OAK,Kansas City Royals,KCR,44,14,16,14,13.0,5,7,49,0.364,0.429,0.659,1.088,127,122,0.362,0.19,0.548,,9.3,27,10,9.0,1,74,12,36,15,22,10,0,77,0,0,0.137,-0.3,35,5,9,5,5.0,1,7,37,0.257,0.27,0.457,0.727,202,90,-0.138,0.3,0.039,,0.3,27,10,9.0,3,55,8,27,11,18,7,0,11,3,0,-0.363,-9.3
KCA/KCA201609160,"Friday, September 16, 2016",7:15 p.m. Local,Kauffman Stadium,29318,3:00,Night,Away,Chicago White Sox,CHW,Kansas City Royals,KCR,36,7,11,7,7.0,4,9,41,0.306,0.366,0.528,0.894,119,109,0.567,1.07,1.202,,2.3,27,9,9.0,0,67,18,24,10,18,9,0,70,,,-0.066,0.7,34,4,7,2,2.0,1,10,35,0.206,0.229,0.294,0.523,173,82,0.067,1.13,0.754,,-0.7,27,8,9.0,2,50,12,20,14,10,4,0,57,2,0,-0.566,-2.3
KCA/KCA201609170,"Saturday, September 17, 2016",6:15 p.m. Local,Kauffman Stadium,34805,2:36,Night,Home,Kansas City Royals,KCR,Chicago White Sox,CHW,36,2,8,2,2.0,1,7,37,0.222,0.243,0.25,0.493,105,93,-0.493,0.98,0.579,,-2.7,24,8,8.0,0,52,12,29,12,17,7,0,55,0,0,-0.008,1.1,29,3,7,3,3.38,0,2,31,0.241,0.258,0.31,0.568,141,69,0.008,1.48,0.528,,-1.1,27,7,9.0,0,47,7,15,11,17,4,0,51,2,1,0.493,2.7
KCA/KCA201609180,"Sunday, September 18, 2016",1:17 p.m. Local,Kauffman Stadium,34982,3:04,Day,Home,Kansas City Royals,KCR,Chicago White Sox,CHW,36,3,11,3,3.0,2,9,38,0.306,0.342,0.389,0.731,129,94,-0.132,0.5,0.27,,-1.7,24,12,8.0,2,52,20,22,13,14,6,0,16,0,0,-0.37,-5.9,35,10,12,10,11.25,3,2,40,0.343,0.425,0.629,1.054,137,83,0.371,0.52,0.649,,5.9,27,11,9.0,1,58,8,17,16,17,9,0,55,2,1,0.131,1.7
KCA/KCA201609190,"Monday, September 19, 2016",1:17 p.m. Local,Kauffman Stadium,31502,2:35,Day,Home,Kansas City Royals,KCR,Chicago White Sox,CHW,35,3,9,3,3.0,1,5,36,0.257,0.278,0.543,0.821,152,72,-0.11,0.68,0.442,,-1.7,24,4,8.0,3,45,9,18,13,17,4,0,25,0,0,-0.39,-3.9,36,8,12,8,9.0,1,8,39,0.333,0.385,0.639,1.024,106,92,0.393,0.77,0.75,,3.9,27,12,9.0,2,53,19,20,9,19,7,0,61,,,0.11,1.7
CLE/CLE201609200,"Tuesday, September 20, 2016",7:10 p.m. Local,Progressive Field,13623,2:45,Night,Home,Cleveland Indians,CLE,Kansas City Royals,KCR,31,1,6,1,1.0,0,6,32,0.194,0.194,0.29,0.484,137,77,-0.593,1.38,0.453,,-4.0,26,10,8.2,1,46,9,22,15,11,6,0,64,3,1,0.094,2.5,31,2,5,2,1.04,4,7,36,0.161,0.257,0.258,0.515,120,83,-0.094,1.45,0.821,,-2.5,27,15,9.0,0,45,16,22,16,9,5,0,63,2,0,0.595,4.0
CLE/CLE201609210,"Wednesday, September 21, 2016",7:11 p.m. Local,Progressive Field,13888,3:20,Night,Home,Cleveland Indians,CLE,Kansas City Royals,KCR,32,3,7,3,3.0,3,11,35,0.219,0.286,0.344,0.629,164,97,-0.443,1.27,0.623,,-2.0,24,13,8.0,0,53,22,22,8,13,8,0,39,4,0,-0.058,0.4,33,4,13,4,4.5,3,7,38,0.394,0.459,0.576,1.035,149,104,0.059,1.37,0.923,,-0.4,27,6,9.0,1,68,18,18,10,17,12,0,60,1,0,0.443,2.0
CLE/CLE201609220,"Thursday, September 22, 2016",7:11 p.m. Local,Progressive Field,15253,2:40,Night,Home,Cleveland Indians,CLE,Kansas City Royals,KCR,32,2,6,2,2.0,2,8,34,0.188,0.235,0.313,0.548,135,86,-0.319,0.86,0.512,,-3.0,24,10,8.0,2,54,13,19,14,10,5,0,53,1,0,-0.182,-0.6,26,5,5,5,5.62,4,5,33,0.192,0.344,0.5,0.844,138,83,0.182,1.11,0.723,,0.6,27,11,9.0,1,52,13,18,8,14,6,0,53,0,0,0.318,3.0
DET/DET201609230,"Friday, September 23, 2016",7:10 p.m. Local,Comerica Park,29480,3:10,Night,Home,Detroit Tigers,DET,Kansas City Royals,KCR,37,3,11,3,3.0,1,12,38,0.297,0.316,0.351,0.667,167,97,-0.21,0.47,0.145,,-1.6,24,9,8.0,3,50,24,23,13,12,6,0,23,1,0,-0.29,-3.9,33,8,9,7,6.75,7,9,41,0.273,0.39,0.636,1.027,143,103,0.291,0.41,0.563,,3.9,27,7,9.0,0,59,22,22,12,13,5,0,66,1,0,0.21,1.6
DET/DET201609240,"Saturday, September 24, 2016",1:05 p.m. Local,Comerica Park,31721,3:50,Day,Away,Kansas City Royals,KCR,Detroit Tigers,DET,37,7,10,7,7.0,3,8,41,0.27,0.317,0.459,0.777,183,101,0.616,1.04,1.431,,2.4,27,10,9.0,0,59,23,19,12,18,7,0,34,3,0,-0.116,0.6,41,4,14,4,4.0,4,10,45,0.341,0.4,0.366,0.766,157,116,0.117,1.38,0.854,,-0.6,27,7,9.0,2,65,25,26,18,13,9,0,53,1,0,-0.615,-2.4
DET/DET201609250,"Sunday, September 25, 2016",1:10 p.m. Local,Comerica Park,33375,3:51,Day,Away,Kansas City Royals,KCR,Detroit Tigers,DET,45,12,19,12,12.0,1,10,46,0.422,0.435,0.822,1.257,184,124,0.522,0.92,0.784,,7.4,27,9,9.0,2,80,19,25,11,24,9,0,27,5,1,-0.021,-4.4,42,9,17,7,9.0,5,5,48,0.405,0.458,0.667,1.125,173,109,0.022,0.44,0.751,,4.4,27,8,9.0,4,65,12,32,17,21,10,0,24,1,0,-0.521,-7.4
KCA/KCA201609270,"Tuesday, September 27, 2016",6:16 p.m. Local,Kauffman Stadium,28435,3:45,Night,Home,Kansas City Royals,KCR,Minnesota Twins,MIN,39,3,8,3,2.45,7,11,46,0.205,0.326,0.308,0.634,162,119,-0.59,1.88,1.008,,-2.7,32,14,10.2,0,65,24,30,17,11,5,0,43,2,1,0.087,1.2,33,4,7,3,3.38,4,7,40,0.212,0.308,0.242,0.55,198,89,-0.087,1.65,1.192,,-1.3,33,11,11.0,1,52,14,23,14,14,6,0,47,3,0,0.589,2.7
KCA/KCA201609280,"Wednesday, September 28, 2016",6:14 p.m. Local,Kauffman Stadium,23437,2:58,Night,Home,Kansas City Royals,KCR,Minnesota Twins,MIN,34,2,8,2,2.0,3,10,37,0.235,0.297,0.412,0.709,133,99,-0.305,1.16,0.534,,-2.7,24,9,8.0,1,56,17,26,11,13,5,0,53,2,0,-0.195,-0.9,32,5,8,5,5.62,3,4,35,0.25,0.314,0.406,0.721,164,80,0.194,1.1,0.903,,0.9,27,11,9.0,1,54,7,19,11,17,8,0,64,2,0,0.305,2.7
KCA/KCA201609290,"Thursday, September 29, 2016",6:15 p.m. Local,Kauffman Stadium,29566,3:16,Night,Away,Minnesota Twins,MIN,Kansas City Royals,KCR,38,7,13,7,7.0,3,7,42,0.342,0.39,0.526,0.917,137,103,0.584,1.39,1.414,,2.3,27,6,9.0,0,58,17,28,13,19,13,0,46,2,0,-0.084,-1.3,37,6,13,5,6.0,2,11,40,0.351,0.4,0.459,0.859,162,91,0.085,1.45,1.138,,1.3,27,9,9.0,1,48,20,23,12,14,9,0,42,3,0,-0.584,-2.3
KCA/KCA201609300,"Friday, September 30, 2016",7:15 p.m. Local,Kauffman Stadium,24741,2:36,Night,Away,Cleveland Indians,CLE,Kansas City Royals,KCR,34,7,10,7,7.0,4,11,40,0.294,0.375,0.529,0.904,110,95,0.273,0.58,0.692,,2.3,27,11,9.0,0,48,23,26,10,14,7,0,61,1,1,0.228,2.7,30,2,5,2,2.0,0,9,31,0.167,0.167,0.233,0.4,159,77,-0.227,0.61,0.168,,-2.7,27,10,9.0,1,39,14,24,13,9,2,0,49,0,0,-0.272,-2.3
KCA/KCA201610010,"Saturday, October 1, 2016",3:16 p.m. Local,Kauffman Stadium,28569,3:22,Day,Away,Cleveland Indians,CLE,Kansas City Royals,KCR,33,6,8,4,3.0,8,8,43,0.242,0.395,0.424,0.82,150,104,0.365,1.32,1.244,,1.3,27,6,9.0,0,49,14,42,11,15,7,0,55,2,0,0.136,1.7,35,3,8,3,3.0,3,15,38,0.229,0.289,0.314,0.604,177,95,-0.136,1.27,0.749,,-1.7,27,9,9.0,0,43,19,33,13,7,5,0,46,1,1,-0.364,-1.3
KCA/KCA201610020,"Sunday, October 2, 2016",2:17 p.m. Local,Kauffman Stadium,29475,2:26,Day,Away,Cleveland Indians,CLE,Kansas City Royals,KCR,30,3,4,3,3.0,2,6,35,0.133,0.229,0.3,0.529,110,88,-0.05,1.46,0.614,,-1.7,27,15,9.0,1,52,10,26,5,20,6,0,61,0,0,0.549,2.7,31,2,6,2,2.0,1,5,32,0.194,0.219,0.355,0.574,129,78,-0.55,1.12,0.566,,-2.7,27,4,9.0,1,51,5,22,14,12,7,0,60,2,0,0.049,1.7
