,date,time,venue,attendance,duration,time_of_day,winner,winning_name,winning_abbr,losing_name,losing_abbr,away_at_bats,away_runs,away_hits,away_rbi,away_earned_runs,away_bases_on_balls,away_strikeouts,away_plate_appearances,away_batting_average,away_on_base_percentage,away_slugging_percentage,away_on_base_plus,away_pitches,away_strikes,away_win_probability_for_offensive_player,away_average_leverage_index,away_win_probability_added,away_win_probability_subtracted,away_base_out_runs_added,away_putouts,away_assists,away_innings_pitched,away_home_runs,away_strikes_by_contact,away_strikes_swinging,away_strikes_looking,away_grounded_balls,away_fly_balls,away_line_drives,away_unknown_bat_type,away_game_score,away_inherited_runners,away_inherited_score,away_win_probability_by_pitcher,away_base_out_runs_saved,home_at_bats,home_runs,home_hits,home_rbi,home_earned_runs,home_bases_on_balls,home_strikeouts,home_plate_appearances,home_batting_average,home_on_base_percentage,home_slugging_percentage,home_on_base_plus,home_pitches,home_strikes,home_win_probability_for_offensive_player,home_average_leverage_index,home_win_probability_added,home_win_probability_subtracted,home_base_out_runs_added,home_putouts,home_assists,home_innings_pitched,home_home_runs,home_strikes_by_contact,home_strikes_swinging,home_strikes_looking,home_grounded_balls,home_fly_balls,home_line_drives,home_unknown_bat_type,home_game_score,home_inherited_runners,home_inherited_score,home_win_probability_by_pitcher,home_base_out_runs_saved
ANA/ANA201604040,"Monday, April 4, 2016",7:08 p.m. Local,Angel Stadium of Anaheim,44020,3:08,Night,Away,Chicago Cubs,CHC,Los Angeles Angels,LAA,37,9,11,9,9.0,7,12,44,0.297,0.409,0.459,0.869,109,116,0.198,0.57,0.582,,4.7,27,9,9.0,0,62,26,28,14,11,4,0,78,0,0,0.303,4.3,29,0,3,0,0.0,1,7,30,0.103,0.133,0.138,0.271,188,80,-0.303,0.59,0.094,,-4.3,27,8,9.0,1,47,10,23,11,11,5,0,47,0,0,-0.197,-4.7
ANA/ANA201604050,"Tuesday, April 5, 2016",7:07 p.m. Local,Angel Stadium of Anaheim,37042,2:34,Night,Away,Chicago Cubs,CHC,Los Angeles Angels,LAA,36,6,9,6,6.0,0,9,36,0.25,0.25,0.528,0.778,119,86,0.262,0.58,0.498,,1.7,27,13,9.0,0,49,17,20,10,17,7,0,69,1,0,0.24,3.3,32,1,4,1,1.0,0,6,32,0.125,0.125,0.156,0.281,124,80,-0.24,0.45,0.142,,-3.3,27,9,9.0,3,46,11,23,15,11,6,0,49,0,0,-0.261,-1.7
ANA/ANA201604070,"Thursday, April 7, 2016",7:07 p.m. Local,Angel Stadium of Anaheim,39089,3:11,Night,Home,Los Angeles Angels,LAA,Texas Rangers,TEX,29,3,4,3,2.0,2,8,34,0.138,0.206,0.241,0.447,154,88,-0.225,1.76,0.614,,-1.3,26,11,8.2,1,50,14,26,9,14,3,0,50,6,1,-0.275,-0.4,36,4,11,4,4.15,4,7,40,0.306,0.375,0.444,0.819,134,95,0.273,1.36,1.353,,0.4,27,10,9.0,1,54,17,24,14,15,8,0,59,4,1,0.226,1.3
ANA/ANA201604080,"Friday, April 8, 2016",7:07 p.m. Local,Angel Stadium of Anaheim,35207,3:30,Night,Away,Texas Rangers,TEX,Los Angeles Angels,LAA,36,7,10,6,7.0,7,7,44,0.278,0.409,0.417,0.826,135,109,0.36,0.89,0.764,,2.7,27,8,9.0,0,59,25,26,11,18,7,0,47,3,0,0.14,1.3,33,3,7,3,3.0,5,3,38,0.212,0.316,0.303,0.619,181,82,-0.139,0.6,0.496,,-1.3,27,4,9.0,1,48,10,24,13,17,6,0,20,3,2,-0.362,-2.7
ANA/ANA201604090,"Saturday, April 9, 2016",6:08 p.m. Local,Angel Stadium of Anaheim,38106,2:53,Night,Away,Texas Rangers,TEX,Los Angeles Angels,LAA,36,4,10,4,2.0,1,8,37,0.278,0.297,0.5,0.797,141,84,0.087,1.19,0.655,,-0.3,27,14,9.0,0,48,17,19,10,18,10,0,61,0,0,0.412,3.3,29,1,5,1,1.0,3,7,32,0.172,0.25,0.207,0.457,133,86,-0.411,0.87,0.339,,-3.3,27,11,9.0,1,45,22,19,15,7,4,0,51,1,1,-0.089,0.3
ANA/ANA201604100,"Sunday, April 10, 2016",12:38 p.m. Local,Angel Stadium of Anaheim,35097,2:43,Day,Home,Los Angeles Angels,LAA,Texas Rangers,TEX,33,1,7,1,1.0,1,8,35,0.212,0.257,0.333,0.59,124,79,-0.476,1.01,0.426,,-3.3,24,17,8.0,0,36,17,26,8,17,4,0,42,3,1,-0.025,0.9,26,3,7,3,3.38,5,1,34,0.269,0.394,0.269,0.663,118,75,0.025,1.26,0.52,,-0.9,27,6,9.0,1,52,5,18,19,8,6,0,59,0,0,0.475,3.3
OAK/OAK201604110,"Monday, April 11, 2016",7:07 p.m. Local,Oakland-Alameda County Coliseum,13371,3:05,Night,Away,Los Angeles Angels,LAA,Oakland Athletics,OAK,34,4,9,4,4.0,3,8,38,0.265,0.342,0.412,0.754,148,79,0.073,1.09,0.587,,-0.4,27,8,9.0,0,53,11,15,13,14,9,0,59,2,0,0.427,3.4,35,1,10,1,1.0,2,8,37,0.286,0.324,0.371,0.696,128,99,-0.427,0.69,0.452,,-3.4,27,11,9.0,1,58,20,21,10,17,5,0,52,2,0,-0.073,0.4
OAK/OAK201604120,"Tuesday, April 12, 2016",7:07 p.m. Local,Oakland-Alameda County Coliseum,13492,2:41,Night,Away,Los Angeles Angels,LAA,Oakland Athletics,OAK,35,5,10,4,5.0,3,5,38,0.286,0.342,0.457,0.799,120,96,0.413,0.84,1.268,,0.6,27,11,9.0,2,52,19,25,15,15,6,0,51,1,0,0.086,0.4,34,4,7,4,4.0,1,4,35,0.206,0.229,0.382,0.611,145,82,-0.085,1.25,0.438,,-0.4,27,12,9.0,1,47,13,22,15,15,3,0,61,0,0,-0.415,-0.6
OAK/OAK201604130,"Wednesday, April 13, 2016",12:37 p.m. Local,Oakland-Alameda County Coliseum,11216,3:03,Day,Away,Los Angeles Angels,LAA,Oakland Athletics,OAK,38,5,11,5,5.0,4,4,43,0.289,0.372,0.368,0.741,128,95,0.032,0.94,0.655,,0.6,27,7,9.0,1,68,8,19,8,26,9,0,72,0,0,0.468,3.4,31,1,3,1,1.0,3,6,34,0.097,0.176,0.194,0.37,157,81,-0.467,0.85,0.232,,-3.4,27,5,9.0,0,46,11,24,8,17,6,0,43,4,0,-0.033,-0.6
MIN/MIN201604150,"Friday, April 15, 2016",7:11 p.m. Local,Target Field,22461,3:29,Night,Home,Minnesota Twins,MIN,Los Angeles Angels,LAA,32,4,9,4,4.0,5,4,38,0.281,0.378,0.531,0.91,160,91,0.027,1.34,1.119,,-0.6,24,7,8.0,0,59,14,18,17,12,6,0,61,3,2,-0.529,-0.9,32,5,8,5,5.62,3,7,36,0.25,0.333,0.375,0.708,144,101,0.529,1.81,1.266,,0.9,27,18,9.0,2,58,15,28,11,14,10,0,41,3,0,-0.028,0.6
MIN/MIN201604160,"Saturday, April 16, 2016",1:12 p.m. Local,Target Field,27464,2:55,Day,Home,Minnesota Twins,MIN,Los Angeles Angels,LAA,34,4,9,4,4.0,3,4,37,0.265,0.324,0.294,0.618,153,80,-0.178,1.21,0.6,,-0.6,24,5,8.0,3,46,6,28,17,13,5,0,30,2,0,-0.323,-1.9,33,6,10,6,6.75,2,4,36,0.303,0.361,0.667,1.028,122,97,0.321,1.14,1.072,,1.9,27,14,9.0,0,59,12,26,7,22,10,0,44,0,0,0.178,0.6
MIN/MIN201604170,"Sunday, April 17, 2016",1:11 p.m. Local,Target Field,25932,4:02,Day,Home,Minnesota Twins,MIN,Los Angeles Angels,LAA,41,2,4,2,1.5,3,11,44,0.098,0.159,0.22,0.379,183,108,-0.743,2.02,0.339,,-4.1,35,12,11.2,0,61,17,30,15,15,7,0,56,4,1,0.242,2.9,44,3,13,2,2.31,5,6,51,0.295,0.38,0.341,0.721,164,111,-0.239,1.08,1.446,,-2.9,36,14,12.0,1,66,15,30,16,23,8,0,63,1,0,0.742,4.1
CHA/CHA201604180,"Monday, April 18, 2016",7:11 p.m. Local,U.S. Cellular Field,14706,2:58,Night,Away,Los Angeles Angels,LAA,Chicago White Sox,CHW,38,7,13,6,7.0,2,5,41,0.342,0.375,0.368,0.743,130,108,0.358,0.31,0.502,,2.6,27,7,9.0,0,73,12,23,22,12,8,0,80,0,0,0.143,4.4,30,0,3,0,0.0,3,10,33,0.1,0.182,0.167,0.348,171,83,-0.144,0.41,0.071,,-4.4,27,15,9.0,0,43,18,22,9,11,3,0,18,3,0,-0.357,-2.6
CHA/CHA201604190,"Tuesday, April 19, 2016",7:11 p.m. Local,U.S. Cellular Field,12093,2:46,Night,Home,Chicago White Sox,CHW,Los Angeles Angels,LAA,29,0,3,0,0.0,3,7,32,0.103,0.188,0.138,0.325,141,88,-0.487,0.64,0.135,,-4.4,24,10,8.0,2,60,6,22,13,9,4,0,56,1,0,-0.013,-1.1,32,5,9,5,5.62,2,5,35,0.281,0.324,0.563,0.886,128,90,0.013,0.85,0.396,,1.1,27,14,9.0,0,55,10,25,12,16,10,0,71,1,0,0.487,4.4
CHA/CHA201604200,"Wednesday, April 20, 2016",1:10 p.m. Local,U.S. Cellular Field,12785,2:59,Day,Home,Chicago White Sox,CHW,Los Angeles Angels,LAA,30,1,4,1,0.0,0,4,31,0.133,0.161,0.133,0.295,142,97,-0.581,0.78,0.285,,-3.4,24,10,8.0,1,60,11,26,16,10,5,0,61,0,0,0.08,1.9,26,2,5,1,1.12,4,7,32,0.192,0.3,0.346,0.646,141,86,-0.08,1.28,0.434,,-1.9,27,14,9.0,0,52,14,20,9,12,8,0,74,3,1,0.58,3.4
CHA/CHA201604210,"Thursday, April 21, 2016",1:11 p.m. Local,U.S. Cellular Field,11418,2:48,Day,Away,Los Angeles Angels,LAA,Chicago White Sox,CHW,27,3,6,3,3.0,7,2,36,0.222,0.382,0.37,0.753,135,74,-0.04,1.39,0.676,,-1.4,27,7,9.0,2,48,4,22,13,14,7,0,67,0,0,0.539,2.4,30,2,5,2,2.0,4,5,34,0.167,0.265,0.4,0.665,133,82,-0.54,1.0,0.463,,-2.4,27,14,9.0,1,46,12,24,5,20,8,0,51,0,0,0.039,1.4
ANA/ANA201604220,"Friday, April 22, 2016",7:07 p.m. Local,Angel Stadium of Anaheim,40755,3:23,Night,Away,Seattle Mariners,SEA,Los Angeles Angels,LAA,34,5,10,5,4.5,4,7,41,0.294,0.35,0.412,0.762,124,107,0.056,1.1,0.868,,0.2,30,15,10.0,2,63,17,30,13,17,9,0,64,0,0,0.444,2.8,34,2,6,2,1.8,1,5,35,0.176,0.2,0.353,0.553,166,84,-0.444,1.28,0.453,,-2.8,30,12,10.0,1,56,10,18,14,15,9,0,53,1,0,-0.056,-0.2
ANA/ANA201604230,"Saturday, April 23, 2016",6:08 p.m. Local,Angel Stadium of Anaheim,41058,2:45,Night,Home,Los Angeles Angels,LAA,Seattle Mariners,SEA,31,2,6,2,2.0,2,8,36,0.194,0.278,0.355,0.633,122,95,-0.323,0.92,0.459,,-2.3,24,14,8.0,2,56,15,24,14,10,3,0,57,2,1,-0.176,-0.1,30,4,7,4,4.5,3,6,33,0.233,0.303,0.467,0.77,142,75,0.176,1.23,0.688,,0.1,27,13,9.0,1,46,10,19,14,10,5,0,61,0,0,0.325,2.3
ANA/ANA201604240,"Sunday, April 24, 2016",12:37 p.m. Local,Angel Stadium of Anaheim,37754,2:43,Day,Away,Seattle Mariners,SEA,Los Angeles Angels,LAA,33,9,8,8,8.0,5,6,39,0.242,0.342,0.545,0.888,117,91,0.44,0.58,0.813,,4.7,27,13,9.0,2,54,18,19,8,20,10,0,51,0,0,0.063,0.3,31,4,6,4,4.0,2,5,33,0.194,0.242,0.419,0.662,145,78,-0.061,0.6,0.363,,-0.3,27,7,9.0,3,47,7,24,14,12,7,0,22,2,1,-0.438,-4.7
ANA/ANA201604250,"Monday, April 25, 2016",7:08 p.m. Local,Angel Stadium of Anaheim,31061,2:59,Night,Home,Los Angeles Angels,LAA,Kansas City Royals,KCR,31,1,4,1,0.0,5,7,36,0.129,0.25,0.161,0.411,137,95,-0.233,0.53,0.249,,-3.3,24,15,8.0,3,57,18,20,8,16,5,0,36,0,0,-0.266,-2.1,28,6,8,5,6.75,5,3,35,0.286,0.429,0.607,1.036,151,83,0.265,0.67,0.498,,2.1,27,7,9.0,0,58,6,19,15,10,4,0,66,2,0,0.235,3.3
ANA/ANA201604260,"Tuesday, April 26, 2016",7:09 p.m. Local,Angel Stadium of Anaheim,34428,3:02,Night,Home,Los Angeles Angels,LAA,Kansas City Royals,KCR,33,4,9,4,4.0,4,6,37,0.273,0.351,0.545,0.897,155,79,0.145,1.12,0.75,,-0.3,24,8,8.0,1,43,9,27,9,18,7,0,12,0,0,-0.645,-5.1,36,9,14,8,9.0,5,4,42,0.389,0.463,0.5,0.963,129,102,0.645,0.86,1.155,,5.1,27,8,9.0,1,65,12,25,19,14,6,0,40,0,0,-0.145,0.3
ANA/ANA201604270,"Wednesday, April 27, 2016",7:07 p.m. Local,Angel Stadium of Anaheim,35142,2:51,Night,Home,Los Angeles Angels,LAA,Kansas City Royals,KCR,35,2,10,2,2.0,3,9,38,0.286,0.342,0.4,0.742,110,97,-0.331,0.76,0.549,,-2.3,24,5,8.0,3,54,23,21,12,14,6,0,54,1,0,-0.169,-0.1,28,4,5,4,4.5,2,9,30,0.179,0.233,0.5,0.733,148,78,0.168,1.19,0.6,,0.1,27,10,9.0,1,41,16,21,5,14,7,0,48,1,0,0.331,2.3
TEX/TEX201604290,"Friday, April 29, 2016",7:08 p.m. Local,Globe Life Park in Arlington,29589,2:35,Night,Home,Texas Rangers,TEX,Los Angeles Angels,LAA,34,2,10,2,2.0,0,3,35,0.294,0.314,0.412,0.726,132,75,-0.32,0.99,0.446,,-2.9,24,10,8.0,1,43,8,24,9,22,14,0,37,1,0,-0.181,0.4,29,4,8,4,4.5,3,1,32,0.276,0.344,0.414,0.758,101,81,0.183,1.02,0.812,,-0.3,27,9,9.0,1,56,5,20,12,16,5,0,51,0,0,0.319,2.9
TEX/TEX201604300,"Saturday, April 30, 2016",7:08 p.m. Local,Globe Life Park in Arlington,41571,2:55,Night,Home,Texas Rangers,TEX,Los Angeles Angels,LAA,35,2,9,2,2.0,0,3,35,0.257,0.257,0.514,0.771,133,94,-0.206,0.4,0.115,,-2.9,24,4,8.0,1,63,9,22,11,21,8,0,12,1,0,-0.295,-2.7,36,7,12,7,7.88,1,7,38,0.333,0.342,0.556,0.898,142,90,0.294,0.37,0.471,,2.6,27,10,9.0,1,47,17,26,9,21,10,0,65,0,0,0.205,2.9
TEX/TEX201605010,"Sunday, May 1, 2016",2:07 p.m. Local,Globe Life Park in Arlington,39401,3:33,Day,Away,Los Angeles Angels,LAA,Texas Rangers,TEX,38,9,15,9,9.0,5,6,45,0.395,0.455,0.5,0.955,156,111,0.406,1.34,1.149,,4.1,27,8,9.0,0,64,11,36,15,19,14,0,43,1,0,0.096,-1.1,38,6,13,6,3.0,2,8,41,0.342,0.366,0.421,0.787,174,107,-0.096,1.18,0.922,,1.1,27,15,9.0,1,61,13,33,13,18,9,0,37,2,1,-0.404,-4.1
MIL/MIL201605020,"Monday, May 2, 2016",6:21 p.m. Local,Miller Park,21352,3:30,Night,Home,Milwaukee Brewers,MIL,Los Angeles Angels,LAA,37,5,11,5,5.0,4,7,42,0.297,0.366,0.432,0.798,144,93,-0.146,0.78,0.388,,0.4,24,8,8.0,0,52,8,33,20,11,4,0,18,4,3,-0.353,-4.0,34,8,14,7,9.0,4,9,39,0.412,0.474,0.5,0.974,149,92,0.355,0.71,0.861,,4.0,27,12,9.0,1,52,14,26,10,17,12,0,64,0,0,0.147,-0.4
MIL/MIL201605030,"Tuesday, May 3, 2016",7:11 p.m. Local,Miller Park,28180,2:41,Night,Home,Milwaukee Brewers,MIL,Los Angeles Angels,LAA,32,4,9,4,4.0,3,5,35,0.281,0.343,0.313,0.655,139,76,-0.306,0.92,0.751,,-0.6,24,9,8.0,3,47,11,18,13,14,9,0,38,0,0,-0.194,-1.0,30,5,7,5,5.62,5,9,35,0.233,0.343,0.567,0.91,116,81,0.194,1.4,0.805,,1.0,27,11,9.0,0,36,11,34,8,13,7,0,44,0,0,0.305,0.6
MIL/MIL201605040,"Wednesday, May 4, 2016",12:40 p.m. Local,Miller Park,21907,3:28,Day,Away,Los Angeles Angels,LAA,Milwaukee Brewers,MIL,36,7,12,7,7.0,5,5,42,0.333,0.415,0.528,0.942,166,105,0.481,1.34,1.285,,2.4,27,6,9.0,1,64,17,25,14,18,11,0,40,3,1,0.02,1.5,34,3,9,2,3.0,4,7,39,0.265,0.342,0.353,0.695,164,108,-0.021,1.26,0.881,,-1.6,27,12,9.0,1,69,15,24,12,16,3,0,54,2,2,-0.479,-2.4
ANA/ANA201605060,"Friday, May 6, 2016",7:16 p.m. Local,Angel Stadium of Anaheim,41253,3:06,Night,Away,Tampa Bay Rays,TBR,Los Angeles Angels,LAA,33,5,11,5,5.0,4,6,40,0.333,0.425,0.576,1.001,148,84,0.274,0.74,0.513,,0.7,27,13,9.0,0,54,9,22,14,14,4,0,66,3,0,0.225,2.3,34,2,8,2,2.0,4,9,39,0.235,0.333,0.294,0.627,138,90,-0.225,0.4,0.328,,-2.3,27,13,9.0,2,48,18,25,17,8,4,0,25,6,0,-0.275,-0.7
ANA/ANA201605070,"Saturday, May 7, 2016",6:11 p.m. Local,Angel Stadium of Anaheim,40142,3:06,Night,Away,Tampa Bay Rays,TBR,Los Angeles Angels,LAA,36,4,8,4,3.0,2,8,38,0.222,0.263,0.306,0.569,123,109,0.161,1.37,1.178,,-0.3,27,14,9.0,0,53,20,36,11,17,8,0,57,0,0,0.339,2.3,30,2,7,2,2.0,2,6,34,0.233,0.281,0.233,0.515,163,77,-0.338,1.73,0.477,,-2.3,27,7,9.0,1,46,14,17,16,10,5,0,59,0,0,-0.162,0.3
ANA/ANA201605080,"Sunday, May 8, 2016",12:38 p.m. Local,Angel Stadium of Anaheim,41086,2:56,Day,Away,Tampa Bay Rays,TBR,Los Angeles Angels,LAA,32,3,7,3,3.0,4,15,36,0.219,0.306,0.438,0.743,119,97,0.005,1.34,0.525,,-1.3,27,13,9.0,0,47,26,24,6,11,4,0,65,1,0,0.493,3.3,28,1,5,1,1.0,3,5,32,0.179,0.25,0.179,0.429,157,69,-0.495,0.79,0.451,,-3.3,27,6,9.0,2,44,9,16,15,9,2,0,50,3,0,-0.006,1.3
ANA/ANA201605100,"Tuesday, May 10, 2016",7:09 p.m. Local,Angel Stadium of Anaheim,30679,2:57,Night,Away,St. Louis Cardinals,STL,Los Angeles Angels,LAA,41,8,14,8,8.0,4,4,45,0.341,0.4,0.756,1.156,131,110,0.258,0.56,0.524,,3.7,27,8,9.0,0,69,18,23,13,24,10,0,70,0,0,0.243,3.3,34,1,7,1,1.0,1,7,36,0.206,0.222,0.235,0.458,180,86,-0.242,0.4,0.153,,-3.3,27,14,9.0,4,50,8,28,15,13,5,0,33,3,1,-0.257,-3.7
ANA/ANA201605110,"Wednesday, May 11, 2016",7:08 p.m. Local,Angel Stadium of Anaheim,33378,3:00,Night,Away,St. Louis Cardinals,STL,Los Angeles Angels,LAA,31,5,9,5,5.0,1,4,36,0.29,0.314,0.323,0.637,131,93,0.207,0.88,0.52,,0.7,27,14,9.0,1,51,16,26,10,20,5,0,72,0,0,0.293,2.3,31,2,4,2,0.0,3,8,34,0.129,0.206,0.258,0.464,139,85,-0.291,0.65,0.397,,-2.3,27,7,9.0,0,47,14,24,14,9,5,0,32,2,1,-0.208,-0.7
ANA/ANA201605120,"Thursday, May 12, 2016",7:08 p.m. Local,Angel Stadium of Anaheim,35413,3:56,Night,Away,St. Louis Cardinals,STL,Los Angeles Angels,LAA,45,12,18,12,10.0,6,9,51,0.4,0.471,0.622,1.093,164,126,0.92,1.42,1.367,,7.7,27,11,9.0,2,75,17,34,17,19,10,0,21,3,0,-0.418,-5.7,40,10,15,9,9.0,4,7,45,0.375,0.432,0.625,1.057,203,105,0.417,0.76,1.311,,5.7,27,10,9.0,3,60,13,32,15,19,12,0,17,9,2,-0.92,-7.7
SEA/SEA201605130,"Friday, May 13, 2016",7:10 p.m. Local,Safeco Field,34579,3:41,Night,Away,Los Angeles Angels,LAA,Seattle Mariners,SEA,38,7,13,7,7.0,4,7,43,0.342,0.395,0.526,0.922,177,93,0.543,1.23,1.568,,2.6,27,8,9.0,2,50,17,27,14,18,8,0,49,0,0,-0.041,-1.6,36,6,10,6,6.0,7,9,45,0.278,0.4,0.639,1.039,148,102,0.042,1.73,0.932,,1.6,27,8,9.0,1,56,17,29,10,18,6,0,51,5,2,-0.542,-2.6
SEA/SEA201605140,"Saturday, May 14, 2016",6:10 p.m. Local,Safeco Field,42038,3:29,Night,Away,Los Angeles Angels,LAA,Seattle Mariners,SEA,37,9,13,9,9.0,4,4,43,0.351,0.429,0.73,1.158,159,103,1.157,1.02,1.856,,4.6,27,9,9.0,1,68,9,26,10,24,10,0,63,3,2,-0.656,-2.6,38,7,11,7,7.0,1,8,39,0.289,0.308,0.421,0.729,154,106,0.655,1.22,1.259,,2.6,27,9,9.0,4,60,14,32,19,11,8,0,40,2,1,-1.155,-4.6
SEA/SEA201605150,"Sunday, May 15, 2016",1:10 p.m. Local,Safeco Field,40852,2:55,Day,Away,Los Angeles Angels,LAA,Seattle Mariners,SEA,34,3,9,3,3.0,2,12,37,0.265,0.306,0.294,0.6,124,88,-0.068,1.03,0.65,,-1.4,27,15,9.0,0,53,15,20,11,12,10,0,82,0,0,0.568,4.4,27,0,2,0,0.0,1,7,30,0.074,0.167,0.074,0.241,133,84,-0.568,0.99,0.166,,-4.4,27,8,9.0,0,51,12,21,12,8,1,0,59,2,2,0.069,1.4
LAN/LAN201605160,"Monday, May 16, 2016",7:10 p.m. Local,Dodger Stadium,39583,4:00,Night,Away,Los Angeles Angels,LAA,Los Angeles Dodgers,LAD,36,7,12,7,7.0,4,7,41,0.333,0.39,0.417,0.807,172,106,0.347,1.36,0.993,,2.7,27,11,9.0,2,64,18,24,18,12,7,0,46,2,1,0.151,-1.7,35,6,9,6,6.0,5,8,41,0.257,0.341,0.429,0.77,161,107,-0.151,1.02,0.882,,1.7,27,15,9.0,0,64,16,27,13,15,5,0,39,0,0,-0.349,-2.7
LAN/LAN201605170,"Tuesday, May 17, 2016",7:10 p.m. Local,Dodger Stadium,42514,2:12,Night,Home,Los Angeles Dodgers,LAD,Los Angeles Angels,LAA,31,1,4,1,1.0,0,13,31,0.129,0.129,0.129,0.258,98,84,-0.335,0.64,0.202,,-3.3,24,13,8.0,3,46,24,14,9,9,4,0,43,0,0,-0.166,-1.2,34,5,13,4,4.5,2,2,36,0.382,0.417,0.676,1.093,114,66,0.166,0.86,0.572,,1.2,27,5,9.0,0,46,6,14,16,16,7,0,81,0,0,0.335,3.3
ANA/ANA201605180,"Wednesday, May 18, 2016",7:07 p.m. Local,Angel Stadium of Anaheim,44006,3:12,Night,Home,Los Angeles Angels,LAA,Los Angeles Dodgers,LAD,34,1,8,1,1.0,3,4,37,0.235,0.297,0.324,0.621,157,76,-0.178,0.85,0.388,,-3.3,24,9,8.0,1,53,9,14,16,14,9,0,37,3,2,-0.322,-4.1,33,8,12,8,7.88,5,8,42,0.364,0.425,0.545,0.97,126,97,0.323,0.71,0.804,,4.1,27,14,9.0,0,49,19,28,15,13,6,0,61,0,0,0.178,3.3
ANA/ANA201605190,"Thursday, May 19, 2016",7:07 p.m. Local,Angel Stadium of Anaheim,45007,3:06,Night,Home,Los Angeles Angels,LAA,Los Angeles Dodgers,LAD,33,4,6,3,4.0,4,6,37,0.182,0.27,0.242,0.513,147,90,0.024,1.24,0.566,,-0.3,24,8,8.0,2,52,15,23,18,9,6,0,30,5,3,-0.525,-3.1,33,7,11,7,7.88,3,6,37,0.333,0.405,0.576,0.981,135,93,0.525,0.98,1.177,,3.1,27,14,9.0,0,52,14,27,11,16,6,0,34,3,1,-0.024,0.3
ANA/ANA201605200,"Friday, May 20, 2016",7:08 p.m. Local,Angel Stadium of Anaheim,40987,3:20,Night,Away,Baltimore Orioles,BAL,Los Angeles Angels,LAA,40,9,14,9,7.0,4,7,45,0.35,0.4,0.675,1.075,151,113,0.591,1.18,1.015,,4.7,27,14,9.0,0,69,21,23,13,21,8,0,46,4,2,-0.091,0.3,34,4,7,4,2.0,4,4,39,0.206,0.282,0.294,0.576,174,94,0.091,0.62,0.82,,-0.3,27,7,9.0,4,61,10,23,17,14,8,0,35,1,0,-0.591,-4.7
ANA/ANA201605210,"Saturday, May 21, 2016",7:08 p.m. Local,Angel Stadium of Anaheim,40137,3:08,Night,Away,Baltimore Orioles,BAL,Los Angeles Angels,LAA,33,3,5,3,3.0,1,13,34,0.152,0.176,0.273,0.449,154,88,0.2,1.31,1.069,,-1.3,27,12,9.0,0,40,26,22,10,10,4,0,59,4,0,0.299,3.3,35,1,9,1,1.0,4,7,39,0.257,0.333,0.286,0.619,124,98,-0.301,1.44,0.644,,-3.3,27,8,9.0,1,59,16,23,15,13,8,0,84,1,0,-0.201,1.3
ANA/ANA201605220,"Sunday, May 22, 2016",12:39 p.m. Local,Angel Stadium of Anaheim,41280,2:33,Day,Home,Los Angeles Angels,LAA,Baltimore Orioles,BAL,31,2,5,2,2.0,1,8,32,0.161,0.188,0.258,0.446,133,92,-0.184,0.39,0.105,,-2.3,24,11,8.0,1,43,23,27,5,18,7,0,29,2,0,-0.316,-6.1,37,10,13,10,11.25,3,3,40,0.351,0.4,0.514,0.914,129,84,0.318,0.4,0.506,,6.1,27,5,9.0,1,48,13,23,14,20,12,0,64,0,0,0.183,2.3
TEX/TEX201605230,"Monday, May 23, 2016",7:07 p.m. Local,Globe Life Park in Arlington,25298,2:56,Night,Away,Los Angeles Angels,LAA,Texas Rangers,TEX,33,2,9,2,2.0,1,7,34,0.273,0.294,0.424,0.718,148,90,-0.156,1.76,0.374,,-2.9,27,6,9.0,0,55,7,28,13,13,4,0,71,3,0,0.657,4.9,33,0,7,0,0.0,3,7,36,0.212,0.278,0.242,0.52,131,91,-0.657,0.69,0.615,,-4.9,27,10,9.0,1,49,20,23,11,15,7,0,55,1,0,0.155,2.9
TEX/TEX201605240,"Tuesday, May 24, 2016",7:08 p.m. Local,Globe Life Park in Arlington,26125,2:47,Night,Home,Texas Rangers,TEX,Los Angeles Angels,LAA,32,1,7,1,1.0,3,8,35,0.219,0.286,0.25,0.536,129,94,-0.475,0.85,0.527,,-3.9,24,13,8.0,1,58,10,26,9,15,8,0,52,0,0,-0.025,0.4,29,4,7,3,4.5,2,7,32,0.241,0.313,0.379,0.692,137,74,0.024,1.29,0.558,,-0.3,27,7,9.0,0,45,7,22,13,9,4,0,66,0,0,0.475,3.9
TEX/TEX201605250,"Wednesday, May 25, 2016",1:08 p.m. Local,Globe Life Park in Arlington,32480,3:34,Day,Home,Texas Rangers,TEX,Los Angeles Angels,LAA,38,9,14,9,9.0,1,2,42,0.368,0.357,0.526,0.883,174,102,0.225,0.72,0.796,,4.1,24,12,8.0,1,66,5,31,10,29,12,0,25,7,5,-0.724,-10.7,40,15,18,15,15.75,5,6,48,0.45,0.511,0.6,1.111,153,112,0.725,1.0,1.034,,10.7,27,7,9.0,1,73,14,25,21,15,8,0,27,5,1,-0.225,-4.1
ANA/ANA201605270,"Friday, May 27, 2016",7:09 p.m. Local,Angel Stadium of Anaheim,39047,2:38,Night,Home,Los Angeles Angels,LAA,Houston Astros,HOU,34,2,8,2,2.0,1,13,35,0.235,0.257,0.235,0.492,122,92,-0.191,0.45,0.045,,-2.3,24,6,8.0,1,42,27,23,9,12,6,0,16,2,0,-0.309,-3.1,33,7,9,7,7.88,4,5,37,0.273,0.351,0.485,0.836,129,76,0.309,0.29,0.497,,3.1,27,6,9.0,0,42,14,20,7,21,10,0,72,2,2,0.191,2.3
ANA/ANA201605280,"Saturday, May 28, 2016",7:09 p.m. Local,Angel Stadium of Anaheim,38176,2:46,Night,Away,Houston Astros,HOU,Los Angeles Angels,LAA,32,4,9,4,4.0,3,7,37,0.281,0.351,0.406,0.758,134,84,0.144,0.88,0.766,,-0.3,27,12,9.0,2,49,10,27,11,15,9,0,68,0,0,0.355,2.3,30,2,3,2,2.0,0,6,30,0.1,0.1,0.3,0.4,139,92,-0.357,1.09,0.246,,-2.3,27,8,9.0,1,59,8,25,12,12,5,0,44,1,0,-0.145,0.3
ANA/ANA201605290,"Sunday, May 29, 2016",12:37 p.m. Local,Angel Stadium of Anaheim,36538,4:57,Day,Away,Houston Astros,HOU,Los Angeles Angels,LAA,47,8,14,7,5.54,7,10,55,0.298,0.389,0.447,0.836,239,141,0.259,2.11,2.013,,1.7,39,19,13.0,1,78,25,38,17,21,13,0,56,1,0,0.242,0.3,47,6,12,5,2.77,9,11,59,0.255,0.375,0.404,0.779,220,141,-0.242,1.81,1.784,,-0.3,39,15,13.0,2,76,24,41,19,19,11,0,37,5,1,-0.258,-1.7
ANA/ANA201605300,"Monday, May 30, 2016",6:07 p.m. Local,Angel Stadium of Anaheim,38541,2:46,Night,Home,Los Angeles Angels,LAA,Detroit Tigers,DET,30,1,4,1,1.0,1,10,32,0.133,0.156,0.167,0.323,139,76,-0.545,0.93,0.203,,-3.3,24,7,8.0,0,36,16,24,10,11,4,0,61,1,1,0.046,-1.1,30,5,6,4,5.62,1,7,32,0.2,0.226,0.2,0.426,114,92,-0.047,1.15,0.441,,1.1,27,9,9.0,0,59,14,19,7,17,8,0,84,,,0.546,3.3
ANA/ANA201605310,"Tuesday, May 31, 2016",7:07 p.m. Local,Angel Stadium of Anaheim,35125,3:19,Night,Home,Los Angeles Angels,LAA,Detroit Tigers,DET,34,9,8,9,9.0,3,10,37,0.235,0.297,0.706,1.003,142,109,0.234,0.84,0.831,,4.7,24,13,8.0,4,62,20,27,6,18,7,0,17,1,0,-0.734,-7.1,34,11,17,11,12.38,4,4,40,0.5,0.55,0.941,1.491,165,82,0.734,0.79,1.276,,7.1,27,7,9.0,5,50,13,19,15,16,10,0,47,2,2,-0.233,-4.7
ANA/ANA201606010,"Wednesday, June 1, 2016",4:08 p.m. Local,Angel Stadium of Anaheim,35053,2:55,Day,Away,Detroit Tigers,DET,Los Angeles Angels,LAA,37,3,11,3,3.0,3,10,40,0.297,0.35,0.351,0.701,135,96,-0.06,1.08,0.618,,-1.3,27,7,9.0,0,51,22,23,15,12,7,0,81,2,0,0.559,4.3,29,0,2,0,0.0,3,10,32,0.069,0.156,0.103,0.26,148,86,-0.562,0.95,0.216,,-4.3,27,10,9.0,0,48,17,21,8,11,5,0,57,2,1,0.06,1.3
PIT/PIT201606030,"Friday, June 3, 2016",7:09 p.m. Local,PNC Park,27643,3:17,Night,Away,Los Angeles Angels,LAA,Pittsburgh Pirates,PIT,38,9,15,9,8.0,10,5,49,0.395,0.521,0.526,1.047,145,101,0.441,0.51,0.648,,4.6,27,8,9.0,2,63,15,23,21,13,8,0,56,0,0,0.06,2.4,34,2,8,2,2.0,1,9,35,0.235,0.257,0.471,0.728,184,94,-0.062,0.42,0.286,,-2.4,27,17,9.0,1,51,16,28,10,15,5,0,12,4,0,-0.441,-4.6
PIT/PIT201606040,"Saturday, June 4, 2016",4:07 p.m. Local,PNC Park,31505,3:00,Day,Home,Pittsburgh Pirates,PIT,Los Angeles Angels,LAA,35,7,11,7,7.0,1,2,37,0.314,0.333,0.571,0.905,160,81,-0.1,1.11,0.839,,2.6,24,13,8.0,3,53,7,21,10,24,10,0,40,2,2,-0.4,-4.1,31,8,10,8,9.0,8,4,42,0.323,0.475,0.71,1.185,117,92,0.401,1.33,1.072,,4.1,27,12,9.0,2,54,9,29,17,12,4,0,53,2,2,0.1,-2.6
PIT/PIT201606050,"Sunday, June 5, 2016",1:37 p.m. Local,PNC Park,27754,3:08,Day,Away,Los Angeles Angels,LAA,Pittsburgh Pirates,PIT,35,5,9,5,5.0,1,7,37,0.257,0.27,0.457,0.727,168,93,0.294,1.61,0.968,,0.6,27,13,9.0,0,54,16,23,13,16,11,0,42,0,0,0.206,0.4,33,4,9,4,4.0,7,8,42,0.273,0.415,0.333,0.748,134,98,-0.206,1.06,1.059,,-0.4,27,10,9.0,1,58,12,28,16,10,6,0,53,1,0,-0.295,-0.6
NYA/NYA201606060,"Monday, June 6, 2016",7:10 p.m. Local,Yankee Stadium III,34648,2:35,Night,Home,New York Yankees,NYY,Los Angeles Angels,LAA,30,2,6,2,2.0,2,7,34,0.2,0.242,0.233,0.476,98,77,-0.241,1.05,0.291,,-2.7,24,13,8.0,3,46,11,20,8,17,7,0,53,2,2,-0.261,-0.8,31,5,9,5,5.62,0,6,31,0.29,0.29,0.613,0.903,113,72,0.262,0.84,0.887,,0.8,27,5,9.0,0,38,12,22,13,12,4,0,58,0,0,0.239,2.7
NYA/NYA201606070,"Tuesday, June 7, 2016",7:09 p.m. Local,Yankee Stadium III,31034,2:35,Night,Home,New York Yankees,NYY,Los Angeles Angels,LAA,32,3,5,3,3.0,2,7,34,0.156,0.206,0.344,0.55,124,82,-0.252,0.51,0.263,,-1.7,24,13,8.0,2,43,17,22,10,15,6,0,25,3,1,-0.25,-1.8,31,6,10,6,6.75,2,4,35,0.323,0.353,0.548,0.901,118,82,0.251,0.68,0.528,,1.8,27,9,9.0,1,51,6,25,17,12,5,0,59,0,0,0.251,1.7
NYA/NYA201606080,"Wednesday, June 8, 2016",7:08 p.m. Local,Yankee Stadium III,31557,3:20,Night,Home,New York Yankees,NYY,Los Angeles Angels,LAA,41,6,14,6,6.0,1,8,42,0.341,0.357,0.659,1.016,152,104,0.186,1.02,0.762,,1.3,24,6,8.0,4,62,13,29,15,18,12,0,26,3,3,-0.689,-7.8,42,12,17,12,11.25,2,5,45,0.405,0.432,0.81,1.241,153,103,0.689,0.77,1.323,,7.8,27,13,9.0,3,58,10,34,14,23,12,0,31,1,0,-0.188,-1.3
NYA/NYA201606090,"Thursday, June 9, 2016",7:10 p.m. Local,Yankee Stadium III,34971,2:58,Night,Home,New York Yankees,NYY,Los Angeles Angels,LAA,34,3,8,3,3.0,1,9,36,0.235,0.278,0.412,0.69,146,76,-0.199,0.91,0.463,,-1.7,24,8,8.0,0,41,17,18,13,12,4,0,34,1,0,-0.298,-1.8,33,6,11,6,6.75,5,5,40,0.333,0.425,0.485,0.91,113,82,0.298,0.9,0.797,,1.8,27,11,9.0,1,52,10,20,13,16,6,0,53,0,0,0.202,1.7
ANA/ANA201606100,"Friday, June 10, 2016",7:09 p.m. Local,Angel Stadium of Anaheim,39487,2:34,Night,Away,Cleveland Indians,CLE,Los Angeles Angels,LAA,35,6,10,5,5.0,1,7,37,0.286,0.297,0.371,0.669,114,95,0.346,0.49,0.526,,1.7,27,10,9.0,0,55,17,23,8,21,11,0,80,,,0.153,2.3,30,2,3,1,2.0,1,8,31,0.1,0.129,0.133,0.262,144,73,-0.154,0.4,0.134,,-2.3,27,6,9.0,0,39,13,21,11,11,5,0,19,2,0,-0.348,-1.7
ANA/ANA201606110,"Saturday, June 11, 2016",7:09 p.m. Local,Angel Stadium of Anaheim,38296,2:59,Night,Home,Los Angeles Angels,LAA,Cleveland Indians,CLE,33,3,7,3,3.0,2,11,36,0.212,0.25,0.242,0.492,123,93,-0.158,1.17,0.907,,-1.3,25,11,8.1,0,46,28,19,7,16,6,0,56,0,0,-0.342,-0.6,34,4,11,4,3.24,2,3,37,0.324,0.361,0.353,0.714,137,78,0.343,1.52,0.944,,0.6,27,6,9.0,0,48,8,22,14,18,10,0,86,2,0,0.158,1.3
ANA/ANA201606120,"Sunday, June 12, 2016",12:37 p.m. Local,Angel Stadium of Anaheim,36383,3:28,Day,Away,Cleveland Indians,CLE,Los Angeles Angels,LAA,39,8,11,8,5.0,2,7,42,0.282,0.333,0.538,0.872,175,103,0.316,0.54,0.5,,3.7,27,8,9.0,1,58,16,29,14,18,9,0,63,1,0,0.184,1.3,33,3,7,2,2.0,5,10,39,0.212,0.333,0.364,0.697,150,107,-0.183,0.36,0.245,,-1.3,27,10,9.0,3,62,13,32,12,11,3,0,32,3,1,-0.318,-3.7
ANA/ANA201606130,"Monday, June 13, 2016",7:08 p.m. Local,Angel Stadium of Anaheim,36424,2:50,Night,Away,Minnesota Twins,MIN,Los Angeles Angels,LAA,39,9,10,8,6.0,4,6,43,0.256,0.326,0.513,0.838,145,105,0.478,0.88,0.81,,4.7,27,14,9.0,1,53,15,37,16,17,5,0,50,0,0,0.021,0.3,33,4,8,4,4.0,1,7,35,0.242,0.257,0.394,0.651,161,100,-0.022,0.6,0.501,,-0.3,27,11,9.0,3,54,16,30,14,13,3,0,36,0,0,-0.48,-4.7
ANA/ANA201606140,"Tuesday, June 14, 2016",7:09 p.m. Local,Angel Stadium of Anaheim,36272,2:55,Night,Home,Los Angeles Angels,LAA,Minnesota Twins,MIN,37,4,10,4,4.0,2,6,39,0.27,0.308,0.378,0.686,119,92,-0.277,0.91,0.788,,-0.3,24,9,8.0,2,57,13,22,10,21,12,0,28,0,0,-0.222,-1.1,32,5,12,5,5.62,3,2,35,0.375,0.429,0.656,1.085,143,72,0.223,1.46,0.736,,1.1,27,8,9.0,0,44,10,18,11,19,9,0,38,3,1,0.278,0.3
ANA/ANA201606150,"Wednesday, June 15, 2016",7:09 p.m. Local,Angel Stadium of Anaheim,36717,3:13,Night,Home,Los Angeles Angels,LAA,Minnesota Twins,MIN,32,2,5,2,2.0,3,8,35,0.156,0.229,0.219,0.447,176,94,-0.179,0.73,0.245,,-2.3,24,10,8.0,0,46,12,36,11,13,6,0,30,4,3,-0.323,-6.1,37,10,12,10,9.0,6,5,43,0.324,0.419,0.378,0.797,153,112,0.323,0.74,0.656,,6.1,27,10,9.0,0,69,8,35,15,17,6,0,67,0,0,0.177,2.3
OAK/OAK201606170,"Friday, June 17, 2016",6:37 p.m. Local,Oakland-Alameda County Coliseum,24591,2:51,Night,Home,Oakland Athletics,OAK,Los Angeles Angels,LAA,32,2,6,2,2.0,1,4,35,0.188,0.206,0.344,0.55,146,78,-0.252,1.11,0.695,,-2.4,26,10,8.2,1,46,10,22,18,12,5,0,60,1,0,-0.248,1.0,34,3,10,3,2.08,2,7,37,0.294,0.324,0.471,0.795,118,93,0.247,1.52,0.919,,-1.0,27,14,9.0,1,58,19,17,12,16,8,0,70,1,0,0.251,2.4
OAK/OAK201606180,"Saturday, June 18, 2016",1:08 p.m. Local,Oakland-Alameda County Coliseum,25078,3:05,Day,Away,Los Angeles Angels,LAA,Oakland Athletics,OAK,39,7,13,6,7.0,2,4,42,0.333,0.357,0.59,0.947,132,97,0.303,0.73,0.728,,2.6,27,9,9.0,0,60,14,23,14,22,9,0,60,0,0,0.199,3.4,31,1,5,1,1.0,2,4,34,0.161,0.235,0.226,0.461,158,85,-0.198,0.78,0.258,,-3.4,27,9,9.0,2,53,13,19,11,16,8,0,50,4,2,-0.3,-2.6
OAK/OAK201606190,"Sunday, June 19, 2016",1:07 p.m. Local,Oakland-Alameda County Coliseum,22846,2:19,Day,Away,Los Angeles Angels,LAA,Oakland Athletics,OAK,32,2,7,2,2.0,2,8,34,0.219,0.265,0.313,0.577,95,91,-0.12,1.09,0.319,,-2.4,27,7,9.0,0,54,14,24,7,17,8,0,81,,,0.621,4.4,28,0,3,0,0.0,1,1,29,0.107,0.138,0.107,0.245,143,62,-0.62,0.72,0.119,,-4.4,27,8,9.0,1,39,3,20,7,20,7,0,55,0,0,0.121,2.4
HOU/HOU201606200,"Monday, June 20, 2016",7:11 p.m. Local,Minute Maid Park,22553,3:13,Night,Home,Houston Astros,HOU,Los Angeles Angels,LAA,36,7,9,7,6.0,2,7,38,0.25,0.289,0.472,0.762,160,91,-0.151,0.38,0.126,,2.7,24,13,8.0,3,46,14,31,19,10,4,0,18,2,0,-0.35,-6.2,36,10,15,9,10.12,6,6,43,0.417,0.512,0.722,1.234,147,95,0.35,0.37,0.518,,6.2,27,16,9.0,2,60,15,20,18,12,8,0,64,0,0,0.151,-2.7
HOU/HOU201606210,"Tuesday, June 21, 2016",7:11 p.m. Local,Minute Maid Park,25004,2:54,Night,Home,Houston Astros,HOU,Los Angeles Angels,LAA,32,2,5,2,2.0,1,8,34,0.156,0.206,0.313,0.518,125,90,-0.187,2.07,0.484,,-2.3,24,10,8.0,1,53,17,20,12,12,3,0,65,1,0,-0.313,-0.7,24,3,5,3,3.38,6,5,31,0.208,0.387,0.417,0.804,140,67,0.313,0.9,1.302,,0.7,27,10,9.0,1,44,8,16,5,14,5,0,64,0,0,0.187,2.3
HOU/HOU201606220,"Wednesday, June 22, 2016",1:11 p.m. Local,Minute Maid Park,29649,3:09,Day,Home,Houston Astros,HOU,Los Angeles Angels,LAA,36,2,10,2,2.0,3,8,39,0.278,0.333,0.306,0.639,119,95,-0.439,1.28,0.648,,-2.3,24,9,8.0,1,51,19,25,12,16,9,0,55,2,1,-0.061,0.8,29,3,8,3,3.38,2,8,32,0.276,0.344,0.552,0.895,143,74,0.062,1.48,0.941,,-0.8,27,8,9.0,0,44,15,15,9,12,7,0,56,1,0,0.439,2.3
ANA/ANA201606230,"Thursday, June 23, 2016",7:09 p.m. Local,Angel Stadium of Anaheim,36412,3:03,Night,Away,Oakland Athletics,OAK,Los Angeles Angels,LAA,36,5,10,5,5.0,3,4,39,0.278,0.333,0.444,0.778,134,103,0.24,1.12,0.565,,0.7,27,14,9.0,1,59,17,27,18,14,6,0,51,1,0,0.26,0.3,34,4,10,4,4.0,0,3,37,0.294,0.324,0.471,0.795,152,84,-0.258,0.53,0.501,,-0.3,27,13,9.0,2,56,7,21,15,17,5,0,27,0,0,-0.241,-0.7
ANA/ANA201606240,"Friday, June 24, 2016",7:09 p.m. Local,Angel Stadium of Anaheim,41356,3:17,Night,Away,Oakland Athletics,OAK,Los Angeles Angels,LAA,38,7,14,7,7.0,1,6,40,0.368,0.375,0.579,0.954,140,101,0.44,1.09,1.081,,2.7,27,7,9.0,1,59,13,29,17,16,7,0,39,2,1,0.06,0.3,38,4,11,3,2.0,2,6,40,0.289,0.325,0.368,0.693,155,90,-0.061,1.11,0.744,,-0.3,27,14,9.0,2,57,13,20,10,22,11,0,35,2,0,-0.44,-2.7
ANA/ANA201606250,"Saturday, June 25, 2016",7:08 p.m. Local,Angel Stadium of Anaheim,40643,3:24,Night,Away,Oakland Athletics,OAK,Los Angeles Angels,LAA,34,7,12,7,7.0,6,3,42,0.353,0.439,0.5,0.939,173,85,0.428,1.0,0.886,,2.7,27,6,9.0,3,54,9,22,16,17,7,0,44,3,0,0.072,1.3,40,3,13,3,3.0,2,5,42,0.325,0.357,0.575,0.932,150,116,-0.073,0.85,0.722,,-1.3,27,11,9.0,1,72,17,27,13,22,9,0,32,4,1,-0.429,-2.7
ANA/ANA201606260,"Sunday, June 26, 2016",12:37 p.m. Local,Angel Stadium of Anaheim,36715,3:33,Day,Home,Los Angeles Angels,LAA,Oakland Athletics,OAK,35,6,9,6,6.0,4,9,40,0.257,0.35,0.457,0.807,173,97,0.238,1.57,0.943,,1.7,26,12,8.2,1,57,20,21,11,15,4,0,54,2,0,-0.737,-3.1,37,7,13,7,7.27,3,4,42,0.351,0.381,0.486,0.867,160,101,0.735,1.08,1.496,,3.1,27,6,9.0,2,67,11,23,18,17,6,0,36,0,0,-0.236,-1.7
ANA/ANA201606270,"Monday, June 27, 2016",7:09 p.m. Local,Angel Stadium of Anaheim,36839,3:38,Night,Away,Houston Astros,HOU,Los Angeles Angels,LAA,35,4,11,3,4.0,5,9,42,0.314,0.405,0.371,0.776,123,98,0.189,1.61,1.46,,-0.3,27,12,9.0,1,62,19,17,11,16,8,0,52,0,0,0.312,2.3,33,2,9,2,2.0,3,6,36,0.273,0.333,0.424,0.758,165,77,-0.312,1.91,0.931,,-2.3,27,9,9.0,0,43,19,15,13,14,4,0,67,6,2,-0.188,0.3
ANA/ANA201606280,"Tuesday, June 28, 2016",7:08 p.m. Local,Angel Stadium of Anaheim,38781,3:07,Night,Away,Houston Astros,HOU,Los Angeles Angels,LAA,36,7,12,7,7.0,5,12,43,0.333,0.405,0.556,0.96,125,111,0.298,0.76,0.544,,2.7,27,8,9.0,0,67,20,24,11,15,9,0,61,0,0,0.202,3.3,35,1,8,1,0.0,1,4,36,0.229,0.25,0.286,0.536,180,76,-0.203,0.42,0.302,,-3.3,27,8,9.0,1,48,6,22,11,20,8,0,32,2,1,-0.298,-2.7
ANA/ANA201606290,"Wednesday, June 29, 2016",12:38 p.m. Local,Angel Stadium of Anaheim,36683,3:18,Day,Away,Houston Astros,HOU,Los Angeles Angels,LAA,39,10,12,9,10.0,6,5,46,0.308,0.391,0.564,0.955,154,102,0.444,1.05,0.799,,5.7,27,10,9.0,1,61,14,27,12,23,14,0,51,0,0,0.057,0.3,38,4,11,4,3.0,4,6,43,0.289,0.372,0.5,0.872,160,97,-0.058,0.67,0.727,,-0.3,27,9,9.0,2,54,17,26,14,18,10,0,29,3,0,-0.442,-5.7
BOS/BOS201607010,"Friday, July 1, 2016",7:09 p.m. Local,Fenway Park,37117,3:36,Night,Home,Boston Red Sox,BOS,Los Angeles Angels,LAA,36,4,12,4,4.0,5,6,42,0.333,0.429,0.556,0.984,148,107,-0.469,0.74,1.082,,-0.8,24,14,8.0,1,62,11,34,16,14,5,0,22,2,0,-0.031,-0.7,36,5,16,5,5.62,2,7,39,0.444,0.487,0.639,1.126,182,96,0.031,1.81,0.588,,0.7,27,13,9.0,1,61,10,25,19,10,8,0,35,0,0,0.469,0.8
BOS/BOS201607020,"Saturday, July 2, 2016",7:16 p.m. Local,Fenway Park,36552,3:38,Night,Away,Los Angeles Angels,LAA,Boston Red Sox,BOS,50,21,22,19,14.0,3,5,55,0.44,0.473,0.84,1.313,167,102,0.3,0.49,0.511,,16.2,27,6,9.0,1,61,9,32,18,28,11,0,62,0,0,0.201,2.8,35,2,8,1,1.0,4,4,39,0.229,0.308,0.4,0.708,169,96,-0.201,0.28,0.212,,-2.8,27,8,9.0,4,54,9,33,9,22,8,0,31,4,4,-0.299,-16.2
BOS/BOS201607030,"Sunday, July 3, 2016",1:35 p.m. Local,Fenway Park,36801,3:52,Day,Home,Boston Red Sox,BOS,Los Angeles Angels,LAA,33,5,10,5,5.0,4,2,38,0.303,0.395,0.424,0.819,183,90,-0.22,0.77,0.44,,0.2,24,9,8.0,0,58,9,25,14,17,3,0,27,2,1,-0.28,-5.7,38,10,16,9,10.12,5,6,43,0.421,0.488,0.553,1.041,154,113,0.279,0.77,0.794,,5.7,27,12,9.0,0,71,17,25,10,22,10,0,50,2,2,0.22,-0.2
TBA/TBA201607040,"Monday, July 4, 2016",1:11 p.m. Local,Tropicana Field,14532,3:12,Day,Home,Tampa Bay Rays,TBR,Los Angeles Angels,LAA,35,2,8,2,2.0,3,7,40,0.229,0.308,0.4,0.708,141,101,-0.268,0.8,0.785,,-2.3,24,5,8.0,2,62,12,27,11,18,6,0,54,0,0,-0.231,-0.1,30,4,7,4,4.5,2,5,32,0.233,0.281,0.467,0.748,154,82,0.231,1.39,0.652,,0.1,27,7,9.0,1,56,9,19,8,17,4,0,55,0,0,0.269,2.3
TBA/TBA201607050,"Tuesday, July 5, 2016",7:10 p.m. Local,Tropicana Field,14896,3:19,Night,Away,Los Angeles Angels,LAA,Tampa Bay Rays,TBR,42,13,16,13,13.0,3,5,48,0.381,0.435,0.643,1.078,154,113,0.621,1.25,1.043,,8.7,27,13,9.0,1,74,9,30,15,24,12,0,29,1,0,-0.121,-0.7,38,5,14,5,5.0,1,8,40,0.368,0.4,0.526,0.926,169,98,0.121,0.76,1.025,,0.7,27,9,9.0,2,54,24,21,19,11,5,0,24,2,0,-0.62,-8.7
TBA/TBA201607060,"Wednesday, July 6, 2016",7:11 p.m. Local,Tropicana Field,11267,3:18,Night,Away,Los Angeles Angels,LAA,Tampa Bay Rays,TBR,32,7,9,6,4.0,5,4,40,0.281,0.359,0.438,0.796,158,100,0.316,0.36,0.475,,2.7,27,7,9.0,1,63,3,34,15,16,4,0,64,0,0,0.184,2.3,35,2,9,1,2.0,1,9,37,0.257,0.297,0.371,0.669,158,101,-0.185,0.49,0.098,,-2.3,27,13,9.0,1,58,18,25,9,17,8,0,21,3,0,-0.315,-2.7
TBA/TBA201607070,"Thursday, July 7, 2016",12:10 p.m. Local,Tropicana Field,14576,3:01,Day,Away,Los Angeles Angels,LAA,Tampa Bay Rays,TBR,34,5,8,4,5.0,3,10,38,0.235,0.289,0.294,0.584,149,93,0.049,1.05,0.539,,0.7,27,5,9.0,1,48,16,29,13,12,6,0,76,0,0,0.452,3.3,32,1,5,1,1.0,4,13,36,0.156,0.25,0.25,0.5,145,97,-0.453,0.9,0.295,,-3.3,27,10,9.0,0,50,20,27,10,9,0,0,61,3,2,-0.047,-0.7
BAL/BAL201607080,"Friday, July 8, 2016",7:11 p.m. Local,Oriole Park at Camden Yards,44317,3:27,Night,Away,Los Angeles Angels,LAA,Baltimore Orioles,BAL,35,9,10,9,7.0,4,3,44,0.286,0.386,0.286,0.672,155,94,0.434,0.48,0.614,,4.3,27,8,9.0,3,58,12,24,15,19,10,0,47,2,0,0.067,-0.3,37,5,9,5,5.0,4,7,42,0.243,0.333,0.486,0.82,150,98,-0.067,0.52,0.301,,0.3,27,9,9.0,0,65,10,23,11,19,6,0,22,2,1,-0.432,-4.3
BAL/BAL201607090,"Saturday, July 9, 2016",4:08 p.m. Local,Oriole Park at Camden Yards,43288,3:14,Day,Home,Baltimore Orioles,BAL,Los Angeles Angels,LAA,31,2,8,2,2.0,5,4,36,0.258,0.361,0.258,0.619,133,79,-0.362,1.67,0.725,,-2.7,24,7,8.0,1,49,8,25,12,15,8,0,65,4,1,-0.138,1.1,31,3,10,2,3.38,2,9,34,0.323,0.364,0.452,0.815,151,80,0.139,1.51,1.049,,-1.1,27,16,9.0,0,35,21,24,9,14,5,0,45,2,0,0.361,2.7
BAL/BAL201607100,"Sunday, July 10, 2016",1:38 p.m. Local,Oriole Park at Camden Yards,32963,3:13,Day,Home,Baltimore Orioles,BAL,Los Angeles Angels,LAA,30,2,5,2,1.0,6,6,37,0.167,0.297,0.233,0.531,157,85,-0.398,0.88,0.6,,-2.7,24,11,8.0,2,51,12,22,7,18,8,0,41,2,0,-0.101,0.1,33,4,12,4,4.5,5,7,39,0.364,0.447,0.606,1.053,145,99,0.1,1.29,0.723,,-0.1,27,6,9.0,0,63,18,18,11,16,10,0,67,0,0,0.399,2.7
ANA/ANA201607150,"Friday, July 15, 2016",7:10 p.m. Local,Angel Stadium of Anaheim,42031,2:39,Night,Home,Los Angeles Angels,LAA,Chicago White Sox,CHW,31,0,5,0,0.0,2,7,33,0.161,0.212,0.194,0.406,133,84,-0.402,0.53,0.219,,-4.3,24,9,8.0,0,48,14,22,10,14,1,0,53,6,4,-0.099,-3.1,32,7,9,5,4.5,2,7,34,0.281,0.324,0.406,0.73,120,82,0.099,0.81,0.423,,3.1,27,6,9.0,0,48,8,26,11,14,8,0,74,0,0,0.402,4.3
ANA/ANA201607160,"Saturday, July 16, 2016",6:09 p.m. Local,Angel Stadium of Anaheim,39620,2:20,Night,Home,Los Angeles Angels,LAA,Chicago White Sox,CHW,33,0,6,0,0.0,0,13,33,0.182,0.182,0.273,0.455,91,85,-0.734,0.72,0.53,,-4.3,24,11,8.0,0,52,16,17,10,10,6,0,74,,,0.234,2.9,25,1,2,1,1.12,2,2,27,0.08,0.148,0.2,0.348,115,50,-0.236,1.69,0.183,,-2.9,27,8,9.0,0,31,6,14,10,13,5,0,88,,,0.734,4.3
ANA/ANA201607170,"Sunday, July 17, 2016",12:39 p.m. Local,Angel Stadium of Anaheim,36834,2:40,Day,Home,Los Angeles Angels,LAA,Chicago White Sox,CHW,32,1,7,1,1.0,1,4,33,0.219,0.242,0.281,0.524,134,89,-0.147,0.39,0.226,,-3.3,24,11,8.0,2,58,12,19,9,19,6,0,15,2,2,-0.355,-4.1,31,8,10,8,9.0,4,5,37,0.323,0.405,0.645,1.051,128,81,0.355,0.48,0.572,,4.1,27,8,9.0,0,46,16,19,11,16,11,0,61,0,0,0.146,3.3
ANA/ANA201607180,"Monday, July 18, 2016",7:08 p.m. Local,Angel Stadium of Anaheim,36020,3:03,Night,Home,Los Angeles Angels,LAA,Texas Rangers,TEX,34,5,8,5,5.0,2,7,38,0.235,0.316,0.559,0.875,134,97,0.237,1.32,0.742,,0.7,24,12,8.0,2,54,11,32,11,16,8,0,38,2,2,-0.736,-5.1,31,9,9,9,10.12,3,7,37,0.29,0.378,0.516,0.895,148,82,0.735,0.79,1.42,,5.1,27,9,9.0,3,47,11,24,14,11,6,0,35,2,0,-0.236,-0.7
ANA/ANA201607190,"Tuesday, July 19, 2016",7:08 p.m. Local,Angel Stadium of Anaheim,36368,3:01,Night,Home,Los Angeles Angels,LAA,Texas Rangers,TEX,40,6,13,6,4.0,2,9,42,0.325,0.357,0.575,0.932,126,97,0.206,0.98,1.145,,1.7,24,12,8.0,3,51,18,28,15,16,10,0,20,0,0,-0.706,-4.1,31,8,10,8,9.0,3,2,36,0.323,0.389,0.71,1.099,148,70,0.706,1.22,1.122,,4.1,27,9,9.0,3,44,5,21,13,17,8,0,38,0,0,-0.206,-1.7
ANA/ANA201607200,"Wednesday, July 20, 2016",7:08 p.m. Local,Angel Stadium of Anaheim,37095,2:52,Night,Home,Los Angeles Angels,LAA,Texas Rangers,TEX,36,4,10,4,4.0,3,3,41,0.278,0.341,0.556,0.897,110,99,-0.121,0.44,0.339,,-0.3,24,11,8.0,1,65,7,27,13,21,8,0,23,1,0,-0.377,-3.1,32,7,12,6,7.88,3,4,37,0.375,0.417,0.531,0.948,158,67,0.379,0.59,0.535,,3.1,27,9,9.0,2,47,7,13,13,17,9,0,45,0,0,0.123,0.3
HOU/HOU201607220,"Friday, July 22, 2016",7:11 p.m. Local,Minute Maid Park,36453,3:02,Night,Home,Houston Astros,HOU,Los Angeles Angels,LAA,30,1,5,1,1.0,4,11,34,0.167,0.265,0.167,0.431,125,82,-0.589,0.85,0.542,,-3.3,24,4,8.0,0,37,16,29,15,4,1,0,60,2,1,0.089,1.8,30,2,7,2,2.25,2,7,33,0.233,0.303,0.3,0.603,132,81,-0.088,1.56,0.419,,-1.8,27,13,9.0,0,48,21,12,12,11,1,0,76,2,1,0.589,3.3
HOU/HOU201607230,"Saturday, July 23, 2016",6:10 p.m. Local,Minute Maid Park,35119,2:53,Night,Home,Houston Astros,HOU,Los Angeles Angels,LAA,32,2,6,2,2.0,1,13,34,0.188,0.235,0.313,0.548,150,96,-0.203,0.49,0.183,,-2.3,24,8,8.0,3,53,17,26,8,11,4,0,22,0,0,-0.298,-3.2,32,7,10,7,7.88,5,4,38,0.312,0.421,0.656,1.077,144,91,0.298,0.5,0.57,,3.2,27,8,9.0,1,58,6,27,9,19,4,0,58,0,0,0.202,2.3
HOU/HOU201607240,"Sunday, July 24, 2016",1:11 p.m. Local,Minute Maid Park,32721,3:00,Day,Home,Houston Astros,HOU,Los Angeles Angels,LAA,36,3,11,3,3.0,0,2,37,0.306,0.297,0.444,0.742,160,90,-0.091,0.19,0.086,,-1.3,24,7,8.0,5,60,6,24,12,23,8,0,6,1,0,-0.41,-9.2,38,13,15,13,12.38,3,8,42,0.395,0.452,0.895,1.347,122,101,0.409,0.25,0.452,,9.2,27,9,9.0,1,67,15,19,13,17,5,0,49,0,0,0.09,1.3
KCA/KCA201607250,"Monday, July 25, 2016",7:16 p.m. Local,Kauffman Stadium,33828,3:05,Night,Away,Los Angeles Angels,LAA,Kansas City Royals,KCR,33,6,9,6,6.0,5,5,41,0.273,0.375,0.303,0.678,144,94,0.212,0.95,0.552,,1.3,27,7,9.0,1,59,9,26,16,14,5,0,51,1,0,0.288,2.7,31,2,5,2,2.0,4,10,35,0.161,0.257,0.258,0.515,162,95,-0.288,0.64,0.355,,-2.7,27,10,9.0,0,49,14,32,9,12,2,0,39,1,0,-0.213,-1.3
KCA/KCA201607260,"Tuesday, July 26, 2016",7:15 p.m. Local,Kauffman Stadium,28026,3:04,Night,Away,Los Angeles Angels,LAA,Kansas City Royals,KCR,48,13,22,13,13.0,4,4,54,0.458,0.5,0.646,1.146,115,123,0.172,0.7,0.608,,8.3,27,9,9.0,0,82,14,27,14,31,16,0,75,0,0,0.328,4.7,29,0,3,0,0.0,1,5,30,0.103,0.133,0.103,0.237,190,84,-0.328,0.57,0.135,,-4.7,27,6,9.0,1,55,6,23,10,14,9,0,26,6,3,-0.172,-8.3
KCA/KCA201607270,"Wednesday, July 27, 2016",7:14 p.m. Local,Kauffman Stadium,30279,3:15,Night,Home,Kansas City Royals,KCR,Los Angeles Angels,LAA,36,5,11,4,5.0,6,9,43,0.306,0.405,0.417,0.821,99,100,-0.036,1.22,1.029,,0.3,24,8,8.0,0,61,18,21,13,15,5,0,36,1,1,-0.464,-2.9,34,7,11,4,6.75,1,2,36,0.324,0.333,0.471,0.804,157,65,0.465,1.46,1.118,,2.9,27,7,9.0,0,44,11,10,16,17,5,0,49,1,1,0.036,-0.3
ANA/ANA201607280,"Thursday, July 28, 2016",7:09 p.m. Local,Angel Stadium of Anaheim,41257,3:05,Night,Home,Los Angeles Angels,LAA,Boston Red Sox,BOS,30,1,8,1,1.0,2,4,33,0.267,0.303,0.267,0.57,122,99,-0.322,2.18,0.359,,-3.3,25,14,8.1,0,61,8,30,6,21,13,0,73,0,0,-0.18,1.4,33,2,10,0,0.0,1,7,34,0.303,0.324,0.303,0.627,151,85,0.18,0.96,1.329,,-1.4,27,12,9.0,0,54,10,21,19,7,5,0,53,2,0,0.32,3.3
ANA/ANA201607290,"Friday, July 29, 2016",7:09 p.m. Local,Angel Stadium of Anaheim,39113,2:30,Night,Away,Boston Red Sox,BOS,Los Angeles Angels,LAA,31,6,7,6,6.0,7,8,39,0.226,0.359,0.452,0.811,107,79,0.284,0.87,0.855,,1.7,27,13,9.0,0,41,3,35,10,14,3,0,72,,,0.217,2.3,31,2,5,2,2.0,0,3,31,0.161,0.161,0.194,0.355,152,81,-0.217,0.91,0.322,,-2.3,27,6,9.0,2,47,8,26,13,15,8,0,38,0,0,-0.283,-1.7
ANA/ANA201607300,"Saturday, July 30, 2016",6:07 p.m. Local,Angel Stadium of Anaheim,43150,3:06,Night,Home,Los Angeles Angels,LAA,Boston Red Sox,BOS,33,2,6,2,2.0,7,12,40,0.182,0.325,0.273,0.598,112,117,-0.236,0.73,0.554,,-2.3,24,10,8.0,1,58,15,44,9,12,5,0,38,2,1,-0.265,-1.1,30,5,8,5,5.62,4,6,34,0.267,0.353,0.433,0.786,189,65,0.265,1.17,0.617,,1.1,27,6,9.0,1,40,8,17,11,13,9,0,51,2,0,0.236,2.3
ANA/ANA201607310,"Sunday, July 31, 2016",12:38 p.m. Local,Angel Stadium of Anaheim,39553,3:32,Day,Away,Boston Red Sox,BOS,Los Angeles Angels,LAA,37,5,9,5,5.0,3,13,40,0.243,0.3,0.432,0.732,141,117,0.472,1.07,1.282,,0.7,27,8,9.0,0,61,15,41,11,13,6,0,38,0,0,0.025,1.3,35,3,11,3,3.0,3,6,38,0.314,0.368,0.343,0.711,180,93,-0.025,1.14,0.709,,-1.3,27,9,9.0,2,56,15,22,10,19,7,0,66,1,0,-0.473,-0.7
ANA/ANA201608020,"Tuesday, August 2, 2016",7:09 p.m. Local,Angel Stadium of Anaheim,36052,2:45,Night,Home,Los Angeles Angels,LAA,Oakland Athletics,OAK,34,4,9,4,4.0,3,8,38,0.265,0.342,0.559,0.901,123,93,-0.214,0.9,0.611,,-0.3,24,7,8.0,2,55,16,22,11,15,9,0,40,1,0,-0.284,-1.1,31,5,7,5,4.5,4,5,35,0.226,0.314,0.452,0.766,139,78,0.286,1.02,0.77,,1.1,27,8,9.0,3,46,13,19,11,15,8,0,58,0,0,0.215,0.3
ANA/ANA201608030,"Wednesday, August 3, 2016",7:08 p.m. Local,Angel Stadium of Anaheim,37306,3:15,Night,Home,Los Angeles Angels,LAA,Oakland Athletics,OAK,36,6,13,4,5.0,6,4,42,0.361,0.452,0.417,0.869,133,106,0.297,1.11,1.8,,1.7,24,11,8.0,3,63,15,28,14,18,10,0,22,4,1,-0.797,-4.1,37,8,12,8,7.88,3,4,40,0.324,0.375,0.595,0.97,169,82,0.797,2.08,1.29,,4.1,27,13,9.0,0,51,7,24,16,17,5,0,41,6,1,-0.299,-1.7
ANA/ANA201608040,"Thursday, August 4, 2016",4:07 p.m. Local,Angel Stadium of Anaheim,34196,3:54,Day,Away,Oakland Athletics,OAK,Los Angeles Angels,LAA,41,8,11,7,7.2,2,10,43,0.268,0.302,0.561,0.863,191,106,0.586,1.84,1.521,,3.2,30,8,10.0,2,60,11,35,11,20,6,0,27,4,0,-0.086,-1.2,41,6,14,5,4.5,4,5,45,0.341,0.4,0.488,0.888,167,115,0.087,1.4,1.454,,1.2,30,8,10.0,3,83,14,20,14,22,9,0,44,0,0,-0.585,-3.2
SEA/SEA201608050,"Friday, August 5, 2016",7:10 p.m. Local,Safeco Field,40354,2:52,Night,Home,Seattle Mariners,SEA,Los Angeles Angels,LAA,29,4,3,4,4.0,3,9,32,0.103,0.188,0.345,0.532,152,70,-0.141,0.81,0.453,,-0.4,24,4,8.0,1,38,14,18,10,10,5,0,17,3,0,-0.359,-2.1,36,6,14,6,6.75,3,3,41,0.389,0.439,0.472,0.911,113,97,0.362,0.93,0.795,,2.1,27,11,9.0,2,58,13,26,8,26,11,0,63,0,0,0.14,0.4
SEA/SEA201608060,"Saturday, August 6, 2016",6:41 p.m. Local,Safeco Field,45618,3:01,Night,Home,Seattle Mariners,SEA,Los Angeles Angels,LAA,32,6,10,6,6.0,3,2,37,0.312,0.361,0.531,0.892,148,85,0.145,1.57,0.636,,1.6,24,6,8.0,3,58,6,21,14,18,7,0,35,6,3,-0.642,-4.1,33,8,10,8,9.0,6,6,40,0.303,0.4,0.636,1.036,135,87,0.644,0.81,1.479,,4.1,27,12,9.0,1,51,11,25,7,21,6,0,22,2,0,-0.142,-1.6
SEA/SEA201608070,"Sunday, August 7, 2016",1:10 p.m. Local,Safeco Field,44812,2:31,Day,Home,Seattle Mariners,SEA,Los Angeles Angels,LAA,33,1,5,1,0.0,2,6,35,0.152,0.2,0.182,0.382,110,86,-0.416,0.97,0.412,,-3.4,24,6,8.0,0,50,14,22,12,15,3,0,54,0,0,-0.084,0.9,29,3,7,3,3.38,0,4,33,0.241,0.303,0.241,0.544,125,76,0.084,1.13,0.611,,-0.9,27,7,9.0,0,47,12,17,8,18,8,0,76,1,0,0.415,3.4
CHN/CHN201608090,"Tuesday, August 9, 2016",7:06 p.m. Local,Wrigley Field,41227,2:22,Night,Home,Chicago Cubs,CHC,Los Angeles Angels,LAA,29,1,3,1,1.0,1,7,30,0.103,0.133,0.207,0.34,124,74,-0.256,0.59,0.17,,-3.5,24,8,8.0,2,41,13,20,11,11,7,0,34,0,0,-0.243,-1.0,30,5,8,4,4.5,2,7,33,0.267,0.303,0.567,0.87,114,82,0.242,0.61,0.555,,1.0,27,8,9.0,1,38,23,22,9,15,7,0,77,0,0,0.257,3.5
CHN/CHN201608100,"Wednesday, August 10, 2016",7:05 p.m. Local,Wrigley Field,41015,2:50,Night,Home,Chicago Cubs,CHC,Los Angeles Angels,LAA,33,1,6,1,1.0,2,10,35,0.182,0.229,0.212,0.441,133,88,-0.499,0.72,0.476,,-3.5,24,4,8.0,1,46,12,30,17,6,2,0,57,0,0,-0.003,1.0,32,3,7,3,3.38,1,6,33,0.219,0.242,0.375,0.617,135,86,0.003,1.46,0.43,,-1.0,27,13,9.0,0,51,14,21,11,15,6,0,73,3,1,0.498,3.5
CLE/CLE201608110,"Thursday, August 11, 2016",7:11 p.m. Local,Progressive Field,16652,3:10,Night,Home,Cleveland Indians,CLE,Los Angeles Angels,LAA,31,4,6,3,4.0,4,5,36,0.194,0.278,0.419,0.697,184,84,-0.007,0.33,0.166,,-1.0,24,8,8.0,3,51,14,19,17,10,6,0,11,1,0,-0.491,-9.6,37,14,14,14,14.62,4,8,42,0.378,0.429,0.784,1.212,138,111,0.49,0.22,0.587,,9.6,27,16,9.0,2,69,12,30,13,17,10,0,53,0,0,0.008,1.0
CLE/CLE201608120,"Friday, August 12, 2016",7:10 p.m. Local,Progressive Field,27014,3:13,Night,Home,Cleveland Indians,CLE,Los Angeles Angels,LAA,35,3,8,3,3.0,0,9,35,0.229,0.229,0.4,0.629,154,84,-0.028,0.72,0.381,,-2.0,24,7,8.0,2,48,15,21,14,12,8,0,23,0,0,-0.471,-8.6,40,13,17,12,13.5,3,8,43,0.425,0.465,0.675,1.14,123,110,0.471,0.62,0.881,,8.6,27,10,9.0,1,68,17,25,6,26,17,0,57,0,0,0.029,2.0
CLE/CLE201608130,"Saturday, August 13, 2016",9:21 p.m. Local,Progressive Field,30409,3:04,Night,Home,Cleveland Indians,CLE,Los Angeles Angels,LAA,27,1,1,1,1.0,6,7,33,0.037,0.212,0.037,0.249,136,81,-0.298,0.47,0.213,,-4.0,24,11,8.0,0,45,12,24,9,11,6,0,31,0,0,-0.201,-0.6,35,5,14,4,5.62,0,7,35,0.4,0.4,0.486,0.886,133,98,0.2,0.8,0.485,,0.6,27,8,9.0,0,59,11,28,15,13,7,0,62,2,0,0.299,4.0
CLE/CLE201608140,"Sunday, August 14, 2016",2:48 p.m. Local,Progressive Field,18979,2:47,Day,Home,Cleveland Indians,CLE,Los Angeles Angels,LAA,30,4,5,4,4.0,2,7,33,0.167,0.242,0.467,0.709,128,86,-0.284,1.38,0.463,,-1.0,24,10,8.0,1,54,16,19,12,11,4,0,26,1,1,-0.214,-0.6,32,5,11,5,5.62,4,1,36,0.344,0.417,0.5,0.917,133,70,0.214,0.98,0.963,,0.6,27,11,9.0,2,45,5,20,9,22,12,0,48,0,0,0.286,1.0
ANA/ANA201608150,"Monday, August 15, 2016",7:07 p.m. Local,Angel Stadium of Anaheim,35840,3:01,Night,Away,Seattle Mariners,SEA,Los Angeles Angels,LAA,35,3,9,3,3.0,3,4,38,0.257,0.316,0.343,0.659,131,101,-0.059,1.42,0.631,,-1.3,27,12,9.0,1,61,13,27,12,19,5,0,62,2,0,0.559,2.3,31,2,4,2,2.0,4,10,36,0.129,0.25,0.323,0.573,160,81,-0.558,1.03,0.487,,-2.3,27,8,9.0,1,43,14,24,15,6,2,0,40,1,0,0.06,1.3
ANA/ANA201608160,"Tuesday, August 16, 2016",7:07 p.m. Local,Angel Stadium of Anaheim,37546,3:03,Night,Home,Los Angeles Angels,LAA,Seattle Mariners,SEA,35,6,10,5,5.0,4,4,41,0.286,0.366,0.343,0.709,135,99,0.329,1.18,1.095,,1.7,24,7,8.0,3,56,12,31,16,16,7,0,47,2,2,-0.832,-3.1,30,7,8,7,7.88,4,6,35,0.267,0.343,0.667,1.01,155,82,0.831,1.21,1.51,,3.1,27,10,9.0,0,52,7,23,7,18,7,0,34,2,0,-0.33,-1.7
ANA/ANA201608170,"Wednesday, August 17, 2016",7:08 p.m. Local,Angel Stadium of Anaheim,36950,3:37,Night,Away,Seattle Mariners,SEA,Los Angeles Angels,LAA,35,4,10,3,4.0,2,13,41,0.286,0.341,0.343,0.684,183,105,0.107,2.21,0.657,,-0.3,27,14,9.0,0,54,19,32,11,13,5,0,41,3,0,0.393,1.3,37,3,14,3,3.0,3,6,42,0.378,0.429,0.405,0.834,153,108,-0.394,0.98,1.182,,-1.3,27,7,9.0,0,64,18,26,16,16,9,0,35,1,0,-0.105,0.3
ANA/ANA201608180,"Thursday, August 18, 2016",7:09 p.m. Local,Angel Stadium of Anaheim,37721,2:58,Night,Home,Los Angeles Angels,LAA,Seattle Mariners,SEA,34,4,8,4,4.0,2,6,36,0.235,0.278,0.559,0.837,125,91,-0.362,0.73,0.685,,-0.3,24,14,8.0,1,57,18,16,17,11,3,0,56,2,1,-0.137,-2.1,33,6,10,5,5.62,2,3,35,0.303,0.343,0.455,0.797,135,80,0.137,1.34,0.561,,2.1,27,13,9.0,3,58,5,17,14,16,10,0,62,1,0,0.363,0.3
ANA/ANA201608190,"Friday, August 19, 2016",7:09 p.m. Local,Angel Stadium of Anaheim,40256,2:55,Night,Away,New York Yankees,NYY,Los Angeles Angels,LAA,41,7,15,7,7.0,1,4,42,0.366,0.381,0.756,1.137,123,94,0.237,0.42,0.525,,2.7,27,10,9.0,0,58,17,19,11,26,12,0,78,5,0,0.261,4.3,33,0,6,0,0.0,1,11,34,0.182,0.206,0.182,0.388,132,81,-0.261,0.4,0.056,,-4.3,27,10,9.0,4,46,10,25,12,10,5,0,26,2,1,-0.239,-2.7
ANA/ANA201608200,"Saturday, August 20, 2016",6:45 p.m. Local,Angel Stadium of Anaheim,44129,2:51,Night,Away,New York Yankees,NYY,Los Angeles Angels,LAA,36,5,8,5,5.0,1,7,37,0.222,0.243,0.361,0.604,123,106,0.201,0.49,0.416,,0.7,27,11,9.0,1,62,16,28,18,11,6,0,70,1,0,0.298,3.3,30,1,4,1,1.0,2,7,33,0.133,0.212,0.233,0.445,155,76,-0.299,0.38,0.085,,-3.3,27,8,9.0,1,37,10,29,11,12,5,0,44,0,0,-0.202,-0.7
ANA/ANA201608210,"Sunday, August 21, 2016",12:37 p.m. Local,Angel Stadium of Anaheim,40309,2:39,Day,Home,Los Angeles Angels,LAA,New York Yankees,NYY,32,0,6,0,0.0,3,8,35,0.188,0.257,0.219,0.476,132,91,-0.647,0.68,0.441,,-4.3,24,5,8.0,0,49,19,23,11,13,7,0,62,0,0,0.146,1.9,30,2,8,2,2.25,2,5,32,0.267,0.313,0.3,0.613,141,86,-0.146,1.57,0.272,,-1.9,27,9,9.0,0,55,9,22,8,17,7,0,60,1,0,0.647,4.3
TOR/TOR201608230,"Tuesday, August 23, 2016",7:08 p.m. Local,Rogers Centre,46696,2:38,Night,Home,Toronto Blue Jays,TOR,Los Angeles Angels,LAA,33,2,8,2,2.0,2,3,35,0.242,0.286,0.333,0.619,157,76,-0.155,0.8,0.383,,-2.7,24,13,8.0,1,47,5,24,18,12,2,0,35,1,0,-0.343,-2.9,29,7,10,6,7.88,7,2,38,0.345,0.447,0.586,1.034,124,93,0.344,0.7,0.687,,2.9,27,14,9.0,1,54,12,27,12,17,7,0,54,1,0,0.157,2.7
TOR/TOR201608240,"Wednesday, August 24, 2016",7:07 p.m. Local,Rogers Centre,44404,3:21,Night,Away,Los Angeles Angels,LAA,Toronto Blue Jays,TOR,40,8,17,8,8.0,6,10,47,0.425,0.489,0.675,1.164,163,120,0.325,0.3,0.485,,3.3,27,12,9.0,0,72,16,32,17,14,9,0,68,0,0,0.176,2.7,36,2,9,2,2.0,2,4,38,0.25,0.289,0.306,0.595,184,104,-0.177,0.35,0.077,,-2.7,27,13,9.0,2,69,13,22,16,16,8,0,24,2,0,-0.325,-3.3
TOR/TOR201608250,"Thursday, August 25, 2016",7:07 p.m. Local,Rogers Centre,46273,3:06,Night,Away,Los Angeles Angels,LAA,Toronto Blue Jays,TOR,34,6,11,5,6.0,3,7,37,0.324,0.378,0.353,0.731,145,90,0.327,1.01,0.819,,1.3,27,10,9.0,1,50,17,23,13,14,8,0,54,3,0,0.172,1.7,34,3,7,3,2.0,3,7,38,0.206,0.263,0.412,0.675,143,94,-0.173,0.99,0.416,,-1.7,27,8,9.0,0,51,15,28,13,15,8,0,44,7,3,-0.328,-1.3
DET/DET201608260,"Friday, August 26, 2016",7:10 p.m. Local,Comerica Park,31357,2:50,Night,Home,Detroit Tigers,DET,Los Angeles Angels,LAA,30,2,4,2,2.0,3,9,33,0.133,0.212,0.267,0.479,113,95,-0.357,1.14,0.32,,-2.6,24,8,8.0,2,60,16,19,8,13,4,0,38,0,0,-0.144,0.1,31,4,9,4,4.5,3,3,34,0.29,0.353,0.613,0.966,135,75,0.144,0.94,0.905,,-0.1,27,10,9.0,1,51,7,17,8,19,10,1,70,1,0,0.357,2.6
DET/DET201608270,"Saturday, August 27, 2016",7:10 p.m. Local,Comerica Park,33115,3:17,Night,Away,Los Angeles Angels,LAA,Detroit Tigers,DET,34,3,8,3,3.0,2,8,39,0.235,0.333,0.382,0.716,158,104,-0.034,1.57,0.529,,-1.6,27,10,9.0,1,65,15,24,4,22,10,0,50,0,0,0.535,2.6,33,2,8,2,1.0,3,10,36,0.242,0.306,0.333,0.639,169,102,-0.534,0.85,0.608,,-2.6,27,3,9.0,1,52,12,38,11,12,6,0,48,1,0,0.034,1.6
DET/DET201608280,"Sunday, August 28, 2016",1:10 p.m. Local,Comerica Park,28220,3:09,Day,Away,Los Angeles Angels,LAA,Detroit Tigers,DET,33,5,11,5,5.0,0,8,37,0.333,0.351,0.515,0.867,148,97,0.15,0.7,0.556,,0.4,27,10,9.0,0,60,10,27,12,15,6,0,72,0,0,0.351,4.6,30,0,4,0,0.0,3,8,34,0.133,0.235,0.2,0.435,135,97,-0.351,0.66,0.17,,-4.6,27,11,9.0,1,56,16,25,11,11,6,0,35,1,0,-0.15,-0.4
ANA/ANA201608290,"Monday, August 29, 2016",7:08 p.m. Local,Angel Stadium of Anaheim,34161,2:51,Night,Home,Los Angeles Angels,LAA,Cincinnati Reds,CIN,34,2,8,2,2.0,1,9,35,0.235,0.257,0.353,0.61,130,85,-0.013,0.33,0.323,,-2.3,24,11,8.0,5,48,17,20,16,9,4,0,16,1,0,-0.49,-5.1,37,9,14,9,10.12,2,4,39,0.378,0.41,0.892,1.302,123,83,0.489,0.46,0.658,,5.1,27,13,9.0,1,55,12,16,14,19,11,0,62,0,0,0.012,2.3
ANA/ANA201608300,"Tuesday, August 30, 2016",7:08 p.m. Local,Angel Stadium of Anaheim,33042,2:56,Night,Home,Los Angeles Angels,LAA,Cincinnati Reds,CIN,37,2,11,2,2.0,1,9,38,0.297,0.316,0.432,0.748,118,102,-0.365,0.57,0.511,,-2.3,24,10,8.0,2,58,13,31,8,20,9,0,49,0,0,-0.136,-0.1,31,4,10,4,4.5,1,6,33,0.323,0.344,0.581,0.924,138,77,0.135,1.13,0.484,,0.1,27,5,9.0,1,45,12,20,11,15,6,0,54,1,0,0.365,2.3
ANA/ANA201608310,"Wednesday, August 31, 2016",4:08 p.m. Local,Angel Stadium of Anaheim,34215,2:10,Day,Home,Los Angeles Angels,LAA,Cincinnati Reds,CIN,29,0,4,0,0.0,0,7,30,0.138,0.138,0.172,0.31,102,65,-0.523,0.85,0.196,,-4.3,24,11,8.0,0,31,16,20,14,9,5,0,68,0,0,0.022,0.9,30,3,7,3,3.38,1,9,31,0.233,0.258,0.333,0.591,94,67,-0.021,0.98,0.469,,-0.9,27,13,9.0,0,37,15,15,11,10,3,0,86,,,0.521,4.3
SEA/SEA201609020,"Friday, September 2, 2016",7:10 p.m. Local,Safeco Field,16775,3:25,Night,Home,Seattle Mariners,SEA,Los Angeles Angels,LAA,35,8,10,7,5.0,4,6,39,0.286,0.359,0.486,0.845,185,106,0.208,0.64,0.414,,3.6,24,9,8.0,1,68,12,26,12,17,7,0,26,3,3,-0.709,-7.1,38,11,13,10,12.38,7,10,45,0.342,0.444,0.447,0.892,164,114,0.709,0.34,0.863,,7.1,27,10,9.0,2,67,13,34,11,17,10,0,48,5,2,-0.207,-3.6
SEA/SEA201609030,"Saturday, September 3, 2016",6:10 p.m. Local,Safeco Field,20357,2:54,Night,Away,Los Angeles Angels,LAA,Seattle Mariners,SEA,41,10,15,10,9.0,2,2,44,0.366,0.409,0.854,1.263,133,108,0.499,0.29,0.574,,5.6,27,11,9.0,2,76,7,25,14,25,9,0,50,0,0,0.002,1.4,35,3,9,3,3.0,2,10,37,0.257,0.297,0.457,0.754,164,86,-0.003,0.21,0.202,,-1.4,27,13,9.0,5,43,14,29,14,11,3,0,19,2,0,-0.496,-5.6
SEA/SEA201609040,"Sunday, September 4, 2016",1:10 p.m. Local,Safeco Field,24033,3:00,Day,Away,Los Angeles Angels,LAA,Seattle Mariners,SEA,32,4,10,4,4.0,2,7,35,0.312,0.353,0.5,0.853,146,75,0.064,1.25,0.526,,-0.4,27,13,9.0,2,52,13,10,14,12,8,0,54,1,0,0.436,2.4,33,2,8,2,2.0,2,5,35,0.242,0.286,0.455,0.74,115,102,-0.435,0.68,0.481,,-2.4,27,15,9.0,2,53,19,30,12,16,12,0,53,0,0,-0.064,0.4
OAK/OAK201609050,"Monday, September 5, 2016",1:07 p.m. Local,Oakland-Alameda County Coliseum,18149,3:44,Day,Away,Los Angeles Angels,LAA,Oakland Athletics,OAK,38,10,14,9,8.0,3,5,46,0.368,0.435,0.526,0.961,183,102,0.457,1.62,0.85,,5.6,27,5,9.0,2,75,12,15,10,25,14,0,35,1,0,0.044,-2.6,38,7,11,7,7.0,7,7,45,0.289,0.4,0.579,0.979,165,106,-0.045,0.77,1.138,,2.6,27,7,9.0,1,62,16,28,9,22,13,0,28,0,0,-0.457,-5.6
OAK/OAK201609060,"Tuesday, September 6, 2016",7:07 p.m. Local,Oakland-Alameda County Coliseum,12298,2:14,Night,Home,Oakland Athletics,OAK,Los Angeles Angels,LAA,29,2,5,2,2.0,1,7,31,0.172,0.194,0.207,0.4,113,73,-0.247,1.4,0.34,,-2.4,24,9,8.0,0,38,18,17,10,13,6,0,64,3,3,-0.252,0.9,27,3,4,3,3.38,3,6,31,0.148,0.233,0.148,0.381,113,68,0.252,0.96,0.804,,-0.9,27,12,9.0,0,32,14,22,12,10,5,0,60,0,0,0.247,2.4
OAK/OAK201609070,"Wednesday, September 7, 2016",12:37 p.m. Local,Oakland-Alameda County Coliseum,11866,3:11,Day,Home,Oakland Athletics,OAK,Los Angeles Angels,LAA,28,1,2,1,1.0,2,7,30,0.071,0.133,0.179,0.312,166,102,-0.383,0.76,0.209,,-3.4,24,8,8.0,1,61,19,22,5,16,4,0,55,1,1,-0.118,-0.1,35,4,10,4,4.5,7,10,42,0.286,0.405,0.429,0.833,141,100,0.116,0.84,0.629,,0.1,27,6,9.0,1,61,11,28,11,14,8,0,66,0,0,0.383,3.4
ANA/ANA201609090,"Friday, September 9, 2016",7:08 p.m. Local,Angel Stadium of Anaheim,42139,3:22,Night,Away,Texas Rangers,TEX,Los Angeles Angels,LAA,34,2,8,2,2.0,4,9,38,0.235,0.316,0.382,0.698,124,91,-0.036,1.96,0.81,,-2.3,27,11,9.0,0,55,15,21,14,11,6,0,72,1,0,0.535,3.3,31,1,4,1,1.0,2,12,34,0.129,0.206,0.194,0.399,137,79,-0.536,1.18,0.68,,-3.3,27,13,9.0,1,40,20,19,13,6,1,0,72,3,0,0.036,2.3
ANA/ANA201609100,"Saturday, September 10, 2016",6:08 p.m. Local,Angel Stadium of Anaheim,39146,3:40,Night,Away,Texas Rangers,TEX,Los Angeles Angels,LAA,38,8,12,7,8.0,2,8,43,0.316,0.381,0.632,1.013,150,103,0.773,1.41,1.304,,3.7,27,15,9.0,1,57,13,33,13,18,5,0,58,1,0,-0.273,-0.7,35,5,9,5,5.0,4,8,40,0.257,0.325,0.371,0.696,164,92,0.275,0.86,1.064,,0.7,27,11,9.0,3,52,14,26,20,8,6,0,40,4,1,-0.774,-3.7
ANA/ANA201609110,"Sunday, September 11, 2016",12:38 p.m. Local,Angel Stadium of Anaheim,35052,2:31,Day,Home,Los Angeles Angels,LAA,Texas Rangers,TEX,31,2,5,2,2.0,2,12,33,0.161,0.212,0.355,0.567,116,86,-0.452,0.87,0.469,,-2.3,24,10,8.0,3,46,12,28,3,16,3,0,45,0,0,-0.047,0.9,30,3,8,3,3.38,2,6,32,0.267,0.313,0.633,0.946,124,71,0.048,1.19,0.636,,-0.9,27,3,9.0,2,43,12,16,9,15,7,0,64,1,0,0.453,2.3
ANA/ANA201609120,"Monday, September 12, 2016",7:07 p.m. Local,Angel Stadium of Anaheim,29932,3:08,Night,Away,Seattle Mariners,SEA,Los Angeles Angels,LAA,39,8,11,6,7.0,2,4,42,0.282,0.333,0.513,0.846,140,103,0.141,0.85,0.516,,3.7,27,9,9.0,0,58,15,30,16,19,11,0,68,1,0,0.359,3.3,32,1,6,1,1.0,3,4,35,0.188,0.257,0.219,0.476,165,90,-0.358,0.57,0.252,,-3.3,27,12,9.0,2,61,8,21,12,16,7,0,46,2,2,-0.14,-3.7
ANA/ANA201609130,"Tuesday, September 13, 2016",7:07 p.m. Local,Angel Stadium of Anaheim,32139,2:37,Night,Away,Seattle Mariners,SEA,Los Angeles Angels,LAA,36,8,10,8,4.0,3,5,40,0.278,0.325,0.583,0.908,113,97,0.294,0.29,0.471,,3.7,27,13,9.0,0,52,10,35,14,18,11,0,92,,,0.208,4.3,30,0,3,0,0.0,0,11,30,0.1,0.1,0.1,0.2,154,82,-0.208,0.39,0.007,,-4.3,27,10,9.0,3,42,20,20,16,4,2,0,37,0,0,-0.292,-3.7
ANA/ANA201609140,"Wednesday, September 14, 2016",7:07 p.m. Local,Angel Stadium of Anaheim,33501,3:01,Night,Away,Seattle Mariners,SEA,Los Angeles Angels,LAA,33,2,6,2,2.0,0,7,34,0.182,0.206,0.364,0.57,120,86,-0.145,1.52,0.533,,-2.3,27,12,9.0,0,48,12,26,12,14,7,0,58,1,0,0.646,3.3,29,1,5,0,1.0,3,4,34,0.172,0.25,0.172,0.422,121,77,-0.646,1.01,0.414,,-3.3,27,11,9.0,2,47,6,24,16,11,3,0,67,0,0,0.147,2.3
ANA/ANA201609150,"Thursday, September 15, 2016",7:10 p.m. Local,Angel Stadium of Anaheim,37559,3:15,Night,Away,Toronto Blue Jays,TOR,Los Angeles Angels,LAA,33,7,10,7,7.0,6,8,40,0.303,0.4,0.485,0.885,133,105,0.177,0.92,0.556,,2.7,27,11,9.0,1,53,14,38,11,15,10,0,60,0,0,0.323,2.3,34,2,6,2,1.0,3,5,37,0.176,0.243,0.265,0.508,178,93,-0.322,0.6,0.335,,-2.3,27,12,9.0,1,65,4,24,13,16,5,0,47,4,1,-0.176,-2.7
ANA/ANA201609160,"Friday, September 16, 2016",7:08 p.m. Local,Angel Stadium of Anaheim,42159,3:15,Night,Away,Toronto Blue Jays,TOR,Los Angeles Angels,LAA,33,5,10,5,5.0,7,5,41,0.303,0.415,0.515,0.93,141,93,-0.021,1.61,0.597,,0.7,27,4,9.0,0,55,11,27,12,17,4,0,57,4,0,0.521,4.3,35,0,8,0,0.0,5,10,40,0.229,0.325,0.257,0.582,160,97,-0.519,0.82,0.712,,-4.3,27,12,9.0,2,56,20,21,6,19,10,0,51,0,0,0.02,-0.7
ANA/ANA201609170,"Saturday, September 17, 2016",6:08 p.m. Local,Angel Stadium of Anaheim,39195,3:08,Night,Home,Los Angeles Angels,LAA,Toronto Blue Jays,TOR,35,1,10,1,1.0,3,9,40,0.286,0.35,0.314,0.664,117,106,-0.384,0.66,0.457,,-3.3,24,14,8.0,1,65,13,28,8,19,10,0,50,0,0,-0.118,-2.1,32,6,8,6,2.25,2,4,34,0.25,0.294,0.375,0.669,162,77,0.118,1.01,0.569,,2.1,27,7,9.0,0,55,7,15,19,9,6,0,67,7,1,0.383,3.3
ANA/ANA201609180,"Sunday, September 18, 2016",12:37 p.m. Local,Angel Stadium of Anaheim,36270,3:25,Day,Home,Los Angeles Angels,LAA,Toronto Blue Jays,TOR,29,0,4,0,0.0,5,12,34,0.138,0.265,0.207,0.472,147,87,-0.452,0.91,0.39,,-4.3,24,10,8.0,0,37,17,33,11,6,2,0,51,2,0,-0.049,-0.1,32,4,10,4,4.5,4,6,39,0.312,0.378,0.344,0.722,145,86,0.052,1.08,0.529,,0.1,27,13,9.0,0,54,16,15,13,15,10,0,67,0,0,0.451,4.3
TEX/TEX201609190,"Monday, September 19, 2016",7:09 p.m. Local,Globe Life Park in Arlington,29068,3:00,Night,Home,Texas Rangers,TEX,Los Angeles Angels,LAA,33,2,5,2,2.0,0,2,34,0.152,0.176,0.273,0.449,155,77,-0.347,1.61,0.603,,-2.9,24,6,8.0,2,49,6,22,19,12,6,0,53,3,0,-0.153,0.3,34,3,12,3,3.38,4,6,38,0.353,0.421,0.559,0.98,104,97,0.154,1.33,1.19,,-0.3,27,15,9.0,0,61,10,26,9,19,11,0,63,0,0,0.346,2.9
TEX/TEX201609200,"Tuesday, September 20, 2016",7:08 p.m. Local,Globe Life Park in Arlington,26520,3:22,Night,Home,Texas Rangers,TEX,Los Angeles Angels,LAA,33,4,8,4,3.0,8,4,42,0.242,0.405,0.303,0.708,144,85,-0.327,0.99,1.162,,-0.9,24,11,8.0,1,50,9,26,13,16,10,0,27,3,1,-0.173,-0.7,34,5,12,4,5.62,1,2,38,0.353,0.421,0.529,0.95,164,90,0.174,1.87,0.828,,0.7,27,12,9.0,0,64,3,23,13,19,12,0,34,6,0,0.327,0.9
TEX/TEX201609210,"Wednesday, September 21, 2016",7:08 p.m. Local,Globe Life Park in Arlington,35609,2:46,Night,Away,Los Angeles Angels,LAA,Texas Rangers,TEX,34,5,8,5,4.0,4,6,38,0.235,0.316,0.353,0.669,130,78,0.024,1.71,0.7,,0.1,27,7,9.0,1,52,10,16,15,13,6,0,48,0,0,0.478,0.9,34,4,8,4,4.0,2,7,37,0.235,0.297,0.412,0.709,128,85,-0.477,1.08,0.822,,-0.9,27,11,9.0,1,51,8,26,13,14,4,0,38,2,0,-0.022,-0.1
HOU/HOU201609220,"Thursday, September 22, 2016",7:12 p.m. Local,Minute Maid Park,20022,2:41,Night,Away,Los Angeles Angels,LAA,Houston Astros,HOU,31,2,5,2,2.0,3,12,34,0.161,0.235,0.29,0.526,130,91,-0.102,1.25,0.278,,-2.3,27,11,9.0,0,46,16,29,12,7,2,0,71,0,0,0.6,4.3,31,0,8,0,0.0,1,6,32,0.258,0.281,0.29,0.572,135,81,-0.599,0.55,0.362,,-4.3,27,12,9.0,1,44,15,23,11,14,8,0,63,2,0,0.099,2.3
HOU/HOU201609230,"Friday, September 23, 2016",7:10 p.m. Local,Minute Maid Park,29429,3:24,Night,Away,Los Angeles Angels,LAA,Houston Astros,HOU,38,10,12,10,10.0,7,9,45,0.316,0.422,0.526,0.949,137,104,0.924,1.15,1.708,,5.7,27,13,9.0,0,55,26,23,15,15,10,0,45,7,4,-0.424,-1.7,32,6,8,4,4.0,5,5,38,0.25,0.342,0.281,0.623,179,69,0.423,1.36,1.002,,1.7,27,12,9.0,1,43,12,14,14,14,6,0,51,3,3,-0.923,-5.7
HOU/HOU201609240,"Saturday, September 24, 2016",6:10 p.m. Local,Minute Maid Park,27565,3:32,Night,Away,Los Angeles Angels,LAA,Houston Astros,HOU,38,10,12,9,9.0,4,12,43,0.316,0.372,0.447,0.819,153,108,0.452,1.15,1.111,,5.7,27,12,9.0,0,54,20,34,11,16,11,0,62,1,0,0.05,0.3,34,4,8,3,2.0,4,8,39,0.235,0.308,0.324,0.631,174,97,-0.049,1.14,0.675,,-0.3,27,8,9.0,0,53,19,25,15,12,7,0,66,5,4,-0.45,-5.7
HOU/HOU201609250,"Sunday, September 25, 2016",1:11 p.m. Local,Minute Maid Park,32958,2:23,Day,Home,Houston Astros,HOU,Los Angeles Angels,LAA,32,1,7,1,1.0,2,6,34,0.219,0.265,0.344,0.608,122,94,-0.373,0.54,0.336,,-3.3,24,12,8.0,3,53,14,27,11,15,6,0,48,0,0,-0.129,-0.2,28,4,9,4,4.5,2,5,30,0.321,0.367,0.643,1.01,134,78,0.128,0.98,0.455,,0.2,27,11,9.0,0,49,13,16,10,13,7,0,63,0,0,0.372,3.3
ANA/ANA201609260,"Monday, September 26, 2016",7:09 p.m. Local,Angel Stadium of Anaheim,29934,2:35,Night,Home,Los Angeles Angels,LAA,Oakland Athletics,OAK,30,1,4,1,1.0,2,4,32,0.133,0.188,0.267,0.454,113,93,-0.535,1.34,0.365,,-3.3,24,16,8.0,1,64,8,21,15,11,6,0,67,0,0,0.034,1.9,29,2,6,2,2.25,2,4,32,0.207,0.281,0.345,0.626,142,73,-0.035,1.26,0.634,,-1.9,27,13,9.0,1,48,5,20,18,7,4,0,67,0,0,0.535,3.3
ANA/ANA201609270,"Tuesday, September 27, 2016",7:09 p.m. Local,Angel Stadium of Anaheim,27531,2:34,Night,Home,Los Angeles Angels,LAA,Oakland Athletics,OAK,30,1,6,1,0.0,3,4,33,0.2,0.273,0.233,0.506,120,80,-0.23,0.41,0.158,,-3.3,24,17,8.0,1,48,9,23,13,13,5,0,9,2,2,-0.271,-4.1,34,8,12,8,9.0,1,3,35,0.353,0.371,0.647,1.018,130,75,0.268,0.47,0.453,,4.1,27,11,9.0,0,54,5,18,17,14,8,0,72,0,0,0.23,3.3
ANA/ANA201609280,"Wednesday, September 28, 2016",7:08 p.m. Local,Angel Stadium of Anaheim,32524,3:18,Night,Home,Los Angeles Angels,LAA,Oakland Athletics,OAK,36,6,9,6,6.0,2,10,38,0.25,0.289,0.556,0.845,158,90,-0.015,0.68,0.462,,1.7,24,10,8.0,1,53,11,26,7,19,9,0,52,2,2,-0.487,-4.1,36,8,10,7,7.88,4,6,41,0.278,0.366,0.5,0.866,157,102,0.486,0.61,0.834,,4.1,27,4,9.0,2,69,9,24,16,14,10,0,48,0,0,0.014,-1.7
ANA/ANA201609300,"Friday, September 30, 2016",7:08 p.m. Local,Angel Stadium of Anaheim,30112,2:40,Night,Home,Los Angeles Angels,LAA,Houston Astros,HOU,33,1,8,1,1.0,1,10,35,0.242,0.286,0.273,0.558,139,86,-0.121,0.55,0.245,,-3.3,24,10,8.0,1,44,20,22,11,12,7,0,31,1,0,-0.38,-3.1,30,7,6,6,5.62,4,7,34,0.2,0.294,0.333,0.627,135,91,0.382,0.56,0.619,,3.1,27,9,9.0,0,54,9,30,10,13,5,0,61,0,0,0.12,3.3
ANA/ANA201610010,"Saturday, October 1, 2016",6:07 p.m. Local,Angel Stadium of Anaheim,32487,2:55,Night,Away,Houston Astros,HOU,Los Angeles Angels,LAA,36,3,10,3,3.0,5,5,41,0.278,0.366,0.361,0.727,123,98,0.007,0.99,0.536,,-1.3,27,10,9.0,0,70,15,13,9,22,12,0,77,1,0,0.494,4.3,31,0,4,0,0.0,2,6,34,0.129,0.206,0.194,0.399,161,82,-0.495,0.81,0.2,,-4.3,27,7,9.0,0,47,12,23,11,14,5,0,43,2,0,-0.009,1.3
ANA/ANA201610020,"Sunday, October 2, 2016",12:08 p.m. Local,Angel Stadium of Anaheim,28083,2:42,Day,Home,Los Angeles Angels,LAA,Houston Astros,HOU,32,1,7,1,1.0,1,8,34,0.219,0.235,0.25,0.485,151,78,-0.233,0.41,0.111,,-3.3,24,5,8.0,1,40,18,20,15,10,5,0,32,3,1,-0.267,-4.1,32,8,9,8,9.0,6,5,39,0.281,0.385,0.469,0.853,120,85,0.267,0.46,0.454,,4.1,27,12,9.0,0,51,13,21,7,21,10,0,75,0,0,0.234,3.3
