,date,time,venue,attendance,duration,time_of_day,winner,winning_name,winning_abbr,losing_name,losing_abbr,away_at_bats,away_runs,away_hits,away_rbi,away_earned_runs,away_bases_on_balls,away_strikeouts,away_plate_appearances,away_batting_average,away_on_base_percentage,away_slugging_percentage,away_on_base_plus,away_pitches,away_strikes,away_win_probability_for_offensive_player,away_average_leverage_index,away_win_probability_added,away_win_probability_subtracted,away_base_out_runs_added,away_putouts,away_assists,away_innings_pitched,away_home_runs,away_strikes_by_contact,away_strikes_swinging,away_strikes_looking,away_grounded_balls,away_fly_balls,away_line_drives,away_unknown_bat_type,away_game_score,away_inherited_runners,away_inherited_score,away_win_probability_by_pitcher,away_base_out_runs_saved,home_at_bats,home_runs,home_hits,home_rbi,home_earned_runs,home_bases_on_balls,home_strikeouts,home_plate_appearances,home_batting_average,home_on_base_percentage,home_slugging_percentage,home_on_base_plus,home_pitches,home_strikes,home_win_probability_for_offensive_player,home_average_leverage_index,home_win_probability_added,home_win_probability_subtracted,home_base_out_runs_added,home_putouts,home_assists,home_innings_pitched,home_home_runs,home_strikes_by_contact,home_strikes_swinging,home_strikes_looking,home_grounded_balls,home_fly_balls,home_line_drives,home_unknown_bat_type,home_game_score,home_inherited_runners,home_inherited_score,home_win_probability_by_pitcher,home_base_out_runs_saved
SDN/SDN201604040,"Monday, April 4, 2016",4:11 p.m. Local,Petco Park,44317,3:10,Day,Away,Los Angeles Dodgers,LAD,San Diego Padres,SDP,42,15,17,13,14.0,4,10,49,0.405,0.469,0.619,1.088,139,115,0.252,0.35,0.46,,10.8,27,6,9.0,0,58,26,31,16,17,14,0,83,0,0,0.249,4.2,31,0,4,0,0.0,2,10,33,0.129,0.182,0.161,0.343,180,90,-0.249,0.35,0.026,,-4.2,27,10,9.0,0,40,18,32,7,14,6,0,24,2,2,-0.251,-10.8
SDN/SDN201604050,"Tuesday, April 5, 2016",7:11 p.m. Local,Petco Park,28329,2:36,Night,Away,Los Angeles Dodgers,LAD,San Diego Padres,SDP,33,3,6,3,3.0,2,10,35,0.182,0.229,0.303,0.532,115,83,0.064,0.67,0.45,,-1.2,27,9,9.0,0,46,12,25,8,15,7,0,75,0,0,0.435,4.2,29,0,2,0,0.0,0,11,29,0.069,0.069,0.069,0.138,132,78,-0.435,0.61,0.034,,-4.2,27,7,9.0,0,44,10,24,11,7,1,0,53,0,0,-0.065,1.2
SDN/SDN201604060,"Wednesday, April 6, 2016",6:12 p.m. Local,Petco Park,30054,2:57,Night,Away,Los Angeles Dodgers,LAD,San Diego Padres,SDP,36,7,11,7,7.0,3,9,40,0.306,0.35,0.556,0.906,121,110,0.293,0.48,0.5,,2.8,27,14,9.0,0,64,16,30,12,16,9,0,66,0,0,0.206,4.2,32,0,5,0,0.0,0,7,32,0.156,0.156,0.156,0.313,171,81,-0.207,0.4,0.136,,-4.2,27,8,9.0,2,46,15,20,17,8,3,0,33,0,0,-0.294,-2.8
SFN/SFN201604070,"Thursday, April 7, 2016",1:40 p.m. Local,AT&T Park,41940,3:07,Day,Home,San Francisco Giants,SFG,Los Angeles Dodgers,LAD,39,6,13,6,6.0,0,5,39,0.333,0.333,0.487,0.821,137,86,0.159,1.11,0.653,,1.7,24,10,8.0,1,56,9,21,14,20,10,0,32,6,5,-0.659,-8.2,39,12,17,12,13.5,3,6,43,0.436,0.476,0.615,1.092,126,89,0.66,0.84,1.15,,8.2,27,10,9.0,1,52,10,27,18,16,8,0,34,1,1,-0.159,-1.7
SFN/SFN201604080,"Friday, April 8, 2016",7:18 p.m. Local,AT&T Park,41742,2:58,Night,Home,San Francisco Giants,SFG,Los Angeles Dodgers,LAD,38,2,9,2,1.8,2,5,40,0.237,0.275,0.263,0.538,135,90,-0.343,1.34,0.495,,-2.8,27,12,9.0,2,56,8,26,18,16,7,0,74,1,1,-0.158,1.3,28,3,2,3,3.0,5,6,33,0.071,0.212,0.286,0.498,144,78,0.157,1.03,1.001,,-1.3,30,14,10.0,0,34,14,30,11,11,0,0,54,0,0,0.341,2.8
SFN/SFN201604090,"Saturday, April 9, 2016",1:46 p.m. Local,AT&T Park,41224,3:22,Day,Away,Los Angeles Dodgers,LAD,San Francisco Giants,SFG,41,3,10,3,2.7,3,11,46,0.244,0.326,0.39,0.716,136,109,0.073,1.22,1.582,,-1.8,30,9,10.0,2,64,16,29,12,19,12,0,70,0,0,0.426,2.8,35,2,5,2,1.8,2,9,37,0.143,0.189,0.314,0.503,166,89,-0.425,2.18,0.474,,-2.8,30,7,10.0,0,55,12,22,7,19,11,0,63,2,0,-0.073,1.8
SFN/SFN201604100,"Sunday, April 10, 2016",1:07 p.m. Local,AT&T Park,41656,3:07,Day,Home,San Francisco Giants,SFG,Los Angeles Dodgers,LAD,35,6,10,6,6.0,3,9,41,0.286,0.35,0.314,0.664,152,93,0.145,0.82,0.674,,1.7,24,12,8.0,3,56,16,21,10,18,7,0,27,2,2,-0.645,-5.2,34,9,12,9,10.12,3,4,39,0.353,0.41,0.706,1.116,136,100,0.646,0.88,1.055,,5.2,27,5,9.0,0,64,11,25,13,18,9,0,39,1,0,-0.145,-1.7
LAN/LAN201604120,"Tuesday, April 12, 2016",1:15 p.m. Local,Dodger Stadium,53279,3:00,Day,Away,Arizona Diamondbacks,ARI,Los Angeles Dodgers,LAD,35,4,9,4,4.0,3,6,40,0.257,0.35,0.571,0.921,110,92,0.076,1.47,1.009,,-0.3,27,10,9.0,0,53,14,26,10,19,9,0,56,0,0,0.425,2.3,34,2,9,2,2.0,1,4,37,0.265,0.306,0.324,0.629,156,74,-0.426,1.2,0.58,,-2.3,27,11,9.0,2,48,8,18,12,19,10,0,65,3,0,-0.075,0.3
LAN/LAN201604130,"Wednesday, April 13, 2016",7:10 p.m. Local,Dodger Stadium,44244,3:12,Night,Home,Los Angeles Dodgers,LAD,Arizona Diamondbacks,ARI,29,1,5,1,1.0,4,5,33,0.172,0.273,0.276,0.549,140,82,-0.417,0.87,0.433,,-3.3,24,12,8.0,1,44,15,25,14,10,5,0,46,2,0,-0.084,0.8,31,3,7,2,2.25,1,8,35,0.226,0.314,0.355,0.669,128,85,0.084,1.21,0.598,,-0.8,27,15,9.0,1,45,18,22,15,9,4,0,63,3,0,0.416,3.3
LAN/LAN201604140,"Thursday, April 14, 2016",7:09 p.m. Local,Dodger Stadium,40879,2:36,Night,Home,Los Angeles Dodgers,LAD,Arizona Diamondbacks,ARI,32,2,6,2,2.0,1,9,33,0.188,0.212,0.25,0.462,118,88,-0.134,1.23,0.397,,-2.3,24,10,8.0,0,50,14,24,16,7,6,0,58,3,3,-0.365,-1.2,29,5,8,5,5.62,5,6,34,0.276,0.382,0.31,0.693,141,73,0.364,0.84,0.995,,1.2,27,16,9.0,0,39,14,20,12,11,5,0,58,0,0,0.136,2.3
LAN/LAN201604150,"Friday, April 15, 2016",7:10 p.m. Local,Dodger Stadium,53449,2:45,Night,Home,Los Angeles Dodgers,LAD,San Francisco Giants,SFG,33,3,5,1,2.0,0,9,33,0.152,0.152,0.152,0.303,130,93,-0.14,0.57,0.345,,-1.3,24,8,8.0,2,52,17,24,16,8,3,0,35,2,0,-0.359,-3.2,35,7,9,7,4.5,2,11,37,0.257,0.297,0.543,0.84,138,84,0.359,0.86,0.635,,3.1,27,10,9.0,0,47,16,21,12,12,5,0,63,0,0,0.141,1.3
LAN/LAN201604160,"Saturday, April 16, 2016",6:11 p.m. Local,Dodger Stadium,53409,3:32,Night,Away,San Francisco Giants,SFG,Los Angeles Dodgers,LAD,33,4,8,3,4.0,6,7,40,0.242,0.375,0.273,0.648,147,105,0.092,1.38,0.614,,-0.3,27,10,9.0,1,64,21,22,12,14,5,0,73,0,0,0.408,1.3,32,3,5,3,3.0,3,8,35,0.156,0.229,0.344,0.572,164,92,-0.411,0.88,0.597,,-1.3,27,8,9.0,0,54,14,24,11,13,8,0,31,3,1,-0.091,0.3
LAN/LAN201604170,"Sunday, April 17, 2016",5:10 p.m. Local,Dodger Stadium,48911,2:42,Night,Home,Los Angeles Dodgers,LAD,San Francisco Giants,SFG,30,1,5,1,1.0,3,8,33,0.167,0.242,0.267,0.509,104,82,-0.443,0.87,0.384,,-3.3,24,13,8.0,1,45,14,23,11,11,4,0,48,2,0,-0.058,0.8,27,3,6,3,3.38,3,3,30,0.222,0.3,0.333,0.633,129,64,0.057,1.16,0.61,,-0.9,27,9,9.0,1,39,12,13,15,9,3,0,69,0,0,0.443,3.3
ATL/ATL201604190,"Tuesday, April 19, 2016",7:10 p.m. Local,Turner Field,14160,2:57,Night,Home,Atlanta Braves,ATL,Los Angeles Dodgers,LAD,30,1,5,1,1.0,4,7,35,0.167,0.265,0.167,0.431,138,86,-0.217,0.52,0.204,,-3.4,24,15,8.0,0,43,11,32,12,12,5,0,28,2,2,-0.283,-4.1,34,8,10,8,4.5,3,4,40,0.294,0.375,0.324,0.699,139,93,0.284,0.6,0.485,,4.1,27,9,9.0,0,57,12,24,21,10,5,0,54,3,0,0.218,3.4
ATL/ATL201604200,"Wednesday, April 20, 2016",7:11 p.m. Local,Turner Field,16087,3:54,Night,Away,Los Angeles Dodgers,LAD,Atlanta Braves,ATL,38,5,10,5,4.5,5,9,43,0.263,0.349,0.395,0.744,169,98,0.114,1.27,1.126,,0.1,30,15,10.0,0,55,18,25,11,18,5,0,41,2,0,0.388,1.9,37,3,7,3,1.8,3,7,41,0.189,0.25,0.216,0.466,162,108,-0.388,1.38,0.605,,-1.9,30,9,10.0,1,69,12,27,19,12,5,0,51,4,2,-0.111,-0.1
ATL/ATL201604210,"Thursday, April 21, 2016",12:09 p.m. Local,Turner Field,18431,3:28,Day,Away,Los Angeles Dodgers,LAD,Atlanta Braves,ATL,40,2,9,2,0.9,5,10,45,0.225,0.311,0.275,0.586,138,106,-0.267,1.67,1.13,,-2.9,30,13,10.0,0,66,16,24,13,17,7,0,67,0,0,0.766,3.9,38,1,11,1,0.9,1,11,39,0.289,0.308,0.368,0.676,175,98,-0.769,1.86,0.654,,-3.9,30,11,10.0,0,45,24,29,14,13,7,0,68,2,0,0.267,2.9
COL/COL201604220,"Friday, April 22, 2016",6:43 p.m. Local,Coors Field,37153,3:27,Night,Home,Colorado Rockies,COL,Los Angeles Dodgers,LAD,34,5,8,5,5.0,4,14,38,0.235,0.316,0.471,0.786,143,86,-0.037,1.55,0.763,,-0.2,24,14,8.0,2,44,19,23,10,10,5,0,41,2,0,-0.466,-2.4,30,7,9,7,7.88,3,5,35,0.3,0.353,0.6,0.953,145,93,0.465,1.12,1.133,,2.4,27,8,9.0,2,61,13,19,15,12,6,0,41,2,0,0.035,0.2
COL/COL201604230,"Saturday, April 23, 2016",6:11 p.m. Local,Coors Field,42179,3:09,Night,Away,Los Angeles Dodgers,LAD,Colorado Rockies,COL,36,4,10,4,4.0,3,8,40,0.278,0.333,0.417,0.75,145,98,0.067,0.89,0.44,,-1.2,27,10,9.0,0,57,19,22,14,15,11,0,74,1,1,0.432,4.2,33,1,6,1,1.0,1,11,34,0.182,0.206,0.212,0.418,170,101,-0.432,0.58,0.236,,-4.2,27,8,9.0,1,56,22,23,10,12,7,0,40,0,0,-0.067,1.2
COL/COL201604240,"Sunday, April 24, 2016",2:11 p.m. Local,Coors Field,35962,4:02,Day,Away,Los Angeles Dodgers,LAD,Colorado Rockies,COL,37,12,11,11,10.0,10,6,48,0.297,0.447,0.541,0.987,171,98,1.088,1.71,1.648,,6.8,27,9,9.0,0,60,13,25,18,14,7,0,37,6,3,-0.588,-4.8,36,10,11,9,10.0,9,9,47,0.306,0.444,0.361,0.806,171,94,0.588,1.1,1.706,,4.8,27,16,9.0,1,57,8,29,15,14,6,0,19,4,2,-1.088,-6.8
LAN/LAN201604250,"Monday, April 25, 2016",7:10 p.m. Local,Dodger Stadium,44954,2:51,Night,Away,Miami Marlins,MIA,Los Angeles Dodgers,LAD,34,3,8,3,3.0,3,6,37,0.235,0.297,0.412,0.709,136,94,-0.018,1.56,0.701,,-1.3,27,12,9.0,2,60,10,24,12,16,9,0,57,2,0,0.516,2.3,33,2,7,2,2.0,2,8,36,0.212,0.257,0.394,0.651,146,85,-0.516,0.99,0.651,,-2.3,27,10,9.0,1,51,9,25,13,13,8,0,40,1,0,0.016,1.3
LAN/LAN201604260,"Tuesday, April 26, 2016",7:09 p.m. Local,Dodger Stadium,41102,3:02,Night,Away,Miami Marlins,MIA,Los Angeles Dodgers,LAD,38,6,11,6,6.0,1,10,40,0.289,0.325,0.474,0.799,144,100,0.388,0.92,0.861,,1.7,27,7,9.0,0,55,14,31,13,15,8,0,50,1,0,0.114,1.3,33,3,6,1,2.0,5,7,38,0.182,0.289,0.242,0.532,150,91,-0.115,0.77,0.513,,-1.3,27,10,9.0,1,56,16,19,11,15,7,0,53,1,1,-0.388,-1.7
LAN/LAN201604270,"Wednesday, April 27, 2016",7:10 p.m. Local,Dodger Stadium,38909,3:03,Night,Away,Miami Marlins,MIA,Los Angeles Dodgers,LAD,34,2,8,2,2.0,2,8,37,0.235,0.297,0.235,0.533,137,104,-0.103,1.55,0.379,,-2.3,27,14,9.0,0,58,16,30,11,15,8,0,74,6,0,0.603,4.3,28,0,2,0,0.0,5,4,33,0.071,0.212,0.071,0.284,157,77,-0.604,0.79,0.41,,-4.3,27,7,9.0,0,41,11,25,16,9,3,0,55,0,0,0.104,2.3
LAN/LAN201604280,"Thursday, April 28, 2016",7:10 p.m. Local,Dodger Stadium,44009,2:51,Night,Away,Miami Marlins,MIA,Los Angeles Dodgers,LAD,36,5,9,4,5.0,2,6,38,0.25,0.289,0.444,0.734,146,95,0.27,1.48,0.933,,0.7,27,8,9.0,0,48,17,30,12,18,10,0,59,1,0,0.232,1.3,33,3,8,2,3.0,4,12,38,0.242,0.342,0.273,0.615,135,93,-0.231,1.15,0.785,,-1.3,27,8,9.0,2,39,26,28,11,10,6,0,48,2,2,-0.269,-0.7
LAN/LAN201604290,"Friday, April 29, 2016",7:10 p.m. Local,Dodger Stadium,49686,3:01,Night,Away,San Diego Padres,SDP,Los Angeles Dodgers,LAD,34,5,9,5,5.0,2,12,37,0.265,0.306,0.412,0.717,140,97,0.172,0.95,0.847,,0.7,27,9,9.0,1,55,16,27,12,11,7,0,63,0,0,0.328,3.3,32,1,6,1,1.0,4,11,37,0.188,0.297,0.313,0.61,141,84,-0.325,1.02,0.406,,-3.3,27,10,9.0,1,38,14,32,10,11,7,0,71,0,0,-0.173,-0.7
LAN/LAN201604300,"Saturday, April 30, 2016",6:11 p.m. Local,Dodger Stadium,45740,3:06,Night,Away,San Diego Padres,SDP,Los Angeles Dodgers,LAD,36,5,9,5,5.0,5,12,41,0.25,0.341,0.389,0.73,143,101,0.284,0.92,0.724,,0.7,27,11,9.0,1,47,24,30,12,12,8,0,56,0,0,0.217,2.3,30,2,4,2,2.0,5,5,35,0.133,0.257,0.3,0.557,167,81,-0.217,0.68,0.427,,-2.3,27,7,9.0,0,50,4,27,12,13,5,0,34,2,0,-0.284,-0.7
LAN/LAN201605010,"Sunday, May 1, 2016",1:10 p.m. Local,Dodger Stadium,49271,2:07,Day,Home,Los Angeles Dodgers,LAD,San Diego Padres,SDP,29,0,3,0,0.0,0,14,29,0.103,0.103,0.103,0.207,118,75,-0.732,0.75,0.175,,-4.3,24,9,8.0,0,32,26,17,9,6,3,0,71,1,0,0.23,2.8,26,1,3,1,1.12,2,7,28,0.115,0.179,0.192,0.371,101,71,-0.23,1.31,0.201,,-2.8,27,9,9.0,0,41,9,21,9,10,1,0,95,,,0.73,4.3
TBA/TBA201605030,"Tuesday, May 3, 2016",7:10 p.m. Local,Tropicana Field,14116,3:11,Night,Away,Los Angeles Dodgers,LAD,Tampa Bay Rays,TBR,40,10,13,10,9.0,3,8,43,0.325,0.372,0.6,0.972,155,104,0.515,0.68,0.885,,5.7,27,3,9.0,2,58,23,25,18,14,5,0,52,4,0,-0.014,-0.7,35,5,8,5,5.0,3,10,40,0.229,0.325,0.457,0.782,163,96,0.013,0.7,0.564,,0.7,27,12,9.0,3,42,21,33,6,19,4,0,18,3,1,-0.514,-5.7
TBA/TBA201605040,"Wednesday, May 4, 2016",7:10 p.m. Local,Tropicana Field,13226,3:21,Night,Home,Tampa Bay Rays,TBR,Los Angeles Dodgers,LAD,33,5,8,4,5.0,7,11,41,0.242,0.366,0.333,0.699,140,109,-0.119,0.54,0.772,,0.7,24,6,8.0,4,63,19,27,9,14,7,0,44,1,1,-0.382,-4.1,34,8,10,8,7.88,2,10,36,0.294,0.333,0.735,1.069,187,91,0.383,1.27,0.685,,4.1,27,9,9.0,0,47,19,25,10,14,5,0,53,5,3,0.118,-0.7
TOR/TOR201605060,"Friday, May 6, 2016",7:08 p.m. Local,Rogers Centre,42304,2:53,Night,Home,Toronto Blue Jays,TOR,Los Angeles Dodgers,LAD,35,2,10,2,2.0,3,8,38,0.286,0.342,0.343,0.685,157,84,-0.278,1.29,0.633,,-2.7,24,5,8.0,2,45,15,24,16,11,7,0,63,3,0,-0.222,-0.9,28,5,5,5,5.62,6,7,35,0.179,0.343,0.429,0.771,134,88,0.223,1.16,0.886,,0.9,27,14,9.0,0,43,16,29,4,17,6,0,59,0,0,0.279,2.7
TOR/TOR201605070,"Saturday, May 7, 2016",1:09 p.m. Local,Rogers Centre,47156,2:28,Day,Away,Los Angeles Dodgers,LAD,Toronto Blue Jays,TOR,33,6,7,5,3.0,2,5,36,0.212,0.25,0.394,0.644,142,82,0.204,0.94,0.574,,1.3,27,9,9.0,0,54,10,18,16,13,6,0,63,0,0,0.297,2.7,33,2,9,2,2.0,0,12,33,0.273,0.273,0.333,0.606,118,96,-0.297,0.68,0.427,,-2.7,27,12,9.0,2,48,24,24,7,14,9,0,55,0,0,-0.203,-1.3
TOR/TOR201605080,"Sunday, May 8, 2016",1:08 p.m. Local,Rogers Centre,46665,3:10,Day,Away,Los Angeles Dodgers,LAD,Toronto Blue Jays,TOR,35,4,8,4,4.0,4,12,41,0.229,0.317,0.371,0.689,141,103,0.236,1.25,1.186,,-0.7,27,8,9.0,0,52,21,30,16,8,2,0,72,1,0,0.264,2.7,33,2,5,1,1.0,1,9,34,0.152,0.176,0.212,0.389,167,89,-0.264,1.59,0.541,,-2.7,27,9,9.0,1,44,16,29,11,13,4,0,73,6,3,-0.238,0.7
LAN/LAN201605090,"Monday, May 9, 2016",7:10 p.m. Local,Dodger Stadium,42186,3:08,Night,Away,New York Mets,NYM,Los Angeles Dodgers,LAD,33,4,8,4,3.0,5,10,39,0.242,0.359,0.485,0.844,149,92,0.105,1.25,0.62,,-0.3,27,13,9.0,1,38,19,36,9,14,6,0,56,2,0,0.394,2.3,33,2,6,2,2.0,2,8,36,0.182,0.229,0.273,0.501,163,95,-0.395,0.72,0.507,,-2.3,27,9,9.0,2,52,18,25,15,11,3,0,45,3,0,-0.107,0.3
LAN/LAN201605100,"Tuesday, May 10, 2016",7:10 p.m. Local,Dodger Stadium,38858,2:52,Night,Home,Los Angeles Dodgers,LAD,New York Mets,NYM,31,2,5,1,1.0,2,13,34,0.161,0.235,0.161,0.397,134,89,-0.469,1.38,0.481,,-2.3,26,12,8.2,1,39,18,33,11,8,4,0,57,0,0,-0.033,1.2,34,3,10,3,3.12,1,4,36,0.294,0.306,0.529,0.835,137,91,0.032,1.4,0.962,,-1.2,27,9,9.0,0,62,9,20,16,15,9,0,66,0,0,0.468,2.3
LAN/LAN201605110,"Wednesday, May 11, 2016",7:10 p.m. Local,Dodger Stadium,40970,3:04,Night,Away,New York Mets,NYM,Los Angeles Dodgers,LAD,35,4,8,4,4.0,4,11,40,0.229,0.325,0.457,0.782,107,109,0.171,1.14,0.838,,-0.3,27,13,9.0,2,56,22,31,8,16,3,0,67,0,0,0.329,1.3,33,3,7,3,3.0,1,7,34,0.212,0.235,0.424,0.66,166,70,-0.328,1.01,0.523,,-1.3,27,4,9.0,2,43,11,16,17,9,3,0,40,5,0,-0.171,0.3
LAN/LAN201605120,"Thursday, May 12, 2016",7:10 p.m. Local,Dodger Stadium,41765,2:13,Night,Home,Los Angeles Dodgers,LAD,New York Mets,NYM,29,0,3,0,0.0,1,13,30,0.103,0.133,0.138,0.271,113,73,-0.203,0.33,0.041,,-4.3,24,6,8.0,2,37,16,20,10,6,2,0,36,0,0,-0.298,-1.2,32,5,8,5,5.62,0,6,32,0.25,0.25,0.438,0.688,109,73,0.298,0.33,0.415,,1.2,27,9,9.0,0,47,11,15,6,20,9,0,93,,,0.202,4.3
LAN/LAN201605130,"Friday, May 13, 2016",7:10 p.m. Local,Dodger Stadium,46716,3:01,Night,Home,Los Angeles Dodgers,LAD,St. Louis Cardinals,STL,35,4,9,3,4.0,4,5,39,0.257,0.333,0.486,0.819,147,84,-0.047,0.71,0.585,,-0.3,24,9,8.0,1,48,7,29,14,16,6,0,29,0,0,-0.451,-4.2,38,8,11,7,3.38,3,7,41,0.289,0.341,0.421,0.763,140,95,0.452,0.9,0.794,,4.2,27,15,9.0,1,58,10,27,19,12,7,0,34,4,0,0.048,0.3
LAN/LAN201605140,"Saturday, May 14, 2016",6:09 p.m. Local,Dodger Stadium,48459,2:45,Night,Home,Los Angeles Dodgers,LAD,St. Louis Cardinals,STL,32,3,5,3,2.0,1,8,35,0.156,0.176,0.281,0.458,133,81,-0.257,0.87,0.276,,-1.3,24,9,8.0,2,44,12,25,14,12,7,0,40,0,0,-0.244,-1.2,28,5,6,5,5.62,3,8,33,0.214,0.303,0.429,0.732,123,82,0.245,0.87,0.63,,1.2,27,9,9.0,1,51,14,17,15,7,2,0,70,0,0,0.256,1.3
LAN/LAN201605150,"Sunday, May 15, 2016",5:09 p.m. Local,Dodger Stadium,51350,3:00,Night,Away,St. Louis Cardinals,STL,Los Angeles Dodgers,LAD,32,5,7,5,5.0,3,8,37,0.219,0.297,0.375,0.672,127,94,0.176,1.02,0.809,,0.7,27,15,9.0,2,54,14,26,13,12,4,0,59,0,0,0.324,2.3,30,2,6,2,2.0,3,5,33,0.2,0.273,0.4,0.673,152,81,-0.325,0.99,0.401,,-2.3,27,13,9.0,1,50,11,20,15,10,3,0,66,1,1,-0.176,-0.7
LAN/LAN201605160,"Monday, May 16, 2016",7:10 p.m. Local,Dodger Stadium,39583,4:00,Night,Away,Los Angeles Angels,LAA,Los Angeles Dodgers,LAD,36,7,12,7,7.0,4,7,41,0.333,0.39,0.417,0.807,172,106,0.347,1.36,0.993,,2.7,27,11,9.0,2,64,18,24,18,12,7,0,46,2,1,0.151,-1.7,35,6,9,6,6.0,5,8,41,0.257,0.341,0.429,0.77,161,107,-0.151,1.02,0.882,,1.7,27,15,9.0,0,64,16,27,13,15,5,0,39,0,0,-0.349,-2.7
LAN/LAN201605170,"Tuesday, May 17, 2016",7:10 p.m. Local,Dodger Stadium,42514,2:12,Night,Home,Los Angeles Dodgers,LAD,Los Angeles Angels,LAA,31,1,4,1,1.0,0,13,31,0.129,0.129,0.129,0.258,98,84,-0.335,0.64,0.202,,-3.3,24,13,8.0,3,46,24,14,9,9,4,0,43,0,0,-0.166,-1.2,34,5,13,4,4.5,2,2,36,0.382,0.417,0.676,1.093,114,66,0.166,0.86,0.572,,1.2,27,5,9.0,0,46,6,14,16,16,7,0,81,0,0,0.335,3.3
ANA/ANA201605180,"Wednesday, May 18, 2016",7:07 p.m. Local,Angel Stadium of Anaheim,44006,3:12,Night,Home,Los Angeles Angels,LAA,Los Angeles Dodgers,LAD,34,1,8,1,1.0,3,4,37,0.235,0.297,0.324,0.621,157,76,-0.178,0.85,0.388,,-3.3,24,9,8.0,1,53,9,14,16,14,9,0,37,3,2,-0.322,-4.1,33,8,12,8,7.88,5,8,42,0.364,0.425,0.545,0.97,126,97,0.323,0.71,0.804,,4.1,27,14,9.0,0,49,19,28,15,13,6,0,61,0,0,0.178,3.3
ANA/ANA201605190,"Thursday, May 19, 2016",7:07 p.m. Local,Angel Stadium of Anaheim,45007,3:06,Night,Home,Los Angeles Angels,LAA,Los Angeles Dodgers,LAD,33,4,6,3,4.0,4,6,37,0.182,0.27,0.242,0.513,147,90,0.024,1.24,0.566,,-0.3,24,8,8.0,2,52,15,23,18,9,6,0,30,5,3,-0.525,-3.1,33,7,11,7,7.88,3,6,37,0.333,0.405,0.576,0.981,135,93,0.525,0.98,1.177,,3.1,27,14,9.0,0,52,14,27,11,16,6,0,34,3,1,-0.024,0.3
SDN/SDN201605200,"Friday, May 20, 2016",7:42 p.m. Local,Petco Park,31836,3:25,Night,Home,San Diego Padres,SDP,Los Angeles Dodgers,LAD,36,6,11,6,6.0,5,9,42,0.306,0.39,0.556,0.946,147,104,0.536,1.43,1.433,,1.8,24,7,8.0,3,56,20,30,13,15,10,0,41,3,0,-1.036,-3.2,29,7,7,7,7.88,8,6,40,0.241,0.421,0.586,1.007,187,83,1.036,1.29,1.817,,3.2,27,13,9.0,2,51,14,18,11,14,4,0,39,3,0,-0.535,-1.8
SDN/SDN201605210,"Saturday, May 21, 2016",7:12 p.m. Local,Petco Park,40221,3:39,Night,Home,San Diego Padres,SDP,Los Angeles Dodgers,LAD,36,2,4,2,1.64,3,13,39,0.111,0.179,0.194,0.374,180,97,-0.49,1.78,0.674,,-3.2,32,3,10.2,0,48,17,32,18,5,3,0,68,4,1,-0.011,1.4,35,3,5,3,2.53,5,19,43,0.143,0.238,0.171,0.41,150,114,0.009,1.42,1.187,,-1.4,33,13,11.0,1,55,25,33,6,12,5,0,67,0,0,0.489,3.2
SDN/SDN201605220,"Sunday, May 22, 2016",1:43 p.m. Local,Petco Park,43100,5:47,Day,Away,Los Angeles Dodgers,LAD,San Diego Padres,SDP,65,9,16,7,4.76,8,9,74,0.246,0.338,0.369,0.707,256,164,-0.335,1.75,2.233,,1.0,51,22,17.0,0,115,14,35,27,29,11,0,47,1,1,0.834,3.0,59,5,9,5,2.65,5,12,65,0.153,0.231,0.22,0.451,269,158,-0.833,1.95,1.267,,-3.0,51,14,17.0,2,92,30,36,23,24,9,0,50,2,2,0.335,-1.0
LAN/LAN201605230,"Monday, May 23, 2016",7:10 p.m. Local,Dodger Stadium,42519,2:11,Night,Home,Los Angeles Dodgers,LAD,Cincinnati Reds,CIN,27,0,2,0,0.0,1,7,29,0.074,0.107,0.111,0.218,107,71,-0.72,1.09,0.145,,-4.3,24,12,8.0,0,38,11,22,16,5,2,0,66,,,0.219,2.8,26,1,5,0,1.12,4,2,30,0.192,0.3,0.192,0.492,102,62,-0.218,1.23,0.43,,-2.8,27,11,9.0,0,42,3,17,13,11,4,0,89,,,0.719,4.3
LAN/LAN201605240,"Tuesday, May 24, 2016",7:10 p.m. Local,Dodger Stadium,42278,3:08,Night,Home,Los Angeles Dodgers,LAD,Cincinnati Reds,CIN,30,2,3,2,2.0,1,9,31,0.1,0.129,0.267,0.396,178,84,-0.182,0.79,0.33,,-2.3,24,8,8.0,0,41,18,25,7,14,5,0,43,3,2,-0.319,-4.2,35,8,11,6,6.75,6,7,42,0.314,0.429,0.371,0.8,129,106,0.321,0.75,0.814,,4.2,27,6,9.0,1,62,13,31,10,18,10,0,60,1,0,0.182,2.3
LAN/LAN201605250,"Wednesday, May 25, 2016",7:10 p.m. Local,Dodger Stadium,44855,2:21,Night,Home,Los Angeles Dodgers,LAD,Cincinnati Reds,CIN,30,1,4,1,1.0,2,14,32,0.133,0.188,0.2,0.388,116,91,-0.416,0.94,0.231,,-3.3,24,7,8.0,1,43,17,31,5,11,5,0,69,0,0,-0.086,0.8,27,3,3,3,3.38,1,13,29,0.111,0.172,0.222,0.395,127,75,0.087,0.99,0.523,,-0.8,27,7,9.0,0,38,16,21,8,6,4,0,70,0,0,0.415,3.3
NYN/NYN201605270,"Friday, May 27, 2016",7:11 p.m. Local,Citi Field,43462,3:03,Night,Home,New York Mets,NYM,Los Angeles Dodgers,LAD,31,5,8,5,5.0,4,11,38,0.258,0.351,0.29,0.642,158,87,0.123,0.58,0.969,,0.7,24,4,8.0,3,47,15,25,12,10,3,0,35,3,0,-0.622,-2.2,33,6,9,6,6.75,4,12,37,0.273,0.351,0.606,0.957,144,94,0.623,1.27,0.899,,2.2,27,10,9.0,0,49,13,32,5,16,4,0,71,1,0,-0.122,-0.7
NYN/NYN201605280,"Saturday, May 28, 2016",7:16 p.m. Local,Citi Field,42227,3:12,Night,Away,Los Angeles Dodgers,LAD,New York Mets,NYM,39,9,14,9,9.0,3,10,42,0.359,0.405,0.821,1.225,136,98,0.143,0.55,0.616,,4.7,27,10,9.0,1,53,9,36,11,18,10,0,64,0,0,0.357,3.3,29,1,3,1,1.0,4,10,33,0.103,0.212,0.207,0.419,140,85,-0.356,0.64,0.085,,-3.3,27,14,9.0,5,42,9,34,9,10,5,0,56,4,3,-0.143,-4.7
NYN/NYN201605290,"Sunday, May 29, 2016",8:08 p.m. Local,Citi Field,42287,3:05,Night,Away,Los Angeles Dodgers,LAD,New York Mets,NYM,37,4,9,4,4.0,4,5,41,0.243,0.317,0.27,0.587,133,88,0.285,1.34,0.957,,-0.3,27,9,9.0,1,56,10,22,12,20,13,0,73,1,1,0.217,2.3,32,2,5,2,2.0,0,12,32,0.156,0.156,0.375,0.531,146,90,-0.216,1.3,0.687,,-2.3,27,7,9.0,0,47,22,21,8,12,4,0,52,0,0,-0.282,0.3
CHN/CHN201605300,"Monday, May 30, 2016",4:05 p.m. Local,Wrigley Field,41470,2:40,Day,Home,Chicago Cubs,CHC,Los Angeles Dodgers,LAD,28,0,1,0,0.0,1,11,29,0.036,0.069,0.036,0.105,128,83,-0.564,0.99,0.032,,-4.5,24,6,8.0,0,44,17,22,8,9,2,0,49,1,0,0.063,2.0,30,2,8,2,2.25,3,9,34,0.267,0.353,0.3,0.653,118,82,-0.065,0.85,0.533,,-2.0,27,8,9.0,0,44,15,24,9,13,7,0,56,0,0,0.563,4.5
CHN/CHN201605310,"Tuesday, May 31, 2016",7:32 p.m. Local,Wrigley Field,34681,2:57,Night,Away,Los Angeles Dodgers,LAD,Chicago Cubs,CHC,34,5,8,5,5.0,5,9,40,0.235,0.325,0.324,0.649,124,98,-0.04,0.9,0.653,,0.5,27,5,9.0,0,52,18,28,14,12,5,0,76,0,0,0.539,4.5,27,0,1,0,0.0,1,11,29,0.037,0.103,0.037,0.14,168,80,-0.54,1.2,0.083,,-4.5,27,12,9.0,1,32,21,27,4,12,1,0,77,4,3,0.039,-0.5
CHN/CHN201606010,"Wednesday, June 1, 2016",7:10 p.m. Local,Wrigley Field,36426,2:29,Night,Home,Chicago Cubs,CHC,Los Angeles Dodgers,LAD,31,1,4,1,1.0,0,10,31,0.129,0.129,0.258,0.387,132,74,-0.631,0.93,0.2,,-3.5,24,5,8.0,1,39,12,23,14,7,3,0,59,0,0,0.129,2.0,26,2,3,2,2.25,2,11,30,0.115,0.233,0.231,0.464,113,82,-0.127,1.17,0.429,,-2.0,27,12,9.0,1,40,22,20,6,9,4,0,85,,,0.629,3.5
CHN/CHN201606020,"Thursday, June 2, 2016",1:20 p.m. Local,Wrigley Field,37422,2:25,Day,Home,Chicago Cubs,CHC,Los Angeles Dodgers,LAD,25,2,3,2,2.0,2,6,30,0.12,0.207,0.24,0.447,136,80,-0.25,0.54,0.19,,-2.5,24,7,8.0,4,46,11,23,14,8,5,0,32,0,0,-0.25,-3.0,33,7,10,7,6.75,3,11,36,0.303,0.361,0.667,1.028,120,89,0.251,0.65,0.534,,3.0,27,15,9.0,1,42,20,27,9,13,9,0,73,0,0,0.25,2.5
LAN/LAN201606030,"Friday, June 3, 2016",7:11 p.m. Local,Dodger Stadium,46366,2:42,Night,Home,Los Angeles Dodgers,LAD,Atlanta Braves,ATL,33,2,7,2,1.0,2,7,35,0.212,0.257,0.212,0.469,126,84,-0.363,0.8,0.364,,-2.3,24,8,8.0,4,48,11,25,12,14,7,0,56,1,0,-0.136,-0.2,29,4,5,4,4.5,3,11,32,0.172,0.25,0.621,0.871,130,78,0.138,1.07,0.673,,0.2,27,9,9.0,0,41,16,21,9,9,2,0,58,0,0,0.365,2.3
LAN/LAN201606040,"Saturday, June 4, 2016",7:10 p.m. Local,Dodger Stadium,47126,3:27,Night,Home,Los Angeles Dodgers,LAD,Atlanta Braves,ATL,29,0,5,0,0.0,2,8,33,0.172,0.25,0.172,0.422,152,96,-0.585,0.91,0.443,,-4.3,24,7,8.0,0,59,18,19,11,11,4,0,55,5,3,0.086,-0.2,29,4,6,4,4.5,7,3,37,0.207,0.351,0.276,0.627,145,91,-0.086,1.48,0.454,,0.2,27,13,9.0,0,54,12,25,14,13,6,0,69,0,0,0.586,4.3
LAN/LAN201606050,"Sunday, June 5, 2016",1:11 p.m. Local,Dodger Stadium,47950,3:17,Day,Home,Los Angeles Dodgers,LAD,Atlanta Braves,ATL,37,6,12,6,6.0,2,7,39,0.324,0.359,0.514,0.872,188,97,0.004,0.38,0.316,,1.7,24,5,8.0,4,55,17,27,14,16,9,0,14,0,0,-0.505,-8.2,38,12,14,12,13.5,6,9,44,0.368,0.455,0.763,1.218,149,114,0.505,0.43,0.684,,8.2,27,9,9.0,1,67,15,32,9,20,8,0,45,3,0,-0.004,-1.7
LAN/LAN201606060,"Monday, June 6, 2016",7:11 p.m. Local,Dodger Stadium,38964,2:26,Night,Away,Colorado Rockies,COL,Los Angeles Dodgers,LAD,33,6,9,6,6.0,3,10,37,0.273,0.333,0.485,0.818,113,91,0.268,0.75,0.64,,1.7,27,12,9.0,0,42,17,32,10,14,7,0,77,0,0,0.232,3.3,26,1,1,1,1.0,4,6,31,0.038,0.194,0.038,0.232,141,64,-0.231,0.62,0.246,,-3.3,27,8,9.0,2,35,8,21,11,9,3,0,33,0,0,-0.268,-1.7
LAN/LAN201606070,"Tuesday, June 7, 2016",7:10 p.m. Local,Dodger Stadium,40525,3:17,Night,Home,Los Angeles Dodgers,LAD,Colorado Rockies,COL,35,3,9,3,2.0,4,15,40,0.257,0.333,0.429,0.762,127,117,-0.232,0.93,0.853,,-1.3,26,14,8.2,2,62,25,30,9,12,7,0,52,1,0,-0.267,0.2,27,4,5,4,4.15,5,5,32,0.185,0.313,0.407,0.72,186,73,0.269,1.57,0.861,,-0.2,27,6,9.0,1,40,9,24,14,8,4,0,58,4,1,0.234,1.3
LAN/LAN201606080,"Wednesday, June 8, 2016",7:10 p.m. Local,Dodger Stadium,41324,3:04,Night,Away,Colorado Rockies,COL,Los Angeles Dodgers,LAD,31,1,6,1,1.0,1,10,33,0.194,0.219,0.258,0.477,139,91,-0.288,1.56,0.46,,-3.3,27,13,9.0,0,56,15,20,10,12,6,0,68,0,0,0.787,4.3,31,0,4,0,0.0,2,6,35,0.129,0.206,0.129,0.335,132,86,-0.787,1.1,0.334,,-4.3,27,9,9.0,0,55,13,18,16,10,5,0,68,1,0,0.287,3.3
SFN/SFN201606100,"Friday, June 10, 2016",7:15 p.m. Local,AT&T Park,41208,2:35,Night,Away,Los Angeles Dodgers,LAD,San Francisco Giants,SFG,32,3,5,2,3.0,0,9,34,0.156,0.206,0.281,0.487,126,81,0.035,1.6,0.651,,-1.3,27,5,9.0,1,41,9,31,13,10,5,0,77,0,0,0.465,2.3,33,2,6,2,2.0,1,14,34,0.182,0.206,0.333,0.539,129,88,-0.464,0.97,0.619,,-2.3,27,8,9.0,1,37,34,17,8,11,6,0,76,0,0,-0.035,1.3
SFN/SFN201606110,"Saturday, June 11, 2016",4:15 p.m. Local,AT&T Park,41358,4:00,Day,Home,San Francisco Giants,SFG,Los Angeles Dodgers,LAD,38,4,11,4,3.6,6,8,44,0.289,0.386,0.447,0.834,163,110,0.079,1.55,1.434,,-0.8,28,11,9.1,0,63,13,34,13,17,7,0,47,3,1,-0.58,-1.1,33,5,7,5,4.82,7,3,40,0.212,0.35,0.242,0.592,184,99,0.58,1.69,1.426,,1.1,30,11,10.0,1,62,13,24,13,17,8,0,43,9,1,-0.08,0.8
SFN/SFN201606120,"Sunday, June 12, 2016",5:38 p.m. Local,AT&T Park,41583,3:01,Night,Home,San Francisco Giants,SFG,Los Angeles Dodgers,LAD,32,1,6,1,1.0,1,5,33,0.188,0.212,0.281,0.493,124,85,-0.593,0.97,0.367,,-3.3,24,6,8.0,1,48,10,27,12,15,4,0,58,3,0,0.092,1.8,29,2,5,2,2.25,3,7,32,0.172,0.25,0.345,0.595,131,74,-0.092,1.32,0.538,,-1.8,27,11,9.0,1,45,13,16,6,16,5,0,66,1,0,0.593,3.3
ARI/ARI201606130,"Monday, June 13, 2016",6:40 p.m. Local,Chase Field,21374,3:21,Night,Home,Arizona Diamondbacks,ARI,Los Angeles Dodgers,LAD,34,2,7,2,2.0,5,7,39,0.206,0.308,0.382,0.69,129,99,-0.527,0.79,0.839,,-2.8,24,7,8.0,2,60,13,26,9,18,6,0,47,4,0,0.027,1.2,28,3,6,3,3.38,2,8,30,0.214,0.267,0.429,0.695,160,76,-0.028,1.81,0.479,,-1.2,27,8,9.0,1,34,15,29,7,13,8,0,59,3,0,0.527,2.8
ARI/ARI201606140,"Tuesday, June 14, 2016",6:41 p.m. Local,Chase Field,23458,3:10,Night,Away,Los Angeles Dodgers,LAD,Arizona Diamondbacks,ARI,35,7,9,7,7.0,4,12,40,0.257,0.333,0.629,0.962,126,101,0.498,0.88,0.993,,2.2,27,8,9.0,0,59,16,26,7,17,9,0,51,1,1,0.001,0.8,34,4,9,3,3.0,1,11,35,0.265,0.286,0.294,0.58,168,87,-0.002,0.8,0.523,,-0.8,27,4,9.0,4,41,16,30,11,12,9,0,47,0,0,-0.498,-2.2
ARI/ARI201606150,"Wednesday, June 15, 2016",12:40 p.m. Local,Chase Field,27792,2:51,Day,Away,Los Angeles Dodgers,LAD,Arizona Diamondbacks,ARI,32,3,7,3,3.0,3,10,35,0.219,0.286,0.344,0.629,138,90,-0.056,1.44,0.656,,-1.8,27,10,9.0,1,50,15,25,10,12,6,0,70,0,0,0.557,2.8,32,2,5,2,2.0,1,13,33,0.156,0.182,0.313,0.494,146,92,-0.559,1.02,0.519,,-2.8,27,11,9.0,1,45,25,22,9,10,7,0,51,0,0,0.057,1.8
LAN/LAN201606160,"Thursday, June 16, 2016",7:10 p.m. Local,Dodger Stadium,44183,3:18,Night,Away,Milwaukee Brewers,MIL,Los Angeles Dodgers,LAD,35,8,10,8,8.0,3,11,39,0.286,0.333,0.571,0.905,138,108,0.64,1.38,1.293,,3.7,27,9,9.0,1,67,16,25,10,15,6,0,41,1,1,-0.14,-1.7,33,6,8,6,5.0,2,8,38,0.242,0.316,0.364,0.679,165,83,0.14,1.15,0.952,,1.7,27,7,9.0,3,46,13,24,11,15,7,0,46,0,0,-0.64,-3.7
LAN/LAN201606170,"Friday, June 17, 2016",7:10 p.m. Local,Dodger Stadium,44998,3:37,Night,Home,Los Angeles Dodgers,LAD,Milwaukee Brewers,MIL,41,2,12,2,1.8,2,16,44,0.293,0.341,0.39,0.731,140,122,-0.374,1.6,0.978,,-2.8,28,11,9.1,2,66,24,32,12,13,7,0,68,0,0,-0.127,0.3,34,3,8,3,2.89,3,8,39,0.235,0.316,0.441,0.757,182,89,0.128,1.45,1.011,,-0.3,30,9,10.0,0,44,19,26,13,14,8,0,64,2,1,0.374,2.8
LAN/LAN201606180,"Saturday, June 18, 2016",7:10 p.m. Local,Dodger Stadium,44112,3:28,Night,Home,Los Angeles Dodgers,LAD,Milwaukee Brewers,MIL,35,6,11,6,6.0,4,7,39,0.314,0.385,0.429,0.813,167,101,0.216,0.66,0.758,,1.7,24,6,8.0,3,59,12,30,12,16,10,0,17,2,2,-0.714,-6.2,36,10,14,10,11.25,4,9,40,0.389,0.45,0.722,1.172,160,111,0.715,0.85,0.97,,6.2,27,11,9.0,1,69,16,26,7,20,12,0,19,2,0,-0.215,-1.7
LAN/LAN201606190,"Sunday, June 19, 2016",1:10 p.m. Local,Dodger Stadium,45931,2:44,Day,Home,Los Angeles Dodgers,LAD,Milwaukee Brewers,MIL,30,1,6,1,1.0,3,10,33,0.2,0.273,0.333,0.606,116,87,-0.422,1.79,0.285,,-3.3,26,10,8.2,1,47,12,28,9,11,6,0,64,0,0,-0.078,1.6,31,2,8,2,2.08,2,6,35,0.258,0.324,0.387,0.711,125,74,0.077,0.97,1.161,,-1.6,27,9,9.0,1,41,8,25,11,15,7,0,62,2,0,0.424,3.3
LAN/LAN201606200,"Monday, June 20, 2016",7:10 p.m. Local,Dodger Stadium,44712,2:50,Night,Home,Los Angeles Dodgers,LAD,Washington Nationals,WSN,34,1,7,1,1.0,0,10,34,0.206,0.206,0.235,0.441,140,97,-0.384,0.48,0.319,,-3.3,24,8,8.0,2,53,19,25,14,10,5,0,54,0,0,-0.116,-0.2,30,4,7,4,4.5,2,9,32,0.233,0.281,0.533,0.815,134,87,0.115,1.05,0.402,,0.2,27,5,9.0,0,47,10,30,11,11,5,0,69,0,0,0.384,3.3
LAN/LAN201606210,"Tuesday, June 21, 2016",7:10 p.m. Local,Dodger Stadium,42307,2:44,Night,Home,Los Angeles Dodgers,LAD,Washington Nationals,WSN,37,2,11,2,2.0,2,5,39,0.297,0.333,0.595,0.928,115,97,-0.255,1.17,0.44,,-2.3,24,11,8.0,1,52,13,32,17,15,10,0,58,0,0,-0.244,0.8,29,3,7,3,3.38,1,6,30,0.241,0.267,0.414,0.68,147,76,0.244,0.88,0.873,,-0.8,27,15,9.0,2,37,10,29,14,9,5,0,51,0,0,0.257,2.3
LAN/LAN201606220,"Wednesday, June 22, 2016",7:10 p.m. Local,Dodger Stadium,43776,3:35,Night,Home,Los Angeles Dodgers,LAD,Washington Nationals,WSN,36,3,11,3,3.0,3,10,39,0.306,0.359,0.472,0.831,131,112,-0.038,1.51,0.912,,-1.3,25,4,8.1,1,65,21,26,12,14,6,0,55,2,0,-0.462,0.1,33,4,9,1,2.16,1,8,35,0.273,0.294,0.364,0.658,174,84,0.462,1.23,1.373,,-0.1,27,12,9.0,1,46,14,24,11,15,7,0,52,3,0,0.038,1.3
PIT/PIT201606240,"Friday, June 24, 2016",7:07 p.m. Local,PNC Park,28226,3:17,Night,Home,Pittsburgh Pirates,PIT,Los Angeles Dodgers,LAD,36,6,13,5,6.0,1,6,40,0.361,0.375,0.528,0.903,149,97,-0.033,0.76,0.886,,1.6,24,8,8.0,2,63,9,25,14,18,13,0,31,2,0,-0.468,-4.1,34,8,12,8,9.0,2,8,38,0.353,0.395,0.588,0.983,147,98,0.468,1.35,0.845,,4.1,27,11,9.0,1,50,9,39,9,18,7,0,31,6,2,0.031,-1.6
PIT/PIT201606250,"Saturday, June 25, 2016",7:15 p.m. Local,PNC Park,33590,2:47,Night,Home,Pittsburgh Pirates,PIT,Los Angeles Dodgers,LAD,34,1,8,1,1.0,0,6,34,0.235,0.235,0.353,0.588,148,79,-0.225,0.74,0.377,,-3.4,24,13,8.0,3,52,8,19,12,16,9,0,45,0,0,-0.276,-2.1,28,6,5,6,6.75,4,5,32,0.179,0.281,0.5,0.781,123,81,0.278,0.76,0.633,,2.1,27,11,9.0,0,45,12,24,15,8,1,0,66,0,0,0.224,3.4
PIT/PIT201606260,"Sunday, June 26, 2016",8:09 p.m. Local,PNC Park,32228,2:40,Night,Home,Pittsburgh Pirates,PIT,Los Angeles Dodgers,LAD,30,3,4,3,3.0,4,7,34,0.133,0.235,0.3,0.535,124,69,-0.467,0.98,0.384,,-1.4,24,11,8.0,0,39,5,26,9,14,3,0,40,0,0,-0.034,-0.1,30,4,9,4,4.5,2,6,33,0.3,0.344,0.367,0.71,117,84,0.035,1.16,0.556,,0.1,27,10,9.0,1,46,13,25,11,14,7,0,48,0,0,0.466,1.4
PIT/PIT201606270,"Monday, June 27, 2016",12:38 p.m. Local,PNC Park,26925,3:32,Day,Away,Los Angeles Dodgers,LAD,Pittsburgh Pirates,PIT,32,5,7,5,4.0,7,4,41,0.219,0.366,0.313,0.678,161,95,0.131,1.6,0.872,,0.6,27,8,9.0,0,53,12,30,14,15,8,0,43,1,0,0.37,0.4,31,4,5,4,4.0,6,10,37,0.161,0.297,0.226,0.523,161,98,-0.369,1.2,0.716,,-0.4,27,12,9.0,0,61,18,20,7,14,7,0,35,2,2,-0.131,-0.6
MIL/MIL201606280,"Tuesday, June 28, 2016",7:11 p.m. Local,Miller Park,33819,3:25,Night,Away,Los Angeles Dodgers,LAD,Milwaukee Brewers,MIL,38,6,12,5,5.0,5,7,44,0.316,0.409,0.421,0.83,148,99,0.329,1.37,0.742,,1.5,27,11,9.0,0,61,17,21,14,17,10,0,60,1,1,0.171,-0.4,28,5,4,5,4.0,8,10,38,0.143,0.324,0.25,0.574,157,91,-0.171,0.68,0.809,,0.5,27,9,9.0,0,46,19,27,12,8,3,0,22,2,1,-0.329,-1.4
MIL/MIL201606290,"Wednesday, June 29, 2016",7:10 p.m. Local,Miller Park,26566,2:30,Night,Home,Milwaukee Brewers,MIL,Los Angeles Dodgers,LAD,28,0,2,0,0.0,2,8,30,0.071,0.133,0.107,0.24,145,74,-0.216,0.37,0.095,,-4.6,24,8,8.0,2,43,15,16,11,9,2,0,36,0,0,-0.284,-3.0,33,7,12,7,7.88,3,11,36,0.364,0.417,0.576,0.992,121,94,0.285,0.47,0.434,,3.0,27,11,9.0,0,53,20,21,10,12,9,0,83,0,0,0.216,4.6
MIL/MIL201606300,"Thursday, June 30, 2016",1:11 p.m. Local,Miller Park,33029,3:19,Day,Away,Los Angeles Dodgers,LAD,Milwaukee Brewers,MIL,39,8,14,8,8.0,4,10,44,0.359,0.419,0.667,1.085,140,116,0.336,0.59,0.676,,3.5,27,8,9.0,0,62,19,35,16,14,9,0,66,0,0,0.166,3.6,30,1,4,1,1.0,2,7,35,0.133,0.229,0.167,0.395,185,90,-0.166,0.49,0.171,,-3.5,27,12,9.0,3,51,16,23,9,15,9,0,24,4,2,-0.335,-3.4
LAN/LAN201607010,"Friday, July 1, 2016",7:11 p.m. Local,Dodger Stadium,43644,2:53,Night,Home,Los Angeles Dodgers,LAD,Colorado Rockies,COL,29,0,3,0,0.0,3,12,33,0.103,0.212,0.138,0.35,112,98,-0.53,0.86,0.237,,-4.3,24,11,8.0,0,49,26,23,6,11,4,0,59,2,2,0.03,-1.2,29,5,9,4,5.62,4,4,34,0.31,0.382,0.379,0.762,145,66,-0.031,0.98,0.516,,1.2,27,6,9.0,0,38,10,18,13,13,8,0,75,1,0,0.53,4.3
LAN/LAN201607020,"Saturday, July 2, 2016",7:11 p.m. Local,Dodger Stadium,46608,3:11,Night,Home,Los Angeles Dodgers,LAD,Colorado Rockies,COL,32,1,5,1,1.0,1,14,34,0.156,0.206,0.313,0.518,167,95,-0.276,0.45,0.138,,-3.3,24,6,8.0,0,43,18,34,8,10,2,0,47,2,2,-0.223,-2.2,33,6,10,5,5.62,3,7,38,0.303,0.368,0.394,0.762,159,105,0.223,0.56,0.428,,2.2,27,6,9.0,1,62,19,24,14,13,6,0,76,0,0,0.276,3.3
LAN/LAN201607030,"Sunday, July 3, 2016",1:10 p.m. Local,Dodger Stadium,41836,2:52,Day,Home,Los Angeles Dodgers,LAD,Colorado Rockies,COL,30,1,4,1,1.0,1,15,32,0.133,0.188,0.233,0.421,136,87,-0.339,0.62,0.204,,-3.3,24,5,8.0,2,38,20,29,9,6,2,0,49,0,0,-0.161,-0.2,28,4,7,4,4.5,4,6,33,0.25,0.364,0.5,0.864,128,84,0.16,0.73,0.479,,0.2,27,9,9.0,1,44,16,24,10,12,3,0,70,0,0,0.34,3.3
LAN/LAN201607040,"Monday, July 4, 2016",6:10 p.m. Local,Dodger Stadium,47378,3:12,Night,Home,Los Angeles Dodgers,LAD,Baltimore Orioles,BAL,34,5,8,5,5.0,2,8,37,0.235,0.278,0.294,0.572,157,91,-0.046,1.2,0.647,,0.7,24,11,8.0,2,47,20,24,6,21,10,0,36,1,0,-0.453,-3.2,31,7,9,7,7.88,6,7,38,0.29,0.395,0.581,0.975,140,88,0.455,1.18,1.087,,3.2,27,5,9.0,0,55,9,24,14,11,5,0,29,1,0,0.047,-0.7
LAN/LAN201607050,"Tuesday, July 5, 2016",7:10 p.m. Local,Dodger Stadium,45373,3:17,Night,Away,Baltimore Orioles,BAL,Los Angeles Dodgers,LAD,34,4,9,4,4.0,3,11,39,0.265,0.342,0.412,0.754,130,103,0.154,0.87,0.722,,-0.3,27,11,9.0,0,55,20,28,9,15,6,0,63,0,0,0.346,3.3,31,1,6,1,1.0,2,7,34,0.194,0.242,0.226,0.468,164,79,-0.345,0.92,0.282,,-3.3,27,8,9.0,1,50,14,22,12,13,9,0,34,0,0,-0.155,0.3
LAN/LAN201607060,"Wednesday, July 6, 2016",12:10 p.m. Local,Dodger Stadium,40899,5:26,Day,Away,Baltimore Orioles,BAL,Los Angeles Dodgers,LAD,53,6,13,5,3.86,7,18,61,0.245,0.344,0.415,0.759,249,179,-0.261,2.04,1.631,,-0.7,42,18,14.0,1,103,40,36,12,23,7,0,40,1,0,0.762,2.7,55,4,16,4,2.57,7,18,62,0.291,0.371,0.455,0.826,277,150,-0.761,1.77,1.628,,-2.7,42,11,14.0,2,82,32,36,20,17,11,0,46,2,0,0.262,0.7
LAN/LAN201607070,"Thursday, July 7, 2016",7:10 p.m. Local,Dodger Stadium,44759,2:45,Night,Away,San Diego Padres,SDP,Los Angeles Dodgers,LAD,37,6,10,6,6.0,3,7,40,0.27,0.325,0.514,0.839,135,89,0.244,0.64,0.513,,1.7,27,6,9.0,0,53,16,20,13,17,8,0,77,0,0,0.256,4.3,29,0,2,0,0.0,4,9,34,0.069,0.206,0.103,0.309,149,80,-0.256,0.49,0.178,,-4.3,27,8,9.0,1,44,7,29,10,11,1,0,26,1,0,-0.245,-1.7
LAN/LAN201607080,"Friday, July 8, 2016",7:10 p.m. Local,Dodger Stadium,43588,3:45,Night,Home,Los Angeles Dodgers,LAD,San Diego Padres,SDP,39,6,14,6,6.0,3,7,43,0.359,0.395,0.538,0.934,162,110,0.067,0.45,0.88,,1.7,24,11,8.0,5,57,20,33,11,22,11,0,9,1,0,-0.565,-6.2,33,10,14,10,10.12,8,6,43,0.424,0.524,1.0,1.524,177,83,0.567,1.07,0.806,,6.2,27,8,9.0,2,54,13,16,11,18,8,0,37,5,2,-0.066,-1.7
LAN/LAN201607090,"Saturday, July 9, 2016",4:15 p.m. Local,Dodger Stadium,48411,2:45,Day,Home,Los Angeles Dodgers,LAD,San Diego Padres,SDP,30,3,3,3,3.0,3,14,33,0.1,0.182,0.233,0.415,110,83,-0.352,1.15,0.514,,-1.3,24,12,8.0,0,43,16,24,4,12,5,0,44,0,0,-0.148,-0.2,32,4,9,3,2.25,2,6,34,0.281,0.324,0.344,0.667,130,76,0.146,1.22,0.787,,0.2,27,3,9.0,1,45,12,19,18,8,5,0,52,0,0,0.352,1.3
LAN/LAN201607100,"Sunday, July 10, 2016",1:10 p.m. Local,Dodger Stadium,42801,2:49,Day,Home,Los Angeles Dodgers,LAD,San Diego Padres,SDP,30,1,3,1,1.0,1,16,31,0.1,0.129,0.2,0.329,130,99,-0.432,0.74,0.334,,-3.3,24,6,8.0,1,40,30,29,7,7,3,0,47,2,0,-0.068,0.8,33,3,10,3,3.38,1,10,35,0.303,0.343,0.424,0.767,139,96,0.068,1.19,0.491,,-0.8,27,5,9.0,1,56,21,19,9,14,9,0,82,0,0,0.432,3.3
ARI/ARI201607150,"Friday, July 15, 2016",6:40 p.m. Local,Chase Field,30639,3:51,Night,Away,Los Angeles Dodgers,LAD,Arizona Diamondbacks,ARI,45,13,18,12,12.0,4,11,51,0.4,0.471,0.622,1.093,166,113,0.633,0.68,1.075,,8.2,27,14,9.0,2,67,21,25,16,18,14,0,40,0,0,-0.132,-2.2,39,7,12,7,7.0,0,8,39,0.308,0.308,0.513,0.821,189,114,0.132,0.66,0.557,,2.2,27,11,9.0,2,64,16,34,17,14,9,0,26,4,2,-0.633,-8.2
ARI/ARI201607160,"Saturday, July 16, 2016",5:11 p.m. Local,Chase Field,38899,4:31,Night,Home,Arizona Diamondbacks,ARI,Los Angeles Dodgers,LAD,44,1,10,1,0.75,8,7,52,0.227,0.346,0.295,0.642,176,118,-0.79,1.89,0.878,,-5.4,33,11,11.0,0,71,8,39,17,20,11,0,74,0,0,0.291,2.0,39,2,8,2,1.64,4,16,43,0.205,0.279,0.308,0.587,202,111,-0.291,1.6,1.197,,-2.0,36,19,12.0,0,50,22,39,13,10,6,0,56,5,0,0.79,5.4
ARI/ARI201607170,"Sunday, July 17, 2016",1:11 p.m. Local,Chase Field,29459,3:14,Day,Home,Arizona Diamondbacks,ARI,Los Angeles Dodgers,LAD,37,5,11,5,5.0,3,12,42,0.297,0.381,0.486,0.867,133,102,-0.265,0.37,0.724,,0.2,24,11,8.0,1,62,20,20,13,12,9,0,33,2,0,-0.235,-1.8,32,6,9,5,6.75,3,6,35,0.281,0.343,0.469,0.812,152,86,0.237,1.16,0.41,,1.8,27,11,9.0,1,50,10,26,12,14,11,0,74,2,2,0.265,-0.2
WAS/WAS201607190,"Tuesday, July 19, 2016",7:06 p.m. Local,Nationals Park,38747,3:14,Night,Away,Los Angeles Dodgers,LAD,Washington Nationals,WSN,39,8,13,8,7.0,3,11,43,0.333,0.381,0.538,0.919,128,101,0.298,0.56,0.575,,3.4,27,9,9.0,1,53,17,31,13,16,9,0,73,1,1,0.203,0.6,34,4,7,4,4.0,1,9,36,0.206,0.25,0.441,0.691,164,86,-0.201,0.42,0.224,,-0.6,27,8,9.0,2,44,13,29,12,13,4,0,28,2,0,-0.297,-3.4
WAS/WAS201607200,"Wednesday, July 20, 2016",7:07 p.m. Local,Nationals Park,34050,2:57,Night,Home,Washington Nationals,WSN,Los Angeles Dodgers,LAD,30,1,4,1,1.0,2,7,32,0.133,0.188,0.2,0.388,149,79,-0.261,0.41,0.239,,-3.6,24,6,8.0,4,46,19,14,9,14,8,0,36,3,2,-0.239,-3.9,33,8,9,7,9.0,1,12,35,0.273,0.314,0.758,1.072,130,92,0.238,0.73,0.501,,3.9,27,8,9.0,0,50,14,28,8,13,8,0,66,0,0,0.261,3.6
WAS/WAS201607210,"Thursday, July 21, 2016",12:06 p.m. Local,Nationals Park,38586,3:35,Day,Away,Los Angeles Dodgers,LAD,Washington Nationals,WSN,35,6,8,6,6.0,1,14,36,0.229,0.25,0.457,0.707,190,102,0.311,1.02,0.534,,1.4,27,5,9.0,0,51,18,33,7,14,7,0,52,6,0,0.189,1.6,36,3,10,3,3.0,4,9,42,0.278,0.357,0.333,0.69,142,121,-0.188,0.46,0.554,,-1.6,27,5,9.0,2,72,18,31,9,19,10,0,43,0,0,-0.312,-1.4
SLN/SLN201607220,"Friday, July 22, 2016",7:15 p.m. Local,Busch Stadium III,41915,5:10,Night,Home,St. Louis Cardinals,STL,Los Angeles Dodgers,LAD,60,3,14,3,1.69,3,12,64,0.233,0.27,0.383,0.653,224,141,-0.9,1.77,1.399,,-4.8,46,16,15.1,2,77,30,34,20,29,11,0,66,1,0,0.4,3.5,53,4,8,3,1.76,5,11,59,0.151,0.237,0.283,0.52,220,151,-0.399,1.73,1.718,,-3.5,48,15,16.0,2,100,17,34,21,22,9,0,47,0,0,0.9,4.8
SLN/SLN201607230,"Saturday, July 23, 2016",6:15 p.m. Local,Busch Stadium III,45477,2:56,Night,Away,Los Angeles Dodgers,LAD,St. Louis Cardinals,STL,37,7,13,6,6.0,1,7,39,0.351,0.368,0.486,0.855,127,93,0.304,0.49,0.54,,2.6,27,14,9.0,1,55,17,21,20,11,6,0,54,2,0,0.197,2.4,31,2,6,2,2.0,0,7,32,0.194,0.188,0.29,0.478,141,93,-0.197,0.49,0.157,,-2.4,27,14,9.0,1,60,10,23,14,11,6,0,26,0,0,-0.303,-2.6
SLN/SLN201607240,"Sunday, July 24, 2016",7:10 p.m. Local,Busch Stadium III,41423,3:49,Night,Away,Los Angeles Dodgers,LAD,St. Louis Cardinals,STL,38,9,13,8,9.0,7,7,46,0.342,0.457,0.553,1.009,177,127,0.429,0.4,0.566,,4.6,27,9,9.0,1,79,21,27,19,12,6,0,46,3,3,0.072,-1.6,34,6,8,6,6.0,2,8,37,0.235,0.27,0.412,0.682,199,109,-0.072,0.34,0.219,,1.6,27,14,9.0,2,69,20,20,12,15,4,0,1,3,0,-0.427,-4.6
LAN/LAN201607260,"Tuesday, July 26, 2016",7:11 p.m. Local,Dodger Stadium,46960,2:55,Night,Home,Los Angeles Dodgers,LAD,Tampa Bay Rays,TBR,32,2,6,1,2.0,4,10,38,0.188,0.297,0.25,0.547,97,100,-0.492,0.66,0.812,,-2.3,24,7,8.0,1,56,20,24,7,16,6,0,69,0,0,-0.008,0.8,30,3,5,3,1.12,0,9,31,0.167,0.167,0.267,0.433,161,68,0.007,1.88,0.339,,-0.8,27,6,9.0,0,34,16,18,12,10,4,0,73,5,1,0.492,2.3
LAN/LAN201607270,"Wednesday, July 27, 2016",12:10 p.m. Local,Dodger Stadium,43576,3:07,Day,Away,Tampa Bay Rays,TBR,Los Angeles Dodgers,LAD,34,3,8,3,3.0,3,13,37,0.235,0.297,0.412,0.709,136,107,0.028,1.14,0.553,,-1.3,27,9,9.0,0,56,22,29,8,13,6,0,65,1,0,0.472,3.3,31,1,5,0,0.0,4,7,35,0.161,0.257,0.161,0.418,170,83,-0.473,0.76,0.368,,-3.3,27,5,9.0,1,46,10,27,9,15,4,0,47,2,0,-0.027,1.3
LAN/LAN201607290,"Friday, July 29, 2016",7:11 p.m. Local,Dodger Stadium,50966,3:24,Night,Home,Los Angeles Dodgers,LAD,Arizona Diamondbacks,ARI,35,7,9,7,7.0,2,7,37,0.257,0.297,0.343,0.64,139,106,0.354,0.98,1.13,,2.7,24,8,8.0,2,61,21,24,11,17,8,0,54,2,2,-0.854,-5.2,34,9,10,9,10.12,5,6,39,0.294,0.385,0.588,0.973,152,83,0.855,1.46,1.345,,5.2,27,8,9.0,0,46,15,22,12,16,10,0,62,9,6,-0.353,-2.7
LAN/LAN201607300,"Saturday, July 30, 2016",6:10 p.m. Local,Dodger Stadium,49540,3:24,Night,Away,Arizona Diamondbacks,ARI,Los Angeles Dodgers,LAD,36,4,10,4,4.0,0,9,37,0.278,0.297,0.528,0.825,166,98,0.12,0.78,0.433,,-0.3,27,12,9.0,1,56,16,26,11,16,10,0,65,3,0,0.382,2.3,33,2,8,2,1.0,3,6,36,0.242,0.306,0.424,0.73,139,101,-0.379,0.5,0.264,,-2.3,27,10,9.0,1,65,14,23,13,14,5,0,49,2,1,-0.119,0.3
LAN/LAN201607310,"Sunday, July 31, 2016",1:10 p.m. Local,Dodger Stadium,42380,3:43,Day,Home,Los Angeles Dodgers,LAD,Arizona Diamondbacks,ARI,29,3,3,2,2.0,4,6,33,0.103,0.212,0.103,0.316,187,85,-0.027,0.99,0.427,,-1.3,24,8,8.0,3,50,10,25,16,7,2,0,37,2,2,-0.473,-10.2,42,14,17,13,12.38,3,13,46,0.405,0.457,0.762,1.218,135,114,0.474,0.9,1.132,,10.2,27,16,9.0,0,62,20,32,11,18,14,0,48,1,1,0.026,1.3
COL/COL201608020,"Tuesday, August 2, 2016",6:41 p.m. Local,Coors Field,32607,3:28,Night,Home,Colorado Rockies,COL,Los Angeles Dodgers,LAD,32,3,5,3,3.0,3,9,35,0.156,0.229,0.344,0.572,173,107,-0.319,0.75,0.108,,-2.2,24,11,8.0,0,68,10,29,9,14,8,0,40,3,3,-0.18,-2.4,31,7,11,7,5.62,8,6,41,0.355,0.5,0.419,0.919,163,104,0.18,0.55,0.568,,2.4,27,7,9.0,1,62,15,27,11,15,13,0,67,0,0,0.32,2.2
COL/COL201608030,"Wednesday, August 3, 2016",6:40 p.m. Local,Coors Field,28682,2:31,Night,Home,Colorado Rockies,COL,Los Angeles Dodgers,LAD,30,2,6,2,2.0,3,6,33,0.2,0.273,0.3,0.573,135,74,-0.075,0.34,0.304,,-3.2,24,12,8.0,5,39,13,22,12,12,9,0,6,2,1,-0.424,-7.4,40,12,17,11,13.5,3,5,43,0.425,0.465,0.8,1.265,109,89,0.424,0.55,0.586,,7.4,27,13,9.0,1,58,10,21,18,17,11,0,61,0,0,0.076,3.2
COL/COL201608040,"Thursday, August 4, 2016",6:41 p.m. Local,Coors Field,31117,3:08,Night,Away,Los Angeles Dodgers,LAD,Colorado Rockies,COL,36,4,11,4,4.0,3,11,40,0.306,0.375,0.5,0.875,153,93,0.073,1.0,0.915,,-1.2,27,11,9.0,1,52,18,23,11,13,5,1,58,1,0,0.428,3.2,32,2,5,2,2.0,0,8,34,0.156,0.206,0.25,0.456,151,97,-0.428,1.1,0.321,,-3.2,27,10,9.0,1,54,20,23,14,10,5,0,41,0,0,-0.072,1.2
LAN/LAN201608050,"Friday, August 5, 2016",7:11 p.m. Local,Dodger Stadium,52728,2:49,Night,Away,Boston Red Sox,BOS,Los Angeles Dodgers,LAD,35,9,10,8,7.0,5,6,41,0.286,0.366,0.543,0.909,119,85,0.202,0.53,0.491,,4.7,27,7,9.0,0,51,10,24,14,16,10,0,89,,,0.299,4.3,29,0,3,0,0.0,1,9,31,0.103,0.133,0.138,0.271,152,78,-0.299,0.43,0.067,,-4.3,27,12,9.0,3,39,14,25,6,15,4,0,40,5,3,-0.201,-4.7
LAN/LAN201608060,"Saturday, August 6, 2016",1:05 p.m. Local,Dodger Stadium,47696,2:54,Day,Home,Los Angeles Dodgers,LAD,Boston Red Sox,BOS,32,0,5,0,0.0,2,11,34,0.156,0.206,0.156,0.362,147,90,-0.447,0.82,0.216,,-4.3,24,7,8.0,0,52,15,23,13,8,4,0,39,3,0,-0.054,0.8,34,3,11,3,3.38,1,11,35,0.324,0.343,0.353,0.696,135,96,0.056,1.01,0.537,,-0.8,27,12,9.0,0,50,21,25,11,12,9,0,62,0,0,0.445,4.3
LAN/LAN201608070,"Sunday, August 7, 2016",4:10 p.m. Local,Dodger Stadium,50640,3:23,Day,Home,Los Angeles Dodgers,LAD,Boston Red Sox,BOS,30,5,6,5,5.0,6,10,38,0.2,0.342,0.233,0.575,155,89,-0.018,0.98,0.705,,0.7,24,13,8.0,3,47,13,29,8,13,6,0,35,0,0,-0.483,-4.2,33,8,9,8,5.62,6,5,39,0.273,0.385,0.606,0.991,147,91,0.482,1.06,1.024,,4.2,27,8,9.0,0,44,19,28,14,14,6,0,44,3,1,0.016,-0.7
LAN/LAN201608080,"Monday, August 8, 2016",7:10 p.m. Local,Dodger Stadium,48370,2:50,Night,Home,Los Angeles Dodgers,LAD,Philadelphia Phillies,PHI,36,4,8,2,2.0,2,7,38,0.222,0.263,0.389,0.652,127,108,-0.108,0.35,0.268,,-0.3,24,7,8.0,4,62,19,27,16,13,7,0,15,0,0,-0.392,-5.2,33,9,11,9,10.12,2,4,36,0.333,0.361,0.818,1.179,152,82,0.392,0.56,0.497,,5.2,27,10,9.0,1,53,8,21,9,21,9,0,49,0,0,0.108,0.3
LAN/LAN201608090,"Tuesday, August 9, 2016",7:09 p.m. Local,Dodger Stadium,42859,3:17,Night,Home,Los Angeles Dodgers,LAD,Philadelphia Phillies,PHI,35,3,9,3,3.0,2,9,37,0.257,0.297,0.429,0.726,152,103,0.039,0.42,0.46,,-1.3,24,4,8.0,3,60,18,25,6,20,8,0,10,4,0,-0.539,-5.2,36,9,13,9,10.12,3,11,39,0.361,0.41,0.722,1.132,163,93,0.539,0.62,0.734,,5.2,27,6,9.0,2,48,21,24,5,20,14,0,45,0,0,-0.04,1.3
LAN/LAN201608100,"Wednesday, August 10, 2016",12:10 p.m. Local,Dodger Stadium,41098,3:17,Day,Away,Philadelphia Phillies,PHI,Los Angeles Dodgers,LAD,33,6,7,6,6.0,5,12,38,0.212,0.316,0.364,0.679,155,109,0.221,1.3,0.978,,1.7,27,10,9.0,0,63,19,27,12,9,5,0,63,1,0,0.279,2.3,34,2,8,2,2.0,3,11,38,0.235,0.316,0.324,0.639,162,95,-0.279,1.2,0.649,,-2.3,27,11,9.0,1,51,17,29,10,13,9,0,59,3,2,-0.221,-1.7
LAN/LAN201608120,"Friday, August 12, 2016",7:10 p.m. Local,Dodger Stadium,47438,2:57,Night,Away,Pittsburgh Pirates,PIT,Los Angeles Dodgers,LAD,34,5,7,5,5.0,0,6,34,0.206,0.206,0.382,0.588,146,88,0.219,0.82,0.438,,0.7,27,6,9.0,0,49,8,31,13,15,5,0,48,3,0,0.28,3.3,38,1,12,1,1.0,0,7,38,0.316,0.316,0.395,0.711,123,100,-0.28,0.5,0.366,,-3.3,27,9,9.0,2,59,16,25,8,23,13,0,49,0,0,-0.22,-0.7
LAN/LAN201608130,"Saturday, August 13, 2016",1:05 p.m. Local,Dodger Stadium,40563,3:54,Day,Home,Los Angeles Dodgers,LAD,Pittsburgh Pirates,PIT,37,4,10,4,4.0,11,11,49,0.27,0.449,0.405,0.854,151,116,-0.026,0.83,0.836,,-0.3,24,14,8.0,1,56,25,35,8,18,8,0,20,2,0,-0.474,-4.2,41,8,17,6,7.88,0,7,43,0.415,0.429,0.61,1.038,201,102,0.473,1.22,0.962,,4.2,27,5,9.0,1,70,12,20,21,14,10,0,37,8,1,0.028,0.3
LAN/LAN201608140,"Sunday, August 14, 2016",1:10 p.m. Local,Dodger Stadium,43468,3:39,Day,Away,Pittsburgh Pirates,PIT,Los Angeles Dodgers,LAD,42,11,16,10,10.0,5,7,48,0.381,0.447,0.643,1.09,162,126,0.38,0.54,0.565,,6.7,27,10,9.0,1,68,19,39,16,20,10,0,57,1,0,0.121,1.3,34,3,7,2,3.0,1,9,36,0.206,0.25,0.353,0.603,198,102,-0.12,0.31,0.269,,-1.3,27,11,9.0,3,56,21,25,14,11,6,0,22,4,0,-0.379,-6.7
PHI/PHI201608160,"Tuesday, August 16, 2016",7:08 p.m. Local,Citizens Bank Park,28118,3:30,Night,Away,Los Angeles Dodgers,LAD,Philadelphia Phillies,PHI,40,15,13,15,9.0,5,12,47,0.325,0.413,0.725,1.138,143,124,0.369,0.4,0.784,,10.6,27,5,9.0,3,67,24,33,12,17,11,0,66,0,0,0.131,-0.6,34,5,8,5,5.0,1,13,36,0.235,0.25,0.5,0.75,208,94,-0.132,0.56,0.205,,0.6,27,9,9.0,4,47,28,20,8,14,2,0,44,4,3,-0.37,-10.6
PHI/PHI201608170,"Wednesday, August 17, 2016",7:06 p.m. Local,Citizens Bank Park,21137,3:23,Night,Away,Los Angeles Dodgers,LAD,Philadelphia Phillies,PHI,38,7,11,7,7.0,5,8,43,0.289,0.372,0.553,0.925,164,96,0.343,1.03,0.689,,2.6,27,6,9.0,1,51,13,32,16,14,8,0,41,2,0,0.156,2.4,36,2,11,2,2.0,3,5,39,0.306,0.359,0.444,0.803,161,103,-0.156,0.53,0.617,,-2.4,27,9,9.0,3,66,11,26,10,21,14,0,37,0,0,-0.344,-2.6
PHI/PHI201608180,"Thursday, August 18, 2016",7:07 p.m. Local,Citizens Bank Park,29187,2:54,Night,Home,Philadelphia Phillies,PHI,Los Angeles Dodgers,LAD,34,4,7,4,4.0,2,9,36,0.206,0.25,0.441,0.691,150,80,-0.211,1.2,0.489,,-0.4,24,6,8.0,2,46,12,22,7,18,7,0,48,1,0,-0.289,-1.1,34,5,9,5,4.5,4,9,38,0.265,0.342,0.529,0.872,134,99,0.29,1.0,1.022,,1.1,27,6,9.0,2,57,21,21,9,16,7,0,48,0,0,0.209,0.4
CIN/CIN201608190,"Friday, August 19, 2016",7:11 p.m. Local,Great American Ball Park,28184,3:39,Night,Home,Cincinnati Reds,CIN,Los Angeles Dodgers,LAD,36,2,10,2,2.0,5,6,43,0.278,0.395,0.361,0.756,173,102,-0.211,0.38,0.336,,-2.5,24,8,8.0,2,72,11,19,8,22,11,0,22,3,0,-0.289,-5.0,34,9,12,9,10.12,4,8,38,0.353,0.421,0.559,0.98,165,111,0.289,0.67,0.488,,5.0,27,8,9.0,0,68,26,17,10,16,11,0,58,2,0,0.211,2.5
CIN/CIN201608200,"Saturday, August 20, 2016",7:10 p.m. Local,Great American Ball Park,29735,2:53,Night,Home,Cincinnati Reds,CIN,Los Angeles Dodgers,LAD,30,1,3,1,1.0,3,10,33,0.1,0.182,0.133,0.315,154,81,-0.15,0.25,0.034,,-3.5,24,11,8.0,3,43,18,20,13,7,5,0,16,1,1,-0.349,-7.0,40,11,18,11,12.38,4,3,44,0.45,0.5,0.75,1.25,126,99,0.348,0.24,0.43,,7.0,27,11,9.0,0,67,12,20,19,18,11,0,81,0,0,0.15,3.5
CIN/CIN201608210,"Sunday, August 21, 2016",1:12 p.m. Local,Great American Ball Park,28752,2:55,Day,Away,Los Angeles Dodgers,LAD,Cincinnati Reds,CIN,32,4,8,4,4.0,3,7,37,0.25,0.306,0.375,0.681,145,88,0.127,0.74,0.393,,-0.5,27,10,9.0,0,55,16,17,11,16,8,0,66,0,0,0.375,4.5,33,0,9,0,0.0,1,12,34,0.273,0.294,0.303,0.597,138,94,-0.375,0.47,0.227,,-4.5,27,8,9.0,1,52,16,26,10,11,8,0,50,0,0,-0.125,0.5
CIN/CIN201608220,"Monday, August 22, 2016",12:36 p.m. Local,Great American Ball Park,15690,4:02,Day,Away,Los Angeles Dodgers,LAD,Cincinnati Reds,CIN,46,18,21,18,18.0,4,7,52,0.457,0.481,0.913,1.394,190,121,0.695,0.67,0.884,,13.5,27,7,9.0,0,81,15,25,10,31,13,0,28,6,0,-0.195,-4.5,41,9,14,9,9.0,8,4,50,0.341,0.44,0.561,1.001,189,110,0.196,0.42,0.729,,4.5,27,4,9.0,7,71,12,27,14,24,12,0,14,3,2,-0.697,-13.5
LAN/LAN201608230,"Tuesday, August 23, 2016",7:10 p.m. Local,Dodger Stadium,46899,3:36,Night,Home,Los Angeles Dodgers,LAD,San Francisco Giants,SFG,34,5,9,5,5.0,4,7,38,0.265,0.342,0.382,0.724,158,91,0.039,0.78,0.841,,0.7,24,9,8.0,2,42,16,33,12,15,9,0,35,2,1,-0.538,-5.2,37,9,14,9,10.12,3,12,41,0.378,0.415,0.595,1.009,152,104,0.536,1.27,0.883,,5.2,27,10,9.0,1,64,17,23,13,13,10,0,43,1,0,-0.037,-0.7
LAN/LAN201608240,"Wednesday, August 24, 2016",7:10 p.m. Local,Dodger Stadium,43957,2:47,Night,Home,Los Angeles Dodgers,LAD,San Francisco Giants,SFG,33,0,6,0,0.0,2,7,35,0.182,0.229,0.182,0.41,119,98,-0.728,0.74,0.262,,-4.3,24,12,8.0,1,52,12,34,11,15,5,0,65,1,0,0.228,2.8,28,1,5,1,1.12,1,8,29,0.179,0.207,0.321,0.528,133,81,-0.228,1.33,0.248,,-2.8,27,7,9.0,0,39,19,23,11,9,3,0,65,1,0,0.728,4.3
LAN/LAN201608250,"Thursday, August 25, 2016",7:11 p.m. Local,Dodger Stadium,53297,3:02,Night,Away,San Francisco Giants,SFG,Los Angeles Dodgers,LAD,36,4,8,4,3.0,2,6,38,0.222,0.263,0.361,0.624,134,109,0.137,0.59,0.539,,-0.3,27,12,9.0,0,72,10,27,11,19,10,0,86,1,0,0.362,4.3,28,0,1,0,0.0,3,7,31,0.036,0.129,0.036,0.165,170,89,-0.363,0.65,0.063,,-4.3,27,9,9.0,1,54,14,21,11,10,6,0,42,0,0,-0.138,0.3
LAN/LAN201608260,"Friday, August 26, 2016",7:11 p.m. Local,Dodger Stadium,48609,3:38,Night,Away,Chicago Cubs,CHC,Los Angeles Dodgers,LAD,39,6,9,5,5.4,4,12,43,0.231,0.302,0.41,0.713,166,114,0.395,1.22,1.372,,1.2,30,15,10.0,1,68,21,25,10,17,2,0,44,0,0,0.107,0.8,38,4,9,3,3.6,5,12,44,0.237,0.341,0.395,0.736,168,94,-0.107,1.4,0.748,,-0.8,30,7,10.0,2,54,14,28,14,12,9,0,55,0,0,-0.393,-1.2
LAN/LAN201608270,"Saturday, August 27, 2016",1:07 p.m. Local,Dodger Stadium,49522,3:08,Day,Home,Los Angeles Dodgers,LAD,Chicago Cubs,CHC,31,2,8,2,1.0,4,10,36,0.258,0.343,0.258,0.601,117,94,-0.469,0.74,0.642,,-2.3,24,7,8.0,1,46,19,29,13,9,4,0,36,2,0,-0.032,0.8,30,3,6,3,3.38,0,6,30,0.2,0.2,0.333,0.533,146,83,0.03,1.52,0.42,,-0.8,27,11,9.0,0,44,16,23,9,15,5,0,62,2,0,0.47,2.3
LAN/LAN201608280,"Sunday, August 28, 2016",1:10 p.m. Local,Dodger Stadium,44745,3:08,Day,Home,Los Angeles Dodgers,LAD,Chicago Cubs,CHC,30,0,4,0,0.0,4,10,35,0.133,0.235,0.167,0.402,150,95,-0.697,1.63,0.353,,-4.3,24,6,8.0,0,51,21,23,5,16,3,0,70,3,1,0.197,2.8,28,1,4,1,0.0,3,12,32,0.143,0.25,0.143,0.393,135,92,-0.196,1.51,0.732,,-2.8,27,4,9.0,0,48,12,32,7,9,4,0,69,2,0,0.697,4.3
COL/COL201608290,"Monday, August 29, 2016",6:41 p.m. Local,Coors Field,24308,3:36,Night,Home,Colorado Rockies,COL,Los Angeles Dodgers,LAD,31,1,5,1,1.0,5,10,39,0.161,0.333,0.226,0.559,173,89,-0.445,0.61,0.308,,-4.2,24,8,8.0,1,52,22,15,13,8,5,0,56,1,1,-0.056,-3.4,36,8,12,8,9.0,3,9,39,0.333,0.385,0.5,0.885,152,108,0.055,0.92,0.499,,3.4,27,11,9.0,0,60,24,24,10,17,14,0,69,0,0,0.445,4.2
COL/COL201608311,"Wednesday, August 31, 2016",1:12 p.m. Local,Coors Field,24790,2:55,Day,Home,Colorado Rockies,COL,Los Angeles Dodgers,LAD,32,0,6,0,0.0,2,8,34,0.188,0.235,0.219,0.454,138,91,-0.44,0.53,0.374,,-5.2,24,11,8.0,1,58,16,17,12,12,6,0,43,0,0,-0.06,-2.4,35,7,14,7,7.88,2,6,38,0.4,0.432,0.686,1.118,134,90,0.059,1.07,0.483,,2.4,27,12,9.0,0,60,11,19,13,17,14,0,64,2,0,0.44,5.2
COL/COL201608312,"Wednesday, August 31, 2016",6:10 p.m. Local,Coors Field,22683,3:36,Night,Away,Los Angeles Dodgers,LAD,Colorado Rockies,COL,36,10,10,10,10.0,8,2,45,0.278,0.4,0.528,0.928,159,95,0.734,0.58,1.31,,4.8,27,16,9.0,2,63,6,26,15,20,11,0,23,0,0,-0.236,-2.8,36,8,12,7,7.0,4,9,40,0.333,0.4,0.611,1.011,176,100,0.235,0.9,0.6,,2.8,27,12,9.0,2,64,17,20,16,11,3,0,50,2,2,-0.734,-4.8
LAN/LAN201609020,"Friday, September 2, 2016",7:11 p.m. Local,Dodger Stadium,48911,3:32,Night,Away,San Diego Padres,SDP,Los Angeles Dodgers,LAD,32,4,6,4,4.0,4,12,39,0.188,0.333,0.313,0.646,167,98,0.245,1.29,0.934,,-0.3,27,12,9.0,1,55,13,30,5,15,6,0,48,2,0,0.256,2.3,39,2,13,2,2.0,1,13,40,0.333,0.35,0.436,0.786,164,109,-0.257,1.16,0.72,,-2.3,27,6,9.0,1,57,25,27,19,7,3,0,59,5,3,-0.244,0.3
LAN/LAN201609030,"Saturday, September 3, 2016",6:09 p.m. Local,Dodger Stadium,47590,2:35,Night,Home,Los Angeles Dodgers,LAD,San Diego Padres,SDP,31,1,4,1,1.0,3,13,34,0.129,0.206,0.161,0.367,109,93,-0.307,0.51,0.12,,-3.3,24,15,8.0,2,46,19,28,6,12,6,0,39,0,0,-0.193,-1.2,30,5,9,5,5.62,3,7,33,0.3,0.364,0.5,0.864,141,71,0.192,0.56,0.454,,1.2,27,4,9.0,0,36,11,24,16,7,6,0,76,0,0,0.308,3.3
LAN/LAN201609040,"Sunday, September 4, 2016",1:10 p.m. Local,Dodger Stadium,46441,3:09,Day,Home,Los Angeles Dodgers,LAD,San Diego Padres,SDP,30,4,7,3,3.0,1,12,34,0.233,0.273,0.333,0.606,160,94,0.019,1.11,0.654,,-0.3,24,9,8.0,2,45,23,26,11,9,3,0,36,3,1,-0.517,-3.2,32,7,9,7,7.88,6,7,38,0.281,0.395,0.469,0.863,137,99,0.52,1.14,1.145,,3.2,27,10,9.0,1,66,12,21,15,10,5,0,57,0,0,-0.018,0.3
LAN/LAN201609050,"Monday, September 5, 2016",5:11 p.m. Local,Dodger Stadium,41820,3:12,Night,Home,Los Angeles Dodgers,LAD,Arizona Diamondbacks,ARI,31,2,4,2,2.0,3,9,34,0.129,0.206,0.161,0.367,165,88,-0.274,0.4,0.053,,-2.3,24,12,8.0,5,37,22,29,8,14,7,0,20,0,0,-0.225,-6.2,34,10,11,9,11.25,3,9,38,0.324,0.378,0.824,1.202,142,100,0.224,0.43,0.489,,6.2,27,7,9.0,0,55,24,21,13,13,5,0,70,2,0,0.276,2.3
LAN/LAN201609060,"Tuesday, September 6, 2016",7:10 p.m. Local,Dodger Stadium,42457,2:49,Night,Home,Los Angeles Dodgers,LAD,Arizona Diamondbacks,ARI,30,2,4,2,2.0,1,10,32,0.133,0.156,0.3,0.456,139,76,-0.239,0.67,0.243,,-2.3,24,11,8.0,0,31,17,28,8,13,4,0,25,2,0,-0.262,-1.2,33,5,11,5,4.5,2,6,35,0.333,0.371,0.424,0.796,115,85,0.262,0.73,0.577,,1.2,27,7,9.0,1,47,14,24,12,15,11,0,58,0,0,0.239,2.3
LAN/LAN201609070,"Wednesday, September 7, 2016",7:10 p.m. Local,Dodger Stadium,44352,3:05,Night,Home,Los Angeles Dodgers,LAD,Arizona Diamondbacks,ARI,34,1,7,1,1.0,5,8,39,0.206,0.308,0.235,0.543,123,98,-0.468,0.7,0.579,,-3.3,24,5,8.0,1,51,19,28,10,16,5,0,64,3,0,-0.031,0.8,27,3,4,3,3.38,4,12,32,0.148,0.25,0.296,0.546,149,76,0.032,1.45,0.396,,-0.8,27,8,9.0,0,31,20,25,6,10,3,0,52,4,0,0.469,3.3
MIA/MIA201609090,"Friday, September 9, 2016",7:11 p.m. Local,Marlins Park,22940,3:08,Night,Home,Miami Marlins,MIA,Los Angeles Dodgers,LAD,33,1,7,1,1.0,3,17,37,0.212,0.278,0.333,0.611,145,96,-0.346,0.52,0.385,,-3.1,24,9,8.0,1,44,17,35,8,9,6,0,46,7,2,-0.155,-0.3,31,4,8,4,4.5,2,8,35,0.258,0.324,0.387,0.711,143,91,0.154,1.04,0.411,,0.3,27,5,9.0,1,57,17,17,14,10,4,0,82,2,0,0.345,3.1
MIA/MIA201609100,"Saturday, September 10, 2016",7:12 p.m. Local,Marlins Park,20933,2:52,Night,Away,Los Angeles Dodgers,LAD,Miami Marlins,MIA,33,5,8,5,5.0,3,8,36,0.242,0.306,0.606,0.912,131,90,0.153,0.52,0.565,,0.9,27,5,9.0,0,56,16,18,13,12,6,0,86,2,0,0.349,4.1,30,0,2,0,0.0,0,12,30,0.067,0.067,0.067,0.133,145,95,-0.349,0.6,0.02,,-4.1,27,10,9.0,4,50,19,26,7,11,4,0,41,0,0,-0.151,-0.9
MIA/MIA201609110,"Sunday, September 11, 2016",1:12 p.m. Local,Marlins Park,20188,2:26,Day,Home,Miami Marlins,MIA,Los Angeles Dodgers,LAD,30,0,4,0,0.0,0,4,30,0.133,0.133,0.133,0.267,127,73,-0.438,0.69,0.095,,-4.1,24,10,8.0,0,42,10,21,14,12,4,0,48,0,0,-0.063,0.7,31,3,10,2,2.25,1,5,33,0.323,0.333,0.323,0.656,110,88,0.063,0.73,0.424,,-0.7,27,12,9.0,0,53,10,25,12,16,13,0,80,1,0,0.437,4.1
NYA/NYA201609120,"Monday, September 12, 2016",7:08 p.m. Local,Yankee Stadium III,32058,3:13,Night,Away,Los Angeles Dodgers,LAD,New York Yankees,NYY,39,8,12,7,7.0,1,9,41,0.308,0.341,0.538,0.88,159,108,0.321,0.51,0.567,,3.3,27,6,9.0,2,65,18,25,18,12,6,0,54,1,0,0.177,2.7,32,2,5,2,2.0,3,11,36,0.156,0.25,0.375,0.625,161,93,-0.177,0.5,0.216,,-2.7,27,11,9.0,2,50,18,25,7,14,6,0,19,2,1,-0.322,-3.3
NYA/NYA201609130,"Tuesday, September 13, 2016",7:09 p.m. Local,Yankee Stadium III,32615,3:02,Night,Home,New York Yankees,NYY,Los Angeles Dodgers,LAD,32,0,5,0,0.0,1,10,33,0.156,0.182,0.188,0.369,143,85,-0.564,0.99,0.181,,-4.7,24,14,8.0,3,41,17,27,14,8,4,0,52,3,0,0.063,1.2,29,3,8,3,3.38,4,5,34,0.276,0.382,0.586,0.969,131,90,-0.064,1.01,0.633,,-1.2,27,11,9.0,0,54,10,26,12,12,4,0,73,1,0,0.564,4.7
NYA/NYA201609140,"Wednesday, September 14, 2016",4:09 p.m. Local,Yankee Stadium III,30254,2:57,Day,Away,Los Angeles Dodgers,LAD,New York Yankees,NYY,31,2,4,1,0.0,2,9,34,0.129,0.182,0.194,0.375,132,95,-0.156,1.42,0.652,,-2.7,27,10,9.0,0,54,14,26,13,9,5,0,70,2,0,0.657,4.7,30,0,3,0,0.0,2,14,33,0.1,0.156,0.1,0.256,152,85,-0.657,1.21,0.307,,-4.7,27,11,9.0,0,40,21,24,12,5,2,0,61,0,0,0.157,2.7
ARI/ARI201609150,"Thursday, September 15, 2016",6:40 p.m. Local,Chase Field,27126,2:39,Night,Home,Arizona Diamondbacks,ARI,Los Angeles Dodgers,LAD,35,3,9,2,3.0,2,11,37,0.257,0.297,0.343,0.64,143,86,-0.287,0.58,0.486,,-1.8,24,6,8.0,2,44,15,27,10,14,8,0,51,1,1,-0.215,-2.8,29,7,6,7,7.88,3,12,33,0.207,0.281,0.414,0.695,119,97,0.214,0.98,0.518,,2.8,27,10,9.0,0,40,17,40,7,11,3,0,47,1,0,0.286,1.8
ARI/ARI201609160,"Friday, September 16, 2016",6:40 p.m. Local,Chase Field,28211,3:32,Night,Away,Los Angeles Dodgers,LAD,Arizona Diamondbacks,ARI,31,3,5,1,1.0,4,6,35,0.161,0.257,0.258,0.515,174,90,-0.051,1.72,0.409,,-1.8,27,9,9.0,0,51,13,26,9,16,8,0,60,1,0,0.551,2.8,32,2,6,2,2.0,7,12,40,0.188,0.325,0.313,0.638,144,106,-0.55,0.76,0.681,,-2.8,27,9,9.0,0,54,22,30,10,11,7,0,56,0,0,0.051,1.8
ARI/ARI201609170,"Saturday, September 17, 2016",5:11 p.m. Local,Chase Field,38255,3:12,Night,Away,Los Angeles Dodgers,LAD,Arizona Diamondbacks,ARI,36,6,11,4,6.0,4,4,41,0.306,0.366,0.528,0.894,135,91,0.195,0.81,0.68,,1.2,27,7,9.0,2,65,9,17,16,17,5,0,54,0,0,0.306,2.8,33,2,6,2,2.0,1,15,34,0.182,0.206,0.364,0.57,149,90,-0.305,0.74,0.292,,-2.8,27,13,9.0,1,44,22,24,6,12,6,0,38,4,0,-0.194,-1.2
ARI/ARI201609180,"Sunday, September 18, 2016",1:10 p.m. Local,Chase Field,26159,4:29,Day,Home,Arizona Diamondbacks,ARI,Los Angeles Dodgers,LAD,46,9,10,9,6.75,7,14,53,0.217,0.321,0.37,0.69,206,130,-0.13,1.57,1.241,,2.6,35,14,11.2,3,72,34,24,16,16,6,0,27,5,0,-0.368,-4.1,49,10,16,10,6.17,8,12,59,0.327,0.421,0.592,1.013,209,123,0.365,1.5,1.75,,4.1,36,13,12.0,1,69,19,35,18,21,8,0,45,6,4,0.132,-2.6
LAN/LAN201609190,"Monday, September 19, 2016",7:10 p.m. Local,Dodger Stadium,43435,2:58,Night,Home,Los Angeles Dodgers,LAD,San Francisco Giants,SFG,29,1,3,0,0.0,1,9,30,0.103,0.133,0.103,0.237,136,83,-0.321,1.61,0.184,,-3.3,24,8,8.0,0,50,15,18,9,11,5,0,85,4,2,-0.181,0.4,30,2,6,2,2.25,0,11,32,0.2,0.25,0.267,0.517,117,97,0.181,0.72,0.941,,-0.4,27,8,9.0,0,55,22,20,10,9,4,0,70,0,0,0.32,3.3
LAN/LAN201609200,"Tuesday, September 20, 2016",7:10 p.m. Local,Dodger Stadium,53621,3:36,Night,Away,San Francisco Giants,SFG,Los Angeles Dodgers,LAD,36,2,11,2,2.0,2,10,38,0.306,0.342,0.472,0.814,145,110,-0.204,1.5,0.495,,-2.3,27,7,9.0,0,64,15,31,8,18,8,0,56,2,0,0.702,4.3,35,0,9,0,0.0,2,13,37,0.257,0.297,0.286,0.583,163,101,-0.701,0.97,0.469,,-4.3,27,8,9.0,2,52,25,24,12,10,7,0,57,2,0,0.201,2.3
LAN/LAN201609210,"Wednesday, September 21, 2016",7:10 p.m. Local,Dodger Stadium,45983,3:03,Night,Home,Los Angeles Dodgers,LAD,San Francisco Giants,SFG,34,3,7,3,2.0,2,9,36,0.206,0.25,0.324,0.574,140,92,0.001,0.44,0.242,,-1.3,24,12,8.0,1,56,9,27,14,11,7,0,14,2,1,-0.502,-5.2,33,9,12,9,10.12,2,4,37,0.364,0.405,0.515,0.921,153,85,0.501,0.36,0.645,,5.2,27,12,9.0,1,55,6,24,18,13,6,0,59,0,0,-0.002,1.3
LAN/LAN201609220,"Thursday, September 22, 2016",7:10 p.m. Local,Dodger Stadium,48344,2:56,Night,Home,Los Angeles Dodgers,LAD,Colorado Rockies,COL,31,4,7,3,4.0,1,7,34,0.226,0.242,0.355,0.597,152,77,0.071,1.34,0.472,,-0.3,24,7,8.0,2,46,8,23,10,16,11,0,55,1,1,-0.569,-3.2,31,7,9,7,7.88,8,6,39,0.29,0.436,0.548,0.984,116,81,0.569,0.76,1.258,,3.1,27,6,9.0,1,51,12,18,9,16,4,0,40,0,0,-0.069,0.3
LAN/LAN201609230,"Friday, September 23, 2016",7:47 p.m. Local,Dodger Stadium,52320,3:39,Night,Home,Los Angeles Dodgers,LAD,Colorado Rockies,COL,33,2,8,2,1.0,2,11,36,0.242,0.286,0.364,0.649,179,102,-0.299,0.56,0.401,,-2.3,24,7,8.0,2,60,21,21,6,17,9,0,47,0,0,-0.198,-1.2,29,5,8,5,5.62,6,14,38,0.276,0.421,0.517,0.938,151,113,0.2,1.0,0.506,,1.2,27,3,9.0,1,65,19,29,5,11,7,0,49,0,0,0.3,2.3
LAN/LAN201609240,"Saturday, September 24, 2016",6:11 p.m. Local,Dodger Stadium,53299,3:04,Night,Home,Los Angeles Dodgers,LAD,Colorado Rockies,COL,32,1,6,1,1.0,0,8,32,0.188,0.188,0.313,0.5,196,89,-0.187,0.38,0.022,,-3.3,24,10,8.0,1,51,16,22,10,14,5,0,23,4,2,-0.313,-10.2,36,14,13,13,6.75,8,7,47,0.361,0.489,0.472,0.961,120,114,0.313,0.27,0.424,,10.2,27,7,9.0,1,69,13,32,19,12,6,0,77,0,0,0.187,3.3
LAN/LAN201609250,"Sunday, September 25, 2016",1:11 p.m. Local,Dodger Stadium,51962,3:33,Day,Home,Los Angeles Dodgers,LAD,Colorado Rockies,COL,34,3,8,3,2.7,2,10,38,0.235,0.27,0.353,0.623,153,108,-0.053,1.7,0.855,,-1.8,29,11,9.2,2,74,16,18,13,14,7,0,44,1,0,-0.449,0.7,40,4,12,4,3.72,3,7,44,0.3,0.341,0.55,0.891,157,97,0.447,1.29,1.921,,-0.7,30,9,10.0,1,58,15,24,16,18,9,0,57,2,0,0.053,1.8
SDN/SDN201609270,"Tuesday, September 27, 2016",7:11 p.m. Local,Petco Park,27376,3:02,Night,Home,San Diego Padres,SDP,Los Angeles Dodgers,LAD,32,1,5,1,1.0,6,6,38,0.156,0.289,0.281,0.571,131,96,-0.372,0.47,0.48,,-3.2,24,6,8.0,2,59,14,23,9,17,4,0,48,1,1,-0.132,-3.2,29,7,6,7,7.88,3,10,33,0.207,0.303,0.414,0.717,156,76,0.129,1.18,0.39,,3.2,27,6,9.0,1,45,12,19,7,12,2,0,59,1,0,0.369,3.2
SDN/SDN201609280,"Wednesday, September 28, 2016",7:11 p.m. Local,Petco Park,29471,2:45,Night,Home,San Diego Padres,SDP,Los Angeles Dodgers,LAD,35,5,9,5,5.0,1,9,36,0.257,0.278,0.543,0.821,141,83,-0.156,0.94,0.866,,0.8,24,11,8.0,1,42,12,29,14,12,6,0,31,1,0,-0.346,-2.2,29,6,8,6,4.5,3,8,33,0.276,0.364,0.448,0.812,121,91,0.347,1.5,0.807,,2.2,27,10,9.0,3,48,22,21,12,9,4,0,34,1,0,0.154,-0.8
SDN/SDN201609290,"Thursday, September 29, 2016",6:17 p.m. Local,Petco Park,35804,3:38,Night,Away,Los Angeles Dodgers,LAD,San Diego Padres,SDP,42,9,15,8,9.0,2,8,44,0.357,0.386,0.571,0.958,163,105,0.433,0.97,1.057,,4.8,27,10,9.0,0,63,16,26,13,21,14,0,60,2,0,0.066,0.2,39,4,14,4,4.0,2,10,42,0.359,0.39,0.436,0.826,159,106,-0.067,0.92,0.69,,-0.2,27,8,9.0,0,56,22,28,13,17,10,0,37,3,3,-0.434,-4.8
SFN/SFN201609300,"Friday, September 30, 2016",7:24 p.m. Local,AT&T Park,41359,3:15,Night,Home,San Francisco Giants,SFG,Los Angeles Dodgers,LAD,34,3,9,3,3.0,1,7,35,0.265,0.286,0.294,0.58,170,82,0.032,0.97,0.513,,-1.3,24,7,8.0,1,43,17,22,10,16,6,1,50,3,2,-0.532,-5.2,36,9,13,9,10.12,5,6,43,0.361,0.442,0.556,0.997,128,105,0.531,0.78,0.98,,5.2,27,9,9.0,0,62,18,25,10,21,13,0,52,0,0,-0.032,1.3
SFN/SFN201610010,"Saturday, October 1, 2016",1:05 p.m. Local,AT&T Park,41320,2:15,Day,Home,San Francisco Giants,SFG,Los Angeles Dodgers,LAD,29,0,3,0,0.0,1,7,30,0.103,0.133,0.103,0.237,107,76,-0.519,0.64,0.104,,-4.3,24,9,8.0,1,42,8,26,16,6,2,0,58,0,0,0.017,0.8,30,3,7,2,2.25,3,6,34,0.233,0.294,0.333,0.627,110,75,-0.017,0.87,0.375,,-0.8,27,15,9.0,0,45,13,17,11,14,6,0,81,0,0,0.517,4.3
SFN/SFN201610020,"Sunday, October 2, 2016",12:06 p.m. Local,AT&T Park,41445,3:04,Day,Home,San Francisco Giants,SFG,Los Angeles Dodgers,LAD,30,1,4,1,1.0,2,7,32,0.133,0.188,0.133,0.321,165,87,-0.222,0.4,0.128,,-3.3,24,5,8.0,0,53,14,20,7,16,6,0,21,4,0,-0.278,-3.2,39,7,16,7,7.88,4,11,43,0.41,0.465,0.538,1.004,120,106,0.278,0.49,0.526,,3.2,27,7,9.0,0,61,24,23,8,20,12,0,76,0,0,0.221,3.3
