,date,time,venue,attendance,duration,time_of_day,winner,winning_name,winning_abbr,losing_name,losing_abbr,away_at_bats,away_runs,away_hits,away_rbi,away_earned_runs,away_bases_on_balls,away_strikeouts,away_plate_appearances,away_batting_average,away_on_base_percentage,away_slugging_percentage,away_on_base_plus,away_pitches,away_strikes,away_win_probability_for_offensive_player,away_average_leverage_index,away_win_probability_added,away_win_probability_subtracted,away_base_out_runs_added,away_putouts,away_assists,away_innings_pitched,away_home_runs,away_strikes_by_contact,away_strikes_swinging,away_strikes_looking,away_grounded_balls,away_fly_balls,away_line_drives,away_unknown_bat_type,away_game_score,away_inherited_runners,away_inherited_score,away_win_probability_by_pitcher,away_base_out_runs_saved,home_at_bats,home_runs,home_hits,home_rbi,home_earned_runs,home_bases_on_balls,home_strikeouts,home_plate_appearances,home_batting_average,home_on_base_percentage,home_slugging_percentage,home_on_base_plus,home_pitches,home_strikes,home_win_probability_for_offensive_player,home_average_leverage_index,home_win_probability_added,home_win_probability_subtracted,home_base_out_runs_added,home_putouts,home_assists,home_innings_pitched,home_home_runs,home_strikes_by_contact,home_strikes_swinging,home_strikes_looking,home_grounded_balls,home_fly_balls,home_line_drives,home_unknown_bat_type,home_game_score,home_inherited_runners,home_inherited_score,home_win_probability_by_pitcher,home_base_out_runs_saved
MIL/MIL201604040,"Monday, April 4, 2016",1:11 p.m. Local,Miller Park,44318,3:35,Day,Away,San Francisco Giants,SFG,Milwaukee Brewers,MIL,40,12,15,12,11.0,5,3,46,0.375,0.435,0.75,1.185,165,115,0.491,0.95,0.809,,7.4,27,8,9.0,2,70,15,30,18,20,10,0,46,0,0,0.009,1.6,32,3,8,3,3.0,5,10,37,0.25,0.351,0.438,0.789,187,94,-0.01,0.6,0.617,,-1.6,27,14,9.0,4,46,19,29,8,14,8,0,32,1,0,-0.492,-7.4
MIL/MIL201604050,"Tuesday, April 5, 2016",7:10 p.m. Local,Miller Park,24123,2:29,Night,Away,San Francisco Giants,SFG,Milwaukee Brewers,MIL,33,2,7,2,2.0,2,5,35,0.212,0.257,0.333,0.59,122,72,-0.223,1.42,0.478,,-2.5,27,12,9.0,0,45,8,19,11,17,10,0,65,0,0,0.723,3.6,31,1,6,0,1.0,0,6,32,0.194,0.194,0.258,0.452,109,79,-0.725,1.1,0.32,,-3.6,27,8,9.0,1,44,12,23,13,13,7,0,62,1,0,0.224,2.6
MIL/MIL201604060,"Wednesday, April 6, 2016",12:41 p.m. Local,Miller Park,20098,3:19,Day,Home,Milwaukee Brewers,MIL,San Francisco Giants,SFG,30,3,6,2,2.0,4,3,35,0.2,0.286,0.4,0.686,150,85,-0.361,1.38,0.732,,-1.6,24,8,8.0,1,51,8,26,18,10,6,0,43,4,1,-0.138,0.0,30,4,9,4,3.38,7,9,38,0.3,0.421,0.4,0.821,143,91,0.139,1.54,1.075,,-0.0,27,15,9.0,1,53,13,25,11,11,6,0,54,1,1,0.361,1.6
MIL/MIL201604080,"Friday, April 8, 2016",7:11 p.m. Local,Miller Park,30100,3:08,Night,Home,Milwaukee Brewers,MIL,Houston Astros,HOU,34,4,9,4,4.0,3,8,37,0.265,0.324,0.471,0.795,142,89,-0.282,0.35,0.32,,-0.5,24,5,8.0,3,46,16,30,11,15,6,0,38,0,0,-0.217,-2.0,29,6,7,6,6.75,4,12,33,0.241,0.333,0.621,0.954,162,86,0.217,0.73,0.43,,2.0,27,13,9.0,1,39,16,31,7,12,5,0,64,1,1,0.282,0.6
MIL/MIL201604090,"Saturday, April 9, 2016",6:11 p.m. Local,Miller Park,28127,3:10,Night,Away,Houston Astros,HOU,Milwaukee Brewers,MIL,30,6,9,6,6.0,4,5,37,0.3,0.361,0.6,0.961,154,83,0.194,1.14,0.58,,1.4,27,13,9.0,2,52,11,20,14,14,4,0,49,0,0,0.307,0.6,34,4,8,3,4.0,3,11,37,0.235,0.297,0.471,0.768,137,97,-0.308,0.72,0.499,,-0.5,27,12,9.0,3,50,16,31,13,10,6,0,25,1,0,-0.193,-1.4
MIL/MIL201604100,"Sunday, April 10, 2016",1:10 p.m. Local,Miller Park,28441,3:08,Day,Home,Milwaukee Brewers,MIL,Houston Astros,HOU,28,2,3,2,2.0,5,13,33,0.107,0.242,0.321,0.564,137,92,-0.536,1.13,0.762,,-2.6,24,10,8.0,0,50,18,24,9,6,2,0,47,1,0,0.036,1.0,29,3,6,3,3.38,7,10,36,0.207,0.361,0.31,0.671,147,74,-0.035,1.54,0.661,,-1.0,27,9,9.0,2,35,12,27,13,6,4,0,63,1,0,0.534,2.6
SLN/SLN201604110,"Monday, April 11, 2016",3:18 p.m. Local,Busch Stadium III,47608,3:00,Day,Home,St. Louis Cardinals,STL,Milwaukee Brewers,MIL,32,1,6,1,1.0,3,10,36,0.188,0.278,0.281,0.559,170,92,-0.123,0.23,0.073,,-3.4,24,7,8.0,0,46,12,34,9,13,9,0,9,2,2,-0.376,-6.1,40,10,19,10,11.25,2,7,44,0.475,0.477,0.775,1.252,141,116,0.378,0.24,0.476,,6.1,27,9,9.0,1,68,13,35,14,22,12,0,70,0,0,0.124,3.4
SLN/SLN201604130,"Wednesday, April 13, 2016",7:15 p.m. Local,Busch Stadium III,40994,2:49,Night,Away,Milwaukee Brewers,MIL,St. Louis Cardinals,STL,36,6,9,6,6.0,3,10,39,0.25,0.308,0.417,0.724,138,96,0.496,1.13,1.246,,1.6,27,14,9.0,1,50,17,29,15,11,4,0,60,0,0,0.005,0.4,31,4,6,4,1.0,2,5,34,0.194,0.242,0.387,0.63,145,87,-0.005,1.08,0.793,,-0.4,27,11,9.0,1,52,9,26,14,13,5,0,45,1,0,-0.496,-1.6
SLN/SLN201604140,"Thursday, April 14, 2016",12:46 p.m. Local,Busch Stadium III,40168,2:29,Day,Home,St. Louis Cardinals,STL,Milwaukee Brewers,MIL,28,0,1,0,0.0,1,13,29,0.036,0.069,0.036,0.105,151,72,-0.225,0.4,0.019,,-4.4,24,7,8.0,2,33,13,26,12,3,2,0,36,0,0,-0.275,-3.1,32,7,11,7,7.88,3,9,38,0.344,0.405,0.656,1.062,104,92,0.273,0.35,0.478,,3.1,27,13,9.0,0,54,15,23,11,14,7,0,97,,,0.226,4.4
PIT/PIT201604150,"Friday, April 15, 2016",7:08 p.m. Local,PNC Park,24280,3:30,Night,Away,Milwaukee Brewers,MIL,Pittsburgh Pirates,PIT,35,8,11,7,7.0,10,8,47,0.314,0.467,0.543,1.01,135,103,0.363,1.05,0.898,,3.6,27,12,9.0,1,48,20,34,17,11,5,0,51,0,0,0.137,0.4,36,4,8,4,2.0,4,6,40,0.222,0.3,0.361,0.661,182,84,-0.135,0.78,0.653,,-0.4,27,15,9.0,2,44,11,29,16,14,4,0,41,3,0,-0.364,-3.6
PIT/PIT201604160,"Saturday, April 16, 2016",7:08 p.m. Local,PNC Park,34957,2:52,Night,Home,Pittsburgh Pirates,PIT,Milwaukee Brewers,MIL,28,0,3,0,0.0,5,6,33,0.107,0.242,0.143,0.385,150,83,-0.346,0.64,0.262,,-4.4,24,7,8.0,1,51,7,25,16,7,2,0,49,0,0,-0.154,-1.1,29,5,8,5,5.62,6,8,37,0.276,0.405,0.517,0.923,138,85,0.153,0.85,0.495,,1.1,27,15,9.0,0,45,18,22,10,12,8,0,71,0,0,0.345,4.4
PIT/PIT201604170,"Sunday, April 17, 2016",1:39 p.m. Local,PNC Park,31124,3:31,Day,Home,Pittsburgh Pirates,PIT,Milwaukee Brewers,MIL,32,3,6,3,3.0,4,9,36,0.188,0.278,0.188,0.465,181,86,-0.194,0.66,0.331,,-1.4,24,10,8.0,2,52,8,26,14,9,4,0,16,4,1,-0.305,-5.1,39,9,17,8,9.0,7,2,47,0.436,0.511,0.667,1.177,138,111,0.305,0.73,0.673,,5.1,27,11,9.0,0,72,9,30,16,22,14,0,54,2,0,0.196,1.4
MIN/MIN201604180,"Monday, April 18, 2016",7:11 p.m. Local,Target Field,21078,2:21,Night,Home,Minnesota Twins,MIN,Milwaukee Brewers,MIL,24,4,6,3,4.5,2,6,26,0.25,0.308,0.375,0.683,132,57,0.084,0.84,0.558,,1.0,18,8,6.0,2,32,7,18,8,10,5,0,31,2,0,-0.48,-4.0,31,7,14,6,9.0,1,5,32,0.452,0.469,0.806,1.275,88,87,0.48,1.15,0.939,,4.0,18,7,6.0,0,50,6,31,13,13,10,0,50,,,-0.085,-1.0
MIN/MIN201604190,"Tuesday, April 19, 2016",12:10 p.m. Local,Target Field,17597,3:23,Day,Away,Milwaukee Brewers,MIL,Minnesota Twins,MIN,33,6,9,5,2.0,4,8,39,0.273,0.333,0.394,0.727,168,89,0.533,1.54,1.084,,1.4,27,9,9.0,2,48,13,28,12,15,4,0,47,4,0,-0.034,-0.4,34,5,8,4,5.0,6,5,40,0.235,0.35,0.441,0.791,153,96,0.034,1.02,1.077,,0.4,27,8,9.0,0,54,12,30,13,16,4,0,42,1,0,-0.534,-1.4
MIL/MIL201604200,"Wednesday, April 20, 2016",7:10 p.m. Local,Miller Park,21087,3:22,Night,Home,Milwaukee Brewers,MIL,Minnesota Twins,MIN,37,5,12,5,5.0,3,9,40,0.324,0.375,0.568,0.943,187,91,0.025,0.89,0.743,,0.4,24,8,8.0,3,45,13,33,11,17,6,0,42,3,3,-0.525,-6.0,34,10,13,9,11.25,6,10,41,0.382,0.475,0.706,1.181,136,110,0.524,1.05,1.03,,6.0,27,8,9.0,2,55,21,34,11,14,7,0,43,1,0,-0.024,-0.4
MIL/MIL201604210,"Thursday, April 21, 2016",12:41 p.m. Local,Miller Park,30107,3:18,Day,Away,Minnesota Twins,MIN,Milwaukee Brewers,MIL,33,8,11,8,8.0,9,6,45,0.333,0.455,0.606,1.061,124,100,0.161,0.85,0.731,,3.4,27,7,9.0,0,54,17,29,12,18,10,0,65,1,0,0.339,3.6,32,1,5,1,1.0,1,9,33,0.156,0.182,0.219,0.401,171,78,-0.341,0.8,0.236,,-3.6,27,12,9.0,2,43,10,25,11,13,5,0,38,2,0,-0.16,-3.4
MIL/MIL201604220,"Friday, April 22, 2016",7:10 p.m. Local,Miller Park,23439,2:48,Night,Away,Philadelphia Phillies,PHI,Milwaukee Brewers,MIL,35,5,10,5,5.0,1,7,37,0.286,0.324,0.543,0.867,134,89,0.217,0.83,0.719,,0.5,27,12,9.0,0,54,13,22,13,15,6,0,70,0,0,0.282,2.6,33,2,6,2,2.0,3,9,36,0.182,0.25,0.242,0.492,145,94,-0.285,0.72,0.336,,-2.5,27,11,9.0,2,40,18,36,14,10,7,0,42,0,0,-0.217,-0.4
MIL/MIL201604230,"Saturday, April 23, 2016",6:12 p.m. Local,Miller Park,34813,4:00,Night,Away,Philadelphia Phillies,PHI,Milwaukee Brewers,MIL,39,10,13,10,10.0,6,9,47,0.333,0.435,0.513,0.948,187,123,0.63,1.34,1.292,,5.4,27,8,9.0,2,72,19,32,12,19,7,0,46,2,0,-0.134,-1.4,34,6,10,6,6.0,4,12,40,0.294,0.359,0.529,0.888,200,117,0.132,0.98,0.961,,1.4,27,8,9.0,2,73,12,34,10,14,6,0,20,0,0,-0.633,-5.4
MIL/MIL201604240,"Sunday, April 24, 2016",1:11 p.m. Local,Miller Park,28131,2:49,Day,Home,Milwaukee Brewers,MIL,Philadelphia Phillies,PHI,34,5,10,5,4.0,0,9,36,0.294,0.306,0.412,0.717,141,80,0.131,0.89,0.698,,0.5,24,9,8.0,3,48,14,20,12,14,10,0,29,1,1,-0.632,-4.0,35,8,12,8,9.0,0,10,36,0.343,0.333,0.743,1.076,130,89,0.633,0.86,1.071,,4.0,27,10,9.0,0,52,13,24,13,13,8,0,49,0,0,-0.133,-0.4
CHN/CHN201604260,"Tuesday, April 26, 2016",7:08 p.m. Local,Wrigley Field,35861,3:09,Night,Home,Chicago Cubs,CHC,Milwaukee Brewers,MIL,29,3,4,3,3.0,3,9,33,0.138,0.212,0.207,0.419,167,93,-0.384,1.27,0.478,,-1.5,24,12,8.0,0,41,15,37,14,7,2,0,58,2,2,-0.115,0.0,30,4,7,4,2.25,6,9,38,0.233,0.351,0.367,0.718,149,95,0.115,1.28,0.776,,0.0,27,12,9.0,0,56,14,25,14,9,4,0,62,1,0,0.385,1.5
CHN/CHN201604280,"Thursday, April 28, 2016",1:20 p.m. Local,Wrigley Field,32734,3:45,Day,Home,Chicago Cubs,CHC,Milwaukee Brewers,MIL,31,2,6,2,2.0,7,13,39,0.194,0.333,0.258,0.591,199,111,-0.198,0.4,0.274,,-2.5,24,5,8.0,1,62,20,29,10,9,4,0,28,3,0,-0.301,-3.0,32,7,8,7,7.88,11,5,45,0.25,0.467,0.406,0.873,181,103,0.304,0.64,0.515,,3.0,27,9,9.0,0,59,14,30,8,19,10,0,59,2,0,0.199,2.5
MIL/MIL201604290,"Friday, April 29, 2016",7:11 p.m. Local,Miller Park,23215,3:02,Night,Away,Miami Marlins,MIA,Milwaukee Brewers,MIL,32,6,10,6,6.0,4,8,38,0.312,0.405,0.594,0.999,162,93,0.228,0.7,0.492,,1.4,27,11,9.0,0,51,13,29,17,8,4,0,82,2,0,0.272,1.6,32,3,4,3,3.0,6,9,38,0.125,0.263,0.156,0.419,152,98,-0.275,0.44,0.289,,-1.5,27,15,9.0,2,51,20,27,13,10,4,0,41,0,0,-0.228,-1.5
MIL/MIL201604300,"Saturday, April 30, 2016",6:11 p.m. Local,Miller Park,28193,3:24,Night,Away,Miami Marlins,MIA,Milwaukee Brewers,MIL,41,7,14,7,6.0,9,12,51,0.341,0.46,0.683,1.143,147,123,0.303,0.72,0.79,,2.5,27,11,9.0,1,64,18,41,17,13,7,0,56,2,2,0.197,-0.4,32,5,7,5,5.0,2,6,35,0.219,0.265,0.438,0.702,197,94,-0.199,0.71,0.328,,0.4,27,9,9.0,4,57,9,28,13,14,7,0,23,2,1,-0.302,-2.4
MIL/MIL201605010,"Sunday, May 1, 2016",1:11 p.m. Local,Miller Park,28181,3:21,Day,Home,Milwaukee Brewers,MIL,Miami Marlins,MIA,40,5,16,5,5.0,2,0,43,0.4,0.429,0.575,1.004,167,93,-0.069,0.33,0.333,,0.4,24,10,8.0,3,62,4,27,27,14,6,0,7,5,5,-0.431,-10.0,39,14,18,13,14.62,3,5,44,0.462,0.5,0.795,1.295,152,106,0.429,0.53,0.573,,10.0,27,20,9.0,1,70,11,25,16,19,9,0,22,2,0,0.069,-0.4
MIL/MIL201605020,"Monday, May 2, 2016",6:21 p.m. Local,Miller Park,21352,3:30,Night,Home,Milwaukee Brewers,MIL,Los Angeles Angels,LAA,37,5,11,5,5.0,4,7,42,0.297,0.366,0.432,0.798,144,93,-0.146,0.78,0.388,,0.4,24,8,8.0,0,52,8,33,20,11,4,0,18,4,3,-0.353,-4.0,34,8,14,7,9.0,4,9,39,0.412,0.474,0.5,0.974,149,92,0.355,0.71,0.861,,4.0,27,12,9.0,1,52,14,26,10,17,12,0,64,0,0,0.147,-0.4
MIL/MIL201605030,"Tuesday, May 3, 2016",7:11 p.m. Local,Miller Park,28180,2:41,Night,Home,Milwaukee Brewers,MIL,Los Angeles Angels,LAA,32,4,9,4,4.0,3,5,35,0.281,0.343,0.313,0.655,139,76,-0.306,0.92,0.751,,-0.6,24,9,8.0,3,47,11,18,13,14,9,0,38,0,0,-0.194,-1.0,30,5,7,5,5.62,5,9,35,0.233,0.343,0.567,0.91,116,81,0.194,1.4,0.805,,1.0,27,11,9.0,0,36,11,34,8,13,7,0,44,0,0,0.305,0.6
MIL/MIL201605040,"Wednesday, May 4, 2016",12:40 p.m. Local,Miller Park,21907,3:28,Day,Away,Los Angeles Angels,LAA,Milwaukee Brewers,MIL,36,7,12,7,7.0,5,5,42,0.333,0.415,0.528,0.942,166,105,0.481,1.34,1.285,,2.4,27,6,9.0,1,64,17,25,14,18,11,0,40,3,1,0.02,1.5,34,3,9,2,3.0,4,7,39,0.265,0.342,0.353,0.695,164,108,-0.021,1.26,0.881,,-1.6,27,12,9.0,1,69,15,24,12,16,3,0,54,2,2,-0.479,-2.4
CIN/CIN201605050,"Thursday, May 5, 2016",7:11 p.m. Local,Great American Ball Park,13088,2:47,Night,Home,Cincinnati Reds,CIN,Milwaukee Brewers,MIL,34,5,10,5,5.0,1,6,36,0.294,0.333,0.529,0.863,139,87,-0.119,0.29,0.101,,0.5,24,6,8.0,3,48,9,30,16,12,9,0,31,0,0,-0.382,-5.0,33,9,9,9,9.0,3,10,37,0.273,0.324,0.667,0.991,141,85,0.382,0.27,0.469,,5.0,27,18,9.0,2,55,9,21,9,15,10,0,57,0,0,0.119,-0.5
CIN/CIN201605060,"Friday, May 6, 2016",7:11 p.m. Local,Great American Ball Park,28249,2:52,Night,Home,Cincinnati Reds,CIN,Milwaukee Brewers,MIL,33,1,8,1,1.0,4,6,39,0.242,0.342,0.333,0.675,131,103,-0.269,0.39,0.385,,-3.5,24,7,8.0,2,59,21,23,15,13,6,0,32,0,0,-0.231,-1.0,29,5,6,5,5.62,3,8,32,0.207,0.281,0.483,0.764,161,84,0.231,0.93,0.413,,1.0,27,11,9.0,1,47,12,25,8,13,11,0,56,2,0,0.269,3.5
CIN/CIN201605070,"Saturday, May 7, 2016",7:10 p.m. Local,Great American Ball Park,27567,3:38,Night,Away,Milwaukee Brewers,MIL,Cincinnati Reds,CIN,46,13,15,12,9.0,2,8,49,0.326,0.354,0.696,1.05,156,111,0.482,0.85,1.328,,8.0,30,6,10.0,2,63,13,35,20,19,11,0,33,0,0,0.017,-2.0,40,7,11,5,5.4,1,10,42,0.275,0.31,0.45,0.76,171,105,-0.019,1.21,0.617,,2.0,30,14,10.0,5,58,17,30,10,20,12,0,38,1,1,-0.484,-8.0
CIN/CIN201605080,"Sunday, May 8, 2016",3:05 p.m. Local,Great American Ball Park,22376,3:09,Day,Away,Milwaukee Brewers,MIL,Cincinnati Reds,CIN,33,5,7,5,5.0,5,10,38,0.212,0.316,0.545,0.861,138,93,0.237,1.32,0.957,,0.5,27,6,9.0,1,42,19,32,7,16,5,0,52,0,0,0.263,0.5,31,4,6,4,4.0,3,8,35,0.194,0.265,0.387,0.652,161,87,-0.263,1.34,0.642,,-0.5,27,5,9.0,3,57,13,18,6,18,6,0,56,2,0,-0.238,-0.5
MIA/MIA201605090,"Monday, May 9, 2016",7:11 p.m. Local,Marlins Park,16769,3:07,Night,Home,Miami Marlins,MIA,Milwaukee Brewers,MIL,29,1,5,1,1.0,8,15,37,0.172,0.351,0.241,0.593,141,98,-0.472,0.78,0.52,,-3.1,24,12,8.0,0,39,27,32,8,6,3,0,46,0,0,-0.027,-0.3,33,4,12,3,4.5,5,6,38,0.364,0.447,0.455,0.902,168,79,0.025,1.21,0.539,,0.3,27,9,9.0,0,47,6,26,15,13,11,0,76,3,1,0.473,3.1
MIA/MIA201605100,"Tuesday, May 10, 2016",7:11 p.m. Local,Marlins Park,17225,3:17,Night,Away,Milwaukee Brewers,MIL,Miami Marlins,MIA,38,10,12,7,9.0,8,8,49,0.316,0.438,0.368,0.806,142,116,0.463,0.85,0.951,,5.9,27,10,9.0,0,67,16,33,17,15,11,0,47,0,0,0.039,2.1,34,2,8,2,2.0,3,4,37,0.235,0.297,0.324,0.621,194,88,-0.038,0.8,0.499,,-2.1,27,12,9.0,0,50,8,30,12,18,10,0,34,0,0,-0.462,-5.9
MIA/MIA201605110,"Wednesday, May 11, 2016",7:10 p.m. Local,Marlins Park,19893,2:29,Night,Home,Miami Marlins,MIA,Milwaukee Brewers,MIL,33,2,8,2,2.0,3,14,36,0.242,0.306,0.242,0.548,110,92,-0.477,0.66,0.474,,-2.1,24,8,8.0,1,45,14,33,7,12,7,0,57,0,0,-0.024,0.7,27,3,5,3,3.38,1,6,29,0.185,0.207,0.333,0.54,134,64,0.024,1.42,0.379,,-0.7,27,5,9.0,0,34,10,20,8,14,6,0,63,2,2,0.476,2.1
MIL/MIL201605120,"Thursday, May 12, 2016",7:10 p.m. Local,Miller Park,17374,2:51,Night,Away,San Diego Padres,SDP,Milwaukee Brewers,MIL,31,3,7,3,3.0,1,7,35,0.226,0.265,0.387,0.652,143,75,-0.095,1.38,0.434,,-1.5,27,13,9.0,0,40,13,24,13,13,5,0,71,0,0,0.598,4.6,31,0,8,0,0.0,2,11,33,0.258,0.303,0.258,0.561,115,90,-0.597,0.86,0.468,,-4.5,27,9,9.0,1,43,25,22,13,7,5,0,68,0,0,0.097,1.6
MIL/MIL201605130,"Friday, May 13, 2016",7:10 p.m. Local,Miller Park,35291,2:56,Night,Home,Milwaukee Brewers,MIL,San Diego Padres,SDP,29,0,3,0,0.0,2,8,31,0.103,0.161,0.138,0.299,149,83,-0.751,1.12,0.347,,-4.6,24,13,8.0,0,46,20,18,11,10,6,0,58,0,0,0.251,3.0,26,1,7,1,1.12,6,7,34,0.269,0.394,0.308,0.702,125,86,-0.252,1.34,0.365,,-3.0,27,11,9.0,0,55,12,19,13,8,5,0,70,0,0,0.75,4.6
MIL/MIL201605140,"Saturday, May 14, 2016",6:10 p.m. Local,Miller Park,28896,5:04,Night,Away,San Diego Padres,SDP,Milwaukee Brewers,MIL,46,8,13,8,6.0,5,7,51,0.283,0.353,0.63,0.983,263,116,0.298,1.99,1.514,,1.9,36,10,12.0,1,73,12,32,17,22,9,0,42,7,1,0.201,-0.9,43,7,10,6,4.5,12,17,59,0.233,0.404,0.349,0.752,194,146,-0.203,1.18,1.725,,0.9,36,17,12.0,4,66,28,50,15,12,4,0,24,1,0,-0.298,-1.9
MIL/MIL201605150,"Sunday, May 15, 2016",1:11 p.m. Local,Miller Park,26306,2:46,Day,Home,Milwaukee Brewers,MIL,San Diego Padres,SDP,33,2,7,2,2.0,0,7,34,0.212,0.206,0.394,0.6,146,95,-0.417,1.12,0.592,,-2.6,24,7,8.0,2,54,12,29,13,14,8,0,50,1,0,-0.085,1.0,35,3,11,3,3.38,1,12,37,0.314,0.333,0.6,0.933,135,98,0.085,1.48,0.877,,-1.0,27,8,9.0,1,45,18,35,10,14,7,0,65,0,0,0.415,2.6
MIL/MIL201605170,"Tuesday, May 17, 2016",7:12 p.m. Local,Miller Park,24361,2:10,Night,Home,Milwaukee Brewers,MIL,Chicago Cubs,CHC,30,2,3,2,2.0,1,7,31,0.1,0.129,0.333,0.462,105,74,-0.434,0.73,0.097,,-2.6,24,12,8.0,1,41,10,23,10,13,3,0,46,1,0,-0.069,0.0,29,4,5,4,4.5,2,9,31,0.172,0.226,0.31,0.536,114,70,0.068,0.73,0.466,,-0.0,27,8,9.0,2,36,15,19,13,7,2,0,75,0,0,0.432,2.5
MIL/MIL201605180,"Wednesday, May 18, 2016",7:10 p.m. Local,Miller Park,31212,5:00,Night,Away,Chicago Cubs,CHC,Milwaukee Brewers,MIL,44,2,10,2,1.38,8,9,55,0.227,0.382,0.273,0.655,249,127,-0.497,2.13,1.687,,-4.6,39,12,13.0,0,71,22,34,16,19,13,0,63,5,0,0.998,5.6,42,1,6,1,0.69,8,14,50,0.143,0.28,0.214,0.494,208,143,-0.998,2.44,1.256,,-5.6,39,18,13.0,0,72,30,47,8,20,6,0,69,2,0,0.497,4.6
MIL/MIL201605190,"Thursday, May 19, 2016",12:42 p.m. Local,Miller Park,38781,2:58,Day,Home,Milwaukee Brewers,MIL,Chicago Cubs,CHC,32,3,6,2,3.0,6,15,38,0.188,0.316,0.406,0.722,141,96,-0.3,0.86,0.785,,-1.6,24,7,8.0,2,44,23,31,7,11,4,0,51,2,1,-0.201,-1.0,32,5,8,4,5.62,4,10,36,0.25,0.333,0.438,0.771,164,87,0.201,1.39,0.734,,1.0,27,4,9.0,1,43,19,25,9,13,8,0,63,0,0,0.298,1.6
NYN/NYN201605200,"Friday, May 20, 2016",7:11 p.m. Local,Citi Field,36239,2:31,Night,Home,New York Mets,NYM,Milwaukee Brewers,MIL,29,2,3,2,2.0,0,10,29,0.103,0.103,0.207,0.31,148,81,-0.444,1.05,0.241,,-2.3,24,8,8.0,1,39,16,27,8,11,2,0,49,3,0,-0.056,0.8,30,3,7,3,3.38,3,11,35,0.233,0.343,0.333,0.676,108,89,0.056,1.0,0.671,,-0.8,27,7,9.0,1,46,16,27,8,11,9,0,71,0,0,0.444,2.3
NYN/NYN201605210,"Saturday, May 21, 2016",4:11 p.m. Local,Citi Field,39688,3:09,Day,Home,New York Mets,NYM,Milwaukee Brewers,MIL,32,4,7,4,4.0,5,13,39,0.219,0.316,0.375,0.691,152,118,-0.146,1.48,0.771,,-0.3,25,11,8.1,2,67,24,27,3,18,9,0,45,0,0,-0.354,-2.3,31,5,9,5,5.4,6,7,38,0.29,0.405,0.516,0.922,181,87,0.357,1.21,1.133,,2.3,27,2,9.0,1,54,8,25,15,10,3,0,45,0,0,0.145,0.3
NYN/NYN201605220,"Sunday, May 22, 2016",1:12 p.m. Local,Citi Field,40173,2:59,Day,Home,New York Mets,NYM,Milwaukee Brewers,MIL,33,1,8,1,0.0,0,12,34,0.242,0.242,0.242,0.485,150,98,-0.434,0.68,0.509,,-3.3,24,2,8.0,1,53,21,24,14,8,5,0,51,0,0,-0.067,0.8,30,3,6,3,3.38,3,11,33,0.2,0.273,0.333,0.606,136,91,0.067,1.26,0.478,,-0.8,27,12,9.0,0,51,14,26,3,16,7,0,74,0,0,0.433,3.3
ATL/ATL201605240,"Tuesday, May 24, 2016",7:10 p.m. Local,Turner Field,15185,3:08,Night,Away,Milwaukee Brewers,MIL,Atlanta Braves,ATL,31,2,4,2,2.0,2,15,33,0.129,0.182,0.226,0.408,146,95,-0.123,1.7,0.59,,-2.4,27,7,9.0,0,50,20,25,9,7,4,0,65,0,0,0.62,3.4,29,1,5,1,1.0,4,9,35,0.172,0.294,0.276,0.57,145,95,-0.619,1.11,0.676,,-3.4,27,8,9.0,1,56,17,23,7,14,10,0,79,0,0,0.12,2.4
ATL/ATL201605250,"Wednesday, May 25, 2016",7:09 p.m. Local,Turner Field,12869,4:51,Night,Away,Milwaukee Brewers,MIL,Atlanta Braves,ATL,45,3,11,3,2.08,9,15,56,0.244,0.364,0.311,0.675,200,150,-0.354,1.55,1.321,,-3.3,39,13,13.0,1,84,26,40,17,15,9,0,61,0,0,0.852,4.3,46,2,9,2,1.38,5,12,51,0.196,0.275,0.261,0.535,248,127,-0.855,2.06,0.825,,-4.3,39,14,13.0,0,68,22,38,18,16,2,0,60,6,1,0.353,3.3
ATL/ATL201605260,"Thursday, May 26, 2016",7:10 p.m. Local,Turner Field,14885,3:05,Night,Away,Milwaukee Brewers,MIL,Atlanta Braves,ATL,35,6,10,6,6.0,4,12,40,0.286,0.359,0.6,0.959,159,86,0.188,1.28,0.878,,1.6,27,8,9.0,1,43,21,22,12,12,8,0,48,2,0,0.313,2.4,34,2,8,2,2.0,4,8,39,0.235,0.333,0.382,0.716,144,99,-0.313,0.99,0.722,,-2.4,27,10,9.0,2,54,17,28,10,16,11,0,53,1,0,-0.188,-1.6
MIL/MIL201605270,"Friday, May 27, 2016",7:11 p.m. Local,Miller Park,20441,2:53,Night,Home,Milwaukee Brewers,MIL,Cincinnati Reds,CIN,32,5,6,5,2.0,0,8,33,0.188,0.182,0.375,0.557,154,86,0.04,0.85,0.517,,0.5,24,11,8.0,3,54,15,17,13,12,4,0,23,2,1,-0.541,-5.0,35,9,14,9,10.12,6,6,43,0.4,0.476,0.743,1.219,123,88,0.542,0.75,1.047,,5.0,27,11,9.0,2,54,8,26,15,16,8,0,47,1,0,-0.042,-0.4
MIL/MIL201605280,"Saturday, May 28, 2016",3:12 p.m. Local,Miller Park,30293,3:46,Day,Away,Cincinnati Reds,CIN,Milwaukee Brewers,MIL,37,7,11,7,7.0,1,8,42,0.297,0.381,0.486,0.867,164,108,0.348,1.07,1.21,,2.5,27,13,9.0,1,65,20,23,14,15,10,0,45,4,2,0.152,-1.5,32,6,7,6,5.0,6,9,41,0.219,0.366,0.375,0.741,171,88,-0.153,1.42,0.735,,1.4,27,13,9.0,1,53,13,22,13,11,7,0,56,2,0,-0.348,-2.4
MIL/MIL201605290,"Sunday, May 29, 2016",1:12 p.m. Local,Miller Park,34901,3:10,Day,Home,Milwaukee Brewers,MIL,Cincinnati Reds,CIN,32,4,9,3,4.0,2,6,36,0.281,0.361,0.406,0.767,139,85,-0.278,0.73,0.575,,-0.6,24,9,8.0,0,57,10,20,12,14,7,0,45,0,0,-0.221,-1.0,27,5,8,5,5.62,5,5,35,0.296,0.394,0.444,0.838,132,81,0.223,1.13,0.594,,1.0,27,14,9.0,1,45,13,23,8,17,8,0,61,1,0,0.279,0.6
MIL/MIL201605300,"Monday, May 30, 2016",1:11 p.m. Local,Miller Park,34569,2:49,Day,Away,St. Louis Cardinals,STL,Milwaukee Brewers,MIL,39,6,12,4,5.0,0,11,39,0.308,0.308,0.462,0.769,123,102,0.201,0.76,0.585,,1.4,27,9,9.0,0,64,20,18,14,14,8,0,79,0,0,0.299,4.6,30,0,5,0,0.0,2,11,33,0.167,0.219,0.167,0.385,150,84,-0.299,0.61,0.225,,-4.6,27,11,9.0,1,40,17,27,13,7,3,0,49,0,0,-0.201,-1.5
MIL/MIL201605310,"Tuesday, May 31, 2016",7:11 p.m. Local,Miller Park,24487,3:14,Night,Away,St. Louis Cardinals,STL,Milwaukee Brewers,MIL,37,10,14,9,10.0,6,8,43,0.378,0.465,0.622,1.087,133,123,0.297,0.97,0.799,,5.4,27,11,9.0,1,81,14,28,13,15,10,1,57,0,0,0.202,1.6,32,3,7,3,3.0,2,6,35,0.219,0.257,0.406,0.663,199,84,-0.202,0.73,0.486,,-1.6,27,15,9.0,1,49,6,29,11,16,9,0,37,1,1,-0.299,-5.5
MIL/MIL201606010,"Wednesday, June 1, 2016",12:41 p.m. Local,Miller Park,24050,2:20,Day,Home,Milwaukee Brewers,MIL,St. Louis Cardinals,STL,30,1,4,1,1.0,0,10,30,0.133,0.133,0.233,0.367,109,84,-0.456,0.72,0.133,,-3.6,24,9,8.0,1,43,15,26,11,9,4,0,49,0,0,-0.044,1.0,30,3,6,3,3.38,3,4,33,0.2,0.273,0.3,0.573,120,66,0.043,0.85,0.414,,-1.0,27,9,9.0,1,40,11,15,14,12,4,0,85,0,0,0.457,3.6
PHI/PHI201606020,"Thursday, June 2, 2016",7:07 p.m. Local,Citizens Bank Park,22890,3:14,Night,Away,Milwaukee Brewers,MIL,Philadelphia Phillies,PHI,37,4,12,4,4.0,3,8,40,0.324,0.375,0.568,0.943,138,99,-0.055,1.38,0.68,,-0.4,27,7,9.0,1,54,21,24,18,11,5,0,65,1,0,0.555,3.4,32,1,5,1,1.0,0,11,33,0.156,0.182,0.281,0.463,159,93,-0.555,1.0,0.44,,-3.4,27,16,9.0,2,45,25,25,10,11,5,0,53,4,0,0.055,0.4
PHI/PHI201606030,"Friday, June 3, 2016",7:08 p.m. Local,Citizens Bank Park,20138,3:03,Night,Home,Philadelphia Phillies,PHI,Milwaukee Brewers,MIL,30,3,5,3,3.0,5,9,36,0.167,0.278,0.3,0.578,108,101,-0.272,0.56,0.352,,-1.4,24,14,8.0,2,57,16,28,8,14,3,0,22,0,0,-0.229,-2.1,29,6,7,6,6.75,4,6,33,0.241,0.333,0.483,0.816,163,64,0.229,0.92,0.491,,2.1,27,7,9.0,1,38,15,11,15,8,5,0,50,3,1,0.273,1.4
PHI/PHI201606040,"Saturday, June 4, 2016",3:07 p.m. Local,Citizens Bank Park,25177,3:25,Day,Away,Milwaukee Brewers,MIL,Philadelphia Phillies,PHI,35,6,10,6,6.0,5,7,43,0.286,0.381,0.514,0.895,131,111,0.242,1.02,1.114,,1.6,27,12,9.0,2,67,18,26,13,18,12,0,49,0,0,0.258,1.4,33,3,7,3,3.0,2,4,36,0.212,0.257,0.485,0.742,182,76,-0.257,1.3,0.495,,-1.4,27,10,9.0,2,47,8,21,14,16,6,0,42,0,0,-0.242,-1.6
PHI/PHI201606050,"Sunday, June 5, 2016",1:40 p.m. Local,Citizens Bank Park,24259,3:05,Day,Home,Philadelphia Phillies,PHI,Milwaukee Brewers,MIL,36,1,11,1,0.0,3,13,40,0.306,0.359,0.306,0.665,141,101,-0.266,0.45,0.393,,-3.4,24,14,8.0,3,50,21,30,11,14,10,0,26,2,2,-0.234,-4.1,35,8,13,8,7.88,2,2,38,0.371,0.405,0.714,1.12,153,89,0.236,0.88,0.452,,4.1,27,9,9.0,0,59,11,19,20,14,8,0,63,0,0,0.266,3.4
MIL/MIL201606070,"Tuesday, June 7, 2016",7:10 p.m. Local,Miller Park,19283,2:28,Night,Home,Milwaukee Brewers,MIL,Oakland Athletics,OAK,32,4,5,4,4.0,3,8,35,0.156,0.229,0.313,0.541,113,89,-0.384,0.54,0.548,,-0.6,24,8,8.0,2,55,7,27,11,13,5,0,49,0,0,-0.115,-1.0,30,5,6,5,5.62,2,8,32,0.2,0.25,0.4,0.65,142,73,0.117,1.23,0.398,,1.0,27,8,9.0,1,39,17,17,12,10,4,0,67,0,0,0.385,0.6
MIL/MIL201606080,"Wednesday, June 8, 2016",7:11 p.m. Local,Miller Park,18188,2:44,Night,Home,Milwaukee Brewers,MIL,Oakland Athletics,OAK,30,0,3,0,0.0,0,5,30,0.1,0.1,0.133,0.233,131,75,-0.343,0.68,0.082,,-4.6,24,9,8.0,0,48,6,21,9,16,6,0,28,2,0,-0.156,0.0,30,4,9,4,4.5,2,6,34,0.3,0.333,0.3,0.633,119,87,0.158,0.6,0.43,,-0.0,27,6,9.0,0,57,14,16,13,13,8,0,74,1,0,0.343,4.6
MIL/MIL201606090,"Thursday, June 9, 2016",7:10 p.m. Local,Miller Park,22980,3:04,Night,Away,New York Mets,NYM,Milwaukee Brewers,MIL,37,5,13,5,5.0,3,8,42,0.351,0.415,0.541,0.955,117,89,0.12,1.12,0.695,,0.4,27,15,9.0,0,56,9,24,13,17,6,0,59,0,0,0.382,2.6,33,2,10,2,2.0,0,4,33,0.303,0.303,0.394,0.697,154,76,-0.382,0.85,0.492,,-2.5,27,9,9.0,1,50,4,24,16,13,7,0,47,3,0,-0.118,-0.4
MIL/MIL201606100,"Friday, June 10, 2016",7:10 p.m. Local,Miller Park,27358,3:56,Night,Away,New York Mets,NYM,Milwaukee Brewers,MIL,40,2,10,2,1.64,5,5,46,0.25,0.333,0.4,0.733,182,94,-0.369,1.92,1.293,,-3.6,33,9,11.0,0,61,12,21,16,20,9,0,70,1,0,0.869,4.6,31,1,3,1,0.82,6,15,40,0.097,0.237,0.161,0.398,150,116,-0.87,2.04,0.677,,-4.6,33,13,11.0,1,63,31,22,7,12,4,0,59,0,0,0.368,3.6
MIL/MIL201606110,"Saturday, June 11, 2016",3:11 p.m. Local,Miller Park,38423,2:54,Day,Home,Milwaukee Brewers,MIL,New York Mets,NYM,32,4,7,4,4.0,2,9,35,0.219,0.257,0.469,0.726,151,87,-0.155,0.56,0.534,,-0.6,24,7,8.0,5,47,16,24,12,12,8,0,35,0,0,-0.346,-3.0,29,7,8,6,7.88,7,8,36,0.276,0.417,0.828,1.244,124,82,0.346,0.88,0.714,,3.0,27,10,9.0,2,47,12,23,6,15,6,0,48,2,1,0.153,0.6
MIL/MIL201606120,"Sunday, June 12, 2016",1:11 p.m. Local,Miller Park,32491,2:51,Day,Home,Milwaukee Brewers,MIL,New York Mets,NYM,35,3,7,3,2.0,2,10,37,0.2,0.243,0.286,0.529,134,100,-0.31,0.49,0.422,,-1.6,24,6,8.0,0,67,12,21,12,13,10,0,41,0,0,-0.19,-1.0,32,5,9,4,4.5,1,6,35,0.281,0.294,0.375,0.669,156,93,0.19,1.04,0.441,,1.0,27,9,9.0,0,59,14,20,11,17,6,0,70,3,1,0.309,1.6
SFN/SFN201606130,"Monday, June 13, 2016",7:15 p.m. Local,AT&T Park,41543,3:38,Night,Home,San Francisco Giants,SFG,Milwaukee Brewers,MIL,35,5,11,5,5.0,6,7,43,0.314,0.405,0.429,0.833,172,102,0.048,0.91,0.893,,0.7,24,9,8.0,1,58,15,29,17,13,7,0,44,3,2,-0.55,-7.2,33,11,14,11,12.38,5,8,42,0.424,0.476,0.606,1.082,164,107,0.549,1.23,1.001,,7.2,27,13,9.0,0,71,15,21,14,14,7,0,37,5,0,-0.05,-0.7
SFN/SFN201606140,"Tuesday, June 14, 2016",7:15 p.m. Local,AT&T Park,41750,3:21,Night,Home,San Francisco Giants,SFG,Milwaukee Brewers,MIL,28,2,4,2,2.0,1,10,30,0.143,0.2,0.286,0.486,174,89,-0.396,1.37,0.467,,-2.3,24,8,8.0,0,48,19,25,7,11,5,0,46,3,1,-0.104,0.8,35,3,12,2,3.38,4,10,40,0.343,0.425,0.4,0.825,131,102,0.104,1.27,0.884,,-0.8,27,11,9.0,1,58,18,26,14,11,8,0,73,0,0,0.396,2.3
SFN/SFN201606150,"Wednesday, June 15, 2016",12:46 p.m. Local,AT&T Park,41811,2:56,Day,Home,San Francisco Giants,SFG,Milwaukee Brewers,MIL,34,1,8,1,1.0,2,9,36,0.235,0.278,0.235,0.513,151,81,-0.198,0.53,0.098,,-3.3,24,7,8.0,0,43,13,25,16,9,5,0,16,1,1,-0.303,-6.2,40,10,16,8,9.0,4,4,46,0.4,0.467,0.475,0.942,131,90,0.302,0.38,0.56,,6.2,27,6,9.0,0,61,12,17,19,18,9,0,67,0,0,0.197,3.3
LAN/LAN201606160,"Thursday, June 16, 2016",7:10 p.m. Local,Dodger Stadium,44183,3:18,Night,Away,Milwaukee Brewers,MIL,Los Angeles Dodgers,LAD,35,8,10,8,8.0,3,11,39,0.286,0.333,0.571,0.905,138,108,0.64,1.38,1.293,,3.7,27,9,9.0,1,67,16,25,10,15,6,0,41,1,1,-0.14,-1.7,33,6,8,6,5.0,2,8,38,0.242,0.316,0.364,0.679,165,83,0.14,1.15,0.952,,1.7,27,7,9.0,3,46,13,24,11,15,7,0,46,0,0,-0.64,-3.7
LAN/LAN201606170,"Friday, June 17, 2016",7:10 p.m. Local,Dodger Stadium,44998,3:37,Night,Home,Los Angeles Dodgers,LAD,Milwaukee Brewers,MIL,41,2,12,2,1.8,2,16,44,0.293,0.341,0.39,0.731,140,122,-0.374,1.6,0.978,,-2.8,28,11,9.1,2,66,24,32,12,13,7,0,68,0,0,-0.127,0.3,34,3,8,3,2.89,3,8,39,0.235,0.316,0.441,0.757,182,89,0.128,1.45,1.011,,-0.3,30,9,10.0,0,44,19,26,13,14,8,0,64,2,1,0.374,2.8
LAN/LAN201606180,"Saturday, June 18, 2016",7:10 p.m. Local,Dodger Stadium,44112,3:28,Night,Home,Los Angeles Dodgers,LAD,Milwaukee Brewers,MIL,35,6,11,6,6.0,4,7,39,0.314,0.385,0.429,0.813,167,101,0.216,0.66,0.758,,1.7,24,6,8.0,3,59,12,30,12,16,10,0,17,2,2,-0.714,-6.2,36,10,14,10,11.25,4,9,40,0.389,0.45,0.722,1.172,160,111,0.715,0.85,0.97,,6.2,27,11,9.0,1,69,16,26,7,20,12,0,19,2,0,-0.215,-1.7
LAN/LAN201606190,"Sunday, June 19, 2016",1:10 p.m. Local,Dodger Stadium,45931,2:44,Day,Home,Los Angeles Dodgers,LAD,Milwaukee Brewers,MIL,30,1,6,1,1.0,3,10,33,0.2,0.273,0.333,0.606,116,87,-0.422,1.79,0.285,,-3.3,26,10,8.2,1,47,12,28,9,11,6,0,64,0,0,-0.078,1.6,31,2,8,2,2.08,2,6,35,0.258,0.324,0.387,0.711,125,74,0.077,0.97,1.161,,-1.6,27,9,9.0,1,41,8,25,11,15,7,0,62,2,0,0.424,3.3
OAK/OAK201606210,"Tuesday, June 21, 2016",7:07 p.m. Local,Oakland-Alameda County Coliseum,14810,3:32,Night,Home,Oakland Athletics,OAK,Milwaukee Brewers,MIL,34,3,10,3,2.0,1,9,36,0.294,0.314,0.382,0.697,190,74,-0.182,1.44,0.744,,-1.4,24,12,8.0,0,42,12,20,11,15,10,0,52,4,1,-0.32,-1.1,36,5,13,5,2.25,4,4,41,0.361,0.439,0.528,0.967,130,113,0.318,1.38,1.264,,1.1,27,10,9.0,0,74,9,30,18,14,7,0,58,1,0,0.182,1.4
OAK/OAK201606220,"Wednesday, June 22, 2016",12:37 p.m. Local,Oakland-Alameda County Coliseum,13586,2:53,Day,Away,Milwaukee Brewers,MIL,Oakland Athletics,OAK,38,4,13,4,4.0,1,11,40,0.342,0.359,0.526,0.885,130,94,0.156,1.25,0.798,,-0.4,27,9,9.0,1,58,14,22,12,16,4,0,66,1,0,0.344,2.4,32,2,5,2,2.0,2,9,35,0.156,0.229,0.281,0.51,150,83,-0.343,0.94,0.528,,-2.4,27,7,9.0,2,41,12,30,12,11,6,0,54,2,0,-0.156,0.4
MIL/MIL201606240,"Friday, June 24, 2016",7:10 p.m. Local,Miller Park,32668,3:06,Night,Home,Milwaukee Brewers,MIL,Washington Nationals,WSN,36,3,9,3,3.0,2,16,41,0.25,0.341,0.333,0.675,145,125,-0.219,0.87,0.881,,-1.6,24,5,8.0,2,57,17,51,4,16,10,0,49,0,0,-0.282,-1.0,29,5,5,5,5.62,3,13,32,0.172,0.25,0.379,0.629,183,95,0.282,1.48,0.709,,1.0,27,3,9.0,0,43,27,25,7,9,3,0,49,0,0,0.218,1.6
MIL/MIL201606250,"Saturday, June 25, 2016",3:10 p.m. Local,Miller Park,30085,3:05,Day,Home,Milwaukee Brewers,MIL,Washington Nationals,WSN,32,5,10,5,5.0,5,1,41,0.312,0.375,0.438,0.813,141,83,-0.288,0.69,0.881,,0.5,24,9,8.0,1,61,3,19,18,17,6,0,27,0,0,-0.213,-2.0,32,6,10,6,6.75,1,9,36,0.312,0.371,0.469,0.84,131,93,0.212,1.68,0.61,,2.0,27,14,9.0,0,61,11,21,10,14,5,0,40,2,1,0.287,-0.4
MIL/MIL201606260,"Sunday, June 26, 2016",1:10 p.m. Local,Miller Park,30215,3:14,Day,Away,Washington Nationals,WSN,Milwaukee Brewers,MIL,31,3,4,3,3.0,6,5,37,0.129,0.27,0.323,0.593,137,92,-0.067,1.57,0.658,,-1.6,27,9,9.0,1,52,11,29,12,14,3,0,69,1,0,0.568,2.6,36,2,11,2,2.0,1,11,38,0.306,0.324,0.556,0.88,149,93,-0.567,1.04,0.708,,-2.6,27,9,9.0,2,48,15,30,14,12,5,0,61,0,0,0.068,1.6
MIL/MIL201606280,"Tuesday, June 28, 2016",7:11 p.m. Local,Miller Park,33819,3:25,Night,Away,Los Angeles Dodgers,LAD,Milwaukee Brewers,MIL,38,6,12,5,5.0,5,7,44,0.316,0.409,0.421,0.83,148,99,0.329,1.37,0.742,,1.5,27,11,9.0,0,61,17,21,14,17,10,0,60,1,1,0.171,-0.4,28,5,4,5,4.0,8,10,38,0.143,0.324,0.25,0.574,157,91,-0.171,0.68,0.809,,0.5,27,9,9.0,0,46,19,27,12,8,3,0,22,2,1,-0.329,-1.4
MIL/MIL201606290,"Wednesday, June 29, 2016",7:10 p.m. Local,Miller Park,26566,2:30,Night,Home,Milwaukee Brewers,MIL,Los Angeles Dodgers,LAD,28,0,2,0,0.0,2,8,30,0.071,0.133,0.107,0.24,145,74,-0.216,0.37,0.095,,-4.6,24,8,8.0,2,43,15,16,11,9,2,0,36,0,0,-0.284,-3.0,33,7,12,7,7.88,3,11,36,0.364,0.417,0.576,0.992,121,94,0.285,0.47,0.434,,3.0,27,11,9.0,0,53,20,21,10,12,9,0,83,0,0,0.216,4.6
MIL/MIL201606300,"Thursday, June 30, 2016",1:11 p.m. Local,Miller Park,33029,3:19,Day,Away,Los Angeles Dodgers,LAD,Milwaukee Brewers,MIL,39,8,14,8,8.0,4,10,44,0.359,0.419,0.667,1.085,140,116,0.336,0.59,0.676,,3.5,27,8,9.0,0,62,19,35,16,14,9,0,66,0,0,0.166,3.6,30,1,4,1,1.0,2,7,35,0.133,0.229,0.167,0.395,185,90,-0.166,0.49,0.171,,-3.5,27,12,9.0,3,51,16,23,9,15,9,0,24,4,2,-0.335,-3.4
SLN/SLN201607010,"Friday, July 1, 2016",7:15 p.m. Local,Busch Stadium III,42987,2:47,Night,Home,St. Louis Cardinals,STL,Milwaukee Brewers,MIL,31,1,4,1,1.0,4,6,35,0.129,0.229,0.226,0.454,137,71,-0.163,0.6,0.339,,-3.4,24,14,8.0,0,39,14,18,21,4,3,0,32,1,0,-0.338,-3.1,35,7,11,7,4.5,5,7,40,0.314,0.4,0.371,0.771,106,87,0.338,0.81,0.578,,3.1,27,20,9.0,1,52,10,25,16,12,7,0,72,0,0,0.161,3.4
SLN/SLN201607020,"Saturday, July 2, 2016",2:47 p.m. Local,Busch Stadium III,40573,2:40,Day,Home,St. Louis Cardinals,STL,Milwaukee Brewers,MIL,30,0,7,0,0.0,3,7,33,0.233,0.303,0.233,0.536,119,73,-0.422,0.73,0.331,,-4.4,24,12,8.0,0,41,12,20,19,5,3,0,46,0,0,-0.079,0.9,31,3,8,3,3.38,3,7,34,0.258,0.324,0.355,0.678,124,78,0.08,1.04,0.484,,-0.9,27,15,9.0,0,48,14,16,15,9,5,0,66,0,0,0.421,4.4
SLN/SLN201607030,"Sunday, July 3, 2016",2:35 p.m. Local,Busch Stadium III,41148,3:48,Day,Home,St. Louis Cardinals,STL,Milwaukee Brewers,MIL,42,8,16,8,8.0,4,11,47,0.381,0.447,0.452,0.899,154,130,-0.083,0.79,1.114,,3.6,24,5,8.0,2,86,14,30,17,14,12,0,40,4,4,-0.418,-5.1,34,9,11,9,10.12,8,4,43,0.324,0.442,0.588,1.03,199,87,0.417,1.45,0.877,,5.1,27,15,9.0,0,53,11,23,11,20,6,0,46,6,4,0.083,-3.6
WAS/WAS201607040,"Monday, July 4, 2016",11:05 a.m. Local,Nationals Park,29174,3:01,Day,Away,Milwaukee Brewers,MIL,Washington Nationals,WSN,32,1,5,1,1.0,3,11,36,0.156,0.229,0.25,0.479,136,104,-0.335,1.49,0.318,,-3.6,27,14,9.0,0,60,26,18,12,10,5,0,79,0,0,0.834,4.6,29,0,2,0,0.0,3,7,32,0.069,0.156,0.069,0.225,157,76,-0.834,0.94,0.197,,-4.6,27,8,9.0,1,44,13,19,13,9,3,0,64,0,0,0.335,3.6
WAS/WAS201607050,"Tuesday, July 5, 2016",7:07 p.m. Local,Nationals Park,25138,2:52,Night,Away,Milwaukee Brewers,MIL,Washington Nationals,WSN,34,5,10,5,4.0,4,6,39,0.294,0.368,0.559,0.927,131,81,0.16,1.13,0.807,,0.4,27,14,9.0,0,50,12,19,14,15,9,0,50,5,0,0.339,2.6,35,2,12,2,2.0,2,4,37,0.343,0.378,0.371,0.75,141,84,-0.338,0.91,0.552,,-2.6,27,14,9.0,2,47,6,31,16,15,8,0,47,0,0,-0.161,-0.4
WAS/WAS201607060,"Wednesday, July 6, 2016",4:06 p.m. Local,Nationals Park,26330,2:47,Day,Home,Washington Nationals,WSN,Milwaukee Brewers,MIL,34,4,8,3,4.0,1,11,35,0.235,0.257,0.265,0.522,134,88,-0.093,0.61,0.619,,-0.6,24,12,8.0,3,50,17,21,11,13,7,0,19,0,0,-0.407,-2.9,33,7,10,7,7.88,2,5,36,0.303,0.361,0.667,1.028,129,80,0.408,0.97,0.728,,2.9,27,7,9.0,0,51,8,21,18,10,6,0,52,1,0,0.092,0.6
MIL/MIL201607080,"Friday, July 8, 2016",7:10 p.m. Local,Miller Park,28343,3:05,Night,Home,Milwaukee Brewers,MIL,St. Louis Cardinals,STL,36,3,8,3,3.0,5,6,41,0.222,0.317,0.333,0.65,134,92,-0.176,1.35,1.04,,-1.6,26,12,8.2,3,56,10,26,13,17,5,0,58,1,1,-0.325,0.1,32,4,6,4,4.15,3,9,37,0.188,0.278,0.531,0.809,145,85,0.323,1.7,1.095,,-0.1,27,8,9.0,1,47,18,20,13,11,8,0,50,0,0,0.175,1.6
MIL/MIL201607090,"Saturday, July 9, 2016",1:19 p.m. Local,Miller Park,37101,3:26,Day,Away,St. Louis Cardinals,STL,Milwaukee Brewers,MIL,36,8,10,8,8.0,7,8,43,0.278,0.395,0.667,1.062,152,104,0.019,1.42,0.648,,3.4,27,8,9.0,0,69,15,20,9,19,7,0,62,2,0,0.48,3.6,29,1,4,1,1.0,6,15,36,0.138,0.306,0.172,0.478,186,92,-0.482,0.8,0.525,,-3.6,27,11,9.0,3,43,24,25,10,4,0,0,46,0,0,-0.019,-3.4
MIL/MIL201607100,"Sunday, July 10, 2016",1:12 p.m. Local,Miller Park,42066,3:00,Day,Away,St. Louis Cardinals,STL,Milwaukee Brewers,MIL,38,5,12,5,3.0,3,11,43,0.316,0.381,0.553,0.934,127,108,0.052,1.16,0.72,,0.4,27,11,9.0,0,61,21,26,11,17,8,0,71,0,0,0.45,3.6,32,1,6,1,1.0,0,12,32,0.188,0.188,0.313,0.5,171,82,-0.45,0.84,0.47,,-3.6,27,10,9.0,2,42,21,19,11,9,7,0,45,2,0,-0.05,-0.4
CIN/CIN201607150,"Friday, July 15, 2016",7:11 p.m. Local,Great American Ball Park,30680,3:14,Night,Home,Cincinnati Reds,CIN,Milwaukee Brewers,MIL,34,4,9,4,4.0,3,11,39,0.265,0.324,0.353,0.677,132,93,-0.162,1.37,1.032,,-0.5,24,9,8.0,0,48,21,24,13,12,9,0,41,2,2,-0.338,-1.0,32,5,9,5,5.62,3,7,35,0.281,0.343,0.375,0.718,159,87,0.338,1.97,1.036,,1.0,27,11,9.0,1,58,10,19,14,11,9,0,56,3,0,0.163,0.5
CIN/CIN201607160,"Saturday, July 16, 2016",7:11 p.m. Local,Great American Ball Park,31328,3:03,Night,Away,Milwaukee Brewers,MIL,Cincinnati Reds,CIN,38,9,12,9,9.0,5,11,43,0.316,0.395,0.5,0.895,127,111,0.403,0.25,0.498,,4.5,27,10,9.0,0,58,25,28,13,14,10,0,70,0,0,0.098,3.5,35,1,9,1,1.0,3,8,39,0.257,0.333,0.286,0.619,173,82,-0.095,0.25,0.084,,-3.5,27,7,9.0,2,57,5,20,12,15,9,0,3,3,3,-0.404,-4.5
CIN/CIN201607170,"Sunday, July 17, 2016",1:10 p.m. Local,Great American Ball Park,23085,2:34,Day,Home,Cincinnati Reds,CIN,Milwaukee Brewers,MIL,31,0,4,0,0.0,2,4,33,0.129,0.182,0.161,0.343,129,86,-0.688,1.45,0.223,,-4.5,26,11,8.2,0,51,13,22,11,16,5,0,74,1,1,0.187,3.3,28,1,4,0,0.0,2,7,30,0.143,0.2,0.143,0.343,127,77,-0.188,1.27,0.632,,-3.3,27,8,9.0,0,47,14,17,12,9,3,0,74,0,0,0.687,4.5
PIT/PIT201607190,"Tuesday, July 19, 2016",7:07 p.m. Local,PNC Park,27106,2:49,Night,Home,Pittsburgh Pirates,PIT,Milwaukee Brewers,MIL,33,2,7,2,2.0,2,8,35,0.212,0.257,0.242,0.5,146,75,-0.26,0.99,0.938,,-2.4,24,15,8.0,0,44,13,18,16,9,6,0,61,0,0,-0.241,0.9,29,3,5,2,2.25,4,9,34,0.172,0.265,0.31,0.575,119,88,0.241,1.83,0.782,,-0.9,27,12,9.0,0,44,22,22,15,6,3,0,61,0,0,0.26,2.4
PIT/PIT201607200,"Wednesday, July 20, 2016",7:06 p.m. Local,PNC Park,36717,3:43,Night,Away,Milwaukee Brewers,MIL,Pittsburgh Pirates,PIT,34,9,12,9,9.0,9,12,45,0.353,0.467,0.471,0.937,161,108,0.581,1.06,1.302,,4.6,27,11,9.0,0,62,15,31,13,10,5,1,38,0,0,-0.081,-0.6,36,5,11,5,4.0,2,8,39,0.306,0.342,0.472,0.814,188,98,0.081,1.15,0.789,,0.6,27,8,9.0,0,61,15,23,13,16,9,0,25,5,2,-0.581,-4.6
PIT/PIT201607210,"Thursday, July 21, 2016",7:07 p.m. Local,PNC Park,35978,2:47,Night,Home,Pittsburgh Pirates,PIT,Milwaukee Brewers,MIL,33,3,5,3,2.0,0,14,33,0.152,0.152,0.273,0.424,125,89,-0.258,0.48,0.377,,-1.4,24,18,8.0,1,45,20,24,12,7,4,0,34,0,0,-0.241,-1.1,33,5,11,5,4.5,3,3,36,0.333,0.389,0.455,0.843,136,79,0.24,1.0,0.487,,1.1,27,12,9.0,1,49,12,18,20,10,5,0,69,0,0,0.258,1.4
MIL/MIL201607220,"Friday, July 22, 2016",7:10 p.m. Local,Miller Park,42243,3:07,Night,Away,Chicago Cubs,CHC,Milwaukee Brewers,MIL,33,5,8,5,3.0,4,6,39,0.242,0.333,0.455,0.788,145,76,0.171,1.03,0.623,,0.4,27,8,9.0,1,49,16,13,17,11,6,0,53,2,0,0.331,2.6,30,2,4,2,2.0,4,10,35,0.133,0.235,0.3,0.535,136,92,-0.328,0.7,0.465,,-2.6,27,12,9.0,1,49,13,30,9,12,4,0,47,0,0,-0.171,-0.4
MIL/MIL201607230,"Saturday, July 23, 2016",6:10 p.m. Local,Miller Park,44643,2:56,Night,Home,Milwaukee Brewers,MIL,Chicago Cubs,CHC,32,1,6,1,1.0,2,7,34,0.188,0.235,0.219,0.454,151,84,-0.374,0.56,0.286,,-3.6,24,12,8.0,3,45,13,26,10,15,7,0,53,4,2,-0.124,-2.0,29,6,8,6,6.75,3,6,34,0.276,0.364,0.621,0.984,135,93,0.124,0.9,0.464,,2.0,27,7,9.0,0,53,16,24,12,12,5,0,65,1,1,0.375,3.6
MIL/MIL201607240,"Sunday, July 24, 2016",1:10 p.m. Local,Miller Park,43310,4:08,Day,Away,Chicago Cubs,CHC,Milwaukee Brewers,MIL,33,6,11,6,4.0,6,4,39,0.333,0.436,0.394,0.83,194,91,0.371,1.02,1.167,,1.4,27,8,9.0,1,55,11,25,17,12,8,0,40,6,2,0.127,-0.4,35,5,8,5,5.0,8,16,44,0.229,0.364,0.429,0.792,159,123,-0.128,1.16,0.76,,0.5,27,16,9.0,0,76,23,24,9,11,6,0,59,1,1,-0.372,-1.4
MIL/MIL201607250,"Monday, July 25, 2016",6:22 p.m. Local,Miller Park,25347,3:09,Night,Home,Milwaukee Brewers,MIL,Arizona Diamondbacks,ARI,36,2,9,2,2.0,3,9,39,0.25,0.308,0.306,0.613,152,91,-0.161,0.75,0.543,,-2.6,24,9,8.0,4,49,17,25,11,16,8,0,28,0,0,-0.34,-3.0,34,7,12,7,7.88,4,8,38,0.353,0.421,0.735,1.156,155,98,0.34,0.95,0.808,,3.0,27,9,9.0,0,57,16,25,11,15,10,0,49,0,0,0.16,2.6
MIL/MIL201607260,"Tuesday, July 26, 2016",7:11 p.m. Local,Miller Park,24074,3:35,Night,Home,Milwaukee Brewers,MIL,Arizona Diamondbacks,ARI,36,4,8,4,3.0,4,8,40,0.222,0.3,0.333,0.633,156,96,-0.045,1.31,0.86,,-0.6,24,8,8.0,0,52,13,31,20,8,7,0,42,6,3,-0.456,-5.0,31,9,11,9,10.12,7,10,38,0.355,0.474,0.387,0.861,146,97,0.456,1.44,1.217,,5.0,27,14,9.0,0,49,17,31,15,6,3,0,50,2,1,0.044,0.6
MIL/MIL201607270,"Wednesday, July 27, 2016",7:10 p.m. Local,Miller Park,22581,2:56,Night,Away,Arizona Diamondbacks,ARI,Milwaukee Brewers,MIL,40,8,11,7,2.0,2,12,42,0.275,0.31,0.475,0.785,127,114,0.388,0.26,0.493,,3.5,27,6,9.0,0,61,17,36,20,8,5,0,68,0,0,0.113,3.5,29,1,5,1,1.0,3,7,33,0.172,0.242,0.241,0.484,154,76,-0.114,0.26,0.096,,-3.5,27,13,9.0,2,41,5,32,7,16,6,0,33,1,0,-0.387,-3.5
MIL/MIL201607280,"Thursday, July 28, 2016",1:10 p.m. Local,Miller Park,33971,2:50,Day,Home,Milwaukee Brewers,MIL,Arizona Diamondbacks,ARI,36,4,9,4,3.0,1,9,37,0.25,0.27,0.333,0.604,148,92,-0.2,1.02,0.714,,-0.5,24,8,8.0,2,48,17,27,13,14,7,0,48,2,2,-0.3,-2.0,31,6,7,6,6.75,4,13,35,0.226,0.314,0.452,0.766,136,90,0.301,1.32,0.87,,2.0,27,10,9.0,0,47,18,25,10,8,4,0,55,2,1,0.199,0.6
MIL/MIL201607290,"Friday, July 29, 2016",7:10 p.m. Local,Miller Park,29442,2:45,Night,Home,Milwaukee Brewers,MIL,Pittsburgh Pirates,PIT,31,1,4,1,1.0,1,5,32,0.129,0.156,0.161,0.318,136,74,-0.455,0.64,0.271,,-3.6,24,10,8.0,1,46,10,18,12,14,5,0,46,0,0,-0.043,1.0,28,3,8,3,3.38,3,4,35,0.286,0.375,0.5,0.875,106,78,0.043,1.08,0.459,,-1.0,27,10,9.0,0,44,9,25,13,14,6,0,76,2,0,0.456,3.5
MIL/MIL201607300,"Saturday, July 30, 2016",6:10 p.m. Local,Miller Park,36663,3:19,Night,Home,Milwaukee Brewers,MIL,Pittsburgh Pirates,PIT,33,3,8,3,2.0,3,10,36,0.242,0.306,0.364,0.669,149,97,-0.394,0.85,0.358,,-1.6,24,14,8.0,2,54,15,28,7,16,12,0,58,4,2,-0.104,-1.0,35,5,12,5,5.62,1,8,36,0.343,0.361,0.571,0.933,162,100,0.105,1.05,0.623,,1.0,27,9,9.0,1,64,19,17,20,7,3,0,62,0,0,0.395,1.6
MIL/MIL201607310,"Sunday, July 31, 2016",1:11 p.m. Local,Miller Park,32405,3:04,Day,Home,Milwaukee Brewers,MIL,Pittsburgh Pirates,PIT,31,2,5,2,1.0,2,12,33,0.161,0.212,0.258,0.47,160,88,-0.354,0.73,0.491,,-2.5,24,8,8.0,2,40,21,27,12,7,3,0,43,0,0,-0.146,0.0,29,4,8,2,4.5,5,14,36,0.276,0.4,0.483,0.883,135,94,0.145,1.23,0.598,,-0.0,27,10,9.0,1,48,22,24,7,9,7,0,57,0,0,0.355,2.6
SDN/SDN201608010,"Monday, August 1, 2016",7:10 p.m. Local,Petco Park,24009,3:46,Night,Home,San Diego Padres,SDP,Milwaukee Brewers,MIL,31,3,6,3,3.0,7,8,39,0.194,0.359,0.387,0.746,165,99,-0.045,0.78,0.742,,-1.2,24,8,8.0,0,46,16,37,13,10,2,0,22,1,1,-0.455,-3.2,31,7,10,6,6.75,8,7,41,0.323,0.463,0.452,0.915,179,94,0.455,1.01,0.886,,3.2,27,13,9.0,2,54,14,26,15,10,2,0,55,2,0,0.045,1.2
SDN/SDN201608020,"Tuesday, August 2, 2016",7:09 p.m. Local,Petco Park,26152,3:00,Night,Away,Milwaukee Brewers,MIL,San Diego Padres,SDP,35,3,11,2,3.0,4,8,39,0.314,0.385,0.457,0.842,124,82,-0.01,1.44,0.75,,-1.2,27,9,9.0,0,50,15,17,15,12,7,0,51,2,0,0.511,2.2,32,2,6,2,2.0,2,7,34,0.188,0.235,0.188,0.423,139,81,-0.512,1.13,0.538,,-2.2,27,13,9.0,1,46,8,29,13,12,4,0,44,3,0,0.011,1.2
SDN/SDN201608030,"Wednesday, August 3, 2016",12:43 p.m. Local,Petco Park,24124,3:02,Day,Home,San Diego Padres,SDP,Milwaukee Brewers,MIL,36,3,9,3,3.0,0,6,36,0.25,0.25,0.389,0.639,169,87,-0.227,0.42,0.047,,-1.2,24,11,8.0,2,45,18,24,11,19,8,0,36,0,0,-0.275,-8.2,38,12,14,11,13.5,5,8,44,0.368,0.455,0.658,1.112,126,98,0.275,0.32,0.505,,8.2,27,7,9.0,1,66,12,20,13,17,6,0,59,0,0,0.225,1.2
ARI/ARI201608050,"Friday, August 5, 2016",6:40 p.m. Local,Chase Field,20008,3:54,Night,Home,Arizona Diamondbacks,ARI,Milwaukee Brewers,MIL,37,2,6,2,1.64,7,8,44,0.162,0.295,0.297,0.593,180,94,-0.696,1.57,0.89,,-3.8,31,15,10.1,2,52,17,25,15,14,5,0,59,0,0,0.193,1.2,38,3,7,3,1.74,4,10,43,0.184,0.262,0.368,0.63,169,109,-0.193,1.71,0.912,,-1.2,33,14,11.0,1,63,13,33,16,13,5,0,52,0,0,0.693,3.8
ARI/ARI201608060,"Saturday, August 6, 2016",5:10 p.m. Local,Chase Field,29370,4:00,Night,Away,Milwaukee Brewers,MIL,Arizona Diamondbacks,ARI,41,15,19,15,15.0,10,9,56,0.463,0.545,0.732,1.277,142,113,0.188,0.57,0.636,,10.2,27,14,9.0,2,63,24,26,15,21,12,0,57,1,1,0.311,-1.2,37,6,8,6,5.0,3,4,41,0.216,0.293,0.432,0.725,196,84,-0.312,0.6,0.179,,1.2,27,9,9.0,2,57,12,15,18,15,8,0,35,5,5,-0.189,-10.2
ARI/ARI201608070,"Sunday, August 7, 2016",1:11 p.m. Local,Chase Field,24021,3:31,Day,Home,Arizona Diamondbacks,ARI,Milwaukee Brewers,MIL,30,3,5,2,3.0,7,14,37,0.167,0.324,0.267,0.591,143,113,0.044,0.89,0.481,,-1.8,24,9,8.0,2,56,19,38,10,6,3,0,24,1,1,-0.545,-4.8,35,9,12,8,9.0,3,6,41,0.343,0.425,0.629,1.054,184,91,0.545,0.69,1.041,,4.8,27,10,9.0,1,51,9,31,13,17,10,0,51,1,0,-0.044,1.8
MIL/MIL201608080,"Monday, August 8, 2016",6:20 p.m. Local,Miller Park,20976,3:31,Night,Away,Atlanta Braves,ATL,Milwaukee Brewers,MIL,42,4,10,4,3.0,2,7,45,0.238,0.267,0.429,0.695,175,103,-0.285,1.7,0.956,,-2.1,36,14,12.0,1,61,10,32,20,16,8,0,56,0,0,0.785,3.1,43,3,8,3,2.25,2,15,45,0.186,0.222,0.279,0.501,162,112,-0.784,1.34,0.824,,-3.1,36,20,12.0,2,62,21,29,15,13,7,0,52,3,0,0.283,2.1
MIL/MIL201608090,"Tuesday, August 9, 2016",7:10 p.m. Local,Miller Park,20048,2:53,Night,Away,Atlanta Braves,ATL,Milwaukee Brewers,MIL,28,2,6,2,2.0,4,7,33,0.214,0.313,0.214,0.527,117,84,-0.122,1.47,0.721,,-2.6,27,18,9.0,1,47,13,24,15,7,2,0,62,2,0,0.624,3.6,28,1,4,1,1.0,4,6,32,0.143,0.25,0.286,0.536,137,71,-0.624,1.29,0.406,,-3.5,27,15,9.0,0,41,13,17,17,5,2,0,59,2,1,0.124,2.6
MIL/MIL201608100,"Wednesday, August 10, 2016",7:10 p.m. Local,Miller Park,20035,2:50,Night,Home,Milwaukee Brewers,MIL,Atlanta Braves,ATL,33,3,9,3,3.0,2,6,36,0.273,0.314,0.485,0.799,121,95,-0.369,0.75,0.561,,-1.5,24,12,8.0,1,67,9,19,7,21,12,0,32,1,0,-0.131,0.0,32,4,10,4,4.5,3,5,35,0.312,0.371,0.438,0.809,140,76,0.132,1.29,0.562,,-0.0,27,8,9.0,2,41,16,19,15,12,6,0,50,1,0,0.369,1.6
MIL/MIL201608110,"Thursday, August 11, 2016",1:11 p.m. Local,Miller Park,30167,3:19,Day,Home,Milwaukee Brewers,MIL,Atlanta Braves,ATL,33,3,9,3,3.0,4,4,40,0.273,0.375,0.424,0.799,172,79,-0.182,0.34,0.272,,-1.6,24,11,8.0,3,52,5,22,14,16,7,0,30,3,3,-0.317,-7.0,34,11,14,10,11.25,5,5,39,0.412,0.487,0.794,1.281,127,101,0.316,0.57,0.48,,7.0,27,12,9.0,1,63,13,25,10,19,11,0,49,0,0,0.183,1.6
MIL/MIL201608120,"Friday, August 12, 2016",7:10 p.m. Local,Miller Park,24553,3:23,Night,Away,Cincinnati Reds,CIN,Milwaukee Brewers,MIL,40,7,12,7,5.0,4,12,45,0.3,0.378,0.4,0.778,165,118,0.174,0.73,0.556,,2.4,27,5,9.0,2,63,9,46,17,11,6,0,76,0,0,0.326,0.6,33,4,6,4,1.0,2,15,35,0.182,0.229,0.364,0.592,183,106,-0.326,0.59,0.214,,-0.6,27,13,9.0,1,50,27,29,8,11,6,0,47,0,0,-0.174,-2.4
MIL/MIL201608130,"Saturday, August 13, 2016",6:10 p.m. Local,Miller Park,30357,3:29,Night,Away,Cincinnati Reds,CIN,Milwaukee Brewers,MIL,43,11,16,10,9.0,1,7,45,0.372,0.378,0.558,0.936,178,107,0.198,0.57,0.617,,6.5,27,10,9.0,2,74,11,22,12,25,16,0,46,3,1,0.3,-0.4,39,5,14,5,5.0,2,8,41,0.359,0.39,0.615,1.006,162,112,-0.301,0.6,0.195,,0.4,27,7,9.0,1,63,28,21,14,17,8,0,34,2,2,-0.199,-6.4
MIL/MIL201608140,"Sunday, August 14, 2016",1:10 p.m. Local,Miller Park,30103,2:52,Day,Home,Milwaukee Brewers,MIL,Cincinnati Reds,CIN,33,3,7,3,3.0,2,9,35,0.212,0.257,0.394,0.651,164,92,-0.158,0.48,0.13,,-1.5,24,5,8.0,2,57,14,21,11,13,7,0,17,0,0,-0.342,-3.0,32,7,8,7,7.88,5,8,38,0.25,0.368,0.531,0.9,149,97,0.342,0.35,0.52,,3.0,27,12,9.0,1,50,18,29,7,17,9,0,64,0,0,0.158,1.6
CHN/CHN201608161,"Tuesday, August 16, 2016",12:20 p.m. Local,Wrigley Field,41148,3:12,Day,Home,Chicago Cubs,CHC,Milwaukee Brewers,MIL,28,0,3,0,0.0,6,7,35,0.107,0.286,0.107,0.393,150,93,-0.409,0.74,0.284,,-4.5,24,8,8.0,0,49,18,28,11,10,2,0,44,0,0,-0.089,0.0,27,4,6,3,4.5,4,4,35,0.222,0.324,0.259,0.583,159,90,0.09,0.88,0.446,,-0.0,27,12,9.0,0,50,16,24,12,14,6,0,64,3,0,0.411,4.5
CHN/CHN201608162,"Tuesday, August 16, 2016",7:05 p.m. Local,Wrigley Field,39420,3:21,Night,Home,Chicago Cubs,CHC,Milwaukee Brewers,MIL,31,1,6,1,1.0,4,9,35,0.194,0.286,0.29,0.576,154,92,-0.432,0.86,0.213,,-3.5,24,10,8.0,1,48,16,29,10,12,4,0,52,3,0,-0.069,0.0,31,4,10,4,4.5,5,3,36,0.323,0.417,0.484,0.901,152,93,0.069,0.84,0.667,,0.0,27,10,9.0,1,65,7,21,9,19,7,0,77,1,0,0.432,3.5
CHN/CHN201608170,"Wednesday, August 17, 2016",7:06 p.m. Local,Wrigley Field,40310,2:50,Night,Home,Chicago Cubs,CHC,Milwaukee Brewers,MIL,31,1,4,1,1.0,2,9,33,0.129,0.182,0.129,0.311,137,99,-0.166,0.36,0.087,,-3.5,24,7,8.0,2,61,12,26,12,10,4,0,33,0,0,-0.334,-2.0,31,6,8,6,6.75,4,6,37,0.258,0.378,0.484,0.862,152,86,0.332,0.38,0.471,,2.0,27,9,9.0,0,47,13,26,10,15,5,0,69,1,0,0.167,3.5
CHN/CHN201608180,"Thursday, August 18, 2016",1:20 p.m. Local,Wrigley Field,41407,3:21,Day,Home,Chicago Cubs,CHC,Milwaukee Brewers,MIL,32,6,6,6,6.0,10,5,42,0.188,0.381,0.438,0.818,158,91,-0.064,0.47,0.641,,1.5,24,7,8.0,2,46,18,27,11,16,8,0,17,0,0,-0.437,-5.0,38,9,14,9,10.12,2,6,40,0.368,0.4,0.658,1.058,161,105,0.437,0.99,0.65,,5.0,27,11,9.0,2,61,16,28,11,21,13,0,39,3,1,0.064,-1.5
SEA/SEA201608190,"Friday, August 19, 2016",7:10 p.m. Local,Safeco Field,37758,3:21,Night,Home,Seattle Mariners,SEA,Milwaukee Brewers,MIL,36,6,11,6,6.0,4,9,40,0.306,0.375,0.556,0.931,152,93,-0.086,0.95,0.886,,1.6,24,10,8.0,3,49,17,27,9,18,9,0,32,3,1,-0.416,-3.1,37,7,11,7,6.75,6,5,43,0.297,0.395,0.568,0.963,166,94,0.415,1.29,0.997,,3.1,27,9,9.0,3,55,13,26,15,17,8,0,48,0,0,0.085,-1.6
SEA/SEA201608200,"Saturday, August 20, 2016",6:11 p.m. Local,Safeco Field,29170,2:53,Night,Home,Seattle Mariners,SEA,Milwaukee Brewers,MIL,33,2,7,2,2.0,1,10,35,0.212,0.257,0.303,0.56,141,83,-0.394,0.67,0.339,,-2.4,24,13,8.0,2,43,22,18,10,13,6,0,39,2,2,-0.107,-4.1,34,8,12,7,9.0,3,2,37,0.353,0.405,0.706,1.111,123,82,0.104,0.96,0.572,,4.1,27,9,9.0,0,51,6,25,14,18,11,0,67,0,0,0.393,2.4
SEA/SEA201608210,"Sunday, August 21, 2016",1:11 p.m. Local,Safeco Field,35833,3:13,Day,Away,Milwaukee Brewers,MIL,Seattle Mariners,SEA,36,7,10,7,7.0,2,10,38,0.278,0.316,0.611,0.927,154,105,0.582,1.16,1.128,,2.6,27,11,9.0,0,59,24,22,10,16,7,0,23,2,0,-0.081,-1.6,38,6,11,6,5.0,1,7,39,0.289,0.308,0.316,0.623,160,101,0.083,0.98,0.739,,1.6,27,8,9.0,3,62,14,25,18,13,5,0,53,2,1,-0.582,-2.6
MIL/MIL201608220,"Monday, August 22, 2016",6:20 p.m. Local,Miller Park,20458,2:54,Night,Home,Milwaukee Brewers,MIL,Colorado Rockies,COL,34,2,7,1,2.0,1,6,36,0.206,0.25,0.265,0.515,154,97,-0.357,0.79,0.341,,-2.6,24,12,8.0,1,62,15,20,13,15,5,0,41,0,0,-0.144,0.0,26,4,4,4,3.38,8,4,34,0.154,0.353,0.269,0.622,137,86,0.144,0.96,0.543,,-0.0,27,8,9.0,0,54,15,17,14,8,5,0,54,0,0,0.355,2.6
MIL/MIL201608230,"Tuesday, August 23, 2016",7:10 p.m. Local,Miller Park,21460,3:29,Night,Home,Milwaukee Brewers,MIL,Colorado Rockies,COL,38,4,11,4,4.0,5,9,43,0.289,0.372,0.421,0.793,156,102,-0.073,1.55,0.844,,-0.6,24,3,8.0,0,67,15,20,11,18,13,0,63,3,3,-0.428,-2.0,31,6,8,5,6.75,5,12,37,0.258,0.351,0.484,0.835,172,88,0.427,1.2,1.342,,2.0,27,9,9.0,1,44,23,21,5,15,9,0,48,0,0,0.072,0.6
MIL/MIL201608240,"Wednesday, August 24, 2016",1:10 p.m. Local,Miller Park,26702,3:01,Day,Home,Milwaukee Brewers,MIL,Colorado Rockies,COL,34,1,6,1,1.0,4,10,38,0.176,0.263,0.294,0.557,144,84,-0.316,0.91,0.475,,-3.5,24,8,8.0,2,46,15,23,8,17,8,0,61,1,1,-0.184,-3.0,33,7,10,7,7.88,4,12,38,0.303,0.378,0.576,0.954,142,94,0.182,1.07,0.738,,3.0,27,4,9.0,1,47,25,22,9,13,7,0,63,0,0,0.318,3.6
MIL/MIL201608250,"Thursday, August 25, 2016",7:10 p.m. Local,Miller Park,20296,3:20,Night,Away,Pittsburgh Pirates,PIT,Milwaukee Brewers,MIL,35,3,7,3,2.7,4,6,40,0.2,0.282,0.286,0.568,143,96,-0.03,1.58,0.907,,-2.1,30,9,10.0,1,59,12,25,18,12,4,0,58,1,0,0.53,3.1,34,2,5,2,1.8,4,12,38,0.147,0.237,0.324,0.56,156,95,-0.529,1.3,0.72,,-3.1,30,14,10.0,1,50,25,20,13,9,5,0,51,0,0,0.029,2.1
MIL/MIL201608260,"Friday, August 26, 2016",7:11 p.m. Local,Miller Park,25474,3:26,Night,Away,Pittsburgh Pirates,PIT,Milwaukee Brewers,MIL,36,5,7,5,0.0,4,11,40,0.194,0.275,0.333,0.608,156,101,0.082,1.52,0.666,,0.4,27,7,9.0,1,59,14,28,13,12,4,0,54,4,2,0.418,1.6,33,3,7,3,3.0,7,11,41,0.212,0.366,0.333,0.699,155,87,-0.418,0.93,0.725,,-1.5,27,8,9.0,1,41,17,29,9,13,5,0,54,0,0,-0.082,-0.4
MIL/MIL201608270,"Saturday, August 27, 2016",6:10 p.m. Local,Miller Park,35925,3:21,Night,Away,Pittsburgh Pirates,PIT,Milwaukee Brewers,MIL,38,9,12,9,8.0,5,5,43,0.316,0.395,0.395,0.79,155,103,0.646,0.77,1.183,,4.4,27,9,9.0,3,62,13,28,20,13,8,0,26,0,0,-0.148,-1.4,36,6,11,6,6.0,3,12,39,0.306,0.359,0.611,0.97,170,102,0.15,1.08,0.702,,1.4,27,13,9.0,0,50,23,29,10,14,9,0,23,1,0,-0.649,-4.4
MIL/MIL201608280,"Sunday, August 28, 2016",1:10 p.m. Local,Miller Park,37583,2:39,Day,Away,Pittsburgh Pirates,PIT,Milwaukee Brewers,MIL,34,3,7,3,3.0,3,9,39,0.206,0.308,0.471,0.778,108,91,-0.002,0.98,0.755,,-1.5,27,14,9.0,1,57,9,25,9,16,7,0,66,0,0,0.504,3.6,31,1,5,1,1.0,0,8,32,0.161,0.188,0.323,0.51,151,82,-0.504,1.05,0.261,,-3.5,27,7,9.0,3,48,12,22,13,10,6,0,54,0,0,0.004,1.6
MIL/MIL201608290,"Monday, August 29, 2016",6:20 p.m. Local,Miller Park,18663,3:24,Night,Away,St. Louis Cardinals,STL,Milwaukee Brewers,MIL,38,6,11,5,5.0,5,12,44,0.289,0.364,0.553,0.916,171,111,0.599,1.62,1.45,,1.4,27,5,9.0,1,51,26,34,14,13,6,0,71,5,2,-0.099,-0.4,34,5,8,5,5.0,6,19,40,0.235,0.35,0.382,0.732,171,106,0.1,1.4,1.18,,0.5,27,9,9.0,3,44,33,29,8,7,5,0,56,0,0,-0.6,-1.4
MIL/MIL201608300,"Tuesday, August 30, 2016",7:11 p.m. Local,Miller Park,22918,3:08,Night,Away,St. Louis Cardinals,STL,Milwaukee Brewers,MIL,35,2,7,2,1.8,2,15,37,0.2,0.243,0.314,0.558,157,89,-0.211,2.3,0.813,,-3.1,30,15,10.0,0,46,26,19,9,11,5,0,74,3,0,0.71,4.1,34,1,5,1,0.9,3,12,38,0.147,0.216,0.206,0.422,139,105,-0.711,1.41,0.811,,-4.1,30,10,10.0,1,64,20,21,16,7,4,0,76,0,0,0.21,3.1
MIL/MIL201608310,"Wednesday, August 31, 2016",7:11 p.m. Local,Miller Park,17645,2:33,Night,Home,Milwaukee Brewers,MIL,St. Louis Cardinals,STL,31,1,3,1,1.0,3,9,34,0.097,0.176,0.194,0.37,116,85,-0.472,0.63,0.416,,-3.6,24,5,8.0,1,47,20,18,11,11,6,0,60,0,0,-0.027,1.0,28,3,4,3,3.38,2,12,30,0.143,0.2,0.321,0.521,133,74,0.027,1.35,0.375,,-1.0,27,6,9.0,1,39,15,20,5,11,4,0,73,2,0,0.473,3.6
PIT/PIT201609020,"Friday, September 2, 2016",7:07 p.m. Local,PNC Park,21772,3:01,Night,Away,Milwaukee Brewers,MIL,Pittsburgh Pirates,PIT,29,1,3,1,1.0,4,8,35,0.103,0.235,0.138,0.373,145,83,-0.31,1.61,0.414,,-3.4,27,12,9.0,0,48,12,23,13,9,2,0,51,2,0,0.809,4.4,31,0,7,0,0.0,4,5,35,0.226,0.314,0.29,0.605,134,87,-0.809,1.09,0.55,,-4.4,27,14,9.0,0,54,13,20,12,14,5,0,66,0,0,0.309,3.4
PIT/PIT201609030,"Saturday, September 3, 2016",7:07 p.m. Local,PNC Park,26637,3:45,Night,Away,Milwaukee Brewers,MIL,Pittsburgh Pirates,PIT,38,7,14,7,7.0,4,8,44,0.368,0.429,0.605,1.034,162,100,0.424,1.41,1.379,,2.6,27,15,9.0,2,69,14,17,21,11,6,0,54,6,1,0.074,0.4,31,4,9,4,4.0,6,7,40,0.29,0.41,0.484,0.894,146,95,-0.074,1.35,0.96,,-0.4,27,15,9.0,1,55,18,22,18,8,4,0,59,4,3,-0.426,-2.6
PIT/PIT201609040,"Sunday, September 4, 2016",1:38 p.m. Local,PNC Park,25318,3:10,Day,Away,Milwaukee Brewers,MIL,Pittsburgh Pirates,PIT,37,10,11,10,5.0,5,6,42,0.297,0.381,0.703,1.084,131,95,0.145,0.73,0.739,,5.6,27,9,9.0,0,62,16,17,10,21,13,0,59,0,0,0.356,4.4,31,0,6,0,0.0,1,3,32,0.194,0.219,0.29,0.509,161,84,-0.357,0.72,0.198,,-4.4,27,8,9.0,4,57,10,17,10,18,8,0,57,0,0,-0.143,-5.6
MIL/MIL201609050,"Monday, September 5, 2016",12:11 p.m. Local,Miller Park,43662,2:51,Day,Away,Chicago Cubs,CHC,Milwaukee Brewers,MIL,37,7,10,6,5.0,2,4,41,0.27,0.341,0.297,0.639,138,89,0.204,0.91,0.855,,2.4,27,5,9.0,2,51,13,25,22,11,6,0,62,0,0,0.294,2.6,31,2,6,2,2.0,2,10,33,0.194,0.242,0.419,0.662,139,87,-0.294,0.94,0.311,,-2.6,27,15,9.0,0,38,20,31,6,15,11,0,53,3,2,-0.205,-2.4
MIL/MIL201609060,"Tuesday, September 6, 2016",7:10 p.m. Local,Miller Park,32888,2:49,Night,Home,Milwaukee Brewers,MIL,Chicago Cubs,CHC,35,5,8,5,5.0,2,6,37,0.229,0.27,0.6,0.87,137,80,-0.087,0.45,0.232,,0.4,24,8,8.0,2,42,12,26,11,18,4,0,12,1,0,-0.413,-8.0,37,12,16,11,10.12,3,7,42,0.432,0.476,0.703,1.179,127,95,0.413,0.4,0.634,,8.0,27,10,9.0,3,53,23,19,13,18,11,0,56,0,0,0.087,-0.5
MIL/MIL201609070,"Wednesday, September 7, 2016",7:13 p.m. Local,Miller Park,23832,2:54,Night,Home,Milwaukee Brewers,MIL,Chicago Cubs,CHC,29,1,3,1,1.0,2,8,31,0.103,0.161,0.207,0.368,143,84,-0.557,1.19,0.327,,-3.6,24,13,8.0,2,52,10,22,10,11,3,0,63,3,0,0.059,2.0,26,2,5,2,2.25,5,8,31,0.192,0.323,0.423,0.746,124,84,-0.058,1.23,0.613,,-2.0,27,10,9.0,1,38,18,29,11,7,3,0,65,0,0,0.556,3.6
SLN/SLN201609080,"Thursday, September 8, 2016",6:15 p.m. Local,Busch Stadium III,40416,3:15,Night,Away,Milwaukee Brewers,MIL,St. Louis Cardinals,STL,39,12,17,11,12.0,4,4,46,0.436,0.478,0.769,1.247,140,104,0.509,0.57,0.81,,7.6,27,12,9.0,1,68,21,15,15,22,15,0,43,0,0,-0.006,-0.6,35,5,11,5,5.0,3,5,39,0.314,0.359,0.429,0.788,167,91,0.007,0.51,0.489,,0.6,27,13,9.0,3,55,17,19,15,16,9,0,27,5,3,-0.509,-7.6
SLN/SLN201609090,"Friday, September 9, 2016",7:15 p.m. Local,Busch Stadium III,42647,2:34,Night,Home,St. Louis Cardinals,STL,Milwaukee Brewers,MIL,32,3,9,2,2.0,2,5,36,0.281,0.361,0.375,0.736,117,88,-0.412,0.79,0.702,,-1.4,24,10,8.0,2,47,22,21,19,8,4,0,48,1,0,-0.089,-0.1,27,4,5,4,4.5,3,6,32,0.185,0.29,0.407,0.698,130,69,0.088,1.55,0.564,,0.1,27,18,9.0,1,43,13,13,12,10,4,0,49,0,0,0.411,1.4
SLN/SLN201609100,"Saturday, September 10, 2016",6:16 p.m. Local,Busch Stadium III,45440,2:39,Night,Home,St. Louis Cardinals,STL,Milwaukee Brewers,MIL,29,1,6,1,1.0,4,8,34,0.207,0.303,0.31,0.613,127,74,-0.291,1.5,0.353,,-3.4,24,8,8.0,0,42,12,20,10,12,4,0,65,3,2,-0.209,-1.1,30,5,8,5,5.62,3,7,33,0.267,0.333,0.333,0.667,118,79,0.21,0.99,0.891,,1.1,27,12,9.0,1,46,15,18,13,10,2,0,69,0,0,0.291,3.4
SLN/SLN201609110,"Sunday, September 11, 2016",1:16 p.m. Local,Busch Stadium III,44703,2:33,Day,Away,Milwaukee Brewers,MIL,St. Louis Cardinals,STL,29,2,4,2,2.0,1,13,32,0.138,0.161,0.241,0.403,114,95,0.013,1.58,0.519,,-2.4,27,8,9.0,0,51,22,22,9,9,4,0,70,1,1,0.488,3.4,32,1,5,1,1.0,1,10,34,0.156,0.176,0.25,0.426,146,77,-0.487,0.84,0.532,,-3.4,27,10,9.0,1,43,15,19,7,16,6,0,69,0,0,-0.012,2.4
CIN/CIN201609120,"Monday, September 12, 2016",7:11 p.m. Local,Great American Ball Park,14671,2:32,Night,Home,Cincinnati Reds,CIN,Milwaukee Brewers,MIL,32,0,6,0,0.0,2,11,35,0.188,0.257,0.188,0.445,130,86,-0.397,0.51,0.262,,-4.5,24,8,8.0,0,37,19,31,9,12,7,0,52,0,0,-0.104,1.0,30,3,7,3,3.38,1,6,31,0.233,0.258,0.233,0.491,139,84,0.103,0.94,0.319,,-1.0,27,8,9.0,0,44,14,26,12,12,8,0,61,3,0,0.397,4.5
CIN/CIN201609130,"Tuesday, September 13, 2016",7:10 p.m. Local,Great American Ball Park,12926,2:35,Night,Home,Cincinnati Reds,CIN,Milwaukee Brewers,MIL,31,4,4,4,4.0,2,9,34,0.129,0.206,0.419,0.625,130,82,-0.172,0.77,0.381,,-0.5,24,11,8.0,1,38,22,22,5,17,2,0,42,0,0,-0.329,-2.0,32,6,10,6,2.25,0,5,35,0.312,0.324,0.469,0.792,124,84,0.33,0.79,0.674,,2.0,27,4,9.0,3,53,12,19,14,15,11,0,75,0,0,0.171,0.5
CIN/CIN201609140,"Wednesday, September 14, 2016",7:10 p.m. Local,Great American Ball Park,14368,3:01,Night,Away,Milwaukee Brewers,MIL,Cincinnati Reds,CIN,33,7,6,7,7.0,6,8,39,0.182,0.308,0.394,0.702,120,105,0.206,0.65,0.543,,2.5,27,7,9.0,0,62,21,22,12,13,4,0,69,0,0,0.294,4.5,31,0,6,0,0.0,2,8,34,0.194,0.265,0.29,0.555,176,78,-0.293,0.51,0.224,,-4.5,27,10,9.0,2,46,13,19,9,14,8,0,46,0,0,-0.206,-2.5
CHN/CHN201609150,"Thursday, September 15, 2016",7:05 p.m. Local,Wrigley Field,41362,3:10,Night,Away,Milwaukee Brewers,MIL,Chicago Cubs,CHC,34,5,7,5,3.0,2,11,36,0.206,0.25,0.412,0.662,161,90,0.233,1.56,0.897,,0.5,27,10,9.0,1,45,23,22,13,10,6,0,49,1,1,0.265,0.5,35,4,10,4,4.0,5,11,40,0.286,0.375,0.429,0.804,136,101,-0.266,1.04,0.849,,-0.5,27,11,9.0,1,52,23,27,13,11,7,0,62,1,0,-0.234,-0.5
CHN/CHN201609160,"Friday, September 16, 2016",1:21 p.m. Local,Wrigley Field,40823,3:13,Day,Home,Chicago Cubs,CHC,Milwaukee Brewers,MIL,38,4,10,4,3.6,2,13,40,0.263,0.3,0.526,0.826,143,94,0.023,2.22,0.834,,-1.0,27,13,9.0,2,48,24,22,4,21,9,0,54,3,0,-0.523,-0.5,34,5,11,5,4.0,4,4,39,0.324,0.41,0.559,0.969,139,89,0.523,1.01,1.879,,0.5,30,5,10.0,3,57,15,17,12,18,13,0,49,0,0,-0.023,1.0
CHN/CHN201609170,"Saturday, September 17, 2016",3:06 p.m. Local,Wrigley Field,40956,3:02,Day,Away,Milwaukee Brewers,MIL,Chicago Cubs,CHC,34,11,8,11,10.0,6,11,41,0.235,0.366,0.647,1.013,146,93,0.393,0.92,0.995,,6.5,27,11,9.0,1,50,22,21,6,17,6,0,45,0,0,0.108,1.5,33,3,8,3,3.0,2,9,36,0.242,0.306,0.424,0.73,159,90,-0.107,0.9,0.549,,-1.5,27,7,9.0,4,50,17,23,11,13,10,0,51,0,0,-0.394,-6.5
CHN/CHN201609180,"Sunday, September 18, 2016",1:20 p.m. Local,Wrigley Field,41286,2:37,Day,Away,Milwaukee Brewers,MIL,Chicago Cubs,CHC,34,3,7,3,3.0,1,12,35,0.206,0.229,0.353,0.582,134,88,-0.023,1.69,0.48,,-1.5,27,5,9.0,0,37,19,32,12,10,5,0,54,0,0,0.523,3.5,36,1,9,1,1.0,2,9,39,0.25,0.308,0.306,0.613,130,81,-0.521,0.74,0.709,,-3.5,27,10,9.0,1,44,15,22,15,12,7,0,61,0,0,0.022,1.5
MIL/MIL201609200,"Tuesday, September 20, 2016",7:11 p.m. Local,Miller Park,20829,3:08,Night,Away,Pittsburgh Pirates,PIT,Milwaukee Brewers,MIL,37,6,13,6,6.0,2,8,39,0.351,0.385,0.432,0.817,149,100,0.326,0.98,0.755,,1.5,27,11,9.0,1,52,14,34,18,11,7,0,42,2,1,0.174,1.6,33,3,7,2,3.0,3,11,36,0.212,0.278,0.333,0.611,158,93,-0.174,0.76,0.571,,-1.5,27,10,9.0,0,43,19,31,13,9,5,0,27,3,0,-0.327,-1.4
MIL/MIL201609210,"Wednesday, September 21, 2016",7:10 p.m. Local,Miller Park,25482,2:51,Night,Away,Pittsburgh Pirates,PIT,Milwaukee Brewers,MIL,36,4,9,4,4.0,2,8,38,0.25,0.289,0.417,0.706,142,90,0.132,0.89,0.426,,-0.6,27,5,9.0,0,51,13,26,10,18,6,0,63,0,0,0.369,3.6,33,1,7,1,1.0,1,9,34,0.212,0.235,0.242,0.478,128,86,-0.368,0.47,0.277,,-3.6,27,6,9.0,2,44,16,28,9,15,6,0,42,0,0,-0.131,0.6
MIL/MIL201609220,"Thursday, September 22, 2016",7:11 p.m. Local,Miller Park,24582,2:39,Night,Home,Milwaukee Brewers,MIL,Pittsburgh Pirates,PIT,30,1,5,1,1.0,3,9,33,0.167,0.242,0.3,0.542,124,84,-0.488,0.61,0.379,,-3.5,24,7,8.0,2,47,11,26,8,13,7,0,55,2,0,-0.013,1.0,27,3,4,3,3.38,3,10,30,0.148,0.233,0.37,0.604,132,85,0.013,1.1,0.364,,-1.0,27,7,9.0,1,47,12,26,8,9,2,0,62,1,0,0.487,3.6
MIL/MIL201609230,"Friday, September 23, 2016",7:10 p.m. Local,Miller Park,35364,2:48,Night,Home,Milwaukee Brewers,MIL,Cincinnati Reds,CIN,35,4,9,4,4.0,0,5,36,0.257,0.257,0.371,0.629,130,83,-0.108,1.27,0.698,,-0.5,24,14,8.0,1,59,6,18,18,13,10,0,41,6,3,-0.392,-1.0,31,5,8,5,5.62,4,7,35,0.258,0.343,0.419,0.762,127,76,0.392,1.19,0.9,,1.0,27,15,9.0,1,42,13,21,16,8,6,0,44,0,0,0.108,0.6
MIL/MIL201609240,"Saturday, September 24, 2016",6:10 p.m. Local,Miller Park,31398,3:01,Night,Away,Cincinnati Reds,CIN,Milwaukee Brewers,MIL,34,6,10,6,5.0,7,6,42,0.294,0.405,0.441,0.846,137,89,0.107,1.0,0.634,,1.4,27,11,9.0,1,57,9,23,14,15,8,0,63,2,0,0.392,3.6,32,1,6,1,1.0,2,8,34,0.188,0.235,0.313,0.548,154,90,-0.391,0.75,0.33,,-3.6,27,13,9.0,1,57,12,22,12,12,5,0,47,0,0,-0.11,-1.4
MIL/MIL201609250,"Sunday, September 25, 2016",1:11 p.m. Local,Miller Park,31776,2:41,Day,Away,Cincinnati Reds,CIN,Milwaukee Brewers,MIL,30,4,8,4,3.0,3,7,35,0.267,0.333,0.367,0.7,136,76,0.073,1.19,0.435,,-0.5,27,5,9.0,0,42,15,21,12,13,10,0,65,0,0,0.427,2.6,33,2,7,1,1.0,0,13,33,0.212,0.212,0.303,0.515,120,92,-0.427,0.62,0.451,,-2.5,27,13,9.0,0,50,17,25,8,12,2,0,54,0,0,-0.072,0.6
TEX/TEX201609260,"Monday, September 26, 2016",7:07 p.m. Local,Globe Life Park in Arlington,27263,2:51,Night,Away,Milwaukee Brewers,MIL,Texas Rangers,TEX,34,8,10,8,8.0,3,5,38,0.294,0.351,0.529,0.881,144,74,0.366,0.96,0.745,,3.1,27,6,9.0,0,53,10,13,16,14,10,0,50,0,0,0.134,1.9,35,3,8,3,3.0,1,5,36,0.229,0.25,0.286,0.536,118,95,-0.134,0.71,0.607,,-1.9,27,14,9.0,2,65,7,23,16,14,5,0,24,1,0,-0.367,-3.1
TEX/TEX201609270,"Tuesday, September 27, 2016",7:07 p.m. Local,Globe Life Park in Arlington,29668,3:10,Night,Home,Texas Rangers,TEX,Milwaukee Brewers,MIL,36,4,10,4,4.0,4,11,40,0.278,0.35,0.472,0.822,136,101,-0.148,1.11,0.739,,-0.9,24,9,8.0,1,51,23,27,9,16,10,0,39,1,0,-0.353,-1.7,30,6,7,6,6.75,6,5,36,0.233,0.361,0.4,0.761,158,74,0.351,1.18,0.966,,1.7,27,9,9.0,2,48,5,21,10,15,3,0,35,2,1,0.148,0.9
TEX/TEX201609280,"Wednesday, September 28, 2016",7:07 p.m. Local,Globe Life Park in Arlington,36619,2:59,Night,Home,Texas Rangers,TEX,Milwaukee Brewers,MIL,33,5,10,4,3.0,1,6,35,0.303,0.314,0.424,0.739,143,83,0.037,1.61,0.666,,0.1,24,7,8.0,2,52,17,16,15,13,7,0,37,2,2,-0.537,-3.7,35,8,10,8,3.38,3,7,38,0.286,0.342,0.543,0.885,129,93,0.535,0.92,1.513,,3.7,27,12,9.0,1,56,13,24,11,17,11,0,51,0,0,-0.037,-0.1
COL/COL201609300,"Friday, September 30, 2016",6:11 p.m. Local,Coors Field,41068,2:30,Night,Home,Colorado Rockies,COL,Milwaukee Brewers,MIL,33,1,8,1,1.0,4,8,38,0.242,0.324,0.455,0.779,111,87,-0.387,0.51,0.431,,-4.2,24,11,8.0,1,51,13,23,12,14,7,0,34,0,0,-0.113,0.6,30,4,10,4,4.5,0,5,31,0.333,0.333,0.467,0.8,139,72,0.112,1.09,0.398,,-0.6,27,11,9.0,1,44,14,17,15,11,7,0,56,1,0,0.388,4.2
COL/COL201610010,"Saturday, October 1, 2016",6:11 p.m. Local,Coors Field,32835,3:26,Night,Away,Milwaukee Brewers,MIL,Colorado Rockies,COL,37,4,7,4,3.6,4,14,41,0.189,0.268,0.297,0.566,160,104,0.116,2.4,0.943,,-1.7,30,14,10.0,0,55,20,29,16,7,3,0,65,0,0,0.383,2.7,41,3,12,3,1.8,1,7,42,0.293,0.31,0.366,0.675,156,104,-0.384,1.1,1.355,,-2.7,30,12,10.0,1,62,15,27,19,15,12,0,64,2,1,-0.116,1.7
COL/COL201610020,"Sunday, October 2, 2016",1:11 p.m. Local,Coors Field,27762,3:23,Day,Away,Milwaukee Brewers,MIL,Colorado Rockies,COL,39,6,10,6,5.4,4,12,44,0.256,0.341,0.564,0.905,162,99,0.46,1.69,1.503,,0.3,30,12,10.0,1,48,29,22,13,14,10,0,43,0,0,0.04,1.7,41,4,13,4,3.6,3,11,46,0.317,0.378,0.488,0.866,160,106,-0.041,1.33,1.385,,-1.7,30,13,10.0,2,63,20,23,17,14,9,0,58,3,0,-0.459,-0.3
