,date,time,venue,attendance,duration,time_of_day,winner,winning_name,winning_abbr,losing_name,losing_abbr,away_at_bats,away_runs,away_hits,away_rbi,away_earned_runs,away_bases_on_balls,away_strikeouts,away_plate_appearances,away_batting_average,away_on_base_percentage,away_slugging_percentage,away_on_base_plus,away_pitches,away_strikes,away_win_probability_for_offensive_player,away_average_leverage_index,away_win_probability_added,away_win_probability_subtracted,away_base_out_runs_added,away_putouts,away_assists,away_innings_pitched,away_home_runs,away_strikes_by_contact,away_strikes_swinging,away_strikes_looking,away_grounded_balls,away_fly_balls,away_line_drives,away_unknown_bat_type,away_game_score,away_inherited_runners,away_inherited_score,away_win_probability_by_pitcher,away_base_out_runs_saved,home_at_bats,home_runs,home_hits,home_rbi,home_earned_runs,home_bases_on_balls,home_strikeouts,home_plate_appearances,home_batting_average,home_on_base_percentage,home_slugging_percentage,home_on_base_plus,home_pitches,home_strikes,home_win_probability_for_offensive_player,home_average_leverage_index,home_win_probability_added,home_win_probability_subtracted,home_base_out_runs_added,home_putouts,home_assists,home_innings_pitched,home_home_runs,home_strikes_by_contact,home_strikes_swinging,home_strikes_looking,home_grounded_balls,home_fly_balls,home_line_drives,home_unknown_bat_type,home_game_score,home_inherited_runners,home_inherited_score,home_win_probability_by_pitcher,home_base_out_runs_saved
NYA/NYA201604050,"Tuesday, April 5, 2016",1:11 p.m. Local,Yankee Stadium III,47820,3:17,Day,Away,Houston Astros,HOU,New York Yankees,NYY,34,5,6,4,2.0,3,10,38,0.176,0.263,0.324,0.587,137,95,0.201,1.01,1.006,,0.3,27,11,9.0,1,48,21,26,14,10,7,0,64,0,0,0.299,1.7,29,3,4,3,3.0,4,8,33,0.138,0.242,0.276,0.518,161,85,-0.3,1.21,0.395,,-1.7,27,11,9.0,1,50,9,26,11,10,2,0,56,2,0,-0.2,-0.3
NYA/NYA201604060,"Wednesday, April 6, 2016",7:08 p.m. Local,Yankee Stadium III,37493,3:45,Night,Home,New York Yankees,NYY,Houston Astros,HOU,38,6,12,6,6.0,1,10,40,0.316,0.35,0.632,0.982,235,96,0.218,0.44,0.51,,1.3,24,6,8.0,3,51,20,25,13,15,8,0,21,5,1,-0.718,-11.8,41,16,17,16,16.88,7,7,49,0.415,0.5,0.732,1.232,143,138,0.718,0.41,0.858,,11.8,27,11,9.0,3,83,18,36,15,19,9,0,32,0,0,-0.217,-1.3
NYA/NYA201604070,"Thursday, April 7, 2016",4:17 p.m. Local,Yankee Stadium III,30003,3:00,Day,Home,New York Yankees,NYY,Houston Astros,HOU,36,5,9,5,5.0,0,14,36,0.25,0.25,0.472,0.722,137,104,0.013,1.12,0.638,,0.3,24,4,8.0,3,54,23,27,7,15,5,0,32,1,1,-0.515,-3.8,35,8,12,8,9.0,1,6,37,0.343,0.351,0.657,1.008,153,86,0.515,0.89,1.126,,3.8,27,6,9.0,2,46,13,27,7,23,13,0,42,0,0,-0.014,-0.3
DET/DET201604080,"Friday, April 8, 2016",1:10 p.m. Local,Comerica Park,45049,2:44,Day,Home,Detroit Tigers,DET,New York Yankees,NYY,28,0,3,0,0.0,4,7,32,0.107,0.219,0.107,0.326,148,86,-0.403,0.71,0.13,,-4.6,24,8,8.0,1,47,7,33,9,12,3,0,40,2,0,-0.098,0.1,36,4,13,4,4.5,0,9,36,0.361,0.361,0.472,0.833,133,97,0.099,0.7,0.471,,-0.1,27,9,9.0,0,58,19,20,14,13,9,0,73,0,0,0.402,4.6
DET/DET201604090,"Saturday, April 9, 2016",1:10 p.m. Local,Comerica Park,32419,3:20,Day,Away,New York Yankees,NYY,Detroit Tigers,DET,38,8,13,8,4.0,4,7,44,0.342,0.409,0.553,0.962,150,98,0.319,0.67,0.598,,3.4,27,9,9.0,0,55,11,32,18,14,8,0,51,2,1,0.18,0.6,33,4,7,3,4.0,4,8,37,0.212,0.297,0.242,0.54,169,94,-0.18,0.49,0.295,,-0.6,27,13,9.0,2,55,13,26,10,15,8,0,33,1,0,-0.32,-3.4
TOR/TOR201604120,"Tuesday, April 12, 2016",7:08 p.m. Local,Rogers Centre,28819,3:03,Night,Away,New York Yankees,NYY,Toronto Blue Jays,TOR,33,3,7,3,2.0,4,9,38,0.212,0.297,0.333,0.631,155,84,-0.052,1.38,0.711,,-1.7,27,10,9.0,0,41,11,32,14,11,7,0,55,1,0,0.551,2.7,29,2,3,2,2.0,6,11,36,0.103,0.278,0.138,0.416,151,90,-0.551,1.25,0.476,,-2.7,27,12,9.0,1,44,17,29,9,9,4,0,62,2,0,0.05,1.7
TOR/TOR201604130,"Wednesday, April 13, 2016",7:08 p.m. Local,Rogers Centre,27938,2:43,Night,Home,Toronto Blue Jays,TOR,New York Yankees,NYY,33,2,8,2,2.0,3,6,36,0.242,0.306,0.364,0.669,144,87,-0.301,0.67,0.548,,-2.7,24,12,8.0,0,54,12,21,14,13,6,0,55,0,0,-0.2,-2.9,32,7,10,6,6.75,3,8,37,0.312,0.378,0.5,0.878,142,91,0.201,1.18,0.599,,2.9,27,11,9.0,1,47,23,21,13,12,8,0,55,0,0,0.3,2.7
TOR/TOR201604140,"Thursday, April 14, 2016",7:07 p.m. Local,Rogers Centre,36238,2:22,Night,Home,Toronto Blue Jays,TOR,New York Yankees,NYY,30,2,3,1,2.0,2,3,33,0.1,0.182,0.1,0.282,121,76,-0.314,0.91,0.309,,-2.7,24,6,8.0,2,44,7,25,20,7,4,0,50,1,0,-0.185,0.1,32,4,8,4,4.5,3,10,35,0.25,0.314,0.563,0.877,118,82,0.186,1.08,0.789,,-0.1,27,19,9.0,0,45,12,25,10,12,5,0,69,0,0,0.314,2.7
NYA/NYA201604150,"Friday, April 15, 2016",7:08 p.m. Local,Yankee Stadium III,35531,3:18,Night,Away,Seattle Mariners,SEA,New York Yankees,NYY,36,7,12,7,7.0,4,3,41,0.333,0.39,0.5,0.89,165,92,0.221,1.07,0.791,,2.3,27,6,9.0,1,57,11,24,14,20,11,0,56,3,0,0.28,3.7,33,1,6,1,1.0,7,10,40,0.182,0.325,0.303,0.628,152,93,-0.28,0.76,0.57,,-3.7,27,9,9.0,1,42,15,36,9,14,3,0,38,3,1,-0.22,-2.3
NYA/NYA201604160,"Saturday, April 16, 2016",1:09 p.m. Local,Yankee Stadium III,38574,3:21,Day,Away,Seattle Mariners,SEA,New York Yankees,NYY,37,3,10,3,3.0,1,13,38,0.27,0.289,0.432,0.722,175,111,-0.046,1.85,0.69,,-1.7,27,10,9.0,1,61,21,29,14,10,2,0,51,0,0,0.547,2.7,37,2,10,2,2.0,6,7,43,0.27,0.372,0.432,0.805,157,103,-0.546,0.98,0.969,,-2.7,27,7,9.0,1,55,11,37,16,14,6,0,42,1,0,0.048,1.7
NYA/NYA201604170,"Sunday, April 17, 2016",1:09 p.m. Local,Yankee Stadium III,43856,2:34,Day,Home,New York Yankees,NYY,Seattle Mariners,SEA,33,3,6,3,2.0,0,12,33,0.182,0.182,0.242,0.424,115,84,-0.412,0.99,0.424,,-1.7,24,11,8.0,1,40,21,23,16,5,2,0,46,0,0,-0.089,0.2,32,4,8,3,4.5,2,4,35,0.25,0.314,0.406,0.721,119,76,0.088,1.28,0.676,,-0.2,27,11,9.0,0,55,5,16,12,16,8,0,61,0,0,0.411,1.7
NYA/NYA201604190,"Tuesday, April 19, 2016",7:07 p.m. Local,Yankee Stadium III,31952,3:30,Night,Away,Oakland Athletics,OAK,New York Yankees,NYY,43,3,11,3,2.45,1,12,44,0.256,0.273,0.372,0.645,169,113,-0.292,1.51,1.074,,-2.8,33,11,11.0,0,55,28,30,15,16,8,0,47,2,0,0.793,3.8,39,2,8,2,1.64,3,7,43,0.205,0.256,0.282,0.538,162,103,-0.79,1.55,0.596,,-3.8,33,10,11.0,0,62,17,24,11,22,9,0,56,0,0,0.293,2.8
NYA/NYA201604200,"Wednesday, April 20, 2016",7:09 p.m. Local,Yankee Stadium III,37396,2:57,Night,Away,Oakland Athletics,OAK,New York Yankees,NYY,35,5,11,5,5.0,3,8,39,0.314,0.359,0.429,0.788,143,103,0.117,1.09,0.688,,0.3,27,12,9.0,2,60,16,27,16,12,6,0,68,1,0,0.384,2.7,31,2,6,2,2.0,3,9,35,0.194,0.265,0.419,0.684,149,90,-0.382,0.81,0.541,,-2.7,27,11,9.0,0,48,13,28,11,11,5,0,50,0,0,-0.117,-0.3
NYA/NYA201604210,"Thursday, April 21, 2016",7:08 p.m. Local,Yankee Stadium III,33818,3:18,Night,Away,Oakland Athletics,OAK,New York Yankees,NYY,35,7,10,7,7.0,3,8,39,0.286,0.333,0.657,0.99,164,105,0.353,1.25,1.015,,2.3,27,12,9.0,0,60,15,30,11,17,9,0,66,4,0,0.145,1.7,34,3,8,3,2.0,5,14,39,0.235,0.333,0.235,0.569,160,106,-0.146,0.94,0.734,,-1.7,27,9,9.0,4,48,20,38,14,6,3,0,54,0,0,-0.355,-2.3
NYA/NYA201604220,"Friday, April 22, 2016",7:08 p.m. Local,Yankee Stadium III,31843,3:02,Night,Home,New York Yankees,NYY,Tampa Bay Rays,TBR,37,3,9,3,3.0,3,9,40,0.243,0.3,0.324,0.624,134,89,-0.264,1.19,0.609,,-1.7,24,7,8.0,1,50,16,23,13,15,6,0,45,3,2,-0.235,-1.8,32,6,10,5,6.75,3,6,35,0.312,0.371,0.438,0.809,134,84,0.237,1.16,0.9,,1.8,27,8,9.0,0,45,9,30,8,18,9,0,33,2,0,0.265,1.7
NYA/NYA201604230,"Saturday, April 23, 2016",1:09 p.m. Local,Yankee Stadium III,40714,2:55,Day,Home,New York Yankees,NYY,Tampa Bay Rays,TBR,31,2,6,2,2.0,1,9,32,0.194,0.219,0.355,0.574,162,81,-0.383,1.69,0.428,,-2.7,26,5,8.2,1,38,18,25,8,14,7,0,64,4,1,-0.117,1.6,34,3,7,2,2.08,3,9,38,0.206,0.27,0.294,0.564,119,94,0.117,1.1,1.2,,-1.6,27,9,9.0,1,45,13,35,10,15,3,0,65,0,0,0.383,2.7
NYA/NYA201604240,"Sunday, April 24, 2016",1:08 p.m. Local,Yankee Stadium III,40981,2:50,Day,Away,Tampa Bay Rays,TBR,New York Yankees,NYY,39,8,12,8,8.0,2,16,42,0.308,0.357,0.769,1.126,120,115,0.367,0.4,0.503,,3.3,27,8,9.0,0,55,37,23,7,16,6,0,66,0,0,0.134,3.7,32,1,6,1,1.0,1,8,34,0.188,0.235,0.219,0.454,178,79,-0.135,0.23,0.141,,-3.7,27,4,9.0,5,41,9,29,11,13,4,0,27,0,0,-0.365,-3.3
TEX/TEX201604250,"Monday, April 25, 2016",7:10 p.m. Local,Globe Life Park in Arlington,31453,2:46,Night,Away,New York Yankees,NYY,Texas Rangers,TEX,36,3,10,3,3.0,2,9,38,0.278,0.316,0.472,0.788,117,96,-0.029,0.97,0.554,,-1.9,27,13,9.0,1,60,15,21,11,16,3,0,77,1,0,0.528,3.9,28,1,3,1,1.0,2,7,30,0.107,0.167,0.25,0.417,140,78,-0.528,0.83,0.246,,-3.9,27,8,9.0,2,42,11,25,13,8,0,0,45,2,0,0.029,1.9
TEX/TEX201604260,"Tuesday, April 26, 2016",7:07 p.m. Local,Globe Life Park in Arlington,26163,2:19,Night,Home,Texas Rangers,TEX,New York Yankees,NYY,31,1,6,1,1.0,1,6,32,0.194,0.219,0.194,0.412,135,75,-0.211,0.43,0.041,,-3.9,24,19,8.0,2,44,3,28,10,15,5,0,20,0,0,-0.289,-5.7,35,10,13,8,11.25,2,3,39,0.371,0.436,0.629,1.064,113,83,0.29,0.32,0.476,,5.7,27,6,9.0,0,53,11,19,21,11,6,0,74,0,0,0.21,3.9
TEX/TEX201604270,"Wednesday, April 27, 2016",7:10 p.m. Local,Globe Life Park in Arlington,35477,2:44,Night,Home,Texas Rangers,TEX,New York Yankees,NYY,32,2,7,2,2.0,2,4,34,0.219,0.265,0.344,0.608,120,85,-0.541,1.03,0.511,,-2.9,24,12,8.0,0,58,10,17,13,15,7,0,52,0,0,0.039,1.3,27,3,5,3,3.38,3,6,32,0.185,0.29,0.259,0.55,130,77,-0.04,1.37,0.569,,-1.3,27,13,9.0,1,44,8,25,13,9,4,0,53,0,0,0.54,2.9
BOS/BOS201604290,"Friday, April 29, 2016",7:09 p.m. Local,Fenway Park,37115,2:50,Night,Home,Boston Red Sox,BOS,New York Yankees,NYY,29,2,6,2,2.0,3,5,33,0.207,0.303,0.379,0.682,120,69,-0.301,1.26,0.5,,-2.8,24,8,8.0,1,36,8,25,12,12,3,0,59,1,0,-0.2,0.3,33,4,8,4,4.5,0,6,33,0.242,0.242,0.364,0.606,123,83,0.199,1.01,0.956,,-0.3,27,12,9.0,1,53,15,15,18,9,2,0,52,0,0,0.299,2.8
BOS/BOS201604300,"Saturday, April 30, 2016",7:10 p.m. Local,Fenway Park,37901,3:30,Night,Home,Boston Red Sox,BOS,New York Yankees,NYY,32,0,5,0,0.0,1,8,33,0.156,0.182,0.156,0.338,204,81,-0.378,0.49,0.168,,-4.8,24,7,8.0,1,39,7,35,14,10,6,0,49,3,3,-0.121,-3.7,38,8,14,8,9.0,6,9,44,0.368,0.455,0.605,1.06,129,125,0.122,0.72,0.481,,3.7,27,12,9.0,0,74,15,36,15,14,6,0,72,0,0,0.379,4.8
BOS/BOS201605010,"Sunday, May 1, 2016",8:09 p.m. Local,Fenway Park,34279,3:17,Night,Home,Boston Red Sox,BOS,New York Yankees,NYY,33,7,9,6,7.0,2,7,38,0.273,0.333,0.485,0.818,138,92,0.1,1.28,1.032,,2.2,24,13,8.0,2,53,20,19,16,12,7,0,23,2,1,-0.601,-3.7,37,8,14,8,9.0,3,4,40,0.378,0.425,0.568,0.993,133,87,0.599,1.34,1.334,,3.7,27,11,9.0,1,51,12,24,18,15,4,0,39,0,0,-0.1,-2.2
BAL/BAL201605030,"Tuesday, May 3, 2016",7:07 p.m. Local,Oriole Park at Camden Yards,16083,2:43,Night,Home,Baltimore Orioles,BAL,New York Yankees,NYY,32,1,7,1,1.0,4,9,36,0.219,0.306,0.25,0.556,129,86,-0.354,0.84,0.51,,-3.7,24,11,8.0,2,48,8,30,9,14,10,0,50,0,0,-0.145,0.1,31,4,5,3,3.38,2,6,33,0.161,0.212,0.419,0.631,139,80,0.146,1.11,0.647,,-0.1,27,7,9.0,0,47,10,23,14,11,2,0,68,0,0,0.355,3.7
BAL/BAL201605040,"Wednesday, May 4, 2016",7:07 p.m. Local,Oriole Park at Camden Yards,15998,3:16,Night,Away,New York Yankees,NYY,Baltimore Orioles,BAL,35,7,10,6,6.0,5,5,42,0.286,0.381,0.371,0.752,144,98,0.098,0.95,0.601,,2.3,27,10,9.0,0,60,7,31,22,9,7,0,69,3,0,0.402,4.7,31,0,7,0,0.0,4,10,35,0.226,0.314,0.323,0.637,161,89,-0.403,0.76,0.384,,-4.7,27,20,9.0,0,50,17,22,8,13,7,0,55,1,1,-0.099,-2.3
BAL/BAL201605050,"Thursday, May 5, 2016",7:08 p.m. Local,Oriole Park at Camden Yards,19598,2:50,Night,Home,Baltimore Orioles,BAL,New York Yankees,NYY,32,0,4,0,0.0,1,8,33,0.125,0.152,0.156,0.308,119,82,-0.838,1.33,0.347,,-5.2,28,12,9.1,0,52,16,16,12,12,3,0,78,2,1,0.34,3.6,32,1,7,1,0.96,2,8,35,0.219,0.257,0.219,0.476,135,81,-0.342,1.54,0.581,,-3.6,30,10,10.0,0,44,19,18,14,11,7,0,80,1,0,0.84,5.2
NYA/NYA201605060,"Friday, May 6, 2016",7:07 p.m. Local,Yankee Stadium III,45756,3:10,Night,Home,New York Yankees,NYY,Boston Red Sox,BOS,39,2,13,2,2.0,2,10,41,0.333,0.366,0.462,0.827,112,103,-0.543,1.05,1.008,,-2.7,24,12,8.0,1,49,10,44,14,15,7,0,56,0,0,0.043,1.2,27,3,6,3,3.38,3,5,31,0.222,0.3,0.407,0.707,175,72,-0.04,2.02,0.568,,-1.2,27,8,9.0,1,45,6,21,11,12,4,0,51,2,0,0.541,2.7
NYA/NYA201605070,"Saturday, May 7, 2016",1:08 p.m. Local,Yankee Stadium III,47822,3:09,Day,Home,New York Yankees,NYY,Boston Red Sox,BOS,31,2,6,2,2.0,0,8,32,0.194,0.219,0.29,0.509,164,86,-0.148,0.85,0.308,,-2.7,24,7,8.0,0,45,16,25,15,8,3,0,27,1,0,-0.352,-3.8,32,8,11,8,9.0,4,7,38,0.344,0.405,0.469,0.874,119,101,0.353,0.64,0.814,,3.8,27,13,9.0,1,61,12,28,9,18,10,0,68,0,0,0.148,2.7
NYA/NYA201605080,"Sunday, May 8, 2016",8:08 p.m. Local,Yankee Stadium III,41869,2:27,Night,Away,Boston Red Sox,BOS,New York Yankees,NYY,32,5,7,5,5.0,1,10,34,0.219,0.265,0.625,0.89,101,87,0.112,0.62,0.371,,0.3,27,9,9.0,1,45,16,26,7,15,6,0,83,,,0.387,3.7,28,1,3,1,1.0,1,7,29,0.107,0.138,0.25,0.388,144,66,-0.388,0.39,0.087,,-3.7,27,8,9.0,4,33,11,22,7,14,3,0,56,1,0,-0.113,-0.3
NYA/NYA201605090,"Monday, May 9, 2016",7:10 p.m. Local,Yankee Stadium III,41243,2:41,Night,Home,New York Yankees,NYY,Kansas City Royals,KCR,36,3,10,3,3.0,2,8,38,0.278,0.316,0.472,0.788,121,91,-0.214,0.36,0.375,,-1.7,24,10,8.0,5,53,15,23,17,11,5,0,28,0,0,-0.287,-1.8,32,6,9,6,6.75,1,5,34,0.281,0.294,0.75,1.044,150,74,0.286,0.73,0.49,,1.8,27,13,9.0,2,43,9,22,11,17,8,0,50,3,0,0.214,1.7
NYA/NYA201605100,"Tuesday, May 10, 2016",7:08 p.m. Local,Yankee Stadium III,39128,3:07,Night,Home,New York Yankees,NYY,Kansas City Royals,KCR,35,7,9,7,7.0,1,8,38,0.257,0.297,0.629,0.926,181,86,0.426,1.34,1.115,,2.3,24,12,8.0,0,48,14,24,13,15,7,0,25,2,2,-0.928,-5.8,35,10,13,10,10.12,4,6,41,0.371,0.439,0.543,0.982,125,113,0.927,1.1,1.647,,5.8,27,7,9.0,4,66,21,26,11,19,9,0,43,0,0,-0.428,-2.3
NYA/NYA201605110,"Wednesday, May 11, 2016",7:09 p.m. Local,Yankee Stadium III,31226,3:18,Night,Away,Kansas City Royals,KCR,New York Yankees,NYY,33,7,9,7,7.0,6,7,43,0.273,0.419,0.455,0.873,138,99,0.355,1.07,0.788,,2.3,27,10,9.0,1,53,26,20,14,13,5,0,46,0,0,0.146,1.7,34,3,7,3,3.0,3,4,38,0.206,0.289,0.353,0.642,176,82,-0.147,0.77,0.595,,-1.7,27,12,9.0,2,49,12,21,18,12,3,0,36,4,2,-0.355,-2.3
NYA/NYA201605120,"Thursday, May 12, 2016",7:08 p.m. Local,Yankee Stadium III,35944,2:45,Night,Home,New York Yankees,NYY,Kansas City Royals,KCR,35,3,9,3,3.0,2,5,37,0.257,0.297,0.4,0.697,136,93,-0.178,0.54,0.458,,-1.7,24,5,8.0,3,51,11,31,12,18,8,0,38,2,2,-0.323,-2.8,31,7,7,7,7.88,5,8,36,0.226,0.333,0.516,0.849,140,84,0.323,0.83,0.632,,2.8,27,9,9.0,1,50,10,24,6,17,4,0,40,0,0,0.178,1.7
NYA/NYA201605130,"Friday, May 13, 2016",7:08 p.m. Local,Yankee Stadium III,34264,2:45,Night,Away,Chicago White Sox,CHW,New York Yankees,NYY,36,7,9,7,7.0,7,7,44,0.25,0.386,0.417,0.803,99,104,0.384,0.46,0.702,,2.3,27,6,9.0,1,59,14,31,11,18,6,0,77,,,0.117,3.7,33,1,6,1,1.0,0,6,33,0.182,0.182,0.303,0.485,176,71,-0.117,0.59,0.18,,-3.7,27,8,9.0,1,42,4,25,8,19,7,0,14,0,0,-0.383,-2.3
NYA/NYA201605140,"Saturday, May 14, 2016",1:08 p.m. Local,Yankee Stadium III,39691,2:24,Day,Home,New York Yankees,NYY,Chicago White Sox,CHW,32,1,5,1,1.0,1,10,33,0.156,0.182,0.313,0.494,114,85,-0.652,0.75,0.271,,-3.7,24,6,8.0,0,46,17,22,16,6,3,0,62,0,0,0.152,2.2,28,2,5,2,2.25,2,6,30,0.179,0.233,0.286,0.519,128,80,-0.152,1.22,0.344,,-2.2,27,13,9.0,1,54,6,20,7,15,6,0,58,1,0,0.651,3.7
NYA/NYA201605150,"Sunday, May 15, 2016",1:09 p.m. Local,Yankee Stadium III,41979,3:36,Day,Home,New York Yankees,NYY,Chicago White Sox,CHW,37,5,12,5,5.0,3,12,41,0.324,0.375,0.486,0.861,162,108,0.044,1.38,1.133,,0.3,24,12,8.0,2,58,17,33,13,13,6,0,38,3,1,-0.543,-2.8,34,7,10,7,5.62,6,3,43,0.294,0.405,0.529,0.934,163,91,0.544,1.43,1.368,,2.8,27,9,9.0,1,53,15,22,18,14,3,0,39,0,0,-0.043,-0.3
ARI/ARI201605160,"Monday, May 16, 2016",6:50 p.m. Local,Chase Field,32718,3:00,Night,Home,Arizona Diamondbacks,ARI,New York Yankees,NYY,34,2,8,1,2.0,1,10,35,0.235,0.257,0.324,0.581,161,90,-0.083,0.54,0.402,,-2.8,24,13,8.0,2,50,16,24,12,12,9,0,30,1,1,-0.417,-7.8,39,12,15,11,9.0,5,8,47,0.385,0.468,0.744,1.212,140,95,0.417,0.81,0.733,,7.8,27,11,9.0,0,59,14,22,15,17,13,0,62,0,0,0.083,2.8
ARI/ARI201605170,"Tuesday, May 17, 2016",6:40 p.m. Local,Chase Field,30913,2:47,Night,Home,Arizona Diamondbacks,ARI,New York Yankees,NYY,33,3,6,3,3.0,1,10,34,0.182,0.206,0.273,0.479,129,86,-0.288,0.7,0.305,,-1.8,24,7,8.0,1,45,11,30,15,8,3,0,37,0,0,-0.21,-0.8,34,5,10,5,5.62,1,13,35,0.294,0.314,0.441,0.755,133,95,0.21,0.81,0.647,,0.8,27,12,9.0,1,46,29,20,13,8,4,0,62,2,2,0.289,1.8
ARI/ARI201605180,"Wednesday, May 18, 2016",6:40 p.m. Local,Chase Field,32191,3:12,Night,Away,New York Yankees,NYY,Arizona Diamondbacks,ARI,36,4,11,3,4.0,4,10,41,0.306,0.375,0.444,0.819,147,103,0.02,1.37,0.648,,-0.8,27,12,9.0,1,58,15,30,14,14,8,0,71,0,0,0.479,2.8,29,2,2,2,2.0,2,11,31,0.069,0.129,0.207,0.336,160,94,-0.481,0.94,0.388,,-2.8,27,7,9.0,1,41,21,32,12,6,1,0,40,1,0,-0.021,0.8
OAK/OAK201605190,"Thursday, May 19, 2016",7:07 p.m. Local,Oakland-Alameda County Coliseum,17456,2:39,Night,Away,New York Yankees,NYY,Oakland Athletics,OAK,35,4,10,4,4.0,4,7,40,0.286,0.375,0.457,0.832,104,85,-0.017,1.31,0.824,,-0.4,27,12,9.0,1,47,10,28,19,9,6,0,63,0,0,0.516,3.4,31,1,6,1,1.0,0,8,31,0.194,0.194,0.29,0.484,144,75,-0.518,1.18,0.417,,-3.4,27,16,9.0,1,44,11,20,12,11,9,0,47,1,0,0.016,0.4
OAK/OAK201605200,"Friday, May 20, 2016",6:38 p.m. Local,Oakland-Alameda County Coliseum,28235,3:13,Night,Away,New York Yankees,NYY,Oakland Athletics,OAK,40,8,13,7,7.0,6,7,47,0.325,0.413,0.5,0.913,138,111,0.345,0.68,0.767,,3.6,27,6,9.0,0,64,14,32,18,15,8,0,69,0,0,0.156,1.4,34,3,6,3,3.0,1,9,36,0.176,0.222,0.265,0.487,190,94,-0.156,0.72,0.299,,-1.4,27,10,9.0,0,48,16,30,9,16,9,0,29,1,0,-0.344,-3.6
OAK/OAK201605210,"Saturday, May 21, 2016",1:07 p.m. Local,Oakland-Alameda County Coliseum,26356,2:46,Day,Away,New York Yankees,NYY,Oakland Athletics,OAK,34,5,8,5,5.0,3,7,38,0.235,0.289,0.294,0.584,116,94,0.197,0.96,0.535,,0.6,27,7,9.0,0,67,14,13,15,13,4,0,65,0,0,0.304,3.4,32,1,6,1,1.0,2,4,35,0.188,0.229,0.188,0.416,140,79,-0.306,0.65,0.302,,-3.4,27,10,9.0,0,49,8,22,14,15,7,0,44,3,0,-0.195,-0.6
OAK/OAK201605220,"Sunday, May 22, 2016",1:07 p.m. Local,Oakland-Alameda County Coliseum,25237,2:55,Day,Away,New York Yankees,NYY,Oakland Athletics,OAK,35,5,10,5,5.0,0,6,37,0.286,0.306,0.486,0.791,141,95,0.281,1.55,0.935,,0.6,27,12,9.0,0,60,9,29,17,13,8,0,53,0,0,0.22,0.4,35,4,6,4,3.0,1,10,36,0.171,0.194,0.257,0.452,138,99,-0.22,1.09,0.813,,-0.4,27,13,9.0,2,49,17,33,14,11,7,0,44,2,2,-0.281,-0.6
NYA/NYA201605240,"Tuesday, May 24, 2016",7:08 p.m. Local,Yankee Stadium III,35174,2:40,Night,Home,New York Yankees,NYY,Toronto Blue Jays,TOR,28,0,2,0,0.0,4,7,34,0.071,0.212,0.071,0.284,131,86,-0.451,0.6,0.267,,-4.7,24,7,8.0,1,46,13,27,12,10,4,0,53,5,3,-0.049,-1.8,31,6,8,6,6.75,4,8,36,0.258,0.333,0.452,0.785,140,83,0.049,1.01,0.404,,1.8,27,12,9.0,0,45,11,27,13,11,6,0,70,1,0,0.452,4.7
NYA/NYA201605250,"Wednesday, May 25, 2016",7:08 p.m. Local,Yankee Stadium III,38959,2:59,Night,Away,Toronto Blue Jays,TOR,New York Yankees,NYY,38,8,11,8,8.0,4,8,43,0.289,0.372,0.579,0.951,131,106,0.238,0.96,0.743,,3.3,27,7,9.0,3,58,20,28,11,19,8,0,55,1,0,0.261,0.7,33,4,6,4,4.0,4,5,37,0.182,0.27,0.455,0.725,169,77,-0.261,0.7,0.371,,-0.7,27,7,9.0,3,44,10,23,8,20,7,0,50,1,1,-0.239,-3.3
NYA/NYA201605260,"Thursday, May 26, 2016",4:07 p.m. Local,Yankee Stadium III,38391,2:34,Day,Away,Toronto Blue Jays,TOR,New York Yankees,NYY,34,3,6,3,1.0,1,11,36,0.176,0.222,0.206,0.428,123,83,-0.133,1.43,0.465,,-1.7,27,10,9.0,1,49,17,17,8,15,7,0,69,0,0,0.634,3.7,30,1,4,1,1.0,3,8,33,0.133,0.212,0.233,0.445,124,81,-0.634,0.94,0.384,,-3.7,27,5,9.0,0,48,11,22,13,9,3,0,75,0,0,0.135,1.7
TBA/TBA201605270,"Friday, May 27, 2016",7:10 p.m. Local,Tropicana Field,14697,2:36,Night,Away,New York Yankees,NYY,Tampa Bay Rays,TBR,31,4,4,4,1.0,3,8,34,0.129,0.206,0.323,0.528,125,73,0.076,0.79,0.593,,-0.3,27,7,9.0,1,37,8,28,10,13,3,0,77,0,0,0.424,3.3,32,1,4,1,1.0,0,9,33,0.125,0.152,0.25,0.402,120,81,-0.425,0.92,0.167,,-3.3,27,9,9.0,2,50,13,18,11,12,4,0,68,0,0,-0.077,0.3
TBA/TBA201605280,"Saturday, May 28, 2016",4:11 p.m. Local,Tropicana Field,20188,3:15,Day,Home,Tampa Bay Rays,TBR,New York Yankees,NYY,37,5,12,5,5.0,4,10,41,0.324,0.39,0.405,0.796,139,102,-0.138,0.38,0.269,,0.7,24,7,8.0,2,60,16,28,14,13,4,0,22,3,2,-0.363,-5.1,35,9,13,9,10.12,2,6,40,0.371,0.41,0.771,1.182,160,85,0.364,0.48,0.515,,5.1,27,10,9.0,1,56,12,17,7,24,12,0,50,5,1,0.138,-0.7
TBA/TBA201605290,"Sunday, May 29, 2016",1:10 p.m. Local,Tropicana Field,19748,2:45,Day,Away,New York Yankees,NYY,Tampa Bay Rays,TBR,28,2,1,2,2.0,1,6,29,0.036,0.069,0.143,0.212,144,84,-0.099,1.31,0.461,,-2.3,27,4,9.0,0,53,15,16,13,9,4,0,61,0,0,0.598,3.3,34,1,6,1,1.0,2,14,36,0.176,0.222,0.206,0.428,125,95,-0.598,0.88,0.394,,-3.3,27,12,9.0,1,47,22,26,9,11,4,0,72,0,0,0.099,2.3
TOR/TOR201605300,"Monday, May 30, 2016",7:07 p.m. Local,Rogers Centre,32921,2:26,Night,Home,Toronto Blue Jays,TOR,New York Yankees,NYY,30,2,5,2,2.0,3,8,34,0.167,0.265,0.333,0.598,120,82,-0.355,0.5,0.273,,-2.7,24,11,8.0,1,48,11,23,10,12,3,0,43,1,0,-0.143,0.1,30,4,8,4,4.5,1,6,32,0.267,0.29,0.5,0.79,132,76,0.143,0.81,0.369,,-0.1,27,9,9.0,1,46,13,17,13,12,7,0,79,0,0,0.357,2.7
TOR/TOR201605310,"Tuesday, May 31, 2016",7:08 p.m. Local,Rogers Centre,33419,2:37,Night,Home,Toronto Blue Jays,TOR,New York Yankees,NYY,33,1,6,1,1.0,2,7,35,0.182,0.229,0.242,0.471,118,87,-0.404,1.19,0.325,,-3.7,24,12,8.0,1,46,18,23,11,15,5,0,57,1,1,-0.096,0.1,27,4,7,4,4.5,2,6,29,0.259,0.31,0.407,0.718,148,72,0.096,1.04,0.779,,-0.1,27,7,9.0,0,41,12,19,10,11,1,0,61,0,0,0.404,3.7
TOR/TOR201606010,"Wednesday, June 1, 2016",7:07 p.m. Local,Rogers Centre,39512,2:57,Night,Home,Toronto Blue Jays,TOR,New York Yankees,NYY,34,0,7,0,0.0,2,8,36,0.206,0.25,0.235,0.485,157,80,-0.442,0.82,0.313,,-4.7,24,12,8.0,0,41,11,28,13,13,10,0,53,2,2,-0.059,-2.9,34,7,12,6,6.75,3,3,37,0.353,0.405,0.412,0.817,131,98,0.06,1.12,0.524,,2.9,27,11,9.0,0,69,10,19,13,18,15,0,64,2,0,0.441,4.7
DET/DET201606020,"Thursday, June 2, 2016",7:40 p.m. Local,Comerica Park,28213,2:56,Night,Away,New York Yankees,NYY,Detroit Tigers,DET,34,5,8,5,5.0,1,6,36,0.235,0.25,0.324,0.574,161,79,0.197,1.6,0.734,,0.4,27,13,9.0,0,53,7,19,16,13,8,0,59,1,0,0.304,0.6,35,4,11,3,4.0,4,13,39,0.314,0.385,0.429,0.813,106,102,-0.302,1.05,1.001,,-0.6,27,14,9.0,0,54,25,23,13,9,7,0,47,4,3,-0.198,-0.4
BAL/BAL201606030,"Friday, June 3, 2016",7:08 p.m. Local,Oriole Park at Camden Yards,25220,3:00,Night,Home,Baltimore Orioles,BAL,New York Yankees,NYY,34,5,10,5,5.0,2,5,36,0.294,0.333,0.588,0.922,136,85,-0.093,1.35,0.778,,0.3,24,7,8.0,1,56,10,22,16,13,8,0,36,2,1,-0.407,-1.9,34,6,11,6,6.75,1,8,35,0.324,0.343,0.471,0.813,146,90,0.407,1.11,1.056,,1.9,27,15,9.0,3,51,17,22,10,16,8,0,36,2,0,0.094,-0.3
BAL/BAL201606040,"Saturday, June 4, 2016",7:18 p.m. Local,Oriole Park at Camden Yards,33170,3:25,Night,Away,New York Yankees,NYY,Baltimore Orioles,BAL,41,8,16,7,8.0,0,5,42,0.39,0.381,0.488,0.869,152,101,0.289,0.94,0.601,,3.3,27,6,9.0,3,69,9,23,20,17,10,0,42,2,2,0.212,-1.3,35,6,8,6,6.0,3,9,38,0.229,0.289,0.514,0.804,154,101,-0.211,0.57,0.478,,1.3,27,13,9.0,0,55,23,23,10,16,5,0,29,0,0,-0.289,-3.3
BAL/BAL201606050,"Sunday, June 5, 2016",1:38 p.m. Local,Oriole Park at Camden Yards,28807,3:26,Day,Home,Baltimore Orioles,BAL,New York Yankees,NYY,36,1,10,1,1.0,2,8,38,0.278,0.316,0.333,0.649,169,97,-0.388,2.24,0.606,,-3.7,24,8,8.0,0,56,16,25,16,12,7,0,62,3,2,-0.112,1.1,29,3,6,2,2.25,7,12,37,0.207,0.378,0.207,0.585,143,108,0.111,1.26,1.352,,-1.1,27,13,9.0,0,66,22,20,11,6,1,0,57,0,0,0.387,3.7
NYA/NYA201606060,"Monday, June 6, 2016",7:10 p.m. Local,Yankee Stadium III,34648,2:35,Night,Home,New York Yankees,NYY,Los Angeles Angels,LAA,30,2,6,2,2.0,2,7,34,0.2,0.242,0.233,0.476,98,77,-0.241,1.05,0.291,,-2.7,24,13,8.0,3,46,11,20,8,17,7,0,53,2,2,-0.261,-0.8,31,5,9,5,5.62,0,6,31,0.29,0.29,0.613,0.903,113,72,0.262,0.84,0.887,,0.8,27,5,9.0,0,38,12,22,13,12,4,0,58,0,0,0.239,2.7
NYA/NYA201606070,"Tuesday, June 7, 2016",7:09 p.m. Local,Yankee Stadium III,31034,2:35,Night,Home,New York Yankees,NYY,Los Angeles Angels,LAA,32,3,5,3,3.0,2,7,34,0.156,0.206,0.344,0.55,124,82,-0.252,0.51,0.263,,-1.7,24,13,8.0,2,43,17,22,10,15,6,0,25,3,1,-0.25,-1.8,31,6,10,6,6.75,2,4,35,0.323,0.353,0.548,0.901,118,82,0.251,0.68,0.528,,1.8,27,9,9.0,1,51,6,25,17,12,5,0,59,0,0,0.251,1.7
NYA/NYA201606080,"Wednesday, June 8, 2016",7:08 p.m. Local,Yankee Stadium III,31557,3:20,Night,Home,New York Yankees,NYY,Los Angeles Angels,LAA,41,6,14,6,6.0,1,8,42,0.341,0.357,0.659,1.016,152,104,0.186,1.02,0.762,,1.3,24,6,8.0,4,62,13,29,15,18,12,0,26,3,3,-0.689,-7.8,42,12,17,12,11.25,2,5,45,0.405,0.432,0.81,1.241,153,103,0.689,0.77,1.323,,7.8,27,13,9.0,3,58,10,34,14,23,12,0,31,1,0,-0.188,-1.3
NYA/NYA201606090,"Thursday, June 9, 2016",7:10 p.m. Local,Yankee Stadium III,34971,2:58,Night,Home,New York Yankees,NYY,Los Angeles Angels,LAA,34,3,8,3,3.0,1,9,36,0.235,0.278,0.412,0.69,146,76,-0.199,0.91,0.463,,-1.7,24,8,8.0,0,41,17,18,13,12,4,0,34,1,0,-0.298,-1.8,33,6,11,6,6.75,5,5,40,0.333,0.425,0.485,0.91,113,82,0.298,0.9,0.797,,1.8,27,11,9.0,1,52,10,20,13,16,6,0,53,0,0,0.202,1.7
NYA/NYA201606100,"Friday, June 10, 2016",7:09 p.m. Local,Yankee Stadium III,40011,2:48,Night,Home,New York Yankees,NYY,Detroit Tigers,DET,32,0,6,0,0.0,2,7,34,0.188,0.235,0.188,0.423,130,87,-0.313,0.55,0.199,,-4.7,24,19,8.0,0,60,10,17,10,15,4,0,45,1,0,-0.186,0.2,28,4,7,4,3.38,5,2,33,0.25,0.364,0.286,0.649,131,77,0.186,0.7,0.427,,-0.2,27,9,9.0,0,44,10,23,17,9,5,0,69,0,0,0.315,4.7
NYA/NYA201606110,"Saturday, June 11, 2016",7:20 p.m. Local,Yankee Stadium III,38050,3:17,Night,Away,Detroit Tigers,DET,New York Yankees,NYY,36,6,10,6,6.0,1,7,38,0.278,0.316,0.472,0.788,138,98,0.24,0.7,0.648,,1.3,27,10,9.0,0,65,13,20,18,11,3,0,64,4,0,0.262,3.7,32,1,6,1,1.0,3,7,35,0.188,0.257,0.281,0.538,139,91,-0.261,0.71,0.249,,-3.7,27,15,9.0,2,51,11,29,12,13,6,0,44,1,1,-0.238,-1.3
NYA/NYA201606120,"Sunday, June 12, 2016",2:08 p.m. Local,Yankee Stadium III,47474,2:56,Day,Away,Detroit Tigers,DET,New York Yankees,NYY,35,4,9,4,4.0,2,12,38,0.257,0.289,0.4,0.689,136,108,0.042,1.09,0.609,,-0.7,27,5,9.0,0,57,22,29,11,13,6,0,68,0,0,0.459,3.7,31,1,4,1,1.0,4,9,36,0.129,0.25,0.194,0.444,156,86,-0.457,0.95,0.348,,-3.7,27,6,9.0,1,47,16,23,6,16,8,0,58,0,0,-0.041,0.7
COL/COL201606140,"Tuesday, June 14, 2016",6:41 p.m. Local,Coors Field,46335,3:43,Night,Home,Colorado Rockies,COL,New York Yankees,NYY,41,10,15,9,10.0,3,5,46,0.366,0.435,0.463,0.898,158,105,-0.189,0.44,0.528,,4.8,24,10,8.0,3,64,13,29,19,17,8,0,22,3,2,-0.311,-8.4,36,13,15,12,14.62,5,7,43,0.417,0.476,0.833,1.31,176,94,0.309,0.77,0.606,,8.4,27,10,9.0,1,54,16,24,15,16,11,0,60,4,2,0.189,-4.8
COL/COL201606150,"Wednesday, June 15, 2016",1:11 p.m. Local,Coors Field,40093,2:55,Day,Home,Colorado Rockies,COL,New York Yankees,NYY,34,3,7,2,2.0,0,7,34,0.206,0.206,0.206,0.412,140,83,-0.236,0.9,0.462,,-2.2,24,9,8.0,1,52,10,21,20,7,2,0,30,0,0,-0.265,-1.4,34,6,13,6,6.75,3,8,39,0.382,0.447,0.588,1.036,128,89,0.265,1.05,0.837,,1.4,27,15,9.0,0,52,9,28,12,15,11,0,53,0,0,0.234,2.2
MIN/MIN201606160,"Thursday, June 16, 2016",7:10 p.m. Local,Target Field,23751,3:00,Night,Away,New York Yankees,NYY,Minnesota Twins,MIN,30,4,7,4,4.0,2,8,33,0.233,0.281,0.367,0.648,161,85,0.15,1.13,0.802,,-0.6,27,11,9.0,0,49,11,25,13,11,6,0,60,0,0,0.35,3.6,34,1,7,1,1.0,3,11,38,0.206,0.289,0.265,0.554,135,105,-0.349,1.17,0.491,,-3.6,27,13,9.0,1,59,14,32,17,6,4,0,51,2,2,-0.15,0.6
MIN/MIN201606170,"Friday, June 17, 2016",7:45 p.m. Local,Target Field,23161,3:03,Night,Away,New York Yankees,NYY,Minnesota Twins,MIN,37,8,14,8,8.0,6,2,44,0.378,0.455,0.541,0.995,137,105,0.42,0.34,0.574,,3.4,27,13,9.0,1,73,6,26,18,18,9,0,69,0,0,0.079,2.6,35,2,9,2,2.0,0,5,35,0.257,0.257,0.371,0.629,175,93,-0.08,0.35,0.158,,-2.6,27,14,9.0,1,54,15,24,16,14,6,0,10,2,2,-0.42,-3.4
MIN/MIN201606180,"Saturday, June 18, 2016",1:11 p.m. Local,Target Field,30760,3:10,Day,Away,New York Yankees,NYY,Minnesota Twins,MIN,36,7,12,7,7.0,2,8,39,0.333,0.359,0.5,0.859,158,99,0.455,0.83,1.246,,2.4,27,10,9.0,3,57,13,29,15,14,3,0,51,2,1,0.046,-1.4,34,6,9,6,5.0,0,15,36,0.265,0.257,0.618,0.875,147,114,-0.045,1.34,0.527,,1.4,27,10,9.0,2,64,18,32,11,10,5,0,58,4,4,-0.455,-2.4
MIN/MIN201606190,"Sunday, June 19, 2016",1:13 p.m. Local,Target Field,29553,3:00,Day,Home,Minnesota Twins,MIN,New York Yankees,NYY,35,4,7,3,3.0,0,6,35,0.2,0.2,0.4,0.6,153,85,-0.136,0.89,0.43,,-0.6,24,10,8.0,2,55,8,22,14,15,3,0,40,1,1,-0.363,-2.9,34,7,11,7,7.88,2,4,36,0.324,0.361,0.618,0.979,131,95,0.363,0.77,0.856,,2.9,27,10,9.0,2,62,11,22,15,15,5,0,60,3,1,0.137,0.6
NYA/NYA201606210,"Tuesday, June 21, 2016",7:07 p.m. Local,Yankee Stadium III,34760,3:31,Night,Away,Colorado Rockies,COL,New York Yankees,NYY,42,8,15,8,7.0,2,13,45,0.357,0.378,0.643,1.021,145,113,0.389,0.92,0.722,,3.3,27,8,9.0,0,56,22,35,16,14,7,0,51,2,0,0.111,0.7,35,4,10,2,2.0,2,11,38,0.286,0.316,0.4,0.716,171,96,-0.111,0.59,0.56,,-0.7,27,9,9.0,3,51,19,26,12,13,8,0,23,2,1,-0.389,-3.3
NYA/NYA201606220,"Wednesday, June 22, 2016",1:09 p.m. Local,Yankee Stadium III,40104,3:25,Day,Home,New York Yankees,NYY,Colorado Rockies,COL,35,8,9,8,7.0,2,11,38,0.257,0.297,0.457,0.754,149,104,0.248,1.46,0.899,,3.3,24,6,8.0,3,53,26,25,13,12,3,0,38,3,1,-0.749,-4.8,33,9,10,9,9.0,7,7,42,0.303,0.439,0.636,1.075,159,82,0.749,1.04,1.593,,4.8,27,11,9.0,2,39,14,28,12,14,8,0,28,1,1,-0.249,-3.3
NYA/NYA201606240,"Friday, June 24, 2016",7:09 p.m. Local,Yankee Stadium III,44808,2:59,Night,Home,New York Yankees,NYY,Minnesota Twins,MIN,33,3,7,3,3.0,2,12,35,0.212,0.257,0.303,0.56,149,87,-0.31,1.22,0.523,,-1.7,24,8,8.0,1,39,23,25,10,11,6,0,38,3,0,-0.189,-0.8,33,5,8,5,2.25,3,6,37,0.242,0.297,0.364,0.661,130,90,0.189,1.23,0.835,,0.8,27,8,9.0,0,53,11,26,15,13,7,0,51,0,0,0.31,1.7
NYA/NYA201606250,"Saturday, June 25, 2016",1:08 p.m. Local,Yankee Stadium III,40075,2:44,Day,Home,New York Yankees,NYY,Minnesota Twins,MIN,30,1,3,1,1.0,1,12,31,0.1,0.129,0.2,0.329,147,85,-0.593,1.49,0.192,,-3.7,24,6,8.0,0,43,18,24,8,10,5,0,51,1,0,0.092,2.2,34,2,10,2,2.25,2,5,36,0.294,0.333,0.294,0.627,126,93,-0.091,1.09,0.912,,-2.2,27,7,9.0,1,60,11,22,12,17,9,0,71,0,0,0.592,3.7
NYA/NYA201606260,"Sunday, June 26, 2016",1:08 p.m. Local,Yankee Stadium III,38673,2:24,Day,Away,Minnesota Twins,MIN,New York Yankees,NYY,33,7,8,7,7.0,4,6,37,0.242,0.324,0.788,1.112,110,90,0.151,0.5,0.567,,2.3,27,12,9.0,1,49,16,25,14,13,8,0,82,0,0,0.349,3.7,29,1,2,1,1.0,0,8,29,0.069,0.069,0.207,0.276,145,75,-0.349,0.52,0.021,,-3.7,27,12,9.0,6,43,12,20,13,8,6,0,41,0,0,-0.15,-2.3
NYA/NYA201606270,"Monday, June 27, 2016",7:26 p.m. Local,Yankee Stadium III,32914,3:43,Night,Away,Texas Rangers,TEX,New York Yankees,NYY,37,9,9,9,9.0,4,10,44,0.243,0.364,0.459,0.823,170,100,0.804,1.3,1.777,,4.3,27,8,9.0,1,55,19,26,14,13,8,0,27,1,0,-0.302,-1.3,42,6,16,6,6.0,4,5,46,0.381,0.435,0.476,0.911,170,102,0.301,1.72,1.242,,1.3,27,9,9.0,2,66,12,24,17,20,13,0,40,1,1,-0.802,-4.3
NYA/NYA201606280,"Tuesday, June 28, 2016",7:08 p.m. Local,Yankee Stadium III,32373,2:37,Night,Away,Texas Rangers,TEX,New York Yankees,NYY,37,7,11,7,7.0,1,4,39,0.297,0.333,0.405,0.739,117,85,0.04,0.85,0.393,,2.3,27,9,9.0,0,44,17,24,17,16,7,0,71,0,0,0.458,3.7,33,1,8,1,1.0,1,7,35,0.242,0.257,0.273,0.53,126,79,-0.459,0.53,0.21,,-3.7,27,11,9.0,1,49,11,19,14,13,8,0,38,2,2,-0.041,-2.3
NYA/NYA201606290,"Wednesday, June 29, 2016",7:09 p.m. Local,Yankee Stadium III,39875,3:19,Night,Home,New York Yankees,NYY,Texas Rangers,TEX,36,7,9,7,7.0,3,9,39,0.25,0.308,0.472,0.78,149,107,0.322,1.02,0.559,,2.3,25,9,8.1,4,61,20,26,12,15,9,0,50,6,3,-0.822,-4.6,34,9,10,8,9.72,7,3,42,0.294,0.405,0.647,1.052,159,75,0.825,0.51,1.445,,4.6,27,11,9.0,2,42,8,25,11,21,13,0,38,0,0,-0.323,-2.3
NYA/NYA201606300,"Thursday, June 30, 2016",1:10 p.m. Local,Yankee Stadium III,39934,3:12,Day,Home,New York Yankees,NYY,Texas Rangers,TEX,31,1,4,1,1.0,3,16,34,0.129,0.206,0.226,0.432,154,98,-0.568,1.67,0.296,,-3.7,26,6,8.2,1,45,29,24,7,8,4,0,65,1,0,0.07,2.3,29,2,5,1,1.04,6,9,36,0.172,0.314,0.276,0.59,144,84,-0.068,1.21,0.922,,-2.3,27,7,9.0,1,41,17,27,7,14,6,0,73,0,0,0.569,3.7
SDN/SDN201607010,"Friday, July 1, 2016",7:42 p.m. Local,Petco Park,41321,3:12,Night,Home,San Diego Padres,SDP,New York Yankees,NYY,33,6,7,5,5.0,2,9,38,0.212,0.297,0.364,0.661,149,86,-0.183,0.4,0.598,,1.8,24,12,8.0,2,47,9,29,13,11,3,0,24,4,1,-0.318,-3.2,31,7,8,6,6.75,5,5,36,0.258,0.361,0.516,0.877,147,89,0.319,1.1,0.521,,3.2,27,11,9.0,1,56,12,21,14,12,6,0,62,2,2,0.183,-1.8
SDN/SDN201607020,"Saturday, July 2, 2016",7:11 p.m. Local,Petco Park,42315,2:43,Night,Home,San Diego Padres,SDP,New York Yankees,NYY,32,1,6,1,1.0,1,7,33,0.188,0.212,0.25,0.462,124,78,-0.476,1.41,0.357,,-3.2,24,9,8.0,1,44,14,20,15,10,4,0,62,1,1,-0.025,1.8,29,2,7,2,2.25,3,11,32,0.241,0.313,0.448,0.761,122,78,0.024,1.19,0.913,,-1.8,27,12,9.0,0,42,16,20,9,9,5,0,70,0,0,0.475,3.2
SDN/SDN201607030,"Sunday, July 3, 2016",1:41 p.m. Local,Petco Park,42131,3:12,Day,Away,New York Yankees,NYY,San Diego Padres,SDP,37,6,10,5,5.0,4,6,42,0.27,0.357,0.541,0.898,143,92,0.046,1.45,0.725,,1.8,27,8,9.0,2,55,13,24,16,15,9,0,70,0,0,0.452,1.2,34,3,8,3,3.0,1,12,35,0.235,0.257,0.441,0.698,142,92,-0.451,0.91,0.643,,-1.2,27,11,9.0,3,49,18,25,10,12,10,0,58,1,0,-0.047,-1.8
CHA/CHA201607040,"Monday, July 4, 2016",1:11 p.m. Local,U.S. Cellular Field,30955,3:06,Day,Home,Chicago White Sox,CHW,New York Yankees,NYY,37,2,8,2,2.0,2,10,40,0.216,0.256,0.378,0.635,147,98,-0.158,0.85,0.619,,-2.4,24,4,8.0,2,48,20,29,11,16,11,0,43,0,0,-0.341,-4.1,37,8,13,8,7.88,3,9,42,0.351,0.39,0.595,0.985,151,104,0.339,1.01,0.872,,4.1,27,7,9.0,1,59,26,19,14,17,8,0,55,2,0,0.159,2.4
CHA/CHA201607050,"Tuesday, July 5, 2016",7:10 p.m. Local,U.S. Cellular Field,20773,3:07,Night,Away,New York Yankees,NYY,Chicago White Sox,CHW,45,9,20,8,7.0,3,6,50,0.444,0.469,0.733,1.203,117,111,0.293,0.49,0.669,,4.6,27,10,9.0,0,67,14,29,17,24,13,0,72,1,0,0.208,4.4,32,0,6,0,0.0,1,7,33,0.188,0.212,0.219,0.431,179,81,-0.207,0.49,0.176,,-4.4,27,8,9.0,2,49,14,18,11,14,4,0,22,2,1,-0.293,-4.6
CHA/CHA201607060,"Wednesday, July 6, 2016",7:10 p.m. Local,U.S. Cellular Field,21144,2:54,Night,Home,Chicago White Sox,CHW,New York Yankees,NYY,34,0,8,0,0.0,1,6,35,0.235,0.257,0.265,0.522,129,86,-0.262,0.42,0.138,,-4.4,24,12,8.0,0,53,9,24,13,15,8,0,44,0,0,-0.238,-1.1,26,5,5,5,5.62,5,6,31,0.192,0.323,0.269,0.592,132,77,0.239,0.59,0.402,,1.1,27,12,9.0,0,51,11,17,11,9,4,0,69,1,0,0.262,4.4
CLE/CLE201607070,"Thursday, July 7, 2016",7:10 p.m. Local,Progressive Field,23848,3:00,Night,Away,New York Yankees,NYY,Cleveland Indians,CLE,36,5,11,5,5.0,4,9,41,0.306,0.366,0.389,0.755,144,94,0.116,1.72,0.898,,0.0,27,14,9.0,2,52,13,29,13,15,9,0,48,1,1,0.385,1.0,34,4,7,3,4.0,1,10,35,0.206,0.229,0.441,0.67,143,98,-0.385,1.22,0.766,,-1.0,27,10,9.0,1,60,18,20,15,9,7,0,35,1,1,-0.116,-0.0
CLE/CLE201607080,"Friday, July 8, 2016",7:11 p.m. Local,Progressive Field,34045,2:36,Night,Home,Cleveland Indians,CLE,New York Yankees,NYY,33,2,7,2,2.0,0,9,33,0.212,0.212,0.394,0.606,160,79,-0.17,0.22,0.096,,-3.0,24,5,8.0,5,46,11,22,9,15,11,0,29,1,1,-0.33,-5.6,33,10,9,10,11.25,3,10,36,0.273,0.333,0.788,1.121,112,97,0.331,0.35,0.427,,5.6,27,8,9.0,1,55,22,20,8,15,5,0,76,0,0,0.17,3.0
CLE/CLE201607090,"Saturday, July 9, 2016",4:10 p.m. Local,Progressive Field,32951,4:18,Day,Away,New York Yankees,NYY,Cleveland Indians,CLE,46,7,14,7,5.73,5,12,51,0.304,0.373,0.478,0.851,177,140,0.201,1.95,1.676,,0.9,33,13,11.0,0,97,17,26,15,19,9,0,35,2,0,0.3,0.1,42,6,11,6,4.91,5,10,49,0.262,0.354,0.357,0.711,218,119,-0.299,1.58,1.544,,-0.1,33,9,11.0,1,62,25,32,20,13,8,0,32,4,3,-0.2,-0.9
CLE/CLE201607100,"Sunday, July 10, 2016",1:11 p.m. Local,Progressive Field,29089,3:35,Day,Away,New York Yankees,NYY,Cleveland Indians,CLE,41,11,13,9,3.0,3,8,47,0.317,0.362,0.488,0.85,155,118,0.325,0.86,0.684,,6.0,27,5,9.0,1,73,14,31,14,21,14,0,27,0,0,0.176,-2.0,38,7,11,5,3.0,5,8,43,0.289,0.372,0.421,0.793,182,98,-0.176,0.54,0.504,,2.0,27,8,9.0,1,61,13,24,12,18,9,0,41,9,4,-0.323,-6.0
NYA/NYA201607150,"Friday, July 15, 2016",7:08 p.m. Local,Yankee Stadium III,47439,3:05,Night,Away,Boston Red Sox,BOS,New York Yankees,NYY,35,5,8,5,5.0,4,10,39,0.229,0.308,0.486,0.793,112,102,0.073,1.14,0.478,,0.3,27,5,9.0,0,47,21,34,11,14,10,0,57,0,0,0.427,1.7,31,3,4,3,3.0,1,6,33,0.129,0.182,0.129,0.311,167,69,-0.428,0.57,0.315,,-1.7,27,8,9.0,3,42,13,14,9,16,2,0,42,4,0,-0.073,-0.3
NYA/NYA201607160,"Saturday, July 16, 2016",4:08 p.m. Local,Yankee Stadium III,48329,2:56,Day,Away,Boston Red Sox,BOS,New York Yankees,NYY,37,5,10,5,4.0,4,4,41,0.27,0.341,0.351,0.693,120,90,0.189,0.98,0.712,,0.3,27,9,9.0,2,56,6,28,16,17,7,0,64,0,0,0.313,2.7,31,2,5,2,2.0,2,3,33,0.161,0.212,0.387,0.599,140,77,-0.312,0.91,0.391,,-2.7,27,10,9.0,1,52,7,18,10,18,4,0,31,1,0,-0.188,-0.3
NYA/NYA201607170,"Sunday, July 17, 2016",8:08 p.m. Local,Yankee Stadium III,42884,2:57,Night,Home,New York Yankees,NYY,Boston Red Sox,BOS,29,1,3,1,1.0,3,9,32,0.103,0.188,0.241,0.429,135,83,-0.453,0.78,0.25,,-3.7,24,12,8.0,0,46,11,26,4,16,9,0,35,4,0,-0.047,1.2,35,3,11,3,3.38,2,2,38,0.314,0.368,0.4,0.768,129,92,0.047,0.94,0.562,,-1.2,27,5,9.0,1,67,8,17,15,18,12,0,68,0,0,0.453,3.7
NYA/NYA201607180,"Monday, July 18, 2016",7:08 p.m. Local,Yankee Stadium III,31102,2:57,Night,Home,New York Yankees,NYY,Baltimore Orioles,BAL,30,1,5,1,1.0,5,6,36,0.167,0.306,0.267,0.572,127,87,-0.649,0.81,0.475,,-3.7,24,7,8.0,1,58,15,14,12,12,5,0,59,3,0,0.149,2.2,29,2,7,2,2.25,2,6,32,0.241,0.281,0.414,0.695,147,80,-0.149,1.51,0.335,,-2.2,27,12,9.0,1,49,15,16,10,14,6,0,61,0,0,0.648,3.7
NYA/NYA201607190,"Tuesday, July 19, 2016",7:09 p.m. Local,Yankee Stadium III,31192,2:51,Night,Home,New York Yankees,NYY,Baltimore Orioles,BAL,30,1,4,1,1.0,2,6,32,0.133,0.188,0.167,0.354,161,76,-0.313,0.51,0.305,,-3.7,24,13,8.0,2,45,12,19,12,12,2,0,44,1,0,-0.186,-2.8,27,7,7,7,7.88,7,5,36,0.259,0.412,0.519,0.93,122,97,0.186,0.96,0.513,,2.8,27,7,9.0,0,62,12,22,12,11,5,0,55,3,0,0.315,3.7
NYA/NYA201607200,"Wednesday, July 20, 2016",7:07 p.m. Local,Yankee Stadium III,35681,2:40,Night,Home,New York Yankees,NYY,Baltimore Orioles,BAL,32,0,5,0,0.0,2,11,34,0.156,0.206,0.188,0.393,97,93,-0.431,0.55,0.341,,-4.7,24,9,8.0,2,45,25,23,10,11,3,0,52,0,0,-0.069,-0.8,27,5,6,5,5.62,4,6,33,0.222,0.303,0.593,0.896,151,63,0.069,1.12,0.392,,0.8,27,7,9.0,0,36,8,19,9,14,5,0,68,0,0,0.432,4.7
NYA/NYA201607210,"Thursday, July 21, 2016",1:07 p.m. Local,Yankee Stadium III,42476,2:52,Day,Away,Baltimore Orioles,BAL,New York Yankees,NYY,36,4,9,4,4.0,1,3,38,0.25,0.27,0.278,0.548,130,100,0.048,1.0,0.596,,-0.7,27,11,9.0,0,67,8,25,22,12,4,0,70,0,0,0.452,3.7,30,1,5,1,1.0,2,8,32,0.167,0.219,0.2,0.419,147,83,-0.453,0.86,0.267,,-3.7,27,16,9.0,0,43,14,26,13,9,4,0,45,1,0,-0.048,0.7
NYA/NYA201607220,"Friday, July 22, 2016",7:10 p.m. Local,Yankee Stadium III,45304,3:17,Night,Home,New York Yankees,NYY,San Francisco Giants,SFG,36,2,9,1,2.0,3,9,39,0.25,0.308,0.333,0.641,141,95,-0.35,0.99,1.173,,-2.7,24,1,8.0,0,48,23,24,9,18,11,0,58,1,0,-0.15,1.2,32,3,8,2,3.38,4,6,36,0.25,0.333,0.281,0.615,153,91,0.147,1.96,0.684,,-1.2,27,4,9.0,0,52,19,20,5,21,7,0,66,0,0,0.349,2.7
NYA/NYA201607230,"Saturday, July 23, 2016",4:09 p.m. Local,Yankee Stadium III,46727,4:25,Day,Away,San Francisco Giants,SFG,New York Yankees,NYY,43,2,9,2,1.5,3,13,46,0.209,0.261,0.349,0.61,215,115,-0.559,1.89,1.206,,-4.3,36,14,12.0,0,61,29,25,14,16,8,0,66,4,0,1.057,5.3,43,1,9,0,0.0,4,12,48,0.209,0.277,0.209,0.486,176,130,-1.057,1.7,0.728,,-5.3,36,15,12.0,1,80,21,29,20,12,6,0,66,1,0,0.558,4.3
NYA/NYA201607240,"Sunday, July 24, 2016",1:10 p.m. Local,Yankee Stadium III,34143,3:06,Day,Home,New York Yankees,NYY,San Francisco Giants,SFG,36,2,10,2,2.0,3,7,39,0.278,0.333,0.361,0.694,115,109,-0.395,0.43,0.426,,-2.7,24,10,8.0,2,70,19,20,17,12,7,0,35,2,0,-0.106,-0.8,30,5,8,4,5.62,1,5,31,0.267,0.29,0.5,0.79,164,77,0.105,1.04,0.372,,0.8,27,14,9.0,0,48,12,17,9,16,8,0,56,5,2,0.395,2.7
HOU/HOU201607250,"Monday, July 25, 2016",7:10 p.m. Local,Minute Maid Park,30628,2:41,Night,Away,New York Yankees,NYY,Houston Astros,HOU,33,2,7,2,2.0,0,5,33,0.212,0.212,0.303,0.515,136,82,-0.125,1.59,0.668,,-2.3,27,10,9.0,1,49,13,20,15,13,5,0,69,0,0,0.624,3.3,33,1,6,1,1.0,2,12,35,0.182,0.229,0.273,0.501,117,91,-0.625,1.15,0.576,,-3.3,27,14,9.0,0,49,27,15,9,12,4,0,64,1,0,0.125,2.3
HOU/HOU201607260,"Tuesday, July 26, 2016",7:10 p.m. Local,Minute Maid Park,28134,3:03,Night,Away,New York Yankees,NYY,Houston Astros,HOU,37,6,13,6,6.0,3,10,43,0.351,0.395,0.459,0.855,155,103,0.299,0.73,0.681,,1.7,27,8,9.0,3,53,21,29,11,18,10,0,61,2,0,0.201,1.3,33,3,6,3,3.0,5,11,38,0.182,0.289,0.485,0.774,148,95,-0.203,0.81,0.349,,-1.3,27,6,9.0,0,47,22,26,11,11,4,0,22,1,0,-0.299,-1.7
HOU/HOU201607270,"Wednesday, July 27, 2016",7:11 p.m. Local,Minute Maid Park,35186,2:38,Night,Home,Houston Astros,HOU,New York Yankees,NYY,32,1,5,1,1.0,2,15,34,0.156,0.206,0.25,0.456,129,87,-0.34,0.65,0.203,,-3.3,24,8,8.0,1,40,24,23,11,6,2,0,39,0,0,-0.159,-0.2,30,4,8,4,4.5,3,7,33,0.267,0.333,0.433,0.767,128,80,0.161,0.8,0.507,,0.2,27,7,9.0,1,43,13,24,11,12,5,0,66,0,0,0.34,3.3
TBA/TBA201607290,"Friday, July 29, 2016",7:10 p.m. Local,Tropicana Field,17856,2:58,Night,Home,Tampa Bay Rays,TBR,New York Yankees,NYY,37,1,10,1,1.0,1,5,38,0.27,0.289,0.27,0.56,143,95,-0.289,0.39,0.215,,-3.3,24,8,8.0,2,58,12,25,12,20,7,0,31,2,1,-0.21,-1.1,30,5,7,5,5.62,6,8,38,0.233,0.368,0.567,0.935,148,78,0.212,0.68,0.402,,1.1,27,6,9.0,0,42,18,18,11,12,5,0,67,6,0,0.289,3.3
TBA/TBA201607300,"Saturday, July 30, 2016",6:09 p.m. Local,Tropicana Field,25883,2:47,Night,Home,Tampa Bay Rays,TBR,New York Yankees,NYY,30,3,5,3,3.0,2,10,33,0.167,0.219,0.4,0.619,139,95,-0.253,0.61,0.476,,-1.3,24,6,8.0,3,52,14,28,8,12,3,0,56,1,0,-0.247,-2.1,30,6,7,6,6.75,2,5,32,0.233,0.281,0.567,0.848,143,86,0.249,0.98,0.581,,2.1,27,9,9.0,2,61,11,14,8,17,4,0,61,0,0,0.252,1.3
TBA/TBA201607310,"Sunday, July 31, 2016",1:10 p.m. Local,Tropicana Field,18109,3:01,Day,Home,Tampa Bay Rays,TBR,New York Yankees,NYY,33,3,9,3,3.0,4,13,37,0.273,0.351,0.364,0.715,127,109,-0.268,0.94,0.669,,-1.3,24,8,8.0,1,57,23,29,11,9,7,0,44,0,0,-0.232,-1.1,30,5,6,5,5.62,5,10,35,0.2,0.314,0.4,0.714,160,83,0.233,1.2,0.647,,1.1,27,10,9.0,1,38,23,22,12,8,4,0,56,0,0,0.269,1.3
NYN/NYN201608010,"Monday, August 1, 2016",7:11 p.m. Local,Citi Field,42125,3:47,Night,Away,New York Yankees,NYY,New York Mets,NYM,33,6,7,5,5.4,6,7,43,0.212,0.341,0.333,0.675,178,100,0.47,1.68,1.539,,1.2,30,8,10.0,2,55,10,35,13,16,8,0,35,4,0,0.032,-0.2,39,5,11,5,4.5,5,10,46,0.282,0.378,0.513,0.891,173,108,-0.032,1.71,1.284,,0.2,30,10,10.0,0,63,14,31,10,20,7,0,46,1,1,-0.467,-1.2
NYN/NYN201608020,"Tuesday, August 2, 2016",7:11 p.m. Local,Citi Field,42819,2:39,Night,Home,New York Mets,NYM,New York Yankees,NYY,32,1,6,1,1.0,2,10,35,0.188,0.257,0.313,0.57,123,91,-0.357,0.38,0.222,,-3.3,24,8,8.0,2,51,13,27,8,14,3,0,35,2,2,-0.143,-3.2,35,7,10,7,6.75,0,5,35,0.286,0.286,0.543,0.829,133,85,0.143,0.73,0.385,,3.2,27,7,9.0,1,52,11,22,14,16,7,0,76,0,0,0.357,3.3
NYA/NYA201608030,"Wednesday, August 3, 2016",7:08 p.m. Local,Yankee Stadium III,48339,3:02,Night,Home,New York Yankees,NYY,New York Mets,NYM,35,5,10,5,4.0,5,8,40,0.286,0.375,0.486,0.861,143,100,-0.009,0.56,0.817,,0.3,24,8,8.0,1,54,17,29,15,12,7,0,41,6,1,-0.491,-4.8,32,9,9,9,10.12,4,8,38,0.281,0.368,0.469,0.837,162,84,0.492,1.15,0.754,,4.8,27,13,9.0,2,46,18,20,13,12,6,0,31,2,0,0.008,-0.3
NYA/NYA201608040,"Thursday, August 4, 2016",7:08 p.m. Local,Yankee Stadium III,48153,2:46,Night,Away,New York Mets,NYM,New York Yankees,NYY,34,4,6,4,4.0,2,8,36,0.176,0.222,0.382,0.605,123,90,0.104,0.96,0.556,,-0.7,27,11,9.0,0,49,20,21,10,16,8,0,59,1,1,0.397,3.7,35,1,9,1,1.0,0,3,35,0.257,0.257,0.286,0.543,130,94,-0.398,0.71,0.322,,-3.7,27,4,9.0,2,53,10,31,16,16,8,0,54,0,0,-0.103,0.7
NYA/NYA201608050,"Friday, August 5, 2016",7:08 p.m. Local,Yankee Stadium III,39252,3:39,Night,Home,New York Yankees,NYY,Cleveland Indians,CLE,35,7,11,7,7.0,4,10,41,0.314,0.39,0.457,0.847,178,114,-0.13,0.39,0.324,,2.3,24,14,8.0,2,70,19,25,10,16,7,0,18,2,1,-0.369,-8.8,39,13,16,13,14.62,8,4,47,0.41,0.511,0.718,1.229,168,98,0.37,0.52,0.56,,8.8,27,9,9.0,1,62,11,25,17,18,9,0,49,4,3,0.131,-2.3
NYA/NYA201608060,"Saturday, August 6, 2016",1:08 p.m. Local,Yankee Stadium III,37264,2:59,Day,Away,Cleveland Indians,CLE,New York Yankees,NYY,34,5,10,5,5.0,6,10,41,0.294,0.415,0.559,0.973,117,100,0.147,1.0,0.877,,0.3,27,9,9.0,0,55,15,30,12,12,3,0,73,0,0,0.353,2.7,30,2,6,1,1.0,1,10,31,0.2,0.226,0.233,0.459,170,79,-0.352,0.9,0.406,,-2.7,27,11,9.0,3,42,17,20,7,13,8,0,46,4,0,-0.148,-0.3
NYA/NYA201608070,"Sunday, August 7, 2016",1:09 p.m. Local,Yankee Stadium III,39720,2:55,Day,Home,New York Yankees,NYY,Cleveland Indians,CLE,35,2,8,1,1.0,3,12,38,0.229,0.289,0.286,0.575,108,111,-0.501,0.61,0.614,,-2.7,24,3,8.0,1,67,20,24,13,10,6,0,62,0,0,0.0,1.2,27,3,5,3,3.38,2,12,31,0.185,0.258,0.407,0.665,160,72,0.0,1.43,0.375,,-1.2,27,9,9.0,0,41,15,16,2,14,7,0,64,2,2,0.5,2.7
BOS/BOS201608090,"Tuesday, August 9, 2016",7:10 p.m. Local,Fenway Park,38089,3:13,Night,Home,Boston Red Sox,BOS,New York Yankees,NYY,34,3,7,3,3.0,5,8,39,0.206,0.308,0.353,0.661,150,96,-0.254,0.75,0.575,,-1.8,24,10,8.0,0,57,13,26,10,16,8,0,32,1,1,-0.247,-0.7,31,5,9,5,5.62,1,5,32,0.29,0.313,0.484,0.796,152,100,0.247,1.09,0.662,,0.7,27,7,9.0,0,57,9,34,10,16,7,0,65,3,0,0.254,1.8
BOS/BOS201608100,"Wednesday, August 10, 2016",7:10 p.m. Local,Fenway Park,37779,4:15,Night,Away,New York Yankees,NYY,Boston Red Sox,BOS,39,9,15,7,9.0,4,7,44,0.385,0.442,0.564,1.006,175,118,0.513,1.14,1.393,,4.2,27,7,9.0,0,74,18,26,21,12,4,0,53,11,3,-0.012,0.8,35,4,9,4,4.0,6,5,42,0.257,0.381,0.343,0.724,180,107,0.011,1.28,0.696,,-0.8,27,13,9.0,2,69,9,29,11,19,6,0,56,7,5,-0.513,-4.2
BOS/BOS201608110,"Thursday, August 11, 2016",7:11 p.m. Local,Fenway Park,38161,3:02,Night,Away,New York Yankees,NYY,Boston Red Sox,BOS,33,4,7,4,4.0,2,11,35,0.212,0.257,0.333,0.59,138,83,0.181,1.31,0.877,,-0.8,27,11,9.0,0,45,24,14,7,15,5,0,49,0,0,0.317,2.8,34,2,9,2,2.0,3,8,38,0.265,0.342,0.412,0.754,134,92,-0.317,1.39,0.686,,-2.8,27,5,9.0,1,48,13,31,13,13,7,0,72,0,0,-0.183,0.8
NYA/NYA201608120,"Friday, August 12, 2016",8:05 p.m. Local,Yankee Stadium III,46459,2:51,Night,Home,New York Yankees,NYY,Tampa Bay Rays,TBR,28,3,4,3,3.0,4,12,34,0.143,0.242,0.286,0.528,129,90,-0.153,0.95,0.451,,-1.7,24,7,8.0,2,47,23,20,10,8,3,0,47,0,0,-0.348,-1.8,32,6,8,6,6.75,1,9,34,0.25,0.294,0.5,0.794,139,81,0.349,0.94,0.89,,1.8,27,10,9.0,1,53,11,17,9,14,5,0,56,0,0,0.152,1.7
NYA/NYA201608130,"Saturday, August 13, 2016",1:29 p.m. Local,Yankee Stadium III,41682,2:40,Day,Home,New York Yankees,NYY,Tampa Bay Rays,TBR,33,4,6,4,4.0,0,9,33,0.182,0.182,0.364,0.545,134,75,-0.021,0.66,0.467,,-0.7,24,5,8.0,5,44,12,19,10,14,4,0,35,0,0,-0.479,-3.8,35,8,11,8,9.0,1,12,36,0.314,0.333,0.771,1.105,104,95,0.48,0.74,0.861,,3.8,27,7,9.0,2,58,18,19,6,17,9,0,59,1,0,0.021,0.7
NYA/NYA201608140,"Sunday, August 14, 2016",1:26 p.m. Local,Yankee Stadium III,41473,2:54,Day,Away,Tampa Bay Rays,TBR,New York Yankees,NYY,42,12,15,12,12.0,2,12,44,0.357,0.386,0.714,1.101,124,106,0.412,0.52,0.7,,7.3,27,9,9.0,2,55,20,31,12,18,12,0,55,0,0,0.088,1.7,32,3,7,3,3.0,2,7,35,0.219,0.286,0.406,0.692,154,86,-0.089,0.45,0.295,,-1.7,27,9,9.0,3,49,14,23,11,14,6,0,23,2,2,-0.413,-7.3
NYA/NYA201608150,"Monday, August 15, 2016",7:08 p.m. Local,Yankee Stadium III,36015,2:55,Night,Home,New York Yankees,NYY,Toronto Blue Jays,TOR,29,0,3,0,0.0,1,13,30,0.103,0.133,0.138,0.271,149,99,-0.758,1.26,0.471,,-4.7,24,6,8.0,0,53,22,24,9,7,3,0,57,0,0,0.257,3.2,32,1,8,1,1.12,7,9,39,0.25,0.385,0.344,0.728,147,97,-0.259,1.54,0.668,,-3.2,27,8,9.0,0,52,27,18,11,12,9,0,79,0,0,0.757,4.7
NYA/NYA201608160,"Tuesday, August 16, 2016",7:08 p.m. Local,Yankee Stadium III,31874,3:09,Night,Away,Toronto Blue Jays,TOR,New York Yankees,NYY,41,12,15,11,12.0,3,8,45,0.366,0.422,0.707,1.13,136,122,0.668,0.37,1.175,,7.3,27,6,9.0,3,70,26,26,17,16,10,0,34,0,0,-0.169,-1.3,35,6,8,6,6.0,0,10,35,0.229,0.229,0.514,0.743,188,86,0.168,0.8,0.408,,1.3,27,10,9.0,4,41,18,27,10,15,5,0,61,3,2,-0.669,-7.3
NYA/NYA201608170,"Wednesday, August 17, 2016",1:09 p.m. Local,Yankee Stadium III,37736,2:47,Day,Away,Toronto Blue Jays,TOR,New York Yankees,NYY,39,7,11,7,7.0,2,16,41,0.282,0.317,0.436,0.753,121,105,0.36,0.76,0.741,,2.3,27,8,9.0,3,52,22,31,12,11,5,0,56,3,1,0.138,0.7,35,4,9,4,4.0,1,11,36,0.257,0.278,0.514,0.792,149,84,-0.139,0.68,0.424,,-0.7,27,4,9.0,1,44,20,20,9,15,4,0,37,0,0,-0.36,-2.3
ANA/ANA201608190,"Friday, August 19, 2016",7:09 p.m. Local,Angel Stadium of Anaheim,40256,2:55,Night,Away,New York Yankees,NYY,Los Angeles Angels,LAA,41,7,15,7,7.0,1,4,42,0.366,0.381,0.756,1.137,123,94,0.237,0.42,0.525,,2.7,27,10,9.0,0,58,17,19,11,26,12,0,78,5,0,0.261,4.3,33,0,6,0,0.0,1,11,34,0.182,0.206,0.182,0.388,132,81,-0.261,0.4,0.056,,-4.3,27,10,9.0,4,46,10,25,12,10,5,0,26,2,1,-0.239,-2.7
ANA/ANA201608200,"Saturday, August 20, 2016",6:45 p.m. Local,Angel Stadium of Anaheim,44129,2:51,Night,Away,New York Yankees,NYY,Los Angeles Angels,LAA,36,5,8,5,5.0,1,7,37,0.222,0.243,0.361,0.604,123,106,0.201,0.49,0.416,,0.7,27,11,9.0,1,62,16,28,18,11,6,0,70,1,0,0.298,3.3,30,1,4,1,1.0,2,7,33,0.133,0.212,0.233,0.445,155,76,-0.299,0.38,0.085,,-3.3,27,8,9.0,1,37,10,29,11,12,5,0,44,0,0,-0.202,-0.7
ANA/ANA201608210,"Sunday, August 21, 2016",12:37 p.m. Local,Angel Stadium of Anaheim,40309,2:39,Day,Home,Los Angeles Angels,LAA,New York Yankees,NYY,32,0,6,0,0.0,3,8,35,0.188,0.257,0.219,0.476,132,91,-0.647,0.68,0.441,,-4.3,24,5,8.0,0,49,19,23,11,13,7,0,62,0,0,0.146,1.9,30,2,8,2,2.25,2,5,32,0.267,0.313,0.3,0.613,141,86,-0.146,1.57,0.272,,-1.9,27,9,9.0,0,55,9,22,8,17,7,0,60,1,0,0.647,4.3
SEA/SEA201608220,"Monday, August 22, 2016",7:10 p.m. Local,Safeco Field,24384,2:56,Night,Home,Seattle Mariners,SEA,New York Yankees,NYY,34,5,9,5,5.0,3,8,37,0.265,0.324,0.618,0.942,132,92,0.099,1.05,1.022,,0.6,24,10,8.0,3,52,13,27,13,13,5,0,38,5,2,-0.603,-3.1,31,7,10,7,7.88,3,9,34,0.323,0.382,0.645,1.028,146,86,0.602,1.28,1.272,,3.1,27,11,9.0,4,46,17,24,10,12,3,0,38,1,0,-0.102,-0.6
SEA/SEA201608230,"Tuesday, August 23, 2016",7:10 p.m. Local,Safeco Field,24628,2:45,Night,Away,New York Yankees,NYY,Seattle Mariners,SEA,37,5,9,5,3.0,3,10,41,0.243,0.293,0.432,0.725,123,105,0.172,0.87,0.575,,0.6,27,10,9.0,0,58,20,27,8,20,11,0,73,0,0,0.33,3.4,30,1,4,1,1.0,1,9,31,0.133,0.161,0.2,0.361,162,85,-0.331,0.65,0.25,,-3.4,27,4,9.0,1,46,16,23,14,7,4,0,45,2,0,-0.168,-0.6
SEA/SEA201608240,"Wednesday, August 24, 2016",12:40 p.m. Local,Safeco Field,41536,3:18,Day,Away,New York Yankees,NYY,Seattle Mariners,SEA,33,5,9,5,5.0,5,8,42,0.273,0.366,0.424,0.79,147,103,0.12,0.82,0.477,,0.6,27,10,9.0,0,60,16,27,12,16,6,0,69,2,0,0.379,4.4,33,0,8,0,0.0,2,9,35,0.242,0.286,0.273,0.558,161,93,-0.381,0.6,0.273,,-4.4,27,9,9.0,1,46,15,32,13,11,6,0,49,2,0,-0.121,-0.6
NYA/NYA201608260,"Friday, August 26, 2016",7:08 p.m. Local,Yankee Stadium III,38423,2:51,Night,Home,New York Yankees,NYY,Baltimore Orioles,BAL,34,4,7,4,4.0,1,7,35,0.206,0.229,0.412,0.64,158,98,-0.032,0.29,0.23,,-0.7,24,9,8.0,3,57,22,19,15,12,5,0,11,1,1,-0.467,-9.8,42,14,18,14,14.62,2,4,44,0.429,0.455,0.714,1.169,142,107,0.469,0.32,0.569,,9.8,27,13,9.0,2,79,10,18,15,23,10,0,54,0,0,0.033,0.7
NYA/NYA201608270,"Saturday, August 27, 2016",1:08 p.m. Local,Yankee Stadium III,38843,3:29,Day,Home,New York Yankees,NYY,Baltimore Orioles,BAL,38,5,12,5,5.0,2,8,41,0.316,0.366,0.605,0.971,197,100,0.114,0.51,0.634,,0.3,24,5,8.0,3,58,23,21,13,17,6,0,31,7,1,-0.615,-8.8,42,13,18,12,14.62,7,11,51,0.429,0.529,0.714,1.244,161,120,0.615,0.69,0.936,,8.8,27,7,9.0,3,66,19,35,11,20,11,0,36,1,0,-0.113,-0.3
NYA/NYA201608280,"Sunday, August 28, 2016",1:07 p.m. Local,Yankee Stadium III,38002,3:07,Day,Away,Baltimore Orioles,BAL,New York Yankees,NYY,36,5,10,5,5.0,3,9,39,0.278,0.333,0.472,0.806,149,94,0.043,0.94,0.543,,0.3,27,12,9.0,0,52,13,29,15,12,3,0,72,0,0,0.456,4.7,34,0,8,0,0.0,0,10,34,0.235,0.235,0.294,0.529,150,105,-0.457,0.75,0.233,,-4.7,27,10,9.0,2,62,22,21,16,8,5,0,56,5,2,-0.044,-0.3
KCA/KCA201608290,"Monday, August 29, 2016",7:17 p.m. Local,Kauffman Stadium,22859,3:17,Night,Home,Kansas City Royals,KCR,New York Yankees,NYY,35,5,9,5,4.0,3,7,41,0.257,0.325,0.343,0.668,155,89,-0.321,0.53,0.354,,0.3,24,9,8.0,1,53,7,28,8,21,9,0,46,6,3,-0.179,-3.9,34,8,11,8,9.0,2,12,36,0.324,0.361,0.412,0.773,148,101,0.18,0.8,0.45,,3.9,27,5,9.0,0,58,20,26,11,11,6,0,63,4,2,0.321,-0.3
KCA/KCA201608300,"Tuesday, August 30, 2016",7:16 p.m. Local,Kauffman Stadium,22895,4:07,Night,Away,New York Yankees,NYY,Kansas City Royals,KCR,43,5,14,5,4.5,4,9,48,0.326,0.375,0.442,0.817,168,113,0.173,2.38,1.254,,-0.2,30,11,10.0,1,67,20,26,14,21,10,0,55,7,1,0.328,1.2,35,4,7,4,2.7,3,9,41,0.2,0.293,0.371,0.664,180,112,-0.328,1.47,1.437,,-1.2,30,8,10.0,1,63,19,30,12,15,5,0,29,3,0,-0.172,0.2
KCA/KCA201608310,"Wednesday, August 31, 2016",7:16 p.m. Local,Kauffman Stadium,22615,4:19,Night,Away,New York Yankees,NYY,Kansas City Royals,KCR,48,5,11,5,3.46,4,5,55,0.229,0.273,0.333,0.606,182,132,-0.314,1.47,1.269,,-1.7,39,17,13.0,2,77,17,38,21,25,12,0,47,0,0,0.814,2.7,43,4,6,4,2.08,4,6,49,0.14,0.229,0.302,0.531,216,108,-0.812,1.69,0.711,,-2.7,39,15,13.0,1,60,18,30,19,19,8,0,44,4,2,0.313,1.7
BAL/BAL201609020,"Friday, September 2, 2016",7:08 p.m. Local,Oriole Park at Camden Yards,24226,2:52,Night,Home,Baltimore Orioles,BAL,New York Yankees,NYY,28,0,2,0,0.0,4,7,32,0.071,0.188,0.071,0.259,162,85,-0.154,0.47,0.065,,-4.7,24,7,8.0,4,46,12,27,13,8,2,0,30,1,1,-0.347,-3.9,34,8,10,8,9.0,3,11,37,0.294,0.351,0.735,1.087,129,104,0.347,0.28,0.586,,3.9,27,10,9.0,0,54,27,23,9,14,7,0,66,1,0,0.154,4.7
BAL/BAL201609030,"Saturday, September 3, 2016",7:06 p.m. Local,Oriole Park at Camden Yards,30855,3:02,Night,Home,Baltimore Orioles,BAL,New York Yankees,NYY,29,0,4,0,0.0,2,10,32,0.138,0.219,0.138,0.357,149,99,-0.58,0.72,0.29,,-4.7,24,10,8.0,1,56,27,16,12,7,2,0,53,0,0,0.079,2.1,30,2,8,1,1.12,5,5,35,0.267,0.371,0.467,0.838,154,94,-0.078,1.23,0.478,,-2.1,27,12,9.0,0,56,13,25,9,16,7,0,74,0,0,0.579,4.7
BAL/BAL201609040,"Sunday, September 4, 2016",1:38 p.m. Local,Oriole Park at Camden Yards,31161,3:17,Day,Away,New York Yankees,NYY,Baltimore Orioles,BAL,29,5,7,5,4.0,7,6,38,0.241,0.378,0.241,0.62,159,98,0.12,1.48,0.604,,0.3,27,9,9.0,0,51,13,34,15,9,4,1,46,2,0,0.379,2.7,33,2,6,2,2.0,4,10,38,0.182,0.289,0.212,0.502,163,99,-0.379,0.75,0.651,,-2.7,27,13,9.0,0,59,23,17,12,11,6,0,41,1,1,-0.122,-0.3
NYA/NYA201609050,"Monday, September 5, 2016",1:10 p.m. Local,Yankee Stadium III,42141,2:49,Day,Home,New York Yankees,NYY,Toronto Blue Jays,TOR,33,3,8,3,3.0,5,7,38,0.242,0.342,0.303,0.645,120,90,-0.287,0.59,0.535,,-1.7,24,4,8.0,1,44,17,29,7,19,11,0,32,0,0,-0.213,-0.8,31,5,8,5,5.62,2,11,33,0.258,0.303,0.419,0.722,151,80,0.213,1.04,0.557,,0.8,27,7,9.0,0,40,22,18,5,15,7,0,52,6,2,0.287,1.7
NYA/NYA201609060,"Tuesday, September 6, 2016",7:08 p.m. Local,Yankee Stadium III,27532,3:21,Night,Home,New York Yankees,NYY,Toronto Blue Jays,TOR,36,6,11,6,6.0,8,8,44,0.306,0.432,0.417,0.848,113,116,0.267,1.22,1.65,,1.3,24,8,8.0,3,62,18,36,12,16,7,0,57,0,0,-0.764,-2.8,30,7,7,7,7.88,4,6,35,0.233,0.314,0.6,0.914,198,74,0.766,1.95,1.438,,2.8,27,8,9.0,1,45,10,19,11,14,6,0,49,11,2,-0.266,-1.3
NYA/NYA201609070,"Wednesday, September 7, 2016",7:09 p.m. Local,Yankee Stadium III,30501,2:48,Night,Home,New York Yankees,NYY,Toronto Blue Jays,TOR,30,0,5,0,0.0,3,7,33,0.167,0.242,0.267,0.509,133,87,-0.571,0.69,0.348,,-4.7,24,7,8.0,1,47,13,27,14,9,3,0,52,0,0,0.07,2.2,33,2,9,2,2.25,2,12,35,0.273,0.314,0.455,0.769,143,84,-0.071,1.17,0.382,,-2.2,27,16,9.0,0,40,23,21,8,13,7,0,59,1,0,0.57,4.7
NYA/NYA201609080,"Thursday, September 8, 2016",7:07 p.m. Local,Yankee Stadium III,27631,3:21,Night,Home,New York Yankees,NYY,Tampa Bay Rays,TBR,38,4,12,4,4.0,1,9,40,0.316,0.35,0.632,0.982,127,99,-0.235,1.2,0.883,,-0.7,26,12,8.2,3,44,20,35,14,15,2,0,41,0,0,-0.265,-0.4,34,5,10,4,4.15,1,4,35,0.294,0.314,0.559,0.873,151,80,0.265,1.39,1.045,,0.4,27,8,9.0,4,52,15,16,14,16,5,0,40,4,0,0.235,0.7
NYA/NYA201609090,"Friday, September 9, 2016",7:08 p.m. Local,Yankee Stadium III,30194,3:30,Night,Home,New York Yankees,NYY,Tampa Bay Rays,TBR,38,5,12,5,5.0,3,12,42,0.316,0.381,0.526,0.907,203,97,-0.143,0.63,0.69,,0.3,24,13,8.0,2,41,27,29,8,18,9,0,34,2,1,-0.356,-2.8,31,7,9,6,7.88,11,6,42,0.29,0.476,0.548,1.025,143,118,0.356,1.03,0.723,,2.8,27,6,9.0,2,69,17,32,10,15,7,0,49,4,1,0.144,-0.3
NYA/NYA201609100,"Saturday, September 10, 2016",4:33 p.m. Local,Yankee Stadium III,33460,2:34,Day,Home,New York Yankees,NYY,Tampa Bay Rays,TBR,31,1,6,1,1.0,0,11,34,0.194,0.242,0.355,0.597,114,86,-0.437,0.69,0.343,,-3.7,24,9,8.0,2,46,21,19,12,9,7,0,62,0,0,-0.064,-0.8,29,5,6,5,5.62,1,6,32,0.207,0.219,0.483,0.702,119,83,0.062,1.0,0.469,,0.8,27,10,9.0,1,48,11,24,10,15,8,0,74,2,0,0.436,3.7
NYA/NYA201609110,"Sunday, September 11, 2016",1:12 p.m. Local,Yankee Stadium III,33087,2:58,Day,Away,Tampa Bay Rays,TBR,New York Yankees,NYY,36,4,9,4,4.0,1,9,37,0.25,0.27,0.528,0.798,141,98,0.09,1.19,0.53,,-0.7,27,8,9.0,1,55,18,25,8,19,6,0,53,0,0,0.409,2.7,34,2,7,2,1.0,1,7,35,0.206,0.229,0.324,0.552,138,97,-0.41,0.61,0.46,,-2.7,27,6,9.0,3,57,17,23,9,18,7,0,48,2,0,-0.091,0.7
NYA/NYA201609120,"Monday, September 12, 2016",7:08 p.m. Local,Yankee Stadium III,32058,3:13,Night,Away,Los Angeles Dodgers,LAD,New York Yankees,NYY,39,8,12,7,7.0,1,9,41,0.308,0.341,0.538,0.88,159,108,0.321,0.51,0.567,,3.3,27,6,9.0,2,65,18,25,18,12,6,0,54,1,0,0.177,2.7,32,2,5,2,2.0,3,11,36,0.156,0.25,0.375,0.625,161,93,-0.177,0.5,0.216,,-2.7,27,11,9.0,2,50,18,25,7,14,6,0,19,2,1,-0.322,-3.3
NYA/NYA201609130,"Tuesday, September 13, 2016",7:09 p.m. Local,Yankee Stadium III,32615,3:02,Night,Home,New York Yankees,NYY,Los Angeles Dodgers,LAD,32,0,5,0,0.0,1,10,33,0.156,0.182,0.188,0.369,143,85,-0.564,0.99,0.181,,-4.7,24,14,8.0,3,41,17,27,14,8,4,0,52,3,0,0.063,1.2,29,3,8,3,3.38,4,5,34,0.276,0.382,0.586,0.969,131,90,-0.064,1.01,0.633,,-1.2,27,11,9.0,0,54,10,26,12,12,4,0,73,1,0,0.564,4.7
NYA/NYA201609140,"Wednesday, September 14, 2016",4:09 p.m. Local,Yankee Stadium III,30254,2:57,Day,Away,Los Angeles Dodgers,LAD,New York Yankees,NYY,31,2,4,1,0.0,2,9,34,0.129,0.182,0.194,0.375,132,95,-0.156,1.42,0.652,,-2.7,27,10,9.0,0,54,14,26,13,9,5,0,70,2,0,0.657,4.7,30,0,3,0,0.0,2,14,33,0.1,0.156,0.1,0.256,152,85,-0.657,1.21,0.307,,-4.7,27,11,9.0,0,40,21,24,12,5,2,0,61,0,0,0.157,2.7
BOS/BOS201609150,"Thursday, September 15, 2016",7:10 p.m. Local,Fenway Park,37767,3:52,Night,Home,Boston Red Sox,BOS,New York Yankees,NYY,38,5,14,5,4.0,3,8,44,0.368,0.419,0.5,0.919,149,106,0.196,1.39,0.586,,0.2,26,15,8.2,2,63,15,28,12,20,6,0,62,1,1,-0.696,-2.3,34,7,9,7,7.27,5,2,41,0.265,0.366,0.5,0.866,171,92,0.696,0.57,1.393,,2.3,27,10,9.0,0,54,8,30,22,11,3,0,25,2,0,-0.197,-0.2
BOS/BOS201609160,"Friday, September 16, 2016",7:12 p.m. Local,Fenway Park,37927,3:13,Night,Home,Boston Red Sox,BOS,New York Yankees,NYY,34,4,9,4,4.0,3,7,39,0.265,0.359,0.471,0.83,122,97,-0.24,0.59,0.646,,-0.8,24,13,8.0,2,54,11,32,8,19,4,0,44,3,1,-0.26,-2.7,31,7,12,6,7.88,2,2,35,0.387,0.429,0.71,1.138,151,72,0.26,1.05,0.542,,2.7,27,8,9.0,1,45,9,20,11,19,8,0,50,2,0,0.24,0.8
BOS/BOS201609170,"Saturday, September 17, 2016",1:08 p.m. Local,Fenway Park,37267,3:36,Day,Home,Boston Red Sox,BOS,New York Yankees,NYY,35,5,9,5,5.0,2,12,37,0.257,0.297,0.457,0.754,138,113,-0.133,1.54,0.749,,0.2,24,6,8.0,1,57,20,36,9,14,5,0,42,2,1,-0.369,-1.7,33,6,10,5,5.62,4,5,37,0.303,0.378,0.515,0.894,165,82,0.368,1.14,1.14,,1.7,27,6,9.0,1,49,13,21,9,19,8,0,41,2,0,0.131,-0.2
BOS/BOS201609180,"Sunday, September 18, 2016",8:11 p.m. Local,Fenway Park,37306,3:31,Night,Home,Boston Red Sox,BOS,New York Yankees,NYY,38,4,11,4,4.0,2,7,40,0.289,0.325,0.447,0.772,156,91,-0.282,1.27,0.56,,-0.8,24,8,8.0,2,49,15,27,15,16,8,0,37,2,0,-0.218,-0.7,34,5,10,5,5.62,3,8,37,0.294,0.351,0.5,0.851,138,98,0.218,1.13,0.974,,0.7,27,10,9.0,1,53,13,32,9,17,8,0,32,2,0,0.282,0.8
TBA/TBA201609200,"Tuesday, September 20, 2016",7:11 p.m. Local,Tropicana Field,12732,2:49,Night,Away,New York Yankees,NYY,Tampa Bay Rays,TBR,37,5,10,5,5.0,4,6,41,0.27,0.341,0.486,0.828,148,91,0.3,0.9,1.092,,0.7,27,3,9.0,0,55,9,27,11,20,5,0,66,2,0,0.2,1.3,33,3,5,2,1.0,1,16,34,0.152,0.176,0.303,0.48,145,98,-0.2,1.24,0.404,,-1.3,27,8,9.0,2,46,23,29,7,10,2,0,61,0,0,-0.301,-0.7
TBA/TBA201609210,"Wednesday, September 21, 2016",7:11 p.m. Local,Tropicana Field,12192,3:06,Night,Away,New York Yankees,NYY,Tampa Bay Rays,TBR,43,11,17,11,11.0,3,8,47,0.395,0.426,0.651,1.077,147,105,0.399,0.48,0.652,,6.7,27,11,9.0,5,63,10,32,19,17,8,0,45,0,0,0.101,-0.7,34,5,8,5,5.0,2,7,36,0.235,0.278,0.706,0.984,168,101,-0.102,0.46,0.287,,0.7,27,9,9.0,3,58,17,26,11,16,3,0,9,2,1,-0.4,-6.7
TBA/TBA201609220,"Thursday, September 22, 2016",7:10 p.m. Local,Tropicana Field,13355,2:37,Night,Home,Tampa Bay Rays,TBR,New York Yankees,NYY,35,0,8,0,0.0,3,9,38,0.229,0.289,0.229,0.518,118,95,-0.575,0.77,0.483,,-4.3,24,8,8.0,1,49,16,30,11,15,7,0,56,0,0,0.074,1.9,28,2,7,2,2.25,2,9,30,0.25,0.3,0.393,0.693,147,74,-0.076,1.43,0.46,,-1.9,27,6,9.0,0,40,14,20,8,11,4,0,60,1,0,0.575,4.3
TOR/TOR201609230,"Friday, September 23, 2016",7:08 p.m. Local,Rogers Centre,47016,3:06,Night,Home,Toronto Blue Jays,TOR,New York Yankees,NYY,30,0,3,0,0.0,3,8,33,0.1,0.182,0.133,0.315,158,87,-0.338,0.55,0.24,,-4.7,24,14,8.0,1,43,18,26,11,11,2,0,50,2,0,-0.161,-4.9,34,9,13,9,7.88,6,5,42,0.382,0.488,0.529,1.017,137,91,0.161,0.86,0.472,,4.9,27,10,9.0,0,52,14,25,16,14,6,0,70,0,0,0.339,4.7
TOR/TOR201609240,"Saturday, September 24, 2016",4:09 p.m. Local,Rogers Centre,47828,2:34,Day,Home,Toronto Blue Jays,TOR,New York Yankees,NYY,27,0,3,0,0.0,3,7,30,0.111,0.2,0.185,0.385,117,85,-0.592,1.31,0.255,,-4.7,24,14,8.0,1,53,11,23,11,9,3,0,68,0,0,0.092,1.1,28,3,6,3,3.38,5,2,33,0.214,0.333,0.357,0.69,139,72,-0.092,1.14,0.693,,-1.1,27,13,9.0,0,45,10,17,16,10,4,0,77,0,0,0.593,4.7
TOR/TOR201609250,"Sunday, September 25, 2016",1:08 p.m. Local,Rogers Centre,47896,3:19,Day,Home,Toronto Blue Jays,TOR,New York Yankees,NYY,34,3,8,3,3.0,2,9,37,0.235,0.27,0.382,0.653,167,102,0.254,1.66,1.182,,-1.7,25,12,8.1,1,58,22,22,8,18,4,0,63,3,1,-0.753,-0.9,32,4,9,4,4.32,6,12,39,0.281,0.395,0.406,0.801,146,95,0.753,1.83,1.546,,0.9,27,6,9.0,1,48,23,24,13,8,5,0,70,0,0,-0.253,1.7
TOR/TOR201609260,"Monday, September 26, 2016",7:07 p.m. Local,Rogers Centre,44532,3:22,Night,Away,New York Yankees,NYY,Toronto Blue Jays,TOR,36,7,11,7,6.0,2,3,40,0.306,0.35,0.528,0.878,159,86,0.497,1.5,1.346,,2.3,27,8,9.0,0,57,6,23,16,18,10,0,46,6,3,0.001,-0.3,32,5,6,5,4.0,8,6,42,0.188,0.381,0.219,0.6,134,83,-0.002,1.18,0.964,,0.3,27,12,9.0,2,40,12,31,11,15,4,0,61,3,1,-0.498,-2.3
NYA/NYA201609270,"Tuesday, September 27, 2016",7:09 p.m. Local,Yankee Stadium III,35161,3:09,Night,Home,New York Yankees,NYY,Boston Red Sox,BOS,35,4,10,4,4.0,3,6,39,0.286,0.342,0.429,0.771,100,87,-0.081,0.74,0.95,,-0.7,24,13,8.0,3,43,15,29,15,15,6,0,26,1,0,-0.419,-1.8,32,6,14,6,6.75,1,2,35,0.438,0.455,0.719,1.173,146,70,0.42,1.51,0.823,,1.8,27,11,9.0,1,47,12,11,15,17,10,0,55,2,0,0.08,0.7
NYA/NYA201609280,"Wednesday, September 28, 2016",7:09 p.m. Local,Yankee Stadium III,35520,3:28,Night,Home,New York Yankees,NYY,Boston Red Sox,BOS,31,3,5,2,1.0,8,3,39,0.161,0.333,0.226,0.559,162,83,-0.05,1.8,0.807,,-1.7,26,10,8.2,1,49,5,29,13,15,8,0,74,3,3,-0.451,-0.4,28,5,3,5,5.19,6,8,34,0.107,0.265,0.214,0.479,144,98,0.45,1.3,1.413,,0.4,27,11,9.0,0,61,15,22,10,10,2,0,70,4,1,0.049,1.7
NYA/NYA201609290,"Thursday, September 29, 2016",7:07 p.m. Local,Yankee Stadium III,41597,3:17,Night,Home,New York Yankees,NYY,Boston Red Sox,BOS,29,1,4,1,1.0,2,10,31,0.138,0.194,0.241,0.435,163,76,-0.358,0.88,0.267,,-3.7,24,5,8.0,0,34,16,26,10,9,6,0,52,6,2,-0.144,-0.8,32,5,8,4,5.62,7,9,39,0.25,0.385,0.344,0.728,124,95,0.143,0.85,0.713,,0.8,27,10,9.0,1,49,20,26,6,17,9,0,72,0,0,0.357,3.7
NYA/NYA201609300,"Friday, September 30, 2016",7:08 p.m. Local,Yankee Stadium III,33955,3:26,Night,Away,Baltimore Orioles,BAL,New York Yankees,NYY,38,8,10,8,8.0,8,9,46,0.263,0.391,0.553,0.944,156,109,0.36,0.58,0.727,,3.3,27,7,9.0,0,63,16,30,10,19,6,0,63,0,0,0.14,3.7,28,1,3,1,1.0,6,7,36,0.107,0.257,0.107,0.364,182,95,-0.139,0.53,0.234,,-3.7,27,6,9.0,3,53,7,35,9,13,6,0,33,0,0,-0.36,-3.3
NYA/NYA201610010,"Saturday, October 1, 2016",4:08 p.m. Local,Yankee Stadium III,33222,2:54,Day,Home,New York Yankees,NYY,Baltimore Orioles,BAL,34,3,9,3,3.0,4,6,38,0.265,0.342,0.382,0.724,160,92,-0.122,1.43,0.46,,-1.7,24,5,8.0,1,51,15,26,7,21,8,0,50,3,2,-0.377,-2.8,34,7,12,7,7.88,4,10,38,0.353,0.421,0.559,0.98,140,98,0.377,0.79,1.275,,2.8,27,5,9.0,1,57,15,26,9,15,9,0,40,1,0,0.123,1.7
NYA/NYA201610020,"Sunday, October 2, 2016",3:08 p.m. Local,Yankee Stadium III,33277,2:32,Day,Away,Baltimore Orioles,BAL,New York Yankees,NYY,31,5,7,5,5.0,1,8,33,0.226,0.242,0.452,0.694,126,83,0.172,0.88,0.484,,0.3,27,13,9.0,1,44,17,24,11,13,8,0,56,1,1,0.328,2.7,36,2,10,2,2.0,1,6,37,0.278,0.297,0.361,0.658,127,85,-0.328,0.52,0.346,,-2.7,27,10,9.0,2,52,11,22,19,11,5,0,49,1,1,-0.172,-0.3
