,date,time,venue,attendance,duration,time_of_day,winner,winning_name,winning_abbr,losing_name,losing_abbr,away_at_bats,away_runs,away_hits,away_rbi,away_earned_runs,away_bases_on_balls,away_strikeouts,away_plate_appearances,away_batting_average,away_on_base_percentage,away_slugging_percentage,away_on_base_plus,away_pitches,away_strikes,away_win_probability_for_offensive_player,away_average_leverage_index,away_win_probability_added,away_win_probability_subtracted,away_base_out_runs_added,away_putouts,away_assists,away_innings_pitched,away_home_runs,away_strikes_by_contact,away_strikes_swinging,away_strikes_looking,away_grounded_balls,away_fly_balls,away_line_drives,away_unknown_bat_type,away_game_score,away_inherited_runners,away_inherited_score,away_win_probability_by_pitcher,away_base_out_runs_saved,home_at_bats,home_runs,home_hits,home_rbi,home_earned_runs,home_bases_on_balls,home_strikeouts,home_plate_appearances,home_batting_average,home_on_base_percentage,home_slugging_percentage,home_on_base_plus,home_pitches,home_strikes,home_win_probability_for_offensive_player,home_average_leverage_index,home_win_probability_added,home_win_probability_subtracted,home_base_out_runs_added,home_putouts,home_assists,home_innings_pitched,home_home_runs,home_strikes_by_contact,home_strikes_swinging,home_strikes_looking,home_grounded_balls,home_fly_balls,home_line_drives,home_unknown_bat_type,home_game_score,home_inherited_runners,home_inherited_score,home_win_probability_by_pitcher,home_base_out_runs_saved
TEX/TEX201604040,"Monday, April 4, 2016",3:09 p.m. Local,Globe Life Park in Arlington,49289,2:38,Day,Home,Texas Rangers,TEX,Seattle Mariners,SEA,30,2,4,2,2.0,3,11,34,0.133,0.235,0.333,0.569,121,86,-0.507,1.28,0.434,,-2.9,24,10,8.0,0,37,23,28,14,5,3,0,63,0,0,0.006,1.3,27,3,1,3,1.12,6,10,34,0.037,0.235,0.037,0.272,133,70,-0.005,1.26,0.633,,-1.3,27,13,9.0,2,32,18,20,11,6,1,0,66,0,0,0.507,2.9
TEX/TEX201604050,"Tuesday, April 5, 2016",7:07 p.m. Local,Globe Life Park in Arlington,28386,3:30,Night,Away,Seattle Mariners,SEA,Texas Rangers,TEX,36,10,11,10,10.0,4,4,42,0.306,0.405,0.722,1.127,161,92,0.279,1.21,0.911,,5.1,27,7,9.0,0,56,12,24,11,21,7,0,49,0,0,0.223,2.9,33,2,7,2,2.0,5,11,39,0.212,0.333,0.273,0.606,144,102,-0.222,0.84,0.656,,-2.9,27,10,9.0,4,58,12,34,9,13,5,0,59,2,1,-0.277,-5.1
TEX/TEX201604060,"Wednesday, April 6, 2016",1:09 p.m. Local,Globe Life Park in Arlington,26945,2:56,Day,Away,Seattle Mariners,SEA,Texas Rangers,TEX,37,9,14,9,9.0,6,6,43,0.378,0.465,0.649,1.114,131,96,0.674,0.91,1.614,,4.1,27,9,9.0,1,55,10,31,16,15,7,0,45,0,0,-0.175,-0.1,33,5,7,5,5.0,2,11,35,0.212,0.257,0.333,0.59,170,91,0.176,1.54,0.719,,0.1,27,10,9.0,3,50,19,22,10,12,4,0,49,6,1,-0.675,-4.1
SEA/SEA201604080,"Friday, April 8, 2016",7:10 p.m. Local,Safeco Field,47065,2:55,Night,Away,Oakland Athletics,OAK,Seattle Mariners,SEA,36,3,9,3,3.0,1,7,37,0.25,0.27,0.444,0.715,141,87,0.041,1.47,0.991,,-1.4,27,8,9.0,1,51,14,22,12,17,6,0,48,2,0,0.459,2.4,31,2,4,2,2.0,2,6,35,0.129,0.2,0.226,0.426,147,87,-0.459,1.27,0.603,,-2.4,27,9,9.0,2,52,16,19,11,15,5,0,54,0,0,-0.041,1.4
SEA/SEA201604090,"Saturday, April 9, 2016",6:10 p.m. Local,Safeco Field,36424,2:54,Night,Away,Oakland Athletics,OAK,Seattle Mariners,SEA,37,6,11,6,6.0,1,11,38,0.297,0.316,0.459,0.775,148,99,0.237,0.82,0.578,,1.6,27,9,9.0,1,52,16,31,12,14,8,0,67,0,0,0.264,3.4,30,1,5,1,1.0,2,12,34,0.167,0.265,0.3,0.565,145,91,-0.265,0.61,0.323,,-3.4,27,10,9.0,1,42,22,27,12,6,3,0,42,0,0,-0.237,-1.6
SEA/SEA201604100,"Sunday, April 10, 2016",1:10 p.m. Local,Safeco Field,30834,3:03,Day,Away,Oakland Athletics,OAK,Seattle Mariners,SEA,35,2,5,2,1.8,3,12,38,0.143,0.211,0.343,0.553,137,99,-0.13,1.63,0.873,,-2.9,30,12,10.0,0,50,19,30,13,10,3,0,68,0,0,0.631,3.9,36,1,6,0,0.0,5,7,41,0.167,0.268,0.25,0.518,154,87,-0.631,1.34,0.732,,-3.9,30,10,10.0,2,54,13,20,19,10,5,0,79,0,0,0.131,2.9
SEA/SEA201604110,"Monday, April 11, 2016",7:10 p.m. Local,Safeco Field,13468,3:00,Night,Away,Texas Rangers,TEX,Seattle Mariners,SEA,38,7,14,7,7.0,2,11,42,0.368,0.381,0.447,0.828,138,98,0.186,1.1,0.692,,2.6,27,8,9.0,1,57,16,25,15,14,7,0,65,2,0,0.313,1.4,33,3,7,3,3.0,2,9,36,0.212,0.278,0.333,0.611,154,87,-0.314,0.82,0.436,,-1.4,27,9,9.0,0,51,12,24,12,12,6,0,50,0,0,-0.186,-2.6
SEA/SEA201604120,"Tuesday, April 12, 2016",7:10 p.m. Local,Safeco Field,13376,2:35,Night,Away,Texas Rangers,TEX,Seattle Mariners,SEA,36,8,12,8,8.0,1,11,39,0.333,0.359,0.5,0.859,136,105,0.301,0.44,0.555,,3.6,27,4,9.0,0,54,16,35,9,17,10,0,68,1,0,0.198,4.4,32,0,4,0,0.0,2,7,34,0.125,0.176,0.125,0.301,152,87,-0.199,0.5,0.104,,-4.4,27,6,9.0,1,50,12,25,8,17,9,0,35,0,0,-0.302,-3.6
SEA/SEA201604130,"Wednesday, April 13, 2016",12:40 p.m. Local,Safeco Field,15075,3:20,Day,Home,Seattle Mariners,SEA,Texas Rangers,TEX,35,2,6,2,1.8,2,7,37,0.171,0.216,0.257,0.473,164,108,-0.452,1.33,0.591,,-2.9,29,10,9.2,2,63,16,29,16,12,5,0,56,2,0,-0.049,0.8,38,4,8,4,0.93,4,9,42,0.211,0.286,0.395,0.68,157,111,0.048,1.37,1.202,,-0.8,30,13,10.0,1,55,19,37,13,16,3,0,60,0,0,0.452,2.9
NYA/NYA201604150,"Friday, April 15, 2016",7:08 p.m. Local,Yankee Stadium III,35531,3:18,Night,Away,Seattle Mariners,SEA,New York Yankees,NYY,36,7,12,7,7.0,4,3,41,0.333,0.39,0.5,0.89,165,92,0.221,1.07,0.791,,2.3,27,6,9.0,1,57,11,24,14,20,11,0,56,3,0,0.28,3.7,33,1,6,1,1.0,7,10,40,0.182,0.325,0.303,0.628,152,93,-0.28,0.76,0.57,,-3.7,27,9,9.0,1,42,15,36,9,14,3,0,38,3,1,-0.22,-2.3
NYA/NYA201604160,"Saturday, April 16, 2016",1:09 p.m. Local,Yankee Stadium III,38574,3:21,Day,Away,Seattle Mariners,SEA,New York Yankees,NYY,37,3,10,3,3.0,1,13,38,0.27,0.289,0.432,0.722,175,111,-0.046,1.85,0.69,,-1.7,27,10,9.0,1,61,21,29,14,10,2,0,51,0,0,0.547,2.7,37,2,10,2,2.0,6,7,43,0.27,0.372,0.432,0.805,157,103,-0.546,0.98,0.969,,-2.7,27,7,9.0,1,55,11,37,16,14,6,0,42,1,0,0.048,1.7
NYA/NYA201604170,"Sunday, April 17, 2016",1:09 p.m. Local,Yankee Stadium III,43856,2:34,Day,Home,New York Yankees,NYY,Seattle Mariners,SEA,33,3,6,3,2.0,0,12,33,0.182,0.182,0.242,0.424,115,84,-0.412,0.99,0.424,,-1.7,24,11,8.0,1,40,21,23,16,5,2,0,46,0,0,-0.089,0.2,32,4,8,3,4.5,2,4,35,0.25,0.314,0.406,0.721,119,76,0.088,1.28,0.676,,-0.2,27,11,9.0,0,55,5,16,12,16,8,0,61,0,0,0.411,1.7
CLE/CLE201604190,"Tuesday, April 19, 2016",6:10 p.m. Local,Progressive Field,9393,2:56,Night,Home,Cleveland Indians,CLE,Seattle Mariners,SEA,33,2,6,2,2.0,3,8,36,0.182,0.25,0.364,0.614,133,93,-0.501,0.96,0.469,,-3.0,24,12,8.0,0,55,11,27,11,14,8,0,29,5,0,-0.001,1.4,31,3,10,3,3.38,5,4,36,0.323,0.417,0.387,0.804,140,86,0.002,1.29,0.635,,-1.4,27,11,9.0,1,53,10,23,16,11,7,0,63,1,0,0.5,3.0
CLE/CLE201604200,"Wednesday, April 20, 2016",6:10 p.m. Local,Progressive Field,9890,2:48,Night,Away,Seattle Mariners,SEA,Cleveland Indians,CLE,31,2,3,2,2.0,3,9,34,0.097,0.176,0.161,0.338,141,86,-0.277,1.66,0.373,,-3.0,27,10,9.0,0,48,21,17,13,9,2,0,70,0,0,0.778,4.0,30,1,4,1,0.0,1,9,33,0.133,0.182,0.2,0.382,140,97,-0.78,0.94,0.454,,-4.0,27,7,9.0,0,59,11,28,11,11,8,0,67,0,0,0.278,3.0
CLE/CLE201604210,"Thursday, April 21, 2016",12:10 p.m. Local,Progressive Field,11525,3:56,Day,Away,Seattle Mariners,SEA,Cleveland Indians,CLE,41,10,15,10,9.0,5,7,49,0.366,0.449,0.561,1.01,168,108,0.574,1.2,1.388,,4.5,30,6,10.0,2,69,14,25,14,21,14,0,41,1,1,-0.075,-1.5,36,7,8,7,5.4,6,10,42,0.222,0.333,0.444,0.778,178,102,0.073,1.22,1.083,,1.5,30,11,10.0,2,51,23,28,9,17,14,0,26,3,1,-0.575,-4.5
ANA/ANA201604220,"Friday, April 22, 2016",7:07 p.m. Local,Angel Stadium of Anaheim,40755,3:23,Night,Away,Seattle Mariners,SEA,Los Angeles Angels,LAA,34,5,10,5,4.5,4,7,41,0.294,0.35,0.412,0.762,124,107,0.056,1.1,0.868,,0.2,30,15,10.0,2,63,17,30,13,17,9,0,64,0,0,0.444,2.8,34,2,6,2,1.8,1,5,35,0.176,0.2,0.353,0.553,166,84,-0.444,1.28,0.453,,-2.8,30,12,10.0,1,56,10,18,14,15,9,0,53,1,0,-0.056,-0.2
ANA/ANA201604230,"Saturday, April 23, 2016",6:08 p.m. Local,Angel Stadium of Anaheim,41058,2:45,Night,Home,Los Angeles Angels,LAA,Seattle Mariners,SEA,31,2,6,2,2.0,2,8,36,0.194,0.278,0.355,0.633,122,95,-0.323,0.92,0.459,,-2.3,24,14,8.0,2,56,15,24,14,10,3,0,57,2,1,-0.176,-0.1,30,4,7,4,4.5,3,6,33,0.233,0.303,0.467,0.77,142,75,0.176,1.23,0.688,,0.1,27,13,9.0,1,46,10,19,14,10,5,0,61,0,0,0.325,2.3
ANA/ANA201604240,"Sunday, April 24, 2016",12:37 p.m. Local,Angel Stadium of Anaheim,37754,2:43,Day,Away,Seattle Mariners,SEA,Los Angeles Angels,LAA,33,9,8,8,8.0,5,6,39,0.242,0.342,0.545,0.888,117,91,0.44,0.58,0.813,,4.7,27,13,9.0,2,54,18,19,8,20,10,0,51,0,0,0.063,0.3,31,4,6,4,4.0,2,5,33,0.194,0.242,0.419,0.662,145,78,-0.061,0.6,0.363,,-0.3,27,7,9.0,3,47,7,24,14,12,7,0,22,2,1,-0.438,-4.7
SEA/SEA201604250,"Monday, April 25, 2016",7:11 p.m. Local,Safeco Field,14832,2:40,Night,Home,Seattle Mariners,SEA,Houston Astros,HOU,35,2,10,2,2.0,2,13,37,0.286,0.324,0.371,0.696,134,100,-0.456,0.85,0.744,,-2.4,24,10,8.0,2,54,20,26,13,9,7,0,47,0,0,-0.045,0.9,26,3,4,3,3.38,7,4,33,0.154,0.333,0.385,0.718,156,75,0.045,1.56,0.562,,-0.9,27,10,9.0,0,45,7,23,9,13,8,0,71,0,0,0.454,2.4
SEA/SEA201604260,"Tuesday, April 26, 2016",7:10 p.m. Local,Safeco Field,13821,3:02,Night,Home,Seattle Mariners,SEA,Houston Astros,HOU,30,1,3,0,0.0,5,9,35,0.1,0.229,0.1,0.329,176,83,-0.315,0.64,0.126,,-3.4,24,10,8.0,1,40,12,31,12,9,4,0,43,0,0,-0.183,-7.1,37,11,13,10,10.12,2,8,39,0.351,0.385,0.486,0.871,144,104,0.183,0.63,0.567,,7.1,27,11,9.0,0,57,20,30,17,12,10,0,76,0,0,0.316,3.4
SEA/SEA201604270,"Wednesday, April 27, 2016",7:10 p.m. Local,Safeco Field,14173,3:23,Night,Away,Houston Astros,HOU,Seattle Mariners,SEA,34,7,9,7,6.0,3,13,39,0.265,0.333,0.471,0.804,171,96,0.389,0.95,0.792,,2.6,27,13,9.0,2,56,13,27,10,12,8,0,51,1,0,0.111,0.4,36,4,10,4,4.0,3,9,40,0.278,0.35,0.5,0.85,158,101,-0.113,0.85,0.63,,-0.4,27,12,9.0,1,59,10,32,15,12,6,0,38,1,0,-0.391,-2.6
SEA/SEA201604290,"Friday, April 29, 2016",7:10 p.m. Local,Safeco Field,38684,2:49,Night,Home,Seattle Mariners,SEA,Kansas City Royals,KCR,30,0,6,0,0.0,3,6,34,0.2,0.273,0.2,0.473,137,88,-0.725,0.96,0.599,,-4.4,24,7,8.0,1,51,8,29,12,13,6,0,60,1,0,0.225,2.9,24,1,1,1,1.12,7,5,31,0.042,0.258,0.167,0.425,137,76,-0.224,1.75,0.372,,-2.9,27,11,9.0,0,42,15,19,10,9,3,0,70,1,0,0.724,4.4
SEA/SEA201604300,"Saturday, April 30, 2016",7:10 p.m. Local,Safeco Field,43444,2:28,Night,Home,Seattle Mariners,SEA,Kansas City Royals,KCR,31,0,5,0,0.0,0,4,32,0.161,0.188,0.194,0.381,155,77,-0.207,0.28,0.12,,-4.4,24,9,8.0,2,45,11,21,12,15,7,0,31,1,0,-0.292,-2.1,28,6,7,6,6.75,8,6,39,0.25,0.447,0.464,0.912,114,86,0.292,0.47,0.431,,2.1,27,12,9.0,0,43,15,28,11,12,5,0,81,,,0.207,4.4
SEA/SEA201605010,"Sunday, May 1, 2016",1:10 p.m. Local,Safeco Field,37053,3:14,Day,Away,Kansas City Royals,KCR,Seattle Mariners,SEA,37,4,11,3,3.0,0,12,39,0.297,0.333,0.405,0.739,167,108,0.087,1.27,0.493,,-0.4,27,5,9.0,0,70,15,23,9,16,9,0,59,3,1,0.413,3.4,34,1,8,1,1.0,3,10,38,0.235,0.316,0.265,0.58,162,112,-0.413,0.62,0.446,,-3.4,27,7,9.0,1,66,18,28,10,14,6,0,47,0,0,-0.087,0.4
OAK/OAK201605020,"Monday, May 2, 2016",7:07 p.m. Local,Oakland-Alameda County Coliseum,10535,2:45,Night,Away,Seattle Mariners,SEA,Oakland Athletics,OAK,36,4,12,3,4.0,1,7,38,0.333,0.351,0.417,0.768,121,82,0.071,1.71,0.836,,-0.4,27,9,9.0,2,56,8,18,11,19,10,0,52,2,0,0.43,1.4,32,3,6,3,3.0,2,10,34,0.188,0.235,0.406,0.642,133,80,-0.43,1.07,0.7,,-1.4,27,8,9.0,0,40,13,27,8,14,8,0,42,2,1,-0.07,0.4
OAK/OAK201605030,"Tuesday, May 3, 2016",7:07 p.m. Local,Oakland-Alameda County Coliseum,12584,2:38,Night,Away,Seattle Mariners,SEA,Oakland Athletics,OAK,39,8,13,8,8.0,1,9,40,0.333,0.35,0.615,0.965,108,98,0.212,0.84,0.583,,3.6,27,13,9.0,1,67,15,16,16,15,8,0,66,0,0,0.288,2.4,31,2,6,2,2.0,2,4,33,0.194,0.242,0.29,0.533,131,70,-0.289,0.53,0.265,,-2.4,27,11,9.0,3,40,10,20,17,10,3,0,32,2,2,-0.211,-3.6
OAK/OAK201605040,"Wednesday, May 4, 2016",12:37 p.m. Local,Oakland-Alameda County Coliseum,16238,3:10,Day,Away,Seattle Mariners,SEA,Oakland Athletics,OAK,42,9,16,9,9.0,3,9,47,0.381,0.413,0.667,1.08,147,99,0.719,1.48,1.578,,4.6,27,8,9.0,1,60,15,24,19,16,8,0,21,2,2,-0.219,-3.6,39,8,11,6,4.0,1,3,40,0.282,0.3,0.385,0.685,160,90,0.219,1.19,1.12,,3.6,27,12,9.0,3,62,6,22,17,19,6,0,42,2,1,-0.719,-4.6
HOU/HOU201605050,"Thursday, May 5, 2016",7:10 p.m. Local,Minute Maid Park,20151,3:13,Night,Away,Seattle Mariners,SEA,Houston Astros,HOU,37,6,12,6,6.0,4,8,41,0.324,0.39,0.405,0.796,136,105,0.477,1.32,1.531,,1.7,27,13,9.0,1,59,19,27,14,15,8,0,57,2,1,0.025,1.3,32,3,8,3,3.0,4,7,36,0.25,0.333,0.438,0.771,167,87,-0.025,1.82,0.857,,-1.3,27,9,9.0,0,47,20,20,12,13,4,0,61,2,2,-0.476,-1.7
HOU/HOU201605060,"Friday, May 6, 2016",7:10 p.m. Local,Minute Maid Park,25413,2:46,Night,Home,Houston Astros,HOU,Seattle Mariners,SEA,30,3,5,3,3.0,2,4,33,0.167,0.242,0.267,0.509,141,76,-0.242,0.43,0.27,,-1.3,24,10,8.0,2,43,9,24,10,16,5,0,44,2,0,-0.259,-2.2,30,6,8,6,4.5,5,5,37,0.267,0.361,0.5,0.861,122,86,0.257,0.73,0.468,,2.2,27,9,9.0,0,50,14,22,13,14,5,0,56,3,3,0.241,1.3
HOU/HOU201605070,"Saturday, May 7, 2016",6:11 p.m. Local,Minute Maid Park,31559,3:27,Night,Away,Seattle Mariners,SEA,Houston Astros,HOU,40,3,11,3,2.7,1,13,41,0.275,0.293,0.55,0.843,164,100,0.143,1.77,0.87,,-1.8,30,8,10.0,1,59,24,17,15,12,5,0,64,3,0,0.357,2.8,38,2,8,2,1.8,2,14,40,0.211,0.25,0.342,0.592,151,105,-0.356,0.85,1.075,,-2.8,30,13,10.0,3,52,28,25,10,14,6,0,60,0,0,-0.145,1.8
HOU/HOU201605080,"Sunday, May 8, 2016",1:11 p.m. Local,Minute Maid Park,28148,2:57,Day,Home,Houston Astros,HOU,Seattle Mariners,SEA,32,1,5,1,1.0,1,6,33,0.156,0.182,0.25,0.432,149,91,-0.347,0.68,0.204,,-3.3,24,6,8.0,0,51,14,26,13,13,3,0,47,1,0,-0.153,-1.2,33,5,9,4,4.5,3,11,36,0.273,0.333,0.394,0.727,133,95,0.153,0.79,0.514,,1.2,27,9,9.0,1,52,22,21,11,11,7,0,67,0,0,0.347,3.3
SEA/SEA201605090,"Monday, May 9, 2016",7:10 p.m. Local,Safeco Field,15230,3:05,Night,Home,Seattle Mariners,SEA,Tampa Bay Rays,TBR,30,2,4,2,2.0,3,8,35,0.133,0.257,0.367,0.624,156,83,-0.185,1.29,0.487,,-2.4,24,3,8.0,1,50,15,20,11,11,4,0,44,6,2,-0.315,-1.1,32,5,9,4,5.62,6,9,39,0.281,0.385,0.438,0.822,133,99,0.316,0.94,1.078,,1.1,27,11,9.0,2,59,18,22,9,15,7,0,63,0,0,0.185,2.4
SEA/SEA201605100,"Tuesday, May 10, 2016",7:10 p.m. Local,Safeco Field,16013,2:46,Night,Home,Seattle Mariners,SEA,Tampa Bay Rays,TBR,33,4,6,4,4.0,3,12,36,0.182,0.25,0.485,0.735,124,101,-0.181,0.51,0.545,,-0.4,24,9,8.0,2,51,19,31,10,11,2,0,28,0,0,-0.319,-2.1,33,6,11,6,6.75,0,6,34,0.333,0.324,0.545,0.869,165,83,0.32,1.03,0.556,,2.1,27,9,9.0,3,49,14,20,8,20,8,0,53,2,0,0.18,0.4
SEA/SEA201605110,"Wednesday, May 11, 2016",12:40 p.m. Local,Safeco Field,23000,4:01,Day,Home,Seattle Mariners,SEA,Tampa Bay Rays,TBR,43,5,10,5,4.09,6,16,50,0.233,0.34,0.419,0.759,191,129,-0.12,1.16,1.43,,-0.4,30,10,10.0,2,60,30,39,11,16,10,0,42,4,0,-0.381,-1.1,36,6,8,6,5.4,7,11,44,0.222,0.341,0.417,0.758,202,110,0.381,1.84,1.126,,1.1,33,7,11.0,2,62,22,30,14,12,8,0,49,4,0,0.119,0.4
SEA/SEA201605130,"Friday, May 13, 2016",7:10 p.m. Local,Safeco Field,34579,3:41,Night,Away,Los Angeles Angels,LAA,Seattle Mariners,SEA,38,7,13,7,7.0,4,7,43,0.342,0.395,0.526,0.922,177,93,0.543,1.23,1.568,,2.6,27,8,9.0,2,50,17,27,14,18,8,0,49,0,0,-0.041,-1.6,36,6,10,6,6.0,7,9,45,0.278,0.4,0.639,1.039,148,102,0.042,1.73,0.932,,1.6,27,8,9.0,1,56,17,29,10,18,6,0,51,5,2,-0.542,-2.6
SEA/SEA201605140,"Saturday, May 14, 2016",6:10 p.m. Local,Safeco Field,42038,3:29,Night,Away,Los Angeles Angels,LAA,Seattle Mariners,SEA,37,9,13,9,9.0,4,4,43,0.351,0.429,0.73,1.158,159,103,1.157,1.02,1.856,,4.6,27,9,9.0,1,68,9,26,10,24,10,0,63,3,2,-0.656,-2.6,38,7,11,7,7.0,1,8,39,0.289,0.308,0.421,0.729,154,106,0.655,1.22,1.259,,2.6,27,9,9.0,4,60,14,32,19,11,8,0,40,2,1,-1.155,-4.6
SEA/SEA201605150,"Sunday, May 15, 2016",1:10 p.m. Local,Safeco Field,40852,2:55,Day,Away,Los Angeles Angels,LAA,Seattle Mariners,SEA,34,3,9,3,3.0,2,12,37,0.265,0.306,0.294,0.6,124,88,-0.068,1.03,0.65,,-1.4,27,15,9.0,0,53,15,20,11,12,10,0,82,0,0,0.568,4.4,27,0,2,0,0.0,1,7,30,0.074,0.167,0.074,0.241,133,84,-0.568,0.99,0.166,,-4.4,27,8,9.0,0,51,12,21,12,8,1,0,59,2,2,0.069,1.4
BAL/BAL201605170,"Tuesday, May 17, 2016",7:07 p.m. Local,Oriole Park at Camden Yards,14477,2:41,Night,Away,Seattle Mariners,SEA,Baltimore Orioles,BAL,38,10,12,10,10.0,5,6,43,0.316,0.395,0.526,0.922,134,103,0.265,0.47,0.53,,5.3,27,8,9.0,0,61,11,31,16,16,7,0,66,0,0,0.237,4.7,30,0,2,0,0.0,3,3,33,0.067,0.152,0.1,0.252,165,92,-0.239,0.47,0.078,,-4.7,27,7,9.0,2,58,10,24,9,18,8,0,29,2,2,-0.262,-5.3
BAL/BAL201605180,"Wednesday, May 18, 2016",7:07 p.m. Local,Oriole Park at Camden Yards,21167,2:59,Night,Home,Baltimore Orioles,BAL,Seattle Mariners,SEA,33,2,7,2,2.0,4,10,38,0.212,0.289,0.424,0.714,141,101,-0.316,0.87,0.644,,-2.7,24,9,8.0,2,58,22,21,13,11,5,0,44,0,0,-0.184,-0.9,31,5,8,4,4.5,3,4,36,0.258,0.333,0.516,0.849,161,82,0.184,1.44,0.686,,0.9,27,8,9.0,1,51,9,22,13,15,6,0,60,4,0,0.317,2.7
BAL/BAL201605190,"Thursday, May 19, 2016",12:38 p.m. Local,Oriole Park at Camden Yards,35012,3:01,Day,Away,Seattle Mariners,SEA,Baltimore Orioles,BAL,34,7,9,7,7.0,3,5,37,0.265,0.324,0.5,0.824,166,79,0.219,0.85,0.613,,2.3,27,7,9.0,0,50,9,20,10,19,4,0,60,1,0,0.28,2.7,32,2,6,2,2.0,2,10,34,0.188,0.235,0.25,0.485,135,100,-0.279,0.72,0.324,,-2.7,27,4,9.0,2,63,15,22,7,15,5,0,40,0,0,-0.221,-2.3
CIN/CIN201605200,"Friday, May 20, 2016",7:55 p.m. Local,Great American Ball Park,20435,3:10,Night,Away,Seattle Mariners,SEA,Cincinnati Reds,CIN,33,8,10,8,8.0,6,8,43,0.303,0.429,0.545,0.974,131,104,0.439,0.66,1.401,,3.5,27,5,9.0,1,61,15,28,14,13,8,0,51,0,0,0.062,1.5,33,3,8,3,3.0,3,9,37,0.242,0.306,0.364,0.669,169,90,-0.064,1.5,0.411,,-1.5,27,12,9.0,2,56,11,23,12,13,9,0,62,3,3,-0.438,-3.5
CIN/CIN201605210,"Saturday, May 21, 2016",4:12 p.m. Local,Great American Ball Park,38200,2:52,Day,Away,Seattle Mariners,SEA,Cincinnati Reds,CIN,33,4,6,4,3.0,6,4,40,0.182,0.308,0.364,0.671,134,95,0.144,0.79,0.528,,-0.5,27,11,9.0,0,57,14,24,16,14,6,0,66,0,0,0.357,4.5,30,0,4,0,0.0,3,7,33,0.133,0.212,0.133,0.345,167,86,-0.358,0.56,0.171,,-4.5,27,10,9.0,2,51,9,26,14,9,6,0,46,0,0,-0.142,0.5
CIN/CIN201605220,"Sunday, May 22, 2016",1:10 p.m. Local,Great American Ball Park,24123,2:59,Day,Away,Seattle Mariners,SEA,Cincinnati Reds,CIN,36,5,12,5,5.0,4,4,41,0.333,0.39,0.361,0.751,126,97,0.12,1.27,0.822,,0.5,27,6,9.0,1,61,11,25,22,11,4,0,45,0,0,0.381,0.5,32,4,8,4,4.0,1,9,36,0.25,0.286,0.406,0.692,161,87,-0.381,1.27,0.523,,-0.5,27,14,9.0,0,55,12,20,7,18,11,0,27,0,0,-0.118,-0.5
SEA/SEA201605230,"Monday, May 23, 2016",7:10 p.m. Local,Safeco Field,16370,2:40,Night,Away,Oakland Athletics,OAK,Seattle Mariners,SEA,36,5,7,5,1.0,3,8,40,0.194,0.275,0.306,0.581,118,98,0.019,1.03,0.574,,0.6,27,11,9.0,0,58,16,24,12,16,8,0,72,0,0,0.479,4.4,33,0,9,0,0.0,0,6,33,0.273,0.273,0.273,0.545,146,89,-0.48,0.78,0.283,,-4.4,27,7,9.0,1,52,9,28,14,13,6,0,63,6,3,-0.021,-0.6
SEA/SEA201605240,"Tuesday, May 24, 2016",7:10 p.m. Local,Safeco Field,17471,3:12,Night,Home,Seattle Mariners,SEA,Oakland Athletics,OAK,35,5,9,5,5.0,3,8,39,0.257,0.308,0.457,0.765,139,97,0.273,1.39,0.91,,0.6,26,12,8.2,2,57,13,27,14,14,5,0,42,3,0,-0.772,-1.7,34,6,11,6,6.23,3,6,37,0.324,0.378,0.588,0.967,151,84,0.775,1.1,1.721,,1.7,27,10,9.0,1,52,12,22,13,15,11,0,46,5,4,-0.273,-0.6
SEA/SEA201605250,"Wednesday, May 25, 2016",7:10 p.m. Local,Safeco Field,19227,2:47,Night,Home,Seattle Mariners,SEA,Oakland Athletics,OAK,34,3,10,3,3.0,0,6,34,0.294,0.294,0.441,0.735,152,85,-0.06,0.42,0.21,,-1.4,24,11,8.0,4,55,14,16,8,20,11,0,19,2,0,-0.438,-9.1,40,13,17,13,14.62,1,5,41,0.425,0.439,0.8,1.239,117,95,0.439,0.36,0.67,,9.1,27,10,9.0,1,59,13,23,19,16,10,0,53,0,0,0.062,1.4
SEA/SEA201605270,"Friday, May 27, 2016",7:10 p.m. Local,Safeco Field,40921,2:36,Night,Away,Minnesota Twins,MIN,Seattle Mariners,SEA,36,7,10,7,7.0,3,11,40,0.278,0.35,0.528,0.878,126,97,0.378,0.45,0.651,,2.6,27,8,9.0,1,50,13,34,10,15,5,0,69,0,0,0.122,2.4,32,2,5,2,2.0,0,11,32,0.156,0.156,0.344,0.5,151,82,-0.121,0.5,0.198,,-2.4,27,8,9.0,2,42,14,26,10,11,3,0,37,0,0,-0.379,-2.6
SEA/SEA201605280,"Saturday, May 28, 2016",7:10 p.m. Local,Safeco Field,28309,3:30,Night,Away,Minnesota Twins,MIN,Seattle Mariners,SEA,36,6,11,6,6.0,5,10,41,0.306,0.39,0.556,0.946,156,114,0.351,2.03,1.134,,1.6,27,10,9.0,2,64,15,35,12,14,4,0,30,5,0,0.149,-0.6,36,5,14,3,5.0,4,6,42,0.389,0.463,0.583,1.047,181,98,-0.148,1.23,1.706,,0.6,27,8,9.0,3,58,14,28,11,20,9,0,32,0,0,-0.351,-1.6
SEA/SEA201605290,"Sunday, May 29, 2016",1:10 p.m. Local,Safeco Field,33748,2:51,Day,Away,Minnesota Twins,MIN,Seattle Mariners,SEA,33,5,7,5,5.0,2,8,36,0.212,0.278,0.515,0.793,142,105,0.275,0.92,0.678,,0.6,27,14,9.0,2,67,11,27,11,14,4,0,64,0,0,0.226,0.4,32,4,7,3,4.0,1,9,35,0.219,0.286,0.438,0.723,155,94,-0.226,0.72,0.445,,-0.4,27,9,9.0,3,56,20,18,11,12,6,0,32,3,1,-0.274,-0.6
SEA/SEA201605300,"Monday, May 30, 2016",1:10 p.m. Local,Safeco Field,29764,2:56,Day,Home,Seattle Mariners,SEA,San Diego Padres,SDP,35,3,9,3,3.0,2,10,37,0.257,0.297,0.343,0.64,144,89,-0.192,0.92,0.479,,-1.4,24,10,8.0,2,48,17,24,13,12,7,0,49,1,0,-0.308,-5.1,33,9,10,9,9.0,3,6,37,0.303,0.361,0.576,0.937,131,90,0.309,0.86,0.932,,5.1,27,12,9.0,0,55,10,24,15,12,5,0,55,1,0,0.192,1.4
SEA/SEA201605310,"Tuesday, May 31, 2016",12:40 p.m. Local,Safeco Field,16815,3:09,Day,Home,Seattle Mariners,SEA,San Diego Padres,SDP,33,4,7,4,4.0,0,6,33,0.212,0.212,0.485,0.697,202,81,-0.116,0.32,0.002,,-0.4,24,11,8.0,5,49,12,20,12,15,3,0,-1,3,0,-0.385,-12.1,37,16,14,16,18.0,10,4,48,0.378,0.521,0.784,1.305,120,110,0.386,0.14,0.503,,12.1,27,11,9.0,3,67,10,33,14,19,7,0,56,0,0,0.115,0.4
SDN/SDN201606010,"Wednesday, June 1, 2016",7:11 p.m. Local,Petco Park,20557,3:20,Night,Home,San Diego Padres,SDP,Seattle Mariners,SEA,40,6,14,5,5.0,4,7,44,0.35,0.409,0.475,0.884,181,102,0.138,0.41,0.492,,1.8,24,7,8.0,4,64,11,27,13,20,11,0,25,1,1,-0.637,-10.2,43,14,19,13,10.12,1,13,46,0.442,0.435,0.791,1.225,171,125,0.638,0.53,0.774,,10.2,27,10,9.0,1,83,20,22,15,17,10,0,35,0,0,-0.137,-1.8
SDN/SDN201606020,"Thursday, June 2, 2016",6:10 p.m. Local,Petco Park,22588,3:50,Night,Away,Seattle Mariners,SEA,San Diego Padres,SDP,43,16,16,16,15.0,2,8,46,0.372,0.413,0.535,0.948,172,129,0.874,0.66,1.17,,11.8,27,13,9.0,0,76,17,36,15,20,12,0,4,2,2,-0.375,-8.8,47,13,20,11,12.0,3,10,51,0.426,0.471,0.511,0.981,194,111,0.377,0.71,0.829,,8.8,27,13,9.0,2,78,13,20,19,18,14,0,36,6,6,-0.874,-11.8
TEX/TEX201606030,"Friday, June 3, 2016",7:07 p.m. Local,Globe Life Park in Arlington,32395,2:52,Night,Home,Texas Rangers,TEX,Seattle Mariners,SEA,33,3,9,3,3.0,1,5,35,0.273,0.286,0.333,0.619,153,78,-0.17,0.48,0.34,,-1.9,24,11,8.0,2,52,11,15,16,13,6,0,23,0,0,-0.331,-2.7,34,7,13,7,7.88,5,4,39,0.382,0.462,0.647,1.109,121,89,0.33,0.78,0.592,,2.7,27,13,9.0,0,50,11,28,15,15,7,0,49,1,0,0.169,1.9
TEX/TEX201606040,"Saturday, June 4, 2016",8:07 p.m. Local,Globe Life Park in Arlington,34317,3:09,Night,Home,Texas Rangers,TEX,Seattle Mariners,SEA,37,4,11,4,4.0,2,2,40,0.297,0.325,0.459,0.784,166,95,-0.065,0.54,0.387,,-0.9,24,9,8.0,2,59,10,26,16,20,8,0,18,2,2,-0.434,-5.7,36,10,14,10,11.25,7,5,44,0.389,0.477,0.667,1.144,148,93,0.435,0.64,0.671,,5.6,27,11,9.0,1,61,11,21,12,20,9,0,42,0,0,0.066,0.9
TEX/TEX201606050,"Sunday, June 5, 2016",2:08 p.m. Local,Globe Life Park in Arlington,37616,2:30,Day,Home,Texas Rangers,TEX,Seattle Mariners,SEA,30,2,3,2,2.0,2,10,32,0.1,0.156,0.2,0.356,109,80,-0.499,1.02,0.408,,-2.9,24,5,8.0,0,52,14,14,11,9,5,0,67,1,0,0.0,1.3,29,3,5,3,1.12,1,7,31,0.172,0.194,0.172,0.366,118,75,0.001,1.24,0.506,,-1.4,27,10,9.0,1,44,12,19,9,14,4,0,67,1,0,0.501,2.9
SEA/SEA201606060,"Monday, June 6, 2016",7:10 p.m. Local,Safeco Field,15824,2:30,Night,Away,Cleveland Indians,CLE,Seattle Mariners,SEA,32,3,5,2,1.0,1,14,34,0.156,0.176,0.281,0.458,125,98,0.018,1.1,0.49,,-1.4,27,10,9.0,0,50,26,22,12,7,4,0,74,1,0,0.483,3.4,32,1,5,1,1.0,1,13,33,0.156,0.182,0.219,0.401,140,86,-0.483,0.79,0.281,,-3.4,27,11,9.0,1,42,16,28,10,9,4,0,63,0,0,-0.018,1.4
SEA/SEA201606070,"Tuesday, June 7, 2016",7:10 p.m. Local,Safeco Field,16944,2:38,Night,Home,Seattle Mariners,SEA,Cleveland Indians,CLE,31,1,6,1,1.0,2,5,33,0.194,0.242,0.323,0.565,154,82,-0.234,0.34,0.181,,-3.4,24,8,8.0,2,50,9,23,11,15,4,0,27,1,0,-0.268,-3.1,32,7,11,7,7.88,5,8,37,0.344,0.432,0.625,1.057,124,89,0.269,0.53,0.433,,3.1,27,10,9.0,1,53,15,21,8,16,11,0,70,0,0,0.232,3.4
SEA/SEA201606080,"Wednesday, June 8, 2016",7:10 p.m. Local,Safeco Field,15337,2:41,Night,Home,Seattle Mariners,SEA,Cleveland Indians,CLE,30,0,3,0,0.0,0,13,31,0.1,0.129,0.1,0.229,134,89,-0.385,0.5,0.177,,-4.4,24,10,8.0,2,50,22,17,5,12,5,0,53,1,1,-0.113,-1.1,30,5,7,5,5.62,2,7,34,0.233,0.324,0.5,0.824,130,82,0.113,0.85,0.426,,1.1,27,2,9.0,0,50,13,19,14,9,4,0,87,0,0,0.386,4.4
SEA/SEA201606090,"Thursday, June 9, 2016",7:10 p.m. Local,Safeco Field,19901,3:39,Night,Away,Cleveland Indians,CLE,Seattle Mariners,SEA,34,5,7,5,4.0,8,7,42,0.206,0.357,0.324,0.681,158,108,0.333,1.08,1.093,,0.6,27,14,9.0,3,69,15,24,11,16,5,0,51,3,0,0.167,1.4,38,3,13,3,3.0,1,8,39,0.342,0.359,0.632,0.991,181,106,-0.166,1.35,0.655,,-1.4,27,7,9.0,1,60,16,30,14,16,8,0,55,3,1,-0.334,-0.6
SEA/SEA201606100,"Friday, June 10, 2016",7:10 p.m. Local,Safeco Field,37055,2:54,Night,Home,Seattle Mariners,SEA,Texas Rangers,TEX,35,5,10,5,5.0,1,5,36,0.286,0.306,0.686,0.991,151,86,-0.141,0.57,0.654,,0.6,24,9,8.0,3,53,8,25,9,21,8,0,38,0,0,-0.361,-3.1,32,7,7,6,6.75,3,6,36,0.219,0.278,0.5,0.778,134,90,0.361,0.97,0.62,,3.1,27,10,9.0,4,54,14,22,12,15,5,0,53,1,0,0.14,-0.6
SEA/SEA201606110,"Saturday, June 11, 2016",7:11 p.m. Local,Safeco Field,36055,3:13,Night,Away,Texas Rangers,TEX,Seattle Mariners,SEA,39,2,10,2,1.64,5,11,45,0.256,0.341,0.41,0.751,123,107,-0.195,1.85,1.23,,-3.4,33,12,11.0,1,59,16,32,14,15,7,0,75,1,0,0.695,4.4,38,1,6,1,0.82,1,3,41,0.158,0.22,0.263,0.483,175,86,-0.695,1.67,0.72,,-4.4,33,14,11.0,2,55,5,26,17,18,6,0,66,2,0,0.194,3.4
SEA/SEA201606120,"Sunday, June 12, 2016",1:10 p.m. Local,Safeco Field,39251,3:05,Day,Away,Texas Rangers,TEX,Seattle Mariners,SEA,34,6,7,6,6.0,6,12,40,0.206,0.325,0.324,0.649,140,105,0.259,0.97,0.77,,1.6,27,12,9.0,1,57,20,28,9,13,5,0,68,3,2,0.24,0.4,34,4,9,4,4.0,3,6,39,0.265,0.359,0.382,0.741,171,86,-0.242,0.79,0.482,,-0.4,27,4,9.0,1,48,15,23,14,14,7,0,50,2,2,-0.259,-1.6
TBA/TBA201606140,"Tuesday, June 14, 2016",7:11 p.m. Local,Tropicana Field,11455,3:12,Night,Home,Tampa Bay Rays,TBR,Seattle Mariners,SEA,34,7,10,7,7.0,7,11,42,0.294,0.405,0.5,0.905,141,107,0.112,1.02,0.99,,2.7,24,7,8.0,3,58,24,26,13,11,7,0,43,1,1,-0.613,-4.1,34,8,10,7,7.88,4,11,38,0.294,0.368,0.618,0.986,170,89,0.612,1.19,1.181,,4.1,27,11,9.0,1,52,20,17,8,15,6,0,38,3,1,-0.112,-2.7
TBA/TBA201606150,"Wednesday, June 15, 2016",7:10 p.m. Local,Tropicana Field,12239,4:38,Night,Home,Tampa Bay Rays,TBR,Seattle Mariners,SEA,46,2,8,2,1.38,4,16,51,0.174,0.255,0.283,0.538,236,125,-0.916,2.13,0.695,,-4.3,37,7,12.1,0,68,23,34,13,17,8,0,57,2,1,0.416,1.7,45,3,8,3,2.19,11,19,58,0.178,0.345,0.333,0.678,209,141,-0.415,1.62,1.469,,-1.7,39,11,13.0,1,70,33,38,10,17,7,0,70,0,0,0.915,4.3
TBA/TBA201606160,"Thursday, June 16, 2016",1:10 p.m. Local,Tropicana Field,11331,3:30,Day,Away,Seattle Mariners,SEA,Tampa Bay Rays,TBR,37,6,13,5,2.0,5,11,43,0.351,0.429,0.486,0.915,175,110,0.291,1.8,0.966,,1.7,27,11,9.0,0,64,18,28,14,13,7,0,49,0,0,0.207,0.3,39,4,12,4,4.0,3,10,42,0.308,0.357,0.359,0.716,177,116,-0.207,0.96,1.008,,-0.3,27,11,9.0,1,76,15,25,15,14,5,0,32,3,2,-0.294,-1.7
BOS/BOS201606170,"Friday, June 17, 2016",7:10 p.m. Local,Fenway Park,35896,2:49,Night,Away,Seattle Mariners,SEA,Boston Red Sox,BOS,36,8,10,8,8.0,3,6,39,0.278,0.333,0.556,0.889,121,79,0.281,0.77,0.51,,3.2,27,11,9.0,1,45,9,25,11,19,6,0,46,2,0,0.22,0.8,35,4,11,4,4.0,1,4,38,0.314,0.316,0.486,0.802,130,86,-0.219,0.45,0.418,,-0.8,27,10,9.0,3,54,7,25,14,19,8,0,19,0,0,-0.28,-3.2
BOS/BOS201606180,"Saturday, June 18, 2016",4:06 p.m. Local,Fenway Park,37195,2:53,Day,Home,Boston Red Sox,BOS,Seattle Mariners,SEA,34,2,9,1,2.0,0,8,34,0.265,0.265,0.382,0.647,142,88,-0.219,0.83,0.424,,-2.8,24,12,8.0,2,57,11,20,14,12,4,0,33,0,0,-0.281,-1.7,34,6,12,4,5.62,1,5,35,0.353,0.371,0.588,0.96,130,90,0.281,0.86,0.778,,1.7,27,9,9.0,1,58,10,22,13,16,12,0,54,0,0,0.219,2.8
BOS/BOS201606190,"Sunday, June 19, 2016",1:35 p.m. Local,Fenway Park,37211,3:05,Day,Home,Boston Red Sox,BOS,Seattle Mariners,SEA,33,1,8,1,1.0,0,10,33,0.242,0.242,0.333,0.576,158,89,-0.591,1.29,0.327,,-3.8,24,10,8.0,1,52,13,24,11,12,5,0,57,1,0,0.092,2.3,32,2,11,2,2.25,4,5,37,0.344,0.432,0.531,0.964,123,96,-0.093,1.22,0.93,,-2.3,27,9,9.0,1,62,10,24,12,15,8,0,69,0,0,0.593,3.8
DET/DET201606200,"Monday, June 20, 2016",7:10 p.m. Local,Comerica Park,27670,4:29,Night,Home,Detroit Tigers,DET,Seattle Mariners,SEA,51,7,19,7,5.25,2,10,54,0.373,0.396,0.569,0.965,196,125,-0.09,1.69,1.847,,0.9,33,13,11.0,3,76,24,25,27,15,9,0,36,2,0,-0.41,-2.4,46,8,14,7,6.55,4,9,51,0.304,0.373,0.587,0.96,198,125,0.41,1.76,1.92,,2.4,36,19,12.0,2,77,22,26,16,21,10,0,21,0,0,0.091,-0.9
DET/DET201606210,"Tuesday, June 21, 2016",7:11 p.m. Local,Comerica Park,30150,2:47,Night,Home,Detroit Tigers,DET,Seattle Mariners,SEA,33,2,8,2,2.0,2,6,36,0.242,0.286,0.394,0.68,116,86,-0.278,1.54,0.668,,-2.6,24,10,8.0,0,52,13,21,9,19,5,0,43,2,0,-0.222,0.1,32,4,11,4,4.5,3,6,37,0.344,0.405,0.375,0.78,130,74,0.223,1.17,1.133,,-0.1,27,7,9.0,1,46,10,18,18,9,4,0,61,0,0,0.278,2.6
DET/DET201606220,"Wednesday, June 22, 2016",7:10 p.m. Local,Comerica Park,31497,2:39,Night,Home,Detroit Tigers,DET,Seattle Mariners,SEA,30,1,3,1,1.0,1,9,33,0.1,0.182,0.1,0.282,139,76,-0.279,0.42,0.244,,-3.6,24,9,8.0,3,45,13,18,12,9,6,0,24,2,0,-0.221,-0.9,35,5,12,5,5.62,3,9,38,0.343,0.395,0.629,1.023,121,84,0.221,0.84,0.483,,0.9,27,9,9.0,0,48,12,24,12,14,4,0,55,3,0,0.28,3.6
DET/DET201606230,"Thursday, June 23, 2016",1:10 p.m. Local,Comerica Park,35767,3:24,Day,Home,Detroit Tigers,DET,Seattle Mariners,SEA,37,4,8,4,3.6,2,8,39,0.216,0.256,0.595,0.851,188,90,-0.367,1.5,0.921,,-1.1,29,6,9.2,1,55,12,23,11,18,7,0,35,0,0,-0.133,-0.5,36,5,8,4,4.66,8,11,45,0.222,0.378,0.361,0.739,149,111,0.132,1.36,1.306,,0.5,30,10,10.0,4,67,20,24,9,16,7,0,48,1,0,0.366,1.1
SEA/SEA201606240,"Friday, June 24, 2016",7:10 p.m. Local,Safeco Field,35746,2:52,Night,Home,Seattle Mariners,SEA,St. Louis Cardinals,STL,30,3,4,2,2.0,4,5,36,0.133,0.257,0.2,0.457,133,93,0.13,1.42,0.813,,-1.4,24,9,8.0,1,62,7,24,12,14,6,0,66,0,0,-0.631,-0.1,30,4,6,4,4.5,4,5,34,0.2,0.294,0.333,0.627,146,81,0.631,1.43,1.28,,0.1,27,11,9.0,0,50,6,25,12,13,5,0,68,3,2,-0.131,1.4
SEA/SEA201606250,"Saturday, June 25, 2016",7:10 p.m. Local,Safeco Field,40431,2:53,Night,Home,Seattle Mariners,SEA,St. Louis Cardinals,STL,36,4,8,4,4.0,2,9,39,0.222,0.282,0.361,0.643,139,94,-0.371,0.8,0.622,,-0.4,24,9,8.0,0,57,16,21,11,16,10,0,23,1,0,-0.127,-1.1,34,5,10,5,4.5,4,5,38,0.294,0.368,0.294,0.663,149,85,0.126,1.32,0.511,,1.1,27,10,9.0,1,49,3,33,17,12,6,0,42,0,0,0.372,0.4
SEA/SEA201606260,"Sunday, June 26, 2016",1:10 p.m. Local,Safeco Field,35955,3:25,Day,Away,St. Louis Cardinals,STL,Seattle Mariners,SEA,45,11,17,11,11.0,3,12,48,0.378,0.417,0.978,1.394,173,115,0.798,1.14,1.365,,6.6,27,10,9.0,2,63,31,21,9,24,10,0,33,2,2,-0.298,-1.6,38,6,12,6,6.0,4,7,42,0.316,0.381,0.579,0.96,172,109,0.299,0.83,1.153,,1.6,27,4,9.0,6,68,16,25,14,17,10,0,36,2,0,-0.799,-6.6
SEA/SEA201606280,"Tuesday, June 28, 2016",7:10 p.m. Local,Safeco Field,24836,2:53,Night,Home,Seattle Mariners,SEA,Pittsburgh Pirates,PIT,32,2,7,2,2.0,1,6,33,0.219,0.242,0.313,0.555,154,90,-0.339,0.6,0.265,,-2.4,24,10,8.0,1,56,6,28,9,17,6,0,28,2,0,-0.16,-1.1,33,5,12,4,4.5,2,7,36,0.364,0.389,0.515,0.904,135,98,0.16,0.82,0.458,,1.1,27,7,9.0,0,67,9,22,15,12,8,0,57,2,0,0.34,2.4
SEA/SEA201606290,"Wednesday, June 29, 2016",7:10 p.m. Local,Safeco Field,25477,2:47,Night,Away,Pittsburgh Pirates,PIT,Seattle Mariners,SEA,41,8,11,8,8.0,3,10,45,0.268,0.333,0.415,0.748,123,107,0.314,0.38,0.541,,3.6,27,11,9.0,0,64,15,28,15,16,7,0,62,0,0,0.186,3.4,32,1,6,1,1.0,0,7,32,0.188,0.188,0.219,0.406,166,89,-0.187,0.37,0.09,,-3.4,27,11,9.0,1,58,9,22,14,11,8,0,29,0,0,-0.314,-3.6
SEA/SEA201606300,"Thursday, June 30, 2016",7:10 p.m. Local,Safeco Field,23715,3:06,Night,Home,Seattle Mariners,SEA,Baltimore Orioles,BAL,34,3,8,3,3.0,1,11,35,0.235,0.257,0.324,0.581,159,94,-0.363,0.66,0.295,,-1.4,24,6,8.0,1,50,21,23,7,16,9,0,36,3,0,-0.137,-1.1,32,5,9,5,4.5,4,7,38,0.281,0.378,0.438,0.816,143,99,0.139,0.93,0.499,,1.1,27,7,9.0,1,59,17,23,7,19,12,0,66,3,1,0.364,1.4
SEA/SEA201607010,"Friday, July 1, 2016",7:10 p.m. Local,Safeco Field,33006,2:35,Night,Home,Seattle Mariners,SEA,Baltimore Orioles,BAL,33,2,5,2,2.0,1,11,34,0.152,0.176,0.273,0.449,146,78,-0.323,0.95,0.423,,-2.4,24,4,8.0,3,42,18,18,10,12,6,0,51,0,0,-0.178,-1.1,34,5,10,5,5.62,2,10,36,0.294,0.333,0.618,0.951,118,100,0.178,1.09,0.765,,1.1,27,9,9.0,1,59,16,25,10,14,8,0,62,0,0,0.323,2.4
SEA/SEA201607020,"Saturday, July 2, 2016",7:10 p.m. Local,Safeco Field,29362,3:15,Night,Home,Seattle Mariners,SEA,Baltimore Orioles,BAL,38,6,12,6,5.0,2,4,40,0.316,0.35,0.447,0.797,182,94,-0.1,0.24,0.213,,1.6,24,9,8.0,5,55,11,29,19,15,6,0,9,0,0,-0.4,-8.1,39,12,16,12,13.5,7,5,46,0.41,0.5,0.897,1.397,151,109,0.401,0.42,0.501,,8.1,27,11,9.0,1,70,7,32,13,21,12,0,37,3,0,0.099,-1.6
SEA/SEA201607030,"Sunday, July 3, 2016",1:10 p.m. Local,Safeco Field,31405,2:53,Day,Home,Seattle Mariners,SEA,Baltimore Orioles,BAL,39,4,12,4,4.0,1,6,40,0.308,0.325,0.462,0.787,152,84,-0.057,0.65,0.682,,-0.4,24,7,8.0,1,53,10,21,13,20,5,0,27,2,0,-0.441,-5.1,35,9,10,8,10.12,3,8,38,0.286,0.342,0.514,0.856,127,99,0.442,1.01,0.756,,5.1,27,8,9.0,1,50,12,37,13,13,4,1,37,1,1,0.059,0.4
HOU/HOU201607040,"Monday, July 4, 2016",1:12 p.m. Local,Minute Maid Park,29844,2:26,Day,Home,Houston Astros,HOU,Seattle Mariners,SEA,30,1,5,1,1.0,1,12,31,0.167,0.194,0.267,0.46,115,76,-0.615,0.97,0.543,,-3.3,24,10,8.0,1,38,20,18,11,6,3,1,52,1,0,0.114,1.8,29,2,8,2,2.25,4,2,34,0.276,0.353,0.448,0.801,116,66,-0.114,1.48,0.481,,-1.8,27,10,9.0,0,42,8,16,16,12,8,0,72,0,0,0.614,3.3
HOU/HOU201607050,"Tuesday, July 5, 2016",7:11 p.m. Local,Minute Maid Park,21553,2:34,Night,Home,Houston Astros,HOU,Seattle Mariners,SEA,34,2,7,2,2.0,1,10,35,0.206,0.229,0.324,0.552,117,100,-0.161,0.61,0.415,,-2.3,24,9,8.0,3,50,23,27,14,10,5,0,36,0,0,-0.339,-1.2,31,5,7,5,5.62,2,7,33,0.226,0.273,0.516,0.789,148,73,0.34,0.9,0.686,,1.2,27,11,9.0,1,41,11,21,11,13,5,0,59,0,0,0.161,2.3
HOU/HOU201607060,"Wednesday, July 6, 2016",7:11 p.m. Local,Minute Maid Park,25709,3:32,Night,Home,Houston Astros,HOU,Seattle Mariners,SEA,36,8,10,8,8.0,6,12,42,0.278,0.381,0.694,1.075,176,106,0.113,0.9,1.271,,3.7,24,9,8.0,2,58,18,30,10,14,6,0,31,1,0,-0.612,-5.2,37,9,12,9,9.0,4,9,41,0.324,0.39,0.676,1.066,177,110,0.613,1.53,1.214,,5.2,27,9,9.0,4,63,27,20,14,14,6,0,36,1,0,-0.111,-3.7
KCA/KCA201607070,"Thursday, July 7, 2016",7:15 p.m. Local,Kauffman Stadium,31425,2:37,Night,Home,Kansas City Royals,KCR,Seattle Mariners,SEA,33,3,9,3,3.0,2,10,37,0.273,0.306,0.485,0.79,91,102,-0.085,1.9,0.445,,-1.7,25,14,8.1,0,68,13,22,13,12,4,0,61,0,0,-0.415,-0.0,30,4,9,4,4.32,1,3,32,0.3,0.344,0.367,0.71,153,62,0.415,0.78,1.467,,0.0,27,12,9.0,1,38,6,18,13,14,5,0,57,1,0,0.085,1.7
KCA/KCA201607080,"Friday, July 8, 2016",7:15 p.m. Local,Kauffman Stadium,33391,2:41,Night,Away,Seattle Mariners,SEA,Kansas City Royals,KCR,32,3,7,1,3.0,1,8,34,0.219,0.235,0.281,0.517,125,71,0.008,1.31,0.518,,-1.7,27,12,9.0,1,39,15,17,14,11,6,0,63,2,0,0.493,2.7,31,2,6,2,2.0,3,9,34,0.194,0.265,0.323,0.587,123,83,-0.494,0.84,0.416,,-2.7,27,10,9.0,0,50,14,19,12,10,5,0,57,0,0,-0.008,1.7
KCA/KCA201607090,"Saturday, July 9, 2016",3:15 p.m. Local,Kauffman Stadium,30659,2:53,Day,Home,Kansas City Royals,KCR,Seattle Mariners,SEA,33,3,8,3,3.0,3,4,36,0.242,0.306,0.394,0.699,125,103,-0.288,0.98,0.729,,-1.7,24,15,8.0,1,63,13,27,16,13,3,0,34,2,0,-0.214,-0.9,35,5,12,5,5.62,2,6,37,0.343,0.378,0.514,0.893,147,85,0.212,1.29,0.79,,0.9,27,14,9.0,1,53,14,18,19,10,5,0,50,0,0,0.287,1.7
KCA/KCA201607100,"Sunday, July 10, 2016",1:17 p.m. Local,Kauffman Stadium,27544,3:03,Day,Away,Seattle Mariners,SEA,Kansas City Royals,KCR,40,8,14,8,7.0,3,11,44,0.35,0.409,0.5,0.909,134,115,0.164,0.8,0.542,,3.3,27,13,9.0,2,67,20,28,13,16,10,0,62,3,2,0.334,-0.3,34,5,10,5,5.0,3,7,38,0.294,0.342,0.559,0.901,181,87,-0.336,0.58,0.327,,0.3,27,8,9.0,2,57,14,16,14,14,5,0,43,2,1,-0.166,-3.3
SEA/SEA201607150,"Friday, July 15, 2016",7:10 p.m. Local,Safeco Field,29217,2:54,Night,Away,Houston Astros,HOU,Seattle Mariners,SEA,35,7,11,5,7.0,1,6,36,0.314,0.333,0.571,0.905,162,85,0.23,0.8,0.727,,2.6,27,14,9.0,0,51,17,17,17,12,6,0,46,0,0,0.269,1.4,34,3,8,2,3.0,3,10,37,0.235,0.297,0.324,0.621,134,98,-0.268,0.76,0.299,,-1.4,27,16,9.0,2,53,20,25,12,12,10,0,25,1,0,-0.231,-2.6
SEA/SEA201607160,"Saturday, July 16, 2016",1:10 p.m. Local,Safeco Field,41386,2:46,Day,Home,Seattle Mariners,SEA,Houston Astros,HOU,31,0,4,0,0.0,1,12,32,0.129,0.156,0.226,0.382,127,86,-0.723,1.06,0.514,,-4.4,24,10,8.0,0,43,15,28,9,9,1,1,60,2,0,0.224,2.9,25,1,5,1,1.12,4,11,30,0.2,0.31,0.32,0.63,124,74,-0.225,1.67,0.445,,-2.9,27,9,9.0,0,41,13,22,9,6,3,0,80,0,0,0.724,4.4
SEA/SEA201607170,"Sunday, July 17, 2016",1:11 p.m. Local,Safeco Field,27322,2:55,Day,Away,Houston Astros,HOU,Seattle Mariners,SEA,38,8,11,7,7.0,4,11,44,0.289,0.386,0.553,0.939,142,90,0.22,0.84,0.65,,3.6,27,13,9.0,0,48,21,21,16,11,7,0,70,3,0,0.281,3.4,29,1,7,1,1.0,7,12,38,0.241,0.421,0.276,0.697,142,88,-0.281,0.58,0.416,,-3.4,27,13,9.0,2,47,12,29,10,7,3,0,44,0,0,-0.22,-3.6
SEA/SEA201607180,"Monday, July 18, 2016",7:11 p.m. Local,Safeco Field,20598,2:21,Night,Home,Seattle Mariners,SEA,Chicago White Sox,CHW,36,3,11,3,3.0,1,6,37,0.306,0.324,0.5,0.824,122,90,0.041,1.13,0.438,,-1.4,26,9,8.2,1,63,7,20,11,19,8,0,83,0,0,-0.541,0.3,28,4,4,4,4.15,4,7,34,0.143,0.294,0.25,0.544,130,71,0.54,0.58,1.265,,-0.3,27,9,9.0,2,37,14,20,9,12,5,0,52,0,0,-0.04,1.4
SEA/SEA201607190,"Tuesday, July 19, 2016",7:10 p.m. Local,Safeco Field,24851,3:00,Night,Away,Chicago White Sox,CHW,Seattle Mariners,SEA,33,6,10,6,6.0,5,10,38,0.303,0.395,0.606,1.001,150,101,0.104,1.31,0.657,,1.6,27,9,9.0,1,56,18,27,12,11,7,0,60,0,0,0.396,3.4,32,1,6,1,1.0,3,11,36,0.188,0.278,0.281,0.559,160,95,-0.397,0.79,0.482,,-3.4,27,15,9.0,3,49,16,30,11,10,4,0,50,3,2,-0.105,-1.6
SEA/SEA201607200,"Wednesday, July 20, 2016",12:42 p.m. Local,Safeco Field,39985,3:12,Day,Home,Seattle Mariners,SEA,Chicago White Sox,CHW,43,5,10,5,4.09,3,9,47,0.233,0.298,0.395,0.693,154,108,-0.229,1.44,0.626,,-0.4,31,10,10.1,4,63,17,28,17,17,7,0,55,1,1,-0.269,-0.9,37,6,9,6,5.23,5,9,43,0.243,0.349,0.622,0.97,158,94,0.269,1.0,1.598,,0.9,33,12,11.0,1,53,15,26,11,17,9,0,34,2,0,0.23,0.4
TOR/TOR201607220,"Friday, July 22, 2016",7:07 p.m. Local,Rogers Centre,46737,2:41,Night,Away,Seattle Mariners,SEA,Toronto Blue Jays,TOR,36,2,9,2,2.0,1,4,39,0.25,0.308,0.389,0.697,134,83,-0.235,1.62,0.635,,-2.7,27,11,9.0,1,53,12,18,13,19,9,0,75,0,0,0.735,3.7,30,1,4,1,1.0,2,14,32,0.133,0.188,0.267,0.454,134,84,-0.736,1.2,0.42,,-3.7,27,10,9.0,0,33,24,27,11,5,3,0,52,0,0,0.235,2.7
TOR/TOR201607230,"Saturday, July 23, 2016",1:08 p.m. Local,Rogers Centre,47517,3:18,Day,Away,Seattle Mariners,SEA,Toronto Blue Jays,TOR,42,14,19,12,14.0,3,6,47,0.452,0.511,0.714,1.225,137,121,0.401,0.49,0.72,,9.3,27,13,9.0,3,65,20,36,17,18,10,1,56,0,0,0.099,-0.3,34,5,8,5,5.0,3,5,38,0.235,0.289,0.529,0.819,185,86,-0.098,0.53,0.201,,0.3,27,13,9.0,3,52,7,27,15,15,4,0,22,3,1,-0.401,-9.3
TOR/TOR201607240,"Sunday, July 24, 2016",1:08 p.m. Local,Rogers Centre,47488,2:21,Day,Home,Toronto Blue Jays,TOR,Seattle Mariners,SEA,25,0,1,0,0.0,5,10,32,0.04,0.226,0.04,0.266,114,84,-0.594,0.67,0.274,,-4.7,24,9,8.0,1,45,14,25,7,9,3,0,58,0,0,0.094,2.1,27,2,4,1,2.25,2,6,29,0.148,0.207,0.296,0.503,148,71,-0.093,1.19,0.316,,-2.1,27,6,9.0,0,35,10,26,7,14,6,0,72,0,0,0.593,4.7
PIT/PIT201607260,"Tuesday, July 26, 2016",7:08 p.m. Local,PNC Park,30969,3:08,Night,Away,Seattle Mariners,SEA,Pittsburgh Pirates,PIT,36,7,11,7,7.0,4,9,41,0.306,0.375,0.583,0.958,157,84,0.433,1.25,0.971,,2.6,27,17,9.0,2,47,19,18,18,10,5,0,40,2,0,0.067,0.4,36,4,12,4,4.0,2,5,40,0.333,0.4,0.611,1.011,146,104,-0.067,0.82,1.001,,-0.4,27,13,9.0,2,69,12,23,17,14,7,0,15,2,1,-0.432,-2.6
PIT/PIT201607270,"Wednesday, July 27, 2016",7:06 p.m. Local,PNC Park,35483,2:41,Night,Home,Pittsburgh Pirates,PIT,Seattle Mariners,SEA,29,1,3,1,1.0,0,6,31,0.103,0.129,0.172,0.301,171,69,-0.3,0.67,0.164,,-3.4,24,11,8.0,1,45,11,13,13,11,3,0,48,3,3,-0.2,-6.1,37,10,14,10,11.25,3,9,41,0.378,0.439,0.649,1.088,93,106,0.2,0.75,0.599,,6.1,27,12,9.0,0,59,18,29,13,15,9,0,83,,,0.3,3.4
CHN/CHN201607290,"Friday, July 29, 2016",1:21 p.m. Local,Wrigley Field,40951,3:08,Day,Home,Chicago Cubs,CHC,Seattle Mariners,SEA,35,1,8,1,1.0,4,9,39,0.229,0.308,0.257,0.565,167,87,-0.209,0.4,0.154,,-3.5,24,10,8.0,2,50,15,22,10,16,9,0,24,1,1,-0.289,-8.0,35,12,14,11,13.5,6,5,43,0.4,0.476,0.657,1.133,146,102,0.289,0.46,0.514,,8.0,27,6,9.0,0,57,16,29,13,19,8,0,69,0,0,0.211,3.5
CHN/CHN201607300,"Saturday, July 30, 2016",1:20 p.m. Local,Wrigley Field,41401,2:37,Day,Away,Seattle Mariners,SEA,Chicago Cubs,CHC,32,4,5,2,3.0,4,5,37,0.156,0.25,0.219,0.469,130,85,0.175,1.35,0.985,,-0.5,27,8,9.0,0,50,11,24,19,9,4,0,79,0,0,0.325,3.5,29,1,3,1,1.0,2,14,32,0.103,0.161,0.103,0.265,136,89,-0.322,1.21,0.485,,-3.5,27,17,9.0,0,45,19,26,9,7,4,0,66,4,2,-0.176,0.5
CHN/CHN201607310,"Sunday, July 31, 2016",7:08 p.m. Local,Wrigley Field,40952,4:18,Night,Home,Chicago Cubs,CHC,Seattle Mariners,SEA,45,6,11,6,4.5,4,14,51,0.244,0.32,0.489,0.809,223,124,-0.133,1.59,0.592,,-0.0,34,9,11.1,0,70,29,42,17,16,9,0,58,1,0,-0.367,-1.5,44,7,9,6,5.56,6,16,53,0.205,0.327,0.295,0.622,196,146,0.367,0.69,1.538,,1.5,36,15,12.0,3,75,27,44,12,17,12,0,23,4,0,0.194,2.2
SEA/SEA201608010,"Monday, August 1, 2016",7:10 p.m. Local,Safeco Field,29601,2:42,Night,Away,Boston Red Sox,BOS,Seattle Mariners,SEA,31,2,5,2,2.0,0,6,31,0.161,0.161,0.387,0.548,152,83,0.011,1.79,0.696,,-2.4,27,10,9.0,0,48,6,29,10,15,6,0,67,2,0,0.487,3.4,31,1,4,1,1.0,4,12,36,0.129,0.25,0.194,0.444,117,91,-0.488,1.04,0.647,,-3.4,27,8,9.0,2,52,18,21,11,8,5,0,76,0,0,-0.012,2.4
SEA/SEA201608020,"Tuesday, August 2, 2016",7:10 p.m. Local,Safeco Field,25240,2:30,Night,Home,Seattle Mariners,SEA,Boston Red Sox,BOS,32,4,6,4,4.0,2,8,36,0.188,0.25,0.406,0.656,114,89,-0.07,1.08,0.477,,-0.4,24,11,8.0,2,45,11,33,10,15,6,0,52,4,2,-0.429,-1.1,32,5,8,5,5.62,0,6,32,0.25,0.25,0.469,0.719,136,81,0.43,0.79,0.995,,1.1,27,7,9.0,1,45,12,24,13,13,5,0,54,0,0,0.07,0.4
SEA/SEA201608030,"Wednesday, August 3, 2016",7:11 p.m. Local,Safeco Field,24494,2:16,Night,Home,Seattle Mariners,SEA,Boston Red Sox,BOS,34,1,7,1,1.0,0,8,35,0.206,0.229,0.206,0.434,112,87,-0.507,0.52,0.265,,-3.4,24,7,8.0,3,49,8,30,8,18,6,0,69,,,0.006,0.9,27,3,4,3,3.38,1,8,29,0.148,0.207,0.481,0.688,120,79,-0.007,1.06,0.323,,-0.9,27,6,9.0,0,49,7,23,7,12,6,0,75,1,0,0.506,3.4
SEA/SEA201608040,"Thursday, August 4, 2016",7:10 p.m. Local,Safeco Field,33369,3:47,Night,Away,Boston Red Sox,BOS,Seattle Mariners,SEA,41,3,13,3,2.45,4,6,46,0.317,0.378,0.439,0.817,189,115,-0.237,1.95,1.117,,-2.4,33,14,11.0,1,66,12,39,17,19,9,0,56,2,0,0.737,3.4,36,2,6,2,1.64,9,13,46,0.167,0.333,0.25,0.583,177,111,-0.735,1.59,0.882,,-3.4,33,14,11.0,1,55,27,29,16,8,4,0,52,1,0,0.237,2.4
SEA/SEA201608050,"Friday, August 5, 2016",7:10 p.m. Local,Safeco Field,40354,2:52,Night,Home,Seattle Mariners,SEA,Los Angeles Angels,LAA,29,4,3,4,4.0,3,9,32,0.103,0.188,0.345,0.532,152,70,-0.141,0.81,0.453,,-0.4,24,4,8.0,1,38,14,18,10,10,5,0,17,3,0,-0.359,-2.1,36,6,14,6,6.75,3,3,41,0.389,0.439,0.472,0.911,113,97,0.362,0.93,0.795,,2.1,27,11,9.0,2,58,13,26,8,26,11,0,63,0,0,0.14,0.4
SEA/SEA201608060,"Saturday, August 6, 2016",6:41 p.m. Local,Safeco Field,45618,3:01,Night,Home,Seattle Mariners,SEA,Los Angeles Angels,LAA,32,6,10,6,6.0,3,2,37,0.312,0.361,0.531,0.892,148,85,0.145,1.57,0.636,,1.6,24,6,8.0,3,58,6,21,14,18,7,0,35,6,3,-0.642,-4.1,33,8,10,8,9.0,6,6,40,0.303,0.4,0.636,1.036,135,87,0.644,0.81,1.479,,4.1,27,12,9.0,1,51,11,25,7,21,6,0,22,2,0,-0.142,-1.6
SEA/SEA201608070,"Sunday, August 7, 2016",1:10 p.m. Local,Safeco Field,44812,2:31,Day,Home,Seattle Mariners,SEA,Los Angeles Angels,LAA,33,1,5,1,0.0,2,6,35,0.152,0.2,0.182,0.382,110,86,-0.416,0.97,0.412,,-3.4,24,6,8.0,0,50,14,22,12,15,3,0,54,0,0,-0.084,0.9,29,3,7,3,3.38,0,4,33,0.241,0.303,0.241,0.544,125,76,0.084,1.13,0.611,,-0.9,27,7,9.0,0,47,12,17,8,18,8,0,76,1,0,0.415,3.4
SEA/SEA201608080,"Monday, August 8, 2016",7:10 p.m. Local,Safeco Field,20002,2:30,Night,Home,Seattle Mariners,SEA,Detroit Tigers,DET,31,0,5,0,0.0,1,8,32,0.161,0.188,0.161,0.349,122,85,-0.501,0.61,0.223,,-4.4,24,11,8.0,0,51,10,24,7,16,8,0,64,1,0,0.002,0.9,29,3,7,3,3.38,1,8,30,0.241,0.267,0.31,0.577,123,78,-0.002,1.06,0.363,,-0.9,27,6,9.0,0,54,12,12,11,10,7,0,74,0,0,0.502,4.4
SEA/SEA201608090,"Tuesday, August 9, 2016",7:10 p.m. Local,Safeco Field,19713,4:51,Night,Home,Seattle Mariners,SEA,Detroit Tigers,DET,58,5,16,5,3.0,4,13,62,0.276,0.323,0.448,0.771,267,145,-0.358,1.86,1.23,,-2.3,44,16,14.2,1,85,22,38,16,29,14,0,50,3,0,-0.143,1.0,56,6,16,6,3.07,4,17,61,0.286,0.328,0.411,0.739,213,162,0.144,1.34,2.168,,-1.0,45,13,15.0,3,94,32,39,17,23,12,0,30,0,0,0.358,2.3
SEA/SEA201608100,"Wednesday, August 10, 2016",7:10 p.m. Local,Safeco Field,28742,3:06,Night,Home,Seattle Mariners,SEA,Detroit Tigers,DET,29,1,4,1,1.0,4,10,33,0.138,0.242,0.138,0.38,144,100,-0.488,1.1,0.394,,-3.4,24,3,8.0,2,58,17,25,10,9,4,0,63,2,0,-0.011,0.9,33,3,10,3,3.38,3,6,36,0.303,0.361,0.515,0.876,146,93,0.01,1.3,0.766,,-0.9,27,9,9.0,0,58,14,21,6,21,8,0,71,0,0,0.49,3.4
OAK/OAK201608120,"Friday, August 12, 2016",7:07 p.m. Local,Oakland-Alameda County Coliseum,14073,2:19,Night,Home,Oakland Athletics,OAK,Seattle Mariners,SEA,27,3,4,3,3.0,3,8,32,0.148,0.25,0.333,0.583,123,84,-0.056,0.63,0.48,,-1.4,24,15,8.0,1,48,11,25,11,9,4,0,28,2,1,-0.443,-2.1,34,6,12,6,6.75,0,4,34,0.353,0.353,0.471,0.824,124,87,0.443,0.85,0.692,,2.1,27,12,9.0,1,53,12,22,16,14,6,0,55,0,0,0.057,1.4
OAK/OAK201608130,"Saturday, August 13, 2016",6:07 p.m. Local,Oakland-Alameda County Coliseum,35067,2:58,Night,Away,Seattle Mariners,SEA,Oakland Athletics,OAK,35,4,9,4,4.0,2,3,37,0.257,0.297,0.457,0.754,136,88,0.068,1.66,0.742,,-0.4,27,10,9.0,1,58,9,21,18,14,8,0,40,1,1,0.432,1.4,37,3,11,3,3.0,0,6,37,0.297,0.297,0.432,0.73,135,99,-0.432,0.97,0.776,,-1.4,27,14,9.0,2,56,18,25,13,18,7,0,43,1,0,-0.069,0.4
OAK/OAK201608140,"Sunday, August 14, 2016",1:07 p.m. Local,Oakland-Alameda County Coliseum,21203,2:51,Day,Away,Seattle Mariners,SEA,Oakland Athletics,OAK,38,8,12,8,8.0,3,5,42,0.316,0.381,0.474,0.855,134,82,0.341,0.69,0.671,,3.6,27,7,9.0,3,48,15,19,13,20,13,0,56,0,0,0.16,0.4,36,4,9,4,4.0,1,10,37,0.25,0.27,0.528,0.798,132,93,-0.16,0.61,0.372,,-0.4,27,12,9.0,1,57,17,19,8,18,9,0,32,1,1,-0.341,-3.6
ANA/ANA201608150,"Monday, August 15, 2016",7:07 p.m. Local,Angel Stadium of Anaheim,35840,3:01,Night,Away,Seattle Mariners,SEA,Los Angeles Angels,LAA,35,3,9,3,3.0,3,4,38,0.257,0.316,0.343,0.659,131,101,-0.059,1.42,0.631,,-1.3,27,12,9.0,1,61,13,27,12,19,5,0,62,2,0,0.559,2.3,31,2,4,2,2.0,4,10,36,0.129,0.25,0.323,0.573,160,81,-0.558,1.03,0.487,,-2.3,27,8,9.0,1,43,14,24,15,6,2,0,40,1,0,0.06,1.3
ANA/ANA201608160,"Tuesday, August 16, 2016",7:07 p.m. Local,Angel Stadium of Anaheim,37546,3:03,Night,Home,Los Angeles Angels,LAA,Seattle Mariners,SEA,35,6,10,5,5.0,4,4,41,0.286,0.366,0.343,0.709,135,99,0.329,1.18,1.095,,1.7,24,7,8.0,3,56,12,31,16,16,7,0,47,2,2,-0.832,-3.1,30,7,8,7,7.88,4,6,35,0.267,0.343,0.667,1.01,155,82,0.831,1.21,1.51,,3.1,27,10,9.0,0,52,7,23,7,18,7,0,34,2,0,-0.33,-1.7
ANA/ANA201608170,"Wednesday, August 17, 2016",7:08 p.m. Local,Angel Stadium of Anaheim,36950,3:37,Night,Away,Seattle Mariners,SEA,Los Angeles Angels,LAA,35,4,10,3,4.0,2,13,41,0.286,0.341,0.343,0.684,183,105,0.107,2.21,0.657,,-0.3,27,14,9.0,0,54,19,32,11,13,5,0,41,3,0,0.393,1.3,37,3,14,3,3.0,3,6,42,0.378,0.429,0.405,0.834,153,108,-0.394,0.98,1.182,,-1.3,27,7,9.0,0,64,18,26,16,16,9,0,35,1,0,-0.105,0.3
ANA/ANA201608180,"Thursday, August 18, 2016",7:09 p.m. Local,Angel Stadium of Anaheim,37721,2:58,Night,Home,Los Angeles Angels,LAA,Seattle Mariners,SEA,34,4,8,4,4.0,2,6,36,0.235,0.278,0.559,0.837,125,91,-0.362,0.73,0.685,,-0.3,24,14,8.0,1,57,18,16,17,11,3,0,56,2,1,-0.137,-2.1,33,6,10,5,5.62,2,3,35,0.303,0.343,0.455,0.797,135,80,0.137,1.34,0.561,,2.1,27,13,9.0,3,58,5,17,14,16,10,0,62,1,0,0.363,0.3
SEA/SEA201608190,"Friday, August 19, 2016",7:10 p.m. Local,Safeco Field,37758,3:21,Night,Home,Seattle Mariners,SEA,Milwaukee Brewers,MIL,36,6,11,6,6.0,4,9,40,0.306,0.375,0.556,0.931,152,93,-0.086,0.95,0.886,,1.6,24,10,8.0,3,49,17,27,9,18,9,0,32,3,1,-0.416,-3.1,37,7,11,7,6.75,6,5,43,0.297,0.395,0.568,0.963,166,94,0.415,1.29,0.997,,3.1,27,9,9.0,3,55,13,26,15,17,8,0,48,0,0,0.085,-1.6
SEA/SEA201608200,"Saturday, August 20, 2016",6:11 p.m. Local,Safeco Field,29170,2:53,Night,Home,Seattle Mariners,SEA,Milwaukee Brewers,MIL,33,2,7,2,2.0,1,10,35,0.212,0.257,0.303,0.56,141,83,-0.394,0.67,0.339,,-2.4,24,13,8.0,2,43,22,18,10,13,6,0,39,2,2,-0.107,-4.1,34,8,12,7,9.0,3,2,37,0.353,0.405,0.706,1.111,123,82,0.104,0.96,0.572,,4.1,27,9,9.0,0,51,6,25,14,18,11,0,67,0,0,0.393,2.4
SEA/SEA201608210,"Sunday, August 21, 2016",1:11 p.m. Local,Safeco Field,35833,3:13,Day,Away,Milwaukee Brewers,MIL,Seattle Mariners,SEA,36,7,10,7,7.0,2,10,38,0.278,0.316,0.611,0.927,154,105,0.582,1.16,1.128,,2.6,27,11,9.0,0,59,24,22,10,16,7,0,23,2,0,-0.081,-1.6,38,6,11,6,5.0,1,7,39,0.289,0.308,0.316,0.623,160,101,0.083,0.98,0.739,,1.6,27,8,9.0,3,62,14,25,18,13,5,0,53,2,1,-0.582,-2.6
SEA/SEA201608220,"Monday, August 22, 2016",7:10 p.m. Local,Safeco Field,24384,2:56,Night,Home,Seattle Mariners,SEA,New York Yankees,NYY,34,5,9,5,5.0,3,8,37,0.265,0.324,0.618,0.942,132,92,0.099,1.05,1.022,,0.6,24,10,8.0,3,52,13,27,13,13,5,0,38,5,2,-0.603,-3.1,31,7,10,7,7.88,3,9,34,0.323,0.382,0.645,1.028,146,86,0.602,1.28,1.272,,3.1,27,11,9.0,4,46,17,24,10,12,3,0,38,1,0,-0.102,-0.6
SEA/SEA201608230,"Tuesday, August 23, 2016",7:10 p.m. Local,Safeco Field,24628,2:45,Night,Away,New York Yankees,NYY,Seattle Mariners,SEA,37,5,9,5,3.0,3,10,41,0.243,0.293,0.432,0.725,123,105,0.172,0.87,0.575,,0.6,27,10,9.0,0,58,20,27,8,20,11,0,73,0,0,0.33,3.4,30,1,4,1,1.0,1,9,31,0.133,0.161,0.2,0.361,162,85,-0.331,0.65,0.25,,-3.4,27,4,9.0,1,46,16,23,14,7,4,0,45,2,0,-0.168,-0.6
SEA/SEA201608240,"Wednesday, August 24, 2016",12:40 p.m. Local,Safeco Field,41536,3:18,Day,Away,New York Yankees,NYY,Seattle Mariners,SEA,33,5,9,5,5.0,5,8,42,0.273,0.366,0.424,0.79,147,103,0.12,0.82,0.477,,0.6,27,10,9.0,0,60,16,27,12,16,6,0,69,2,0,0.379,4.4,33,0,8,0,0.0,2,9,35,0.242,0.286,0.273,0.558,161,93,-0.381,0.6,0.273,,-4.4,27,9,9.0,1,46,15,32,13,11,6,0,49,2,0,-0.121,-0.6
CHA/CHA201608250,"Thursday, August 25, 2016",7:10 p.m. Local,U.S. Cellular Field,19072,3:06,Night,Home,Chicago White Sox,CHW,Seattle Mariners,SEA,34,6,8,6,6.0,3,5,38,0.235,0.289,0.353,0.642,162,89,0.136,1.6,0.866,,1.6,25,7,8.1,0,53,10,26,17,13,5,0,45,2,2,-0.637,-3.5,34,7,11,7,4.32,4,7,40,0.324,0.385,0.353,0.738,146,96,0.637,1.27,1.46,,3.5,27,12,9.0,1,57,21,18,16,13,6,0,34,4,2,-0.138,-1.6
CHA/CHA201608260,"Friday, August 26, 2016",7:10 p.m. Local,U.S. Cellular Field,25651,2:22,Night,Away,Seattle Mariners,SEA,Chicago White Sox,CHW,31,3,5,2,3.0,0,14,32,0.161,0.188,0.29,0.478,121,88,0.024,1.54,0.38,,-1.4,27,16,9.0,1,41,21,26,9,8,3,0,61,3,0,0.475,3.4,31,1,8,1,1.0,2,8,33,0.258,0.303,0.355,0.658,120,81,-0.475,0.63,0.622,,-3.4,27,9,9.0,1,52,15,14,11,12,6,0,79,,,-0.024,1.4
CHA/CHA201608270,"Saturday, August 27, 2016",6:11 p.m. Local,U.S. Cellular Field,27318,2:51,Night,Home,Chicago White Sox,CHW,Seattle Mariners,SEA,30,3,7,3,2.0,3,8,35,0.233,0.286,0.3,0.586,155,79,-0.191,0.5,0.18,,-1.4,24,10,8.0,4,45,9,25,14,10,6,0,38,0,0,-0.308,-5.1,37,9,15,9,10.12,3,5,41,0.405,0.439,0.892,1.331,130,96,0.309,0.54,0.584,,5.1,27,11,9.0,0,67,9,20,13,20,6,0,70,4,0,0.192,1.4
CHA/CHA201608280,"Sunday, August 28, 2016",1:11 p.m. Local,U.S. Cellular Field,25538,2:30,Day,Home,Chicago White Sox,CHW,Seattle Mariners,SEA,33,1,7,1,1.0,1,9,34,0.212,0.235,0.364,0.599,115,95,-0.474,0.83,0.501,,-3.4,24,6,8.0,0,55,20,20,13,11,6,0,56,1,1,-0.025,-0.1,28,4,5,4,4.5,1,4,33,0.179,0.273,0.321,0.594,143,75,0.025,1.29,0.457,,0.1,27,12,9.0,1,47,15,13,7,18,9,0,63,4,0,0.475,3.4
TEX/TEX201608290,"Monday, August 29, 2016",7:09 p.m. Local,Globe Life Park in Arlington,22972,3:18,Night,Home,Texas Rangers,TEX,Seattle Mariners,SEA,34,3,7,3,3.0,3,13,37,0.206,0.27,0.265,0.535,148,103,-0.271,0.43,0.248,,-1.9,24,5,8.0,1,61,18,24,9,12,4,0,28,0,0,-0.229,-1.6,31,6,8,6,5.62,2,8,35,0.258,0.314,0.516,0.83,155,98,0.228,0.68,0.453,,1.7,27,5,9.0,0,61,13,24,7,17,9,0,57,4,2,0.271,1.9
TEX/TEX201608300,"Tuesday, August 30, 2016",7:08 p.m. Local,Globe Life Park in Arlington,26950,3:23,Night,Home,Texas Rangers,TEX,Seattle Mariners,SEA,37,7,11,6,7.0,5,6,43,0.297,0.372,0.324,0.696,157,99,0.435,1.45,1.281,,2.1,24,9,8.0,2,60,14,25,22,10,5,0,38,2,1,-0.935,-3.7,37,8,15,8,9.0,3,6,41,0.405,0.439,0.568,1.007,152,98,0.934,1.59,1.681,,3.6,27,15,9.0,0,68,9,21,13,19,10,0,25,2,1,-0.435,-2.1
TEX/TEX201608310,"Wednesday, August 31, 2016",1:08 p.m. Local,Globe Life Park in Arlington,21309,3:01,Day,Home,Texas Rangers,TEX,Seattle Mariners,SEA,34,1,8,1,1.0,3,6,37,0.235,0.297,0.324,0.621,165,90,-0.248,0.48,0.192,,-3.9,24,14,8.0,5,51,10,29,13,15,6,0,29,1,0,-0.251,-9.7,34,14,12,14,15.75,6,6,42,0.353,0.463,0.824,1.287,141,95,0.25,0.58,0.452,,9.7,27,10,9.0,1,53,19,23,17,12,5,0,59,0,0,0.248,3.9
SEA/SEA201609020,"Friday, September 2, 2016",7:10 p.m. Local,Safeco Field,16775,3:25,Night,Home,Seattle Mariners,SEA,Los Angeles Angels,LAA,35,8,10,7,5.0,4,6,39,0.286,0.359,0.486,0.845,185,106,0.208,0.64,0.414,,3.6,24,9,8.0,1,68,12,26,12,17,7,0,26,3,3,-0.709,-7.1,38,11,13,10,12.38,7,10,45,0.342,0.444,0.447,0.892,164,114,0.709,0.34,0.863,,7.1,27,10,9.0,2,67,13,34,11,17,10,0,48,5,2,-0.207,-3.6
SEA/SEA201609030,"Saturday, September 3, 2016",6:10 p.m. Local,Safeco Field,20357,2:54,Night,Away,Los Angeles Angels,LAA,Seattle Mariners,SEA,41,10,15,10,9.0,2,2,44,0.366,0.409,0.854,1.263,133,108,0.499,0.29,0.574,,5.6,27,11,9.0,2,76,7,25,14,25,9,0,50,0,0,0.002,1.4,35,3,9,3,3.0,2,10,37,0.257,0.297,0.457,0.754,164,86,-0.003,0.21,0.202,,-1.4,27,13,9.0,5,43,14,29,14,11,3,0,19,2,0,-0.496,-5.6
SEA/SEA201609040,"Sunday, September 4, 2016",1:10 p.m. Local,Safeco Field,24033,3:00,Day,Away,Los Angeles Angels,LAA,Seattle Mariners,SEA,32,4,10,4,4.0,2,7,35,0.312,0.353,0.5,0.853,146,75,0.064,1.25,0.526,,-0.4,27,13,9.0,2,52,13,10,14,12,8,0,54,1,0,0.436,2.4,33,2,8,2,2.0,2,5,35,0.242,0.286,0.455,0.74,115,102,-0.435,0.68,0.481,,-2.4,27,15,9.0,2,53,19,30,12,16,12,0,53,0,0,-0.064,0.4
SEA/SEA201609050,"Monday, September 5, 2016",1:10 p.m. Local,Safeco Field,23618,3:32,Day,Home,Seattle Mariners,SEA,Texas Rangers,TEX,33,6,7,6,6.0,4,8,38,0.212,0.316,0.394,0.71,209,91,0.024,0.47,0.386,,1.6,24,5,8.0,2,56,8,27,11,14,5,0,14,7,3,-0.522,-10.1,38,14,14,13,15.75,9,14,48,0.368,0.479,0.605,1.084,143,118,0.524,0.54,0.777,,10.1,27,9,9.0,2,68,21,29,9,16,9,0,32,1,0,-0.023,-1.6
SEA/SEA201609060,"Tuesday, September 6, 2016",7:10 p.m. Local,Safeco Field,14615,3:44,Night,Away,Texas Rangers,TEX,Seattle Mariners,SEA,44,10,15,10,8.0,6,10,52,0.341,0.442,0.636,1.079,152,130,0.642,1.43,1.236,,5.6,27,12,9.0,2,75,23,32,15,19,11,0,47,3,2,-0.14,-2.6,39,7,12,7,5.0,4,7,44,0.308,0.364,0.538,0.902,213,96,0.14,0.82,1.127,,2.6,27,8,9.0,2,52,18,26,14,18,11,1,33,5,1,-0.64,-5.6
SEA/SEA201609070,"Wednesday, September 7, 2016",7:11 p.m. Local,Safeco Field,15434,2:30,Night,Home,Seattle Mariners,SEA,Texas Rangers,TEX,32,3,7,3,0.0,4,6,36,0.219,0.306,0.313,0.618,148,89,-0.121,0.33,0.145,,-1.4,24,4,8.0,3,45,14,30,8,18,12,0,20,0,0,-0.378,-4.1,30,8,8,8,9.0,4,9,36,0.267,0.361,0.6,0.961,134,89,0.377,0.34,0.462,,4.1,27,10,9.0,1,44,17,28,4,18,12,0,61,1,0,0.123,1.4
SEA/SEA201609080,"Thursday, September 8, 2016",7:10 p.m. Local,Safeco Field,17493,3:22,Night,Home,Seattle Mariners,SEA,Texas Rangers,TEX,34,3,8,3,3.0,2,7,37,0.235,0.297,0.382,0.68,158,113,-0.164,1.11,0.65,,-1.4,24,12,8.0,2,71,14,28,13,14,7,0,29,2,0,-0.337,-2.1,32,6,11,6,6.75,5,9,37,0.344,0.432,0.563,0.995,163,97,0.337,1.2,0.998,,2.1,27,9,9.0,1,59,18,22,13,10,8,0,42,1,0,0.163,1.4
OAK/OAK201609090,"Friday, September 9, 2016",7:07 p.m. Local,Oakland-Alameda County Coliseum,19385,2:59,Night,Away,Seattle Mariners,SEA,Oakland Athletics,OAK,33,3,6,3,3.0,3,12,36,0.182,0.25,0.424,0.674,135,103,-0.052,1.43,0.532,,-1.4,27,12,9.0,0,52,20,31,8,13,7,0,56,1,0,0.549,2.4,33,2,7,2,2.0,1,8,34,0.212,0.235,0.242,0.478,158,89,-0.55,0.82,0.487,,-2.4,27,8,9.0,2,51,13,25,16,9,5,0,53,0,0,0.049,1.4
OAK/OAK201609100,"Saturday, September 10, 2016",1:07 p.m. Local,Oakland-Alameda County Coliseum,18438,3:03,Day,Away,Seattle Mariners,SEA,Oakland Athletics,OAK,40,14,17,13,14.0,5,6,46,0.425,0.478,0.6,1.078,138,112,0.339,0.42,0.497,,9.6,27,11,9.0,1,69,13,30,15,20,18,0,61,0,0,0.161,1.4,36,3,9,3,3.0,2,3,38,0.25,0.289,0.361,0.651,185,85,-0.161,0.36,0.161,,-1.4,27,13,9.0,1,52,12,21,13,20,11,0,9,4,3,-0.339,-9.6
OAK/OAK201609110,"Sunday, September 11, 2016",1:08 p.m. Local,Oakland-Alameda County Coliseum,13610,2:52,Day,Away,Seattle Mariners,SEA,Oakland Athletics,OAK,36,3,12,3,3.0,1,5,39,0.333,0.368,0.5,0.868,131,101,-0.021,1.6,0.985,,-1.4,27,11,9.0,0,70,10,21,14,18,11,0,55,0,0,0.522,2.4,29,2,7,2,2.0,3,6,34,0.241,0.303,0.31,0.613,159,80,-0.522,1.37,0.597,,-2.4,27,10,9.0,1,46,11,23,13,12,5,0,50,3,0,0.022,1.4
ANA/ANA201609120,"Monday, September 12, 2016",7:07 p.m. Local,Angel Stadium of Anaheim,29932,3:08,Night,Away,Seattle Mariners,SEA,Los Angeles Angels,LAA,39,8,11,6,7.0,2,4,42,0.282,0.333,0.513,0.846,140,103,0.141,0.85,0.516,,3.7,27,9,9.0,0,58,15,30,16,19,11,0,68,1,0,0.359,3.3,32,1,6,1,1.0,3,4,35,0.188,0.257,0.219,0.476,165,90,-0.358,0.57,0.252,,-3.3,27,12,9.0,2,61,8,21,12,16,7,0,46,2,2,-0.14,-3.7
ANA/ANA201609130,"Tuesday, September 13, 2016",7:07 p.m. Local,Angel Stadium of Anaheim,32139,2:37,Night,Away,Seattle Mariners,SEA,Los Angeles Angels,LAA,36,8,10,8,4.0,3,5,40,0.278,0.325,0.583,0.908,113,97,0.294,0.29,0.471,,3.7,27,13,9.0,0,52,10,35,14,18,11,0,92,,,0.208,4.3,30,0,3,0,0.0,0,11,30,0.1,0.1,0.1,0.2,154,82,-0.208,0.39,0.007,,-4.3,27,10,9.0,3,42,20,20,16,4,2,0,37,0,0,-0.292,-3.7
ANA/ANA201609140,"Wednesday, September 14, 2016",7:07 p.m. Local,Angel Stadium of Anaheim,33501,3:01,Night,Away,Seattle Mariners,SEA,Los Angeles Angels,LAA,33,2,6,2,2.0,0,7,34,0.182,0.206,0.364,0.57,120,86,-0.145,1.52,0.533,,-2.3,27,12,9.0,0,48,12,26,12,14,7,0,58,1,0,0.646,3.3,29,1,5,0,1.0,3,4,34,0.172,0.25,0.172,0.422,121,77,-0.646,1.01,0.414,,-3.3,27,11,9.0,2,47,6,24,16,11,3,0,67,0,0,0.147,2.3
SEA/SEA201609160,"Friday, September 16, 2016",7:10 p.m. Local,Safeco Field,30178,2:58,Night,Away,Houston Astros,HOU,Seattle Mariners,SEA,37,6,10,6,5.0,4,10,42,0.27,0.341,0.514,0.855,132,103,0.264,0.43,0.582,,1.6,27,8,9.0,0,59,22,22,8,20,11,0,77,0,0,0.236,4.4,29,0,3,0,0.0,3,7,32,0.103,0.188,0.103,0.291,164,79,-0.235,0.56,0.076,,-4.4,27,5,9.0,2,39,12,30,9,13,2,0,23,0,0,-0.265,-1.6
SEA/SEA201609170,"Saturday, September 17, 2016",6:10 p.m. Local,Safeco Field,32304,2:33,Night,Away,Houston Astros,HOU,Seattle Mariners,SEA,32,2,5,2,2.0,1,7,33,0.156,0.182,0.188,0.369,142,77,-0.123,1.44,0.513,,-2.4,27,11,9.0,0,45,11,21,9,16,8,0,69,0,0,0.625,3.4,33,1,7,1,1.0,1,10,34,0.212,0.235,0.273,0.508,118,98,-0.624,0.93,0.446,,-3.4,27,5,9.0,0,54,21,23,15,8,4,0,67,0,0,0.124,2.4
SEA/SEA201609180,"Sunday, September 18, 2016",1:10 p.m. Local,Safeco Field,25383,2:33,Day,Home,Seattle Mariners,SEA,Houston Astros,HOU,31,3,5,3,3.0,2,8,33,0.161,0.212,0.387,0.599,138,83,-0.151,0.46,0.246,,-1.4,24,7,8.0,2,45,17,21,8,15,4,0,18,2,0,-0.348,-3.1,34,7,12,7,7.88,3,6,38,0.353,0.421,0.618,1.039,127,79,0.35,0.5,0.567,,3.1,27,8,9.0,2,42,10,27,10,18,13,0,70,2,0,0.151,1.4
SEA/SEA201609190,"Monday, September 19, 2016",7:10 p.m. Local,Safeco Field,34809,3:03,Night,Away,Toronto Blue Jays,TOR,Seattle Mariners,SEA,33,3,8,3,3.0,5,12,39,0.242,0.342,0.364,0.706,143,100,0.05,1.1,0.511,,-1.4,27,1,9.0,1,43,18,39,12,10,7,0,80,4,0,0.45,2.4,30,2,3,2,2.0,5,10,35,0.1,0.229,0.2,0.429,160,85,-0.45,0.65,0.31,,-2.4,27,11,9.0,1,48,12,25,4,17,5,0,48,3,0,-0.05,1.4
SEA/SEA201609200,"Tuesday, September 20, 2016",7:10 p.m. Local,Safeco Field,33573,3:33,Night,Away,Toronto Blue Jays,TOR,Seattle Mariners,SEA,39,10,14,10,9.0,5,9,44,0.359,0.432,0.718,1.15,164,109,0.534,0.53,0.839,,5.6,27,7,9.0,0,66,9,34,7,23,10,0,54,0,0,-0.032,2.4,34,2,7,2,2.0,2,11,37,0.206,0.27,0.294,0.564,179,101,0.032,0.51,0.382,,-2.4,27,6,9.0,4,57,24,20,12,11,6,0,26,2,1,-0.534,-5.6
SEA/SEA201609210,"Wednesday, September 21, 2016",12:41 p.m. Local,Safeco Field,39595,4:23,Day,Home,Seattle Mariners,SEA,Toronto Blue Jays,TOR,38,1,6,1,0.75,6,10,45,0.158,0.273,0.289,0.562,208,125,-0.774,1.68,1.059,,-4.9,34,10,11.1,0,67,26,32,14,15,7,0,62,4,0,0.274,3.3,39,2,6,2,0.79,6,14,48,0.154,0.277,0.179,0.456,203,123,-0.274,1.76,0.98,,-3.3,36,18,12.0,1,68,22,33,15,12,3,0,74,3,0,0.774,4.9
MIN/MIN201609230,"Friday, September 23, 2016",7:46 p.m. Local,Target Field,22683,3:04,Night,Away,Seattle Mariners,SEA,Minnesota Twins,MIN,40,10,13,9,9.0,7,8,47,0.325,0.426,0.45,0.876,122,121,0.134,0.56,0.556,,5.4,27,11,9.0,0,73,18,30,12,20,11,0,72,0,0,0.365,3.6,31,1,5,1,1.0,1,11,32,0.161,0.188,0.226,0.413,209,85,-0.364,0.64,0.06,,-3.6,27,8,9.0,1,39,16,30,13,7,0,0,47,4,3,-0.135,-5.4
MIN/MIN201609240,"Saturday, September 24, 2016",6:11 p.m. Local,Target Field,24749,2:06,Night,Home,Minnesota Twins,MIN,Seattle Mariners,SEA,32,2,5,2,2.0,0,7,33,0.156,0.156,0.281,0.438,87,78,-0.515,0.68,0.652,,-2.6,24,6,8.0,2,41,8,29,16,10,6,0,43,0,0,0.014,1.1,27,3,3,3,3.38,1,6,28,0.111,0.143,0.333,0.476,110,62,-0.013,1.51,0.359,,-1.1,27,12,9.0,1,32,7,23,9,12,3,0,65,0,0,0.514,2.6
MIN/MIN201609250,"Sunday, September 25, 2016",1:12 p.m. Local,Target Field,22092,3:03,Day,Away,Seattle Mariners,SEA,Minnesota Twins,MIN,33,4,6,4,4.0,2,5,37,0.182,0.25,0.515,0.765,142,99,0.045,1.49,0.77,,-0.6,27,7,9.0,1,69,12,18,12,17,4,0,43,1,0,0.456,1.6,34,3,9,2,3.0,4,11,38,0.265,0.342,0.412,0.754,148,87,-0.456,0.99,0.703,,-1.6,27,9,9.0,3,40,15,32,10,13,5,0,43,2,0,-0.044,0.6
HOU/HOU201609260,"Monday, September 26, 2016",7:11 p.m. Local,Minute Maid Park,24107,3:52,Night,Away,Seattle Mariners,SEA,Houston Astros,HOU,44,4,12,3,2.45,6,16,51,0.273,0.36,0.455,0.815,178,119,0.115,2.27,1.187,,-1.3,33,15,11.0,0,59,33,27,16,13,4,0,63,0,0,0.386,2.3,40,3,10,3,2.45,2,10,42,0.25,0.286,0.275,0.561,189,118,-0.385,1.17,1.443,,-2.3,33,6,11.0,2,66,21,31,15,15,9,0,60,0,0,-0.115,1.3
HOU/HOU201609270,"Tuesday, September 27, 2016",7:11 p.m. Local,Minute Maid Park,23499,2:55,Night,Home,Houston Astros,HOU,Seattle Mariners,SEA,35,4,11,4,4.0,1,7,37,0.314,0.324,0.429,0.753,116,93,0.128,1.21,0.583,,-0.3,24,11,8.0,0,52,11,30,12,17,10,0,26,1,0,-0.626,-4.2,34,8,11,7,4.5,2,6,37,0.324,0.378,0.382,0.761,143,74,0.626,0.74,1.163,,4.2,27,11,9.0,0,44,16,14,14,14,9,0,40,3,0,-0.127,0.3
HOU/HOU201609280,"Wednesday, September 28, 2016",1:10 p.m. Local,Minute Maid Park,21187,3:12,Day,Away,Seattle Mariners,SEA,Houston Astros,HOU,40,12,15,12,12.0,7,10,48,0.375,0.479,0.55,1.029,140,108,0.446,0.57,0.598,,7.7,27,9,9.0,2,52,24,34,17,13,7,0,50,2,0,0.053,0.3,37,4,11,4,4.0,1,10,39,0.297,0.333,0.568,0.901,179,101,-0.053,0.32,0.346,,-0.3,27,13,9.0,2,62,14,25,8,19,14,0,25,3,3,-0.448,-7.7
SEA/SEA201609290,"Thursday, September 29, 2016",7:11 p.m. Local,Safeco Field,19796,2:54,Night,Home,Seattle Mariners,SEA,Oakland Athletics,OAK,35,2,9,2,2.0,0,11,35,0.257,0.257,0.429,0.686,152,88,-0.467,1.02,0.898,,-2.4,24,6,8.0,1,51,16,21,5,19,12,0,56,3,0,-0.033,0.9,35,3,12,3,3.38,2,7,37,0.343,0.378,0.429,0.807,127,94,0.034,1.75,0.673,,-0.9,27,5,9.0,1,59,14,21,12,17,7,0,62,3,0,0.466,2.4
SEA/SEA201609300,"Friday, September 30, 2016",7:10 p.m. Local,Safeco Field,24088,2:35,Night,Home,Seattle Mariners,SEA,Oakland Athletics,OAK,28,1,2,1,1.0,5,4,33,0.071,0.212,0.214,0.426,122,90,-0.248,0.4,0.167,,-3.4,24,11,8.0,4,59,10,21,6,18,7,0,22,1,0,-0.254,-1.1,31,5,7,5,5.62,1,6,32,0.226,0.25,0.645,0.895,144,80,0.254,0.61,0.47,,1.1,27,7,9.0,1,46,13,21,14,11,4,0,62,0,0,0.247,3.4
SEA/SEA201610010,"Saturday, October 1, 2016",6:10 p.m. Local,Safeco Field,29522,4:01,Night,Away,Oakland Athletics,OAK,Seattle Mariners,SEA,45,9,16,9,7.2,2,12,47,0.356,0.383,0.578,0.961,201,112,0.847,2.14,1.681,,4.1,30,10,10.0,2,64,22,26,13,20,11,0,43,0,0,-0.346,-3.1,44,8,13,8,6.3,5,12,50,0.295,0.38,0.5,0.88,162,126,0.347,1.23,1.945,,3.1,30,8,10.0,1,64,28,34,16,16,10,0,27,3,0,-0.845,-4.1
SEA/SEA201610020,"Sunday, October 2, 2016",12:10 p.m. Local,Safeco Field,24856,2:34,Day,Away,Oakland Athletics,OAK,Seattle Mariners,SEA,31,3,7,3,3.0,4,9,35,0.226,0.314,0.387,0.701,137,83,-0.078,1.64,0.474,,-1.4,27,9,9.0,0,46,19,18,7,15,8,0,58,0,0,0.578,2.4,32,2,6,2,2.0,1,10,33,0.188,0.212,0.25,0.462,132,95,-0.577,0.73,0.561,,-2.4,27,8,9.0,1,51,23,21,14,8,3,0,42,0,0,0.079,1.4
