,date,time,venue,attendance,duration,time_of_day,winner,winning_name,winning_abbr,losing_name,losing_abbr,away_at_bats,away_runs,away_hits,away_rbi,away_earned_runs,away_bases_on_balls,away_strikeouts,away_plate_appearances,away_batting_average,away_on_base_percentage,away_slugging_percentage,away_on_base_plus,away_pitches,away_strikes,away_win_probability_for_offensive_player,away_average_leverage_index,away_win_probability_added,away_win_probability_subtracted,away_base_out_runs_added,away_putouts,away_assists,away_innings_pitched,away_home_runs,away_strikes_by_contact,away_strikes_swinging,away_strikes_looking,away_grounded_balls,away_fly_balls,away_line_drives,away_unknown_bat_type,away_game_score,away_inherited_runners,away_inherited_score,away_win_probability_by_pitcher,away_base_out_runs_saved,home_at_bats,home_runs,home_hits,home_rbi,home_earned_runs,home_bases_on_balls,home_strikeouts,home_plate_appearances,home_batting_average,home_on_base_percentage,home_slugging_percentage,home_on_base_plus,home_pitches,home_strikes,home_win_probability_for_offensive_player,home_average_leverage_index,home_win_probability_added,home_win_probability_subtracted,home_base_out_runs_added,home_putouts,home_assists,home_innings_pitched,home_home_runs,home_strikes_by_contact,home_strikes_swinging,home_strikes_looking,home_grounded_balls,home_fly_balls,home_line_drives,home_unknown_bat_type,home_game_score,home_inherited_runners,home_inherited_score,home_win_probability_by_pitcher,home_base_out_runs_saved
TBA/TBA201604030,"Sunday, April 3, 2016",4:09 p.m. Local,Tropicana Field,31042,2:51,Day,Away,Toronto Blue Jays,TOR,Tampa Bay Rays,TBR,35,5,7,5,4.0,3,16,38,0.2,0.263,0.314,0.577,118,101,0.134,0.98,0.558,,0.7,27,15,9.0,1,43,24,34,8,11,9,0,62,1,1,0.366,1.3,35,3,7,3,3.0,1,7,36,0.2,0.222,0.314,0.537,158,88,-0.365,0.76,0.344,,-1.3,27,8,9.0,1,52,14,22,18,10,6,0,56,0,0,-0.135,-0.7
TBA/TBA201604040,"Monday, April 4, 2016",7:10 p.m. Local,Tropicana Field,15116,2:58,Night,Away,Toronto Blue Jays,TOR,Tampa Bay Rays,TBR,33,5,7,5,5.0,2,9,36,0.212,0.25,0.515,0.765,140,91,0.204,1.49,0.682,,0.7,27,8,9.0,1,49,13,29,6,19,8,0,44,1,1,0.295,1.3,35,3,8,2,3.0,4,9,39,0.229,0.308,0.343,0.651,140,91,-0.294,0.76,0.778,,-1.3,27,6,9.0,3,46,23,22,12,14,4,0,46,3,0,-0.204,-0.7
TBA/TBA201604050,"Tuesday, April 5, 2016",7:10 p.m. Local,Tropicana Field,12757,3:07,Night,Home,Tampa Bay Rays,TBR,Toronto Blue Jays,TOR,36,2,9,1,1.0,4,11,40,0.25,0.325,0.306,0.631,112,107,-0.316,1.31,0.938,,-2.3,24,8,8.0,2,56,20,31,11,14,3,0,71,1,0,-0.183,0.9,30,3,7,3,3.38,0,9,31,0.233,0.258,0.467,0.725,174,77,0.184,1.6,0.984,,-0.9,27,4,9.0,0,41,19,18,10,11,4,0,63,3,0,0.317,2.3
TBA/TBA201604060,"Wednesday, April 6, 2016",1:10 p.m. Local,Tropicana Field,14257,2:47,Day,Home,Tampa Bay Rays,TBR,Toronto Blue Jays,TOR,32,3,6,3,3.0,2,10,35,0.188,0.257,0.281,0.538,126,98,-0.097,1.73,0.518,,-1.3,24,3,8.0,2,52,15,31,13,9,3,0,53,3,2,-0.404,-1.1,33,5,10,5,5.62,1,7,35,0.303,0.343,0.515,0.858,153,77,0.404,0.89,1.357,,1.1,27,11,9.0,1,44,17,16,3,23,11,0,49,0,0,0.095,1.3
TOR/TOR201604080,"Friday, April 8, 2016",7:27 p.m. Local,Rogers Centre,48871,3:24,Night,Away,Boston Red Sox,BOS,Toronto Blue Jays,TOR,38,8,11,8,8.0,3,8,41,0.289,0.341,0.474,0.815,165,97,0.433,1.27,1.041,,3.3,27,10,9.0,1,52,15,30,14,16,9,0,18,0,0,0.067,-2.3,34,7,9,7,7.0,5,10,42,0.265,0.366,0.412,0.778,158,99,-0.067,1.1,0.792,,2.3,27,12,9.0,1,55,20,24,14,12,6,0,37,5,5,-0.433,-3.3
TOR/TOR201604090,"Saturday, April 9, 2016",1:09 p.m. Local,Rogers Centre,47138,2:48,Day,Away,Boston Red Sox,BOS,Toronto Blue Jays,TOR,38,8,11,7,7.0,4,13,43,0.289,0.349,0.474,0.823,143,104,0.558,0.71,1.041,,3.3,27,9,9.0,2,55,20,29,10,16,9,0,48,0,0,-0.059,0.7,35,4,7,4,4.0,1,10,36,0.2,0.222,0.4,0.622,165,97,0.06,0.88,0.529,,-0.7,27,8,9.0,0,47,14,36,11,14,8,0,32,0,0,-0.56,-3.3
TOR/TOR201604100,"Sunday, April 10, 2016",1:07 p.m. Local,Rogers Centre,46158,2:27,Day,Home,Toronto Blue Jays,TOR,Boston Red Sox,BOS,32,0,7,0,0.0,2,11,34,0.219,0.265,0.281,0.546,138,83,-0.52,0.7,0.311,,-4.7,24,15,8.0,1,41,18,24,7,14,5,0,58,1,0,0.02,1.1,28,3,7,2,2.25,4,5,32,0.25,0.344,0.393,0.737,122,89,-0.021,1.13,0.334,,-1.1,27,7,9.0,0,48,17,24,14,9,4,0,73,0,0,0.521,4.7
TOR/TOR201604120,"Tuesday, April 12, 2016",7:08 p.m. Local,Rogers Centre,28819,3:03,Night,Away,New York Yankees,NYY,Toronto Blue Jays,TOR,33,3,7,3,2.0,4,9,38,0.212,0.297,0.333,0.631,155,84,-0.052,1.38,0.711,,-1.7,27,10,9.0,0,41,11,32,14,11,7,0,55,1,0,0.551,2.7,29,2,3,2,2.0,6,11,36,0.103,0.278,0.138,0.416,151,90,-0.551,1.25,0.476,,-2.7,27,12,9.0,1,44,17,29,9,9,4,0,62,2,0,0.05,1.7
TOR/TOR201604130,"Wednesday, April 13, 2016",7:08 p.m. Local,Rogers Centre,27938,2:43,Night,Home,Toronto Blue Jays,TOR,New York Yankees,NYY,33,2,8,2,2.0,3,6,36,0.242,0.306,0.364,0.669,144,87,-0.301,0.67,0.548,,-2.7,24,12,8.0,0,54,12,21,14,13,6,0,55,0,0,-0.2,-2.9,32,7,10,6,6.75,3,8,37,0.312,0.378,0.5,0.878,142,91,0.201,1.18,0.599,,2.9,27,11,9.0,1,47,23,21,13,12,8,0,55,0,0,0.3,2.7
TOR/TOR201604140,"Thursday, April 14, 2016",7:07 p.m. Local,Rogers Centre,36238,2:22,Night,Home,Toronto Blue Jays,TOR,New York Yankees,NYY,30,2,3,1,2.0,2,3,33,0.1,0.182,0.1,0.282,121,76,-0.314,0.91,0.309,,-2.7,24,6,8.0,2,44,7,25,20,7,4,0,50,1,0,-0.185,0.1,32,4,8,4,4.5,3,10,35,0.25,0.314,0.563,0.877,118,82,0.186,1.08,0.789,,-0.1,27,19,9.0,0,45,12,25,10,12,5,0,69,0,0,0.314,2.7
BOS/BOS201604150,"Friday, April 15, 2016",7:10 p.m. Local,Fenway Park,31415,3:02,Night,Home,Boston Red Sox,BOS,Toronto Blue Jays,TOR,29,3,3,3,3.0,2,12,33,0.103,0.212,0.31,0.522,166,89,-0.323,0.56,0.321,,-1.8,24,14,8.0,0,46,11,32,7,10,1,0,39,4,1,-0.179,-0.7,32,5,9,5,3.38,6,7,38,0.281,0.395,0.375,0.77,146,101,0.181,0.9,0.53,,0.7,27,8,9.0,2,51,18,32,12,13,5,0,64,0,0,0.32,1.8
BOS/BOS201604160,"Saturday, April 16, 2016",4:05 p.m. Local,Fenway Park,36267,2:43,Day,Home,Boston Red Sox,BOS,Toronto Blue Jays,TOR,32,2,7,2,2.0,0,12,32,0.219,0.219,0.344,0.563,118,93,-0.386,0.82,0.374,,-2.8,24,10,8.0,1,45,21,27,8,12,4,0,42,0,0,-0.113,0.3,31,4,9,4,4.5,2,3,33,0.29,0.333,0.419,0.753,135,78,0.113,1.07,0.572,,-0.3,27,6,9.0,0,45,7,26,14,14,4,0,66,0,0,0.386,2.8
BOS/BOS201604170,"Sunday, April 17, 2016",1:37 p.m. Local,Fenway Park,37217,3:09,Day,Away,Toronto Blue Jays,TOR,Boston Red Sox,BOS,40,5,14,5,5.0,1,12,43,0.35,0.395,0.475,0.87,136,110,0.097,0.98,0.622,,0.2,27,9,9.0,1,62,20,28,9,19,8,0,72,0,0,0.404,1.8,31,3,4,3,3.0,4,10,35,0.129,0.229,0.226,0.454,176,90,-0.404,0.7,0.323,,-1.8,27,4,9.0,1,45,11,34,11,10,3,0,58,1,1,-0.096,-0.2
BOS/BOS201604180,"Monday, April 18, 2016",11:07 a.m. Local,Fenway Park,37168,3:12,Day,Away,Toronto Blue Jays,TOR,Boston Red Sox,BOS,30,4,8,4,4.0,7,5,38,0.267,0.421,0.267,0.688,130,93,0.16,0.98,1.122,,-0.8,27,8,9.0,0,56,13,24,14,11,5,0,68,1,0,0.339,1.8,32,3,7,3,3.0,1,6,33,0.219,0.242,0.344,0.586,166,84,-0.339,1.59,0.384,,-1.8,27,14,9.0,0,52,9,23,10,16,7,0,62,4,3,-0.162,0.8
BAL/BAL201604190,"Tuesday, April 19, 2016",7:09 p.m. Local,Oriole Park at Camden Yards,16783,2:50,Night,Away,Toronto Blue Jays,TOR,Baltimore Orioles,BAL,33,4,8,4,4.0,6,5,39,0.242,0.359,0.333,0.692,132,88,0.013,1.63,0.624,,-0.7,27,11,9.0,2,50,11,27,9,19,11,0,55,2,0,0.487,1.7,33,3,7,3,3.0,2,4,35,0.212,0.257,0.424,0.681,163,84,-0.488,0.93,0.625,,-1.7,27,9,9.0,0,52,6,26,13,16,6,0,49,0,0,-0.013,0.7
BAL/BAL201604200,"Wednesday, April 20, 2016",7:09 p.m. Local,Oriole Park at Camden Yards,15404,3:22,Night,Home,Baltimore Orioles,BAL,Toronto Blue Jays,TOR,36,3,9,3,2.7,7,9,43,0.25,0.372,0.389,0.761,169,117,-0.445,1.55,1.004,,-2.2,29,15,9.2,0,68,18,31,11,16,10,0,52,0,0,-0.053,0.7,34,4,9,2,2.79,4,7,38,0.265,0.342,0.382,0.724,196,98,0.056,1.64,0.925,,-0.7,30,11,10.0,1,54,15,30,14,13,7,0,51,1,0,0.447,2.2
BAL/BAL201604210,"Thursday, April 21, 2016",7:08 p.m. Local,Oriole Park at Camden Yards,17644,3:09,Night,Home,Baltimore Orioles,BAL,Toronto Blue Jays,TOR,30,2,4,2,2.0,4,9,35,0.133,0.257,0.233,0.49,159,92,-0.442,1.75,0.439,,-2.7,24,7,8.0,0,49,21,22,12,9,2,0,56,3,1,-0.057,1.1,32,3,10,3,2.25,6,12,40,0.312,0.425,0.375,0.8,148,97,0.057,1.23,1.142,,-1.1,27,11,9.0,0,57,15,25,9,12,8,0,57,0,0,0.442,2.7
TOR/TOR201604220,"Friday, April 22, 2016",7:07 p.m. Local,Rogers Centre,34251,3:21,Night,Away,Oakland Athletics,OAK,Toronto Blue Jays,TOR,40,8,14,6,7.0,2,5,44,0.35,0.409,0.475,0.884,148,98,0.388,1.11,0.823,,3.3,27,16,9.0,1,60,14,24,20,15,7,0,57,2,2,0.112,-0.3,32,5,8,5,5.0,5,7,38,0.25,0.342,0.406,0.748,159,89,-0.112,0.68,0.622,,0.3,27,14,9.0,1,54,13,22,17,9,4,0,21,2,0,-0.388,-3.3
TOR/TOR201604230,"Saturday, April 23, 2016",1:07 p.m. Local,Rogers Centre,46334,2:38,Day,Home,Toronto Blue Jays,TOR,Oakland Athletics,OAK,31,3,7,3,3.0,1,3,33,0.226,0.273,0.323,0.595,149,80,-0.12,0.62,0.336,,-1.7,24,7,8.0,3,53,6,21,17,11,6,0,28,0,0,-0.38,-4.9,35,9,13,9,9.0,2,9,39,0.371,0.41,0.686,1.096,120,92,0.378,0.6,0.608,,4.9,27,14,9.0,1,48,15,29,13,14,4,0,51,0,0,0.12,1.7
TOR/TOR201604240,"Sunday, April 24, 2016",1:07 p.m. Local,Rogers Centre,46300,2:44,Day,Home,Toronto Blue Jays,TOR,Oakland Athletics,OAK,30,3,5,3,3.0,3,8,33,0.167,0.242,0.467,0.709,142,79,-0.192,0.67,0.265,,-1.7,24,8,8.0,2,43,9,29,10,12,3,0,21,1,0,-0.31,-1.9,34,6,11,6,6.75,5,6,39,0.324,0.41,0.588,0.998,130,81,0.311,0.62,0.696,,1.9,27,10,9.0,3,45,12,24,8,20,9,0,55,0,0,0.191,1.7
TOR/TOR201604250,"Monday, April 25, 2016",7:08 p.m. Local,Rogers Centre,24333,3:24,Night,Away,Chicago White Sox,CHW,Toronto Blue Jays,TOR,36,7,11,7,7.0,5,9,42,0.306,0.381,0.417,0.798,159,102,0.429,0.96,1.071,,2.3,27,6,9.0,1,58,20,24,14,14,7,0,30,1,0,0.072,-0.3,39,5,14,5,5.0,3,9,42,0.359,0.405,0.538,0.943,167,105,-0.071,1.2,0.687,,0.3,27,11,9.0,0,53,21,31,12,18,9,0,48,9,6,-0.428,-2.3
TOR/TOR201604260,"Tuesday, April 26, 2016",7:08 p.m. Local,Rogers Centre,23726,2:35,Night,Away,Chicago White Sox,CHW,Toronto Blue Jays,TOR,39,10,15,10,10.0,3,5,44,0.385,0.409,0.692,1.101,113,102,0.183,0.55,0.543,,5.3,27,5,9.0,1,61,10,31,15,21,9,0,74,0,0,0.316,3.7,30,1,4,1,1.0,2,9,32,0.133,0.188,0.267,0.454,166,70,-0.316,0.52,0.094,,-3.7,27,12,9.0,3,34,11,27,5,16,3,0,34,2,1,-0.183,-5.3
TOR/TOR201604270,"Wednesday, April 27, 2016",7:07 p.m. Local,Rogers Centre,28759,2:52,Night,Away,Chicago White Sox,CHW,Toronto Blue Jays,TOR,33,4,7,4,4.0,6,5,39,0.212,0.333,0.364,0.697,136,104,0.034,1.04,0.77,,-0.7,27,5,9.0,0,67,12,25,11,17,5,0,71,0,0,0.466,4.7,31,0,4,0,0.0,3,13,34,0.129,0.206,0.161,0.367,170,86,-0.466,1.05,0.271,,-4.7,27,7,9.0,0,35,13,38,7,11,5,0,57,1,1,-0.034,0.7
TBA/TBA201604290,"Friday, April 29, 2016",7:10 p.m. Local,Tropicana Field,13679,2:43,Night,Away,Toronto Blue Jays,TOR,Tampa Bay Rays,TBR,33,6,7,6,6.0,4,8,37,0.212,0.297,0.576,0.873,140,92,0.042,1.02,0.443,,1.7,27,16,9.0,1,52,15,25,7,18,2,0,69,0,0,0.459,3.3,35,1,9,1,1.0,2,9,37,0.257,0.297,0.4,0.697,152,98,-0.458,0.57,0.303,,-3.3,27,7,9.0,4,50,16,32,16,10,4,0,67,1,1,-0.042,-1.7
TBA/TBA201604300,"Saturday, April 30, 2016",6:10 p.m. Local,Tropicana Field,14948,2:52,Night,Home,Tampa Bay Rays,TBR,Toronto Blue Jays,TOR,30,3,3,3,3.0,6,7,36,0.1,0.25,0.333,0.583,138,83,-0.161,1.42,0.652,,-1.3,24,9,8.0,2,49,13,21,8,15,5,0,54,1,0,-0.34,-1.5,32,4,9,4,4.5,3,8,36,0.281,0.361,0.563,0.924,153,83,0.339,1.14,1.224,,1.5,27,6,9.0,2,46,15,22,10,14,10,0,62,3,0,0.16,1.3
TBA/TBA201605010,"Sunday, May 1, 2016",1:10 p.m. Local,Tropicana Field,27217,2:34,Day,Away,Toronto Blue Jays,TOR,Tampa Bay Rays,TBR,29,5,5,5,5.0,4,8,33,0.172,0.273,0.414,0.687,118,87,0.115,1.05,0.865,,0.7,27,7,9.0,1,55,14,18,6,15,4,0,79,0,0,0.384,3.3,31,1,4,1,1.0,2,11,33,0.129,0.182,0.226,0.408,143,76,-0.384,1.32,0.349,,-3.3,27,9,9.0,2,38,16,22,9,11,3,0,73,3,2,-0.115,-0.7
TOR/TOR201605020,"Monday, May 2, 2016",7:07 p.m. Local,Rogers Centre,25323,2:44,Night,Away,Texas Rangers,TEX,Toronto Blue Jays,TOR,32,2,7,2,2.0,3,6,36,0.219,0.306,0.438,0.743,154,85,-0.181,1.91,0.734,,-2.7,27,10,9.0,0,47,15,23,11,15,7,0,69,0,0,0.681,3.7,32,1,7,1,1.0,4,10,36,0.219,0.306,0.25,0.556,126,91,-0.682,1.21,0.821,,-3.7,27,13,9.0,2,48,18,25,11,11,7,0,57,4,0,0.182,2.7
TOR/TOR201605030,"Tuesday, May 3, 2016",7:07 p.m. Local,Rogers Centre,24437,3:25,Night,Home,Toronto Blue Jays,TOR,Texas Rangers,TEX,36,1,6,1,0.9,2,7,38,0.167,0.211,0.306,0.516,189,96,-0.498,2.08,0.354,,-4.2,28,9,9.1,2,56,16,24,16,13,3,0,60,2,0,-0.002,1.9,35,3,9,3,2.89,6,11,42,0.257,0.381,0.457,0.838,144,103,0.001,0.96,1.566,,-1.9,30,12,10.0,1,59,12,32,11,13,5,0,66,2,0,0.498,4.2
TOR/TOR201605040,"Wednesday, May 4, 2016",7:07 p.m. Local,Rogers Centre,25229,2:32,Night,Home,Toronto Blue Jays,TOR,Texas Rangers,TEX,34,3,8,3,3.0,3,8,37,0.235,0.297,0.265,0.562,135,90,-0.297,1.39,0.538,,-1.7,25,6,8.1,1,54,18,18,17,9,6,0,61,0,0,-0.203,-0.9,32,4,7,4,4.32,3,8,35,0.219,0.286,0.344,0.629,130,87,0.204,1.29,0.962,,0.9,27,15,9.0,0,44,15,28,10,14,1,0,54,0,0,0.297,1.7
TOR/TOR201605050,"Thursday, May 5, 2016",7:07 p.m. Local,Rogers Centre,35468,2:33,Night,Home,Toronto Blue Jays,TOR,Texas Rangers,TEX,35,2,9,2,2.0,1,7,36,0.257,0.278,0.286,0.563,142,81,-0.028,0.41,0.154,,-2.7,24,13,8.0,1,52,12,17,15,13,8,0,-11,0,0,-0.473,-7.9,36,12,15,12,13.5,6,0,42,0.417,0.5,0.611,1.111,120,83,0.473,0.27,0.579,,7.9,27,13,9.0,0,58,4,21,18,18,10,0,65,0,0,0.027,2.7
TOR/TOR201605060,"Friday, May 6, 2016",7:08 p.m. Local,Rogers Centre,42304,2:53,Night,Home,Toronto Blue Jays,TOR,Los Angeles Dodgers,LAD,35,2,10,2,2.0,3,8,38,0.286,0.342,0.343,0.685,157,84,-0.278,1.29,0.633,,-2.7,24,5,8.0,2,45,15,24,16,11,7,0,63,3,0,-0.222,-0.9,28,5,5,5,5.62,6,7,35,0.179,0.343,0.429,0.771,134,88,0.223,1.16,0.886,,0.9,27,14,9.0,0,43,16,29,4,17,6,0,59,0,0,0.279,2.7
TOR/TOR201605070,"Saturday, May 7, 2016",1:09 p.m. Local,Rogers Centre,47156,2:28,Day,Away,Los Angeles Dodgers,LAD,Toronto Blue Jays,TOR,33,6,7,5,3.0,2,5,36,0.212,0.25,0.394,0.644,142,82,0.204,0.94,0.574,,1.3,27,9,9.0,0,54,10,18,16,13,6,0,63,0,0,0.297,2.7,33,2,9,2,2.0,0,12,33,0.273,0.273,0.333,0.606,118,96,-0.297,0.68,0.427,,-2.7,27,12,9.0,2,48,24,24,7,14,9,0,55,0,0,-0.203,-1.3
TOR/TOR201605080,"Sunday, May 8, 2016",1:08 p.m. Local,Rogers Centre,46665,3:10,Day,Away,Los Angeles Dodgers,LAD,Toronto Blue Jays,TOR,35,4,8,4,4.0,4,12,41,0.229,0.317,0.371,0.689,141,103,0.236,1.25,1.186,,-0.7,27,8,9.0,0,52,21,30,16,8,2,0,72,1,0,0.264,2.7,33,2,5,1,1.0,1,9,34,0.152,0.176,0.212,0.389,167,89,-0.264,1.59,0.541,,-2.7,27,9,9.0,1,44,16,29,11,13,4,0,73,6,3,-0.238,0.7
SFN/SFN201605090,"Monday, May 9, 2016",7:17 p.m. Local,AT&T Park,41256,2:52,Night,Away,Toronto Blue Jays,TOR,San Francisco Giants,SFG,34,3,7,3,3.0,6,10,40,0.206,0.325,0.294,0.619,133,106,0.027,1.24,0.489,,-1.3,27,13,9.0,0,61,20,25,11,13,6,0,67,0,0,0.473,3.3,31,1,4,1,1.0,5,7,36,0.129,0.25,0.194,0.444,171,75,-0.472,0.75,0.404,,-3.3,27,9,9.0,1,43,9,23,12,12,5,0,46,0,0,-0.027,1.3
SFN/SFN201605100,"Tuesday, May 10, 2016",7:15 p.m. Local,AT&T Park,41464,2:29,Night,Away,Toronto Blue Jays,TOR,San Francisco Giants,SFG,34,4,9,4,4.0,0,9,35,0.265,0.257,0.471,0.728,122,84,-0.063,1.42,0.385,,-0.3,27,14,9.0,0,40,11,33,8,18,9,0,74,2,0,0.562,4.3,30,0,6,0,0.0,4,6,34,0.2,0.294,0.2,0.494,129,82,-0.562,0.66,0.512,,-4.3,27,8,9.0,1,52,10,20,15,9,3,0,69,0,0,0.062,0.3
SFN/SFN201605110,"Wednesday, May 11, 2016",12:45 p.m. Local,AT&T Park,41372,4:28,Day,Home,San Francisco Giants,SFG,Toronto Blue Jays,TOR,47,4,11,4,2.77,7,8,57,0.234,0.351,0.319,0.67,206,138,-0.522,1.74,1.237,,-2.2,37,19,12.1,0,80,16,42,15,26,13,0,47,0,0,0.023,-0.4,48,5,12,4,2.19,7,9,58,0.25,0.368,0.292,0.66,224,126,-0.023,1.79,1.565,,0.4,39,13,13.0,1,75,16,35,26,14,7,0,65,3,1,0.521,2.2
TEX/TEX201605130,"Friday, May 13, 2016",7:07 p.m. Local,Globe Life Park in Arlington,40344,2:38,Night,Away,Toronto Blue Jays,TOR,Texas Rangers,TEX,35,5,9,4,4.0,4,4,40,0.257,0.333,0.486,0.819,120,104,0.008,0.8,0.596,,0.1,27,11,9.0,0,66,16,22,16,16,5,0,81,0,0,0.493,4.9,29,0,3,0,0.0,1,6,30,0.103,0.133,0.103,0.237,172,81,-0.492,0.93,0.097,,-4.9,27,12,9.0,2,46,13,22,12,11,2,0,57,1,1,-0.008,-0.1
TEX/TEX201605140,"Saturday, May 14, 2016",7:09 p.m. Local,Globe Life Park in Arlington,47115,3:01,Night,Home,Texas Rangers,TEX,Toronto Blue Jays,TOR,39,5,10,5,4.5,1,9,40,0.256,0.275,0.564,0.839,152,99,-0.107,0.74,0.853,,-0.4,29,8,9.2,2,50,13,36,13,17,8,0,45,1,0,-0.393,-0.7,38,6,9,5,4.66,4,7,42,0.237,0.31,0.447,0.757,154,101,0.396,1.1,0.954,,0.7,30,11,10.0,3,57,20,24,15,16,4,0,67,3,0,0.106,0.4
TEX/TEX201605150,"Sunday, May 15, 2016",2:08 p.m. Local,Globe Life Park in Arlington,41327,3:29,Day,Home,Texas Rangers,TEX,Toronto Blue Jays,TOR,37,6,12,6,2.0,4,6,44,0.324,0.409,0.432,0.842,121,99,0.062,1.12,1.262,,1.1,24,14,8.0,2,62,11,26,17,15,9,0,38,4,2,-0.562,-2.7,29,7,9,6,7.88,5,6,36,0.31,0.429,0.621,1.049,173,80,0.563,1.69,1.268,,2.7,27,13,9.0,0,45,9,26,12,12,7,0,47,9,3,-0.062,-1.1
TOR/TOR201605160,"Monday, May 16, 2016",7:07 p.m. Local,Rogers Centre,26516,2:54,Night,Away,Tampa Bay Rays,TBR,Toronto Blue Jays,TOR,41,13,17,13,13.0,3,8,45,0.415,0.444,0.805,1.249,140,109,0.408,0.26,0.504,,8.3,27,10,9.0,0,60,16,33,17,17,6,0,57,0,0,0.093,2.7,33,2,8,2,2.0,4,7,37,0.242,0.324,0.303,0.627,170,85,-0.094,0.21,0.077,,-2.7,27,8,9.0,4,46,9,30,8,18,11,0,11,2,2,-0.407,-8.3
TOR/TOR201605170,"Tuesday, May 17, 2016",7:07 p.m. Local,Rogers Centre,27321,2:43,Night,Away,Tampa Bay Rays,TBR,Toronto Blue Jays,TOR,45,12,17,11,9.0,3,4,48,0.378,0.417,0.6,1.017,135,97,0.441,0.66,0.703,,7.3,27,8,9.0,1,61,11,25,20,21,10,0,59,0,0,0.06,2.7,30,2,5,2,2.0,4,10,34,0.167,0.265,0.3,0.565,157,81,-0.06,0.49,0.379,,-2.7,27,11,9.0,1,42,12,27,9,11,4,0,15,2,0,-0.44,-7.3
TOR/TOR201605180,"Wednesday, May 18, 2016",7:08 p.m. Local,Rogers Centre,29078,2:48,Night,Away,Tampa Bay Rays,TBR,Toronto Blue Jays,TOR,37,6,10,4,5.0,1,7,38,0.27,0.289,0.568,0.857,139,95,0.282,0.99,0.802,,1.3,27,10,9.0,3,52,24,19,14,16,9,0,53,1,0,0.218,1.7,31,3,4,3,3.0,4,8,35,0.129,0.229,0.452,0.68,147,82,-0.218,0.77,0.482,,-1.7,27,10,9.0,3,49,12,21,11,12,4,0,43,0,0,-0.281,-1.3
MIN/MIN201605190,"Thursday, May 19, 2016",7:11 p.m. Local,Target Field,25435,3:07,Night,Away,Toronto Blue Jays,TOR,Minnesota Twins,MIN,41,3,9,3,2.45,3,9,44,0.22,0.273,0.341,0.614,138,110,-0.244,1.31,1.168,,-2.6,33,10,11.0,0,58,21,31,14,18,10,0,78,0,0,0.746,3.6,35,2,4,2,0.82,1,12,37,0.114,0.135,0.114,0.249,184,90,-0.747,1.68,0.362,,-3.6,33,13,11.0,1,44,23,23,10,14,6,0,69,1,1,0.246,2.6
MIN/MIN201605200,"Friday, May 20, 2016",7:11 p.m. Local,Target Field,29396,2:48,Night,Away,Toronto Blue Jays,TOR,Minnesota Twins,MIN,40,9,14,9,9.0,1,5,42,0.35,0.381,0.7,1.081,125,104,0.292,0.65,0.754,,4.4,27,9,9.0,1,64,10,30,17,18,5,0,60,0,0,0.209,1.6,36,3,10,3,3.0,0,8,36,0.278,0.278,0.5,0.778,169,84,-0.209,0.65,0.311,,-1.6,27,12,9.0,4,42,12,30,13,15,8,0,28,2,2,-0.292,-4.4
MIN/MIN201605210,"Saturday, May 21, 2016",1:10 p.m. Local,Target Field,30460,2:19,Day,Home,Minnesota Twins,MIN,Toronto Blue Jays,TOR,31,3,6,3,3.0,4,7,35,0.194,0.286,0.419,0.705,109,83,-0.142,1.28,0.366,,-1.6,24,6,8.0,1,49,7,27,12,12,3,0,62,1,1,-0.36,-0.9,27,5,4,5,5.62,3,6,31,0.148,0.258,0.333,0.591,133,70,0.357,0.69,1.034,,0.9,27,10,9.0,2,37,13,20,8,13,3,0,60,2,0,0.141,1.6
MIN/MIN201605220,"Sunday, May 22, 2016",1:13 p.m. Local,Target Field,33421,2:29,Day,Away,Toronto Blue Jays,TOR,Minnesota Twins,MIN,36,3,9,3,3.0,1,5,37,0.25,0.27,0.5,0.77,109,98,-0.035,1.2,0.461,,-1.6,27,13,9.0,0,64,13,21,7,24,9,0,70,1,0,0.534,3.6,29,1,3,1,1.0,2,5,32,0.103,0.188,0.138,0.325,146,69,-0.535,0.66,0.357,,-3.6,27,6,9.0,2,38,10,21,14,10,6,0,43,1,0,0.034,1.6
NYA/NYA201605240,"Tuesday, May 24, 2016",7:08 p.m. Local,Yankee Stadium III,35174,2:40,Night,Home,New York Yankees,NYY,Toronto Blue Jays,TOR,28,0,2,0,0.0,4,7,34,0.071,0.212,0.071,0.284,131,86,-0.451,0.6,0.267,,-4.7,24,7,8.0,1,46,13,27,12,10,4,0,53,5,3,-0.049,-1.8,31,6,8,6,6.75,4,8,36,0.258,0.333,0.452,0.785,140,83,0.049,1.01,0.404,,1.8,27,12,9.0,0,45,11,27,13,11,6,0,70,1,0,0.452,4.7
NYA/NYA201605250,"Wednesday, May 25, 2016",7:08 p.m. Local,Yankee Stadium III,38959,2:59,Night,Away,Toronto Blue Jays,TOR,New York Yankees,NYY,38,8,11,8,8.0,4,8,43,0.289,0.372,0.579,0.951,131,106,0.238,0.96,0.743,,3.3,27,7,9.0,3,58,20,28,11,19,8,0,55,1,0,0.261,0.7,33,4,6,4,4.0,4,5,37,0.182,0.27,0.455,0.725,169,77,-0.261,0.7,0.371,,-0.7,27,7,9.0,3,44,10,23,8,20,7,0,50,1,1,-0.239,-3.3
NYA/NYA201605260,"Thursday, May 26, 2016",4:07 p.m. Local,Yankee Stadium III,38391,2:34,Day,Away,Toronto Blue Jays,TOR,New York Yankees,NYY,34,3,6,3,1.0,1,11,36,0.176,0.222,0.206,0.428,123,83,-0.133,1.43,0.465,,-1.7,27,10,9.0,1,49,17,17,8,15,7,0,69,0,0,0.634,3.7,30,1,4,1,1.0,3,8,33,0.133,0.212,0.233,0.445,124,81,-0.634,0.94,0.384,,-3.7,27,5,9.0,0,48,11,22,13,9,3,0,75,0,0,0.135,1.7
TOR/TOR201605270,"Friday, May 27, 2016",7:07 p.m. Local,Rogers Centre,46470,2:53,Night,Home,Toronto Blue Jays,TOR,Boston Red Sox,BOS,33,5,7,5,4.0,2,6,35,0.212,0.257,0.242,0.5,145,87,0.063,0.98,0.856,,0.3,24,4,8.0,3,50,14,23,17,10,6,0,31,1,0,-0.562,-2.9,34,7,11,7,7.88,4,13,41,0.324,0.415,0.647,1.062,136,85,0.562,1.38,1.019,,2.9,27,12,9.0,0,47,16,22,8,14,5,0,54,1,0,-0.062,-0.3
TOR/TOR201605280,"Saturday, May 28, 2016",1:08 p.m. Local,Rogers Centre,48154,3:37,Day,Home,Toronto Blue Jays,TOR,Boston Red Sox,BOS,41,9,15,9,8.0,1,10,42,0.366,0.381,0.732,1.113,175,95,0.777,1.63,1.46,,4.3,26,13,8.2,1,55,16,24,11,20,12,0,48,4,3,-1.277,-5.6,39,10,13,7,9.35,2,8,43,0.333,0.395,0.59,0.985,143,119,1.275,0.95,2.241,,5.6,27,9,9.0,3,67,20,32,18,13,8,0,22,2,0,-0.776,-4.3
TOR/TOR201605290,"Sunday, May 29, 2016",1:18 p.m. Local,Rogers Centre,47916,4:07,Day,Away,Boston Red Sox,BOS,Toronto Blue Jays,TOR,40,5,9,5,4.09,8,5,49,0.225,0.367,0.3,0.667,183,130,0.109,1.62,1.435,,-0.7,33,7,11.0,2,89,12,29,17,18,8,0,55,3,0,0.392,2.7,42,3,10,3,2.45,4,8,47,0.238,0.304,0.381,0.685,210,121,-0.391,1.89,1.012,,-2.7,33,15,11.0,0,77,19,25,12,23,8,0,47,8,3,-0.108,0.7
TOR/TOR201605300,"Monday, May 30, 2016",7:07 p.m. Local,Rogers Centre,32921,2:26,Night,Home,Toronto Blue Jays,TOR,New York Yankees,NYY,30,2,5,2,2.0,3,8,34,0.167,0.265,0.333,0.598,120,82,-0.355,0.5,0.273,,-2.7,24,11,8.0,1,48,11,23,10,12,3,0,43,1,0,-0.143,0.1,30,4,8,4,4.5,1,6,32,0.267,0.29,0.5,0.79,132,76,0.143,0.81,0.369,,-0.1,27,9,9.0,1,46,13,17,13,12,7,0,79,0,0,0.357,2.7
TOR/TOR201605310,"Tuesday, May 31, 2016",7:08 p.m. Local,Rogers Centre,33419,2:37,Night,Home,Toronto Blue Jays,TOR,New York Yankees,NYY,33,1,6,1,1.0,2,7,35,0.182,0.229,0.242,0.471,118,87,-0.404,1.19,0.325,,-3.7,24,12,8.0,1,46,18,23,11,15,5,0,57,1,1,-0.096,0.1,27,4,7,4,4.5,2,6,29,0.259,0.31,0.407,0.718,148,72,0.096,1.04,0.779,,-0.1,27,7,9.0,0,41,12,19,10,11,1,0,61,0,0,0.404,3.7
TOR/TOR201606010,"Wednesday, June 1, 2016",7:07 p.m. Local,Rogers Centre,39512,2:57,Night,Home,Toronto Blue Jays,TOR,New York Yankees,NYY,34,0,7,0,0.0,2,8,36,0.206,0.25,0.235,0.485,157,80,-0.442,0.82,0.313,,-4.7,24,12,8.0,0,41,11,28,13,13,10,0,53,2,2,-0.059,-2.9,34,7,12,6,6.75,3,3,37,0.353,0.405,0.412,0.817,131,98,0.06,1.12,0.524,,2.9,27,11,9.0,0,69,10,19,13,18,15,0,64,2,0,0.441,4.7
BOS/BOS201606030,"Friday, June 3, 2016",7:10 p.m. Local,Fenway Park,37129,3:10,Night,Away,Toronto Blue Jays,TOR,Boston Red Sox,BOS,32,5,7,4,4.0,5,8,38,0.219,0.342,0.406,0.748,152,98,0.07,1.18,0.572,,0.2,27,13,9.0,0,54,16,28,10,14,8,0,67,2,0,0.429,2.8,32,2,5,1,1.0,6,7,39,0.156,0.308,0.25,0.558,159,95,-0.429,0.72,0.526,,-2.8,27,11,9.0,2,52,15,28,14,11,5,0,56,0,0,-0.072,-0.2
BOS/BOS201606040,"Saturday, June 4, 2016",4:05 p.m. Local,Fenway Park,37762,3:08,Day,Home,Boston Red Sox,BOS,Toronto Blue Jays,TOR,29,4,4,2,1.0,6,6,35,0.138,0.286,0.138,0.424,144,104,-0.205,0.89,0.695,,-0.8,24,15,8.0,0,64,13,27,8,15,4,0,26,1,0,-0.294,-1.7,32,6,11,6,6.75,5,5,37,0.344,0.432,0.5,0.932,176,88,0.293,1.23,0.797,,1.7,27,9,9.0,0,47,11,30,16,11,8,0,53,0,0,0.205,0.8
BOS/BOS201606050,"Sunday, June 5, 2016",1:36 p.m. Local,Fenway Park,35823,2:44,Day,Away,Toronto Blue Jays,TOR,Boston Red Sox,BOS,30,5,4,5,5.0,4,5,34,0.133,0.235,0.533,0.769,139,88,0.19,1.02,0.416,,0.2,27,3,9.0,1,57,8,23,11,14,4,0,72,1,1,0.312,0.8,33,4,6,4,4.0,3,7,36,0.182,0.25,0.364,0.614,144,93,-0.311,0.34,0.369,,-0.8,27,12,9.0,4,56,15,22,3,23,11,0,38,0,0,-0.188,-0.2
DET/DET201606060,"Monday, June 6, 2016",7:10 p.m. Local,Comerica Park,29771,2:57,Night,Home,Detroit Tigers,DET,Toronto Blue Jays,TOR,29,0,3,0,0.0,4,6,33,0.103,0.212,0.172,0.385,166,80,-0.181,0.3,0.111,,-4.6,24,8,8.0,2,43,14,23,14,9,1,0,32,3,0,-0.318,-6.9,39,11,15,10,12.38,4,7,43,0.385,0.442,0.641,1.083,134,101,0.318,0.43,0.465,,6.9,27,13,9.0,0,61,12,28,16,16,10,0,70,0,0,0.183,4.6
DET/DET201606070,"Tuesday, June 7, 2016",7:10 p.m. Local,Comerica Park,30745,3:07,Night,Home,Detroit Tigers,DET,Toronto Blue Jays,TOR,34,2,5,2,1.8,9,11,43,0.147,0.326,0.235,0.561,125,109,-0.281,1.75,0.563,,-3.1,27,14,9.0,0,63,17,29,9,14,3,0,79,1,1,-0.218,-0.3,32,3,6,3,3.0,3,13,37,0.188,0.257,0.281,0.538,185,81,0.218,0.98,1.1,,0.3,30,9,10.0,1,40,15,26,16,5,4,0,58,3,0,0.282,3.1
DET/DET201606080,"Wednesday, June 8, 2016",1:10 p.m. Local,Comerica Park,36036,2:56,Day,Away,Toronto Blue Jays,TOR,Detroit Tigers,DET,34,7,9,7,7.0,3,5,37,0.265,0.324,0.647,0.971,157,95,0.404,0.71,0.706,,2.4,27,13,9.0,1,53,12,30,14,15,3,0,42,1,0,0.098,2.6,33,2,9,2,2.0,3,5,37,0.273,0.351,0.364,0.715,146,93,-0.097,0.51,0.455,,-2.6,27,11,9.0,2,60,9,24,11,17,7,0,21,1,0,-0.402,-2.4
TOR/TOR201606090,"Thursday, June 9, 2016",7:08 p.m. Local,Rogers Centre,41448,3:12,Night,Away,Baltimore Orioles,BAL,Toronto Blue Jays,TOR,35,6,11,6,6.0,3,5,41,0.314,0.366,0.6,0.966,147,101,0.33,1.19,1.19,,1.3,27,8,9.0,0,62,14,25,12,20,11,0,35,1,0,0.172,-0.3,33,5,8,5,5.0,4,6,39,0.242,0.333,0.394,0.727,158,92,-0.173,1.52,0.719,,0.3,27,13,9.0,2,56,10,26,11,17,4,0,37,0,0,-0.328,-1.3
TOR/TOR201606100,"Friday, June 10, 2016",7:08 p.m. Local,Rogers Centre,44439,2:54,Night,Home,Toronto Blue Jays,TOR,Baltimore Orioles,BAL,34,3,4,3,2.7,5,10,39,0.118,0.231,0.294,0.525,158,99,-0.398,1.4,0.625,,-2.2,27,13,9.0,2,56,16,27,12,12,4,0,49,1,0,-0.102,0.7,34,4,10,4,3.0,3,7,39,0.294,0.351,0.5,0.851,157,105,0.101,1.31,1.099,,-0.7,30,11,10.0,2,66,12,27,15,14,7,0,56,0,0,0.398,2.2
TOR/TOR201606110,"Saturday, June 11, 2016",1:07 p.m. Local,Rogers Centre,47651,3:05,Day,Home,Toronto Blue Jays,TOR,Baltimore Orioles,BAL,36,6,12,6,6.0,2,8,39,0.333,0.359,0.667,1.026,163,88,0.102,1.01,0.914,,1.3,24,7,8.0,3,51,19,18,13,16,6,0,37,1,1,-0.603,-6.9,30,11,13,11,12.38,8,3,43,0.433,0.512,0.867,1.378,134,80,0.603,1.04,1.123,,6.9,27,12,9.0,3,49,9,22,10,21,6,0,50,3,1,-0.102,-1.3
TOR/TOR201606120,"Sunday, June 12, 2016",1:08 p.m. Local,Rogers Centre,47249,3:11,Day,Home,Toronto Blue Jays,TOR,Baltimore Orioles,BAL,38,9,13,9,9.0,5,15,44,0.342,0.409,0.763,1.172,167,119,0.007,0.51,0.868,,4.3,24,8,8.0,2,56,24,39,10,14,3,0,20,2,0,-0.507,-5.9,38,10,14,9,11.25,5,10,43,0.368,0.442,0.711,1.152,189,101,0.508,1.14,0.757,,5.9,27,6,9.0,5,55,13,33,9,19,10,0,27,0,0,-0.008,-4.3
TOR/TOR201606130,"Monday, June 13, 2016",7:08 p.m. Local,Rogers Centre,35678,2:55,Night,Away,Philadelphia Phillies,PHI,Toronto Blue Jays,TOR,35,7,9,7,7.0,4,9,39,0.257,0.333,0.514,0.848,149,93,0.041,0.94,0.497,,2.3,27,9,9.0,0,59,17,19,12,14,4,0,67,0,0,0.458,4.7,31,0,6,0,0.0,5,8,36,0.194,0.306,0.194,0.499,156,92,-0.457,0.57,0.264,,-4.7,27,9,9.0,2,56,13,23,13,10,3,0,53,2,2,-0.042,-2.3
TOR/TOR201606140,"Tuesday, June 14, 2016",12:38 p.m. Local,Rogers Centre,47066,2:43,Day,Home,Toronto Blue Jays,TOR,Philadelphia Phillies,PHI,32,3,7,3,3.0,1,6,34,0.219,0.235,0.406,0.642,174,82,-0.159,0.34,0.036,,-1.7,24,5,8.0,4,55,9,21,14,13,6,0,5,1,0,-0.342,-6.9,40,11,14,11,11.25,5,6,45,0.35,0.422,0.725,1.147,126,115,0.34,0.23,0.519,,6.9,27,12,9.0,1,73,10,32,10,24,9,0,62,0,0,0.159,1.7
PHI/PHI201606150,"Wednesday, June 15, 2016",7:08 p.m. Local,Citizens Bank Park,24753,2:51,Night,Away,Toronto Blue Jays,TOR,Philadelphia Phillies,PHI,33,7,9,7,7.0,4,6,40,0.273,0.375,0.545,0.92,135,89,0.252,0.77,0.661,,2.6,27,12,9.0,1,50,11,28,9,19,8,0,62,1,0,0.246,2.4,33,2,6,2,2.0,2,7,35,0.182,0.229,0.333,0.562,164,85,-0.245,0.69,0.326,,-2.4,27,12,9.0,2,49,11,25,12,14,8,0,47,1,0,-0.254,-2.6
PHI/PHI201606160,"Thursday, June 16, 2016",7:08 p.m. Local,Citizens Bank Park,22279,3:04,Night,Away,Toronto Blue Jays,TOR,Philadelphia Phillies,PHI,44,13,17,12,11.0,3,11,48,0.386,0.426,0.795,1.221,106,118,0.354,0.26,0.529,,8.6,27,8,9.0,0,65,10,43,15,19,12,0,72,0,0,0.148,2.4,32,2,5,2,1.0,2,6,34,0.156,0.206,0.25,0.456,188,72,-0.148,0.31,0.101,,-2.4,27,9,9.0,5,45,8,19,9,17,8,0,17,3,3,-0.353,-8.6
BAL/BAL201606170,"Friday, June 17, 2016",7:10 p.m. Local,Oriole Park at Camden Yards,38306,2:53,Night,Away,Toronto Blue Jays,TOR,Baltimore Orioles,BAL,38,13,13,13,13.0,4,8,43,0.342,0.419,0.816,1.234,139,110,0.504,0.81,0.638,,8.3,27,11,9.0,1,62,11,37,12,18,8,0,58,0,0,-0.004,1.7,34,3,7,3,2.0,2,10,36,0.206,0.25,0.324,0.574,171,87,0.006,0.29,0.546,,-1.7,27,11,9.0,5,51,12,24,12,12,6,0,19,2,2,-0.505,-8.3
BAL/BAL201606180,"Saturday, June 18, 2016",4:09 p.m. Local,Oriole Park at Camden Yards,41901,2:33,Day,Home,Baltimore Orioles,BAL,Toronto Blue Jays,TOR,31,2,7,2,2.0,6,9,38,0.226,0.351,0.387,0.738,134,80,-0.461,0.8,0.732,,-2.7,24,10,8.0,1,43,10,27,10,13,10,0,48,0,0,-0.04,0.1,31,4,9,2,3.38,3,4,34,0.29,0.353,0.484,0.837,141,87,0.042,1.57,0.565,,-0.1,27,13,9.0,1,50,16,21,11,16,6,0,50,0,0,0.46,2.7
BAL/BAL201606190,"Sunday, June 19, 2016",1:38 p.m. Local,Oriole Park at Camden Yards,39024,3:31,Day,Home,Baltimore Orioles,BAL,Toronto Blue Jays,TOR,35,6,7,5,5.0,1,8,36,0.2,0.222,0.486,0.708,143,105,0.123,0.63,0.601,,1.3,24,9,8.0,2,65,14,26,16,11,4,0,17,4,1,-0.623,-6.9,41,11,19,11,12.38,1,8,42,0.463,0.476,0.732,1.208,162,98,0.623,0.7,0.964,,6.9,27,14,9.0,2,54,17,27,14,19,8,0,45,2,0,-0.123,-1.3
TOR/TOR201606210,"Tuesday, June 21, 2016",7:07 p.m. Local,Rogers Centre,41838,2:42,Night,Away,Arizona Diamondbacks,ARI,Toronto Blue Jays,TOR,30,4,3,4,4.0,3,14,33,0.1,0.182,0.3,0.482,130,84,0.05,1.25,0.506,,-0.7,27,16,9.0,0,41,24,19,6,10,1,0,47,2,0,0.45,2.7,33,2,9,2,2.0,3,4,36,0.273,0.333,0.333,0.667,130,77,-0.45,0.7,0.604,,-2.7,27,5,9.0,2,54,7,17,14,15,9,0,61,0,0,-0.05,0.7
TOR/TOR201606220,"Wednesday, June 22, 2016",4:07 p.m. Local,Rogers Centre,46967,2:54,Day,Home,Toronto Blue Jays,TOR,Arizona Diamondbacks,ARI,34,2,8,1,2.0,4,12,38,0.235,0.316,0.294,0.61,133,91,-0.297,0.68,0.537,,-2.7,24,7,8.0,3,49,20,22,11,11,5,0,50,0,0,-0.202,-0.9,27,5,5,5,5.62,3,11,31,0.185,0.29,0.556,0.846,151,83,0.202,1.14,0.579,,0.9,27,8,9.0,0,46,12,25,6,10,3,0,51,0,0,0.298,2.7
CHA/CHA201606240,"Friday, June 24, 2016",7:11 p.m. Local,U.S. Cellular Field,27196,3:22,Night,Home,Chicago White Sox,CHW,Toronto Blue Jays,TOR,35,2,8,2,2.0,4,12,40,0.229,0.325,0.257,0.582,140,105,-0.423,1.28,0.986,,-2.4,24,6,8.0,1,55,23,27,11,12,6,0,51,0,0,-0.079,0.9,35,3,11,3,3.38,1,5,37,0.314,0.351,0.457,0.808,168,90,0.078,2.01,0.828,,-0.9,27,7,9.0,0,56,12,22,19,11,5,0,55,2,0,0.422,2.4
CHA/CHA201606250,"Saturday, June 25, 2016",1:12 p.m. Local,U.S. Cellular Field,25776,3:14,Day,Away,Toronto Blue Jays,TOR,Chicago White Sox,CHW,40,10,13,10,10.0,5,5,45,0.325,0.4,0.525,0.925,138,93,0.52,1.06,0.841,,5.6,27,5,9.0,7,51,11,31,13,22,11,0,44,4,1,-0.021,-3.6,39,8,12,8,7.0,1,11,40,0.308,0.325,0.872,1.197,158,93,0.021,0.64,0.849,,3.6,27,8,9.0,1,48,20,25,9,19,10,0,15,3,0,-0.521,-5.6
CHA/CHA201606260,"Sunday, June 26, 2016",1:10 p.m. Local,U.S. Cellular Field,28345,2:27,Day,Home,Chicago White Sox,CHW,Toronto Blue Jays,TOR,29,2,5,2,2.0,2,7,31,0.172,0.226,0.379,0.605,145,75,-0.332,0.71,0.169,,-2.4,24,12,8.0,2,41,13,21,10,12,2,0,37,0,0,-0.168,-1.1,31,5,8,4,5.62,4,9,36,0.258,0.343,0.452,0.794,109,92,0.169,0.65,0.582,,1.1,27,11,9.0,2,56,19,17,16,7,4,0,69,0,0,0.332,2.4
COL/COL201606270,"Monday, June 27, 2016",6:42 p.m. Local,Coors Field,36419,2:48,Night,Home,Colorado Rockies,COL,Toronto Blue Jays,TOR,33,5,6,5,5.0,0,8,34,0.182,0.206,0.515,0.721,147,86,-0.02,1.26,0.433,,-0.2,24,4,8.0,1,49,14,23,12,13,8,0,56,4,2,-0.48,-4.4,33,9,10,9,10.12,3,10,39,0.303,0.395,0.485,0.88,132,95,0.479,0.63,1.096,,4.4,27,11,9.0,3,52,23,20,7,17,11,0,59,0,0,0.019,0.2
COL/COL201606280,"Tuesday, June 28, 2016",9:21 p.m. Local,Coors Field,33917,3:51,Night,Away,Toronto Blue Jays,TOR,Colorado Rockies,COL,42,14,18,13,11.0,8,4,54,0.429,0.51,0.595,1.105,181,114,0.711,0.84,1.229,,8.8,27,11,9.0,1,71,15,28,25,17,10,0,31,2,2,-0.211,-3.8,41,9,14,8,6.0,2,8,44,0.341,0.372,0.512,0.884,198,123,0.211,0.85,0.744,,3.8,27,14,9.0,1,75,19,29,14,20,13,0,31,2,2,-0.711,-8.8
COL/COL201606290,"Wednesday, June 29, 2016",1:11 p.m. Local,Coors Field,38412,3:17,Day,Away,Toronto Blue Jays,TOR,Colorado Rockies,COL,36,5,11,4,4.0,6,9,44,0.306,0.419,0.444,0.863,135,117,0.064,1.65,0.681,,-0.2,27,10,9.0,0,69,15,32,14,13,10,0,67,0,0,0.435,2.2,34,3,9,3,3.0,3,6,38,0.265,0.342,0.353,0.695,176,85,-0.435,0.72,0.841,,-2.2,27,9,9.0,1,50,10,25,16,12,7,0,50,2,0,-0.066,0.2
TOR/TOR201606300,"Thursday, June 30, 2016",7:08 p.m. Local,Rogers Centre,41365,2:33,Night,Away,Cleveland Indians,CLE,Toronto Blue Jays,TOR,35,4,10,4,4.0,1,5,36,0.286,0.306,0.6,0.906,140,82,0.02,1.11,0.585,,-0.7,27,9,9.0,1,53,14,15,12,18,6,0,80,1,0,0.48,3.7,29,1,3,1,1.0,3,17,32,0.103,0.188,0.241,0.429,118,95,-0.48,0.78,0.313,,-3.7,27,11,9.0,2,43,22,30,8,4,1,0,52,0,0,-0.02,0.7
TOR/TOR201607010,"Friday, July 1, 2016",1:20 p.m. Local,Rogers Centre,45825,6:13,Day,Away,Cleveland Indians,CLE,Toronto Blue Jays,TOR,72,2,15,2,0.95,3,15,76,0.208,0.25,0.264,0.514,301,199,-1.512,2.27,1.832,,-7.8,57,20,19.0,1,119,30,50,31,26,9,0,60,0,0,2.013,8.8,65,1,11,1,0.47,8,18,75,0.169,0.27,0.231,0.501,305,186,-2.011,2.03,1.391,,-8.8,57,22,19.0,1,100,27,59,23,25,15,0,65,5,0,1.513,7.8
TOR/TOR201607020,"Saturday, July 2, 2016",1:09 p.m. Local,Rogers Centre,46197,3:19,Day,Home,Toronto Blue Jays,TOR,Cleveland Indians,CLE,37,6,10,6,6.0,1,12,39,0.27,0.308,0.541,0.848,166,115,0.261,1.26,1.294,,1.3,24,6,8.0,3,75,17,23,7,18,10,0,39,1,1,-0.76,-4.9,36,9,12,9,10.12,5,10,42,0.333,0.429,0.611,1.04,180,92,0.761,1.48,1.527,,4.9,27,7,9.0,2,45,13,34,9,17,7,0,52,3,0,-0.258,-1.3
TOR/TOR201607030,"Sunday, July 3, 2016",1:08 p.m. Local,Rogers Centre,45962,3:10,Day,Home,Toronto Blue Jays,TOR,Cleveland Indians,CLE,32,1,5,1,1.0,0,14,32,0.156,0.156,0.219,0.375,209,82,-0.229,0.35,0.07,,-3.7,24,5,8.0,3,35,17,30,8,10,4,0,26,4,3,-0.27,-12.9,40,17,18,17,19.12,10,5,53,0.45,0.538,0.8,1.338,125,119,0.27,0.39,0.489,,12.9,27,6,9.0,0,72,14,33,13,25,11,0,74,0,0,0.23,3.7
TOR/TOR201607040,"Monday, July 4, 2016",7:08 p.m. Local,Rogers Centre,36438,2:10,Night,Home,Toronto Blue Jays,TOR,Kansas City Royals,KCR,31,2,4,2,2.0,1,4,32,0.129,0.156,0.323,0.479,128,73,-0.292,0.89,0.242,,-2.7,24,13,8.0,0,39,13,21,10,17,8,0,50,3,3,-0.21,-1.9,27,6,6,6,6.75,5,5,34,0.222,0.364,0.222,0.586,105,79,0.21,0.74,0.556,,1.9,27,9,9.0,2,39,15,25,14,9,6,0,74,0,0,0.291,2.7
TOR/TOR201607050,"Tuesday, July 5, 2016",7:08 p.m. Local,Rogers Centre,35917,2:32,Night,Home,Toronto Blue Jays,TOR,Kansas City Royals,KCR,32,3,7,3,3.0,3,10,35,0.219,0.286,0.406,0.692,148,89,-0.194,0.29,0.215,,-1.7,24,10,8.0,4,50,21,18,6,16,5,0,23,0,0,-0.307,-3.9,34,8,13,8,9.0,2,11,37,0.382,0.405,0.794,1.2,140,98,0.308,0.53,0.485,,3.9,27,6,9.0,1,54,18,26,7,17,6,0,64,0,0,0.193,1.7
TOR/TOR201607060,"Wednesday, July 6, 2016",7:08 p.m. Local,Rogers Centre,39971,2:16,Night,Home,Toronto Blue Jays,TOR,Kansas City Royals,KCR,30,2,4,2,2.0,1,7,31,0.133,0.161,0.3,0.461,138,70,-0.288,0.94,0.61,,-2.7,24,3,8.0,1,39,16,15,17,6,4,0,65,0,0,-0.213,0.1,32,4,8,4,4.5,1,16,33,0.25,0.273,0.438,0.71,99,89,0.214,1.17,0.759,,-0.1,27,15,9.0,1,47,17,25,6,10,5,0,73,0,0,0.287,2.7
TOR/TOR201607070,"Thursday, July 7, 2016",7:08 p.m. Local,Rogers Centre,46283,3:18,Night,Home,Toronto Blue Jays,TOR,Detroit Tigers,DET,33,4,8,3,4.0,2,10,36,0.242,0.306,0.485,0.79,156,87,-0.114,2.08,0.634,,-0.7,24,9,8.0,0,47,20,20,8,15,9,0,50,6,2,-0.385,-0.9,37,5,12,5,5.62,5,8,43,0.324,0.419,0.432,0.851,133,101,0.385,1.08,1.853,,0.9,27,9,9.0,2,52,21,28,15,14,8,0,54,0,0,0.115,0.7
TOR/TOR201607080,"Friday, July 8, 2016",7:07 p.m. Local,Rogers Centre,43228,3:07,Night,Home,Toronto Blue Jays,TOR,Detroit Tigers,DET,34,0,7,0,0.0,1,10,35,0.206,0.229,0.235,0.464,158,108,-0.478,0.88,0.323,,-4.7,24,11,8.0,1,61,21,26,10,14,10,0,55,2,2,-0.023,-1.9,33,6,13,5,6.75,4,5,38,0.394,0.447,0.545,0.993,146,99,0.023,1.14,0.618,,1.9,27,9,9.0,0,64,8,27,16,13,8,0,65,2,0,0.477,4.7
TOR/TOR201607090,"Saturday, July 9, 2016",1:09 p.m. Local,Rogers Centre,47684,2:47,Day,Away,Detroit Tigers,DET,Toronto Blue Jays,TOR,33,3,7,3,3.0,2,9,36,0.212,0.278,0.364,0.641,143,95,0.022,1.47,0.806,,-1.7,27,5,9.0,1,49,20,26,14,10,6,0,59,0,0,0.48,2.7,33,2,6,2,2.0,2,9,35,0.182,0.229,0.333,0.562,147,83,-0.48,1.1,0.651,,-2.7,27,12,9.0,1,47,11,25,7,17,3,0,51,0,0,-0.02,1.7
TOR/TOR201607100,"Sunday, July 10, 2016",1:15 p.m. Local,Rogers Centre,47747,2:49,Day,Home,Toronto Blue Jays,TOR,Detroit Tigers,DET,33,1,6,1,1.0,3,6,36,0.182,0.25,0.303,0.553,170,80,-0.3,0.6,0.179,,-3.7,24,7,8.0,1,44,9,27,14,13,6,0,30,5,0,-0.201,-1.9,37,6,14,6,6.75,4,9,41,0.378,0.439,0.486,0.926,119,108,0.199,0.66,0.582,,1.9,27,11,9.0,0,69,21,18,12,16,9,0,66,0,0,0.3,3.7
OAK/OAK201607150,"Friday, July 15, 2016",7:07 p.m. Local,Oakland-Alameda County Coliseum,19192,3:09,Night,Home,Oakland Athletics,OAK,Toronto Blue Jays,TOR,32,7,7,6,6.0,8,6,41,0.219,0.366,0.219,0.585,141,93,0.083,1.01,0.986,,2.6,24,8,8.0,3,57,9,27,14,13,7,0,24,2,0,-0.582,-4.1,34,8,12,8,7.88,3,8,37,0.353,0.405,0.618,1.023,168,87,0.583,1.49,1.176,,4.1,27,13,9.0,0,51,8,28,12,14,9,0,21,2,0,-0.082,-2.6
OAK/OAK201607160,"Saturday, July 16, 2016",1:07 p.m. Local,Oakland-Alameda County Coliseum,27510,2:41,Day,Home,Oakland Athletics,OAK,Toronto Blue Jays,TOR,33,4,7,4,4.0,4,3,37,0.212,0.297,0.455,0.752,128,93,-0.258,0.75,0.63,,-0.4,24,9,8.0,3,49,11,33,15,15,7,0,43,3,0,-0.242,-1.1,28,5,6,5,5.62,4,6,34,0.214,0.353,0.536,0.889,150,83,0.242,1.23,0.69,,1.1,27,15,9.0,2,51,13,19,7,15,4,0,46,0,0,0.258,0.4
OAK/OAK201607170,"Sunday, July 17, 2016",1:06 p.m. Local,Oakland-Alameda County Coliseum,21626,3:12,Day,Away,Toronto Blue Jays,TOR,Oakland Athletics,OAK,37,5,10,4,4.0,3,9,41,0.27,0.341,0.405,0.747,137,98,0.301,1.28,1.124,,0.6,27,9,9.0,1,58,14,26,12,16,11,0,51,2,2,0.198,1.4,34,3,8,3,3.0,1,9,36,0.235,0.278,0.353,0.631,157,86,-0.2,1.33,0.649,,-1.4,27,6,9.0,1,42,15,29,9,16,7,0,50,5,0,-0.302,-0.6
ARI/ARI201607190,"Tuesday, July 19, 2016",6:40 p.m. Local,Chase Field,26626,2:58,Night,Away,Toronto Blue Jays,TOR,Arizona Diamondbacks,ARI,35,5,8,5,3.0,3,9,38,0.229,0.289,0.314,0.604,122,100,0.139,1.15,0.535,,0.2,27,15,9.0,0,57,18,25,15,11,5,0,66,0,0,0.361,3.8,31,1,6,1,1.0,1,5,34,0.194,0.265,0.258,0.523,162,75,-0.361,0.59,0.442,,-3.8,27,11,9.0,1,46,8,21,17,9,5,0,47,0,0,-0.139,-0.2
ARI/ARI201607200,"Wednesday, July 20, 2016",12:40 p.m. Local,Chase Field,20076,2:52,Day,Away,Toronto Blue Jays,TOR,Arizona Diamondbacks,ARI,39,10,13,10,4.0,3,5,44,0.333,0.372,0.667,1.039,118,88,0.277,0.62,0.586,,5.2,27,14,9.0,1,53,17,19,15,21,9,0,68,0,0,0.223,0.8,36,4,11,3,4.0,0,8,36,0.306,0.306,0.417,0.722,145,78,-0.224,0.53,0.275,,-0.8,27,11,9.0,2,48,10,20,20,8,4,0,35,1,0,-0.277,-5.2
TOR/TOR201607220,"Friday, July 22, 2016",7:07 p.m. Local,Rogers Centre,46737,2:41,Night,Away,Seattle Mariners,SEA,Toronto Blue Jays,TOR,36,2,9,2,2.0,1,4,39,0.25,0.308,0.389,0.697,134,83,-0.235,1.62,0.635,,-2.7,27,11,9.0,1,53,12,18,13,19,9,0,75,0,0,0.735,3.7,30,1,4,1,1.0,2,14,32,0.133,0.188,0.267,0.454,134,84,-0.736,1.2,0.42,,-3.7,27,10,9.0,0,33,24,27,11,5,3,0,52,0,0,0.235,2.7
TOR/TOR201607230,"Saturday, July 23, 2016",1:08 p.m. Local,Rogers Centre,47517,3:18,Day,Away,Seattle Mariners,SEA,Toronto Blue Jays,TOR,42,14,19,12,14.0,3,6,47,0.452,0.511,0.714,1.225,137,121,0.401,0.49,0.72,,9.3,27,13,9.0,3,65,20,36,17,18,10,1,56,0,0,0.099,-0.3,34,5,8,5,5.0,3,5,38,0.235,0.289,0.529,0.819,185,86,-0.098,0.53,0.201,,0.3,27,13,9.0,3,52,7,27,15,15,4,0,22,3,1,-0.401,-9.3
TOR/TOR201607240,"Sunday, July 24, 2016",1:08 p.m. Local,Rogers Centre,47488,2:21,Day,Home,Toronto Blue Jays,TOR,Seattle Mariners,SEA,25,0,1,0,0.0,5,10,32,0.04,0.226,0.04,0.266,114,84,-0.594,0.67,0.274,,-4.7,24,9,8.0,1,45,14,25,7,9,3,0,58,0,0,0.094,2.1,27,2,4,1,2.25,2,6,29,0.148,0.207,0.296,0.503,148,71,-0.093,1.19,0.316,,-2.1,27,6,9.0,0,35,10,26,7,14,6,0,72,0,0,0.593,4.7
TOR/TOR201607250,"Monday, July 25, 2016",7:07 p.m. Local,Rogers Centre,41483,2:41,Night,Home,Toronto Blue Jays,TOR,San Diego Padres,SDP,31,2,5,2,2.0,2,8,34,0.161,0.235,0.323,0.558,126,84,-0.445,0.74,0.226,,-2.7,24,12,8.0,0,46,12,26,12,11,2,0,50,0,0,-0.057,0.1,30,4,9,4,4.5,4,4,35,0.3,0.371,0.5,0.871,132,75,0.055,0.88,0.515,,-0.1,27,9,9.0,1,43,10,22,13,14,5,0,76,0,0,0.443,2.7
TOR/TOR201607260,"Tuesday, July 26, 2016",7:07 p.m. Local,Rogers Centre,45515,3:58,Night,Home,Toronto Blue Jays,TOR,San Diego Padres,SDP,46,6,10,6,4.5,1,12,49,0.217,0.265,0.413,0.678,220,114,-0.0,2.19,1.394,,-0.2,35,16,11.2,2,67,17,30,15,19,8,0,55,3,3,-0.499,-1.1,39,7,8,5,5.4,7,10,47,0.205,0.34,0.41,0.751,168,130,0.501,1.54,1.976,,1.1,36,10,12.0,2,75,16,40,14,15,7,0,50,2,0,0.001,0.2
TOR/TOR201607270,"Wednesday, July 27, 2016",12:39 p.m. Local,Rogers Centre,47301,2:42,Day,Away,San Diego Padres,SDP,Toronto Blue Jays,TOR,31,8,6,7,7.0,7,9,39,0.194,0.359,0.548,0.907,132,105,0.277,0.75,0.573,,3.3,27,10,9.0,0,56,17,32,10,12,3,0,43,2,0,0.223,0.7,31,4,6,4,4.0,3,8,35,0.194,0.257,0.258,0.515,168,85,-0.222,0.41,0.306,,-0.7,27,11,9.0,3,50,11,24,13,11,3,0,36,1,1,-0.277,-3.3
TOR/TOR201607290,"Friday, July 29, 2016",7:08 p.m. Local,Rogers Centre,46112,2:45,Night,Home,Toronto Blue Jays,TOR,Baltimore Orioles,BAL,34,5,7,4,4.0,3,9,37,0.206,0.27,0.382,0.653,145,86,-0.193,0.72,0.726,,0.3,24,9,8.0,3,42,15,29,13,12,6,0,24,0,0,-0.307,-1.9,30,6,7,6,6.75,4,7,35,0.233,0.324,0.567,0.89,139,88,0.307,1.28,0.658,,1.9,27,13,9.0,1,54,14,20,11,13,4,0,52,0,0,0.193,-0.3
TOR/TOR201607300,"Saturday, July 30, 2016",1:08 p.m. Local,Rogers Centre,47305,2:52,Day,Home,Toronto Blue Jays,TOR,Baltimore Orioles,BAL,31,1,5,1,1.0,3,13,34,0.161,0.235,0.258,0.493,176,94,-0.172,0.81,0.187,,-3.7,24,7,8.0,1,46,22,26,10,8,2,0,33,3,3,-0.328,-4.9,33,9,10,9,10.12,7,11,40,0.303,0.425,0.545,0.97,137,98,0.328,0.47,0.797,,4.9,27,8,9.0,1,47,19,32,10,12,5,0,75,4,0,0.172,3.7
TOR/TOR201607310,"Sunday, July 31, 2016",1:08 p.m. Local,Rogers Centre,46792,3:47,Day,Away,Baltimore Orioles,BAL,Toronto Blue Jays,TOR,42,6,8,6,4.5,5,11,48,0.19,0.271,0.286,0.557,198,107,-0.174,1.2,1.115,,-0.2,36,16,12.0,1,60,18,29,19,13,5,0,54,2,0,0.674,4.2,39,2,6,2,1.5,6,11,46,0.154,0.283,0.282,0.565,175,124,-0.675,1.51,0.527,,-4.2,36,15,12.0,1,69,24,31,15,13,4,0,62,2,2,0.174,0.2
HOU/HOU201608010,"Monday, August 1, 2016",7:10 p.m. Local,Minute Maid Park,20623,4:05,Night,Home,Houston Astros,HOU,Toronto Blue Jays,TOR,48,1,6,1,0.64,3,22,51,0.125,0.176,0.208,0.385,193,144,-1.013,1.56,0.707,,-5.7,39,13,13.0,1,66,31,47,11,15,3,0,79,0,0,0.515,3.6,46,2,7,2,1.38,3,18,49,0.152,0.204,0.239,0.443,238,128,-0.513,1.67,0.862,,-3.6,42,9,14.0,1,75,23,30,16,12,5,0,71,1,0,1.015,5.7
HOU/HOU201608020,"Tuesday, August 2, 2016",7:11 p.m. Local,Minute Maid Park,24399,2:40,Night,Away,Toronto Blue Jays,TOR,Houston Astros,HOU,33,2,8,2,2.0,2,14,35,0.242,0.286,0.424,0.71,139,89,-0.142,1.29,0.372,,-2.3,27,9,9.0,0,42,24,23,8,11,8,0,66,0,0,0.643,3.3,34,1,7,1,1.0,0,8,34,0.206,0.206,0.235,0.441,134,99,-0.643,0.7,0.311,,-3.3,27,10,9.0,2,52,26,21,14,12,5,0,47,1,0,0.142,2.3
HOU/HOU201608030,"Wednesday, August 3, 2016",7:11 p.m. Local,Minute Maid Park,29399,2:31,Night,Away,Toronto Blue Jays,TOR,Houston Astros,HOU,35,3,7,3,3.0,2,14,37,0.2,0.243,0.486,0.729,114,101,-0.014,1.35,0.46,,-1.3,27,6,9.0,0,46,27,28,11,10,2,0,72,0,0,0.514,3.3,33,1,5,1,1.0,0,8,34,0.152,0.152,0.273,0.424,150,82,-0.515,0.67,0.435,,-3.3,27,6,9.0,3,49,14,19,8,18,5,0,57,0,0,0.013,1.3
HOU/HOU201608040,"Thursday, August 4, 2016",7:10 p.m. Local,Minute Maid Park,23190,2:41,Night,Away,Toronto Blue Jays,TOR,Houston Astros,HOU,34,4,8,3,4.0,0,11,34,0.235,0.235,0.382,0.618,133,96,0.014,1.36,0.562,,-0.3,27,6,9.0,0,49,19,28,11,12,4,0,65,0,0,0.485,3.3,30,1,5,1,1.0,2,10,32,0.167,0.219,0.233,0.452,140,85,-0.484,0.84,0.501,,-3.3,27,9,9.0,1,56,14,15,6,14,7,0,61,0,0,-0.015,0.3
KCA/KCA201608050,"Friday, August 5, 2016",7:15 p.m. Local,Kauffman Stadium,31831,2:40,Night,Away,Toronto Blue Jays,TOR,Kansas City Royals,KCR,34,4,8,4,4.0,5,7,41,0.235,0.366,0.441,0.807,132,99,0.111,1.49,1.053,,-0.7,27,14,9.0,1,57,16,26,10,17,6,0,51,0,0,0.389,1.7,35,3,8,2,2.0,2,7,37,0.229,0.27,0.371,0.642,148,91,-0.392,1.36,0.822,,-1.7,27,6,9.0,2,45,16,30,14,14,6,0,50,0,0,-0.111,0.7
KCA/KCA201608060,"Saturday, August 6, 2016",6:14 p.m. Local,Kauffman Stadium,35986,2:36,Night,Home,Kansas City Royals,KCR,Toronto Blue Jays,TOR,33,2,5,2,2.0,2,10,35,0.152,0.2,0.273,0.473,122,89,-0.327,1.32,0.472,,-2.7,24,10,8.0,0,53,18,18,5,18,7,0,40,0,0,-0.171,0.1,35,4,11,4,4.5,1,5,36,0.314,0.333,0.429,0.762,134,78,0.172,1.08,1.003,,-0.1,27,3,9.0,1,53,11,14,17,13,8,0,60,1,0,0.329,2.7
KCA/KCA201608070,"Sunday, August 7, 2016",1:16 p.m. Local,Kauffman Stadium,25830,2:39,Day,Home,Kansas City Royals,KCR,Toronto Blue Jays,TOR,32,1,6,0,1.0,4,6,36,0.188,0.278,0.188,0.465,145,74,-0.323,0.73,0.272,,-3.7,24,9,8.0,2,40,7,27,10,16,9,0,43,3,3,-0.176,-2.9,34,7,11,7,7.88,2,9,36,0.324,0.361,0.529,0.891,130,99,0.177,0.85,0.614,,2.9,27,9,9.0,0,63,15,21,13,12,7,0,60,2,1,0.324,3.7
TOR/TOR201608080,"Monday, August 8, 2016",7:08 p.m. Local,Rogers Centre,43812,3:13,Night,Home,Toronto Blue Jays,TOR,Tampa Bay Rays,TBR,34,5,9,5,5.0,4,7,39,0.265,0.359,0.529,0.888,170,92,-0.044,1.33,1.099,,0.3,24,5,8.0,1,48,19,25,6,21,12,0,41,4,2,-0.455,-2.9,35,7,12,7,5.62,6,7,43,0.343,0.442,0.514,0.956,147,100,0.457,1.46,1.231,,2.9,27,6,9.0,1,62,16,22,11,18,6,0,35,1,0,0.044,-0.3
TOR/TOR201608090,"Tuesday, August 9, 2016",7:07 p.m. Local,Rogers Centre,43134,2:56,Night,Away,Tampa Bay Rays,TBR,Toronto Blue Jays,TOR,41,9,15,8,8.0,6,11,48,0.366,0.458,0.512,0.971,110,113,0.351,1.28,0.93,,4.3,27,12,9.0,0,60,22,31,14,16,7,0,51,0,0,0.149,2.7,31,2,6,2,2.0,3,3,35,0.194,0.257,0.226,0.483,183,71,-0.149,0.86,0.607,,-2.7,27,7,9.0,1,50,5,16,13,16,5,0,45,0,0,-0.352,-4.3
TOR/TOR201608100,"Wednesday, August 10, 2016",7:07 p.m. Local,Rogers Centre,45501,3:01,Night,Home,Toronto Blue Jays,TOR,Tampa Bay Rays,TBR,31,0,5,0,0.0,2,10,33,0.161,0.212,0.194,0.406,173,91,-0.205,0.43,0.19,,-4.7,24,7,8.0,2,51,13,27,12,9,5,0,29,5,0,-0.295,-2.9,34,7,9,7,4.5,5,12,40,0.265,0.375,0.5,0.875,140,101,0.295,0.58,0.509,,2.9,27,11,9.0,0,50,27,24,10,12,5,0,69,0,0,0.205,4.7
TOR/TOR201608120,"Friday, August 12, 2016",7:07 p.m. Local,Rogers Centre,46330,2:49,Night,Away,Houston Astros,HOU,Toronto Blue Jays,TOR,38,5,12,5,5.0,5,5,44,0.316,0.409,0.5,0.909,130,92,0.243,0.95,0.893,,0.3,27,11,9.0,2,51,15,26,20,13,6,0,63,0,0,0.259,1.7,32,3,7,2,3.0,1,8,33,0.219,0.242,0.5,0.742,154,87,-0.26,0.86,0.435,,-1.7,27,15,9.0,1,51,11,25,11,13,3,0,35,3,0,-0.241,-0.3
TOR/TOR201608130,"Saturday, August 13, 2016",1:08 p.m. Local,Rogers Centre,47505,2:35,Day,Home,Toronto Blue Jays,TOR,Houston Astros,HOU,32,2,7,2,2.0,3,10,35,0.219,0.286,0.406,0.692,132,80,-0.335,1.06,0.425,,-2.7,24,10,8.0,2,36,14,30,9,13,4,0,50,2,2,-0.164,0.1,29,4,7,4,4.5,2,8,31,0.241,0.29,0.448,0.739,128,82,0.166,0.97,0.732,,-0.1,27,10,9.0,0,45,11,26,10,11,4,0,62,0,0,0.336,2.7
TOR/TOR201608140,"Sunday, August 14, 2016",1:17 p.m. Local,Rogers Centre,47261,2:59,Day,Home,Toronto Blue Jays,TOR,Houston Astros,HOU,35,2,7,1,1.0,0,11,36,0.2,0.222,0.286,0.508,168,85,-0.245,0.73,0.408,,-2.7,24,9,8.0,3,49,18,18,12,12,4,0,39,3,2,-0.257,-4.9,33,9,11,9,9.0,4,9,40,0.333,0.41,0.667,1.077,118,98,0.257,0.95,0.742,,4.9,27,7,9.0,1,51,19,28,10,16,12,0,65,0,0,0.243,2.7
NYA/NYA201608150,"Monday, August 15, 2016",7:08 p.m. Local,Yankee Stadium III,36015,2:55,Night,Home,New York Yankees,NYY,Toronto Blue Jays,TOR,29,0,3,0,0.0,1,13,30,0.103,0.133,0.138,0.271,149,99,-0.758,1.26,0.471,,-4.7,24,6,8.0,0,53,22,24,9,7,3,0,57,0,0,0.257,3.2,32,1,8,1,1.12,7,9,39,0.25,0.385,0.344,0.728,147,97,-0.259,1.54,0.668,,-3.2,27,8,9.0,0,52,27,18,11,12,9,0,79,0,0,0.757,4.7
NYA/NYA201608160,"Tuesday, August 16, 2016",7:08 p.m. Local,Yankee Stadium III,31874,3:09,Night,Away,Toronto Blue Jays,TOR,New York Yankees,NYY,41,12,15,11,12.0,3,8,45,0.366,0.422,0.707,1.13,136,122,0.668,0.37,1.175,,7.3,27,6,9.0,3,70,26,26,17,16,10,0,34,0,0,-0.169,-1.3,35,6,8,6,6.0,0,10,35,0.229,0.229,0.514,0.743,188,86,0.168,0.8,0.408,,1.3,27,10,9.0,4,41,18,27,10,15,5,0,61,3,2,-0.669,-7.3
NYA/NYA201608170,"Wednesday, August 17, 2016",1:09 p.m. Local,Yankee Stadium III,37736,2:47,Day,Away,Toronto Blue Jays,TOR,New York Yankees,NYY,39,7,11,7,7.0,2,16,41,0.282,0.317,0.436,0.753,121,105,0.36,0.76,0.741,,2.3,27,8,9.0,3,52,22,31,12,11,5,0,56,3,1,0.138,0.7,35,4,9,4,4.0,1,11,36,0.257,0.278,0.514,0.792,149,84,-0.139,0.68,0.424,,-0.7,27,4,9.0,1,44,20,20,9,15,4,0,37,0,0,-0.36,-2.3
CLE/CLE201608190,"Friday, August 19, 2016",7:10 p.m. Local,Progressive Field,30665,2:27,Night,Home,Cleveland Indians,CLE,Toronto Blue Jays,TOR,31,2,5,2,2.0,2,15,33,0.161,0.212,0.258,0.47,141,80,-0.238,1.59,0.276,,-3.0,25,8,8.1,2,37,15,28,10,6,3,0,67,0,0,-0.262,1.7,30,3,6,3,2.16,3,9,34,0.2,0.294,0.4,0.694,121,88,0.263,0.7,1.321,,-1.7,27,8,9.0,1,51,13,24,9,12,3,0,75,0,0,0.238,3.0
CLE/CLE201608200,"Saturday, August 20, 2016",7:10 p.m. Local,Progressive Field,33604,3:00,Night,Away,Toronto Blue Jays,TOR,Cleveland Indians,CLE,40,6,14,6,6.0,1,9,41,0.35,0.366,0.625,0.991,142,98,0.111,1.37,0.836,,1.0,27,11,9.0,1,56,15,27,17,14,9,0,40,0,0,0.39,-0.0,32,5,6,5,4.0,1,9,34,0.188,0.206,0.313,0.518,154,96,-0.39,0.94,0.601,,0.0,27,14,9.0,3,59,16,21,15,9,5,0,25,1,0,-0.111,-1.0
CLE/CLE201608210,"Sunday, August 21, 2016",1:11 p.m. Local,Progressive Field,26696,2:53,Day,Home,Cleveland Indians,CLE,Toronto Blue Jays,TOR,33,2,7,2,2.0,7,13,40,0.212,0.35,0.364,0.714,113,104,-0.365,1.46,0.53,,-3.0,24,9,8.0,1,45,26,33,7,13,10,0,68,0,0,-0.135,1.4,31,3,9,3,3.38,1,10,32,0.29,0.313,0.387,0.7,166,80,0.135,1.19,1.109,,-1.4,27,8,9.0,1,47,15,18,12,9,9,0,58,3,0,0.364,3.0
TOR/TOR201608230,"Tuesday, August 23, 2016",7:08 p.m. Local,Rogers Centre,46696,2:38,Night,Home,Toronto Blue Jays,TOR,Los Angeles Angels,LAA,33,2,8,2,2.0,2,3,35,0.242,0.286,0.333,0.619,157,76,-0.155,0.8,0.383,,-2.7,24,13,8.0,1,47,5,24,18,12,2,0,35,1,0,-0.343,-2.9,29,7,10,6,7.88,7,2,38,0.345,0.447,0.586,1.034,124,93,0.344,0.7,0.687,,2.9,27,14,9.0,1,54,12,27,12,17,7,0,54,1,0,0.157,2.7
TOR/TOR201608240,"Wednesday, August 24, 2016",7:07 p.m. Local,Rogers Centre,44404,3:21,Night,Away,Los Angeles Angels,LAA,Toronto Blue Jays,TOR,40,8,17,8,8.0,6,10,47,0.425,0.489,0.675,1.164,163,120,0.325,0.3,0.485,,3.3,27,12,9.0,0,72,16,32,17,14,9,0,68,0,0,0.176,2.7,36,2,9,2,2.0,2,4,38,0.25,0.289,0.306,0.595,184,104,-0.177,0.35,0.077,,-2.7,27,13,9.0,2,69,13,22,16,16,8,0,24,2,0,-0.325,-3.3
TOR/TOR201608250,"Thursday, August 25, 2016",7:07 p.m. Local,Rogers Centre,46273,3:06,Night,Away,Los Angeles Angels,LAA,Toronto Blue Jays,TOR,34,6,11,5,6.0,3,7,37,0.324,0.378,0.353,0.731,145,90,0.327,1.01,0.819,,1.3,27,10,9.0,1,50,17,23,13,14,8,0,54,3,0,0.172,1.7,34,3,7,3,2.0,3,7,38,0.206,0.263,0.412,0.675,143,94,-0.173,0.99,0.416,,-1.7,27,8,9.0,0,51,15,28,13,15,8,0,44,7,3,-0.328,-1.3
TOR/TOR201608260,"Friday, August 26, 2016",7:08 p.m. Local,Rogers Centre,42534,3:11,Night,Home,Toronto Blue Jays,TOR,Minnesota Twins,MIN,32,8,9,8,7.0,5,9,42,0.281,0.357,0.469,0.826,181,105,0.074,0.56,0.624,,3.3,24,11,8.0,4,63,14,28,12,15,6,0,19,5,3,-0.573,-10.9,40,15,15,15,13.5,5,6,45,0.375,0.444,0.75,1.194,173,101,0.574,0.92,0.878,,10.9,27,12,9.0,1,60,11,30,15,19,9,0,52,0,0,-0.073,-3.3
TOR/TOR201608270,"Saturday, August 27, 2016",1:08 p.m. Local,Rogers Centre,47485,3:06,Day,Home,Toronto Blue Jays,TOR,Minnesota Twins,MIN,37,7,11,6,7.0,2,10,39,0.297,0.333,0.459,0.793,148,109,0.1,1.18,0.754,,2.3,24,10,8.0,1,62,21,26,18,9,5,0,39,4,3,-0.599,-3.9,32,8,10,7,9.0,5,4,37,0.312,0.405,0.563,0.968,161,87,0.597,0.91,1.284,,3.9,27,10,9.0,1,49,14,24,11,17,12,0,38,0,0,-0.098,-2.3
TOR/TOR201608280,"Sunday, August 28, 2016",1:08 p.m. Local,Rogers Centre,47444,3:00,Day,Home,Toronto Blue Jays,TOR,Minnesota Twins,MIN,37,6,10,6,4.0,4,9,41,0.27,0.341,0.297,0.639,153,96,0.195,1.02,0.778,,1.3,24,11,8.0,4,51,12,33,14,14,7,0,34,2,1,-0.694,-4.9,34,9,13,9,10.12,4,2,39,0.382,0.436,0.853,1.289,149,91,0.693,1.17,1.258,,4.9,27,12,9.0,0,56,12,23,11,22,10,0,46,1,0,-0.195,-1.3
BAL/BAL201608290,"Monday, August 29, 2016",7:07 p.m. Local,Oriole Park at Camden Yards,15532,2:35,Night,Away,Toronto Blue Jays,TOR,Baltimore Orioles,BAL,33,5,7,5,5.0,4,11,37,0.212,0.297,0.394,0.691,134,90,0.056,1.16,0.481,,0.3,27,5,9.0,1,46,13,31,11,11,3,0,68,1,0,0.446,3.7,30,1,4,1,1.0,1,7,32,0.133,0.188,0.233,0.421,152,85,-0.445,0.7,0.368,,-3.7,27,11,9.0,2,52,12,21,6,17,6,0,62,0,0,-0.055,-0.3
BAL/BAL201608300,"Tuesday, August 30, 2016",7:07 p.m. Local,Oriole Park at Camden Yards,16083,2:34,Night,Home,Baltimore Orioles,BAL,Toronto Blue Jays,TOR,32,3,7,3,3.0,2,5,34,0.219,0.265,0.344,0.608,129,88,-0.172,1.17,0.628,,-1.7,24,6,8.0,3,47,11,30,13,14,8,0,50,0,0,-0.327,-0.9,31,5,7,5,5.62,3,5,35,0.226,0.314,0.548,0.863,139,76,0.328,1.11,1.031,,0.9,27,12,9.0,1,42,10,24,9,17,7,0,53,0,0,0.172,1.7
BAL/BAL201608310,"Wednesday, August 31, 2016",7:08 p.m. Local,Oriole Park at Camden Yards,16161,3:12,Night,Away,Toronto Blue Jays,TOR,Baltimore Orioles,BAL,33,5,9,5,5.0,2,8,35,0.273,0.314,0.576,0.89,164,86,0.153,0.96,0.538,,0.3,27,13,9.0,1,45,14,27,12,13,8,0,59,1,0,0.347,1.7,35,3,8,2,2.0,4,4,39,0.229,0.308,0.314,0.622,145,103,-0.349,0.54,0.394,,-1.7,27,13,9.0,3,66,9,28,15,16,9,0,51,0,0,-0.153,-0.3
TBA/TBA201609020,"Friday, September 2, 2016",7:10 p.m. Local,Tropicana Field,12602,2:52,Night,Home,Tampa Bay Rays,TBR,Toronto Blue Jays,TOR,33,3,6,3,3.0,4,12,37,0.182,0.27,0.242,0.513,149,106,-0.202,0.86,0.339,,-1.3,24,11,8.0,3,54,19,33,14,7,3,0,49,1,1,-0.299,-4.1,34,8,8,8,6.75,3,7,38,0.235,0.316,0.618,0.933,156,93,0.3,0.77,0.724,,4.1,27,9,9.0,0,49,20,24,16,11,3,0,57,3,1,0.202,1.3
TBA/TBA201609030,"Saturday, September 3, 2016",6:10 p.m. Local,Tropicana Field,14353,3:06,Night,Home,Tampa Bay Rays,TBR,Toronto Blue Jays,TOR,33,5,6,5,5.0,6,8,39,0.182,0.308,0.182,0.49,148,106,-0.215,0.89,0.294,,0.7,24,4,8.0,1,65,13,28,7,18,3,0,37,5,0,-0.285,-3.1,35,7,13,7,7.88,3,10,38,0.371,0.421,0.514,0.935,173,88,0.284,0.67,0.712,,3.1,27,4,9.0,0,47,18,25,8,17,11,0,69,1,1,0.215,-0.7
TBA/TBA201609040,"Sunday, September 4, 2016",1:11 p.m. Local,Tropicana Field,13884,3:18,Day,Away,Toronto Blue Jays,TOR,Tampa Bay Rays,TBR,36,5,10,5,5.0,4,12,40,0.278,0.35,0.389,0.739,176,102,0.339,0.97,1.055,,0.7,27,7,9.0,0,48,23,31,13,11,4,0,34,2,0,0.161,1.3,34,3,8,3,3.0,2,11,37,0.235,0.27,0.265,0.535,172,115,-0.163,1.3,0.467,,-1.3,27,8,9.0,1,68,26,21,11,13,3,0,63,2,1,-0.339,-0.7
NYA/NYA201609050,"Monday, September 5, 2016",1:10 p.m. Local,Yankee Stadium III,42141,2:49,Day,Home,New York Yankees,NYY,Toronto Blue Jays,TOR,33,3,8,3,3.0,5,7,38,0.242,0.342,0.303,0.645,120,90,-0.287,0.59,0.535,,-1.7,24,4,8.0,1,44,17,29,7,19,11,0,32,0,0,-0.213,-0.8,31,5,8,5,5.62,2,11,33,0.258,0.303,0.419,0.722,151,80,0.213,1.04,0.557,,0.8,27,7,9.0,0,40,22,18,5,15,7,0,52,6,2,0.287,1.7
NYA/NYA201609060,"Tuesday, September 6, 2016",7:08 p.m. Local,Yankee Stadium III,27532,3:21,Night,Home,New York Yankees,NYY,Toronto Blue Jays,TOR,36,6,11,6,6.0,8,8,44,0.306,0.432,0.417,0.848,113,116,0.267,1.22,1.65,,1.3,24,8,8.0,3,62,18,36,12,16,7,0,57,0,0,-0.764,-2.8,30,7,7,7,7.88,4,6,35,0.233,0.314,0.6,0.914,198,74,0.766,1.95,1.438,,2.8,27,8,9.0,1,45,10,19,11,14,6,0,49,11,2,-0.266,-1.3
NYA/NYA201609070,"Wednesday, September 7, 2016",7:09 p.m. Local,Yankee Stadium III,30501,2:48,Night,Home,New York Yankees,NYY,Toronto Blue Jays,TOR,30,0,5,0,0.0,3,7,33,0.167,0.242,0.267,0.509,133,87,-0.571,0.69,0.348,,-4.7,24,7,8.0,1,47,13,27,14,9,3,0,52,0,0,0.07,2.2,33,2,9,2,2.25,2,12,35,0.273,0.314,0.455,0.769,143,84,-0.071,1.17,0.382,,-2.2,27,16,9.0,0,40,23,21,8,13,7,0,59,1,0,0.57,4.7
TOR/TOR201609090,"Friday, September 9, 2016",7:09 p.m. Local,Rogers Centre,46953,3:23,Night,Away,Boston Red Sox,BOS,Toronto Blue Jays,TOR,42,13,18,13,9.0,4,6,49,0.429,0.469,0.667,1.136,157,113,0.336,0.81,0.681,,8.3,27,8,9.0,0,63,16,34,18,20,7,0,63,0,0,0.164,1.7,36,3,9,2,2.0,1,10,38,0.25,0.289,0.25,0.539,196,111,-0.165,0.51,0.414,,-1.7,27,11,9.0,2,58,19,34,14,12,6,0,30,5,0,-0.335,-8.3
TOR/TOR201609100,"Saturday, September 10, 2016",1:05 p.m. Local,Rogers Centre,47829,3:03,Day,Home,Toronto Blue Jays,TOR,Boston Red Sox,BOS,31,2,4,2,2.0,2,8,35,0.129,0.2,0.226,0.426,136,87,-0.494,0.76,0.516,,-2.7,24,5,8.0,1,48,15,24,9,15,7,0,57,0,0,-0.006,1.1,31,3,6,3,2.25,3,8,34,0.194,0.265,0.323,0.587,138,84,0.007,1.48,0.498,,-1.1,27,6,9.0,1,55,16,13,6,17,7,0,60,2,1,0.494,2.7
TOR/TOR201609110,"Sunday, September 11, 2016",1:08 p.m. Local,Rogers Centre,47816,3:46,Day,Away,Boston Red Sox,BOS,Toronto Blue Jays,TOR,37,11,11,11,11.0,6,11,44,0.297,0.409,0.622,1.031,168,98,0.907,1.08,1.404,,6.3,27,6,9.0,3,55,20,24,8,18,9,0,26,5,0,-0.409,-3.3,35,8,8,8,8.0,7,13,42,0.229,0.357,0.486,0.843,169,102,0.408,0.87,1.161,,3.3,27,5,9.0,3,52,18,32,7,15,11,0,25,5,2,-0.908,-6.3
TOR/TOR201609120,"Monday, September 12, 2016",7:07 p.m. Local,Rogers Centre,35333,2:13,Night,Home,Toronto Blue Jays,TOR,Tampa Bay Rays,TBR,32,2,4,2,2.0,2,6,34,0.125,0.176,0.313,0.489,110,80,-0.41,0.97,0.477,,-2.7,24,12,8.0,2,43,20,17,12,14,6,0,64,0,0,-0.09,1.1,30,3,6,3,3.38,1,5,31,0.2,0.226,0.5,0.726,117,72,0.091,1.24,0.69,,-1.1,27,10,9.0,2,48,7,17,12,13,3,0,64,0,0,0.41,2.7
TOR/TOR201609130,"Tuesday, September 13, 2016",7:08 p.m. Local,Rogers Centre,38338,3:10,Night,Away,Tampa Bay Rays,TBR,Toronto Blue Jays,TOR,30,6,7,5,6.0,7,8,39,0.233,0.395,0.467,0.861,159,89,0.178,1.23,0.763,,1.3,27,11,9.0,1,49,19,21,16,7,3,0,54,2,0,0.321,2.7,34,2,9,2,2.0,2,7,36,0.265,0.306,0.382,0.688,152,95,-0.321,0.8,0.587,,-2.7,27,15,9.0,2,49,13,33,13,14,5,0,52,5,2,-0.179,-1.3
TOR/TOR201609140,"Wednesday, September 14, 2016",12:38 p.m. Local,Rogers Centre,41001,2:58,Day,Away,Tampa Bay Rays,TBR,Toronto Blue Jays,TOR,39,8,13,8,8.0,3,10,43,0.333,0.372,0.487,0.859,133,109,0.271,0.58,0.626,,3.3,27,8,9.0,0,52,24,33,9,21,7,0,67,2,0,0.23,3.7,28,1,2,1,1.0,4,6,34,0.071,0.182,0.107,0.289,174,83,-0.231,0.55,0.154,,-3.7,27,5,9.0,2,43,13,27,9,15,4,0,48,5,2,-0.27,-3.3
ANA/ANA201609150,"Thursday, September 15, 2016",7:10 p.m. Local,Angel Stadium of Anaheim,37559,3:15,Night,Away,Toronto Blue Jays,TOR,Los Angeles Angels,LAA,33,7,10,7,7.0,6,8,40,0.303,0.4,0.485,0.885,133,105,0.177,0.92,0.556,,2.7,27,11,9.0,1,53,14,38,11,15,10,0,60,0,0,0.323,2.3,34,2,6,2,1.0,3,5,37,0.176,0.243,0.265,0.508,178,93,-0.322,0.6,0.335,,-2.3,27,12,9.0,1,65,4,24,13,16,5,0,47,4,1,-0.176,-2.7
ANA/ANA201609160,"Friday, September 16, 2016",7:08 p.m. Local,Angel Stadium of Anaheim,42159,3:15,Night,Away,Toronto Blue Jays,TOR,Los Angeles Angels,LAA,33,5,10,5,5.0,7,5,41,0.303,0.415,0.515,0.93,141,93,-0.021,1.61,0.597,,0.7,27,4,9.0,0,55,11,27,12,17,4,0,57,4,0,0.521,4.3,35,0,8,0,0.0,5,10,40,0.229,0.325,0.257,0.582,160,97,-0.519,0.82,0.712,,-4.3,27,12,9.0,2,56,20,21,6,19,10,0,51,0,0,0.02,-0.7
ANA/ANA201609170,"Saturday, September 17, 2016",6:08 p.m. Local,Angel Stadium of Anaheim,39195,3:08,Night,Home,Los Angeles Angels,LAA,Toronto Blue Jays,TOR,35,1,10,1,1.0,3,9,40,0.286,0.35,0.314,0.664,117,106,-0.384,0.66,0.457,,-3.3,24,14,8.0,1,65,13,28,8,19,10,0,50,0,0,-0.118,-2.1,32,6,8,6,2.25,2,4,34,0.25,0.294,0.375,0.669,162,77,0.118,1.01,0.569,,2.1,27,7,9.0,0,55,7,15,19,9,6,0,67,7,1,0.383,3.3
ANA/ANA201609180,"Sunday, September 18, 2016",12:37 p.m. Local,Angel Stadium of Anaheim,36270,3:25,Day,Home,Los Angeles Angels,LAA,Toronto Blue Jays,TOR,29,0,4,0,0.0,5,12,34,0.138,0.265,0.207,0.472,147,87,-0.452,0.91,0.39,,-4.3,24,10,8.0,0,37,17,33,11,6,2,0,51,2,0,-0.049,-0.1,32,4,10,4,4.5,4,6,39,0.312,0.378,0.344,0.722,145,86,0.052,1.08,0.529,,0.1,27,13,9.0,0,54,16,15,13,15,10,0,67,0,0,0.451,4.3
SEA/SEA201609190,"Monday, September 19, 2016",7:10 p.m. Local,Safeco Field,34809,3:03,Night,Away,Toronto Blue Jays,TOR,Seattle Mariners,SEA,33,3,8,3,3.0,5,12,39,0.242,0.342,0.364,0.706,143,100,0.05,1.1,0.511,,-1.4,27,1,9.0,1,43,18,39,12,10,7,0,80,4,0,0.45,2.4,30,2,3,2,2.0,5,10,35,0.1,0.229,0.2,0.429,160,85,-0.45,0.65,0.31,,-2.4,27,11,9.0,1,48,12,25,4,17,5,0,48,3,0,-0.05,1.4
SEA/SEA201609200,"Tuesday, September 20, 2016",7:10 p.m. Local,Safeco Field,33573,3:33,Night,Away,Toronto Blue Jays,TOR,Seattle Mariners,SEA,39,10,14,10,9.0,5,9,44,0.359,0.432,0.718,1.15,164,109,0.534,0.53,0.839,,5.6,27,7,9.0,0,66,9,34,7,23,10,0,54,0,0,-0.032,2.4,34,2,7,2,2.0,2,11,37,0.206,0.27,0.294,0.564,179,101,0.032,0.51,0.382,,-2.4,27,6,9.0,4,57,24,20,12,11,6,0,26,2,1,-0.534,-5.6
SEA/SEA201609210,"Wednesday, September 21, 2016",12:41 p.m. Local,Safeco Field,39595,4:23,Day,Home,Seattle Mariners,SEA,Toronto Blue Jays,TOR,38,1,6,1,0.75,6,10,45,0.158,0.273,0.289,0.562,208,125,-0.774,1.68,1.059,,-4.9,34,10,11.1,0,67,26,32,14,15,7,0,62,4,0,0.274,3.3,39,2,6,2,0.79,6,14,48,0.154,0.277,0.179,0.456,203,123,-0.274,1.76,0.98,,-3.3,36,18,12.0,1,68,22,33,15,12,3,0,74,3,0,0.774,4.9
TOR/TOR201609230,"Friday, September 23, 2016",7:08 p.m. Local,Rogers Centre,47016,3:06,Night,Home,Toronto Blue Jays,TOR,New York Yankees,NYY,30,0,3,0,0.0,3,8,33,0.1,0.182,0.133,0.315,158,87,-0.338,0.55,0.24,,-4.7,24,14,8.0,1,43,18,26,11,11,2,0,50,2,0,-0.161,-4.9,34,9,13,9,7.88,6,5,42,0.382,0.488,0.529,1.017,137,91,0.161,0.86,0.472,,4.9,27,10,9.0,0,52,14,25,16,14,6,0,70,0,0,0.339,4.7
TOR/TOR201609240,"Saturday, September 24, 2016",4:09 p.m. Local,Rogers Centre,47828,2:34,Day,Home,Toronto Blue Jays,TOR,New York Yankees,NYY,27,0,3,0,0.0,3,7,30,0.111,0.2,0.185,0.385,117,85,-0.592,1.31,0.255,,-4.7,24,14,8.0,1,53,11,23,11,9,3,0,68,0,0,0.092,1.1,28,3,6,3,3.38,5,2,33,0.214,0.333,0.357,0.69,139,72,-0.092,1.14,0.693,,-1.1,27,13,9.0,0,45,10,17,16,10,4,0,77,0,0,0.593,4.7
TOR/TOR201609250,"Sunday, September 25, 2016",1:08 p.m. Local,Rogers Centre,47896,3:19,Day,Home,Toronto Blue Jays,TOR,New York Yankees,NYY,34,3,8,3,3.0,2,9,37,0.235,0.27,0.382,0.653,167,102,0.254,1.66,1.182,,-1.7,25,12,8.1,1,58,22,22,8,18,4,0,63,3,1,-0.753,-0.9,32,4,9,4,4.32,6,12,39,0.281,0.395,0.406,0.801,146,95,0.753,1.83,1.546,,0.9,27,6,9.0,1,48,23,24,13,8,5,0,70,0,0,-0.253,1.7
TOR/TOR201609260,"Monday, September 26, 2016",7:07 p.m. Local,Rogers Centre,44532,3:22,Night,Away,New York Yankees,NYY,Toronto Blue Jays,TOR,36,7,11,7,6.0,2,3,40,0.306,0.35,0.528,0.878,159,86,0.497,1.5,1.346,,2.3,27,8,9.0,0,57,6,23,16,18,10,0,46,6,3,0.001,-0.3,32,5,6,5,4.0,8,6,42,0.188,0.381,0.219,0.6,134,83,-0.002,1.18,0.964,,0.3,27,12,9.0,2,40,12,31,11,15,4,0,61,3,1,-0.498,-2.3
TOR/TOR201609270,"Tuesday, September 27, 2016",7:07 p.m. Local,Rogers Centre,44762,2:39,Night,Home,Toronto Blue Jays,TOR,Baltimore Orioles,BAL,34,1,8,1,1.0,3,12,37,0.235,0.297,0.265,0.562,132,91,-0.277,0.46,0.37,,-3.7,24,14,8.0,2,41,21,29,8,14,8,0,43,0,0,-0.223,-0.9,30,5,9,4,4.5,3,6,34,0.3,0.364,0.567,0.93,136,81,0.223,0.91,0.463,,0.9,27,8,9.0,0,41,18,22,13,12,6,0,65,0,0,0.277,3.7
TOR/TOR201609280,"Wednesday, September 28, 2016",7:07 p.m. Local,Rogers Centre,44668,3:04,Night,Away,Baltimore Orioles,BAL,Toronto Blue Jays,TOR,37,3,11,3,3.0,1,13,38,0.297,0.316,0.486,0.802,147,98,0.212,0.92,1.24,,-1.7,27,13,9.0,0,53,21,24,14,10,6,0,50,4,0,0.289,2.7,29,2,6,2,1.0,4,7,37,0.207,0.324,0.276,0.6,151,86,-0.287,1.6,0.383,,-2.7,27,10,9.0,2,38,19,29,13,11,6,0,70,2,0,-0.212,1.7
TOR/TOR201609290,"Thursday, September 29, 2016",7:08 p.m. Local,Rogers Centre,47791,2:35,Night,Away,Baltimore Orioles,BAL,Toronto Blue Jays,TOR,35,4,9,4,4.0,2,7,38,0.257,0.289,0.314,0.604,143,80,0.029,0.97,0.426,,-0.7,27,12,9.0,0,48,11,21,16,13,6,0,74,0,0,0.472,4.7,28,0,3,0,0.0,3,8,32,0.107,0.194,0.143,0.336,121,90,-0.47,0.73,0.195,,-4.7,27,11,9.0,0,47,12,31,13,8,4,0,44,2,0,-0.028,0.7
BOS/BOS201609300,"Friday, September 30, 2016",7:35 p.m. Local,Fenway Park,37661,3:25,Night,Home,Boston Red Sox,BOS,Toronto Blue Jays,TOR,36,3,10,3,3.0,6,7,43,0.278,0.372,0.417,0.789,165,97,-0.126,1.15,0.91,,-1.8,24,10,8.0,1,59,17,21,12,18,4,0,57,2,1,-0.375,-0.7,35,5,10,4,5.62,2,8,37,0.286,0.324,0.486,0.81,160,114,0.374,1.26,1.132,,0.7,27,7,9.0,1,71,18,25,15,12,7,0,48,0,0,0.124,1.8
BOS/BOS201610010,"Saturday, October 1, 2016",7:09 p.m. Local,Fenway Park,37396,3:29,Night,Away,Toronto Blue Jays,TOR,Boston Red Sox,BOS,28,4,4,4,4.0,7,13,37,0.143,0.306,0.143,0.448,149,102,0.174,1.63,1.041,,-0.8,27,12,9.0,0,58,18,26,8,9,3,0,53,3,1,0.328,1.8,31,3,5,2,3.0,6,2,37,0.161,0.297,0.194,0.491,171,86,-0.328,1.46,0.882,,-1.8,27,6,9.0,0,52,8,26,13,16,6,0,53,1,1,-0.172,0.8
BOS/BOS201610020,"Sunday, October 2, 2016",3:17 p.m. Local,Fenway Park,36787,3:14,Day,Away,Toronto Blue Jays,TOR,Boston Red Sox,BOS,34,2,9,2,2.0,4,6,38,0.265,0.342,0.412,0.754,139,96,-0.12,1.7,0.843,,-2.8,27,11,9.0,1,59,12,25,12,16,7,0,73,1,0,0.62,3.8,30,1,4,1,1.0,3,8,34,0.133,0.235,0.233,0.469,150,90,-0.62,1.31,0.637,,-3.8,27,9,9.0,1,47,14,29,9,13,4,0,56,3,0,0.119,2.8
